Skip number of rows: 48
Time used: 11,90 seconds

Problem instance parameters: 
Problem size = 9
Time windows = false
Maximum duration = 3
Best known sailing cost = 615212
Minimum number of installations = 1
Length of planning period = 7
Load factor = 1,2
Total charter cost of fleet = 589000
Maximum number of installations = 8
Dataset sheet = 1
Minimum duration = 2

Heuristic parameters: 
Number of installations violation penalty = 1
Fitness evaluation protocol = standard
Initial population heuristic = aimed
Reference proportion of feasible individuals = 0,2
Survivor selection protocol = standard
Diversification protocol = standard
Repair protocol = standard
Gap from best known solution = 0
Capacity constraint violation penalty = 1
Proportion of elite individuals = 0,4
Education rate = 1
Iterations before diversify = 400
Genotype to phenotype converter protocol = standard
Education protocol = standard
Proportion of individuals considered for distance evaluation = 0,2
Reproduction protocol = standard
Population size = 25
Parent selection protocol = binary tournament
Number of offspring in a generation = 50
Granularity threshold in RI = 0,4
Max iterations = 1000
Duration constraint violation penalty = 1
Repair rate = 0,5

Number of iterations: 572
Diversifaction happened at iterations: []
Number of crossover restarts: 77
Number of construction heuristic restarts: 87

No feasible solution!
Gen.	# feasible solutions	# infeasible solutions	cap. penality	dur. penality	num. penality	best penalized cost	best feasible cost	best cap. violation	best dur. violation	best num. violation	avg cap. violation	avg dur. violation	avg num. violation	gap from BKS	best visits pr voyage	avg visits pr voyage
0	0.00	50.00	1.00	1.00	1.00	615289.83	0.00	0.00	77.80	0.00	133.39	75.18	0.00	0.00	7.00	6.98
1	0.00	51.00	1.20	1.20	0.85	615305.39	0.00	0.00	77.80	0.00	132.84	74.72	0.00	0.00	7.00	6.98
2	0.00	52.00	1.20	1.20	0.85	615305.39	0.00	0.00	77.80	0.00	132.31	74.27	0.00	0.00	7.00	6.98
3	0.00	53.00	1.20	1.20	0.85	615305.39	0.00	0.00	77.80	0.00	131.80	74.32	0.00	0.00	7.00	6.98
4	0.00	54.00	1.20	1.20	0.85	615305.39	0.00	0.00	77.80	0.00	131.61	74.13	0.00	0.00	7.00	6.98
5	0.00	55.00	1.20	1.20	0.85	615247.79	0.00	0.00	29.80	0.00	129.21	73.32	0.00	0.00	7.00	6.98
6	0.00	56.00	1.20	1.20	0.85	615247.79	0.00	0.00	29.80	0.00	127.40	73.22	0.00	0.00	7.00	6.98
7	0.00	57.00	1.20	1.20	0.85	615247.79	0.00	0.00	29.80	0.00	125.31	72.86	0.00	0.00	7.00	6.98
8	0.00	58.00	1.20	1.20	0.85	615247.79	0.00	0.00	29.80	0.00	123.66	72.29	0.00	0.00	7.00	6.98
9	0.00	59.00	1.20	1.20	0.85	615247.79	0.00	0.00	29.80	0.00	123.62	72.15	0.00	0.00	7.00	6.98
10	0.00	60.00	1.20	1.20	0.85	615247.79	0.00	0.00	29.80	0.00	124.05	72.07	0.00	0.00	7.00	6.98
11	0.00	61.00	1.20	1.20	0.85	615247.79	0.00	0.00	29.80	0.00	122.15	72.46	0.00	0.00	7.00	6.98
12	0.00	62.00	1.20	1.20	0.85	615247.79	0.00	0.00	29.80	0.00	122.13	72.32	0.00	0.00	7.00	6.98
13	0.00	63.00	1.20	1.20	0.85	615247.79	0.00	0.00	29.80	0.00	124.88	72.76	0.00	0.00	7.00	6.98
14	0.00	64.00	1.20	1.20	0.85	615247.79	0.00	0.00	29.80	0.00	122.93	72.08	0.00	0.00	7.00	6.98
15	0.00	65.00	1.20	1.20	0.85	615247.79	0.00	0.00	29.80	0.00	123.34	71.79	0.00	0.00	7.00	6.98
16	0.00	66.00	1.20	1.20	0.85	615247.79	0.00	0.00	29.80	0.00	123.06	71.39	0.00	0.00	7.00	6.98
17	0.00	67.00	1.20	1.20	0.85	615247.79	0.00	0.00	29.80	0.00	125.63	72.06	0.00	0.00	7.00	6.99
18	0.00	68.00	1.20	1.20	0.85	615247.79	0.00	0.00	29.80	0.00	125.57	72.27	0.00	0.00	7.00	6.99
19	0.00	69.00	1.20	1.20	0.85	615247.79	0.00	0.00	29.80	0.00	125.91	71.64	0.00	0.00	7.00	6.99
20	0.00	70.00	1.20	1.20	0.85	615247.79	0.00	0.00	29.80	0.00	125.62	71.36	0.00	0.00	7.00	6.99
21	0.00	71.00	1.20	1.20	0.85	615247.79	0.00	0.00	29.80	0.00	123.85	71.45	0.00	0.00	7.00	6.99
22	0.00	72.00	1.20	1.20	0.85	615247.79	0.00	0.00	29.80	0.00	123.74	71.50	0.00	0.00	7.00	6.99
23	0.00	73.00	1.20	1.20	0.85	615247.79	0.00	0.00	29.80	0.00	122.45	70.94	0.00	0.00	7.00	6.99
24	0.00	74.00	1.20	1.20	0.85	615247.79	0.00	0.00	29.80	0.00	120.91	71.22	0.00	0.00	7.00	6.99
25	0.00	25.00	1.20	1.20	0.85	615247.79	0.00	0.00	29.80	0.00	94.52	71.85	0.00	0.00	7.00	7.00
26	0.00	26.00	1.20	1.20	0.85	615247.79	0.00	0.00	29.80	0.00	102.24	70.74	0.00	0.00	7.00	7.00
27	0.00	27.00	1.20	1.20	0.85	615247.79	0.00	0.00	29.80	0.00	108.47	70.49	0.00	0.00	7.00	7.00
28	0.00	28.00	1.20	1.20	0.85	615247.79	0.00	0.00	29.80	0.00	110.30	71.53	0.00	0.00	7.00	7.00
29	0.00	29.00	1.20	1.20	0.85	615247.79	0.00	0.00	29.80	0.00	106.50	71.22	0.00	0.00	7.00	7.00
30	0.00	30.00	1.20	1.20	0.85	615247.79	0.00	0.00	29.80	0.00	111.97	71.81	0.00	0.00	7.00	7.00
31	0.00	31.00	1.20	1.20	0.85	615247.79	0.00	0.00	29.80	0.00	111.75	71.97	0.00	0.00	7.00	7.00
32	0.00	32.00	1.20	1.20	0.85	615247.79	0.00	0.00	29.80	0.00	115.34	72.43	0.00	0.00	7.00	7.00
33	0.00	33.00	1.20	1.20	0.85	615247.79	0.00	0.00	29.80	0.00	115.03	73.02	0.00	0.00	7.00	7.00
34	0.00	34.00	1.20	1.20	0.85	615247.79	0.00	0.00	29.80	0.00	111.65	73.80	0.00	0.00	7.00	7.00
35	0.00	35.00	1.20	1.20	0.85	615247.79	0.00	0.00	29.80	0.00	111.47	74.38	0.00	0.00	7.00	7.00
36	0.00	36.00	1.20	1.20	0.85	615247.79	0.00	0.00	29.80	0.00	108.37	73.51	0.00	0.00	7.00	7.00
37	0.00	37.00	1.20	1.20	0.85	615247.79	0.00	0.00	29.80	0.00	105.94	72.94	0.00	0.00	7.00	7.00
38	0.00	38.00	1.20	1.20	0.85	615247.79	0.00	0.00	29.80	0.00	103.37	73.47	0.00	0.00	7.00	7.00
39	0.00	39.00	1.20	1.20	0.85	615247.79	0.00	0.00	29.80	0.00	100.72	73.92	0.00	0.00	7.00	7.00
40	0.00	40.00	1.20	1.20	0.85	615247.79	0.00	0.00	29.80	0.00	100.83	73.26	0.00	0.00	7.00	7.00
41	0.00	41.00	1.20	1.20	0.85	615247.79	0.00	0.00	29.80	0.00	100.94	72.15	0.00	0.00	7.00	7.00
42	0.00	42.00	1.20	1.20	0.85	615247.79	0.00	0.00	29.80	0.00	101.05	71.09	0.00	0.00	7.00	7.00
43	0.00	43.00	1.20	1.20	0.85	615247.79	0.00	0.00	29.80	0.00	105.64	71.75	0.00	0.00	7.00	7.00
44	0.00	44.00	1.20	1.20	0.85	615247.79	0.00	0.00	29.80	0.00	105.63	71.87	0.00	0.00	7.00	7.00
45	0.00	45.00	1.20	1.20	0.85	615247.79	0.00	0.00	29.80	0.00	106.60	71.44	0.00	0.00	7.00	7.00
46	0.00	46.00	1.20	1.20	0.85	615247.79	0.00	0.00	29.80	0.00	104.28	71.01	0.00	0.00	7.00	7.00
47	0.00	47.00	1.20	1.20	0.85	615247.79	0.00	0.00	29.80	0.00	102.07	70.13	0.00	0.00	7.00	7.00
48	0.00	48.00	1.20	1.20	0.85	615247.79	0.00	0.00	29.80	0.00	99.94	70.57	0.00	0.00	7.00	7.00
49	0.00	49.00	1.20	1.20	0.85	615247.79	0.00	0.00	29.80	0.00	100.73	70.90	0.00	0.00	7.00	7.00
50	0.00	50.00	1.20	1.20	0.85	615247.79	0.00	0.00	29.80	0.00	99.31	71.24	0.00	0.00	7.00	7.00
51	0.00	51.00	1.20	1.20	0.85	615247.79	0.00	0.00	29.80	0.00	97.52	71.67	0.00	0.00	7.00	7.00
52	0.00	52.00	1.20	1.20	0.85	615247.79	0.00	0.00	29.80	0.00	95.65	71.77	0.00	0.00	7.00	7.00
53	0.00	53.00	1.20	1.20	0.85	615247.79	0.00	0.00	29.80	0.00	93.84	72.50	0.00	0.00	7.00	7.00
54	0.00	54.00	1.20	1.20	0.85	615247.79	0.00	0.00	29.80	0.00	92.26	72.86	0.00	0.00	7.00	7.00
55	0.00	55.00	1.20	1.20	0.85	615247.79	0.00	0.00	29.80	0.00	95.50	73.13	0.00	0.00	7.00	7.00
56	0.00	56.00	1.20	1.20	0.85	615247.79	0.00	0.00	29.80	0.00	93.79	73.45	0.00	0.00	7.00	7.00
57	0.00	57.00	1.20	1.20	0.85	615247.79	0.00	0.00	29.80	0.00	94.77	73.49	0.00	0.00	7.00	7.00
58	0.00	58.00	1.20	1.20	0.85	615247.79	0.00	0.00	29.80	0.00	94.95	72.59	0.00	0.00	7.00	7.00
59	0.00	59.00	1.20	1.20	0.85	615247.79	0.00	0.00	29.80	0.00	95.87	73.05	0.00	0.00	7.00	7.00
60	0.00	60.00	1.20	1.20	0.85	615247.79	0.00	0.00	29.80	0.00	96.76	73.49	0.00	0.00	7.00	7.00
61	0.00	61.00	1.20	1.20	0.85	615247.79	0.00	0.00	29.80	0.00	95.17	73.01	0.00	0.00	7.00	7.00
62	0.00	62.00	1.20	1.20	0.85	615247.79	0.00	0.00	29.80	0.00	95.33	72.45	0.00	0.00	7.00	7.00
63	0.00	63.00	1.20	1.20	0.85	615247.79	0.00	0.00	29.80	0.00	93.82	71.95	0.00	0.00	7.00	7.00
64	0.00	64.00	1.20	1.20	0.85	615247.79	0.00	0.00	29.80	0.00	96.58	72.39	0.00	0.00	7.00	7.00
65	0.00	65.00	1.20	1.20	0.85	615247.79	0.00	0.00	29.80	0.00	95.09	72.66	0.00	0.00	7.00	7.00
66	0.00	66.00	1.20	1.20	0.85	615247.79	0.00	0.00	29.80	0.00	95.75	72.88	0.00	0.00	7.00	7.00
67	0.00	67.00	1.20	1.20	0.85	615247.79	0.00	0.00	29.80	0.00	94.32	72.93	0.00	0.00	7.00	7.00
68	0.00	68.00	1.20	1.20	0.85	615247.79	0.00	0.00	29.80	0.00	97.28	73.33	0.00	0.00	7.00	7.00
69	0.00	69.00	1.20	1.20	0.85	615247.79	0.00	0.00	29.80	0.00	95.87	73.71	0.00	0.00	7.00	7.00
70	0.00	70.00	1.20	1.20	0.85	615247.79	0.00	0.00	29.80	0.00	94.50	73.42	0.00	0.00	7.00	7.00
71	0.00	71.00	1.20	1.20	0.85	615247.79	0.00	0.00	29.80	0.00	94.65	73.01	0.00	0.00	7.00	7.00
72	0.00	72.00	1.20	1.20	0.85	615247.79	0.00	0.00	29.80	0.00	94.80	72.29	0.00	0.00	7.00	7.00
73	0.00	73.00	1.20	1.20	0.85	615247.79	0.00	0.00	29.80	0.00	93.91	72.18	0.00	0.00	7.00	7.00
74	0.00	74.00	1.20	1.20	0.85	615247.79	0.00	0.00	29.80	0.00	94.06	72.26	0.00	0.00	7.00	7.00
75	0.00	25.00	1.20	1.20	0.85	615247.79	0.00	0.00	29.80	0.00	37.50	73.62	0.00	0.00	7.00	7.00
76	0.00	26.00	1.20	1.20	0.85	615247.79	0.00	0.00	29.80	0.00	41.80	73.69	0.00	0.00	7.00	7.00
77	0.00	27.00	1.20	1.20	0.85	615247.79	0.00	0.00	29.80	0.00	40.25	73.32	0.00	0.00	7.00	7.00
78	0.00	28.00	1.20	1.20	0.85	615247.79	0.00	0.00	29.80	0.00	38.82	74.26	0.00	0.00	7.00	7.00
79	0.00	29.00	1.20	1.20	0.85	615247.79	0.00	0.00	29.80	0.00	37.48	73.22	0.00	0.00	7.00	7.00
80	0.00	30.00	1.20	1.20	0.85	615247.79	0.00	0.00	29.80	0.00	36.58	74.47	0.00	0.00	7.00	7.00
81	0.00	31.00	1.20	1.20	0.85	615247.79	0.00	0.00	29.80	0.00	35.40	75.03	0.00	0.00	7.00	7.00
82	0.00	32.00	1.20	1.20	0.85	615247.79	0.00	0.00	29.80	0.00	37.58	75.83	0.00	0.00	7.00	7.00
83	0.00	33.00	1.20	1.20	0.85	615247.79	0.00	0.00	29.80	0.00	36.44	76.29	0.00	0.00	7.00	7.00
84	0.00	34.00	1.20	1.20	0.85	615247.79	0.00	0.00	29.80	0.00	35.37	75.34	0.00	0.00	7.00	7.00
85	0.00	35.00	1.20	1.20	0.85	615247.79	0.00	0.00	29.80	0.00	34.36	74.67	0.00	0.00	7.00	7.00
86	0.00	36.00	1.20	1.20	0.85	615247.79	0.00	0.00	29.80	0.00	37.84	74.72	0.00	0.00	7.00	7.00
87	0.00	37.00	1.20	1.20	0.85	615247.79	0.00	0.00	29.80	0.00	36.82	75.16	0.00	0.00	7.00	7.00
88	0.00	38.00	1.20	1.20	0.85	615247.79	0.00	0.00	29.80	0.00	36.09	74.54	0.00	0.00	7.00	7.00
89	0.00	39.00	1.20	1.20	0.85	615247.79	0.00	0.00	29.80	0.00	35.17	74.63	0.00	0.00	7.00	7.00
90	0.00	40.00	1.20	1.20	0.85	615247.79	0.00	0.00	29.80	0.00	38.02	73.77	0.00	0.00	7.00	7.00
91	0.00	41.00	1.20	1.20	0.85	615245.18	0.00	0.00	27.63	0.00	37.09	72.64	0.00	0.00	7.00	7.00
92	0.00	42.00	1.20	1.20	0.85	615245.18	0.00	0.00	27.63	0.00	38.72	72.17	0.00	0.00	7.00	7.00
93	0.00	43.00	1.20	1.20	0.85	615245.18	0.00	0.00	27.63	0.00	38.51	72.29	0.00	0.00	7.00	7.00
94	0.00	44.00	1.20	1.20	0.85	615245.18	0.00	0.00	27.63	0.00	37.63	71.64	0.00	0.00	7.00	7.00
95	0.00	45.00	1.20	1.20	0.85	615245.18	0.00	0.00	27.63	0.00	43.36	70.66	0.00	0.00	7.00	7.00
96	0.00	46.00	1.20	1.20	0.85	615245.18	0.00	0.00	27.63	0.00	42.42	70.11	0.00	0.00	7.00	7.00
97	0.00	47.00	1.20	1.20	0.85	615245.18	0.00	0.00	27.63	0.00	41.51	70.55	0.00	0.00	7.00	7.00
98	0.00	48.00	1.20	1.20	0.85	615245.18	0.00	0.00	27.63	0.00	40.65	70.16	0.00	0.00	7.00	7.00
99	0.00	49.00	1.20	1.20	0.85	615245.18	0.00	0.00	27.63	0.00	39.82	70.49	0.00	0.00	7.00	7.00
100	0.00	50.00	1.20	1.20	0.85	615245.18	0.00	0.00	27.63	0.00	42.39	70.37	0.00	0.00	7.00	7.00
101	0.00	51.00	1.02	1.44	0.72	615251.81	0.00	0.00	27.63	0.00	41.56	70.34	0.00	0.00	7.00	7.00
102	0.00	52.00	1.02	1.44	0.72	615251.81	0.00	0.00	27.63	0.00	40.76	70.48	0.00	0.00	7.00	7.00
103	0.00	53.00	1.02	1.44	0.72	615251.81	0.00	0.00	27.63	0.00	40.19	71.24	0.00	0.00	7.00	7.00
104	0.00	54.00	1.02	1.44	0.72	615251.81	0.00	0.00	27.63	0.00	39.44	71.34	0.00	0.00	7.00	7.00
105	0.00	55.00	1.02	1.44	0.72	615251.81	0.00	0.00	27.63	0.00	40.64	70.42	0.00	0.00	7.00	7.00
106	0.00	56.00	1.02	1.44	0.72	615251.81	0.00	0.00	27.63	0.00	39.92	70.52	0.00	0.00	7.00	7.00
107	0.00	57.00	1.02	1.44	0.72	615251.81	0.00	0.00	27.63	0.00	39.21	70.46	0.00	0.00	7.00	7.00
108	0.00	58.00	1.02	1.44	0.72	615251.81	0.00	0.00	27.63	0.00	40.96	70.76	0.00	0.00	7.00	7.00
109	0.00	59.00	1.02	1.44	0.72	615251.81	0.00	0.00	27.63	0.00	40.92	70.84	0.00	0.00	7.00	7.00
110	0.00	60.00	1.02	1.44	0.72	615251.81	0.00	0.00	27.63	0.00	40.24	70.41	0.00	0.00	7.00	7.00
111	0.00	61.00	1.02	1.44	0.72	615251.81	0.00	0.00	27.63	0.00	39.58	70.53	0.00	0.00	7.00	7.00
112	0.00	62.00	1.02	1.44	0.72	615251.81	0.00	0.00	27.63	0.00	41.21	70.61	0.00	0.00	7.00	7.00
113	0.00	63.00	1.02	1.44	0.72	615251.81	0.00	0.00	27.63	0.00	40.56	70.90	0.00	0.00	7.00	7.00
114	0.00	64.00	1.02	1.44	0.72	615251.81	0.00	0.00	27.63	0.00	41.57	70.12	0.00	0.00	7.00	7.00
115	0.00	65.00	1.02	1.44	0.72	615251.81	0.00	0.00	27.63	0.00	40.93	70.46	0.00	0.00	7.00	7.00
116	0.00	66.00	1.02	1.44	0.72	615251.81	0.00	0.00	27.63	0.00	40.31	70.55	0.00	0.00	7.00	7.00
117	0.00	67.00	1.02	1.44	0.72	615251.81	0.00	0.00	27.63	0.00	39.71	71.15	0.00	0.00	7.00	7.00
118	0.00	68.00	1.02	1.44	0.72	615251.81	0.00	0.00	27.63	0.00	39.26	70.87	0.00	0.00	7.00	7.00
119	0.00	69.00	1.02	1.44	0.72	615251.81	0.00	0.00	27.63	0.00	38.82	70.59	0.00	0.00	7.00	7.00
120	0.00	70.00	1.02	1.44	0.72	615251.81	0.00	0.00	27.63	0.00	38.27	70.67	0.00	0.00	7.00	7.00
121	0.00	71.00	1.02	1.44	0.72	615251.81	0.00	0.00	27.63	0.00	37.73	70.74	0.00	0.00	7.00	7.00
122	0.00	72.00	1.02	1.44	0.72	615251.81	0.00	0.00	27.63	0.00	37.21	70.84	0.00	0.00	7.00	7.00
123	0.00	73.00	1.02	1.44	0.72	615251.81	0.00	0.00	27.63	0.00	37.11	70.75	0.00	0.00	7.00	7.00
124	0.00	74.00	1.02	1.44	0.72	615251.81	0.00	0.00	27.63	0.00	38.62	70.52	0.00	0.00	7.00	7.00
125	0.00	25.00	1.02	1.44	0.72	615251.81	0.00	0.00	27.63	0.00	7.38	64.44	0.00	0.00	7.00	7.00
126	0.00	26.00	1.02	1.44	0.72	615251.81	0.00	0.00	27.63	0.00	7.10	65.30	0.00	0.00	7.00	7.00
127	0.00	27.00	1.02	1.44	0.72	615251.81	0.00	0.00	27.63	0.00	12.37	65.47	0.00	0.00	7.00	7.00
128	0.00	28.00	1.02	1.44	0.72	615251.81	0.00	0.00	27.63	0.00	12.99	64.57	0.00	0.00	7.00	7.00
129	0.00	29.00	1.02	1.44	0.72	615251.81	0.00	0.00	27.63	0.00	12.54	64.20	0.00	0.00	7.00	7.00
130	0.00	30.00	1.02	1.44	0.72	615251.81	0.00	0.00	27.63	0.00	21.79	64.58	0.00	0.00	7.00	7.00
131	0.00	31.00	1.02	1.44	0.72	615251.81	0.00	0.00	27.63	0.00	28.53	64.55	0.03	0.00	7.00	7.00
132	0.00	32.00	1.02	1.44	0.72	615251.81	0.00	0.00	27.63	0.00	28.57	64.20	0.03	0.00	7.00	7.00
133	0.00	33.00	1.02	1.44	0.72	615251.81	0.00	0.00	27.63	0.00	27.70	63.88	0.03	0.00	7.00	7.00
134	0.00	34.00	1.02	1.44	0.72	615251.81	0.00	0.00	27.63	0.00	29.99	63.55	0.03	0.00	7.00	7.00
135	0.00	35.00	1.02	1.44	0.72	615251.81	0.00	0.00	27.63	0.00	29.13	63.71	0.03	0.00	7.00	7.00
136	0.00	36.00	1.02	1.44	0.72	615251.81	0.00	0.00	27.63	0.00	28.32	63.16	0.03	0.00	7.00	7.00
137	0.00	37.00	1.02	1.44	0.72	615251.81	0.00	0.00	27.63	0.00	27.55	63.80	0.03	0.00	7.00	7.00
138	0.00	38.00	1.02	1.44	0.72	615251.81	0.00	0.00	27.63	0.00	26.83	63.27	0.03	0.00	7.00	7.00
139	0.00	39.00	1.02	1.44	0.72	615251.81	0.00	0.00	27.63	0.00	26.14	62.98	0.03	0.00	7.00	7.00
140	0.00	40.00	1.02	1.44	0.72	615251.81	0.00	0.00	27.63	0.00	32.36	62.09	0.05	0.00	7.00	7.00
141	0.00	41.00	1.02	1.44	0.72	615251.81	0.00	0.00	27.63	0.00	31.57	63.01	0.05	0.00	7.00	7.00
142	0.00	42.00	1.02	1.44	0.72	615251.81	0.00	0.00	27.63	0.00	30.81	63.88	0.05	0.00	7.00	7.00
143	0.00	43.00	1.02	1.44	0.72	615251.81	0.00	0.00	27.63	0.00	33.57	64.04	0.05	0.00	7.00	7.00
144	0.00	44.00	1.02	1.44	0.72	615251.81	0.00	0.00	27.63	0.00	36.20	64.31	0.05	0.00	7.00	7.00
145	0.00	45.00	1.02	1.44	0.72	615251.81	0.00	0.00	27.63	0.00	35.39	64.02	0.04	0.00	7.00	7.00
146	0.00	46.00	1.02	1.44	0.72	615251.81	0.00	0.00	27.63	0.00	34.63	64.28	0.04	0.00	7.00	7.00
147	0.00	47.00	1.02	1.44	0.72	615251.81	0.00	0.00	27.63	0.00	36.13	64.05	0.04	0.00	7.00	7.00
148	0.00	48.00	1.02	1.44	0.72	615251.81	0.00	0.00	27.63	0.00	37.57	64.29	0.04	0.00	7.00	7.00
149	0.00	49.00	1.02	1.44	0.72	615251.81	0.00	0.00	27.63	0.00	36.80	64.84	0.04	0.00	7.00	7.00
150	0.00	50.00	1.02	1.44	0.72	615251.81	0.00	0.00	27.63	0.00	36.27	65.27	0.04	0.00	7.00	7.00
151	0.00	51.00	1.02	1.44	0.72	615251.81	0.00	0.00	27.63	0.00	35.56	64.54	0.04	0.00	7.00	7.00
152	0.00	52.00	1.02	1.44	0.72	615251.81	0.00	0.00	27.63	0.00	34.88	65.21	0.04	0.00	7.00	7.00
153	0.00	53.00	1.02	1.44	0.72	615251.81	0.00	0.00	27.63	0.00	34.22	64.75	0.04	0.00	7.00	7.00
154	0.00	54.00	1.02	1.44	0.72	615251.81	0.00	0.00	27.63	0.00	35.54	64.37	0.04	0.00	7.00	7.00
155	0.00	55.00	1.02	1.44	0.72	615251.81	0.00	0.00	27.63	0.00	34.89	64.85	0.04	0.00	7.00	7.00
156	0.00	56.00	1.02	1.44	0.72	615251.81	0.00	0.00	27.63	0.00	34.27	64.91	0.04	0.00	7.00	7.00
157	0.00	57.00	1.02	1.44	0.72	615251.81	0.00	0.00	27.63	0.00	33.67	64.27	0.04	0.00	7.00	7.00
158	0.00	58.00	1.02	1.44	0.72	615251.81	0.00	0.00	27.63	0.00	33.23	64.48	0.03	0.00	7.00	7.00
159	0.00	59.00	1.02	1.44	0.72	615251.81	0.00	0.00	27.63	0.00	32.66	64.28	0.03	0.00	7.00	7.00
160	0.00	60.00	1.02	1.44	0.72	615251.81	0.00	0.00	27.63	0.00	32.12	63.71	0.03	0.00	7.00	7.00
161	0.00	61.00	1.02	1.44	0.72	615251.81	0.00	0.00	27.63	0.00	31.59	63.35	0.03	0.00	7.00	7.00
162	0.00	62.00	1.02	1.44	0.72	615251.81	0.00	0.00	27.63	0.00	31.08	63.94	0.03	0.00	7.00	7.00
163	0.00	63.00	1.02	1.44	0.72	615251.81	0.00	0.00	27.63	0.00	30.75	64.68	0.03	0.00	7.00	7.00
164	0.00	64.00	1.02	1.44	0.72	615251.81	0.00	0.00	27.63	0.00	30.27	64.34	0.03	0.00	7.00	7.00
165	0.00	65.00	1.02	1.44	0.72	615251.81	0.00	0.00	27.63	0.00	30.27	63.97	0.03	0.00	7.00	7.00
166	0.00	66.00	1.02	1.44	0.72	615251.81	0.00	0.00	27.63	0.00	29.97	64.33	0.03	0.00	7.00	7.00
167	0.00	67.00	1.02	1.44	0.72	615251.81	0.00	0.00	27.63	0.00	29.52	64.14	0.03	0.00	7.00	7.00
168	0.00	68.00	1.02	1.44	0.72	615251.81	0.00	0.00	27.63	0.00	29.09	64.14	0.03	0.00	7.00	7.00
169	0.00	69.00	1.02	1.44	0.72	615251.81	0.00	0.00	27.63	0.00	28.66	63.80	0.03	0.00	7.00	7.00
170	0.00	70.00	1.02	1.44	0.72	615251.81	0.00	0.00	27.63	0.00	28.25	64.31	0.03	0.00	7.00	7.00
171	0.00	71.00	1.02	1.44	0.72	615251.81	0.00	0.00	27.63	0.00	29.34	63.65	0.03	0.00	7.00	7.00
172	0.00	72.00	1.02	1.44	0.72	615251.81	0.00	0.00	27.63	0.00	28.93	64.05	0.03	0.00	7.00	7.00
173	0.00	73.00	1.02	1.44	0.72	615251.81	0.00	0.00	27.63	0.00	28.94	64.38	0.03	0.00	7.00	7.00
174	0.00	74.00	1.02	1.44	0.72	615251.81	0.00	0.00	27.63	0.00	28.68	64.21	0.03	0.00	7.00	7.00
175	0.00	25.00	1.02	1.44	0.72	615251.81	0.00	0.00	27.63	0.00	6.19	62.62	0.00	0.00	7.00	7.00
176	0.00	26.00	1.02	1.44	0.72	615251.81	0.00	0.00	27.63	0.00	5.95	62.67	0.00	0.00	7.00	7.00
177	0.00	27.00	1.02	1.44	0.72	615251.81	0.00	0.00	27.63	0.00	9.63	61.13	0.00	0.00	7.00	7.00
178	0.00	28.00	1.02	1.44	0.72	615251.81	0.00	0.00	27.63	0.00	9.29	61.18	0.00	0.00	7.00	7.00
179	0.00	29.00	1.02	1.44	0.72	615251.81	0.00	0.00	27.63	0.00	8.97	60.03	0.00	0.00	7.00	7.00
180	0.00	30.00	1.02	1.44	0.72	615251.81	0.00	0.00	27.63	0.00	8.67	59.49	0.00	0.00	7.00	7.00
181	0.00	31.00	1.02	1.44	0.72	615251.81	0.00	0.00	27.63	0.00	8.39	60.57	0.00	0.00	7.00	7.00
182	0.00	32.00	1.02	1.44	0.72	615251.81	0.00	0.00	27.63	0.00	8.42	60.29	0.00	0.00	7.00	7.00
183	0.00	33.00	1.02	1.44	0.72	615251.81	0.00	0.00	27.63	0.00	8.16	61.12	0.00	0.00	7.00	7.00
184	0.00	34.00	1.02	1.44	0.72	615251.81	0.00	0.00	27.63	0.00	11.02	60.46	0.00	0.00	7.00	7.00
185	0.00	35.00	1.02	1.44	0.72	615251.81	0.00	0.00	27.63	0.00	13.71	59.97	0.00	0.00	7.00	7.00
186	0.00	36.00	1.02	1.44	0.72	615251.81	0.00	0.00	27.63	0.00	13.33	61.38	0.00	0.00	7.00	7.00
187	0.00	37.00	1.02	1.44	0.72	615251.81	0.00	0.00	27.63	0.00	12.97	60.46	0.00	0.00	7.00	7.00
188	0.00	38.00	1.02	1.44	0.72	615251.81	0.00	0.00	27.63	0.00	12.63	60.03	0.00	0.00	7.00	7.00
189	0.00	39.00	1.02	1.44	0.72	615251.81	0.00	0.00	27.63	0.00	15.00	60.43	0.00	0.00	7.00	7.00
190	0.00	40.00	1.02	1.44	0.72	615251.81	0.00	0.00	27.63	0.00	14.89	60.23	0.00	0.00	7.00	7.00
191	0.00	41.00	1.02	1.44	0.72	615251.81	0.00	0.00	27.63	0.00	14.52	60.91	0.00	0.00	7.00	7.00
192	0.00	42.00	1.02	1.44	0.72	615251.81	0.00	0.00	27.63	0.00	14.18	60.69	0.00	0.00	7.00	7.00
193	0.00	43.00	1.02	1.44	0.72	615251.81	0.00	0.00	27.63	0.00	13.85	60.74	0.00	0.00	7.00	7.00
194	0.00	44.00	1.02	1.44	0.72	615251.81	0.00	0.00	27.63	0.00	13.53	60.34	0.00	0.00	7.00	7.00
195	0.00	45.00	1.02	1.44	0.72	615251.81	0.00	0.00	27.63	0.00	13.23	59.95	0.00	0.00	7.00	7.00
196	0.00	46.00	1.02	1.44	0.72	615251.81	0.00	0.00	27.63	0.00	12.95	60.34	0.00	0.00	7.00	7.00
197	0.00	47.00	1.02	1.44	0.72	615251.81	0.00	0.00	27.63	0.00	12.67	59.65	0.00	0.00	7.00	7.00
198	0.00	48.00	1.02	1.44	0.72	615251.81	0.00	0.00	27.63	0.00	12.41	59.48	0.00	0.00	7.00	7.00
199	0.00	49.00	1.02	1.44	0.72	615251.81	0.00	0.00	27.63	0.00	12.15	60.30	0.00	0.00	7.00	7.00
200	0.00	50.00	1.02	1.44	0.72	615251.81	0.00	0.00	27.63	0.00	11.91	59.69	0.00	0.00	7.00	7.00
201	0.00	51.00	0.87	1.73	0.61	615259.77	0.00	0.00	27.63	0.00	11.68	59.75	0.00	0.00	7.00	7.00
202	0.00	52.00	0.87	1.73	0.61	615259.77	0.00	0.00	27.63	0.00	11.45	60.11	0.00	0.00	7.00	7.00
203	0.00	53.00	0.87	1.73	0.61	615259.77	0.00	0.00	27.63	0.00	13.22	59.98	0.00	0.00	7.00	7.00
204	0.00	54.00	0.87	1.73	0.61	615259.77	0.00	0.00	27.63	0.00	12.98	59.67	0.00	0.00	7.00	7.00
205	0.00	55.00	0.87	1.73	0.61	615259.77	0.00	0.00	27.63	0.00	12.74	60.16	0.00	0.00	7.00	7.00
206	0.00	56.00	0.87	1.73	0.61	615259.77	0.00	0.00	27.63	0.00	12.51	60.25	0.00	0.00	7.00	7.00
207	0.00	57.00	0.87	1.73	0.61	615259.77	0.00	0.00	27.63	0.00	12.29	59.91	0.00	0.00	7.00	7.00
208	0.00	58.00	0.87	1.73	0.61	615259.77	0.00	0.00	27.63	0.00	12.08	60.44	0.00	0.00	7.00	7.00
209	0.00	59.00	0.87	1.73	0.61	615240.78	0.00	0.00	16.64	0.00	11.88	59.70	0.00	0.00	7.00	7.00
210	0.00	60.00	0.87	1.73	0.61	615240.78	0.00	0.00	16.64	0.00	11.68	60.37	0.00	0.00	7.00	7.00
211	0.00	61.00	0.87	1.73	0.61	615240.78	0.00	0.00	16.64	0.00	11.49	60.22	0.00	0.00	7.00	7.00
212	0.00	62.00	0.87	1.73	0.61	615240.78	0.00	0.00	16.64	0.00	11.30	60.86	0.00	0.00	7.00	7.00
213	0.00	63.00	0.87	1.73	0.61	615240.78	0.00	0.00	16.64	0.00	11.12	60.71	0.00	0.00	7.00	7.00
214	0.00	64.00	0.87	1.73	0.61	615240.78	0.00	0.00	16.64	0.00	10.95	61.19	0.00	0.00	7.00	7.00
215	0.00	65.00	0.87	1.73	0.61	615240.78	0.00	0.00	16.64	0.00	12.40	60.95	0.00	0.00	7.00	7.00
216	0.00	66.00	0.87	1.73	0.61	615240.78	0.00	0.00	16.64	0.00	13.81	60.33	0.00	0.00	7.00	7.00
217	0.00	67.00	0.87	1.73	0.61	615240.78	0.00	0.00	16.64	0.00	13.60	59.84	0.00	0.00	7.00	7.00
218	0.00	68.00	0.87	1.73	0.61	615240.78	0.00	0.00	16.64	0.00	13.40	60.43	0.00	0.00	7.00	7.00
219	0.00	69.00	0.87	1.73	0.61	615240.78	0.00	0.00	16.64	0.00	14.73	60.21	0.00	0.00	7.00	7.00
220	0.00	70.00	0.87	1.73	0.61	615240.78	0.00	0.00	16.64	0.00	14.52	59.98	0.00	0.00	7.00	7.00
221	0.00	71.00	0.87	1.73	0.61	615240.78	0.00	0.00	16.64	0.00	14.32	59.87	0.00	0.00	7.00	7.00
222	0.00	72.00	0.87	1.73	0.61	615240.78	0.00	0.00	16.64	0.00	14.12	60.08	0.00	0.00	7.00	7.00
223	0.00	73.00	0.87	1.73	0.61	615240.78	0.00	0.00	16.64	0.00	15.51	60.30	0.00	0.00	7.00	7.00
224	0.00	74.00	0.87	1.73	0.61	615240.78	0.00	0.00	16.64	0.00	17.32	60.50	0.00	0.00	7.00	7.00
225	0.00	25.00	0.87	1.73	0.61	615240.78	0.00	0.00	16.64	0.00	9.99	46.16	0.00	0.00	7.00	7.00
226	0.00	26.00	0.87	1.73	0.61	615240.78	0.00	0.00	16.64	0.00	9.60	46.40	0.00	0.00	7.00	7.00
227	0.00	27.00	0.87	1.73	0.61	615240.78	0.00	0.00	16.64	0.00	9.25	47.01	0.00	0.00	7.00	7.00
228	0.00	28.00	0.87	1.73	0.61	615240.78	0.00	0.00	16.64	0.00	8.92	46.90	0.00	0.00	7.00	7.00
229	0.00	29.00	0.87	1.73	0.61	615240.78	0.00	0.00	16.64	0.00	8.61	46.24	0.00	0.00	7.00	7.00
230	0.00	30.00	0.87	1.73	0.61	615240.78	0.00	0.00	16.64	0.00	8.32	46.42	0.00	0.00	7.00	7.00
231	0.00	31.00	0.87	1.73	0.61	615240.78	0.00	0.00	16.64	0.00	8.05	47.43	0.00	0.00	7.00	7.00
232	0.00	32.00	0.87	1.73	0.61	615240.78	0.00	0.00	16.64	0.00	7.80	47.91	0.00	0.00	7.00	7.00
233	0.00	33.00	0.87	1.73	0.61	615240.78	0.00	0.00	16.64	0.00	7.56	46.96	0.00	0.00	7.00	7.00
234	0.00	34.00	0.87	1.73	0.61	615240.78	0.00	0.00	16.64	0.00	7.34	47.10	0.00	0.00	7.00	7.00
235	0.00	35.00	0.87	1.73	0.61	615240.78	0.00	0.00	16.64	0.00	7.13	47.25	0.00	0.00	7.00	7.00
236	0.00	36.00	0.87	1.73	0.61	615240.78	0.00	0.00	16.64	0.00	6.93	47.38	0.00	0.00	7.00	7.00
237	0.00	37.00	0.87	1.73	0.61	615240.78	0.00	0.00	16.64	0.00	12.98	47.52	0.03	0.00	7.00	7.00
238	0.00	38.00	0.87	1.73	0.61	615240.78	0.00	0.00	16.64	0.00	12.64	48.31	0.03	0.00	7.00	7.00
239	0.00	39.00	0.87	1.73	0.61	615240.78	0.00	0.00	16.64	0.00	12.32	48.18	0.03	0.00	7.00	7.00
240	0.00	40.00	0.87	1.73	0.61	615240.78	0.00	0.00	16.64	0.00	12.70	48.64	0.03	0.00	7.00	7.00
241	0.00	41.00	0.87	1.73	0.61	615240.78	0.00	0.00	16.64	0.00	19.09	48.15	0.05	0.00	7.00	7.00
242	0.00	42.00	0.87	1.73	0.61	615240.78	0.00	0.00	16.64	0.00	22.19	48.28	0.05	0.00	7.00	7.00
243	0.00	43.00	0.87	1.73	0.61	615240.78	0.00	0.00	16.64	0.00	21.67	48.36	0.05	0.00	7.00	7.00
244	0.00	44.00	0.87	1.73	0.61	615240.78	0.00	0.00	16.64	0.00	21.18	48.43	0.05	0.00	7.00	7.00
245	0.00	45.00	0.87	1.73	0.61	615240.78	0.00	0.00	16.64	0.00	20.71	49.13	0.04	0.00	7.00	6.98
246	0.00	46.00	0.87	1.73	0.61	615240.78	0.00	0.00	16.64	0.00	22.55	48.52	0.04	0.00	7.00	6.98
247	0.00	47.00	0.87	1.73	0.61	615240.78	0.00	0.00	16.64	0.00	22.07	48.58	0.04	0.00	7.00	6.98
248	0.00	48.00	0.87	1.73	0.61	615240.78	0.00	0.00	16.64	0.00	21.61	48.65	0.04	0.00	7.00	6.98
249	0.00	49.00	0.87	1.73	0.61	615240.78	0.00	0.00	16.64	0.00	21.17	48.26	0.04	0.00	7.00	6.98
250	0.00	50.00	0.87	1.73	0.61	615240.78	0.00	0.00	16.64	0.00	20.93	48.80	0.04	0.00	7.00	6.98
251	0.00	51.00	0.87	1.73	0.61	615240.78	0.00	0.00	16.64	0.00	22.58	48.26	0.04	0.00	7.00	6.98
252	0.00	52.00	0.87	1.73	0.61	615240.78	0.00	0.00	16.64	0.00	22.15	47.91	0.04	0.00	7.00	6.98
253	0.00	53.00	0.87	1.73	0.61	615240.78	0.00	0.00	16.64	0.00	23.72	47.38	0.04	0.00	7.00	6.98
254	0.00	54.00	0.87	1.73	0.61	615240.78	0.00	0.00	16.64	0.00	23.28	47.22	0.04	0.00	7.00	6.98
255	0.00	55.00	0.87	1.73	0.61	615240.78	0.00	0.00	16.64	0.00	24.77	46.75	0.04	0.00	7.00	6.98
256	0.00	56.00	0.87	1.73	0.61	615240.78	0.00	0.00	16.64	0.00	24.33	46.44	0.04	0.00	7.00	6.98
257	0.00	57.00	0.87	1.73	0.61	615240.78	0.00	0.00	16.64	0.00	23.90	46.11	0.04	0.00	7.00	6.98
258	0.00	58.00	0.87	1.73	0.61	615240.78	0.00	0.00	16.64	0.00	23.49	45.82	0.03	0.00	7.00	6.98
259	0.00	59.00	0.87	1.73	0.61	615240.78	0.00	0.00	16.64	0.00	23.09	45.55	0.03	0.00	7.00	6.98
260	0.00	60.00	0.87	1.73	0.61	615240.78	0.00	0.00	16.64	0.00	25.19	46.05	0.03	0.00	7.00	6.98
261	0.00	61.00	0.87	1.73	0.61	615240.78	0.00	0.00	16.64	0.00	24.78	46.53	0.03	0.00	7.00	6.98
262	0.00	62.00	0.87	1.73	0.61	615240.78	0.00	0.00	16.64	0.00	24.38	47.39	0.03	0.00	7.00	6.98
263	0.00	63.00	0.87	1.73	0.61	615240.78	0.00	0.00	16.64	0.00	23.99	47.72	0.03	0.00	7.00	6.98
264	0.00	64.00	0.87	1.73	0.61	615240.78	0.00	0.00	16.64	0.00	23.62	47.78	0.03	0.00	7.00	6.98
265	0.00	65.00	0.87	1.73	0.61	615240.78	0.00	0.00	16.64	0.00	23.26	48.02	0.03	0.00	7.00	6.98
266	0.00	66.00	0.87	1.73	0.61	615240.78	0.00	0.00	16.64	0.00	22.90	47.55	0.03	0.00	7.00	6.98
267	0.00	67.00	0.87	1.73	0.61	615240.78	0.00	0.00	16.64	0.00	22.56	47.80	0.03	0.00	7.00	6.99
268	0.00	68.00	0.87	1.73	0.61	615240.78	0.00	0.00	16.64	0.00	23.78	48.23	0.03	0.00	7.00	6.99
269	0.00	69.00	0.87	1.73	0.61	615240.78	0.00	0.00	16.64	0.00	24.96	47.83	0.03	0.00	7.00	6.99
270	0.00	70.00	0.87	1.73	0.61	615240.78	0.00	0.00	16.64	0.00	24.60	47.78	0.03	0.00	7.00	6.99
271	0.00	71.00	0.87	1.73	0.61	615240.78	0.00	0.00	16.64	0.00	24.26	47.51	0.03	0.00	7.00	6.99
272	0.00	72.00	0.87	1.73	0.61	615240.78	0.00	0.00	16.64	0.00	23.92	47.46	0.03	0.00	7.00	6.99
273	0.00	73.00	0.87	1.73	0.61	615240.78	0.00	0.00	16.64	0.00	23.59	47.52	0.03	0.00	7.00	6.99
274	0.00	74.00	0.87	1.73	0.61	615240.78	0.00	0.00	16.64	0.00	23.27	47.25	0.03	0.00	7.00	6.99
275	0.00	25.00	0.87	1.73	0.61	615240.78	0.00	0.00	16.64	0.00	9.16	44.41	0.00	0.00	7.00	7.00
276	0.00	26.00	0.87	1.73	0.61	615240.78	0.00	0.00	16.64	0.00	12.86	43.52	0.00	0.00	7.00	7.00
277	0.00	27.00	0.87	1.73	0.61	615240.78	0.00	0.00	16.64	0.00	16.28	44.71	0.00	0.00	7.00	7.00
278	0.00	28.00	0.87	1.73	0.61	615240.78	0.00	0.00	16.64	0.00	15.70	44.57	0.00	0.00	7.00	7.00
279	0.00	29.00	0.87	1.73	0.61	615240.78	0.00	0.00	16.64	0.00	15.16	46.47	0.00	0.00	7.00	7.00
280	0.00	30.00	0.87	1.73	0.61	615240.78	0.00	0.00	16.64	0.00	14.65	45.84	0.00	0.00	7.00	7.00
281	0.00	31.00	0.87	1.73	0.61	615240.78	0.00	0.00	16.64	0.00	18.09	46.44	0.00	0.00	7.00	7.00
282	0.00	32.00	0.87	1.73	0.61	615240.78	0.00	0.00	16.64	0.00	22.19	46.25	0.00	0.00	7.00	7.00
283	0.00	33.00	0.87	1.73	0.61	615240.78	0.00	0.00	16.64	0.00	21.52	47.86	0.00	0.00	7.00	7.00
284	0.00	34.00	0.87	1.73	0.61	615240.78	0.00	0.00	16.64	0.00	20.89	47.97	0.00	0.00	7.00	7.00
285	0.00	35.00	0.87	1.73	0.61	615240.78	0.00	0.00	16.64	0.00	24.56	48.77	0.00	0.00	7.00	7.00
286	0.00	36.00	0.87	1.73	0.61	615240.78	0.00	0.00	16.64	0.00	23.87	48.84	0.00	0.00	7.00	7.00
287	0.00	37.00	0.87	1.73	0.61	615240.78	0.00	0.00	16.64	0.00	23.23	49.32	0.00	0.00	7.00	7.00
288	0.00	38.00	0.87	1.73	0.61	615240.78	0.00	0.00	16.64	0.00	22.62	49.38	0.00	0.00	7.00	7.00
289	0.00	39.00	0.87	1.73	0.61	615240.78	0.00	0.00	16.64	0.00	22.04	49.29	0.00	0.00	7.00	7.00
290	0.00	40.00	0.87	1.73	0.61	615240.78	0.00	0.00	16.64	0.00	21.49	49.08	0.00	0.00	7.00	7.00
291	0.00	41.00	0.87	1.73	0.61	615240.78	0.00	0.00	16.64	0.00	20.96	48.94	0.00	0.00	7.00	7.00
292	0.00	42.00	0.87	1.73	0.61	615240.78	0.00	0.00	16.64	0.00	22.97	48.69	0.00	0.00	7.00	7.00
293	0.00	43.00	0.87	1.73	0.61	615240.78	0.00	0.00	16.64	0.00	24.88	49.32	0.00	0.00	7.00	7.00
294	0.00	44.00	0.87	1.73	0.61	615240.78	0.00	0.00	16.64	0.00	24.32	49.18	0.00	0.00	7.00	7.00
295	0.00	45.00	0.87	1.73	0.61	615240.78	0.00	0.00	16.64	0.00	23.78	49.06	0.00	0.00	7.00	7.00
296	0.00	46.00	0.87	1.73	0.61	615240.78	0.00	0.00	16.64	0.00	23.26	49.39	0.00	0.00	7.00	7.00
297	0.00	47.00	0.87	1.73	0.61	615240.78	0.00	0.00	16.64	0.00	22.77	50.46	0.00	0.00	7.00	7.00
298	0.00	48.00	0.87	1.73	0.61	615240.78	0.00	0.00	16.64	0.00	22.29	50.48	0.00	0.00	7.00	7.00
299	0.00	49.00	0.87	1.73	0.61	615240.78	0.00	0.00	16.64	0.00	21.84	50.73	0.00	0.00	7.00	7.00
300	0.00	50.00	0.87	1.73	0.61	615240.78	0.00	0.00	16.64	0.00	21.40	50.31	0.00	0.00	7.00	7.00
301	0.00	51.00	0.74	2.07	0.52	615246.53	0.00	0.00	16.64	0.00	23.36	50.58	0.00	0.00	7.00	7.00
302	0.00	52.00	0.74	2.07	0.52	615246.53	0.00	0.00	16.64	0.00	22.91	51.52	0.00	0.00	7.00	7.00
303	0.00	53.00	0.74	2.07	0.52	615246.53	0.00	0.00	16.64	0.00	24.46	50.97	0.00	0.00	7.00	7.00
304	0.00	54.00	0.74	2.07	0.52	615246.53	0.00	0.00	16.64	0.00	24.56	51.66	0.00	0.00	7.00	7.00
305	0.00	55.00	0.74	2.07	0.52	615246.53	0.00	0.00	16.64	0.00	24.12	51.66	0.00	0.00	7.00	7.00
306	0.00	56.00	0.74	2.07	0.52	615246.53	0.00	0.00	16.64	0.00	23.69	52.32	0.00	0.00	7.00	7.00
307	0.00	57.00	0.74	2.07	0.52	615246.53	0.00	0.00	16.64	0.00	23.27	52.12	0.00	0.00	7.00	7.00
308	0.00	58.00	0.74	2.07	0.52	615246.53	0.00	0.00	16.64	0.00	22.87	51.73	0.00	0.00	7.00	7.00
309	0.00	59.00	0.74	2.07	0.52	615246.53	0.00	0.00	16.64	0.00	22.48	51.73	0.00	0.00	7.00	7.00
310	0.00	60.00	0.74	2.07	0.52	615246.53	0.00	0.00	16.64	0.00	22.11	51.60	0.00	0.00	7.00	7.00
311	0.00	61.00	0.74	2.07	0.52	615246.53	0.00	0.00	16.64	0.00	21.74	51.60	0.00	0.00	7.00	7.00
312	0.00	62.00	0.74	2.07	0.52	615246.53	0.00	0.00	16.64	0.00	21.54	51.99	0.00	0.00	7.00	7.00
313	0.00	63.00	0.74	2.07	0.52	615246.53	0.00	0.00	16.64	0.00	21.20	52.16	0.00	0.00	7.00	7.00
314	0.00	64.00	0.74	2.07	0.52	615246.53	0.00	0.00	16.64	0.00	20.87	52.90	0.00	0.00	7.00	7.00
315	0.00	65.00	0.74	2.07	0.52	615246.53	0.00	0.00	16.64	0.00	20.55	53.05	0.00	0.00	7.00	7.00
316	0.00	66.00	0.74	2.07	0.52	615246.53	0.00	0.00	16.64	0.00	21.83	52.57	0.00	0.00	7.00	7.00
317	0.00	67.00	0.74	2.07	0.52	615246.53	0.00	0.00	16.64	0.00	21.51	52.91	0.00	0.00	7.00	7.00
318	0.00	68.00	0.74	2.07	0.52	615246.53	0.00	0.00	16.64	0.00	21.19	53.14	0.00	0.00	7.00	6.99
319	0.00	69.00	0.74	2.07	0.52	615246.53	0.00	0.00	16.64	0.00	20.88	53.15	0.00	0.00	7.00	6.99
320	0.00	70.00	0.74	2.07	0.52	615246.53	0.00	0.00	16.64	0.00	20.58	52.78	0.00	0.00	7.00	6.99
321	0.00	71.00	0.74	2.07	0.52	615246.53	0.00	0.00	16.64	0.00	20.29	52.45	0.00	0.00	7.00	6.99
322	0.00	72.00	0.74	2.07	0.52	615246.53	0.00	0.00	16.64	0.00	20.01	52.11	0.00	0.00	7.00	6.99
323	0.00	73.00	0.74	2.07	0.52	615246.53	0.00	0.00	16.64	0.00	19.74	52.64	0.00	0.00	7.00	6.99
324	0.00	74.00	0.74	2.07	0.52	615246.53	0.00	0.00	16.64	0.00	19.47	52.48	0.00	0.00	7.00	6.99
325	0.00	25.00	0.74	2.07	0.52	615246.53	0.00	0.00	16.64	0.00	15.96	41.30	0.00	0.00	7.00	7.00
326	0.00	26.00	0.74	2.07	0.52	615246.53	0.00	0.00	16.64	0.00	15.34	43.08	0.00	0.00	7.00	7.00
327	0.00	27.00	0.74	2.07	0.52	615246.53	0.00	0.00	16.64	0.00	14.77	43.40	0.00	0.00	7.00	7.00
328	0.00	28.00	0.74	2.07	0.52	615246.53	0.00	0.00	16.64	0.00	14.25	43.39	0.00	0.00	7.00	7.00
329	0.00	29.00	0.74	2.07	0.52	615246.53	0.00	0.00	16.64	0.00	13.76	43.67	0.00	0.00	7.00	7.00
330	0.00	30.00	0.74	2.07	0.52	615246.53	0.00	0.00	16.64	0.00	13.30	43.20	0.00	0.00	7.00	7.00
331	0.00	31.00	0.74	2.07	0.52	615246.53	0.00	0.00	16.64	0.00	12.87	43.47	0.00	0.00	7.00	7.00
332	0.00	32.00	0.74	2.07	0.52	615246.53	0.00	0.00	16.64	0.00	12.47	43.04	0.00	0.00	7.00	7.00
333	0.00	33.00	0.74	2.07	0.52	615246.53	0.00	0.00	16.64	0.00	16.12	43.75	0.00	0.00	7.00	7.00
334	0.00	34.00	0.74	2.07	0.52	615246.53	0.00	0.00	16.64	0.00	15.64	43.27	0.00	0.00	7.00	7.00
335	0.00	35.00	0.74	2.07	0.52	615246.53	0.00	0.00	16.64	0.00	15.20	44.64	0.00	0.00	7.00	7.00
336	0.00	36.00	0.74	2.07	0.52	615246.53	0.00	0.00	16.64	0.00	14.77	44.22	0.00	0.00	7.00	7.00
337	0.00	37.00	0.74	2.07	0.52	615246.53	0.00	0.00	16.64	0.00	15.12	44.17	0.00	0.00	7.00	7.00
338	0.00	38.00	0.74	2.07	0.52	615246.53	0.00	0.00	16.64	0.00	14.73	45.00	0.00	0.00	7.00	7.00
339	0.00	39.00	0.74	2.07	0.52	615246.53	0.00	0.00	16.64	0.00	14.35	44.60	0.00	0.00	7.00	7.00
340	0.00	40.00	0.74	2.07	0.52	615246.53	0.00	0.00	16.64	0.00	13.99	44.56	0.00	0.00	7.00	7.00
341	0.00	41.00	0.74	2.07	0.52	615246.53	0.00	0.00	16.64	0.00	13.65	44.15	0.00	0.00	7.00	7.00
342	0.00	42.00	0.74	2.07	0.52	615246.53	0.00	0.00	16.64	0.00	13.32	43.50	0.00	0.00	7.00	7.00
343	0.00	43.00	0.74	2.07	0.52	615246.53	0.00	0.00	16.64	0.00	13.01	43.17	0.00	0.00	7.00	7.00
344	0.00	44.00	0.74	2.07	0.52	615246.53	0.00	0.00	16.64	0.00	12.72	42.84	0.00	0.00	7.00	7.00
345	0.00	45.00	0.74	2.07	0.52	615246.53	0.00	0.00	16.64	0.00	12.43	42.55	0.00	0.00	7.00	7.00
346	0.00	46.00	0.74	2.07	0.52	615246.53	0.00	0.00	16.64	0.00	12.16	42.51	0.00	0.00	7.00	7.00
347	0.00	47.00	0.74	2.07	0.52	615246.53	0.00	0.00	16.64	0.00	11.91	42.24	0.00	0.00	7.00	7.00
348	0.00	48.00	0.74	2.07	0.52	615246.53	0.00	0.00	16.64	0.00	11.66	42.67	0.00	0.00	7.00	7.00
349	0.00	49.00	0.74	2.07	0.52	615246.53	0.00	0.00	16.64	0.00	14.47	43.37	0.00	0.00	7.00	7.00
350	0.00	50.00	0.74	2.07	0.52	615246.53	0.00	0.00	16.64	0.00	14.18	43.38	0.00	0.00	7.00	7.00
351	0.00	51.00	0.74	2.07	0.52	615246.53	0.00	0.00	16.64	0.00	13.90	43.41	0.00	0.00	7.00	7.00
352	0.00	52.00	0.74	2.07	0.52	615246.53	0.00	0.00	16.64	0.00	13.63	43.59	0.00	0.00	7.00	7.00
353	0.00	53.00	0.74	2.07	0.52	615246.53	0.00	0.00	16.64	0.00	13.37	43.28	0.00	0.00	7.00	7.00
354	0.00	54.00	0.74	2.07	0.52	615246.53	0.00	0.00	16.64	0.00	15.08	42.87	0.00	0.00	7.00	7.00
355	0.00	55.00	0.74	2.07	0.52	615246.53	0.00	0.00	16.64	0.00	16.98	43.03	0.00	0.00	7.00	7.00
356	0.00	56.00	0.74	2.07	0.52	615246.53	0.00	0.00	16.64	0.00	16.68	43.19	0.00	0.00	7.00	7.00
357	0.00	57.00	0.74	2.07	0.52	615246.53	0.00	0.00	16.64	0.00	16.38	43.76	0.00	0.00	7.00	7.00
358	0.00	58.00	0.74	2.07	0.52	615246.53	0.00	0.00	16.64	0.00	17.92	43.31	0.00	0.00	7.00	7.00
359	0.00	59.00	0.74	2.07	0.52	615246.53	0.00	0.00	16.64	0.00	17.61	43.85	0.00	0.00	7.00	7.00
360	0.00	60.00	0.74	2.07	0.52	615246.53	0.00	0.00	16.64	0.00	17.32	44.02	0.00	0.00	7.00	7.00
361	0.00	61.00	0.74	2.07	0.52	615246.53	0.00	0.00	16.64	0.00	17.04	43.78	0.00	0.00	7.00	7.00
362	0.00	62.00	0.74	2.07	0.52	615246.53	0.00	0.00	16.64	0.00	16.76	43.52	0.00	0.00	7.00	7.00
363	0.00	63.00	0.74	2.07	0.52	615246.53	0.00	0.00	16.64	0.00	16.50	43.64	0.00	0.00	7.00	7.00
364	0.00	64.00	0.74	2.07	0.52	615246.53	0.00	0.00	16.64	0.00	16.24	43.77	0.00	0.00	7.00	7.00
365	0.00	65.00	0.74	2.07	0.52	615246.53	0.00	0.00	16.64	0.00	15.99	43.89	0.00	0.00	7.00	7.00
366	0.00	66.00	0.74	2.07	0.52	615246.53	0.00	0.00	16.64	0.00	15.75	43.67	0.00	0.00	7.00	7.00
367	0.00	67.00	0.74	2.07	0.52	615246.53	0.00	0.00	16.64	0.00	15.51	43.79	0.00	0.00	7.00	7.00
368	0.00	68.00	0.74	2.07	0.52	615246.53	0.00	0.00	16.64	0.00	15.28	44.26	0.00	0.00	7.00	7.00
369	0.00	69.00	0.74	2.07	0.52	615246.53	0.00	0.00	16.64	0.00	15.06	44.03	0.00	0.00	7.00	7.00
370	0.00	70.00	0.74	2.07	0.52	615246.53	0.00	0.00	16.64	0.00	14.85	43.81	0.00	0.00	7.00	7.00
371	0.00	71.00	0.74	2.07	0.52	615246.53	0.00	0.00	16.64	0.00	14.64	43.92	0.00	0.00	7.00	7.00
372	0.00	72.00	0.74	2.07	0.52	615246.53	0.00	0.00	16.64	0.00	14.43	44.03	0.00	0.00	7.00	7.00
373	0.00	73.00	0.74	2.07	0.52	615246.53	0.00	0.00	16.64	0.00	15.90	44.48	0.00	0.00	7.00	7.00
374	0.00	74.00	0.74	2.07	0.52	615246.53	0.00	0.00	16.64	0.00	15.68	44.78	0.00	0.00	7.00	7.00
375	0.00	25.00	0.74	2.07	0.52	615246.53	0.00	0.00	16.64	0.00	9.99	37.47	0.00	0.00	7.00	7.00
376	0.00	26.00	0.74	2.07	0.52	615246.53	0.00	0.00	16.64	0.00	9.60	37.10	0.00	0.00	7.00	7.00
377	0.00	27.00	0.74	2.07	0.52	615246.53	0.00	0.00	16.64	0.00	9.25	37.16	0.00	0.00	7.00	7.00
378	0.00	28.00	0.74	2.07	0.52	615246.53	0.00	0.00	16.64	0.00	8.92	37.40	0.00	0.00	7.00	7.00
379	0.00	29.00	0.74	2.07	0.52	615246.53	0.00	0.00	16.64	0.00	12.24	38.27	0.00	0.00	7.00	7.00
380	0.00	30.00	0.74	2.07	0.52	615246.53	0.00	0.00	16.64	0.00	11.83	39.12	0.00	0.00	7.00	7.00
381	0.00	31.00	0.74	2.07	0.52	615246.53	0.00	0.00	16.64	0.00	11.45	38.75	0.00	0.00	7.00	7.00
382	0.00	32.00	0.74	2.07	0.52	615246.53	0.00	0.00	16.64	0.00	11.09	38.45	0.00	0.00	7.00	7.00
383	0.00	33.00	0.74	2.07	0.52	615246.53	0.00	0.00	16.64	0.00	10.76	38.12	0.00	0.00	7.00	7.00
384	0.00	34.00	0.74	2.07	0.52	615246.53	0.00	0.00	16.64	0.00	10.44	38.52	0.00	0.00	7.00	7.00
385	0.00	35.00	0.74	2.07	0.52	615246.53	0.00	0.00	16.64	0.00	10.14	38.29	0.00	0.00	7.00	7.00
386	0.00	36.00	0.74	2.07	0.52	615246.53	0.00	0.00	16.64	0.00	9.86	37.69	0.00	0.00	7.00	7.00
387	0.00	37.00	0.74	2.07	0.52	615246.53	0.00	0.00	16.64	0.00	9.59	37.42	0.00	0.00	7.00	7.00
388	0.00	38.00	0.74	2.07	0.52	615246.53	0.00	0.00	16.64	0.00	9.34	38.18	0.00	0.00	7.00	7.00
389	0.00	39.00	0.74	2.07	0.52	615246.53	0.00	0.00	16.64	0.00	12.93	38.56	0.00	0.00	7.00	7.00
390	0.00	40.00	0.74	2.07	0.52	615246.53	0.00	0.00	16.64	0.00	12.61	38.31	0.00	0.00	7.00	7.00
391	0.00	41.00	0.74	2.07	0.52	615246.53	0.00	0.00	16.64	0.00	12.30	39.81	0.00	0.00	7.00	7.00
392	0.00	42.00	0.74	2.07	0.52	615246.53	0.00	0.00	16.64	0.00	12.00	39.52	0.00	0.00	7.00	7.00
393	0.00	43.00	0.74	2.07	0.52	615246.53	0.00	0.00	16.64	0.00	11.73	39.24	0.00	0.00	7.00	7.00
394	0.00	44.00	0.74	2.07	0.52	615246.53	0.00	0.00	16.64	0.00	11.46	38.98	0.00	0.00	7.00	7.00
395	0.00	45.00	0.74	2.07	0.52	615246.53	0.00	0.00	16.64	0.00	11.20	39.60	0.00	0.00	7.00	7.00
396	0.00	46.00	0.74	2.07	0.52	615246.53	0.00	0.00	16.64	0.00	13.25	39.69	0.00	0.00	7.00	7.00
397	0.00	47.00	0.74	2.07	0.52	615246.53	0.00	0.00	16.64	0.00	12.97	39.43	0.00	0.00	7.00	7.00
398	0.00	48.00	0.74	2.07	0.52	615246.53	0.00	0.00	16.64	0.00	12.70	39.69	0.00	0.00	7.00	7.00
399	0.00	49.00	0.74	2.07	0.52	615246.53	0.00	0.00	16.64	0.00	12.44	39.95	0.00	0.00	7.00	7.00
400	0.00	50.00	0.74	2.07	0.52	615246.53	0.00	0.00	16.64	0.00	12.19	39.49	0.00	0.00	7.00	7.00
401	0.00	51.00	0.63	2.49	0.44	615253.43	0.00	0.00	16.64	0.00	11.95	39.27	0.00	0.00	7.00	7.00
402	0.00	52.00	0.63	2.49	0.44	615253.43	0.00	0.00	16.64	0.00	13.75	39.51	0.00	0.00	7.00	7.00
403	0.00	53.00	0.63	2.49	0.44	615253.43	0.00	0.00	16.64	0.00	13.49	39.59	0.00	0.00	7.00	7.00
404	0.00	54.00	0.63	2.49	0.44	615253.43	0.00	0.00	16.64	0.00	15.48	40.05	0.00	0.00	7.00	7.00
405	0.00	55.00	0.63	2.49	0.44	615253.43	0.00	0.00	16.64	0.00	19.29	40.12	0.00	0.00	7.00	7.00
406	0.00	56.00	0.63	2.49	0.44	615253.43	0.00	0.00	16.64	0.00	21.61	40.54	0.00	0.00	7.00	7.00
407	0.00	57.00	0.63	2.49	0.44	615253.43	0.00	0.00	16.64	0.00	21.24	41.58	0.00	0.00	7.00	7.00
408	0.00	58.00	0.63	2.49	0.44	615253.43	0.00	0.00	16.64	0.00	20.87	41.77	0.00	0.00	7.00	7.00
409	0.00	59.00	0.63	2.49	0.44	615253.43	0.00	0.00	16.64	0.00	20.52	41.53	0.00	0.00	7.00	7.00
410	0.00	60.00	0.63	2.49	0.44	615253.43	0.00	0.00	16.64	0.00	20.17	42.10	0.00	0.00	7.00	7.00
411	0.00	61.00	0.63	2.49	0.44	615253.43	0.00	0.00	16.64	0.00	19.84	42.44	0.00	0.00	7.00	7.00
412	0.00	62.00	0.63	2.49	0.44	615253.43	0.00	0.00	16.64	0.00	21.22	42.09	0.00	0.00	7.00	7.00
413	0.00	63.00	0.63	2.49	0.44	615253.43	0.00	0.00	16.64	0.00	20.88	41.71	0.00	0.00	7.00	7.00
414	0.00	64.00	0.63	2.49	0.44	615253.43	0.00	0.00	16.64	0.00	20.56	41.86	0.00	0.00	7.00	7.00
415	0.00	65.00	0.63	2.49	0.44	615253.43	0.00	0.00	16.64	0.00	20.24	41.66	0.00	0.00	7.00	7.00
416	0.00	66.00	0.63	2.49	0.44	615253.43	0.00	0.00	16.64	0.00	19.93	41.47	0.00	0.00	7.00	7.00
417	0.00	67.00	0.63	2.49	0.44	615253.43	0.00	0.00	16.64	0.00	19.64	41.85	0.00	0.00	7.00	7.00
418	0.00	68.00	0.63	2.49	0.44	615253.43	0.00	0.00	16.64	0.00	19.35	41.46	0.00	0.00	7.00	7.00
419	0.00	69.00	0.63	2.49	0.44	615253.43	0.00	0.00	16.64	0.00	19.07	41.26	0.00	0.00	7.00	7.00
420	0.00	70.00	0.63	2.49	0.44	615253.43	0.00	0.00	16.64	0.00	18.80	41.07	0.00	0.00	7.00	7.00
421	0.00	71.00	0.63	2.49	0.44	615251.99	0.00	0.00	16.06	0.00	18.53	40.72	0.00	0.00	7.00	7.00
422	0.00	72.00	0.63	2.49	0.44	615251.99	0.00	0.00	16.06	0.00	18.27	41.08	0.00	0.00	7.00	7.00
423	0.00	73.00	0.63	2.49	0.44	615251.99	0.00	0.00	16.06	0.00	19.07	41.23	0.00	0.00	7.00	7.00
424	0.00	74.00	0.63	2.49	0.44	615251.99	0.00	0.00	16.06	0.00	22.52	41.06	0.01	0.00	7.00	7.00
425	0.00	25.00	0.63	2.49	0.44	615251.99	0.00	0.00	16.06	0.00	14.20	34.61	0.00	0.00	7.00	7.00
426	0.00	26.00	0.63	2.49	0.44	615251.99	0.00	0.00	16.06	0.00	19.39	35.37	0.00	0.00	7.00	7.00
427	0.00	27.00	0.63	2.49	0.44	615251.99	0.00	0.00	16.06	0.00	18.67	35.49	0.00	0.00	7.00	7.00
428	0.00	28.00	0.63	2.49	0.44	615251.99	0.00	0.00	16.06	0.00	18.01	34.89	0.00	0.00	7.00	7.00
429	0.00	29.00	0.63	2.49	0.44	615251.99	0.00	0.00	16.06	0.00	17.39	34.24	0.00	0.00	7.00	7.00
430	0.00	30.00	0.63	2.49	0.44	615251.99	0.00	0.00	16.06	0.00	21.78	34.91	0.00	0.00	7.00	7.00
431	0.00	31.00	0.63	2.49	0.44	615251.99	0.00	0.00	16.06	0.00	21.08	34.30	0.00	0.00	7.00	7.00
432	0.00	32.00	0.63	2.49	0.44	615251.99	0.00	0.00	16.06	0.00	20.42	33.75	0.00	0.00	7.00	7.00
433	0.00	33.00	0.63	2.49	0.44	615251.99	0.00	0.00	16.06	0.00	19.80	33.26	0.00	0.00	7.00	7.00
434	0.00	34.00	0.63	2.49	0.44	615251.99	0.00	0.00	16.06	0.00	19.22	32.75	0.00	0.00	7.00	7.00
435	0.00	35.00	0.63	2.49	0.44	615251.99	0.00	0.00	16.06	0.00	18.67	32.64	0.00	0.00	7.00	7.00
436	0.00	36.00	0.63	2.49	0.44	615251.99	0.00	0.00	16.06	0.00	18.15	32.19	0.00	0.00	7.00	7.00
437	0.00	37.00	0.63	2.49	0.44	615251.99	0.00	0.00	16.06	0.00	17.66	31.77	0.00	0.00	7.00	7.00
438	0.00	38.00	0.63	2.49	0.44	615251.99	0.00	0.00	16.06	0.00	17.20	31.36	0.00	0.00	7.00	7.00
439	0.00	39.00	0.63	2.49	0.44	615251.99	0.00	0.00	16.06	0.00	19.87	32.21	0.00	0.00	7.00	7.00
440	0.00	40.00	0.63	2.49	0.44	615251.99	0.00	0.00	16.06	0.00	19.37	32.37	0.00	0.00	7.00	7.00
441	0.00	41.00	0.63	2.49	0.44	615251.99	0.00	0.00	16.06	0.00	18.90	32.25	0.00	0.00	7.00	7.00
442	0.00	42.00	0.63	2.49	0.44	615251.99	0.00	0.00	16.06	0.00	18.45	32.14	0.00	0.00	7.00	7.00
443	0.00	43.00	0.63	2.49	0.44	615251.99	0.00	0.00	16.06	0.00	18.02	32.04	0.00	0.00	7.00	7.00
444	0.00	44.00	0.63	2.49	0.44	615251.99	0.00	0.00	16.06	0.00	17.61	31.68	0.00	0.00	7.00	7.00
445	0.00	45.00	0.63	2.49	0.44	615251.99	0.00	0.00	16.06	0.00	17.22	31.33	0.00	0.00	7.00	7.00
446	0.00	46.00	0.63	2.49	0.44	615251.99	0.00	0.00	16.06	0.00	16.84	31.25	0.00	0.00	7.00	7.00
447	0.00	47.00	0.63	2.49	0.44	615251.99	0.00	0.00	16.06	0.00	16.48	31.95	0.00	0.00	7.00	7.00
448	0.00	48.00	0.63	2.49	0.44	615251.99	0.00	0.00	16.06	0.00	16.14	31.62	0.00	0.00	7.00	7.00
449	0.00	49.00	0.63	2.49	0.44	615251.99	0.00	0.00	16.06	0.00	21.84	32.53	0.00	0.00	7.00	7.00
450	0.00	50.00	0.63	2.49	0.44	615251.99	0.00	0.00	16.06	0.00	21.40	32.22	0.00	0.00	7.00	7.00
451	0.00	51.00	0.63	2.49	0.44	615251.99	0.00	0.00	16.06	0.00	20.98	32.18	0.00	0.00	7.00	7.00
452	0.00	52.00	0.63	2.49	0.44	615251.99	0.00	0.00	16.06	0.00	20.58	31.88	0.00	0.00	7.00	7.00
453	0.00	53.00	0.63	2.49	0.44	615251.99	0.00	0.00	16.06	0.00	20.19	31.60	0.00	0.00	7.00	7.00
454	0.00	54.00	0.63	2.49	0.44	615251.99	0.00	0.00	16.06	0.00	19.82	31.32	0.00	0.00	7.00	7.00
455	0.00	55.00	0.63	2.49	0.44	615251.99	0.00	0.00	16.06	0.00	19.46	31.04	0.00	0.00	7.00	7.00
456	0.00	56.00	0.63	2.49	0.44	615251.99	0.00	0.00	16.06	0.00	19.11	30.78	0.00	0.00	7.00	7.00
457	0.00	57.00	0.63	2.49	0.44	615251.99	0.00	0.00	16.06	0.00	26.15	31.45	0.02	0.00	7.00	7.00
458	0.00	58.00	0.63	2.49	0.44	615251.99	0.00	0.00	16.06	0.00	25.70	31.18	0.02	0.00	7.00	7.00
459	0.00	59.00	0.63	2.49	0.44	615251.37	0.00	0.00	15.81	0.00	25.27	30.92	0.02	0.00	7.00	7.00
460	0.00	60.00	0.63	2.49	0.44	615251.37	0.00	0.00	15.81	0.00	24.85	30.87	0.02	0.00	7.00	7.00
461	0.00	61.00	0.63	2.49	0.44	615251.37	0.00	0.00	15.81	0.00	24.44	30.64	0.02	0.00	7.00	7.00
462	0.00	62.00	0.63	2.49	0.44	615251.37	0.00	0.00	15.81	0.00	24.04	30.41	0.02	0.00	7.00	7.00
463	0.00	63.00	0.63	2.49	0.44	615251.37	0.00	0.00	15.81	0.00	23.66	30.56	0.02	0.00	7.00	7.00
464	0.00	64.00	0.63	2.49	0.44	615251.37	0.00	0.00	15.81	0.00	23.29	30.51	0.02	0.00	7.00	7.00
465	0.00	65.00	0.63	2.49	0.44	615251.37	0.00	0.00	15.81	0.00	22.93	30.47	0.02	0.00	7.00	7.00
466	0.00	66.00	0.63	2.49	0.44	615251.37	0.00	0.00	15.81	0.00	22.59	30.26	0.02	0.00	7.00	7.00
467	0.00	67.00	0.63	2.49	0.44	615251.37	0.00	0.00	15.81	0.00	22.25	30.09	0.01	0.00	7.00	7.00
468	0.00	68.00	0.63	2.49	0.44	615251.37	0.00	0.00	15.81	0.00	21.92	29.88	0.01	0.00	7.00	7.00
469	0.00	69.00	0.63	2.49	0.44	615251.37	0.00	0.00	15.81	0.00	21.76	30.71	0.01	0.00	7.00	7.00
470	0.00	70.00	0.63	2.49	0.44	615251.37	0.00	0.00	15.81	0.00	21.44	30.50	0.01	0.00	7.00	7.00
471	0.00	71.00	0.63	2.49	0.44	615251.37	0.00	0.00	15.81	0.00	21.14	30.30	0.01	0.00	7.00	7.00
472	0.00	72.00	0.63	2.49	0.44	615251.37	0.00	0.00	15.81	0.00	20.85	30.41	0.01	0.00	7.00	7.00
473	0.00	73.00	0.63	2.49	0.44	615251.37	0.00	0.00	15.81	0.00	20.56	30.22	0.01	0.00	7.00	7.00
474	0.00	74.00	0.63	2.49	0.44	615251.37	0.00	0.00	15.81	0.00	20.29	30.33	0.01	0.00	7.00	7.00
475	0.00	25.00	0.63	2.49	0.44	615251.37	0.00	0.00	15.81	0.00	14.39	30.77	0.00	0.00	7.00	7.00
476	0.00	26.00	0.63	2.49	0.44	615251.37	0.00	0.00	15.81	0.00	25.20	30.27	0.00	0.00	7.00	7.00
477	0.00	27.00	0.63	2.49	0.44	615251.37	0.00	0.00	15.81	0.00	24.26	29.76	0.00	0.00	7.00	7.00
478	0.00	28.00	0.63	2.49	0.44	615251.37	0.00	0.00	15.81	0.00	24.46	29.78	0.00	0.00	7.00	7.00
479	0.00	29.00	0.63	2.49	0.44	615251.37	0.00	0.00	15.81	0.00	23.62	29.31	0.00	0.00	7.00	7.00
480	0.00	30.00	0.63	2.49	0.44	615251.37	0.00	0.00	15.81	0.00	22.83	31.22	0.00	0.00	7.00	7.00
481	0.00	31.00	0.63	2.49	0.44	615251.37	0.00	0.00	15.81	0.00	22.10	31.10	0.00	0.00	7.00	7.00
482	0.00	32.00	0.63	2.49	0.44	615251.37	0.00	0.00	15.81	0.00	25.20	32.14	0.00	0.00	7.00	7.00
483	0.00	33.00	0.63	2.49	0.44	615251.37	0.00	0.00	15.81	0.00	27.62	32.37	0.00	0.00	7.00	7.00
484	0.00	34.00	0.63	2.49	0.44	615251.37	0.00	0.00	15.81	0.00	26.81	32.59	0.00	0.00	7.00	7.00
485	0.00	35.00	0.63	2.49	0.44	615251.37	0.00	0.00	15.81	0.00	32.52	32.90	0.00	0.00	7.00	7.00
486	0.00	36.00	0.63	2.49	0.44	615251.37	0.00	0.00	15.81	0.00	31.61	33.73	0.00	0.00	7.00	7.00
487	0.00	37.00	0.63	2.49	0.44	615251.37	0.00	0.00	15.81	0.00	30.76	34.24	0.00	0.00	7.00	7.00
488	0.00	38.00	0.63	2.49	0.44	615251.37	0.00	0.00	15.81	0.00	29.95	33.76	0.00	0.00	7.00	7.00
489	0.00	39.00	0.63	2.49	0.44	615251.37	0.00	0.00	15.81	0.00	29.18	33.60	0.00	0.00	7.00	7.00
490	0.00	40.00	0.63	2.49	0.44	615251.37	0.00	0.00	15.81	0.00	28.45	34.36	0.00	0.00	7.00	7.00
491	0.00	41.00	0.63	2.49	0.44	615251.37	0.00	0.00	15.81	0.00	33.38	34.83	0.02	0.00	7.00	7.00
492	0.00	42.00	0.63	2.49	0.44	615251.37	0.00	0.00	15.81	0.00	32.59	34.38	0.02	0.00	7.00	7.00
493	0.00	43.00	0.63	2.49	0.44	615251.37	0.00	0.00	15.81	0.00	34.28	35.04	0.02	0.00	7.00	7.00
494	0.00	44.00	0.63	2.49	0.44	615251.37	0.00	0.00	15.81	0.00	33.50	34.87	0.02	0.00	7.00	7.00
495	0.00	45.00	0.63	2.49	0.44	615251.37	0.00	0.00	15.81	0.00	35.10	34.49	0.02	0.00	7.00	7.00
496	0.00	46.00	0.63	2.49	0.44	615251.37	0.00	0.00	15.81	0.00	34.33	35.19	0.02	0.00	7.00	7.00
497	0.00	47.00	0.63	2.49	0.44	615251.37	0.00	0.00	15.81	0.00	33.60	35.02	0.02	0.00	7.00	7.00
498	0.00	48.00	0.63	2.49	0.44	615251.37	0.00	0.00	15.81	0.00	32.90	34.63	0.02	0.00	7.00	7.00
499	0.00	49.00	0.63	2.49	0.44	615251.37	0.00	0.00	15.81	0.00	32.23	34.24	0.02	0.00	7.00	7.00
500	0.00	50.00	0.63	2.49	0.44	615251.37	0.00	0.00	15.81	0.00	31.59	34.11	0.02	0.00	7.00	7.00
501	0.00	51.00	0.53	2.99	0.38	615259.23	0.00	0.00	15.81	0.00	30.97	33.76	0.02	0.00	7.00	7.00
502	0.00	52.00	0.53	2.99	0.38	615259.23	0.00	0.00	15.81	0.00	32.40	33.50	0.02	0.00	7.00	7.00
503	0.00	53.00	0.53	2.99	0.38	615259.23	0.00	0.00	15.81	0.00	36.97	34.18	0.04	0.00	7.00	7.00
504	0.00	54.00	0.53	2.99	0.38	615259.23	0.00	0.00	15.81	0.00	36.80	34.78	0.04	0.00	7.00	7.00
505	0.00	55.00	0.53	2.99	0.38	615259.23	0.00	0.00	15.81	0.00	36.13	34.45	0.04	0.00	7.00	7.00
506	0.00	56.00	0.53	2.99	0.38	615259.23	0.00	0.00	15.81	0.00	35.48	34.33	0.04	0.00	7.00	7.00
507	0.00	57.00	0.53	2.99	0.38	615259.23	0.00	0.00	15.81	0.00	34.86	34.00	0.04	0.00	7.00	7.00
508	0.00	58.00	0.53	2.99	0.38	615259.23	0.00	0.00	15.81	0.00	34.26	33.91	0.03	0.00	7.00	7.00
509	0.00	59.00	0.53	2.99	0.38	615259.23	0.00	0.00	15.81	0.00	33.68	33.80	0.03	0.00	7.00	7.00
510	0.00	60.00	0.53	2.99	0.38	615259.23	0.00	0.00	15.81	0.00	33.12	34.31	0.03	0.00	7.00	7.00
511	0.00	61.00	0.53	2.99	0.38	615259.23	0.00	0.00	15.81	0.00	32.57	34.61	0.03	0.00	7.00	7.00
512	0.00	62.00	0.53	2.99	0.38	615259.23	0.00	0.00	15.81	0.00	36.81	34.38	0.03	0.00	7.00	7.00
513	0.00	63.00	0.53	2.99	0.38	615259.23	0.00	0.00	15.81	0.00	36.23	34.09	0.03	0.00	7.00	7.00
514	0.00	64.00	0.53	2.99	0.38	615259.23	0.00	0.00	15.81	0.00	35.66	34.01	0.03	0.00	7.00	7.00
515	0.00	65.00	0.53	2.99	0.38	615259.23	0.00	0.00	15.81	0.00	35.11	34.45	0.03	0.00	7.00	7.00
516	0.00	66.00	0.53	2.99	0.38	615259.23	0.00	0.00	15.81	0.00	34.58	34.18	0.03	0.00	7.00	7.00
517	0.00	67.00	0.53	2.99	0.38	615259.23	0.00	0.00	15.81	0.00	34.06	34.08	0.03	0.00	7.00	7.00
518	0.00	68.00	0.53	2.99	0.38	615259.23	0.00	0.00	15.81	0.00	33.56	33.98	0.03	0.00	7.00	7.00
519	0.00	69.00	0.53	2.99	0.38	615259.23	0.00	0.00	15.81	0.00	33.08	33.72	0.03	0.00	7.00	7.00
520	0.00	70.00	0.53	2.99	0.38	615259.23	0.00	0.00	15.81	0.00	36.47	34.32	0.03	0.00	7.00	7.00
521	0.00	71.00	0.53	2.99	0.38	615259.23	0.00	0.00	15.81	0.00	35.95	34.08	0.03	0.00	7.00	7.00
522	0.00	72.00	0.53	2.99	0.38	615259.23	0.00	0.00	15.81	0.00	35.46	33.99	0.03	0.00	7.00	7.00
523	0.00	73.00	0.53	2.99	0.38	615259.23	0.00	0.00	15.81	0.00	34.97	34.23	0.03	0.00	7.00	7.00
524	0.00	74.00	0.53	2.99	0.38	615259.23	0.00	0.00	15.81	0.00	36.14	34.70	0.03	0.00	7.00	7.00
525	0.00	25.00	0.53	2.99	0.38	615259.23	0.00	0.00	15.81	0.00	8.42	26.85	0.00	0.00	7.00	7.00
526	0.00	26.00	0.53	2.99	0.38	615259.23	0.00	0.00	15.81	0.00	8.10	26.46	0.00	0.00	7.00	7.00
527	0.00	27.00	0.53	2.99	0.38	615259.23	0.00	0.00	15.81	0.00	7.80	26.09	0.00	0.00	7.00	7.00
528	0.00	28.00	0.53	2.99	0.38	615259.23	0.00	0.00	15.81	0.00	7.52	27.94	0.00	0.00	7.00	7.00
529	0.00	29.00	0.53	2.99	0.38	615259.23	0.00	0.00	15.81	0.00	7.26	27.93	0.00	0.00	7.00	7.00
530	0.00	30.00	0.53	2.99	0.38	615259.23	0.00	0.00	15.81	0.00	7.02	27.53	0.00	0.00	7.00	7.00
531	0.00	31.00	0.53	2.99	0.38	615259.23	0.00	0.00	15.81	0.00	6.79	27.16	0.00	0.00	7.00	7.00
532	0.00	32.00	0.53	2.99	0.38	615259.23	0.00	0.00	15.81	0.00	6.58	26.83	0.00	0.00	7.00	7.00
533	0.00	33.00	0.53	2.99	0.38	615259.23	0.00	0.00	15.81	0.00	10.06	28.31	0.00	0.00	7.00	7.00
534	0.00	34.00	0.53	2.99	0.38	615259.23	0.00	0.00	15.81	0.00	9.76	28.04	0.00	0.00	7.00	7.00
535	0.00	35.00	0.53	2.99	0.38	615259.23	0.00	0.00	15.81	0.00	9.48	28.47	0.00	0.00	7.00	7.00
536	0.00	36.00	0.53	2.99	0.38	615259.23	0.00	0.00	15.81	0.00	9.22	28.15	0.00	0.00	7.00	7.00
537	0.00	37.00	0.53	2.99	0.38	615259.23	0.00	0.00	15.81	0.00	8.97	28.19	0.00	0.00	7.00	7.00
538	0.00	38.00	0.53	2.99	0.38	615259.23	0.00	0.00	15.81	0.00	8.73	28.81	0.00	0.00	7.00	7.00
539	0.00	39.00	0.53	2.99	0.38	615259.23	0.00	0.00	15.81	0.00	8.51	28.78	0.00	0.00	7.00	7.00
540	0.00	40.00	0.53	2.99	0.38	615259.23	0.00	0.00	15.81	0.00	8.30	29.35	0.00	0.00	7.00	7.00
541	0.00	41.00	0.53	2.99	0.38	615259.23	0.00	0.00	15.81	0.00	13.72	29.89	0.02	0.00	7.00	7.00
542	0.00	42.00	0.53	2.99	0.38	615259.23	0.00	0.00	15.81	0.00	13.39	29.67	0.02	0.00	7.00	7.00
543	0.00	43.00	0.53	2.99	0.38	615259.23	0.00	0.00	15.81	0.00	13.08	29.35	0.02	0.00	7.00	7.00
544	0.00	44.00	0.53	2.99	0.38	615259.23	0.00	0.00	15.81	0.00	12.78	29.06	0.02	0.00	7.00	7.00
545	0.00	45.00	0.53	2.99	0.38	615259.23	0.00	0.00	15.81	0.00	12.50	28.77	0.02	0.00	7.00	7.00
546	0.00	46.00	0.53	2.99	0.38	615259.23	0.00	0.00	15.81	0.00	12.23	28.52	0.02	0.00	7.00	7.00
547	0.00	47.00	0.53	2.99	0.38	615259.23	0.00	0.00	15.81	0.00	14.21	28.50	0.02	0.00	7.00	7.00
548	0.00	48.00	0.53	2.99	0.38	615259.23	0.00	0.00	15.81	0.00	13.91	28.98	0.02	0.00	7.00	7.00
549	0.00	49.00	0.53	2.99	0.38	615259.23	0.00	0.00	15.81	0.00	13.63	28.73	0.02	0.00	7.00	7.00
550	0.00	50.00	0.53	2.99	0.38	615259.23	0.00	0.00	15.81	0.00	17.19	29.19	0.02	0.00	7.00	7.00
551	0.00	51.00	0.53	2.99	0.38	615259.23	0.00	0.00	15.81	0.00	18.92	30.42	0.02	0.00	7.00	7.00
552	0.00	52.00	0.53	2.99	0.38	615259.23	0.00	0.00	15.81	0.00	18.56	30.19	0.02	0.00	7.00	7.00
553	0.00	53.00	0.53	2.99	0.38	615259.23	0.00	0.00	15.81	0.00	18.21	30.14	0.02	0.00	7.00	7.00
554	0.00	54.00	0.53	2.99	0.38	615259.23	0.00	0.00	15.81	0.00	17.87	29.89	0.02	0.00	7.00	7.00
555	0.00	55.00	0.53	2.99	0.38	615259.23	0.00	0.00	15.81	0.00	17.54	29.68	0.02	0.00	7.00	7.00
556	0.00	56.00	0.53	2.99	0.38	615259.23	0.00	0.00	15.81	0.00	17.23	29.45	0.02	0.00	7.00	7.00
557	0.00	57.00	0.53	2.99	0.38	615259.23	0.00	0.00	15.81	0.00	16.93	29.84	0.02	0.00	7.00	7.00
558	0.00	58.00	0.53	2.99	0.38	615259.23	0.00	0.00	15.81	0.00	19.21	30.76	0.02	0.00	7.00	6.98
559	0.00	59.00	0.53	2.99	0.38	615259.23	0.00	0.00	15.81	0.00	20.94	31.32	0.02	0.00	7.00	6.98
560	0.00	60.00	0.53	2.99	0.38	615259.23	0.00	0.00	15.81	0.00	20.59	31.26	0.02	0.00	7.00	6.98
561	0.00	61.00	0.53	2.99	0.38	615259.23	0.00	0.00	15.81	0.00	20.25	31.20	0.02	0.00	7.00	6.98
562	0.00	62.00	0.53	2.99	0.38	615259.23	0.00	0.00	15.81	0.00	19.93	30.97	0.02	0.00	7.00	6.98
563	0.00	63.00	0.53	2.99	0.38	615259.23	0.00	0.00	15.81	0.00	19.61	31.32	0.02	0.00	7.00	6.98
564	0.00	64.00	0.53	2.99	0.38	615259.23	0.00	0.00	15.81	0.00	19.30	31.12	0.02	0.00	7.00	6.98
565	0.00	65.00	0.53	2.99	0.38	615259.23	0.00	0.00	15.81	0.00	20.63	31.32	0.02	0.00	7.00	6.98
566	0.00	66.00	0.53	2.99	0.38	615259.23	0.00	0.00	15.81	0.00	20.31	31.08	0.02	0.00	7.00	6.98
567	0.00	67.00	0.53	2.99	0.38	615259.23	0.00	0.00	15.81	0.00	21.80	31.39	0.01	0.00	7.00	6.99
568	0.00	68.00	0.53	2.99	0.38	615259.23	0.00	0.00	15.81	0.00	21.48	32.20	0.01	0.00	7.00	6.99
569	0.00	69.00	0.53	2.99	0.38	615259.23	0.00	0.00	15.81	0.00	22.69	32.38	0.01	0.00	7.00	6.99
570	0.00	70.00	0.53	2.99	0.38	615259.23	0.00	0.00	15.81	0.00	22.37	32.65	0.01	0.00	7.00	6.99
571	0.00	71.00	0.53	2.99	0.38	615259.23	0.00	0.00	15.81	0.00	22.05	32.74	0.01	0.00	7.00	6.99
572	0.00	72.00	0.53	2.99	0.38	615259.23	0.00	0.00	15.81	0.00	21.75	32.50	0.01	0.00	7.00	6.99
