some parameters
Gen.	# feasible solutions	# infeasible solutions	cap. penality	dur. penality	num. penality	best penalized cost	best feasible cost	best cap. violation	best dur. violation	best num. violation	avg cap. violation	avg dur. violation	avg num. violation
1	3.00	48.00	850.00	12000.00	42500.00	578551.14	578551.14	0.00	0.00	0.00	0.00	16.95	0.00
2	4.00	48.00	850.00	12000.00	42500.00	578551.14	578551.14	0.00	0.00	0.00	0.00	16.62	0.00
3	4.00	49.00	850.00	12000.00	42500.00	578551.14	578551.14	0.00	0.00	0.00	0.00	16.60	0.00
4	4.00	50.00	850.00	12000.00	42500.00	578551.14	578551.14	0.00	0.00	0.00	0.00	16.44	0.00
5	5.00	50.00	850.00	12000.00	42500.00	578551.14	578551.14	0.00	0.00	0.00	0.00	16.14	0.00
6	6.00	50.00	850.00	12000.00	42500.00	578551.14	578551.14	0.00	0.00	0.00	0.00	15.86	0.00
7	6.00	51.00	850.00	12000.00	42500.00	578551.14	578551.14	0.00	0.00	0.00	0.00	15.78	0.00
8	6.00	52.00	850.00	12000.00	42500.00	578551.14	578551.14	0.00	0.00	0.00	0.00	15.84	0.00
9	6.00	53.00	850.00	12000.00	42500.00	578551.14	578551.14	0.00	0.00	0.00	0.00	15.96	0.00
10	6.00	54.00	850.00	12000.00	42500.00	578551.14	578551.14	0.00	0.00	0.00	0.00	15.86	0.00
11	7.00	54.00	850.00	12000.00	42500.00	578551.14	578551.14	0.00	0.00	0.00	0.00	15.60	0.00
12	7.00	55.00	850.00	12000.00	42500.00	578551.14	578551.14	0.00	0.00	0.00	0.00	15.90	0.00
13	8.00	55.00	850.00	12000.00	42500.00	578551.14	578551.14	0.00	0.00	0.00	0.00	15.65	0.00
14	8.00	56.00	850.00	12000.00	42500.00	578551.14	578551.14	0.00	0.00	0.00	0.00	15.45	0.00
15	8.00	57.00	850.00	12000.00	42500.00	578551.14	578551.14	0.00	0.00	0.00	0.00	15.39	0.00
16	8.00	58.00	850.00	12000.00	42500.00	578551.14	578551.14	0.00	0.00	0.00	0.00	15.21	0.00
17	8.00	59.00	850.00	12000.00	42500.00	578551.14	578551.14	0.00	0.00	0.00	0.00	15.32	0.00
18	8.00	60.00	850.00	12000.00	42500.00	578551.14	578551.14	0.00	0.00	0.00	0.00	15.22	0.00
19	8.00	61.00	850.00	12000.00	42500.00	578551.14	578551.14	0.00	0.00	0.00	0.00	15.26	0.00
20	8.00	62.00	850.00	12000.00	42500.00	578551.14	578551.14	0.00	0.00	0.00	0.00	15.14	0.00
21	8.00	63.00	850.00	12000.00	42500.00	578551.14	578551.14	0.00	0.00	0.00	0.00	15.09	0.00
22	8.00	64.00	850.00	12000.00	42500.00	578551.14	578551.14	0.00	0.00	0.00	0.00	15.09	0.00
23	8.00	65.00	850.00	12000.00	42500.00	578551.14	578551.14	0.00	0.00	0.00	0.00	14.93	0.00
24	8.00	66.00	850.00	12000.00	42500.00	578551.14	578551.14	0.00	0.00	0.00	0.00	14.92	0.00
25	8.00	67.00	850.00	12000.00	42500.00	578551.14	578551.14	0.00	0.00	0.00	0.00	14.92	0.00
26	8.00	68.00	850.00	12000.00	42500.00	578551.14	578551.14	0.00	0.00	0.00	0.00	14.98	0.00
27	8.00	69.00	850.00	12000.00	42500.00	578551.14	578551.14	0.00	0.00	0.00	0.00	15.02	0.00
28	8.00	70.00	850.00	12000.00	42500.00	578551.14	578551.14	0.00	0.00	0.00	0.00	15.37	0.00
29	8.00	71.00	850.00	12000.00	42500.00	578551.14	578551.14	0.00	0.00	0.00	0.00	15.46	0.00
30	9.00	71.00	850.00	12000.00	42500.00	578551.14	578551.14	0.00	0.00	0.00	0.00	15.27	0.00
31	9.00	72.00	850.00	12000.00	42500.00	578551.14	578551.14	0.00	0.00	0.00	0.00	15.27	0.00
32	9.00	73.00	850.00	12000.00	42500.00	578551.14	578551.14	0.00	0.00	0.00	0.00	15.26	0.00
33	9.00	74.00	850.00	12000.00	42500.00	578551.14	578551.14	0.00	0.00	0.00	0.00	15.26	0.00
34	9.00	25.00	850.00	12000.00	42500.00	578551.14	578551.14	0.00	0.00	0.00	0.00	9.36	0.00
35	9.00	26.00	850.00	12000.00	42500.00	578551.14	578551.14	0.00	0.00	0.00	0.00	9.29	0.00
36	9.00	27.00	850.00	12000.00	42500.00	578551.14	578551.14	0.00	0.00	0.00	0.00	9.11	0.00
37	9.00	28.00	850.00	12000.00	42500.00	578551.14	578551.14	0.00	0.00	0.00	0.00	9.37	0.00
38	9.00	29.00	850.00	12000.00	42500.00	578551.14	578551.14	0.00	0.00	0.00	0.00	9.45	0.00
39	9.00	30.00	850.00	12000.00	42500.00	578551.14	578551.14	0.00	0.00	0.00	0.00	9.62	0.00
40	9.00	31.00	850.00	12000.00	42500.00	578551.14	578551.14	0.00	0.00	0.00	0.00	9.77	0.00
41	10.00	31.00	850.00	12000.00	42500.00	578551.14	578551.14	0.00	0.00	0.00	0.00	9.53	0.00
42	11.00	31.00	850.00	12000.00	42500.00	578551.14	578551.14	0.00	0.00	0.00	0.00	9.30	0.00
43	11.00	32.00	850.00	12000.00	42500.00	578551.14	578551.14	0.00	0.00	0.00	0.00	9.35	0.00
44	12.00	32.00	850.00	12000.00	42500.00	578551.14	578551.14	0.00	0.00	0.00	0.00	9.14	0.00
45	12.00	33.00	850.00	12000.00	42500.00	578551.14	578551.14	0.00	0.00	0.00	0.00	9.27	0.00
46	12.00	34.00	850.00	12000.00	42500.00	578551.14	578551.14	0.00	0.00	0.00	0.00	9.29	0.00
47	12.00	35.00	850.00	12000.00	42500.00	578551.14	578551.14	0.00	0.00	0.00	0.00	9.60	0.00
48	12.00	36.00	850.00	12000.00	42500.00	578551.14	578551.14	0.00	0.00	0.00	0.00	9.87	0.00
49	12.00	37.00	850.00	12000.00	42500.00	578551.14	578551.14	0.00	0.00	0.00	0.00	10.60	0.00
50	12.00	38.00	850.00	12000.00	42500.00	578551.14	578551.14	0.00	0.00	0.00	0.00	10.69	0.00
51	12.00	39.00	850.00	12000.00	42500.00	578551.14	578551.14	0.00	0.00	0.00	0.00	10.70	0.00
52	12.00	40.00	850.00	12000.00	42500.00	578551.14	578551.14	0.00	0.00	0.00	0.00	10.72	0.00
53	12.00	41.00	850.00	12000.00	42500.00	578551.14	578551.14	0.00	0.00	0.00	0.00	10.65	0.00
54	12.00	42.00	850.00	12000.00	42500.00	578551.14	578551.14	0.00	0.00	0.00	0.00	10.81	0.00
55	12.00	43.00	850.00	12000.00	42500.00	578551.14	578551.14	0.00	0.00	0.00	0.00	10.74	0.00
56	13.00	43.00	850.00	12000.00	42500.00	578551.14	578551.14	0.00	0.00	0.00	0.00	10.55	0.00
57	13.00	44.00	850.00	12000.00	42500.00	578551.14	578551.14	0.00	0.00	0.00	0.00	10.49	0.00
58	13.00	45.00	850.00	12000.00	42500.00	578551.14	578551.14	0.00	0.00	0.00	0.00	10.70	0.00
59	13.00	46.00	850.00	12000.00	42500.00	578551.14	578551.14	0.00	0.00	0.00	0.00	10.76	0.00
60	13.00	47.00	850.00	12000.00	42500.00	578551.14	578551.14	0.00	0.00	0.00	0.00	12.05	0.00
61	13.00	48.00	850.00	12000.00	42500.00	578551.14	578551.14	0.00	0.00	0.00	0.00	12.09	0.00
62	14.00	48.00	850.00	12000.00	42500.00	578551.14	578551.14	0.00	0.00	0.00	0.00	11.90	0.00
63	14.00	49.00	850.00	12000.00	42500.00	578551.14	578551.14	0.00	0.00	0.00	0.00	12.18	0.00
64	15.00	49.00	850.00	12000.00	42500.00	578551.14	578551.14	0.00	0.00	0.00	0.00	11.99	0.00
65	15.00	50.00	850.00	12000.00	42500.00	578551.14	578551.14	0.00	0.00	0.00	0.00	12.06	0.00
66	16.00	50.00	850.00	12000.00	42500.00	578551.14	578551.14	0.00	0.00	0.00	0.00	11.87	0.00
67	16.00	51.00	850.00	12000.00	42500.00	578551.14	578551.14	0.00	0.00	0.00	0.00	11.88	0.00
68	16.00	52.00	850.00	12000.00	42500.00	578551.14	578551.14	0.00	0.00	0.00	0.00	11.91	0.00
69	16.00	53.00	850.00	12000.00	42500.00	578551.14	578551.14	0.00	0.00	0.00	0.00	11.78	0.00
70	16.00	54.00	850.00	12000.00	42500.00	578551.14	578551.14	0.00	0.00	0.00	0.00	11.65	0.00
71	16.00	55.00	850.00	12000.00	42500.00	578551.14	578551.14	0.00	0.00	0.00	0.00	11.53	0.00
72	17.00	55.00	850.00	12000.00	42500.00	578551.14	578551.14	0.00	0.00	0.00	0.00	11.37	0.00
73	17.00	56.00	850.00	12000.00	42500.00	578551.14	578551.14	0.00	0.00	0.00	0.00	11.36	0.00
74	17.00	57.00	850.00	12000.00	42500.00	578551.14	578551.14	0.00	0.00	0.00	0.00	11.52	0.00
75	17.00	58.00	850.00	12000.00	42500.00	578551.14	578551.14	0.00	0.00	0.00	0.00	11.47	0.00
76	17.00	59.00	850.00	12000.00	42500.00	578551.14	578551.14	0.00	0.00	0.00	0.00	12.19	0.00
77	17.00	60.00	850.00	12000.00	42500.00	578551.14	578551.14	0.00	0.00	0.00	0.00	12.14	0.00
78	17.00	61.00	850.00	12000.00	42500.00	578551.14	578551.14	0.00	0.00	0.00	0.00	12.13	0.00
79	17.00	62.00	850.00	12000.00	42500.00	578551.14	578551.14	0.00	0.00	0.00	0.00	12.12	0.00
80	17.00	63.00	850.00	12000.00	42500.00	578551.14	578551.14	0.00	0.00	0.00	0.00	12.20	0.00
81	17.00	64.00	850.00	12000.00	42500.00	578551.14	578551.14	0.00	0.00	0.00	0.00	12.33	0.00
82	18.00	64.00	850.00	12000.00	42500.00	578551.14	578551.14	0.00	0.00	0.00	0.00	12.18	0.00
83	19.00	64.00	850.00	12000.00	42500.00	578551.14	578551.14	0.00	0.00	0.00	0.00	12.03	0.00
84	19.00	65.00	850.00	12000.00	42500.00	578551.14	578551.14	0.00	0.00	0.00	0.00	12.16	0.00
85	19.00	66.00	850.00	12000.00	42500.00	578551.14	578551.14	0.00	0.00	0.00	0.00	12.13	0.00
86	19.00	67.00	850.00	12000.00	42500.00	578551.14	578551.14	0.00	0.00	0.00	0.00	12.18	0.00
87	19.00	68.00	850.00	12000.00	42500.00	578551.14	578551.14	0.00	0.00	0.00	0.00	12.12	0.00
88	20.00	68.00	850.00	12000.00	42500.00	578551.14	578551.14	0.00	0.00	0.00	0.00	11.98	0.00
89	20.00	69.00	850.00	12000.00	42500.00	578551.14	578551.14	0.00	0.00	0.00	0.00	11.93	0.00
90	20.00	70.00	850.00	12000.00	42500.00	578551.14	578551.14	0.00	0.00	0.00	0.00	11.92	0.00
91	20.00	71.00	850.00	12000.00	42500.00	578551.14	578551.14	0.00	0.00	0.00	0.00	11.86	0.00
92	20.00	72.00	850.00	12000.00	42500.00	578551.14	578551.14	0.00	0.00	0.00	0.00	11.89	0.00
93	20.00	73.00	850.00	12000.00	42500.00	578551.14	578551.14	0.00	0.00	0.00	0.00	11.98	0.00
94	20.00	74.00	850.00	12000.00	42500.00	578551.14	578551.14	0.00	0.00	0.00	0.00	11.93	0.00
95	20.00	25.00	850.00	12000.00	42500.00	578551.14	578551.14	0.00	0.00	0.00	0.00	6.57	0.00
96	20.00	26.00	850.00	12000.00	42500.00	578551.14	578551.14	0.00	0.00	0.00	0.00	6.76	0.00
97	21.00	26.00	850.00	12000.00	42500.00	578551.14	578551.14	0.00	0.00	0.00	0.00	6.61	0.00
98	21.00	27.00	850.00	12000.00	42500.00	578551.14	578551.14	0.00	0.00	0.00	0.00	6.92	0.00
99	21.00	28.00	850.00	12000.00	42500.00	578551.14	578551.14	0.00	0.00	0.00	0.00	7.00	0.00
100	21.00	29.00	850.00	12000.00	42500.00	578551.14	578551.14	0.00	0.00	0.00	0.00	7.09	0.00
101	21.00	30.00	722.50	14400.00	36125.00	578551.14	578551.14	0.00	0.00	0.00	0.00	7.18	0.00
102	21.00	31.00	722.50	14400.00	36125.00	578551.14	578551.14	0.00	0.00	0.00	0.00	7.38	0.00
103	21.00	32.00	722.50	14400.00	36125.00	578551.14	578551.14	0.00	0.00	0.00	0.00	7.46	0.00
104	21.00	33.00	722.50	14400.00	36125.00	578551.14	578551.14	0.00	0.00	0.00	0.00	8.96	0.00
105	22.00	33.00	722.50	14400.00	36125.00	578551.14	578551.14	0.00	0.00	0.00	0.00	8.80	0.00
106	22.00	34.00	722.50	14400.00	36125.00	578551.14	578551.14	0.00	0.00	0.00	0.00	8.84	0.00
107	22.00	35.00	722.50	14400.00	36125.00	578551.14	578551.14	0.00	0.00	0.00	0.00	8.89	0.00
108	22.00	36.00	722.50	14400.00	36125.00	578551.14	578551.14	0.00	0.00	0.00	0.00	8.87	0.00
109	22.00	37.00	722.50	14400.00	36125.00	578551.14	578551.14	0.00	0.00	0.00	0.00	8.92	0.00
110	22.00	38.00	722.50	14400.00	36125.00	578551.14	578551.14	0.00	0.00	0.00	0.00	11.19	0.00
111	22.00	39.00	722.50	14400.00	36125.00	578551.14	578551.14	0.00	0.00	0.00	0.00	11.24	0.00
112	23.00	39.00	722.50	14400.00	36125.00	578551.14	578551.14	0.00	0.00	0.00	0.00	11.06	0.00
113	24.00	39.00	722.50	14400.00	36125.00	578551.14	578551.14	0.00	0.00	0.00	0.00	10.89	0.00
114	24.00	40.00	722.50	14400.00	36125.00	578551.14	578551.14	0.00	0.00	0.00	0.00	10.84	0.00
115	25.00	40.00	722.50	14400.00	36125.00	578551.14	578551.14	0.00	0.00	0.00	0.00	10.68	0.00
116	25.00	41.00	722.50	14400.00	36125.00	578551.14	578551.14	0.00	0.00	0.00	0.00	10.56	0.00
117	25.00	42.00	722.50	14400.00	36125.00	578551.14	578551.14	0.00	0.00	0.00	0.00	10.46	0.00
118	25.00	43.00	722.50	14400.00	36125.00	578551.14	578551.14	0.00	0.00	0.00	0.00	10.64	0.00
119	26.00	43.00	722.50	14400.00	36125.00	578551.14	578551.14	0.00	0.00	0.00	0.00	10.48	0.00
120	26.00	44.00	722.50	14400.00	36125.00	578551.14	578551.14	0.00	0.00	0.00	0.00	10.66	0.00
121	26.00	45.00	722.50	14400.00	36125.00	578551.14	578551.14	0.00	0.00	0.00	0.00	10.67	0.00
122	26.00	46.00	722.50	14400.00	36125.00	578551.14	578551.14	0.00	0.00	0.00	0.00	10.82	0.00
123	27.00	46.00	722.50	14400.00	36125.00	578551.14	578551.14	0.00	0.00	0.00	0.00	10.67	0.00
124	28.00	46.00	722.50	14400.00	36125.00	578551.14	578551.14	0.00	0.00	0.00	0.00	10.53	0.00
125	29.00	46.00	722.50	14400.00	36125.00	578551.14	578551.14	0.00	0.00	0.00	0.00	10.39	0.00
126	29.00	47.00	722.50	14400.00	36125.00	578551.14	578551.14	0.00	0.00	0.00	0.00	10.44	0.00
127	29.00	48.00	722.50	14400.00	36125.00	578551.14	578551.14	0.00	0.00	0.00	0.00	10.50	0.00
128	29.00	49.00	722.50	14400.00	36125.00	578551.14	578551.14	0.00	0.00	0.00	0.00	10.47	0.00
129	29.00	50.00	722.50	14400.00	36125.00	578551.14	578551.14	0.00	0.00	0.00	0.00	10.77	0.00
130	30.00	50.00	722.50	14400.00	36125.00	578551.14	578551.14	0.00	0.00	0.00	0.00	10.64	0.00
131	31.00	50.00	722.50	14400.00	36125.00	578551.14	578551.14	0.00	0.00	0.00	0.00	10.50	0.00
132	32.00	50.00	722.50	14400.00	36125.00	578551.14	578551.14	0.00	0.00	0.00	0.00	10.38	0.00
133	33.00	50.00	722.50	14400.00	36125.00	578551.14	578551.14	0.00	0.00	0.00	0.00	10.25	0.00
134	33.00	51.00	722.50	14400.00	36125.00	578551.14	578551.14	0.00	0.00	0.00	0.00	10.23	0.00
135	33.00	52.00	722.50	14400.00	36125.00	578551.14	578551.14	0.00	0.00	0.00	0.00	10.27	0.00
136	33.00	53.00	722.50	14400.00	36125.00	578551.14	578551.14	0.00	0.00	0.00	0.00	10.24	0.00
137	33.00	54.00	722.50	14400.00	36125.00	578551.14	578551.14	0.00	0.00	0.00	0.00	10.38	0.00
138	33.00	55.00	722.50	14400.00	36125.00	578551.14	578551.14	0.00	0.00	0.00	0.00	10.87	0.00
139	34.00	55.00	722.50	14400.00	36125.00	578551.14	578551.14	0.00	0.00	0.00	0.00	10.75	0.00
140	34.00	56.00	722.50	14400.00	36125.00	578551.14	578551.14	0.00	0.00	0.00	0.00	10.66	0.00
141	35.00	56.00	722.50	14400.00	36125.00	578551.14	578551.14	0.00	0.00	0.00	0.00	10.54	0.00
142	36.00	56.00	722.50	14400.00	36125.00	578551.14	578551.14	0.00	0.00	0.00	0.00	10.43	0.00
143	36.00	57.00	722.50	14400.00	36125.00	578551.14	578551.14	0.00	0.00	0.00	0.00	10.40	0.00
144	36.00	58.00	722.50	14400.00	36125.00	578551.14	578551.14	0.00	0.00	0.00	0.00	10.48	0.00
145	36.00	59.00	722.50	14400.00	36125.00	578551.14	578551.14	0.00	0.00	0.00	0.00	10.49	0.00
146	36.00	60.00	722.50	14400.00	36125.00	578551.14	578551.14	0.00	0.00	0.00	0.00	10.41	0.00
147	36.00	61.00	722.50	14400.00	36125.00	578551.14	578551.14	0.00	0.00	0.00	0.00	10.74	0.00
148	37.00	61.00	722.50	14400.00	36125.00	578551.14	578551.14	0.00	0.00	0.00	0.00	10.63	0.00
149	37.00	62.00	722.50	14400.00	36125.00	578551.14	578551.14	0.00	0.00	0.00	0.00	10.64	0.00
150	38.00	62.00	722.50	14400.00	36125.00	578551.14	578551.14	0.00	0.00	0.00	0.00	10.53	0.00
151	38.00	63.00	722.50	14400.00	36125.00	578551.14	578551.14	0.00	0.00	0.00	0.00	10.45	0.00
152	39.00	63.00	722.50	14400.00	36125.00	578551.14	578551.14	0.00	0.00	0.00	0.00	10.35	0.00
153	39.00	64.00	722.50	14400.00	36125.00	578551.14	578551.14	0.00	0.00	0.00	0.00	10.33	0.00
154	39.00	65.00	722.50	14400.00	36125.00	578551.14	578551.14	0.00	0.00	0.00	0.00	10.56	0.00
155	39.00	66.00	722.50	14400.00	36125.00	578551.14	578551.14	0.00	0.00	0.00	0.00	10.58	0.00
156	40.00	66.00	722.50	14400.00	36125.00	578551.14	578551.14	0.00	0.00	0.00	0.00	10.48	0.00
157	40.00	67.00	722.50	14400.00	36125.00	578551.14	578551.14	0.00	0.00	0.00	0.00	10.41	0.00
158	40.00	68.00	722.50	14400.00	36125.00	578551.14	578551.14	0.00	0.00	0.00	0.00	10.45	0.00
159	41.00	68.00	722.50	14400.00	36125.00	578551.14	578551.14	0.00	0.00	0.00	0.00	10.35	0.00
160	41.00	69.00	722.50	14400.00	36125.00	578551.14	578551.14	0.00	0.00	0.00	0.00	10.33	0.00
161	41.00	70.00	722.50	14400.00	36125.00	578551.14	578551.14	0.00	0.00	0.00	0.00	10.34	0.00
162	42.00	70.00	722.50	14400.00	36125.00	578551.14	578551.14	0.00	0.00	0.00	0.00	10.25	0.00
163	42.00	71.00	722.50	14400.00	36125.00	578551.14	578551.14	0.00	0.00	0.00	0.00	10.28	0.00
164	43.00	71.00	722.50	14400.00	36125.00	578551.14	578551.14	0.00	0.00	0.00	0.00	10.19	0.00
165	44.00	71.00	722.50	14400.00	36125.00	578551.14	578551.14	0.00	0.00	0.00	0.00	10.11	0.00
166	44.00	72.00	722.50	14400.00	36125.00	578551.14	578551.14	0.00	0.00	0.00	0.00	10.12	0.00
167	44.00	73.00	722.50	14400.00	36125.00	578551.14	578551.14	0.00	0.00	0.00	0.00	10.23	0.00
168	44.00	74.00	722.50	14400.00	36125.00	578551.14	578551.14	0.00	0.00	0.00	0.00	10.24	0.00
169	44.00	25.00	722.50	14400.00	36125.00	578551.14	578551.14	0.00	0.00	0.00	0.00	4.51	0.00
170	44.00	26.00	722.50	14400.00	36125.00	578551.14	578551.14	0.00	0.00	0.00	0.00	4.60	0.00
171	44.00	27.00	722.50	14400.00	36125.00	578551.14	578551.14	0.00	0.00	0.00	0.00	5.28	0.00
172	44.00	28.00	722.50	14400.00	36125.00	578551.14	578551.14	0.00	0.00	0.00	0.00	5.25	0.00
173	44.00	29.00	722.50	14400.00	36125.00	578551.14	578551.14	0.00	0.00	0.00	0.00	5.27	0.00
174	44.00	30.00	722.50	14400.00	36125.00	578551.14	578551.14	0.00	0.00	0.00	0.00	5.39	0.00
175	44.00	31.00	722.50	14400.00	36125.00	578551.14	578551.14	0.00	0.00	0.00	0.00	5.36	0.00
176	45.00	31.00	722.50	14400.00	36125.00	578551.14	578551.14	0.00	0.00	0.00	0.00	5.29	0.00
177	45.00	32.00	722.50	14400.00	36125.00	578551.14	578551.14	0.00	0.00	0.00	0.00	5.31	0.00
178	45.00	33.00	722.50	14400.00	36125.00	578551.14	578551.14	0.00	0.00	0.00	0.00	5.56	0.00
179	46.00	33.00	722.50	14400.00	36125.00	578551.14	578551.14	0.00	0.00	0.00	0.00	5.49	0.00
180	46.00	34.00	722.50	14400.00	36125.00	578551.14	578551.14	0.00	0.00	0.00	0.00	5.74	0.00
181	46.00	35.00	722.50	14400.00	36125.00	578551.14	578551.14	0.00	0.00	0.00	0.00	5.71	0.00
182	47.00	35.00	722.50	14400.00	36125.00	578551.14	578551.14	0.00	0.00	0.00	0.00	5.64	0.00
183	47.00	36.00	722.50	14400.00	36125.00	578551.14	578551.14	0.00	0.00	0.00	0.00	5.74	0.00
184	47.00	37.00	722.50	14400.00	36125.00	578551.14	578551.14	0.00	0.00	0.00	0.00	5.71	0.00
185	47.00	38.00	722.50	14400.00	36125.00	578551.14	578551.14	0.00	0.00	0.00	0.00	5.77	0.00
186	47.00	39.00	722.50	14400.00	36125.00	578551.14	578551.14	0.00	0.00	0.00	0.00	5.80	0.00
187	47.00	40.00	722.50	14400.00	36125.00	578551.14	578551.14	0.00	0.00	0.00	0.00	5.97	0.00
188	47.00	41.00	722.50	14400.00	36125.00	578551.14	578551.14	0.00	0.00	0.00	0.00	6.02	0.00
189	47.00	42.00	722.50	14400.00	36125.00	578551.14	578551.14	0.00	0.00	0.00	0.00	6.08	0.00
190	47.00	43.00	722.50	14400.00	36125.00	578551.14	578551.14	0.00	0.00	0.00	0.00	7.29	0.00
191	48.00	43.00	722.50	14400.00	36125.00	578551.14	578551.14	0.00	0.00	0.00	0.00	7.21	0.00
192	49.00	43.00	722.50	14400.00	36125.00	578551.14	578551.14	0.00	0.00	0.00	0.00	7.14	0.00
193	49.00	44.00	722.50	14400.00	36125.00	578551.14	578551.14	0.00	0.00	0.00	0.00	7.09	0.00
194	50.00	44.00	722.50	14400.00	36125.00	578551.14	578551.14	0.00	0.00	0.00	0.00	7.01	0.00
195	51.00	44.00	722.50	14400.00	36125.00	578551.14	578551.14	0.00	0.00	0.00	0.00	6.94	0.00
196	51.00	45.00	722.50	14400.00	36125.00	578551.14	578551.14	0.00	0.00	0.00	0.00	6.90	0.00
197	52.00	45.00	722.50	14400.00	36125.00	578551.14	578551.14	0.00	0.00	0.00	0.00	6.83	0.00
198	52.00	46.00	722.50	14400.00	36125.00	578551.14	578551.14	0.00	0.00	0.00	0.00	7.16	0.00
199	52.00	47.00	722.50	14400.00	36125.00	578551.14	578551.14	0.00	0.00	0.00	0.00	7.11	0.00
200	53.00	47.00	722.50	14400.00	36125.00	578551.14	578551.14	0.00	0.00	0.00	0.00	7.04	0.00
201	54.00	47.00	614.12	17280.00	30706.25	578551.14	578551.14	0.00	0.00	0.00	0.00	6.97	0.00
202	54.00	48.00	614.12	17280.00	30706.25	578551.14	578551.14	0.00	0.00	0.00	0.00	6.93	0.00
203	54.00	49.00	614.12	17280.00	30706.25	578551.14	578551.14	0.00	0.00	0.00	0.00	7.09	0.00
204	54.00	50.00	614.12	17280.00	30706.25	578551.14	578551.14	0.00	0.00	0.00	0.00	7.21	0.00
205	54.00	51.00	614.12	17280.00	30706.25	578551.14	578551.14	0.00	0.00	0.00	0.00	7.17	0.00
206	55.00	51.00	614.12	17280.00	30706.25	578551.14	578551.14	0.00	0.00	0.00	0.00	7.10	0.00
207	55.00	52.00	614.12	17280.00	30706.25	578551.14	578551.14	0.00	0.00	0.00	0.00	7.12	0.00
208	55.00	53.00	614.12	17280.00	30706.25	578551.14	578551.14	0.00	0.00	0.00	0.00	7.12	0.00
209	56.00	53.00	614.12	17280.00	30706.25	578551.14	578551.14	0.00	0.00	0.00	0.00	7.06	0.00
210	56.00	54.00	614.12	17280.00	30706.25	578551.14	578551.14	0.00	0.00	0.00	0.00	7.17	0.00
211	57.00	54.00	614.12	17280.00	30706.25	578551.14	578551.14	0.00	0.00	0.00	0.00	7.10	0.00
212	57.00	55.00	614.12	17280.00	30706.25	578551.14	578551.14	0.00	0.00	0.00	0.00	7.26	0.00
213	57.00	56.00	614.12	17280.00	30706.25	578551.14	578551.14	0.00	0.00	0.00	0.00	7.33	0.00
214	57.00	57.00	614.12	17280.00	30706.25	578551.14	578551.14	0.00	0.00	0.00	0.00	7.33	0.00
215	57.00	58.00	614.12	17280.00	30706.25	578551.14	578551.14	0.00	0.00	0.00	0.00	7.33	0.00
216	57.00	59.00	614.12	17280.00	30706.25	578551.14	578551.14	0.00	0.00	0.00	0.00	7.29	0.00
217	58.00	59.00	614.12	17280.00	30706.25	578551.14	578551.14	0.00	0.00	0.00	0.00	7.23	0.00
218	58.00	60.00	614.12	17280.00	30706.25	578551.14	578551.14	0.00	0.00	0.00	0.00	7.32	0.00
219	58.00	61.00	614.12	17280.00	30706.25	578551.14	578551.14	0.00	0.00	0.00	0.00	7.29	0.00
220	58.00	62.00	614.12	17280.00	30706.25	578551.14	578551.14	0.00	0.00	0.00	0.00	7.34	0.00
221	58.00	63.00	614.12	17280.00	30706.25	578551.14	578551.14	0.00	0.00	0.00	0.00	7.57	0.00
222	58.00	64.00	614.12	17280.00	30706.25	578551.14	578551.14	0.00	0.00	0.00	0.00	7.57	0.00
223	58.00	65.00	614.12	17280.00	30706.25	578551.14	578551.14	0.00	0.00	0.00	0.00	7.60	0.00
224	59.00	65.00	614.12	17280.00	30706.25	578551.14	578551.14	0.00	0.00	0.00	0.00	7.54	0.00
225	59.00	66.00	614.12	17280.00	30706.25	578551.14	578551.14	0.00	0.00	0.00	0.00	7.57	0.00
226	59.00	67.00	614.12	17280.00	30706.25	578551.14	578551.14	0.00	0.00	0.00	0.00	7.53	0.00
227	59.00	68.00	614.12	17280.00	30706.25	578551.14	578551.14	0.00	0.00	0.00	0.00	7.83	0.00
228	60.00	68.00	614.12	17280.00	30706.25	578551.14	578551.14	0.00	0.00	0.00	0.00	7.77	0.00
229	60.00	69.00	614.12	17280.00	30706.25	578551.14	578551.14	0.00	0.00	0.00	0.00	7.80	0.00
230	60.00	70.00	614.12	17280.00	30706.25	578551.14	578551.14	0.00	0.00	0.00	0.00	7.78	0.00
231	61.00	70.00	614.12	17280.00	30706.25	578551.14	578551.14	0.00	0.00	0.00	0.00	7.72	0.00
232	61.00	71.00	614.12	17280.00	30706.25	578551.14	578551.14	0.00	0.00	0.00	0.00	7.68	0.00
233	61.00	72.00	614.12	17280.00	30706.25	578551.14	578551.14	0.00	0.00	0.00	0.00	7.89	0.00
234	61.00	73.00	614.12	17280.00	30706.25	578551.14	578551.14	0.00	0.00	0.00	0.00	8.12	0.00
235	61.00	74.00	614.12	17280.00	30706.25	578551.14	578551.14	0.00	0.00	0.00	0.00	8.22	0.00
236	61.00	25.00	614.12	17280.00	30706.25	578551.14	578551.14	0.00	0.00	0.00	0.00	2.76	0.00
237	61.00	26.00	614.12	17280.00	30706.25	578551.14	578551.14	0.00	0.00	0.00	0.00	2.89	0.00
238	61.00	27.00	614.12	17280.00	30706.25	578551.14	578551.14	0.00	0.00	0.00	0.00	3.07	0.00
239	61.00	28.00	614.12	17280.00	30706.25	578551.14	578551.14	0.00	0.00	0.00	0.00	3.31	0.00
240	61.00	29.00	614.12	17280.00	30706.25	578551.14	578551.14	0.00	0.00	0.00	0.00	3.46	0.00
241	61.00	30.00	614.12	17280.00	30706.25	578551.14	578551.14	0.00	0.00	0.00	0.00	3.55	0.00
242	61.00	31.00	614.12	17280.00	30706.25	578551.14	578551.14	0.00	0.00	0.00	0.00	3.63	0.00
243	62.00	31.00	614.12	17280.00	30706.25	578551.14	578551.14	0.00	0.00	0.00	0.00	3.59	0.00
244	63.00	31.00	614.12	17280.00	30706.25	578551.14	578551.14	0.00	0.00	0.00	0.00	3.55	0.00
245	64.00	31.00	614.12	17280.00	30706.25	578551.14	578551.14	0.00	0.00	0.00	0.00	3.51	0.00
246	64.00	32.00	614.12	17280.00	30706.25	578551.14	578551.14	0.00	0.00	0.00	0.00	4.07	0.00
247	64.00	33.00	614.12	17280.00	30706.25	578551.14	578551.14	0.00	0.00	0.00	0.00	4.15	0.00
248	64.00	34.00	614.12	17280.00	30706.25	578551.14	578551.14	0.00	0.00	0.00	0.00	4.19	0.00
249	64.00	35.00	614.12	17280.00	30706.25	578551.14	578551.14	0.00	0.00	0.00	0.00	4.34	0.00
250	65.00	35.00	614.12	17280.00	30706.25	578551.14	578551.14	0.00	0.00	0.00	0.00	4.30	0.00
251	66.00	35.00	614.12	17280.00	30706.25	578551.14	578551.14	0.00	0.00	0.00	0.00	4.25	0.00
252	67.00	35.00	614.12	17280.00	30706.25	578551.14	578551.14	0.00	0.00	0.00	0.00	4.21	0.00
253	67.00	36.00	614.12	17280.00	30706.25	578551.14	578551.14	0.00	0.00	0.00	0.00	4.25	0.00
254	67.00	37.00	614.12	17280.00	30706.25	578551.14	578551.14	0.00	0.00	0.00	0.00	4.28	0.00
255	68.00	37.00	614.12	17280.00	30706.25	578551.14	578551.14	0.00	0.00	0.00	0.00	4.24	0.00
256	68.00	38.00	614.12	17280.00	30706.25	578551.14	578551.14	0.00	0.00	0.00	0.00	4.31	0.00
257	68.00	39.00	614.12	17280.00	30706.25	578551.14	578551.14	0.00	0.00	0.00	0.00	4.29	0.00
258	68.00	40.00	614.12	17280.00	30706.25	578551.14	578551.14	0.00	0.00	0.00	0.00	5.08	0.00
259	68.00	41.00	614.12	17280.00	30706.25	578551.14	578551.14	0.00	0.00	0.00	0.00	5.10	0.00
260	69.00	41.00	614.12	17280.00	30706.25	578551.14	578551.14	0.00	0.00	0.00	0.00	5.06	0.00
261	69.00	42.00	614.12	17280.00	30706.25	578551.14	578551.14	0.00	0.00	0.00	0.00	5.30	0.00
262	69.00	43.00	614.12	17280.00	30706.25	578551.14	578551.14	0.00	0.00	0.00	0.00	5.28	0.00
263	69.00	44.00	614.12	17280.00	30706.25	578551.14	578551.14	0.00	0.00	0.00	0.00	5.26	0.00
264	69.00	45.00	614.12	17280.00	30706.25	578551.14	578551.14	0.00	0.00	0.00	0.00	5.34	0.00
265	69.00	46.00	614.12	17280.00	30706.25	578551.14	578551.14	0.00	0.00	0.00	0.00	5.44	0.00
266	70.00	46.00	614.12	17280.00	30706.25	578551.14	578551.14	0.00	0.00	0.00	0.00	5.39	0.00
267	70.00	47.00	614.12	17280.00	30706.25	578551.14	578551.14	0.00	0.00	0.00	0.00	5.50	0.00
268	70.00	48.00	614.12	17280.00	30706.25	578551.14	578551.14	0.00	0.00	0.00	0.00	5.64	0.00
269	70.00	49.00	614.12	17280.00	30706.25	578551.14	578551.14	0.00	0.00	0.00	0.00	5.87	0.00
270	70.00	50.00	614.12	17280.00	30706.25	578551.14	578551.14	0.00	0.00	0.00	0.00	6.17	0.00
271	71.00	50.00	614.12	17280.00	30706.25	578551.14	578551.14	0.00	0.00	0.00	0.00	6.12	0.00
272	71.00	51.00	614.12	17280.00	30706.25	578551.14	578551.14	0.00	0.00	0.00	0.00	6.13	0.00
273	71.00	52.00	614.12	17280.00	30706.25	578551.14	578551.14	0.00	0.00	0.00	0.00	6.35	0.00
274	71.00	53.00	614.12	17280.00	30706.25	578551.14	578551.14	0.00	0.00	0.00	0.00	6.41	0.00
275	71.00	54.00	614.12	17280.00	30706.25	578551.14	578551.14	0.00	0.00	0.00	0.00	7.16	0.00
276	71.00	55.00	614.12	17280.00	30706.25	578551.14	578551.14	0.00	0.00	0.00	0.00	7.19	0.00
277	71.00	56.00	614.12	17280.00	30706.25	578551.14	578551.14	0.00	0.00	0.00	0.00	7.29	0.00
278	71.00	57.00	614.12	17280.00	30706.25	578551.14	578551.14	0.00	0.00	0.00	0.00	7.52	0.00
279	71.00	58.00	614.12	17280.00	30706.25	578551.14	578551.14	0.00	0.00	0.00	0.00	7.49	0.00
280	72.00	58.00	614.12	17280.00	30706.25	578551.14	578551.14	0.00	0.00	0.00	0.00	7.43	0.00
281	72.00	59.00	614.12	17280.00	30706.25	578551.14	578551.14	0.00	0.00	0.00	0.00	7.55	0.00
282	72.00	60.00	614.12	17280.00	30706.25	578551.14	578551.14	0.00	0.00	0.00	0.00	7.56	0.00
283	73.00	60.00	614.12	17280.00	30706.25	578551.14	578551.14	0.00	0.00	0.00	0.00	7.50	0.00
284	73.00	61.00	614.12	17280.00	30706.25	578551.14	578551.14	0.00	0.00	0.00	0.00	7.52	0.00
285	73.00	62.00	614.12	17280.00	30706.25	578551.14	578551.14	0.00	0.00	0.00	0.00	7.62	0.00
286	73.00	63.00	614.12	17280.00	30706.25	578551.14	578551.14	0.00	0.00	0.00	0.00	7.62	0.00
287	73.00	64.00	614.12	17280.00	30706.25	578551.14	578551.14	0.00	0.00	0.00	0.00	7.72	0.00
288	73.00	65.00	614.12	17280.00	30706.25	578551.14	578551.14	0.00	0.00	0.00	0.00	7.81	0.00
289	73.00	66.00	614.12	17280.00	30706.25	578551.14	578551.14	0.00	0.00	0.00	0.00	7.78	0.00
290	74.00	66.00	614.12	17280.00	30706.25	578551.14	578551.14	0.00	0.00	0.00	0.00	7.72	0.00
291	25.00	66.00	614.12	17280.00	30706.25	578551.14	578551.14	0.00	0.00	0.00	0.00	11.88	0.00
292	26.00	66.00	614.12	17280.00	30706.25	578551.14	578551.14	0.00	0.00	0.00	0.00	11.75	0.00
293	26.00	67.00	614.12	17280.00	30706.25	578551.14	578551.14	0.00	0.00	0.00	0.00	11.76	0.00
294	26.00	68.00	614.12	17280.00	30706.25	578551.14	578551.14	0.00	0.00	0.00	0.00	11.85	0.00
295	26.00	69.00	614.12	17280.00	30706.25	578551.14	578551.14	0.00	0.00	0.00	0.00	11.84	0.00
296	26.00	70.00	614.12	17280.00	30706.25	578551.14	578551.14	0.00	0.00	0.00	0.00	11.79	0.00
297	26.00	71.00	614.12	17280.00	30706.25	578551.14	578551.14	0.00	0.00	0.00	0.00	11.75	0.00
298	26.00	72.00	614.12	17280.00	30706.25	578551.14	578551.14	0.00	0.00	0.00	0.00	11.82	0.00
299	26.00	73.00	614.12	17280.00	30706.25	578551.14	578551.14	0.00	0.00	0.00	0.00	11.90	0.00
300	26.00	74.00	614.12	17280.00	30706.25	578551.14	578551.14	0.00	0.00	0.00	0.00	12.00	0.00
301	26.00	25.00	522.01	20736.00	26100.31	578551.14	578551.14	0.00	0.00	0.00	0.00	7.92	0.00
302	26.00	26.00	522.01	20736.00	26100.31	578551.14	578551.14	0.00	0.00	0.00	0.00	7.97	0.00
303	26.00	27.00	522.01	20736.00	26100.31	578551.14	578551.14	0.00	0.00	0.00	0.00	8.23	0.00
304	27.00	27.00	522.01	20736.00	26100.31	578551.14	578551.14	0.00	0.00	0.00	0.00	8.08	0.00
305	27.00	28.00	522.01	20736.00	26100.31	578551.14	578551.14	0.00	0.00	0.00	0.00	8.32	0.00
306	28.00	28.00	522.01	20736.00	26100.31	578551.14	578551.14	0.00	0.00	0.00	0.00	8.17	0.00
307	28.00	29.00	522.01	20736.00	26100.31	578551.14	578551.14	0.00	0.00	0.00	0.00	9.52	0.00
308	29.00	29.00	522.01	20736.00	26100.31	578551.14	578551.14	0.00	0.00	0.00	0.00	9.35	0.00
309	29.00	30.00	522.01	20736.00	26100.31	578551.14	578551.14	0.00	0.00	0.00	0.00	9.36	0.00
310	29.00	31.00	522.01	20736.00	26100.31	578551.14	578551.14	0.00	0.00	0.00	0.00	9.82	0.00
311	30.00	31.00	522.01	20736.00	26100.31	578551.14	578551.14	0.00	0.00	0.00	0.00	9.66	0.00
312	30.00	32.00	522.01	20736.00	26100.31	578551.14	578551.14	0.00	0.00	0.00	0.00	9.67	0.00
313	30.00	33.00	522.01	20736.00	26100.31	578551.14	578551.14	0.00	0.00	0.00	0.00	10.08	0.00
314	30.00	34.00	522.01	20736.00	26100.31	578551.14	578551.14	0.00	0.00	0.00	0.00	10.23	0.00
315	31.00	34.00	522.01	20736.00	26100.31	578551.14	578551.14	0.00	0.00	0.00	0.00	10.07	0.00
316	31.00	35.00	522.01	20736.00	26100.31	578551.14	578551.14	0.00	0.00	0.00	0.00	10.09	0.00
317	31.00	36.00	522.01	20736.00	26100.31	578551.14	578551.14	0.00	0.00	0.00	0.00	10.00	0.00
318	32.00	36.00	522.01	20736.00	26100.31	578551.14	578551.14	0.00	0.00	0.00	0.00	9.85	0.00
319	33.00	36.00	522.01	20736.00	26100.31	561584.12	561584.12	0.00	0.00	0.00	0.00	9.71	0.00
320	33.00	37.00	522.01	20736.00	26100.31	561584.12	561584.12	0.00	0.00	0.00	0.00	9.81	0.00
321	33.00	38.00	522.01	20736.00	26100.31	561584.12	561584.12	0.00	0.00	0.00	0.00	9.71	0.00
322	33.00	39.00	522.01	20736.00	26100.31	561584.12	561584.12	0.00	0.00	0.00	0.00	10.52	0.00
323	34.00	39.00	522.01	20736.00	26100.31	561584.12	561584.12	0.00	0.00	0.00	0.00	10.38	0.00
324	35.00	39.00	522.01	20736.00	26100.31	561584.12	561584.12	0.00	0.00	0.00	0.00	10.24	0.00
325	35.00	40.00	522.01	20736.00	26100.31	561584.12	561584.12	0.00	0.00	0.00	0.00	10.23	0.00
326	36.00	40.00	522.01	20736.00	26100.31	561584.12	561584.12	0.00	0.00	0.00	0.00	10.09	0.00
327	36.00	41.00	522.01	20736.00	26100.31	561584.12	561584.12	0.00	0.00	0.00	0.00	10.07	0.00
328	36.00	42.00	522.01	20736.00	26100.31	561584.12	561584.12	0.00	0.00	0.00	0.00	10.13	0.00
329	36.00	43.00	522.01	20736.00	26100.31	561584.12	561584.12	0.00	0.00	0.00	0.00	10.19	0.00
330	36.00	44.00	522.01	20736.00	26100.31	561584.12	561584.12	0.00	0.00	0.00	0.00	10.54	0.00
331	36.00	45.00	522.01	20736.00	26100.31	561584.12	561584.12	0.00	0.00	0.00	0.00	10.68	0.00
332	36.00	46.00	522.01	20736.00	26100.31	561584.12	561584.12	0.00	0.00	0.00	0.00	10.59	0.00
333	36.00	47.00	522.01	20736.00	26100.31	561584.12	561584.12	0.00	0.00	0.00	0.00	10.63	0.00
334	36.00	48.00	522.01	20736.00	26100.31	561584.12	561584.12	0.00	0.00	0.00	0.00	10.71	0.00
335	36.00	49.00	522.01	20736.00	26100.31	561584.12	561584.12	0.00	0.00	0.00	0.00	11.00	0.00
336	37.00	49.00	522.01	20736.00	26100.31	561584.12	561584.12	0.00	0.00	0.00	0.00	10.87	0.00
337	38.00	49.00	522.01	20736.00	26100.31	561584.12	561584.12	0.00	0.00	0.00	0.00	10.75	0.00
338	38.00	50.00	522.01	20736.00	26100.31	561584.12	561584.12	0.00	0.00	0.00	0.00	10.73	0.00
339	39.00	50.00	522.01	20736.00	26100.31	561584.12	561584.12	0.00	0.00	0.00	0.00	10.61	0.00
340	39.00	51.00	522.01	20736.00	26100.31	561584.12	561584.12	0.00	0.00	0.00	0.00	10.53	0.00
341	39.00	52.00	522.01	20736.00	26100.31	561584.12	561584.12	0.00	0.00	0.00	0.00	10.54	0.00
342	39.00	53.00	522.01	20736.00	26100.31	561584.12	561584.12	0.00	0.00	0.00	0.00	10.50	0.00
343	39.00	54.00	522.01	20736.00	26100.31	561584.12	561584.12	0.00	0.00	0.00	0.00	10.46	0.00
344	40.00	54.00	522.01	20736.00	26100.31	561584.12	561584.12	0.00	0.00	0.00	0.00	10.35	0.00
345	41.00	54.00	522.01	20736.00	26100.31	561584.12	561584.12	0.00	0.00	0.00	0.00	10.24	0.00
346	41.00	55.00	522.01	20736.00	26100.31	561584.12	561584.12	0.00	0.00	0.00	0.00	10.76	0.00
347	42.00	55.00	522.01	20736.00	26100.31	561584.12	561584.12	0.00	0.00	0.00	0.00	10.65	0.00
348	43.00	55.00	522.01	20736.00	26100.31	561584.12	561584.12	0.00	0.00	0.00	0.00	10.54	0.00
349	43.00	56.00	522.01	20736.00	26100.31	561584.12	561584.12	0.00	0.00	0.00	0.00	11.34	0.00
350	43.00	57.00	522.01	20736.00	26100.31	561584.12	561584.12	0.00	0.00	0.00	0.00	11.31	0.00
351	44.00	57.00	522.01	20736.00	26100.31	561584.12	561584.12	0.00	0.00	0.00	0.00	11.20	0.00
352	45.00	57.00	522.01	20736.00	26100.31	561584.12	561584.12	0.00	0.00	0.00	0.00	11.09	0.00
353	46.00	57.00	522.01	20736.00	26100.31	561584.12	561584.12	0.00	0.00	0.00	0.00	10.98	0.00
354	46.00	58.00	522.01	20736.00	26100.31	561584.12	561584.12	0.00	0.00	0.00	0.00	10.94	0.00
355	47.00	58.00	522.01	20736.00	26100.31	561584.12	561584.12	0.00	0.00	0.00	0.00	10.84	0.00
356	48.00	58.00	522.01	20736.00	26100.31	561584.12	561584.12	0.00	0.00	0.00	0.00	10.74	0.00
357	49.00	58.00	522.01	20736.00	26100.31	561584.12	561584.12	0.00	0.00	0.00	0.00	10.64	0.00
358	49.00	59.00	522.01	20736.00	26100.31	561584.12	561584.12	0.00	0.00	0.00	0.00	10.57	0.00
359	50.00	59.00	522.01	20736.00	26100.31	561584.12	561584.12	0.00	0.00	0.00	0.00	10.48	0.00
360	51.00	59.00	522.01	20736.00	26100.31	561584.12	561584.12	0.00	0.00	0.00	0.00	10.38	0.00
361	52.00	59.00	522.01	20736.00	26100.31	561584.12	561584.12	0.00	0.00	0.00	0.00	10.29	0.00
362	52.00	60.00	522.01	20736.00	26100.31	561584.12	561584.12	0.00	0.00	0.00	0.00	10.26	0.00
363	52.00	61.00	522.01	20736.00	26100.31	561584.12	561584.12	0.00	0.00	0.00	0.00	10.27	0.00
364	52.00	62.00	522.01	20736.00	26100.31	561584.12	561584.12	0.00	0.00	0.00	0.00	10.23	0.00
365	53.00	62.00	522.01	20736.00	26100.31	561584.12	561584.12	0.00	0.00	0.00	0.00	10.14	0.00
366	53.00	63.00	522.01	20736.00	26100.31	561584.12	561584.12	0.00	0.00	0.00	0.00	10.12	0.00
367	53.00	64.00	522.01	20736.00	26100.31	561584.12	561584.12	0.00	0.00	0.00	0.00	10.13	0.00
368	54.00	64.00	522.01	20736.00	26100.31	561584.12	561584.12	0.00	0.00	0.00	0.00	10.05	0.00
369	54.00	65.00	522.01	20736.00	26100.31	561584.12	561584.12	0.00	0.00	0.00	0.00	10.03	0.00
370	54.00	66.00	522.01	20736.00	26100.31	561584.12	561584.12	0.00	0.00	0.00	0.00	10.11	0.00
371	54.00	67.00	522.01	20736.00	26100.31	561584.12	561584.12	0.00	0.00	0.00	0.00	10.09	0.00
372	55.00	67.00	522.01	20736.00	26100.31	561584.12	561584.12	0.00	0.00	0.00	0.00	10.00	0.00
373	55.00	68.00	522.01	20736.00	26100.31	561584.12	561584.12	0.00	0.00	0.00	0.00	10.36	0.00
374	55.00	69.00	522.01	20736.00	26100.31	561584.12	561584.12	0.00	0.00	0.00	0.00	10.39	0.00
375	55.00	70.00	522.01	20736.00	26100.31	561584.12	561584.12	0.00	0.00	0.00	0.00	10.55	0.00
376	55.00	71.00	522.01	20736.00	26100.31	561584.12	561584.12	0.00	0.00	0.00	0.00	10.53	0.00
377	55.00	72.00	522.01	20736.00	26100.31	561584.12	561584.12	0.00	0.00	0.00	0.00	10.62	0.00
378	56.00	72.00	522.01	20736.00	26100.31	561584.12	561584.12	0.00	0.00	0.00	0.00	10.54	0.00
379	57.00	72.00	522.01	20736.00	26100.31	561584.12	561584.12	0.00	0.00	0.00	0.00	10.46	0.00
380	58.00	72.00	522.01	20736.00	26100.31	561584.12	561584.12	0.00	0.00	0.00	0.00	10.38	0.00
381	59.00	72.00	522.01	20736.00	26100.31	561584.12	561584.12	0.00	0.00	0.00	0.00	10.30	0.00
382	60.00	72.00	522.01	20736.00	26100.31	561584.12	561584.12	0.00	0.00	0.00	0.00	10.22	0.00
383	60.00	73.00	522.01	20736.00	26100.31	561584.12	561584.12	0.00	0.00	0.00	0.00	10.22	0.00
384	61.00	73.00	522.01	20736.00	26100.31	561584.12	561584.12	0.00	0.00	0.00	0.00	10.14	0.00
385	61.00	74.00	522.01	20736.00	26100.31	561584.12	561584.12	0.00	0.00	0.00	0.00	10.27	0.00
386	62.00	74.00	522.01	20736.00	26100.31	561584.12	561584.12	0.00	0.00	0.00	0.00	10.19	0.00
387	63.00	74.00	522.01	20736.00	26100.31	561584.12	561584.12	0.00	0.00	0.00	0.00	10.12	0.00
388	63.00	25.00	522.01	20736.00	26100.31	561584.12	561584.12	0.00	0.00	0.00	0.00	4.49	0.00
389	64.00	25.00	522.01	20736.00	26100.31	561584.12	561584.12	0.00	0.00	0.00	0.00	4.44	0.00
390	64.00	26.00	522.01	20736.00	26100.31	561584.12	561584.12	0.00	0.00	0.00	0.00	4.47	0.00
391	65.00	26.00	522.01	20736.00	26100.31	561584.12	561584.12	0.00	0.00	0.00	0.00	4.42	0.00
392	65.00	27.00	522.01	20736.00	26100.31	561584.12	561584.12	0.00	0.00	0.00	0.00	4.46	0.00
393	66.00	27.00	522.01	20736.00	26100.31	561584.12	561584.12	0.00	0.00	0.00	0.00	4.41	0.00
394	67.00	27.00	522.01	20736.00	26100.31	561584.12	561584.12	0.00	0.00	0.00	0.00	4.36	0.00
395	67.00	28.00	522.01	20736.00	26100.31	561584.12	561584.12	0.00	0.00	0.00	0.00	4.35	0.00
396	68.00	28.00	522.01	20736.00	26100.31	561584.12	561584.12	0.00	0.00	0.00	0.00	4.30	0.00
397	69.00	28.00	522.01	20736.00	26100.31	561584.12	561584.12	0.00	0.00	0.00	0.00	4.26	0.00
398	69.00	29.00	522.01	20736.00	26100.31	561584.12	561584.12	0.00	0.00	0.00	0.00	4.33	0.00
399	70.00	29.00	522.01	20736.00	26100.31	561584.12	561584.12	0.00	0.00	0.00	0.00	4.29	0.00
400	71.00	29.00	522.01	20736.00	26100.31	561584.12	561584.12	0.00	0.00	0.00	0.00	4.24	0.00
401	72.00	29.00	443.71	24883.20	22185.27	561584.12	561584.12	0.00	0.00	0.00	0.00	4.20	0.00
402	72.00	30.00	443.71	24883.20	22185.27	561584.12	561584.12	0.00	0.00	0.00	0.00	4.24	0.00
403	72.00	31.00	443.71	24883.20	22185.27	561584.12	561584.12	0.00	0.00	0.00	0.00	4.31	0.00
404	72.00	32.00	443.71	24883.20	22185.27	561584.12	561584.12	0.00	0.00	0.00	0.00	4.29	0.00
405	72.00	33.00	443.71	24883.20	22185.27	561584.12	561584.12	0.00	0.00	0.00	0.00	4.43	0.00
406	72.00	34.00	443.71	24883.20	22185.27	561584.12	561584.12	0.00	0.00	0.00	0.00	4.46	0.00
407	72.00	35.00	443.71	24883.20	22185.27	561584.12	561584.12	0.00	0.00	0.00	0.00	4.55	0.00
408	73.00	35.00	443.71	24883.20	22185.27	561584.12	561584.12	0.00	0.00	0.00	0.00	4.51	0.00
409	73.00	36.00	443.71	24883.20	22185.27	561584.12	561584.12	0.00	0.00	0.00	0.00	4.71	0.00
410	73.00	37.00	443.71	24883.20	22185.27	561584.12	561584.12	0.00	0.00	0.00	0.00	4.80	0.00
411	74.00	37.00	443.71	24883.20	22185.27	561584.12	561584.12	0.00	0.00	0.00	0.00	4.75	0.00
412	25.00	37.00	443.71	24883.20	22185.27	561584.12	561584.12	0.00	0.00	0.00	0.00	8.51	0.00
413	26.00	37.00	443.71	24883.20	22185.27	522802.36	522802.36	0.00	0.00	0.00	0.00	8.38	0.00
414	27.00	37.00	443.71	24883.20	22185.27	522802.36	522802.36	0.00	0.00	0.00	0.00	8.24	0.00
415	27.00	38.00	443.71	24883.20	22185.27	522802.36	522802.36	0.00	0.00	0.00	0.00	8.23	0.00
416	27.00	39.00	443.71	24883.20	22185.27	522802.36	522802.36	0.00	0.00	0.00	0.00	9.07	0.00
417	27.00	40.00	443.71	24883.20	22185.27	522802.36	522802.36	0.00	0.00	0.00	0.00	9.17	0.00
418	27.00	41.00	443.71	24883.20	22185.27	522802.36	522802.36	0.00	0.00	0.00	0.00	9.14	0.00
419	27.00	42.00	443.71	24883.20	22185.27	522802.36	522802.36	0.00	0.00	0.00	0.00	9.52	0.00
420	28.00	42.00	443.71	24883.20	22185.27	522802.36	522802.36	0.00	0.00	0.00	0.00	9.38	0.00
421	29.00	42.00	443.71	24883.20	22185.27	522802.36	522802.36	0.00	0.00	0.00	0.00	9.25	0.00
422	30.00	42.00	443.71	24883.20	22185.27	522802.36	522802.36	0.00	0.00	0.00	0.00	9.12	0.00
423	30.00	43.00	443.71	24883.20	22185.27	522802.36	522802.36	0.00	0.00	0.00	0.00	9.15	0.00
424	31.00	43.00	443.71	24883.20	22185.27	522802.36	522802.36	0.00	0.00	0.00	0.00	9.02	0.00
425	31.00	44.00	443.71	24883.20	22185.27	522802.36	522802.36	0.00	0.00	0.00	0.00	9.00	0.00
426	32.00	44.00	443.71	24883.20	22185.27	522802.36	522802.36	0.00	0.00	0.00	0.00	8.88	0.00
427	33.00	44.00	443.71	24883.20	22185.27	522802.36	522802.36	0.00	0.00	0.00	0.00	8.76	0.00
428	33.00	45.00	443.71	24883.20	22185.27	522802.36	522802.36	0.00	0.00	0.00	0.00	8.94	0.00
429	33.00	46.00	443.71	24883.20	22185.27	522802.36	522802.36	0.00	0.00	0.00	0.00	9.00	0.00
430	34.00	46.00	443.71	24883.20	22185.27	522802.36	522802.36	0.00	0.00	0.00	0.00	8.89	0.00
431	35.00	46.00	443.71	24883.20	22185.27	522802.36	522802.36	0.00	0.00	0.00	0.00	8.78	0.00
432	35.00	47.00	443.71	24883.20	22185.27	522802.36	522802.36	0.00	0.00	0.00	0.00	8.83	0.00
433	35.00	48.00	443.71	24883.20	22185.27	522802.36	522802.36	0.00	0.00	0.00	0.00	8.85	0.00
434	36.00	48.00	443.71	24883.20	22185.27	522802.36	522802.36	0.00	0.00	0.00	0.00	8.74	0.00
435	36.00	49.00	443.71	24883.20	22185.27	522802.36	522802.36	0.00	0.00	0.00	0.00	9.14	0.00
436	37.00	49.00	443.71	24883.20	22185.27	522802.36	522802.36	0.00	0.00	0.00	0.00	9.04	0.00
437	38.00	49.00	443.71	24883.20	22185.27	522802.36	522802.36	0.00	0.00	0.00	0.00	8.93	0.00
438	38.00	50.00	443.71	24883.20	22185.27	522802.36	522802.36	0.00	0.00	0.00	0.00	9.02	0.00
439	39.00	50.00	443.71	24883.20	22185.27	522802.36	522802.36	0.00	0.00	0.00	0.00	8.92	0.00
440	40.00	50.00	443.71	24883.20	22185.27	522802.36	522802.36	0.00	0.00	0.00	0.00	8.82	0.00
441	41.00	50.00	443.71	24883.20	22185.27	522802.36	522802.36	0.00	0.00	0.00	0.00	8.72	0.00
442	42.00	50.00	443.71	24883.20	22185.27	522802.36	522802.36	0.00	0.00	0.00	0.00	8.63	0.00
443	43.00	50.00	443.71	24883.20	22185.27	522802.36	522802.36	0.00	0.00	0.00	0.00	8.54	0.00
444	43.00	51.00	443.71	24883.20	22185.27	522802.36	522802.36	0.00	0.00	0.00	0.00	8.57	0.00
445	43.00	52.00	443.71	24883.20	22185.27	522802.36	522802.36	0.00	0.00	0.00	0.00	8.60	0.00
446	43.00	53.00	443.71	24883.20	22185.27	522802.36	522802.36	0.00	0.00	0.00	0.00	8.58	0.00
447	43.00	54.00	443.71	24883.20	22185.27	522802.36	522802.36	0.00	0.00	0.00	0.00	9.46	0.00
448	44.00	54.00	443.71	24883.20	22185.27	522802.36	522802.36	0.00	0.00	0.00	0.00	9.36	0.00
449	44.00	55.00	443.71	24883.20	22185.27	522802.36	522802.36	0.00	0.00	0.00	0.00	9.35	0.00
450	44.00	56.00	443.71	24883.20	22185.27	522802.36	522802.36	0.00	0.00	0.00	0.00	9.33	0.00
451	44.00	57.00	443.71	24883.20	22185.27	522802.36	522802.36	0.00	0.00	0.00	0.00	9.31	0.00
452	45.00	57.00	443.71	24883.20	22185.27	522802.36	522802.36	0.00	0.00	0.00	0.00	9.22	0.00
453	46.00	57.00	443.71	24883.20	22185.27	522802.36	522802.36	0.00	0.00	0.00	0.00	9.13	0.00
454	46.00	58.00	443.71	24883.20	22185.27	522802.36	522802.36	0.00	0.00	0.00	0.00	9.37	0.00
455	46.00	59.00	443.71	24883.20	22185.27	522802.36	522802.36	0.00	0.00	0.00	0.00	9.82	0.00
456	47.00	59.00	443.71	24883.20	22185.27	522802.36	522802.36	0.00	0.00	0.00	0.00	9.72	0.00
457	47.00	60.00	443.71	24883.20	22185.27	522802.36	522802.36	0.00	0.00	0.00	0.00	9.74	0.00
458	48.00	60.00	443.71	24883.20	22185.27	522802.36	522802.36	0.00	0.00	0.00	0.00	9.65	0.00
459	49.00	60.00	443.71	24883.20	22185.27	522802.36	522802.36	0.00	0.00	0.00	0.00	9.56	0.00
460	50.00	60.00	443.71	24883.20	22185.27	522802.36	522802.36	0.00	0.00	0.00	0.00	9.47	0.00
461	51.00	60.00	443.71	24883.20	22185.27	522802.36	522802.36	0.00	0.00	0.00	0.00	9.39	0.00
462	52.00	60.00	443.71	24883.20	22185.27	522802.36	522802.36	0.00	0.00	0.00	0.00	9.31	0.00
463	52.00	61.00	443.71	24883.20	22185.27	522802.36	522802.36	0.00	0.00	0.00	0.00	9.29	0.00
464	52.00	62.00	443.71	24883.20	22185.27	522802.36	522802.36	0.00	0.00	0.00	0.00	9.60	0.00
465	52.00	63.00	443.71	24883.20	22185.27	522802.36	522802.36	0.00	0.00	0.00	0.00	9.64	0.00
466	53.00	63.00	443.71	24883.20	22185.27	522802.36	522802.36	0.00	0.00	0.00	0.00	9.56	0.00
467	54.00	63.00	443.71	24883.20	22185.27	522802.36	522802.36	0.00	0.00	0.00	0.00	9.48	0.00
468	55.00	63.00	443.71	24883.20	22185.27	522802.36	522802.36	0.00	0.00	0.00	0.00	9.40	0.00
469	56.00	63.00	443.71	24883.20	22185.27	522802.36	522802.36	0.00	0.00	0.00	0.00	9.32	0.00
470	56.00	64.00	443.71	24883.20	22185.27	522802.36	522802.36	0.00	0.00	0.00	0.00	9.38	0.00
471	57.00	64.00	443.71	24883.20	22185.27	522802.36	522802.36	0.00	0.00	0.00	0.00	9.30	0.00
472	58.00	64.00	443.71	24883.20	22185.27	522802.36	522802.36	0.00	0.00	0.00	0.00	9.22	0.00
473	58.00	65.00	443.71	24883.20	22185.27	522802.36	522802.36	0.00	0.00	0.00	0.00	9.17	0.00
474	58.00	66.00	443.71	24883.20	22185.27	522802.36	522802.36	0.00	0.00	0.00	0.00	9.24	0.00
475	58.00	67.00	443.71	24883.20	22185.27	522802.36	522802.36	0.00	0.00	0.00	0.00	9.28	0.00
476	59.00	67.00	443.71	24883.20	22185.27	522802.36	522802.36	0.00	0.00	0.00	0.00	9.21	0.00
477	59.00	68.00	443.71	24883.20	22185.27	522802.36	522802.36	0.00	0.00	0.00	0.00	9.22	0.00
478	59.00	69.00	443.71	24883.20	22185.27	522802.36	522802.36	0.00	0.00	0.00	0.00	9.22	0.00
479	59.00	70.00	443.71	24883.20	22185.27	522802.36	522802.36	0.00	0.00	0.00	0.00	9.26	0.00
480	60.00	70.00	443.71	24883.20	22185.27	522802.36	522802.36	0.00	0.00	0.00	0.00	9.19	0.00
481	60.00	71.00	443.71	24883.20	22185.27	522802.36	522802.36	0.00	0.00	0.00	0.00	9.20	0.00
482	61.00	71.00	443.71	24883.20	22185.27	522802.36	522802.36	0.00	0.00	0.00	0.00	9.13	0.00
483	62.00	71.00	443.71	24883.20	22185.27	522802.36	522802.36	0.00	0.00	0.00	0.00	9.06	0.00
484	63.00	71.00	443.71	24883.20	22185.27	522802.36	522802.36	0.00	0.00	0.00	0.00	9.00	0.00
485	63.00	72.00	443.71	24883.20	22185.27	522802.36	522802.36	0.00	0.00	0.00	0.00	9.21	0.00
486	63.00	73.00	443.71	24883.20	22185.27	522802.36	522802.36	0.00	0.00	0.00	0.00	9.23	0.00
487	63.00	74.00	443.71	24883.20	22185.27	522802.36	522802.36	0.00	0.00	0.00	0.00	9.22	0.00
488	63.00	25.00	443.71	24883.20	22185.27	522802.36	522802.36	0.00	0.00	0.00	0.00	5.66	0.00
489	64.00	25.00	443.71	24883.20	22185.27	522802.36	522802.36	0.00	0.00	0.00	0.00	5.59	0.00
490	65.00	25.00	443.71	24883.20	22185.27	522802.36	522802.36	0.00	0.00	0.00	0.00	5.53	0.00
491	65.00	26.00	443.71	24883.20	22185.27	522802.36	522802.36	0.00	0.00	0.00	0.00	5.58	0.00
492	66.00	26.00	443.71	24883.20	22185.27	522802.36	522802.36	0.00	0.00	0.00	0.00	5.52	0.00
493	66.00	27.00	443.71	24883.20	22185.27	522802.36	522802.36	0.00	0.00	0.00	0.00	5.49	0.00
494	67.00	27.00	443.71	24883.20	22185.27	522802.36	522802.36	0.00	0.00	0.00	0.00	5.43	0.00
495	68.00	27.00	443.71	24883.20	22185.27	522802.36	522802.36	0.00	0.00	0.00	0.00	5.37	0.00
496	69.00	27.00	443.71	24883.20	22185.27	522802.36	522802.36	0.00	0.00	0.00	0.00	5.32	0.00
497	70.00	27.00	443.71	24883.20	22185.27	522802.36	522802.36	0.00	0.00	0.00	0.00	5.26	0.00
498	70.00	28.00	443.71	24883.20	22185.27	522802.36	522802.36	0.00	0.00	0.00	0.00	5.33	0.00
499	70.00	29.00	443.71	24883.20	22185.27	522802.36	522802.36	0.00	0.00	0.00	0.00	5.39	0.00
500	70.00	30.00	443.71	24883.20	22185.27	522802.36	522802.36	0.00	0.00	0.00	0.00	5.44	0.00
501	71.00	30.00	377.15	29859.84	18857.48	522802.36	522802.36	0.00	0.00	0.00	0.00	5.39	0.00
502	72.00	30.00	377.15	29859.84	18857.48	522802.36	522802.36	0.00	0.00	0.00	0.00	5.34	0.00
503	72.00	31.00	377.15	29859.84	18857.48	522802.36	522802.36	0.00	0.00	0.00	0.00	5.39	0.00
504	73.00	31.00	377.15	29859.84	18857.48	522802.36	522802.36	0.00	0.00	0.00	0.00	5.34	0.00
505	74.00	31.00	377.15	29859.84	18857.48	522802.36	522802.36	0.00	0.00	0.00	0.00	5.29	0.00
506	74.00	32.00	377.15	29859.84	18857.48	522802.36	522802.36	0.00	0.00	0.00	0.00	5.45	0.00
507	25.00	32.00	377.15	29859.84	18857.48	522802.36	522802.36	0.00	0.00	0.00	0.00	10.13	0.00
508	25.00	33.00	377.15	29859.84	18857.48	522802.36	522802.36	0.00	0.00	0.00	0.00	10.00	0.00
509	25.00	34.00	377.15	29859.84	18857.48	522802.36	522802.36	0.00	0.00	0.00	0.00	10.07	0.00
510	26.00	34.00	377.15	29859.84	18857.48	522802.36	522802.36	0.00	0.00	0.00	0.00	9.91	0.00
511	27.00	34.00	377.15	29859.84	18857.48	522802.36	522802.36	0.00	0.00	0.00	0.00	9.74	0.00
512	28.00	34.00	377.15	29859.84	18857.48	522802.36	522802.36	0.00	0.00	0.00	0.00	9.59	0.00
513	29.00	34.00	377.15	29859.84	18857.48	522802.36	522802.36	0.00	0.00	0.00	0.00	9.44	0.00
514	29.00	35.00	377.15	29859.84	18857.48	522802.36	522802.36	0.00	0.00	0.00	0.00	10.16	0.00
515	29.00	36.00	377.15	29859.84	18857.48	522802.36	522802.36	0.00	0.00	0.00	0.00	11.16	0.00
516	30.00	36.00	377.15	29859.84	18857.48	522802.36	522802.36	0.00	0.00	0.00	0.00	10.99	0.00
517	30.00	37.00	377.15	29859.84	18857.48	522802.36	522802.36	0.00	0.00	0.00	0.00	10.93	0.00
518	31.00	37.00	377.15	29859.84	18857.48	522802.36	522802.36	0.00	0.00	0.00	0.00	10.77	0.00
519	32.00	37.00	377.15	29859.84	18857.48	522802.36	522802.36	0.00	0.00	0.00	0.00	10.61	0.00
520	32.00	38.00	377.15	29859.84	18857.48	522802.36	522802.36	0.00	0.00	0.00	0.00	10.63	0.00
521	32.00	39.00	377.15	29859.84	18857.48	522802.36	522802.36	0.00	0.00	0.00	0.00	10.69	0.00
522	32.00	40.00	377.15	29859.84	18857.48	522802.36	522802.36	0.00	0.00	0.00	0.00	10.68	0.00
523	32.00	41.00	377.15	29859.84	18857.48	522802.36	522802.36	0.00	0.00	0.00	0.00	10.58	0.00
524	32.00	42.00	377.15	29859.84	18857.48	522802.36	522802.36	0.00	0.00	0.00	0.00	10.53	0.00
525	32.00	43.00	377.15	29859.84	18857.48	522802.36	522802.36	0.00	0.00	0.00	0.00	10.57	0.00
526	32.00	44.00	377.15	29859.84	18857.48	522802.36	522802.36	0.00	0.00	0.00	0.00	10.52	0.00
527	33.00	44.00	377.15	29859.84	18857.48	522802.36	522802.36	0.00	0.00	0.00	0.00	10.39	0.00
528	33.00	45.00	377.15	29859.84	18857.48	522802.36	522802.36	0.00	0.00	0.00	0.00	10.40	0.00
529	34.00	45.00	377.15	29859.84	18857.48	522802.36	522802.36	0.00	0.00	0.00	0.00	10.27	0.00
530	34.00	46.00	377.15	29859.84	18857.48	522802.36	522802.36	0.00	0.00	0.00	0.00	10.28	0.00
531	35.00	46.00	377.15	29859.84	18857.48	522802.36	522802.36	0.00	0.00	0.00	0.00	10.15	0.00
532	35.00	47.00	377.15	29859.84	18857.48	522802.36	522802.36	0.00	0.00	0.00	0.00	10.12	0.00
533	35.00	48.00	377.15	29859.84	18857.48	522802.36	522802.36	0.00	0.00	0.00	0.00	10.13	0.00
534	35.00	49.00	377.15	29859.84	18857.48	522802.36	522802.36	0.00	0.00	0.00	0.00	10.12	0.00
535	35.00	50.00	377.15	29859.84	18857.48	522802.36	522802.36	0.00	0.00	0.00	0.00	10.03	0.00
536	36.00	50.00	377.15	29859.84	18857.48	522802.36	522802.36	0.00	0.00	0.00	0.00	9.92	0.00
537	37.00	50.00	377.15	29859.84	18857.48	522802.36	522802.36	0.00	0.00	0.00	0.00	9.80	0.00
538	38.00	50.00	377.15	29859.84	18857.48	522802.36	522802.36	0.00	0.00	0.00	0.00	9.69	0.00
539	39.00	50.00	377.15	29859.84	18857.48	522802.36	522802.36	0.00	0.00	0.00	0.00	9.58	0.00
540	40.00	50.00	377.15	29859.84	18857.48	522802.36	522802.36	0.00	0.00	0.00	0.00	9.48	0.00
541	41.00	50.00	377.15	29859.84	18857.48	522802.36	522802.36	0.00	0.00	0.00	0.00	9.37	0.00
542	41.00	51.00	377.15	29859.84	18857.48	522802.36	522802.36	0.00	0.00	0.00	0.00	9.39	0.00
543	41.00	52.00	377.15	29859.84	18857.48	522802.36	522802.36	0.00	0.00	0.00	0.00	9.32	0.00
544	41.00	53.00	377.15	29859.84	18857.48	522802.36	522802.36	0.00	0.00	0.00	0.00	9.35	0.00
545	41.00	54.00	377.15	29859.84	18857.48	522802.36	522802.36	0.00	0.00	0.00	0.00	9.37	0.00
546	41.00	55.00	377.15	29859.84	18857.48	522802.36	522802.36	0.00	0.00	0.00	0.00	9.30	0.00
547	42.00	55.00	377.15	29859.84	18857.48	522802.36	522802.36	0.00	0.00	0.00	0.00	9.20	0.00
548	43.00	55.00	377.15	29859.84	18857.48	522802.36	522802.36	0.00	0.00	0.00	0.00	9.11	0.00
549	43.00	56.00	377.15	29859.84	18857.48	522802.36	522802.36	0.00	0.00	0.00	0.00	9.13	0.00
550	44.00	56.00	377.15	29859.84	18857.48	522802.36	522802.36	0.00	0.00	0.00	0.00	9.04	0.00
551	45.00	56.00	377.15	29859.84	18857.48	522802.36	522802.36	0.00	0.00	0.00	0.00	8.95	0.00
552	46.00	56.00	377.15	29859.84	18857.48	522802.36	522802.36	0.00	0.00	0.00	0.00	8.86	0.00
553	46.00	57.00	377.15	29859.84	18857.48	522802.36	522802.36	0.00	0.00	0.00	0.00	8.86	0.00
554	46.00	58.00	377.15	29859.84	18857.48	522802.36	522802.36	0.00	0.00	0.00	0.00	8.86	0.00
555	46.00	59.00	377.15	29859.84	18857.48	522802.36	522802.36	0.00	0.00	0.00	0.00	8.85	0.00
556	46.00	60.00	377.15	29859.84	18857.48	522802.36	522802.36	0.00	0.00	0.00	0.00	8.80	0.00
557	47.00	60.00	377.15	29859.84	18857.48	522802.36	522802.36	0.00	0.00	0.00	0.00	8.71	0.00
558	47.00	61.00	377.15	29859.84	18857.48	522802.36	522802.36	0.00	0.00	0.00	0.00	9.65	0.00
559	48.00	61.00	377.15	29859.84	18857.48	522802.36	522802.36	0.00	0.00	0.00	0.00	9.56	0.00
560	49.00	61.00	377.15	29859.84	18857.48	522802.36	522802.36	0.00	0.00	0.00	0.00	9.48	0.00
561	50.00	61.00	377.15	29859.84	18857.48	522802.36	522802.36	0.00	0.00	0.00	0.00	9.39	0.00
562	50.00	62.00	377.15	29859.84	18857.48	522802.36	522802.36	0.00	0.00	0.00	0.00	9.44	0.00
563	51.00	62.00	377.15	29859.84	18857.48	522802.36	522802.36	0.00	0.00	0.00	0.00	9.35	0.00
564	51.00	63.00	377.15	29859.84	18857.48	522802.36	522802.36	0.00	0.00	0.00	0.00	9.47	0.00
565	51.00	64.00	377.15	29859.84	18857.48	522802.36	522802.36	0.00	0.00	0.00	0.00	9.52	0.00
566	52.00	64.00	377.15	29859.84	18857.48	522802.36	522802.36	0.00	0.00	0.00	0.00	9.44	0.00
567	53.00	64.00	377.15	29859.84	18857.48	522802.36	522802.36	0.00	0.00	0.00	0.00	9.36	0.00
568	53.00	65.00	377.15	29859.84	18857.48	522802.36	522802.36	0.00	0.00	0.00	0.00	9.30	0.00
569	54.00	65.00	377.15	29859.84	18857.48	522802.36	522802.36	0.00	0.00	0.00	0.00	9.22	0.00
570	54.00	66.00	377.15	29859.84	18857.48	522802.36	522802.36	0.00	0.00	0.00	0.00	9.24	0.00
571	55.00	66.00	377.15	29859.84	18857.48	522802.36	522802.36	0.00	0.00	0.00	0.00	9.17	0.00
572	55.00	67.00	377.15	29859.84	18857.48	522802.36	522802.36	0.00	0.00	0.00	0.00	9.25	0.00
573	55.00	68.00	377.15	29859.84	18857.48	522802.36	522802.36	0.00	0.00	0.00	0.00	9.29	0.00
574	55.00	69.00	377.15	29859.84	18857.48	522802.36	522802.36	0.00	0.00	0.00	0.00	9.33	0.00
575	56.00	69.00	377.15	29859.84	18857.48	522802.36	522802.36	0.00	0.00	0.00	0.00	9.26	0.00
576	56.00	70.00	377.15	29859.84	18857.48	522802.36	522802.36	0.00	0.00	0.00	0.00	9.27	0.00
577	57.00	70.00	377.15	29859.84	18857.48	522802.36	522802.36	0.00	0.00	0.00	0.00	9.20	0.00
578	58.00	70.00	377.15	29859.84	18857.48	522802.36	522802.36	0.00	0.00	0.00	0.00	9.13	0.00
579	59.00	70.00	377.15	29859.84	18857.48	522802.36	522802.36	0.00	0.00	0.00	0.00	9.06	0.00
580	59.00	71.00	377.15	29859.84	18857.48	522802.36	522802.36	0.00	0.00	0.00	0.00	9.07	0.00
581	59.00	72.00	377.15	29859.84	18857.48	522802.36	522802.36	0.00	0.00	0.00	0.00	9.02	0.00
582	59.00	73.00	377.15	29859.84	18857.48	522802.36	522802.36	0.00	0.00	0.00	0.00	9.09	0.00
583	60.00	73.00	377.15	29859.84	18857.48	522802.36	522802.36	0.00	0.00	0.00	0.00	9.02	0.00
584	60.00	74.00	377.15	29859.84	18857.48	522802.36	522802.36	0.00	0.00	0.00	0.00	9.01	0.00
585	60.00	25.00	377.15	29859.84	18857.48	522802.36	522802.36	0.00	0.00	0.00	0.00	4.54	0.00
586	60.00	26.00	377.15	29859.84	18857.48	522802.36	522802.36	0.00	0.00	0.00	0.00	4.52	0.00
587	61.00	26.00	377.15	29859.84	18857.48	522802.36	522802.36	0.00	0.00	0.00	0.00	4.47	0.00
588	62.00	26.00	377.15	29859.84	18857.48	522802.36	522802.36	0.00	0.00	0.00	0.00	4.42	0.00
589	63.00	26.00	377.15	29859.84	18857.48	522802.36	522802.36	0.00	0.00	0.00	0.00	4.37	0.00
590	64.00	26.00	377.15	29859.84	18857.48	522802.36	522802.36	0.00	0.00	0.00	0.00	4.32	0.00
591	65.00	26.00	377.15	29859.84	18857.48	522802.36	522802.36	0.00	0.00	0.00	0.00	4.28	0.00
592	65.00	27.00	377.15	29859.84	18857.48	522802.36	522802.36	0.00	0.00	0.00	0.00	4.52	0.00
593	66.00	27.00	377.15	29859.84	18857.48	522802.36	522802.36	0.00	0.00	0.00	0.00	4.47	0.00
594	66.00	28.00	377.15	29859.84	18857.48	522802.36	522802.36	0.00	0.00	0.00	0.00	4.50	0.00
595	66.00	29.00	377.15	29859.84	18857.48	522802.36	522802.36	0.00	0.00	0.00	0.00	4.57	0.00
596	67.00	29.00	377.15	29859.84	18857.48	522802.36	522802.36	0.00	0.00	0.00	0.00	4.53	0.00
597	67.00	30.00	377.15	29859.84	18857.48	522802.36	522802.36	0.00	0.00	0.00	0.00	4.61	0.00
598	67.00	31.00	377.15	29859.84	18857.48	522802.36	522802.36	0.00	0.00	0.00	0.00	4.59	0.00
599	68.00	31.00	377.15	29859.84	18857.48	522802.36	522802.36	0.00	0.00	0.00	0.00	4.54	0.00
600	69.00	31.00	377.15	29859.84	18857.48	522802.36	522802.36	0.00	0.00	0.00	0.00	4.50	0.00
601	70.00	31.00	320.58	35831.81	16028.85	522802.36	522802.36	0.00	0.00	0.00	0.00	4.45	0.00
602	71.00	31.00	320.58	35831.81	16028.85	522802.36	522802.36	0.00	0.00	0.00	0.00	4.41	0.00
603	72.00	31.00	320.58	35831.81	16028.85	522802.36	522802.36	0.00	0.00	0.00	0.00	4.37	0.00
604	73.00	31.00	320.58	35831.81	16028.85	522802.36	522802.36	0.00	0.00	0.00	0.00	4.32	0.00
605	74.00	31.00	320.58	35831.81	16028.85	522802.36	522802.36	0.00	0.00	0.00	0.00	4.28	0.00
606	25.00	31.00	320.58	35831.81	16028.85	522802.36	522802.36	0.00	0.00	0.00	0.00	8.03	0.00
607	25.00	32.00	320.58	35831.81	16028.85	522802.36	522802.36	0.00	0.00	0.00	0.00	7.94	0.00
608	26.00	32.00	320.58	35831.81	16028.85	522802.36	522802.36	0.00	0.00	0.00	0.00	7.80	0.00
609	26.00	33.00	320.58	35831.81	16028.85	522802.36	522802.36	0.00	0.00	0.00	0.00	7.72	0.00
610	27.00	33.00	320.58	35831.81	16028.85	522802.36	522802.36	0.00	0.00	0.00	0.00	7.59	0.00
611	28.00	33.00	320.58	35831.81	16028.85	522802.36	522802.36	0.00	0.00	0.00	0.00	7.47	0.00
612	28.00	34.00	320.58	35831.81	16028.85	522802.36	522802.36	0.00	0.00	0.00	0.00	7.53	0.00
613	28.00	35.00	320.58	35831.81	16028.85	522802.36	522802.36	0.00	0.00	0.00	0.00	7.58	0.00
614	29.00	35.00	320.58	35831.81	16028.85	522802.36	522802.36	0.00	0.00	0.00	0.00	7.46	0.00
615	29.00	36.00	320.58	35831.81	16028.85	522802.36	522802.36	0.00	0.00	0.00	0.00	7.52	0.00
616	29.00	37.00	320.58	35831.81	16028.85	522802.36	522802.36	0.00	0.00	0.00	0.00	7.58	0.00
617	30.00	37.00	320.58	35831.81	16028.85	522802.36	522802.36	0.00	0.00	0.00	0.00	7.47	0.00
618	30.00	38.00	320.58	35831.81	16028.85	522802.36	522802.36	0.00	0.00	0.00	0.00	7.48	0.00
619	31.00	38.00	320.58	35831.81	16028.85	522802.36	522802.36	0.00	0.00	0.00	0.00	7.37	0.00
620	32.00	38.00	320.58	35831.81	16028.85	522802.36	522802.36	0.00	0.00	0.00	0.00	7.27	0.00
621	33.00	38.00	320.58	35831.81	16028.85	522802.36	522802.36	0.00	0.00	0.00	0.00	7.16	0.00
622	33.00	39.00	320.58	35831.81	16028.85	522802.36	522802.36	0.00	0.00	0.00	0.00	7.18	0.00
623	34.00	39.00	320.58	35831.81	16028.85	522802.36	522802.36	0.00	0.00	0.00	0.00	7.08	0.00
624	34.00	40.00	320.58	35831.81	16028.85	522802.36	522802.36	0.00	0.00	0.00	0.00	7.02	0.00
625	35.00	40.00	320.58	35831.81	16028.85	522802.36	522802.36	0.00	0.00	0.00	0.00	6.93	0.00
626	35.00	41.00	320.58	35831.81	16028.85	522802.36	522802.36	0.00	0.00	0.00	0.00	6.99	0.00
627	36.00	41.00	320.58	35831.81	16028.85	522802.36	522802.36	0.00	0.00	0.00	0.00	6.90	0.00
628	37.00	41.00	320.58	35831.81	16028.85	522802.36	522802.36	0.00	0.00	0.00	0.00	6.81	0.00
629	38.00	41.00	320.58	35831.81	16028.85	522802.36	522802.36	0.00	0.00	0.00	0.00	6.72	0.00
630	38.00	42.00	320.58	35831.81	16028.85	522802.36	522802.36	0.00	0.00	0.00	0.00	6.78	0.00
631	38.00	43.00	320.58	35831.81	16028.85	522802.36	522802.36	0.00	0.00	0.00	0.00	6.73	0.00
632	38.00	44.00	320.58	35831.81	16028.85	522802.36	522802.36	0.00	0.00	0.00	0.00	6.89	0.00
633	38.00	45.00	320.58	35831.81	16028.85	522802.36	522802.36	0.00	0.00	0.00	0.00	6.87	0.00
634	38.00	46.00	320.58	35831.81	16028.85	522802.36	522802.36	0.00	0.00	0.00	0.00	6.86	0.00
635	38.00	47.00	320.58	35831.81	16028.85	522802.36	522802.36	0.00	0.00	0.00	0.00	6.91	0.00
636	39.00	47.00	320.58	35831.81	16028.85	522802.36	522802.36	0.00	0.00	0.00	0.00	6.83	0.00
637	39.00	48.00	320.58	35831.81	16028.85	522802.36	522802.36	0.00	0.00	0.00	0.00	6.88	0.00
638	40.00	48.00	320.58	35831.81	16028.85	522802.36	522802.36	0.00	0.00	0.00	0.00	6.80	0.00
639	40.00	49.00	320.58	35831.81	16028.85	522802.36	522802.36	0.00	0.00	0.00	0.00	6.98	0.00
640	40.00	50.00	320.58	35831.81	16028.85	522802.36	522802.36	0.00	0.00	0.00	0.00	6.94	0.00
641	40.00	51.00	320.58	35831.81	16028.85	522802.36	522802.36	0.00	0.00	0.00	0.00	7.26	0.00
642	40.00	52.00	320.58	35831.81	16028.85	522802.36	522802.36	0.00	0.00	0.00	0.00	7.21	0.00
643	40.00	53.00	320.58	35831.81	16028.85	522802.36	522802.36	0.00	0.00	0.00	0.00	7.25	0.00
644	41.00	53.00	320.58	35831.81	16028.85	522802.36	522802.36	0.00	0.00	0.00	0.00	7.17	0.00
645	41.00	54.00	320.58	35831.81	16028.85	522802.36	522802.36	0.00	0.00	0.00	0.00	7.23	0.00
646	41.00	55.00	320.58	35831.81	16028.85	522802.36	522802.36	0.00	0.00	0.00	0.00	7.18	0.00
647	41.00	56.00	320.58	35831.81	16028.85	522802.36	522802.36	0.00	0.00	0.00	0.00	7.18	0.00
648	41.00	57.00	320.58	35831.81	16028.85	522802.36	522802.36	0.00	0.00	0.00	0.00	7.22	0.00
649	41.00	58.00	320.58	35831.81	16028.85	522802.36	522802.36	0.00	0.00	0.00	0.00	7.37	0.00
650	42.00	58.00	320.58	35831.81	16028.85	522802.36	522802.36	0.00	0.00	0.00	0.00	7.29	0.00
651	42.00	59.00	320.58	35831.81	16028.85	522802.36	522802.36	0.00	0.00	0.00	0.00	7.33	0.00
652	43.00	59.00	320.58	35831.81	16028.85	522802.36	522802.36	0.00	0.00	0.00	0.00	7.26	0.00
653	43.00	60.00	320.58	35831.81	16028.85	522802.36	522802.36	0.00	0.00	0.00	0.00	7.30	0.00
654	43.00	61.00	320.58	35831.81	16028.85	522802.36	522802.36	0.00	0.00	0.00	0.00	7.37	0.00
655	43.00	62.00	320.58	35831.81	16028.85	522802.36	522802.36	0.00	0.00	0.00	0.00	7.41	0.00
656	43.00	63.00	320.58	35831.81	16028.85	522802.36	522802.36	0.00	0.00	0.00	0.00	7.37	0.00
657	43.00	64.00	320.58	35831.81	16028.85	522802.36	522802.36	0.00	0.00	0.00	0.00	7.39	0.00
658	43.00	65.00	320.58	35831.81	16028.85	522802.36	522802.36	0.00	0.00	0.00	0.00	7.43	0.00
659	44.00	65.00	320.58	35831.81	16028.85	522802.36	522802.36	0.00	0.00	0.00	0.00	7.36	0.00
660	45.00	65.00	320.58	35831.81	16028.85	522802.36	522802.36	0.00	0.00	0.00	0.00	7.29	0.00
661	45.00	66.00	320.58	35831.81	16028.85	522802.36	522802.36	0.00	0.00	0.00	0.00	7.29	0.00
662	45.00	67.00	320.58	35831.81	16028.85	522802.36	522802.36	0.00	0.00	0.00	0.00	7.43	0.00
663	45.00	68.00	320.58	35831.81	16028.85	522802.36	522802.36	0.00	0.00	0.00	0.00	7.46	0.00
664	46.00	68.00	320.58	35831.81	16028.85	522802.36	522802.36	0.00	0.00	0.00	0.00	7.40	0.00
665	46.00	69.00	320.58	35831.81	16028.85	522802.36	522802.36	0.00	0.00	0.00	0.00	7.40	0.00
666	46.00	70.00	320.58	35831.81	16028.85	522802.36	522802.36	0.00	0.00	0.00	0.00	7.36	0.00
667	46.00	71.00	320.58	35831.81	16028.85	522802.36	522802.36	0.00	0.00	0.00	0.00	7.45	0.00
668	47.00	71.00	320.58	35831.81	16028.85	522802.36	522802.36	0.00	0.00	0.00	0.00	7.39	0.00
669	47.00	72.00	320.58	35831.81	16028.85	522802.36	522802.36	0.00	0.00	0.00	0.00	7.39	0.00
670	48.00	72.00	320.58	35831.81	16028.85	522802.36	522802.36	0.00	0.00	0.00	0.00	7.33	0.00
671	49.00	72.00	320.58	35831.81	16028.85	522802.36	522802.36	0.00	0.00	0.00	0.00	7.27	0.00
672	50.00	72.00	320.58	35831.81	16028.85	522802.36	522802.36	0.00	0.00	0.00	0.00	7.21	0.00
673	51.00	72.00	320.58	35831.81	16028.85	522802.36	522802.36	0.00	0.00	0.00	0.00	7.15	0.00
674	51.00	73.00	320.58	35831.81	16028.85	522802.36	522802.36	0.00	0.00	0.00	0.00	7.12	0.00
675	52.00	73.00	320.58	35831.81	16028.85	522802.36	522802.36	0.00	0.00	0.00	0.00	7.06	0.00
676	52.00	74.00	320.58	35831.81	16028.85	522802.36	522802.36	0.00	0.00	0.00	0.00	7.19	0.00
677	53.00	74.00	320.58	35831.81	16028.85	522802.36	522802.36	0.00	0.00	0.00	0.00	7.13	0.00
678	54.00	74.00	320.58	35831.81	16028.85	522802.36	522802.36	0.00	0.00	0.00	0.00	7.08	0.00
679	55.00	74.00	320.58	35831.81	16028.85	522802.36	522802.36	0.00	0.00	0.00	0.00	7.02	0.00
680	55.00	25.00	320.58	35831.81	16028.85	522802.36	522802.36	0.00	0.00	0.00	0.00	3.60	0.00
681	56.00	25.00	320.58	35831.81	16028.85	522802.36	522802.36	0.00	0.00	0.00	0.00	3.55	0.00
682	57.00	25.00	320.58	35831.81	16028.85	522802.36	522802.36	0.00	0.00	0.00	0.00	3.51	0.00
683	57.00	26.00	320.58	35831.81	16028.85	522802.36	522802.36	0.00	0.00	0.00	0.00	3.70	0.00
684	58.00	26.00	320.58	35831.81	16028.85	522802.36	522802.36	0.00	0.00	0.00	0.00	3.66	0.00
685	59.00	26.00	320.58	35831.81	16028.85	522802.36	522802.36	0.00	0.00	0.00	0.00	3.62	0.00
686	59.00	27.00	320.58	35831.81	16028.85	522802.36	522802.36	0.00	0.00	0.00	0.00	3.66	0.00
687	60.00	27.00	320.58	35831.81	16028.85	522802.36	522802.36	0.00	0.00	0.00	0.00	3.62	0.00
688	61.00	27.00	320.58	35831.81	16028.85	522802.36	522802.36	0.00	0.00	0.00	0.00	3.57	0.00
689	62.00	27.00	320.58	35831.81	16028.85	522802.36	522802.36	0.00	0.00	0.00	0.00	3.53	0.00
690	63.00	27.00	320.58	35831.81	16028.85	522802.36	522802.36	0.00	0.00	0.00	0.00	3.49	0.00
691	63.00	28.00	320.58	35831.81	16028.85	522802.36	522802.36	0.00	0.00	0.00	0.00	3.58	0.00
692	64.00	28.00	320.58	35831.81	16028.85	522802.36	522802.36	0.00	0.00	0.00	0.00	3.54	0.00
693	65.00	28.00	320.58	35831.81	16028.85	522802.36	522802.36	0.00	0.00	0.00	0.00	3.50	0.00
694	66.00	28.00	320.58	35831.81	16028.85	522802.36	522802.36	0.00	0.00	0.00	0.00	3.47	0.00
695	66.00	29.00	320.58	35831.81	16028.85	522802.36	522802.36	0.00	0.00	0.00	0.00	3.54	0.00
696	66.00	30.00	320.58	35831.81	16028.85	522802.36	522802.36	0.00	0.00	0.00	0.00	3.74	0.00
697	66.00	31.00	320.58	35831.81	16028.85	522802.36	522802.36	0.00	0.00	0.00	0.00	3.90	0.00
698	67.00	31.00	320.58	35831.81	16028.85	522802.36	522802.36	0.00	0.00	0.00	0.00	3.86	0.00
699	68.00	31.00	320.58	35831.81	16028.85	522802.36	522802.36	0.00	0.00	0.00	0.00	3.82	0.00
700	69.00	31.00	320.58	35831.81	16028.85	522802.36	522802.36	0.00	0.00	0.00	0.00	3.78	0.00
701	70.00	31.00	272.49	42998.17	13624.53	522802.36	522802.36	0.00	0.00	0.00	0.00	3.74	0.00
702	70.00	32.00	272.49	42998.17	13624.53	522802.36	522802.36	0.00	0.00	0.00	0.00	3.82	0.00
703	71.00	32.00	272.49	42998.17	13624.53	522802.36	522802.36	0.00	0.00	0.00	0.00	3.78	0.00
704	72.00	32.00	272.49	42998.17	13624.53	522802.36	522802.36	0.00	0.00	0.00	0.00	3.75	0.00
705	72.00	33.00	272.49	42998.17	13624.53	522802.36	522802.36	0.00	0.00	0.00	0.00	3.74	0.00
706	73.00	33.00	272.49	42998.17	13624.53	522802.36	522802.36	0.00	0.00	0.00	0.00	3.70	0.00
707	73.00	34.00	272.49	42998.17	13624.53	522802.36	522802.36	0.00	0.00	0.00	0.00	3.77	0.00
708	74.00	34.00	272.49	42998.17	13624.53	522802.36	522802.36	0.00	0.00	0.00	0.00	3.74	0.00
709	25.00	34.00	272.49	42998.17	13624.53	522802.36	522802.36	0.00	0.00	0.00	0.00	6.84	0.00
710	25.00	35.00	272.49	42998.17	13624.53	522802.36	522802.36	0.00	0.00	0.00	0.00	6.94	0.00
711	25.00	36.00	272.49	42998.17	13624.53	522802.36	522802.36	0.00	0.00	0.00	0.00	7.20	0.00
712	26.00	36.00	272.49	42998.17	13624.53	522802.36	522802.36	0.00	0.00	0.00	0.00	7.08	0.00
713	26.00	37.00	272.49	42998.17	13624.53	522802.36	522802.36	0.00	0.00	0.00	0.00	7.15	0.00
714	26.00	38.00	272.49	42998.17	13624.53	522802.36	522802.36	0.00	0.00	0.00	0.00	7.22	0.00
715	26.00	39.00	272.49	42998.17	13624.53	522802.36	522802.36	0.00	0.00	0.00	0.00	7.29	0.00
716	26.00	40.00	272.49	42998.17	13624.53	522802.36	522802.36	0.00	0.00	0.00	0.00	7.40	0.00
717	26.00	41.00	272.49	42998.17	13624.53	522802.36	522802.36	0.00	0.00	0.00	0.00	7.39	0.00
718	26.00	42.00	272.49	42998.17	13624.53	522802.36	522802.36	0.00	0.00	0.00	0.00	8.29	0.00
719	27.00	42.00	272.49	42998.17	13624.53	522802.36	522802.36	0.00	0.00	0.00	0.00	8.17	0.00
720	28.00	42.00	272.49	42998.17	13624.53	522802.36	522802.36	0.00	0.00	0.00	0.00	8.05	0.00
721	29.00	42.00	272.49	42998.17	13624.53	522802.36	522802.36	0.00	0.00	0.00	0.00	7.94	0.00
722	30.00	42.00	272.49	42998.17	13624.53	522802.36	522802.36	0.00	0.00	0.00	0.00	7.83	0.00
723	31.00	42.00	272.49	42998.17	13624.53	522802.36	522802.36	0.00	0.00	0.00	0.00	7.72	0.00
724	32.00	42.00	272.49	42998.17	13624.53	522802.36	522802.36	0.00	0.00	0.00	0.00	7.62	0.00
725	33.00	42.00	272.49	42998.17	13624.53	522802.36	522802.36	0.00	0.00	0.00	0.00	7.52	0.00
726	33.00	43.00	272.49	42998.17	13624.53	522802.36	522802.36	0.00	0.00	0.00	0.00	7.51	0.00
727	34.00	43.00	272.49	42998.17	13624.53	522802.36	522802.36	0.00	0.00	0.00	0.00	7.41	0.00
728	35.00	43.00	272.49	42998.17	13624.53	522802.36	522802.36	0.00	0.00	0.00	0.00	7.32	0.00
729	36.00	43.00	272.49	42998.17	13624.53	522802.36	522802.36	0.00	0.00	0.00	0.00	7.23	0.00
730	36.00	44.00	272.49	42998.17	13624.53	522802.36	522802.36	0.00	0.00	0.00	0.00	7.17	0.00
731	37.00	44.00	272.49	42998.17	13624.53	522802.36	522802.36	0.00	0.00	0.00	0.00	7.08	0.00
732	38.00	44.00	272.49	42998.17	13624.53	522802.36	522802.36	0.00	0.00	0.00	0.00	7.00	0.00
733	39.00	44.00	272.49	42998.17	13624.53	522802.36	522802.36	0.00	0.00	0.00	0.00	6.91	0.00
734	39.00	45.00	272.49	42998.17	13624.53	522802.36	522802.36	0.00	0.00	0.00	0.00	6.99	0.00
735	39.00	46.00	272.49	42998.17	13624.53	522802.36	522802.36	0.00	0.00	0.00	0.00	6.99	0.00
736	39.00	47.00	272.49	42998.17	13624.53	522802.36	522802.36	0.00	0.00	0.00	0.00	7.02	0.00
737	40.00	47.00	272.49	42998.17	13624.53	522802.36	522802.36	0.00	0.00	0.00	0.00	6.94	0.00
738	40.00	48.00	272.49	42998.17	13624.53	522802.36	522802.36	0.00	0.00	0.00	0.00	7.07	0.00
739	40.00	49.00	272.49	42998.17	13624.53	522802.36	522802.36	0.00	0.00	0.00	0.00	7.24	0.00
740	41.00	49.00	272.49	42998.17	13624.53	522802.36	522802.36	0.00	0.00	0.00	0.00	7.16	0.00
741	41.00	50.00	272.49	42998.17	13624.53	522802.36	522802.36	0.00	0.00	0.00	0.00	7.47	0.00
742	41.00	51.00	272.49	42998.17	13624.53	522802.36	522802.36	0.00	0.00	0.00	0.00	7.47	0.00
743	41.00	52.00	272.49	42998.17	13624.53	522802.36	522802.36	0.00	0.00	0.00	0.00	7.51	0.00
744	42.00	52.00	272.49	42998.17	13624.53	522802.36	522802.36	0.00	0.00	0.00	0.00	7.43	0.00
745	42.00	53.00	272.49	42998.17	13624.53	522802.36	522802.36	0.00	0.00	0.00	0.00	7.38	0.00
746	42.00	54.00	272.49	42998.17	13624.53	522802.36	522802.36	0.00	0.00	0.00	0.00	7.43	0.00
747	43.00	54.00	272.49	42998.17	13624.53	522802.36	522802.36	0.00	0.00	0.00	0.00	7.35	0.00
748	44.00	54.00	272.49	42998.17	13624.53	522802.36	522802.36	0.00	0.00	0.00	0.00	7.27	0.00
749	44.00	55.00	272.49	42998.17	13624.53	522802.36	522802.36	0.00	0.00	0.00	0.00	7.39	0.00
750	45.00	55.00	272.49	42998.17	13624.53	522802.36	522802.36	0.00	0.00	0.00	0.00	7.31	0.00
751	45.00	56.00	272.49	42998.17	13624.53	522802.36	522802.36	0.00	0.00	0.00	0.00	7.38	0.00
752	45.00	57.00	272.49	42998.17	13624.53	522802.36	522802.36	0.00	0.00	0.00	0.00	7.34	0.00
753	46.00	57.00	272.49	42998.17	13624.53	522802.36	522802.36	0.00	0.00	0.00	0.00	7.27	0.00
754	47.00	57.00	272.49	42998.17	13624.53	522802.36	522802.36	0.00	0.00	0.00	0.00	7.20	0.00
755	47.00	58.00	272.49	42998.17	13624.53	522802.36	522802.36	0.00	0.00	0.00	0.00	7.21	0.00
756	48.00	58.00	272.49	42998.17	13624.53	522802.36	522802.36	0.00	0.00	0.00	0.00	7.14	0.00
757	48.00	59.00	272.49	42998.17	13624.53	522802.36	522802.36	0.00	0.00	0.00	0.00	7.20	0.00
758	48.00	60.00	272.49	42998.17	13624.53	522802.36	522802.36	0.00	0.00	0.00	0.00	7.39	0.00
759	49.00	60.00	272.49	42998.17	13624.53	522802.36	522802.36	0.00	0.00	0.00	0.00	7.32	0.00
760	50.00	60.00	272.49	42998.17	13624.53	522802.36	522802.36	0.00	0.00	0.00	0.00	7.25	0.00
761	51.00	60.00	272.49	42998.17	13624.53	522802.36	522802.36	0.00	0.00	0.00	0.00	7.19	0.00
762	51.00	61.00	272.49	42998.17	13624.53	522802.36	522802.36	0.00	0.00	0.00	0.00	7.22	0.00
763	52.00	61.00	272.49	42998.17	13624.53	522802.36	522802.36	0.00	0.00	0.00	0.00	7.15	0.00
764	53.00	61.00	272.49	42998.17	13624.53	522802.36	522802.36	0.00	0.00	0.00	0.00	7.09	0.00
765	53.00	62.00	272.49	42998.17	13624.53	522802.36	522802.36	0.00	0.00	0.00	0.00	7.23	0.00
766	53.00	63.00	272.49	42998.17	13624.53	522802.36	522802.36	0.00	0.00	0.00	0.00	7.19	0.00
767	53.00	64.00	272.49	42998.17	13624.53	522802.36	522802.36	0.00	0.00	0.00	0.00	7.19	0.00
768	54.00	64.00	272.49	42998.17	13624.53	522802.36	522802.36	0.00	0.00	0.00	0.00	7.13	0.00
769	55.00	64.00	272.49	42998.17	13624.53	522802.36	522802.36	0.00	0.00	0.00	0.00	7.07	0.00
770	55.00	65.00	272.49	42998.17	13624.53	522802.36	522802.36	0.00	0.00	0.00	0.00	7.08	0.00
771	55.00	66.00	272.49	42998.17	13624.53	522802.36	522802.36	0.00	0.00	0.00	0.00	7.12	0.00
772	55.00	67.00	272.49	42998.17	13624.53	522802.36	522802.36	0.00	0.00	0.00	0.00	7.22	0.00
773	56.00	67.00	272.49	42998.17	13624.53	522802.36	522802.36	0.00	0.00	0.00	0.00	7.16	0.00
774	56.00	68.00	272.49	42998.17	13624.53	522802.36	522802.36	0.00	0.00	0.00	0.00	7.19	0.00
775	57.00	68.00	272.49	42998.17	13624.53	522802.36	522802.36	0.00	0.00	0.00	0.00	7.14	0.00
776	57.00	69.00	272.49	42998.17	13624.53	522802.36	522802.36	0.00	0.00	0.00	0.00	7.10	0.00
777	58.00	69.00	272.49	42998.17	13624.53	522802.36	522802.36	0.00	0.00	0.00	0.00	7.04	0.00
778	59.00	69.00	272.49	42998.17	13624.53	522802.36	522802.36	0.00	0.00	0.00	0.00	6.99	0.00
779	60.00	69.00	272.49	42998.17	13624.53	522802.36	522802.36	0.00	0.00	0.00	0.00	6.94	0.00
780	61.00	69.00	272.49	42998.17	13624.53	522802.36	522802.36	0.00	0.00	0.00	0.00	6.88	0.00
781	62.00	69.00	272.49	42998.17	13624.53	522802.36	522802.36	0.00	0.00	0.00	0.00	6.83	0.00
782	63.00	69.00	272.49	42998.17	13624.53	522802.36	522802.36	0.00	0.00	0.00	0.00	6.78	0.00
783	63.00	70.00	272.49	42998.17	13624.53	522802.36	522802.36	0.00	0.00	0.00	0.00	6.75	0.00
784	64.00	70.00	272.49	42998.17	13624.53	522802.36	522802.36	0.00	0.00	0.00	0.00	6.70	0.00
785	64.00	71.00	272.49	42998.17	13624.53	522802.36	522802.36	0.00	0.00	0.00	0.00	6.73	0.00
786	65.00	71.00	272.49	42998.17	13624.53	522802.36	522802.36	0.00	0.00	0.00	0.00	6.68	0.00
787	65.00	72.00	272.49	42998.17	13624.53	522802.36	522802.36	0.00	0.00	0.00	0.00	6.72	0.00
788	66.00	72.00	272.49	42998.17	13624.53	522802.36	522802.36	0.00	0.00	0.00	0.00	6.67	0.00
789	66.00	73.00	272.49	42998.17	13624.53	522802.36	522802.36	0.00	0.00	0.00	0.00	6.70	0.00
790	66.00	74.00	272.49	42998.17	13624.53	522802.36	522802.36	0.00	0.00	0.00	0.00	6.71	0.00
791	67.00	74.00	272.49	42998.17	13624.53	522802.36	522802.36	0.00	0.00	0.00	0.00	6.66	0.00
792	67.00	25.00	272.49	42998.17	13624.53	522802.36	522802.36	0.00	0.00	0.00	0.00	3.70	0.00
793	67.00	26.00	272.49	42998.17	13624.53	522802.36	522802.36	0.00	0.00	0.00	0.00	3.78	0.00
794	68.00	26.00	272.49	42998.17	13624.53	522802.36	522802.36	0.00	0.00	0.00	0.00	3.74	0.00
795	69.00	26.00	272.49	42998.17	13624.53	522802.36	522802.36	0.00	0.00	0.00	0.00	3.70	0.00
796	69.00	27.00	272.49	42998.17	13624.53	522802.36	522802.36	0.00	0.00	0.00	0.00	3.78	0.00
797	70.00	27.00	272.49	42998.17	13624.53	522802.36	522802.36	0.00	0.00	0.00	0.00	3.75	0.00
798	71.00	27.00	272.49	42998.17	13624.53	522802.36	522802.36	0.00	0.00	0.00	0.00	3.71	0.00
799	71.00	28.00	272.49	42998.17	13624.53	522802.36	522802.36	0.00	0.00	0.00	0.00	3.83	0.00
800	72.00	28.00	272.49	42998.17	13624.53	522802.36	522802.36	0.00	0.00	0.00	0.00	3.80	0.00
801	73.00	28.00	231.62	51597.80	11580.85	522802.36	522802.36	0.00	0.00	0.00	0.00	3.76	0.00
802	74.00	28.00	231.62	51597.80	11580.85	522802.36	522802.36	0.00	0.00	0.00	0.00	3.72	0.00
803	74.00	29.00	231.62	51597.80	11580.85	522802.36	522802.36	0.00	0.00	0.00	0.00	3.87	0.00
804	25.00	29.00	231.62	51597.80	11580.85	522802.36	522802.36	0.00	0.00	0.00	0.00	7.39	0.00
805	26.00	29.00	231.62	51597.80	11580.85	522802.36	522802.36	0.00	0.00	0.00	0.00	7.26	0.00
806	26.00	30.00	231.62	51597.80	11580.85	522802.36	522802.36	0.00	0.00	0.00	0.00	7.18	0.00
807	26.00	31.00	231.62	51597.80	11580.85	522802.36	522802.36	0.00	0.00	0.00	0.00	7.19	0.00
808	27.00	31.00	231.62	51597.80	11580.85	522802.36	522802.36	0.00	0.00	0.00	0.00	7.07	0.00
809	28.00	31.00	231.62	51597.80	11580.85	522802.36	522802.36	0.00	0.00	0.00	0.00	6.95	0.00
810	29.00	31.00	231.62	51597.80	11580.85	522802.36	522802.36	0.00	0.00	0.00	0.00	6.83	0.00
811	30.00	31.00	231.62	51597.80	11580.85	522802.36	522802.36	0.00	0.00	0.00	0.00	6.72	0.00
812	33.00	29.00	231.62	51597.80	11580.85	522802.36	522802.36	0.00	0.00	0.00	0.00	6.41	0.00
813	33.00	30.00	196.87	61917.36	9843.72	522802.36	522802.36	0.00	0.00	0.00	0.00	6.45	0.00
814	34.00	30.00	196.87	61917.36	9843.72	522802.36	522802.36	0.00	0.00	0.00	0.00	6.35	0.00
815	35.00	30.00	196.87	61917.36	9843.72	522802.36	522802.36	0.00	0.00	0.00	0.00	6.25	0.00
816	36.00	30.00	196.87	61917.36	9843.72	522802.36	522802.36	0.00	0.00	0.00	0.00	6.16	0.00
817	37.00	30.00	196.87	61917.36	9843.72	522802.36	522802.36	0.00	0.00	0.00	0.00	6.07	0.00
818	38.00	30.00	196.87	61917.36	9843.72	522802.36	522802.36	0.00	0.00	0.00	0.00	5.98	0.00
819	38.00	31.00	196.87	61917.36	9843.72	522802.36	522802.36	0.00	0.00	0.00	0.00	6.06	0.00
820	38.00	32.00	196.87	61917.36	9843.72	522802.36	522802.36	0.00	0.00	0.00	0.00	6.05	0.00
821	39.00	32.00	196.87	61917.36	9843.72	522802.36	522802.36	0.00	0.00	0.00	0.00	5.97	0.00
822	39.00	33.00	196.87	61917.36	9843.72	522802.36	522802.36	0.00	0.00	0.00	0.00	6.04	0.00
823	40.00	33.00	196.87	61917.36	9843.72	522802.36	522802.36	0.00	0.00	0.00	0.00	5.96	0.00
824	41.00	33.00	196.87	61917.36	9843.72	522802.36	522802.36	0.00	0.00	0.00	0.00	5.88	0.00
825	42.00	33.00	196.87	61917.36	9843.72	522802.36	522802.36	0.00	0.00	0.00	0.00	5.80	0.00
826	42.00	34.00	196.87	61917.36	9843.72	522802.36	522802.36	0.00	0.00	0.00	0.00	5.87	0.00
827	43.00	34.00	196.87	61917.36	9843.72	522802.36	522802.36	0.00	0.00	0.00	0.00	5.80	0.00
828	44.00	34.00	196.87	61917.36	9843.72	522802.36	522802.36	0.00	0.00	0.00	0.00	5.72	0.00
829	45.00	34.00	196.87	61917.36	9843.72	522802.36	522802.36	0.00	0.00	0.00	0.00	5.65	0.00
830	45.00	35.00	196.87	61917.36	9843.72	522802.36	522802.36	0.00	0.00	0.00	0.00	5.72	0.00
831	45.00	36.00	196.87	61917.36	9843.72	522802.36	522802.36	0.00	0.00	0.00	0.00	5.83	0.00
832	46.00	36.00	196.87	61917.36	9843.72	522802.36	522802.36	0.00	0.00	0.00	0.00	5.76	0.00
833	46.00	37.00	196.87	61917.36	9843.72	522802.36	522802.36	0.00	0.00	0.00	0.00	5.82	0.00
834	47.00	37.00	196.87	61917.36	9843.72	522802.36	522802.36	0.00	0.00	0.00	0.00	5.75	0.00
835	47.00	38.00	196.87	61917.36	9843.72	522802.36	522802.36	0.00	0.00	0.00	0.00	6.42	0.00
836	48.00	38.00	196.87	61917.36	9843.72	522802.36	522802.36	0.00	0.00	0.00	0.00	6.34	0.00
837	49.00	38.00	196.87	61917.36	9843.72	522802.36	522802.36	0.00	0.00	0.00	0.00	6.27	0.00
838	49.00	39.00	196.87	61917.36	9843.72	522802.36	522802.36	0.00	0.00	0.00	0.00	6.33	0.00
839	50.00	39.00	196.87	61917.36	9843.72	522802.36	522802.36	0.00	0.00	0.00	0.00	6.26	0.00
840	51.00	39.00	196.87	61917.36	9843.72	522802.36	522802.36	0.00	0.00	0.00	0.00	6.19	0.00
841	51.00	40.00	196.87	61917.36	9843.72	522802.36	522802.36	0.00	0.00	0.00	0.00	6.15	0.00
842	51.00	41.00	196.87	61917.36	9843.72	522802.36	522802.36	0.00	0.00	0.00	0.00	6.23	0.00
843	52.00	41.00	196.87	61917.36	9843.72	522802.36	522802.36	0.00	0.00	0.00	0.00	6.16	0.00
844	52.00	42.00	196.87	61917.36	9843.72	522802.36	522802.36	0.00	0.00	0.00	0.00	6.22	0.00
845	52.00	43.00	196.87	61917.36	9843.72	522802.36	522802.36	0.00	0.00	0.00	0.00	6.23	0.00
846	52.00	44.00	196.87	61917.36	9843.72	522802.36	522802.36	0.00	0.00	0.00	0.00	6.28	0.00
847	52.00	45.00	196.87	61917.36	9843.72	522802.36	522802.36	0.00	0.00	0.00	0.00	6.30	0.00
848	52.00	46.00	196.87	61917.36	9843.72	522802.36	522802.36	0.00	0.00	0.00	0.00	6.35	0.00
849	52.00	47.00	196.87	61917.36	9843.72	522802.36	522802.36	0.00	0.00	0.00	0.00	6.41	0.00
850	53.00	47.00	196.87	61917.36	9843.72	522802.36	522802.36	0.00	0.00	0.00	0.00	6.34	0.00
851	53.00	48.00	196.87	61917.36	9843.72	522802.36	522802.36	0.00	0.00	0.00	0.00	6.39	0.00
852	54.00	48.00	196.87	61917.36	9843.72	522802.36	522802.36	0.00	0.00	0.00	0.00	6.33	0.00
853	54.00	49.00	196.87	61917.36	9843.72	522802.36	522802.36	0.00	0.00	0.00	0.00	6.30	0.00
854	55.00	49.00	196.87	61917.36	9843.72	522802.36	522802.36	0.00	0.00	0.00	0.00	6.23	0.00
855	55.00	50.00	196.87	61917.36	9843.72	522802.36	522802.36	0.00	0.00	0.00	0.00	6.25	0.00
856	56.00	50.00	196.87	61917.36	9843.72	522802.36	522802.36	0.00	0.00	0.00	0.00	6.19	0.00
857	56.00	51.00	196.87	61917.36	9843.72	522802.36	522802.36	0.00	0.00	0.00	0.00	6.16	0.00
858	56.00	52.00	196.87	61917.36	9843.72	522802.36	522802.36	0.00	0.00	0.00	0.00	6.21	0.00
859	57.00	52.00	196.87	61917.36	9843.72	522802.36	522802.36	0.00	0.00	0.00	0.00	6.15	0.00
860	58.00	52.00	196.87	61917.36	9843.72	522802.36	522802.36	0.00	0.00	0.00	0.00	6.10	0.00
861	59.00	52.00	196.87	61917.36	9843.72	522802.36	522802.36	0.00	0.00	0.00	0.00	6.04	0.00
862	60.00	52.00	196.87	61917.36	9843.72	522802.36	522802.36	0.00	0.00	0.00	0.00	5.99	0.00
863	60.00	53.00	196.87	61917.36	9843.72	522802.36	522802.36	0.00	0.00	0.00	0.00	6.11	0.00
864	61.00	53.00	196.87	61917.36	9843.72	522802.36	522802.36	0.00	0.00	0.00	0.00	6.05	0.00
865	62.00	53.00	196.87	61917.36	9843.72	522802.36	522802.36	0.00	0.00	0.00	0.00	6.00	0.00
866	63.00	53.00	196.87	61917.36	9843.72	522802.36	522802.36	0.00	0.00	0.00	0.00	5.95	0.00
867	64.00	53.00	196.87	61917.36	9843.72	522802.36	522802.36	0.00	0.00	0.00	0.00	5.90	0.00
868	64.00	54.00	196.87	61917.36	9843.72	522802.36	522802.36	0.00	0.00	0.00	0.00	5.95	0.00
869	64.00	55.00	196.87	61917.36	9843.72	522802.36	522802.36	0.00	0.00	0.00	0.00	6.13	0.00
870	65.00	55.00	196.87	61917.36	9843.72	522802.36	522802.36	0.00	0.00	0.00	0.00	6.08	0.00
871	66.00	55.00	196.87	61917.36	9843.72	522802.36	522802.36	0.00	0.00	0.00	0.00	6.03	0.00
872	67.00	55.00	196.87	61917.36	9843.72	522802.36	522802.36	0.00	0.00	0.00	0.00	5.98	0.00
873	67.00	56.00	196.87	61917.36	9843.72	522802.36	522802.36	0.00	0.00	0.00	0.00	6.02	0.00
874	68.00	56.00	196.87	61917.36	9843.72	522802.36	522802.36	0.00	0.00	0.00	0.00	5.97	0.00
875	69.00	56.00	196.87	61917.36	9843.72	522802.36	522802.36	0.00	0.00	0.00	0.00	5.92	0.00
876	69.00	57.00	196.87	61917.36	9843.72	522802.36	522802.36	0.00	0.00	0.00	0.00	6.01	0.00
877	70.00	57.00	196.87	61917.36	9843.72	522802.36	522802.36	0.00	0.00	0.00	0.00	5.96	0.00
878	71.00	57.00	196.87	61917.36	9843.72	522802.36	522802.36	0.00	0.00	0.00	0.00	5.91	0.00
879	71.00	58.00	196.87	61917.36	9843.72	522802.36	522802.36	0.00	0.00	0.00	0.00	5.93	0.00
880	72.00	58.00	196.87	61917.36	9843.72	522802.36	522802.36	0.00	0.00	0.00	0.00	5.89	0.00
881	73.00	58.00	196.87	61917.36	9843.72	522802.36	522802.36	0.00	0.00	0.00	0.00	5.84	0.00
882	73.00	59.00	196.87	61917.36	9843.72	522802.36	522802.36	0.00	0.00	0.00	0.00	5.88	0.00
883	74.00	59.00	196.87	61917.36	9843.72	522802.36	522802.36	0.00	0.00	0.00	0.00	5.84	0.00
884	25.00	59.00	196.87	61917.36	9843.72	522802.36	522802.36	0.00	0.00	0.00	0.00	9.24	0.00
885	26.00	59.00	196.87	61917.36	9843.72	522802.36	522802.36	0.00	0.00	0.00	0.00	9.14	0.00
886	26.00	60.00	196.87	61917.36	9843.72	522802.36	522802.36	0.00	0.00	0.00	0.00	9.06	0.00
887	26.00	61.00	196.87	61917.36	9843.72	522802.36	522802.36	0.00	0.00	0.00	0.00	9.09	0.00
888	26.00	62.00	196.87	61917.36	9843.72	522802.36	522802.36	0.00	0.00	0.00	0.00	9.12	0.00
889	26.00	63.00	196.87	61917.36	9843.72	522802.36	522802.36	0.00	0.00	0.00	0.00	9.14	0.00
890	26.00	64.00	196.87	61917.36	9843.72	522802.36	522802.36	0.00	0.00	0.00	0.00	9.29	0.00
891	27.00	64.00	196.87	61917.36	9843.72	522802.36	522802.36	0.00	0.00	0.00	0.00	9.19	0.00
892	27.00	65.00	196.87	61917.36	9843.72	522802.36	522802.36	0.00	0.00	0.00	0.00	9.15	0.00
893	27.00	66.00	196.87	61917.36	9843.72	522802.36	522802.36	0.00	0.00	0.00	0.00	9.18	0.00
894	28.00	66.00	196.87	61917.36	9843.72	522802.36	522802.36	0.00	0.00	0.00	0.00	9.08	0.00
895	28.00	67.00	196.87	61917.36	9843.72	522802.36	522802.36	0.00	0.00	0.00	0.00	9.10	0.00
896	29.00	67.00	196.87	61917.36	9843.72	522802.36	522802.36	0.00	0.00	0.00	0.00	9.01	0.00
897	29.00	68.00	196.87	61917.36	9843.72	522802.36	522802.36	0.00	0.00	0.00	0.00	9.03	0.00
898	29.00	69.00	196.87	61917.36	9843.72	522802.36	522802.36	0.00	0.00	0.00	0.00	9.14	0.00
899	30.00	69.00	196.87	61917.36	9843.72	522802.36	522802.36	0.00	0.00	0.00	0.00	9.05	0.00
900	31.00	69.00	196.87	61917.36	9843.72	522802.36	522802.36	0.00	0.00	0.00	0.00	8.96	0.00
901	31.00	70.00	196.87	61917.36	9843.72	522802.36	522802.36	0.00	0.00	0.00	0.00	8.90	0.00
902	32.00	70.00	196.87	61917.36	9843.72	522802.36	522802.36	0.00	0.00	0.00	0.00	8.81	0.00
903	33.00	70.00	196.87	61917.36	9843.72	522802.36	522802.36	0.00	0.00	0.00	0.00	8.72	0.00
904	33.00	71.00	196.87	61917.36	9843.72	522802.36	522802.36	0.00	0.00	0.00	0.00	8.71	0.00
905	34.00	71.00	196.87	61917.36	9843.72	522802.36	522802.36	0.00	0.00	0.00	0.00	8.63	0.00
906	35.00	71.00	196.87	61917.36	9843.72	522802.36	522802.36	0.00	0.00	0.00	0.00	8.55	0.00
907	36.00	71.00	196.87	61917.36	9843.72	522802.36	522802.36	0.00	0.00	0.00	0.00	8.47	0.00
908	36.00	72.00	196.87	61917.36	9843.72	522802.36	522802.36	0.00	0.00	0.00	0.00	8.41	0.00
909	36.00	73.00	196.87	61917.36	9843.72	522802.36	522802.36	0.00	0.00	0.00	0.00	8.40	0.00
910	36.00	74.00	196.87	61917.36	9843.72	522802.36	522802.36	0.00	0.00	0.00	0.00	8.50	0.00
911	37.00	74.00	196.87	61917.36	9843.72	522802.36	522802.36	0.00	0.00	0.00	0.00	8.43	0.00
912	38.00	74.00	196.87	61917.36	9843.72	522802.36	522802.36	0.00	0.00	0.00	0.00	8.35	0.00
913	39.00	74.00	167.34	74300.84	8367.16	522802.36	522802.36	0.00	0.00	0.00	0.00	8.28	0.00
914	39.00	25.00	167.34	74300.84	8367.16	522802.36	522802.36	0.00	0.00	0.00	0.00	4.41	0.00
915	40.00	25.00	167.34	74300.84	8367.16	522802.36	522802.36	0.00	0.00	0.00	0.00	4.35	0.00
916	41.00	25.00	167.34	74300.84	8367.16	522802.36	522802.36	0.00	0.00	0.00	0.00	4.28	0.00
917	42.00	25.00	167.34	74300.84	8367.16	522802.36	522802.36	0.00	0.00	0.00	0.00	4.22	0.00
918	42.00	26.00	167.34	74300.84	8367.16	522802.36	522802.36	0.00	0.00	0.00	0.00	4.36	0.00
919	43.00	26.00	167.34	74300.84	8367.16	522802.36	522802.36	0.00	0.00	0.00	0.00	4.30	0.00
920	43.00	27.00	167.34	74300.84	8367.16	522802.36	522802.36	0.00	0.00	0.00	0.00	4.73	0.00
921	44.00	27.00	167.34	74300.84	8367.16	522802.36	522802.36	0.00	0.00	0.00	0.00	4.66	0.00
922	45.00	27.00	167.34	74300.84	8367.16	522802.36	522802.36	0.00	0.00	0.00	0.00	4.60	0.00
923	45.00	28.00	167.34	74300.84	8367.16	522802.36	522802.36	0.00	0.00	0.00	0.00	4.99	0.00
924	46.00	28.00	167.34	74300.84	8367.16	522802.36	522802.36	0.00	0.00	0.00	0.00	4.92	0.00
925	46.00	29.00	167.34	74300.84	8367.16	522802.36	522802.36	0.00	0.00	0.00	0.00	5.01	0.00
926	47.00	29.00	167.34	74300.84	8367.16	522802.36	522802.36	0.00	0.00	0.00	0.00	4.94	0.00
927	48.00	29.00	167.34	74300.84	8367.16	522802.36	522802.36	0.00	0.00	0.00	0.00	4.88	0.00
928	49.00	29.00	167.34	74300.84	8367.16	522802.36	522802.36	0.00	0.00	0.00	0.00	4.82	0.00
929	49.00	30.00	167.34	74300.84	8367.16	522802.36	522802.36	0.00	0.00	0.00	0.00	4.79	0.00
930	49.00	31.00	167.34	74300.84	8367.16	522802.36	522802.36	0.00	0.00	0.00	0.00	4.82	0.00
931	49.00	32.00	167.34	74300.84	8367.16	522802.36	522802.36	0.00	0.00	0.00	0.00	4.86	0.00
932	49.00	33.00	167.34	74300.84	8367.16	522802.36	522802.36	0.00	0.00	0.00	0.00	4.94	0.00
933	50.00	33.00	167.34	74300.84	8367.16	522802.36	522802.36	0.00	0.00	0.00	0.00	4.88	0.00
934	51.00	33.00	167.34	74300.84	8367.16	522802.36	522802.36	0.00	0.00	0.00	0.00	4.82	0.00
935	52.00	33.00	167.34	74300.84	8367.16	522802.36	522802.36	0.00	0.00	0.00	0.00	4.77	0.00
936	53.00	33.00	167.34	74300.84	8367.16	522802.36	522802.36	0.00	0.00	0.00	0.00	4.71	0.00
937	53.00	34.00	167.34	74300.84	8367.16	522802.36	522802.36	0.00	0.00	0.00	0.00	4.74	0.00
938	53.00	35.00	167.34	74300.84	8367.16	522802.36	522802.36	0.00	0.00	0.00	0.00	4.81	0.00
939	53.00	36.00	167.34	74300.84	8367.16	522802.36	522802.36	0.00	0.00	0.00	0.00	4.84	0.00
940	53.00	37.00	167.34	74300.84	8367.16	522802.36	522802.36	0.00	0.00	0.00	0.00	4.87	0.00
941	53.00	38.00	167.34	74300.84	8367.16	522802.36	522802.36	0.00	0.00	0.00	0.00	5.02	0.00
942	54.00	38.00	167.34	74300.84	8367.16	522802.36	522802.36	0.00	0.00	0.00	0.00	4.96	0.00
943	55.00	38.00	167.34	74300.84	8367.16	522802.36	522802.36	0.00	0.00	0.00	0.00	4.91	0.00
944	56.00	38.00	167.34	74300.84	8367.16	522802.36	522802.36	0.00	0.00	0.00	0.00	4.86	0.00
945	57.00	38.00	167.34	74300.84	8367.16	522802.36	522802.36	0.00	0.00	0.00	0.00	4.80	0.00
946	57.00	39.00	167.34	74300.84	8367.16	522802.36	522802.36	0.00	0.00	0.00	0.00	4.87	0.00
947	58.00	39.00	167.34	74300.84	8367.16	522802.36	522802.36	0.00	0.00	0.00	0.00	4.82	0.00
948	59.00	39.00	167.34	74300.84	8367.16	522802.36	522802.36	0.00	0.00	0.00	0.00	4.77	0.00
949	60.00	39.00	167.34	74300.84	8367.16	522802.36	522802.36	0.00	0.00	0.00	0.00	4.73	0.00
950	60.00	40.00	167.34	74300.84	8367.16	522802.36	522802.36	0.00	0.00	0.00	0.00	4.80	0.00
951	60.00	41.00	167.34	74300.84	8367.16	522802.36	522802.36	0.00	0.00	0.00	0.00	4.82	0.00
952	61.00	41.00	167.34	74300.84	8367.16	522802.36	522802.36	0.00	0.00	0.00	0.00	4.78	0.00
953	62.00	41.00	167.34	74300.84	8367.16	522802.36	522802.36	0.00	0.00	0.00	0.00	4.73	0.00
954	63.00	41.00	167.34	74300.84	8367.16	522802.36	522802.36	0.00	0.00	0.00	0.00	4.69	0.00
955	63.00	42.00	167.34	74300.84	8367.16	522802.36	522802.36	0.00	0.00	0.00	0.00	4.67	0.00
956	64.00	42.00	167.34	74300.84	8367.16	522802.36	522802.36	0.00	0.00	0.00	0.00	4.62	0.00
957	65.00	42.00	167.34	74300.84	8367.16	522802.36	522802.36	0.00	0.00	0.00	0.00	4.58	0.00
958	66.00	42.00	167.34	74300.84	8367.16	522802.36	522802.36	0.00	0.00	0.00	0.00	4.54	0.00
959	66.00	43.00	167.34	74300.84	8367.16	522802.36	522802.36	0.00	0.00	0.00	0.00	4.60	0.00
960	67.00	43.00	167.34	74300.84	8367.16	522802.36	522802.36	0.00	0.00	0.00	0.00	4.56	0.00
961	67.00	44.00	167.34	74300.84	8367.16	522802.36	522802.36	0.00	0.00	0.00	0.00	4.58	0.00
962	68.00	44.00	167.34	74300.84	8367.16	522802.36	522802.36	0.00	0.00	0.00	0.00	4.54	0.00
963	69.00	44.00	167.34	74300.84	8367.16	522802.36	522802.36	0.00	0.00	0.00	0.00	4.50	0.00
964	70.00	44.00	167.34	74300.84	8367.16	522802.36	522802.36	0.00	0.00	0.00	0.00	4.46	0.00
965	71.00	44.00	167.34	74300.84	8367.16	522802.36	522802.36	0.00	0.00	0.00	0.00	4.42	0.00
966	72.00	44.00	167.34	74300.84	8367.16	522802.36	522802.36	0.00	0.00	0.00	0.00	4.38	0.00
967	73.00	44.00	167.34	74300.84	8367.16	522802.36	522802.36	0.00	0.00	0.00	0.00	4.35	0.00
968	73.00	45.00	167.34	74300.84	8367.16	522802.36	522802.36	0.00	0.00	0.00	0.00	4.33	0.00
969	73.00	46.00	167.34	74300.84	8367.16	522802.36	522802.36	0.00	0.00	0.00	0.00	4.49	0.00
970	74.00	46.00	167.34	74300.84	8367.16	522802.36	522802.36	0.00	0.00	0.00	0.00	4.45	0.00
971	74.00	47.00	167.34	74300.84	8367.16	522802.36	522802.36	0.00	0.00	0.00	0.00	4.44	0.00
972	25.00	47.00	167.34	74300.84	8367.16	522802.36	522802.36	0.00	0.00	0.00	0.00	7.46	0.00
973	25.00	48.00	167.34	74300.84	8367.16	522802.36	522802.36	0.00	0.00	0.00	0.00	7.44	0.00
974	26.00	48.00	167.34	74300.84	8367.16	522802.36	522802.36	0.00	0.00	0.00	0.00	7.33	0.00
975	26.00	49.00	167.34	74300.84	8367.16	522802.36	522802.36	0.00	0.00	0.00	0.00	7.39	0.00
976	26.00	50.00	167.34	74300.84	8367.16	522802.36	522802.36	0.00	0.00	0.00	0.00	7.33	0.00
977	26.00	51.00	167.34	74300.84	8367.16	522802.36	522802.36	0.00	0.00	0.00	0.00	7.46	0.00
978	26.00	52.00	167.34	74300.84	8367.16	522802.36	522802.36	0.00	0.00	0.00	0.00	7.68	0.00
979	26.00	53.00	167.34	74300.84	8367.16	522802.36	522802.36	0.00	0.00	0.00	0.00	7.74	0.00
980	26.00	54.00	167.34	74300.84	8367.16	522802.36	522802.36	0.00	0.00	0.00	0.00	7.82	0.00
981	27.00	54.00	167.34	74300.84	8367.16	522802.36	522802.36	0.00	0.00	0.00	0.00	7.72	0.00
982	27.00	55.00	167.34	74300.84	8367.16	522802.36	522802.36	0.00	0.00	0.00	0.00	7.87	0.00
983	27.00	56.00	167.34	74300.84	8367.16	522802.36	522802.36	0.00	0.00	0.00	0.00	8.01	0.00
984	28.00	56.00	167.34	74300.84	8367.16	522802.36	522802.36	0.00	0.00	0.00	0.00	7.91	0.00
985	28.00	57.00	167.34	74300.84	8367.16	522802.36	522802.36	0.00	0.00	0.00	0.00	7.96	0.00
986	28.00	58.00	167.34	74300.84	8367.16	522802.36	522802.36	0.00	0.00	0.00	0.00	7.95	0.00
987	28.00	59.00	167.34	74300.84	8367.16	522802.36	522802.36	0.00	0.00	0.00	0.00	7.89	0.00
988	29.00	59.00	167.34	74300.84	8367.16	522802.36	522802.36	0.00	0.00	0.00	0.00	7.80	0.00
989	30.00	59.00	167.34	74300.84	8367.16	522802.36	522802.36	0.00	0.00	0.00	0.00	7.71	0.00
990	31.00	59.00	167.34	74300.84	8367.16	522802.36	522802.36	0.00	0.00	0.00	0.00	7.62	0.00
991	32.00	59.00	167.34	74300.84	8367.16	522802.36	522802.36	0.00	0.00	0.00	0.00	7.54	0.00
992	32.00	60.00	167.34	74300.84	8367.16	522802.36	522802.36	0.00	0.00	0.00	0.00	7.58	0.00
993	32.00	61.00	167.34	74300.84	8367.16	522802.36	522802.36	0.00	0.00	0.00	0.00	7.62	0.00
994	32.00	62.00	167.34	74300.84	8367.16	522802.36	522802.36	0.00	0.00	0.00	0.00	7.66	0.00
995	32.00	63.00	167.34	74300.84	8367.16	522802.36	522802.36	0.00	0.00	0.00	0.00	7.72	0.00
996	33.00	63.00	167.34	74300.84	8367.16	522802.36	522802.36	0.00	0.00	0.00	0.00	7.64	0.00
997	33.00	64.00	167.34	74300.84	8367.16	522802.36	522802.36	0.00	0.00	0.00	0.00	7.59	0.00
998	33.00	65.00	167.34	74300.84	8367.16	522802.36	522802.36	0.00	0.00	0.00	0.00	7.63	0.00
999	33.00	66.00	167.34	74300.84	8367.16	522802.36	522802.36	0.00	0.00	0.00	0.00	7.64	0.00
1000	33.00	67.00	167.34	74300.84	8367.16	522802.36	522802.36	0.00	0.00	0.00	0.00	7.64	0.00
