some parameters
Gen.	# feasible solutions	# infeasible solutions	cap. penality	dur. penality	num. penality	best penalized cost	best feasible cost	best cap. violation	best dur. violation	best num. violation	avg cap. violation	avg dur. violation	avg num. violation
1	0.00	51.00	1200.00	12000.00	60000.00	2573300.00	0.00	338.64	75.12	2.00	888.83	159.79	4.88
2	0.00	52.00	1200.00	12000.00	60000.00	2573300.00	0.00	338.64	75.12	2.00	891.27	160.72	4.94
3	0.00	53.00	1200.00	12000.00	60000.00	2573300.00	0.00	338.64	75.12	2.00	888.44	161.21	4.91
4	0.00	54.00	1200.00	12000.00	60000.00	2573300.00	0.00	338.64	75.12	2.00	875.95	162.06	4.81
5	0.00	55.00	1200.00	12000.00	60000.00	2573300.00	0.00	338.64	75.12	2.00	863.33	161.49	4.75
6	0.00	56.00	1200.00	12000.00	60000.00	2545152.20	0.00	214.38	101.26	0.00	851.74	160.41	4.66
7	0.00	57.00	1200.00	12000.00	60000.00	2545152.20	0.00	214.38	101.26	0.00	840.97	160.25	4.63
8	0.00	58.00	1200.00	12000.00	60000.00	2545152.20	0.00	214.38	101.26	0.00	836.49	159.10	4.59
9	0.00	59.00	1200.00	12000.00	60000.00	2545152.20	0.00	214.38	101.26	0.00	836.38	158.86	4.61
10	0.00	60.00	1200.00	12000.00	60000.00	2545152.20	0.00	214.38	101.26	0.00	834.57	158.39	4.60
11	0.00	61.00	1200.00	12000.00	60000.00	2545152.20	0.00	214.38	101.26	0.00	838.02	159.05	4.59
12	0.00	62.00	1200.00	12000.00	60000.00	2545152.20	0.00	214.38	101.26	0.00	834.78	158.82	4.55
13	0.00	63.00	1200.00	12000.00	60000.00	2545152.20	0.00	214.38	101.26	0.00	824.45	159.76	4.51
14	0.00	64.00	1200.00	12000.00	60000.00	2545152.20	0.00	214.38	101.26	0.00	820.17	158.91	4.47
15	0.00	65.00	1200.00	12000.00	60000.00	2545152.20	0.00	214.38	101.26	0.00	815.98	158.96	4.45
16	0.00	66.00	1200.00	12000.00	60000.00	2545152.20	0.00	214.38	101.26	0.00	809.94	163.70	4.41
17	0.00	67.00	1200.00	12000.00	60000.00	2545152.20	0.00	214.38	101.26	0.00	820.93	162.85	4.45
18	0.00	68.00	1200.00	12000.00	60000.00	2545152.20	0.00	214.38	101.26	0.00	817.10	162.34	4.46
19	0.00	69.00	1200.00	12000.00	60000.00	2545152.20	0.00	214.38	101.26	0.00	813.10	162.50	4.48
20	0.00	70.00	1200.00	12000.00	60000.00	2545152.20	0.00	214.38	101.26	0.00	807.44	166.98	4.44
21	0.00	71.00	1200.00	12000.00	60000.00	2545152.20	0.00	214.38	101.26	0.00	803.54	166.39	4.45
22	0.00	72.00	1200.00	12000.00	60000.00	2545152.20	0.00	214.38	101.26	0.00	805.29	167.23	4.49
23	0.00	73.00	1200.00	12000.00	60000.00	2545152.20	0.00	214.38	101.26	0.00	805.17	167.26	4.45
24	0.00	74.00	1200.00	12000.00	60000.00	2545152.20	0.00	214.38	101.26	0.00	805.47	166.53	4.46
25	0.00	25.00	1200.00	12000.00	60000.00	2545152.20	0.00	214.38	101.26	0.00	485.31	137.86	2.88
26	0.00	26.00	1200.00	12000.00	60000.00	2545152.20	0.00	214.38	101.26	0.00	484.99	138.76	2.81
27	0.00	27.00	1200.00	12000.00	60000.00	2545152.20	0.00	214.38	101.26	0.00	489.14	140.73	2.93
28	0.00	28.00	1200.00	12000.00	60000.00	2545152.20	0.00	214.38	101.26	0.00	491.70	140.45	3.00
29	0.00	29.00	1200.00	12000.00	60000.00	2545152.20	0.00	214.38	101.26	0.00	484.60	143.79	2.97
30	0.00	30.00	1200.00	12000.00	60000.00	2545152.20	0.00	214.38	101.26	0.00	490.00	144.26	3.00
31	0.00	31.00	1200.00	12000.00	60000.00	2545152.20	0.00	214.38	101.26	0.00	476.45	144.13	2.90
32	0.00	32.00	1200.00	12000.00	60000.00	2545152.20	0.00	214.38	101.26	0.00	469.07	158.94	2.91
33	0.00	33.00	1200.00	12000.00	60000.00	2545152.20	0.00	214.38	101.26	0.00	468.09	158.36	2.91
34	0.00	34.00	1200.00	12000.00	60000.00	2545152.20	0.00	214.38	101.26	0.00	471.38	158.40	2.91
35	0.00	35.00	1200.00	12000.00	60000.00	2545152.20	0.00	214.38	101.26	0.00	470.45	166.07	2.86
36	0.00	36.00	1200.00	12000.00	60000.00	2545152.20	0.00	214.38	101.26	0.00	468.72	167.43	2.83
37	0.00	37.00	1200.00	12000.00	60000.00	2545152.20	0.00	214.38	101.26	0.00	459.32	172.67	2.81
38	0.00	38.00	1200.00	12000.00	60000.00	2545152.20	0.00	214.38	101.26	0.00	455.55	172.36	2.74
39	0.00	39.00	1200.00	12000.00	60000.00	2545152.20	0.00	214.38	101.26	0.00	461.79	175.34	2.69
40	0.00	40.00	1200.00	12000.00	60000.00	2545152.20	0.00	214.38	101.26	0.00	460.43	175.74	2.77
41	0.00	41.00	1200.00	12000.00	60000.00	2545152.20	0.00	214.38	101.26	0.00	454.43	174.40	2.71
42	0.00	42.00	1200.00	12000.00	60000.00	2545152.20	0.00	214.38	101.26	0.00	457.44	176.57	2.69
43	0.00	43.00	1200.00	12000.00	60000.00	2545152.20	0.00	214.38	101.26	0.00	462.03	179.24	2.77
44	0.00	44.00	1200.00	12000.00	60000.00	2218230.98	0.00	69.40	86.20	1.00	453.11	177.13	2.73
45	0.00	45.00	1200.00	12000.00	60000.00	2218230.98	0.00	69.40	86.20	1.00	483.44	178.45	2.89
46	0.00	46.00	1200.00	12000.00	60000.00	2218230.98	0.00	69.40	86.20	1.00	476.53	177.01	2.85
47	0.00	47.00	1200.00	12000.00	60000.00	2218230.98	0.00	69.40	86.20	1.00	470.33	175.96	2.85
48	0.00	48.00	1200.00	12000.00	60000.00	2218230.98	0.00	69.40	86.20	1.00	471.54	174.41	2.81
49	0.00	49.00	1200.00	12000.00	60000.00	2218230.98	0.00	69.40	86.20	1.00	461.92	173.21	2.76
50	0.00	50.00	1200.00	12000.00	60000.00	2218230.98	0.00	69.40	86.20	1.00	463.20	182.28	2.74
51	0.00	51.00	1200.00	12000.00	60000.00	2218230.98	0.00	69.40	86.20	1.00	455.76	180.88	2.69
52	0.00	52.00	1200.00	12000.00	60000.00	2218230.98	0.00	69.40	86.20	1.00	460.99	181.03	2.69
53	0.00	53.00	1200.00	12000.00	60000.00	2218230.98	0.00	69.40	86.20	1.00	456.11	181.81	2.68
54	0.00	54.00	1200.00	12000.00	60000.00	2218230.98	0.00	69.40	86.20	1.00	447.66	180.73	2.65
55	0.00	55.00	1200.00	12000.00	60000.00	2218230.98	0.00	69.40	86.20	1.00	446.57	178.68	2.60
56	0.00	56.00	1200.00	12000.00	60000.00	2218230.98	0.00	69.40	86.20	1.00	451.54	178.02	2.61
57	0.00	57.00	1200.00	12000.00	60000.00	2218230.98	0.00	69.40	86.20	1.00	450.67	176.82	2.63
58	0.00	58.00	1200.00	12000.00	60000.00	2218230.98	0.00	69.40	86.20	1.00	447.66	175.71	2.62
59	0.00	59.00	1200.00	12000.00	60000.00	2218230.98	0.00	69.40	86.20	1.00	449.03	175.84	2.59
60	0.00	60.00	1200.00	12000.00	60000.00	2218230.98	0.00	69.40	86.20	1.00	444.06	174.83	2.58
61	0.00	61.00	1200.00	12000.00	60000.00	2218230.98	0.00	69.40	86.20	1.00	438.77	178.40	2.57
62	0.00	62.00	1200.00	12000.00	60000.00	2218230.98	0.00	69.40	86.20	1.00	435.89	177.35	2.58
63	0.00	63.00	1200.00	12000.00	60000.00	2218230.98	0.00	69.40	86.20	1.00	430.84	176.73	2.56
64	0.00	64.00	1200.00	12000.00	60000.00	2218230.98	0.00	69.40	86.20	1.00	425.36	177.07	2.55
65	0.00	65.00	1200.00	12000.00	60000.00	2218230.98	0.00	69.40	86.20	1.00	430.86	176.39	2.55
66	0.00	66.00	1200.00	12000.00	60000.00	2218230.98	0.00	69.40	86.20	1.00	426.54	175.02	2.52
67	0.00	67.00	1200.00	12000.00	60000.00	2218230.98	0.00	69.40	86.20	1.00	423.94	175.20	2.49
68	0.00	68.00	1200.00	12000.00	60000.00	2218230.98	0.00	69.40	86.20	1.00	423.71	175.20	2.46
69	0.00	69.00	1200.00	12000.00	60000.00	2218230.98	0.00	69.40	86.20	1.00	420.68	175.89	2.42
70	0.00	70.00	1200.00	12000.00	60000.00	2218230.98	0.00	69.40	86.20	1.00	424.03	176.36	2.47
71	0.00	71.00	1200.00	12000.00	60000.00	2218230.98	0.00	69.40	86.20	1.00	423.33	176.19	2.45
72	0.00	72.00	1200.00	12000.00	60000.00	2218230.98	0.00	69.40	86.20	1.00	419.95	176.16	2.44
73	0.00	73.00	1200.00	12000.00	60000.00	2218230.98	0.00	69.40	86.20	1.00	416.74	175.47	2.45
74	0.00	74.00	1200.00	12000.00	60000.00	2218230.98	0.00	69.40	86.20	1.00	416.07	177.74	2.42
75	0.00	25.00	1200.00	12000.00	60000.00	2218230.98	0.00	69.40	86.20	1.00	262.48	120.73	1.52
76	0.00	26.00	1200.00	12000.00	60000.00	2218230.98	0.00	69.40	86.20	1.00	252.38	120.52	1.50
77	0.00	27.00	1200.00	12000.00	60000.00	2218230.98	0.00	69.40	86.20	1.00	253.82	120.07	1.44
78	0.00	28.00	1200.00	12000.00	60000.00	2218230.98	0.00	69.40	86.20	1.00	255.00	119.20	1.43
79	0.00	29.00	1200.00	12000.00	60000.00	2218230.98	0.00	69.40	86.20	1.00	249.54	120.43	1.48
80	0.00	30.00	1200.00	12000.00	60000.00	2218230.98	0.00	69.40	86.20	1.00	250.59	123.75	1.47
81	0.00	31.00	1200.00	12000.00	60000.00	2218230.98	0.00	69.40	86.20	1.00	248.52	123.66	1.45
82	0.00	32.00	1200.00	12000.00	60000.00	2218230.98	0.00	69.40	86.20	1.00	253.09	125.36	1.53
83	0.00	33.00	1200.00	12000.00	60000.00	2218230.98	0.00	69.40	86.20	1.00	254.25	125.39	1.48
84	0.00	34.00	1200.00	12000.00	60000.00	2218230.98	0.00	69.40	86.20	1.00	278.76	129.97	1.59
85	0.00	35.00	1200.00	12000.00	60000.00	2218230.98	0.00	69.40	86.20	1.00	277.62	131.60	1.60
86	0.00	36.00	1200.00	12000.00	60000.00	2218230.98	0.00	69.40	86.20	1.00	277.44	131.64	1.61
87	0.00	37.00	1200.00	12000.00	60000.00	2218230.98	0.00	69.40	86.20	1.00	269.94	131.33	1.59
88	0.00	38.00	1200.00	12000.00	60000.00	2218230.98	0.00	69.40	86.20	1.00	270.38	129.88	1.61
89	0.00	39.00	1200.00	12000.00	60000.00	2218230.98	0.00	69.40	86.20	1.00	276.14	131.84	1.62
90	0.00	40.00	1200.00	12000.00	60000.00	2218230.98	0.00	69.40	86.20	1.00	269.24	131.56	1.60
91	0.00	41.00	1200.00	12000.00	60000.00	2218230.98	0.00	69.40	86.20	1.00	274.37	136.74	1.59
92	0.00	42.00	1200.00	12000.00	60000.00	2218230.98	0.00	69.40	86.20	1.00	270.95	136.27	1.55
93	0.00	43.00	1200.00	12000.00	60000.00	2218230.98	0.00	69.40	86.20	1.00	284.47	138.28	1.67
94	0.00	44.00	1200.00	12000.00	60000.00	2218230.98	0.00	69.40	86.20	1.00	284.52	138.20	1.66
95	0.00	45.00	1200.00	12000.00	60000.00	2218230.98	0.00	69.40	86.20	1.00	278.20	137.63	1.62
96	0.00	46.00	1200.00	12000.00	60000.00	2218230.98	0.00	69.40	86.20	1.00	291.16	146.52	1.67
97	0.00	47.00	1200.00	12000.00	60000.00	2218230.98	0.00	69.40	86.20	1.00	284.96	145.80	1.64
98	0.00	48.00	1200.00	12000.00	60000.00	2218230.98	0.00	69.40	86.20	1.00	286.53	145.13	1.67
99	0.00	49.00	1200.00	12000.00	60000.00	2218230.98	0.00	69.40	86.20	1.00	294.02	146.11	1.69
100	0.00	50.00	1200.00	12000.00	60000.00	2218230.98	0.00	69.40	86.20	1.00	288.14	145.37	1.66
101	0.00	51.00	1440.00	14400.00	72000.00	2229691.99	0.00	0.00	78.17	0.00	282.49	144.05	1.63
102	0.00	52.00	1440.00	14400.00	72000.00	2229691.99	0.00	0.00	78.17	0.00	277.06	143.38	1.60
103	0.00	53.00	1440.00	14400.00	72000.00	2229691.99	0.00	0.00	78.17	0.00	271.83	143.20	1.58
104	0.00	54.00	1440.00	14400.00	72000.00	2229691.99	0.00	0.00	78.17	0.00	271.91	143.81	1.59
105	0.00	55.00	1440.00	14400.00	72000.00	2229691.99	0.00	0.00	78.17	0.00	273.84	144.97	1.62
106	0.00	56.00	1440.00	14400.00	72000.00	2229691.99	0.00	0.00	78.17	0.00	273.93	147.32	1.66
107	0.00	57.00	1440.00	14400.00	72000.00	2229691.99	0.00	0.00	78.17	0.00	277.26	147.32	1.65
108	0.00	58.00	1440.00	14400.00	72000.00	2229691.99	0.00	0.00	78.17	0.00	272.48	148.66	1.64
109	0.00	59.00	1440.00	14400.00	72000.00	2229691.99	0.00	0.00	78.17	0.00	278.50	152.92	1.64
110	0.00	60.00	1440.00	14400.00	72000.00	2229691.99	0.00	0.00	78.17	0.00	278.64	157.32	1.63
111	0.00	61.00	1440.00	14400.00	72000.00	2229691.99	0.00	0.00	78.17	0.00	280.03	156.98	1.64
112	0.00	62.00	1440.00	14400.00	72000.00	2229691.99	0.00	0.00	78.17	0.00	275.66	156.25	1.61
113	0.00	63.00	1440.00	14400.00	72000.00	2229691.99	0.00	0.00	78.17	0.00	273.61	156.44	1.62
114	0.00	64.00	1440.00	14400.00	72000.00	2229691.99	0.00	0.00	78.17	0.00	269.34	156.22	1.59
115	0.00	65.00	1440.00	14400.00	72000.00	2229691.99	0.00	0.00	78.17	0.00	265.19	156.13	1.57
116	0.00	66.00	1440.00	14400.00	72000.00	2229691.99	0.00	0.00	78.17	0.00	261.31	155.36	1.55
117	0.00	67.00	1440.00	14400.00	72000.00	2229691.99	0.00	0.00	78.17	0.00	272.12	155.90	1.55
118	0.00	68.00	1440.00	14400.00	72000.00	2229691.99	0.00	0.00	78.17	0.00	270.87	156.46	1.56
119	0.00	69.00	1440.00	14400.00	72000.00	2229691.99	0.00	0.00	78.17	0.00	271.38	156.21	1.57
120	0.00	70.00	1440.00	14400.00	72000.00	2229691.99	0.00	0.00	78.17	0.00	275.08	156.30	1.61
121	0.00	71.00	1440.00	14400.00	72000.00	2229691.99	0.00	0.00	78.17	0.00	281.61	158.68	1.62
122	0.00	72.00	1440.00	14400.00	72000.00	2229691.99	0.00	0.00	78.17	0.00	290.97	161.94	1.65
123	0.00	73.00	1440.00	14400.00	72000.00	2229691.99	0.00	0.00	78.17	0.00	288.94	163.35	1.63
124	0.00	74.00	1440.00	14400.00	72000.00	2229691.99	0.00	0.00	78.17	0.00	299.73	164.76	1.68
125	0.00	25.00	1440.00	14400.00	72000.00	2229691.99	0.00	0.00	78.17	0.00	178.37	113.00	0.92
126	0.00	26.00	1440.00	14400.00	72000.00	2229691.99	0.00	0.00	78.17	0.00	171.51	113.96	0.88
127	0.00	27.00	1440.00	14400.00	72000.00	2229691.99	0.00	0.00	78.17	0.00	166.49	113.93	0.89
128	0.00	28.00	1440.00	14400.00	72000.00	2229691.99	0.00	0.00	78.17	0.00	178.36	113.12	0.86
129	0.00	29.00	1440.00	14400.00	72000.00	2229691.99	0.00	0.00	78.17	0.00	189.40	111.71	0.83
130	0.00	30.00	1440.00	14400.00	72000.00	2229691.99	0.00	0.00	78.17	0.00	183.09	113.37	0.80
131	0.00	31.00	1440.00	14400.00	72000.00	2229691.99	0.00	0.00	78.17	0.00	185.50	114.18	0.84
132	0.00	32.00	1440.00	14400.00	72000.00	2229691.99	0.00	0.00	78.17	0.00	180.54	114.08	0.81
133	0.00	33.00	1440.00	14400.00	72000.00	2229691.99	0.00	0.00	78.17	0.00	180.08	113.51	0.85
134	0.00	34.00	1440.00	14400.00	72000.00	2229691.99	0.00	0.00	78.17	0.00	174.79	113.08	0.85
135	0.00	35.00	1440.00	14400.00	72000.00	2229691.99	0.00	0.00	78.17	0.00	175.92	112.66	0.83
136	0.00	36.00	1440.00	14400.00	72000.00	2229691.99	0.00	0.00	78.17	0.00	174.74	115.72	0.81
137	0.00	37.00	1440.00	14400.00	72000.00	2229691.99	0.00	0.00	78.17	0.00	183.49	114.54	0.78
138	0.00	38.00	1440.00	14400.00	72000.00	2229691.99	0.00	0.00	78.17	0.00	180.86	117.72	0.76
139	0.00	39.00	1440.00	14400.00	72000.00	2229691.99	0.00	0.00	78.17	0.00	176.91	118.23	0.77
140	0.00	40.00	1440.00	14400.00	72000.00	2229691.99	0.00	0.00	78.17	0.00	177.85	118.58	0.75
141	0.00	41.00	1440.00	14400.00	72000.00	2229691.99	0.00	0.00	78.17	0.00	187.69	123.25	0.85
142	0.00	42.00	1440.00	14400.00	72000.00	2229691.99	0.00	0.00	78.17	0.00	188.33	122.41	0.83
143	0.00	43.00	1440.00	14400.00	72000.00	2229691.99	0.00	0.00	78.17	0.00	194.88	123.48	0.84
144	0.00	44.00	1440.00	14400.00	72000.00	2229691.99	0.00	0.00	78.17	0.00	199.70	123.71	0.82
145	0.00	45.00	1440.00	14400.00	72000.00	2229691.99	0.00	0.00	78.17	0.00	200.02	123.91	0.80
146	0.00	46.00	1440.00	14400.00	72000.00	2229691.99	0.00	0.00	78.17	0.00	195.68	123.75	0.80
147	0.00	47.00	1440.00	14400.00	72000.00	2229691.99	0.00	0.00	78.17	0.00	193.80	123.45	0.79
148	0.00	48.00	1440.00	14400.00	72000.00	2229691.99	0.00	0.00	78.17	0.00	205.44	128.84	0.83
149	0.00	49.00	1440.00	14400.00	72000.00	2229691.99	0.00	0.00	78.17	0.00	201.35	128.57	0.86
150	0.00	50.00	1440.00	14400.00	72000.00	2229691.99	0.00	0.00	78.17	0.00	199.94	128.06	0.84
151	0.00	51.00	1440.00	14400.00	72000.00	2229691.99	0.00	0.00	78.17	0.00	196.11	129.81	0.86
152	0.00	52.00	1440.00	14400.00	72000.00	2229691.99	0.00	0.00	78.17	0.00	192.34	129.53	0.85
153	0.00	53.00	1440.00	14400.00	72000.00	2229691.99	0.00	0.00	78.17	0.00	201.34	129.17	0.89
154	0.00	54.00	1440.00	14400.00	72000.00	2229691.99	0.00	0.00	78.17	0.00	210.00	135.41	0.93
155	0.00	55.00	1440.00	14400.00	72000.00	2229691.99	0.00	0.00	78.17	0.00	206.18	134.58	0.91
156	0.00	56.00	1440.00	14400.00	72000.00	2229691.99	0.00	0.00	78.17	0.00	203.14	134.96	0.91
157	0.00	57.00	1440.00	14400.00	72000.00	2229691.99	0.00	0.00	78.17	0.00	199.58	135.00	0.89
158	0.00	58.00	1440.00	14400.00	72000.00	2229691.99	0.00	0.00	78.17	0.00	210.35	136.07	0.93
159	0.00	59.00	1440.00	14400.00	72000.00	2229691.99	0.00	0.00	78.17	0.00	223.57	137.81	1.00
160	0.00	60.00	1440.00	14400.00	72000.00	2229691.99	0.00	0.00	78.17	0.00	221.15	138.96	1.03
161	0.00	61.00	1440.00	14400.00	72000.00	2229691.99	0.00	0.00	78.17	0.00	217.53	140.52	1.02
162	0.00	62.00	1440.00	14400.00	72000.00	2229691.99	0.00	0.00	78.17	0.00	221.64	141.03	1.03
163	0.00	63.00	1440.00	14400.00	72000.00	2229691.99	0.00	0.00	78.17	0.00	227.19	141.93	1.08
164	0.00	64.00	1440.00	14400.00	72000.00	2229691.99	0.00	0.00	78.17	0.00	223.84	142.05	1.11
165	0.00	65.00	1440.00	14400.00	72000.00	2229691.99	0.00	0.00	78.17	0.00	230.94	144.77	1.12
166	0.00	66.00	1440.00	14400.00	72000.00	2229691.99	0.00	0.00	78.17	0.00	239.23	144.04	1.18
167	0.00	67.00	1440.00	14400.00	72000.00	2229691.99	0.00	0.00	78.17	0.00	242.09	143.26	1.16
168	0.00	68.00	1440.00	14400.00	72000.00	2229691.99	0.00	0.00	78.17	0.00	257.15	145.95	1.25
169	0.00	69.00	1440.00	14400.00	72000.00	2229691.99	0.00	0.00	78.17	0.00	260.26	147.25	1.29
170	0.00	70.00	1440.00	14400.00	72000.00	2229691.99	0.00	0.00	78.17	0.00	261.11	147.81	1.30
171	0.00	71.00	1440.00	14400.00	72000.00	2229691.99	0.00	0.00	78.17	0.00	257.43	147.63	1.30
172	0.00	72.00	1440.00	14400.00	72000.00	2229691.99	0.00	0.00	78.17	0.00	255.71	146.74	1.28
173	0.00	73.00	1440.00	14400.00	72000.00	2229691.99	0.00	0.00	78.17	0.00	271.67	148.74	1.37
174	0.00	74.00	1440.00	14400.00	72000.00	2229691.99	0.00	0.00	78.17	0.00	273.05	149.29	1.39
175	0.00	25.00	1440.00	14400.00	72000.00	2229691.99	0.00	0.00	78.17	0.00	189.07	114.47	0.96
176	0.00	26.00	1440.00	14400.00	72000.00	2229691.99	0.00	0.00	78.17	0.00	198.12	119.76	0.96
177	0.00	27.00	1440.00	14400.00	72000.00	2229691.99	0.00	0.00	78.17	0.00	202.38	119.22	0.93
178	0.00	28.00	1440.00	14400.00	72000.00	2229691.99	0.00	0.00	78.17	0.00	218.53	125.25	1.11
179	0.00	29.00	1440.00	14400.00	72000.00	2229691.99	0.00	0.00	78.17	0.00	211.00	123.85	1.07
180	0.00	30.00	1440.00	14400.00	72000.00	2229691.99	0.00	0.00	78.17	0.00	239.09	128.43	1.23
181	0.00	31.00	1440.00	14400.00	72000.00	2229691.99	0.00	0.00	78.17	0.00	236.72	129.76	1.23
182	0.00	32.00	1440.00	14400.00	72000.00	2229691.99	0.00	0.00	78.17	0.00	242.01	135.93	1.28
183	0.00	33.00	1440.00	14400.00	72000.00	2229691.99	0.00	0.00	78.17	0.00	246.19	141.15	1.30
184	0.00	34.00	1440.00	14400.00	72000.00	2229691.99	0.00	0.00	78.17	0.00	251.43	146.40	1.29
185	0.00	35.00	1440.00	14400.00	72000.00	2229691.99	0.00	0.00	78.17	0.00	257.96	146.34	1.37
186	0.00	36.00	1440.00	14400.00	72000.00	2229691.99	0.00	0.00	78.17	0.00	262.08	145.49	1.42
187	0.00	37.00	1440.00	14400.00	72000.00	2229691.99	0.00	0.00	78.17	0.00	275.18	159.05	1.49
188	0.00	38.00	1440.00	14400.00	72000.00	2229691.99	0.00	0.00	78.17	0.00	282.86	164.92	1.50
189	0.00	39.00	1440.00	14400.00	72000.00	2229691.99	0.00	0.00	78.17	0.00	275.60	164.57	1.46
190	0.00	40.00	1440.00	14400.00	72000.00	2229691.99	0.00	0.00	78.17	0.00	271.61	163.04	1.45
191	0.00	41.00	1440.00	14400.00	72000.00	2229691.99	0.00	0.00	78.17	0.00	264.99	161.74	1.44
192	0.00	42.00	1440.00	14400.00	72000.00	2229691.99	0.00	0.00	78.17	0.00	270.34	162.99	1.50
193	0.00	43.00	1440.00	14400.00	72000.00	2229691.99	0.00	0.00	78.17	0.00	264.06	161.14	1.47
194	0.00	44.00	1440.00	14400.00	72000.00	2229691.99	0.00	0.00	78.17	0.00	265.20	160.38	1.45
195	0.00	45.00	1440.00	14400.00	72000.00	2229691.99	0.00	0.00	78.17	0.00	278.73	173.75	1.51
196	0.00	46.00	1440.00	14400.00	72000.00	2229691.99	0.00	0.00	78.17	0.00	272.67	172.64	1.50
197	0.00	47.00	1440.00	14400.00	72000.00	2229691.99	0.00	0.00	78.17	0.00	271.24	172.13	1.47
198	0.00	48.00	1440.00	14400.00	72000.00	2226363.56	0.00	0.00	84.15	0.00	265.59	170.30	1.44
199	0.00	49.00	1440.00	14400.00	72000.00	2226363.56	0.00	0.00	84.15	0.00	272.65	175.24	1.51
200	0.00	50.00	1440.00	14400.00	72000.00	2226363.56	0.00	0.00	84.15	0.00	288.87	178.61	1.60
201	0.00	51.00	1728.00	17280.00	86400.00	2454821.59	0.00	0.00	78.17	0.00	286.45	177.54	1.59
202	0.00	52.00	1728.00	17280.00	86400.00	2454821.59	0.00	0.00	78.17	0.00	280.94	176.63	1.56
203	0.00	53.00	1728.00	17280.00	86400.00	2454821.59	0.00	0.00	78.17	0.00	275.96	175.32	1.53
204	0.00	54.00	1728.00	17280.00	86400.00	2454821.59	0.00	0.00	78.17	0.00	270.99	174.48	1.52
205	0.00	55.00	1728.00	17280.00	86400.00	2454821.59	0.00	0.00	78.17	0.00	270.80	174.55	1.53
206	0.00	56.00	1728.00	17280.00	86400.00	2454821.59	0.00	0.00	78.17	0.00	266.40	173.79	1.52
207	0.00	57.00	1728.00	17280.00	86400.00	2454821.59	0.00	0.00	78.17	0.00	262.03	172.62	1.49
208	0.00	58.00	1728.00	17280.00	86400.00	2454821.59	0.00	0.00	78.17	0.00	262.91	172.69	1.47
209	0.00	59.00	1728.00	17280.00	86400.00	2454821.59	0.00	0.00	78.17	0.00	266.23	172.70	1.49
210	0.00	60.00	1728.00	17280.00	86400.00	2454821.59	0.00	0.00	78.17	0.00	264.83	173.15	1.47
211	0.00	61.00	1728.00	17280.00	86400.00	2454821.59	0.00	0.00	78.17	0.00	267.15	172.59	1.49
212	0.00	62.00	1728.00	17280.00	86400.00	2454821.59	0.00	0.00	78.17	0.00	265.04	171.37	1.47
213	0.00	63.00	1728.00	17280.00	86400.00	2454821.59	0.00	0.00	78.17	0.00	263.98	171.29	1.48
214	0.00	64.00	1728.00	17280.00	86400.00	2454821.59	0.00	0.00	78.17	0.00	259.86	170.44	1.47
215	0.00	65.00	1728.00	17280.00	86400.00	2454821.59	0.00	0.00	78.17	0.00	268.10	175.05	1.51
216	0.00	66.00	1728.00	17280.00	86400.00	2454821.59	0.00	0.00	78.17	0.00	269.41	174.52	1.52
217	0.00	67.00	1728.00	17280.00	86400.00	2454821.59	0.00	0.00	78.17	0.00	270.12	175.74	1.55
218	0.00	68.00	1728.00	17280.00	86400.00	2454821.59	0.00	0.00	78.17	0.00	266.40	174.56	1.53
219	0.00	69.00	1728.00	17280.00	86400.00	2454821.59	0.00	0.00	78.17	0.00	262.77	173.61	1.52
220	0.00	70.00	1728.00	17280.00	86400.00	2454821.59	0.00	0.00	78.17	0.00	270.66	175.42	1.54
221	0.00	71.00	1728.00	17280.00	86400.00	2454821.59	0.00	0.00	78.17	0.00	266.85	174.68	1.52
222	0.00	72.00	1728.00	17280.00	86400.00	2454821.59	0.00	0.00	78.17	0.00	264.93	174.28	1.51
223	0.00	73.00	1728.00	17280.00	86400.00	2454821.59	0.00	0.00	78.17	0.00	261.30	174.18	1.51
224	0.00	74.00	1728.00	17280.00	86400.00	2454821.59	0.00	0.00	78.17	0.00	262.49	173.64	1.53
225	0.00	25.00	1728.00	17280.00	86400.00	2454821.59	0.00	0.00	78.17	0.00	176.49	111.35	0.88
226	0.00	26.00	1728.00	17280.00	86400.00	2454821.59	0.00	0.00	78.17	0.00	197.28	131.57	0.96
227	0.00	27.00	1728.00	17280.00	86400.00	2454821.59	0.00	0.00	78.17	0.00	189.98	129.80	0.93
228	0.00	28.00	1728.00	17280.00	86400.00	2454821.59	0.00	0.00	78.17	0.00	183.19	132.74	0.93
229	0.00	29.00	1728.00	17280.00	86400.00	2454821.59	0.00	0.00	78.17	0.00	190.92	133.73	1.03
230	0.00	30.00	1728.00	17280.00	86400.00	2454821.59	0.00	0.00	78.17	0.00	184.55	132.22	1.00
231	0.00	31.00	1728.00	17280.00	86400.00	2454821.59	0.00	0.00	78.17	0.00	191.50	131.56	1.03
232	0.00	32.00	1728.00	17280.00	86400.00	2454821.59	0.00	0.00	78.17	0.00	218.45	140.23	1.19
233	0.00	33.00	1728.00	17280.00	86400.00	2454821.59	0.00	0.00	78.17	0.00	220.91	138.98	1.18
234	0.00	34.00	1728.00	17280.00	86400.00	2454821.59	0.00	0.00	78.17	0.00	214.41	138.43	1.18
235	0.00	35.00	1728.00	17280.00	86400.00	2454821.59	0.00	0.00	78.17	0.00	211.55	138.00	1.17
236	0.00	36.00	1728.00	17280.00	86400.00	2454821.59	0.00	0.00	78.17	0.00	205.68	139.57	1.14
237	0.00	37.00	1728.00	17280.00	86400.00	2454821.59	0.00	0.00	78.17	0.00	200.12	137.93	1.11
238	0.00	38.00	1728.00	17280.00	86400.00	2454821.59	0.00	0.00	78.17	0.00	219.60	140.19	1.18
239	0.00	39.00	1728.00	17280.00	86400.00	2454821.59	0.00	0.00	78.17	0.00	217.39	138.76	1.18
240	0.00	40.00	1728.00	17280.00	86400.00	2454821.59	0.00	0.00	78.17	0.00	223.54	141.53	1.20
241	0.00	41.00	1728.00	17280.00	86400.00	2454821.59	0.00	0.00	78.17	0.00	221.05	141.07	1.22
242	0.00	42.00	1728.00	17280.00	86400.00	2454821.59	0.00	0.00	78.17	0.00	240.88	148.46	1.33
243	0.00	43.00	1728.00	17280.00	86400.00	2454821.59	0.00	0.00	78.17	0.00	544.78	131.27	2.98
244	0.00	44.00	2073.60	20736.00	103680.00	2724977.11	0.00	0.00	78.17	0.00	534.24	131.98	2.91
245	0.00	45.00	2073.60	20736.00	103680.00	2724977.11	0.00	0.00	78.17	0.00	522.36	131.83	2.84
246	0.00	46.00	2073.60	20736.00	103680.00	2724977.11	0.00	0.00	78.17	0.00	524.80	132.45	2.89
247	0.00	47.00	2073.60	20736.00	103680.00	2724977.11	0.00	0.00	78.17	0.00	527.14	132.62	2.91
248	0.00	48.00	2073.60	20736.00	103680.00	2724977.11	0.00	0.00	78.17	0.00	528.73	140.51	2.92
249	0.00	49.00	2073.60	20736.00	103680.00	2724977.11	0.00	0.00	78.17	0.00	529.59	139.95	2.90
250	0.00	50.00	2073.60	20736.00	103680.00	2724977.11	0.00	0.00	78.17	0.00	525.26	139.57	2.84
251	0.00	51.00	2073.60	20736.00	103680.00	2724977.11	0.00	0.00	78.17	0.00	516.19	139.02	2.78
252	0.00	52.00	2073.60	20736.00	103680.00	2724977.11	0.00	0.00	78.17	0.00	515.71	138.67	2.83
253	0.00	53.00	2073.60	20736.00	103680.00	2724977.11	0.00	0.00	78.17	0.00	507.01	137.47	2.77
254	0.00	54.00	2073.60	20736.00	103680.00	2724977.11	0.00	0.00	78.17	0.00	508.73	136.63	2.78
255	0.00	55.00	2073.60	20736.00	103680.00	2724977.11	0.00	0.00	78.17	0.00	501.56	141.81	2.73
256	0.00	56.00	2073.60	20736.00	103680.00	2724977.11	0.00	0.00	78.17	0.00	509.68	146.37	2.75
257	0.00	57.00	2073.60	20736.00	103680.00	2724977.11	0.00	0.00	78.17	0.00	506.37	146.32	2.70
258	0.00	58.00	2073.60	20736.00	103680.00	2724977.11	0.00	0.00	78.17	0.00	513.38	149.47	2.74
259	0.00	59.00	2073.60	20736.00	103680.00	2724977.11	0.00	0.00	78.17	0.00	513.05	150.36	2.73
260	0.00	60.00	2073.60	20736.00	103680.00	2724977.11	0.00	0.00	78.17	0.00	504.59	150.87	2.70
261	0.00	61.00	2073.60	20736.00	103680.00	2724977.11	0.00	0.00	78.17	0.00	503.38	155.89	2.70
262	0.00	62.00	2073.60	20736.00	103680.00	2724977.11	0.00	0.00	78.17	0.00	511.42	155.50	2.74
263	0.00	63.00	2073.60	20736.00	103680.00	2724977.11	0.00	0.00	78.17	0.00	503.30	154.90	2.70
264	0.00	64.00	2073.60	20736.00	103680.00	2724977.11	0.00	0.00	78.17	0.00	504.08	155.24	2.73
265	0.00	65.00	2073.60	20736.00	103680.00	2724977.11	0.00	0.00	78.17	0.00	509.73	159.55	2.75
266	0.00	66.00	2073.60	20736.00	103680.00	2724977.11	0.00	0.00	78.17	0.00	518.12	165.86	2.82
267	0.00	67.00	2073.60	20736.00	103680.00	2724977.11	0.00	0.00	78.17	0.00	510.39	166.86	2.78
268	0.00	68.00	2073.60	20736.00	103680.00	2724977.11	0.00	0.00	78.17	0.00	522.47	167.08	2.84
269	0.00	69.00	2073.60	20736.00	103680.00	2724977.11	0.00	0.00	78.17	0.00	532.27	170.02	2.90
270	0.00	70.00	2073.60	20736.00	103680.00	2724977.11	0.00	0.00	78.17	0.00	534.23	169.87	2.93
271	0.00	71.00	2073.60	20736.00	103680.00	2724977.11	0.00	0.00	78.17	0.00	529.07	169.57	2.89
272	0.00	72.00	2073.60	20736.00	103680.00	2724977.11	0.00	0.00	78.17	0.00	521.72	169.41	2.86
273	0.00	73.00	2073.60	20736.00	103680.00	2724977.11	0.00	0.00	78.17	0.00	534.74	171.59	2.92
274	0.00	74.00	2073.60	20736.00	103680.00	2724977.11	0.00	0.00	78.17	0.00	537.59	171.77	2.96
275	0.00	25.00	2073.60	20736.00	103680.00	2724977.11	0.00	0.00	78.17	0.00	106.56	90.45	0.32
276	0.00	26.00	2073.60	20736.00	103680.00	2724977.11	0.00	0.00	78.17	0.00	125.72	105.85	0.42
277	0.00	27.00	2073.60	20736.00	103680.00	2706063.94	0.00	54.50	72.03	0.00	123.08	104.59	0.41
278	0.00	28.00	2073.60	20736.00	103680.00	2706063.94	0.00	54.50	72.03	0.00	123.60	104.10	0.39
279	0.00	29.00	2073.60	20736.00	103680.00	2706063.94	0.00	54.50	72.03	0.00	132.32	104.55	0.38
280	0.00	30.00	2073.60	20736.00	103680.00	2706063.94	0.00	54.50	72.03	0.00	162.48	116.02	0.50
281	0.00	31.00	2073.60	20736.00	103680.00	2706063.94	0.00	54.50	72.03	0.00	174.35	127.57	0.48
282	0.00	32.00	2073.60	20736.00	103680.00	2706063.94	0.00	54.50	72.03	0.00	178.24	129.99	0.53
283	0.00	33.00	2073.60	20736.00	103680.00	2706063.94	0.00	54.50	72.03	0.00	172.84	129.07	0.52
284	0.00	34.00	2073.60	20736.00	103680.00	2706063.94	0.00	54.50	72.03	0.00	207.27	137.94	0.65
285	0.00	35.00	2073.60	20736.00	103680.00	2706063.94	0.00	54.50	72.03	0.00	212.34	140.30	0.69
286	0.00	36.00	2073.60	20736.00	103680.00	2706063.94	0.00	54.50	72.03	0.00	207.84	141.28	0.67
287	0.00	37.00	2073.60	20736.00	103680.00	2706063.94	0.00	54.50	72.03	0.00	203.34	140.67	0.68
288	0.00	38.00	2073.60	20736.00	103680.00	2706063.94	0.00	54.50	72.03	0.00	205.82	140.63	0.66
289	0.00	39.00	2073.60	20736.00	103680.00	2706063.94	0.00	54.50	72.03	0.00	201.58	143.71	0.67
290	0.00	40.00	2073.60	20736.00	103680.00	2706063.94	0.00	54.50	72.03	0.00	196.54	142.83	0.65
291	0.00	41.00	2073.60	20736.00	103680.00	2706063.94	0.00	54.50	72.03	0.00	192.74	141.88	0.66
292	0.00	42.00	2073.60	20736.00	103680.00	2706063.94	0.00	54.50	72.03	0.00	201.54	148.89	0.67
293	0.00	43.00	2073.60	20736.00	103680.00	2706063.94	0.00	54.50	72.03	0.00	206.16	154.30	0.67
294	0.00	44.00	2073.60	20736.00	103680.00	2706063.94	0.00	54.50	72.03	0.00	239.69	162.82	0.86
295	0.00	45.00	2073.60	20736.00	103680.00	2706063.94	0.00	54.50	72.03	0.00	240.53	170.52	0.84
296	0.00	46.00	2073.60	20736.00	103680.00	2706063.94	0.00	54.50	72.03	0.00	247.05	177.97	0.89
297	0.00	47.00	2073.60	20736.00	103680.00	2706063.94	0.00	54.50	72.03	0.00	256.75	186.85	0.96
298	0.00	48.00	2073.60	20736.00	103680.00	2706063.94	0.00	54.50	72.03	0.00	252.53	184.61	0.94
299	0.00	49.00	2073.60	20736.00	103680.00	2706063.94	0.00	54.50	72.03	0.00	250.17	182.25	0.92
300	0.00	50.00	2073.60	20736.00	103680.00	2706063.94	0.00	54.50	72.03	0.00	245.16	181.71	0.90
301	0.00	51.00	2073.60	20736.00	103680.00	2706063.94	0.00	54.50	72.03	0.00	255.09	188.67	0.94
302	0.00	52.00	2073.60	20736.00	103680.00	2706063.94	0.00	54.50	72.03	0.00	250.91	187.89	0.92
303	0.00	53.00	2073.60	20736.00	103680.00	2706063.94	0.00	54.50	72.03	0.00	252.78	187.79	0.96
304	0.00	54.00	2073.60	20736.00	103680.00	2706063.94	0.00	54.50	72.03	0.00	269.25	191.86	1.04
305	0.00	55.00	2073.60	20736.00	103680.00	2706063.94	0.00	54.50	72.03	0.00	264.35	190.40	1.02
306	0.00	56.00	2073.60	20736.00	103680.00	2706063.94	0.00	54.50	72.03	0.00	267.71	191.71	1.04
307	0.00	57.00	2073.60	20736.00	103680.00	2706063.94	0.00	54.50	72.03	0.00	263.02	190.80	1.02
308	0.00	58.00	2073.60	20736.00	103680.00	2706063.94	0.00	54.50	72.03	0.00	268.88	191.35	1.02
309	0.00	59.00	2073.60	20736.00	103680.00	2706063.94	0.00	54.50	72.03	0.00	265.47	189.83	1.00
310	0.00	60.00	2073.60	20736.00	103680.00	2706063.94	0.00	54.50	72.03	0.00	263.46	189.11	1.00
311	0.00	61.00	2073.60	20736.00	103680.00	2706063.94	0.00	54.50	72.03	0.00	260.25	187.90	0.98
312	0.00	62.00	2073.60	20736.00	103680.00	2706063.94	0.00	54.50	72.03	0.00	260.32	188.18	1.00
313	0.00	63.00	2073.60	20736.00	103680.00	2706063.94	0.00	54.50	72.03	0.00	256.84	186.44	0.98
314	0.00	64.00	2073.60	20736.00	103680.00	2706063.94	0.00	54.50	72.03	0.00	259.75	186.30	1.00
315	0.00	65.00	2073.60	20736.00	103680.00	2706063.94	0.00	54.50	72.03	0.00	256.60	184.78	0.98
316	0.00	66.00	2073.60	20736.00	103680.00	2706063.94	0.00	54.50	72.03	0.00	262.45	186.02	1.03
317	0.00	67.00	2073.60	20736.00	103680.00	2706063.94	0.00	54.50	72.03	0.00	264.15	185.50	1.01
318	0.00	68.00	2073.60	20736.00	103680.00	2706063.94	0.00	54.50	72.03	0.00	273.08	192.28	1.06
319	0.00	69.00	2073.60	20736.00	103680.00	2706063.94	0.00	54.50	72.03	0.00	276.32	192.01	1.06
320	0.00	70.00	2073.60	20736.00	103680.00	2706063.94	0.00	54.50	72.03	0.00	272.37	190.58	1.04
321	0.00	71.00	2073.60	20736.00	103680.00	2706063.94	0.00	54.50	72.03	0.00	270.47	192.16	1.03
322	0.00	72.00	2073.60	20736.00	103680.00	2706063.94	0.00	54.50	72.03	0.00	267.42	191.71	1.01
323	0.00	73.00	2073.60	20736.00	103680.00	2706063.94	0.00	54.50	72.03	0.00	279.40	195.07	1.07
324	0.00	74.00	2073.60	20736.00	103680.00	2706063.94	0.00	54.50	72.03	0.00	284.53	198.65	1.07
325	0.00	25.00	2073.60	20736.00	103680.00	2706063.94	0.00	54.50	72.03	0.00	124.36	102.36	0.44
326	0.00	26.00	2073.60	20736.00	103680.00	2706063.94	0.00	54.50	72.03	0.00	133.81	107.53	0.46
327	0.00	27.00	2073.60	20736.00	103680.00	2706063.94	0.00	54.50	72.03	0.00	130.87	113.91	0.44
328	0.00	28.00	2073.60	20736.00	103680.00	2706063.94	0.00	54.50	72.03	0.00	126.20	115.17	0.46
329	0.00	29.00	2073.60	20736.00	103680.00	2706063.94	0.00	54.50	72.03	0.00	132.41	123.03	0.48
330	0.00	30.00	2073.60	20736.00	103680.00	2706063.94	0.00	54.50	72.03	0.00	188.88	137.15	0.77
331	0.00	31.00	2073.60	20736.00	103680.00	2706063.94	0.00	54.50	72.03	0.00	184.61	136.74	0.74
332	0.00	32.00	2073.60	20736.00	103680.00	2706063.94	0.00	54.50	72.03	0.00	180.12	134.98	0.72
333	0.00	33.00	2073.60	20736.00	103680.00	2706063.94	0.00	54.50	72.03	0.00	178.87	136.10	0.70
334	0.00	34.00	2073.60	20736.00	103680.00	2706063.94	0.00	54.50	72.03	0.00	175.97	134.59	0.71
335	0.00	35.00	2073.60	20736.00	103680.00	2706063.94	0.00	54.50	72.03	0.00	173.98	133.50	0.71
336	0.00	36.00	2073.60	20736.00	103680.00	2706063.94	0.00	54.50	72.03	0.00	208.20	144.72	0.83
337	0.00	37.00	2073.60	20736.00	103680.00	2706063.94	0.00	54.50	72.03	0.00	202.57	148.70	0.81
338	0.00	38.00	2073.60	20736.00	103680.00	2706063.94	0.00	54.50	72.03	0.00	227.30	150.03	0.92
339	0.00	39.00	2073.60	20736.00	103680.00	2706063.94	0.00	54.50	72.03	0.00	239.08	155.44	1.00
340	0.00	40.00	2073.60	20736.00	103680.00	2706063.94	0.00	54.50	72.03	0.00	245.58	159.92	1.00
341	0.00	41.00	2073.60	20736.00	103680.00	2706063.94	0.00	54.50	72.03	0.00	266.63	164.66	1.15
342	0.00	42.00	2073.60	20736.00	103680.00	2706063.94	0.00	54.50	72.03	0.00	260.29	163.17	1.12
343	0.00	43.00	2073.60	20736.00	103680.00	2706063.94	0.00	54.50	72.03	0.00	272.98	172.10	1.23
344	0.00	44.00	2488.32	24883.20	124416.00	3027388.99	0.00	54.50	72.03	0.00	273.06	172.72	1.25
345	0.00	45.00	2488.32	24883.20	124416.00	3027388.99	0.00	54.50	72.03	0.00	266.99	171.21	1.24
346	0.00	46.00	2488.32	24883.20	124416.00	3027388.99	0.00	54.50	72.03	0.00	274.23	172.17	1.28
347	0.00	47.00	2488.32	24883.20	124416.00	3027388.99	0.00	54.50	72.03	0.00	268.54	170.34	1.26
348	0.00	48.00	2488.32	24883.20	124416.00	3027388.99	0.00	54.50	72.03	0.00	277.25	179.10	1.31
349	0.00	49.00	2488.32	24883.20	124416.00	3027388.99	0.00	54.50	72.03	0.00	291.09	186.13	1.43
350	0.00	50.00	2488.32	24883.20	124416.00	3027388.99	0.00	54.50	72.03	0.00	287.40	184.53	1.42
351	0.00	51.00	2488.32	24883.20	124416.00	3027388.99	0.00	54.50	72.03	0.00	285.85	183.52	1.43
352	0.00	52.00	2488.32	24883.20	124416.00	3027388.99	0.00	54.50	72.03	0.00	289.95	188.39	1.42
353	0.00	53.00	2488.32	24883.20	124416.00	3027388.99	0.00	54.50	72.03	0.00	295.46	188.58	1.42
354	0.00	54.00	2488.32	24883.20	124416.00	3027388.99	0.00	54.50	72.03	0.00	300.49	189.07	1.44
355	0.00	55.00	2488.32	24883.20	124416.00	3027388.99	0.00	54.50	72.03	0.00	322.30	189.35	1.60
356	0.00	56.00	2488.32	24883.20	124416.00	3027388.99	0.00	54.50	72.03	0.00	336.76	190.83	1.64
357	0.00	57.00	2488.32	24883.20	124416.00	3027388.99	0.00	54.50	72.03	0.00	341.95	190.85	1.67
358	0.00	58.00	2488.32	24883.20	124416.00	3027388.99	0.00	54.50	72.03	0.00	345.10	190.01	1.69
359	0.00	59.00	2488.32	24883.20	124416.00	3027388.99	0.00	54.50	72.03	0.00	356.95	195.38	1.73
360	0.00	60.00	2488.32	24883.20	124416.00	3027388.99	0.00	54.50	72.03	0.00	351.00	193.36	1.72
361	0.00	61.00	2488.32	24883.20	124416.00	3027388.99	0.00	54.50	72.03	0.00	353.99	192.64	1.77
362	0.00	62.00	2488.32	24883.20	124416.00	3027388.99	0.00	54.50	72.03	0.00	348.94	192.16	1.74
363	0.00	63.00	2488.32	24883.20	124416.00	3027388.99	0.00	54.50	72.03	0.00	347.45	190.70	1.75
364	0.00	64.00	2488.32	24883.20	124416.00	3027388.99	0.00	54.50	72.03	0.00	342.02	191.65	1.72
365	0.00	65.00	2488.32	24883.20	124416.00	3027388.99	0.00	54.50	72.03	0.00	341.19	192.35	1.71
366	0.00	66.00	2488.32	24883.20	124416.00	3027388.99	0.00	54.50	72.03	0.00	340.66	197.08	1.70
367	0.00	67.00	2488.32	24883.20	124416.00	3027388.99	0.00	54.50	72.03	0.00	335.58	196.00	1.69
368	0.00	68.00	2488.32	24883.20	124416.00	3027388.99	0.00	54.50	72.03	0.00	339.47	196.12	1.71
369	0.00	69.00	2488.32	24883.20	124416.00	3027388.99	0.00	54.50	72.03	0.00	341.42	195.79	1.72
370	0.00	70.00	2488.32	24883.20	124416.00	3027388.99	0.00	54.50	72.03	0.00	341.37	195.18	1.73
371	0.00	71.00	2488.32	24883.20	124416.00	3027388.99	0.00	54.50	72.03	0.00	338.48	194.19	1.70
372	0.00	72.00	2488.32	24883.20	124416.00	3027388.99	0.00	54.50	72.03	0.00	334.29	193.04	1.68
373	0.00	73.00	2488.32	24883.20	124416.00	3027388.99	0.00	54.50	72.03	0.00	330.08	192.38	1.66
374	0.00	74.00	2488.32	24883.20	124416.00	3027388.99	0.00	54.50	72.03	0.00	326.36	191.51	1.64
375	0.00	25.00	2488.32	24883.20	124416.00	3027388.99	0.00	54.50	72.03	0.00	113.33	106.48	0.48
376	0.00	26.00	2488.32	24883.20	124416.00	3027388.99	0.00	54.50	72.03	0.00	164.29	121.32	0.73
377	0.00	27.00	2488.32	24883.20	124416.00	3027388.99	0.00	54.50	72.03	0.00	160.62	121.15	0.70
378	0.00	28.00	2488.32	24883.20	124416.00	3027388.99	0.00	54.50	72.03	0.00	164.95	119.68	0.79
379	0.00	29.00	2488.32	24883.20	124416.00	3027388.99	0.00	54.50	72.03	0.00	159.26	120.98	0.79
380	0.00	30.00	2488.32	24883.20	124416.00	3027388.99	0.00	54.50	72.03	0.00	157.86	121.39	0.80
381	0.00	31.00	2488.32	24883.20	124416.00	3027388.99	0.00	54.50	72.03	0.00	152.76	128.99	0.77
382	0.00	32.00	2488.32	24883.20	124416.00	3027388.99	0.00	54.50	72.03	0.00	150.50	131.04	0.75
383	0.00	33.00	2488.32	24883.20	124416.00	3027388.99	0.00	54.50	72.03	0.00	168.70	131.54	0.82
384	0.00	34.00	2488.32	24883.20	124416.00	3027388.99	0.00	54.50	72.03	0.00	181.38	133.25	0.88
385	0.00	35.00	2488.32	24883.20	124416.00	3027388.99	0.00	54.50	72.03	0.00	196.68	138.80	0.91
386	0.00	36.00	2488.32	24883.20	124416.00	3027388.99	0.00	54.50	72.03	0.00	218.87	141.79	1.03
387	0.00	37.00	2488.32	24883.20	124416.00	3027388.99	0.00	54.50	72.03	0.00	228.16	151.26	1.03
388	0.00	38.00	2488.32	24883.20	124416.00	3027388.99	0.00	54.50	72.03	0.00	231.04	152.70	1.05
389	0.00	39.00	2488.32	24883.20	124416.00	3027388.99	0.00	54.50	72.03	0.00	232.34	151.62	1.10
390	0.00	40.00	2488.32	24883.20	124416.00	3027388.99	0.00	54.50	72.03	0.00	251.47	158.31	1.27
391	0.00	41.00	2488.32	24883.20	124416.00	3027388.99	0.00	54.50	72.03	0.00	255.09	167.68	1.29
392	0.00	42.00	2488.32	24883.20	124416.00	3027388.99	0.00	54.50	72.03	0.00	286.52	176.18	1.48
393	0.00	43.00	2488.32	24883.20	124416.00	3027388.99	0.00	54.50	72.03	0.00	295.82	181.39	1.53
394	0.00	44.00	2488.32	24883.20	124416.00	3027388.99	0.00	54.50	72.03	0.00	297.53	182.52	1.59
395	0.00	45.00	2488.32	24883.20	124416.00	3027388.99	0.00	54.50	72.03	0.00	291.24	181.07	1.58
396	0.00	46.00	2488.32	24883.20	124416.00	3027388.99	0.00	54.50	72.03	0.00	291.04	179.31	1.61
397	0.00	47.00	2488.32	24883.20	124416.00	3027388.99	0.00	54.50	72.03	0.00	300.76	178.23	1.66
398	0.00	48.00	2488.32	24883.20	124416.00	3027388.99	0.00	54.50	72.03	0.00	302.27	179.36	1.67
399	0.00	49.00	2488.32	24883.20	124416.00	3027388.99	0.00	54.50	72.03	0.00	297.95	179.15	1.65
400	0.00	50.00	2488.32	24883.20	124416.00	3027388.99	0.00	54.50	72.03	0.00	293.40	177.66	1.62
401	0.00	51.00	2488.32	24883.20	124416.00	3027388.99	0.00	54.50	72.03	0.00	317.84	187.52	1.71
402	0.00	52.00	2488.32	24883.20	124416.00	3027388.99	0.00	54.50	72.03	0.00	335.62	195.50	1.79
403	0.00	53.00	2488.32	24883.20	124416.00	3027388.99	0.00	54.50	72.03	0.00	331.32	199.08	1.77
404	0.00	54.00	2488.32	24883.20	124416.00	3027388.99	0.00	54.50	72.03	0.00	326.54	196.91	1.76
405	0.00	55.00	2488.32	24883.20	124416.00	3027388.99	0.00	54.50	72.03	0.00	325.73	194.72	1.78
406	0.00	56.00	2488.32	24883.20	124416.00	3027388.99	0.00	54.50	72.03	0.00	343.36	201.06	1.91
407	0.00	57.00	2488.32	24883.20	124416.00	3027388.99	0.00	54.50	72.03	0.00	347.86	201.73	1.93
408	0.00	58.00	2488.32	24883.20	124416.00	3027388.99	0.00	54.50	72.03	0.00	345.50	200.35	1.90
409	0.00	59.00	2488.32	24883.20	124416.00	3027388.99	0.00	54.50	72.03	0.00	365.91	199.50	1.98
410	0.00	60.00	2488.32	24883.20	124416.00	3027388.99	0.00	54.50	72.03	0.00	361.96	197.96	1.97
411	0.00	61.00	2488.32	24883.20	124416.00	3027388.99	0.00	54.50	72.03	0.00	356.85	196.11	1.93
412	0.00	62.00	2488.32	24883.20	124416.00	3027388.99	0.00	54.50	72.03	0.00	352.01	194.22	1.90
413	0.00	63.00	2488.32	24883.20	124416.00	3027388.99	0.00	54.50	72.03	0.00	352.34	193.52	1.90
414	0.00	64.00	2488.32	24883.20	124416.00	3027388.99	0.00	54.50	72.03	0.00	352.40	193.17	1.92
415	0.00	65.00	2488.32	24883.20	124416.00	3027388.99	0.00	54.50	72.03	0.00	356.14	194.46	1.95
416	0.00	66.00	2488.32	24883.20	124416.00	3027388.99	0.00	54.50	72.03	0.00	355.36	193.07	1.94
417	0.00	67.00	2488.32	24883.20	124416.00	3027388.99	0.00	54.50	72.03	0.00	355.79	193.31	1.94
418	0.00	68.00	2488.32	24883.20	124416.00	3027388.99	0.00	54.50	72.03	0.00	370.45	193.86	2.00
419	0.00	69.00	2488.32	24883.20	124416.00	3027388.99	0.00	54.50	72.03	0.00	368.26	193.21	1.99
420	0.00	70.00	2488.32	24883.20	124416.00	3027388.99	0.00	54.50	72.03	0.00	385.43	200.83	2.04
421	0.00	71.00	2488.32	24883.20	124416.00	3027388.99	0.00	54.50	72.03	0.00	382.24	200.55	2.01
422	0.00	72.00	2488.32	24883.20	124416.00	3027388.99	0.00	54.50	72.03	0.00	396.91	203.57	2.10
423	0.00	73.00	2488.32	24883.20	124416.00	3027388.99	0.00	54.50	72.03	0.00	404.26	205.07	2.14
424	0.00	74.00	2488.32	24883.20	124416.00	3027388.99	0.00	54.50	72.03	0.00	401.61	203.37	2.11
425	0.00	25.00	2488.32	24883.20	124416.00	3027388.99	0.00	54.50	72.03	0.00	165.28	106.38	0.80
426	0.00	26.00	2488.32	24883.20	124416.00	3027388.99	0.00	54.50	72.03	0.00	184.27	123.48	0.81
427	0.00	27.00	2488.32	24883.20	124416.00	3027388.99	0.00	54.50	72.03	0.00	228.46	135.02	1.11
428	0.00	28.00	2488.32	24883.20	124416.00	3027388.99	0.00	54.50	72.03	0.00	249.25	147.15	1.29
429	0.00	29.00	2488.32	24883.20	124416.00	3027388.99	0.00	54.50	72.03	0.00	247.60	145.30	1.31
430	0.00	30.00	2488.32	24883.20	124416.00	3027388.99	0.00	54.50	72.03	0.00	263.24	151.96	1.33
431	0.00	31.00	2488.32	24883.20	124416.00	3027388.99	0.00	54.50	72.03	0.00	278.80	153.03	1.39
432	0.00	32.00	2488.32	24883.20	124416.00	3027388.99	0.00	54.50	72.03	0.00	319.15	161.55	1.53
433	0.00	33.00	2488.32	24883.20	124416.00	3027388.99	0.00	54.50	72.03	0.00	309.48	163.53	1.48
434	0.00	34.00	2488.32	24883.20	124416.00	3027388.99	0.00	54.50	72.03	0.00	345.95	167.70	1.65
435	0.00	35.00	2488.32	24883.20	124416.00	3027388.99	0.00	54.50	72.03	0.00	339.42	170.13	1.60
436	0.00	36.00	2488.32	24883.20	124416.00	3027388.99	0.00	54.50	72.03	0.00	348.55	178.39	1.72
437	0.00	37.00	2488.32	24883.20	124416.00	3027388.99	0.00	54.50	72.03	0.00	345.56	179.10	1.76
438	0.00	38.00	2488.32	24883.20	124416.00	3027388.99	0.00	54.50	72.03	0.00	337.96	177.60	1.71
439	0.00	39.00	2488.32	24883.20	124416.00	3027388.99	0.00	54.50	72.03	0.00	329.41	176.47	1.69
440	0.00	40.00	2488.32	24883.20	124416.00	3027388.99	0.00	54.50	72.03	0.00	332.64	175.71	1.73
441	0.00	41.00	2488.32	24883.20	124416.00	3027388.99	0.00	54.50	72.03	0.00	330.33	174.78	1.76
442	0.00	42.00	2488.32	24883.20	124416.00	3027388.99	0.00	54.50	72.03	0.00	342.11	179.98	1.83
443	0.00	43.00	2488.32	24883.20	124416.00	3027388.99	0.00	54.50	72.03	0.00	495.31	127.37	2.60
444	0.00	44.00	2985.98	29859.84	149299.20	3412979.06	0.00	54.50	72.03	0.00	504.73	131.79	2.70
445	0.00	45.00	2985.98	29859.84	149299.20	3412979.06	0.00	54.50	72.03	0.00	506.26	132.88	2.71
446	0.00	46.00	2985.98	29859.84	149299.20	3412979.06	0.00	54.50	72.03	0.00	497.00	132.61	2.65
447	0.00	47.00	2985.98	29859.84	149299.20	3412979.06	0.00	54.50	72.03	0.00	495.37	132.66	2.60
448	0.00	48.00	2985.98	29859.84	149299.20	3412979.06	0.00	54.50	72.03	0.00	488.11	133.53	2.58
449	0.00	49.00	2985.98	29859.84	149299.20	3412979.06	0.00	54.50	72.03	0.00	488.62	132.39	2.57
450	0.00	50.00	2985.98	29859.84	149299.20	3412979.06	0.00	54.50	72.03	0.00	490.47	133.22	2.60
451	0.00	51.00	2985.98	29859.84	149299.20	3412979.06	0.00	54.50	72.03	0.00	507.33	132.74	2.69
452	0.00	52.00	2985.98	29859.84	149299.20	3412979.06	0.00	54.50	72.03	0.00	497.58	132.48	2.63
453	0.00	53.00	2985.98	29859.84	149299.20	3412979.06	0.00	54.50	72.03	0.00	499.81	131.66	2.64
454	0.00	54.00	2985.98	29859.84	149299.20	3412979.06	0.00	54.50	72.03	0.00	499.51	133.10	2.63
455	0.00	55.00	2985.98	29859.84	149299.20	3412979.06	0.00	54.50	72.03	0.00	508.78	135.19	2.73
456	0.00	56.00	2985.98	29859.84	149299.20	3412979.06	0.00	54.50	72.03	0.00	515.02	138.38	2.73
457	0.00	57.00	2985.98	29859.84	149299.20	3412979.06	0.00	54.50	72.03	0.00	520.16	138.61	2.75
458	0.00	58.00	2985.98	29859.84	149299.20	3412979.06	0.00	54.50	72.03	0.00	519.67	138.25	2.74
459	0.00	59.00	2985.98	29859.84	149299.20	3412979.06	0.00	54.50	72.03	0.00	542.85	139.14	2.90
460	0.00	60.00	2985.98	29859.84	149299.20	3412979.06	0.00	54.50	72.03	0.00	547.27	140.09	2.92
461	0.00	61.00	2985.98	29859.84	149299.20	3412979.06	0.00	54.50	72.03	0.00	538.30	140.40	2.87
462	0.00	62.00	2985.98	29859.84	149299.20	3412979.06	0.00	54.50	72.03	0.00	534.46	140.30	2.85
463	0.00	63.00	2985.98	29859.84	149299.20	3412979.06	0.00	54.50	72.03	0.00	552.38	147.31	2.94
464	0.00	64.00	2985.98	29859.84	149299.20	3412979.06	0.00	54.50	72.03	0.00	559.29	149.70	2.98
465	0.00	65.00	2985.98	29859.84	149299.20	3412979.06	0.00	54.50	72.03	0.00	571.87	152.88	3.08
466	0.00	66.00	2985.98	29859.84	149299.20	3412979.06	0.00	54.50	72.03	0.00	568.07	157.92	3.06
467	0.00	67.00	2985.98	29859.84	149299.20	3412979.06	0.00	54.50	72.03	0.00	563.82	157.31	3.04
468	0.00	68.00	2985.98	29859.84	149299.20	3412979.06	0.00	54.50	72.03	0.00	556.45	156.62	3.00
469	0.00	69.00	2985.98	29859.84	149299.20	3412979.06	0.00	54.50	72.03	0.00	562.69	159.58	3.01
470	0.00	70.00	2985.98	29859.84	149299.20	3412979.06	0.00	54.50	72.03	0.00	556.75	160.23	3.00
471	0.00	71.00	2985.98	29859.84	149299.20	3412979.06	0.00	54.50	72.03	0.00	577.31	162.32	3.14
472	0.00	72.00	2985.98	29859.84	149299.20	3412979.06	0.00	54.50	72.03	0.00	570.96	161.75	3.10
473	0.00	73.00	2985.98	29859.84	149299.20	3412979.06	0.00	54.50	72.03	0.00	586.58	164.79	3.19
474	0.00	74.00	2985.98	29859.84	149299.20	3412979.06	0.00	54.50	72.03	0.00	582.70	164.27	3.15
475	0.00	25.00	2985.98	29859.84	149299.20	3412979.06	0.00	54.50	72.03	0.00	135.53	95.12	0.80
476	0.00	26.00	2985.98	29859.84	149299.20	3412979.06	0.00	54.50	72.03	0.00	166.21	103.34	0.96
477	0.00	27.00	2985.98	29859.84	149299.20	3412979.06	0.00	54.50	72.03	0.00	170.55	103.44	1.00
478	0.00	28.00	2985.98	29859.84	149299.20	3412979.06	0.00	54.50	72.03	0.00	185.29	106.31	1.11
479	0.00	29.00	2985.98	29859.84	149299.20	3412979.06	0.00	54.50	72.03	0.00	204.53	118.80	1.17
480	0.00	30.00	2985.98	29859.84	149299.20	3412979.06	0.00	54.50	72.03	0.00	234.41	127.85	1.30
481	0.00	31.00	2985.98	29859.84	149299.20	3412979.06	0.00	54.50	72.03	0.00	246.61	133.45	1.35
482	0.00	32.00	2985.98	29859.84	149299.20	3412979.06	0.00	54.50	72.03	0.00	240.87	132.55	1.31
483	0.00	33.00	2985.98	29859.84	149299.20	3412979.06	0.00	54.50	72.03	0.00	246.85	133.96	1.27
484	0.00	34.00	2985.98	29859.84	149299.20	3412979.06	0.00	54.50	72.03	0.00	264.61	143.91	1.41
485	0.00	35.00	2985.98	29859.84	149299.20	3412979.06	0.00	54.50	72.03	0.00	260.07	143.55	1.37
486	0.00	36.00	2985.98	29859.84	149299.20	3412979.06	0.00	54.50	72.03	0.00	252.84	144.96	1.36
487	0.00	37.00	2985.98	29859.84	149299.20	3412979.06	0.00	54.50	72.03	0.00	274.86	149.19	1.46
488	0.00	38.00	2985.98	29859.84	149299.20	3412979.06	0.00	54.50	72.03	0.00	293.93	155.53	1.53
489	0.00	39.00	2985.98	29859.84	149299.20	3412979.06	0.00	54.50	72.03	0.00	314.68	166.98	1.64
490	0.00	40.00	2985.98	29859.84	149299.20	3412979.06	0.00	54.50	72.03	0.00	306.98	166.78	1.60
491	0.00	41.00	2985.98	29859.84	149299.20	3412979.06	0.00	54.50	72.03	0.00	314.28	171.58	1.61
492	0.00	42.00	2985.98	29859.84	149299.20	3412979.06	0.00	54.50	72.03	0.00	312.63	169.82	1.62
493	0.00	43.00	2985.98	29859.84	149299.20	3412979.06	0.00	54.50	72.03	0.00	316.49	168.79	1.63
494	0.00	44.00	2985.98	29859.84	149299.20	3412979.06	0.00	54.50	72.03	0.00	319.70	167.49	1.61
495	0.00	45.00	2985.98	29859.84	149299.20	3412979.06	0.00	54.50	72.03	0.00	349.55	177.73	1.76
496	0.00	46.00	2985.98	29859.84	149299.20	3412979.06	0.00	54.50	72.03	0.00	343.32	176.15	1.72
497	0.00	47.00	2985.98	29859.84	149299.20	3412979.06	0.00	54.50	72.03	0.00	338.81	174.52	1.72
498	0.00	48.00	2985.98	29859.84	149299.20	3412979.06	0.00	54.50	72.03	0.00	332.93	177.28	1.69
499	0.00	49.00	2985.98	29859.84	149299.20	3412979.06	0.00	54.50	72.03	0.00	350.14	183.18	1.76
500	0.00	50.00	2985.98	29859.84	149299.20	3412979.06	0.00	54.50	72.03	0.00	344.27	182.22	1.72
501	0.00	51.00	2985.98	29859.84	149299.20	3412979.06	0.00	54.50	72.03	0.00	346.11	188.06	1.69
502	0.00	52.00	2985.98	29859.84	149299.20	3412979.06	0.00	54.50	72.03	0.00	339.46	186.86	1.65
503	0.00	53.00	2985.98	29859.84	149299.20	3412979.06	0.00	54.50	72.03	0.00	339.43	185.29	1.66
504	0.00	54.00	2985.98	29859.84	149299.20	3412979.06	0.00	54.50	72.03	0.00	342.01	184.36	1.67
505	0.00	55.00	2985.98	29859.84	149299.20	3412979.06	0.00	54.50	72.03	0.00	335.79	182.88	1.64
506	0.00	56.00	2985.98	29859.84	149299.20	3412979.06	0.00	54.50	72.03	0.00	336.26	190.53	1.66
507	0.00	57.00	2985.98	29859.84	149299.20	3412979.06	0.00	54.50	72.03	0.00	340.09	191.92	1.67
508	0.00	58.00	2985.98	29859.84	149299.20	3412979.06	0.00	54.50	72.03	0.00	335.10	191.42	1.64
509	0.00	59.00	2985.98	29859.84	149299.20	3412979.06	0.00	54.50	72.03	0.00	351.23	191.18	1.73
510	0.00	60.00	2985.98	29859.84	149299.20	3412979.06	0.00	54.50	72.03	0.00	346.45	189.87	1.70
511	0.00	61.00	2985.98	29859.84	149299.20	3412979.06	0.00	54.50	72.03	0.00	344.80	191.62	1.69
512	0.00	62.00	2985.98	29859.84	149299.20	3412979.06	0.00	54.50	72.03	0.00	340.29	190.94	1.69
513	0.00	63.00	2985.98	29859.84	149299.20	3412979.06	0.00	54.50	72.03	0.00	353.57	196.58	1.75
514	0.00	64.00	2985.98	29859.84	149299.20	3412979.06	0.00	54.50	72.03	0.00	357.69	196.43	1.78
515	0.00	65.00	2985.98	29859.84	149299.20	3412979.06	0.00	54.50	72.03	0.00	376.34	203.59	1.85
516	0.00	66.00	2985.98	29859.84	149299.20	3412979.06	0.00	54.50	72.03	0.00	383.19	204.54	1.89
517	0.00	67.00	2985.98	29859.84	149299.20	3412979.06	0.00	54.50	72.03	0.00	378.32	204.61	1.87
518	0.00	68.00	2985.98	29859.84	149299.20	3412979.06	0.00	54.50	72.03	0.00	372.75	203.02	1.84
519	0.00	69.00	2985.98	29859.84	149299.20	3412979.06	0.00	54.50	72.03	0.00	371.72	201.98	1.84
520	0.00	70.00	2985.98	29859.84	149299.20	3412979.06	0.00	54.50	72.03	0.00	367.22	200.45	1.81
521	0.00	71.00	2985.98	29859.84	149299.20	3412979.06	0.00	54.50	72.03	0.00	366.82	208.23	1.83
522	0.00	72.00	2985.98	29859.84	149299.20	3412979.06	0.00	54.50	72.03	0.00	370.99	208.69	1.86
523	0.00	73.00	2985.98	29859.84	149299.20	3412979.06	0.00	54.50	72.03	0.00	369.26	208.47	1.86
524	0.00	74.00	2985.98	29859.84	149299.20	3412979.06	0.00	54.50	72.03	0.00	379.87	213.70	1.89
525	0.00	25.00	2985.98	29859.84	149299.20	3412979.06	0.00	54.50	72.03	0.00	101.29	89.90	0.52
526	0.00	26.00	2985.98	29859.84	149299.20	3412979.06	0.00	54.50	72.03	0.00	141.07	108.95	0.69
527	0.00	27.00	2985.98	29859.84	149299.20	3412979.06	0.00	54.50	72.03	0.00	138.04	111.96	0.70
528	0.00	28.00	2985.98	29859.84	149299.20	3412979.06	0.00	54.50	72.03	0.00	172.76	129.25	0.86
529	0.00	29.00	2985.98	29859.84	149299.20	3412979.06	0.00	54.50	72.03	0.00	170.14	130.21	0.90
530	0.00	30.00	2985.98	29859.84	149299.20	3412979.06	0.00	54.50	72.03	0.00	165.93	129.27	0.87
531	0.00	31.00	2985.98	29859.84	149299.20	3412979.06	0.00	54.50	72.03	0.00	168.95	129.47	0.84
532	0.00	32.00	2985.98	29859.84	149299.20	3412979.06	0.00	54.50	72.03	0.00	167.09	134.23	0.81
533	0.00	33.00	2985.98	29859.84	149299.20	3412979.06	0.00	54.50	72.03	0.00	164.25	132.23	0.82
534	0.00	34.00	2985.98	29859.84	149299.20	3412979.06	0.00	54.50	72.03	0.00	205.60	151.03	0.97
535	0.00	35.00	2985.98	29859.84	149299.20	3412979.06	0.00	54.50	72.03	0.00	201.82	151.42	0.97
536	0.00	36.00	2985.98	29859.84	149299.20	3412979.06	0.00	54.50	72.03	0.00	239.83	166.84	1.11
537	0.00	37.00	2985.98	29859.84	149299.20	3412979.06	0.00	54.50	72.03	0.00	250.34	176.16	1.11
538	0.00	38.00	2985.98	29859.84	149299.20	3412979.06	0.00	54.50	72.03	0.00	264.39	185.17	1.16
539	0.00	39.00	2985.98	29859.84	149299.20	3412979.06	0.00	54.50	72.03	0.00	287.47	194.84	1.26
540	0.00	40.00	2985.98	29859.84	149299.20	3412979.06	0.00	54.50	72.03	0.00	282.12	192.23	1.25
541	0.00	41.00	2985.98	29859.84	149299.20	3412979.06	0.00	54.50	72.03	0.00	280.11	190.72	1.22
542	0.00	42.00	2985.98	29859.84	149299.20	3412979.06	0.00	54.50	72.03	0.00	289.22	190.36	1.31
543	0.00	43.00	2985.98	29859.84	149299.20	3412979.06	0.00	54.50	72.03	0.00	305.23	195.62	1.35
544	0.00	44.00	3583.18	35831.81	179159.04	3875687.14	0.00	54.50	72.03	0.00	329.92	200.73	1.45
545	0.00	45.00	3583.18	35831.81	179159.04	3875687.14	0.00	54.50	72.03	0.00	322.59	198.26	1.42
546	0.00	46.00	3583.18	35831.81	179159.04	3875687.14	0.00	54.50	72.03	0.00	325.98	200.43	1.43
547	0.00	47.00	3583.18	35831.81	179159.04	3875687.14	0.00	54.50	72.03	0.00	319.98	198.13	1.40
548	0.00	48.00	3583.18	35831.81	179159.04	3875687.14	0.00	54.50	72.03	0.00	313.31	197.12	1.40
549	0.00	49.00	3583.18	35831.81	179159.04	3875687.14	0.00	54.50	72.03	0.00	310.91	195.02	1.37
550	0.00	50.00	3583.18	35831.81	179159.04	3875687.14	0.00	54.50	72.03	0.00	306.92	194.54	1.40
551	0.00	51.00	3583.18	35831.81	179159.04	3875687.14	0.00	54.50	72.03	0.00	310.29	197.02	1.41
552	0.00	52.00	3583.18	35831.81	179159.04	3875687.14	0.00	54.50	72.03	0.00	304.32	199.55	1.42
553	0.00	53.00	3583.18	35831.81	179159.04	3875687.14	0.00	54.50	72.03	0.00	317.69	205.54	1.51
554	0.00	54.00	3583.18	35831.81	179159.04	3875687.14	0.00	54.50	72.03	0.00	315.14	204.90	1.52
555	0.00	55.00	3583.18	35831.81	179159.04	3875687.14	0.00	54.50	72.03	0.00	324.10	204.28	1.56
556	0.00	56.00	3583.18	35831.81	179159.04	3875687.14	0.00	54.50	72.03	0.00	344.99	207.30	1.66
557	0.00	57.00	3583.18	35831.81	179159.04	3875687.14	0.00	54.50	72.03	0.00	368.12	217.89	1.77
558	0.00	58.00	3583.18	35831.81	179159.04	3875687.14	0.00	54.50	72.03	0.00	391.17	225.69	1.86
559	0.00	59.00	3583.18	35831.81	179159.04	3875687.14	0.00	54.50	72.03	0.00	392.95	225.61	1.85
560	0.00	60.00	3583.18	35831.81	179159.04	3875687.14	0.00	54.50	72.03	0.00	398.24	225.98	1.90
561	0.00	61.00	3583.18	35831.81	179159.04	3875687.14	0.00	54.50	72.03	0.00	391.71	224.01	1.87
562	0.00	62.00	3583.18	35831.81	179159.04	3875687.14	0.00	54.50	72.03	0.00	386.10	221.93	1.84
563	0.00	63.00	3583.18	35831.81	179159.04	3875687.14	0.00	54.50	72.03	0.00	386.01	220.00	1.83
564	0.00	64.00	3583.18	35831.81	179159.04	3875687.14	0.00	54.50	72.03	0.00	395.92	221.04	1.88
565	0.00	65.00	3583.18	35831.81	179159.04	3875687.14	0.00	54.50	72.03	0.00	393.82	219.62	1.85
566	0.00	66.00	3583.18	35831.81	179159.04	3875687.14	0.00	54.50	72.03	0.00	388.75	220.89	1.83
567	0.00	67.00	3583.18	35831.81	179159.04	3875687.14	0.00	54.50	72.03	0.00	382.95	219.34	1.81
568	0.00	68.00	3583.18	35831.81	179159.04	3875687.14	0.00	54.50	72.03	0.00	379.11	217.47	1.78
569	0.00	69.00	3583.18	35831.81	179159.04	3875687.14	0.00	54.50	72.03	0.00	375.46	216.23	1.78
570	0.00	70.00	3583.18	35831.81	179159.04	3875687.14	0.00	54.50	72.03	0.00	388.69	216.23	1.86
571	0.00	71.00	3583.18	35831.81	179159.04	3875687.14	0.00	54.50	72.03	0.00	402.59	217.86	1.93
572	0.00	72.00	3583.18	35831.81	179159.04	3875687.14	0.00	54.50	72.03	0.00	402.74	216.63	1.92
573	0.00	73.00	3583.18	35831.81	179159.04	3875687.14	0.00	54.50	72.03	0.00	401.65	216.61	1.92
574	0.00	74.00	3583.18	35831.81	179159.04	3875687.14	0.00	54.50	72.03	0.00	404.04	216.48	1.93
575	0.00	25.00	3583.18	35831.81	179159.04	3875687.14	0.00	54.50	72.03	0.00	119.57	101.10	0.64
576	0.00	26.00	3583.18	35831.81	179159.04	3875687.14	0.00	54.50	72.03	0.00	131.45	109.36	0.65
577	0.00	27.00	3583.18	35831.81	179159.04	3875687.14	0.00	54.50	72.03	0.00	129.30	109.44	0.67
578	0.00	28.00	3583.18	35831.81	179159.04	3875687.14	0.00	54.50	72.03	0.00	124.92	110.99	0.64
579	0.00	29.00	3583.18	35831.81	179159.04	3875687.14	0.00	54.50	72.03	0.00	124.78	113.71	0.62
580	0.00	30.00	3583.18	35831.81	179159.04	3875687.14	0.00	54.50	72.03	0.00	131.88	117.66	0.67
581	0.00	31.00	3583.18	35831.81	179159.04	3875687.14	0.00	54.50	72.03	0.00	145.44	126.15	0.68
582	0.00	32.00	3583.18	35831.81	179159.04	3875687.14	0.00	54.50	72.03	0.00	166.14	127.96	0.78
583	0.00	33.00	3583.18	35831.81	179159.04	3875687.14	0.00	54.50	72.03	0.00	164.77	130.64	0.76
584	0.00	34.00	3583.18	35831.81	179159.04	3875687.14	0.00	54.50	72.03	0.00	208.77	142.65	0.97
585	0.00	35.00	3583.18	35831.81	179159.04	3875687.14	0.00	54.50	72.03	0.00	217.48	150.82	1.06
586	0.00	36.00	3583.18	35831.81	179159.04	3875687.14	0.00	54.50	72.03	0.00	221.03	150.66	1.08
587	0.00	37.00	3583.18	35831.81	179159.04	3875687.14	0.00	54.50	72.03	0.00	246.34	160.28	1.19
588	0.00	38.00	3583.18	35831.81	179159.04	3875687.14	0.00	54.50	72.03	0.00	259.86	167.57	1.29
589	0.00	39.00	3583.18	35831.81	179159.04	3875687.14	0.00	54.50	72.03	0.00	291.24	177.95	1.44
590	0.00	40.00	3583.18	35831.81	179159.04	3875687.14	0.00	54.50	72.03	0.00	314.79	180.13	1.55
591	0.00	41.00	3583.18	35831.81	179159.04	3875687.14	0.00	54.50	72.03	0.00	317.80	187.86	1.51
592	0.00	42.00	3583.18	35831.81	179159.04	3875687.14	0.00	54.50	72.03	0.00	315.41	190.96	1.57
593	0.00	43.00	3583.18	35831.81	179159.04	3875687.14	0.00	54.50	72.03	0.00	347.73	204.44	1.70
594	0.00	44.00	3583.18	35831.81	179159.04	3875687.14	0.00	54.50	72.03	0.00	343.31	203.27	1.68
595	0.00	45.00	3583.18	35831.81	179159.04	3875687.14	0.00	54.50	72.03	0.00	350.30	209.24	1.69
596	0.00	46.00	3583.18	35831.81	179159.04	3875687.14	0.00	54.50	72.03	0.00	364.73	213.08	1.85
597	0.00	47.00	3583.18	35831.81	179159.04	3875687.14	0.00	54.50	72.03	0.00	359.30	217.38	1.81
598	0.00	48.00	3583.18	35831.81	179159.04	3875687.14	0.00	54.50	72.03	0.00	357.32	218.32	1.79
599	0.00	49.00	3583.18	35831.81	179159.04	3875687.14	0.00	54.50	72.03	0.00	375.20	221.10	1.88
600	0.00	50.00	3583.18	35831.81	179159.04	3875687.14	0.00	54.50	72.03	0.00	372.68	220.97	1.88
601	0.00	51.00	3583.18	35831.81	179159.04	3875687.14	0.00	54.50	72.03	0.00	380.71	219.70	1.88
602	0.00	52.00	3583.18	35831.81	179159.04	3875687.14	0.00	54.50	72.03	0.00	386.43	219.55	1.96
603	0.00	53.00	3583.18	35831.81	179159.04	3875687.14	0.00	54.50	72.03	0.00	383.15	224.93	1.94
604	0.00	54.00	3583.18	35831.81	179159.04	3875687.14	0.00	54.50	72.03	0.00	376.62	222.42	1.91
605	0.00	55.00	3583.18	35831.81	179159.04	3875687.14	0.00	54.50	72.03	0.00	378.86	227.89	1.93
606	0.00	56.00	3583.18	35831.81	179159.04	3875687.14	0.00	54.50	72.03	0.00	372.09	231.71	1.91
607	0.00	57.00	3583.18	35831.81	179159.04	3875687.14	0.00	54.50	72.03	0.00	371.03	233.77	1.88
608	0.00	58.00	3583.18	35831.81	179159.04	3875687.14	0.00	54.50	72.03	0.00	364.63	231.26	1.84
609	0.00	59.00	3583.18	35831.81	179159.04	3875687.14	0.00	54.50	72.03	0.00	366.80	234.00	1.86
610	0.00	60.00	3583.18	35831.81	179159.04	3875687.14	0.00	54.50	72.03	0.00	376.69	233.09	1.90
611	0.00	61.00	3583.18	35831.81	179159.04	3875687.14	0.00	54.50	72.03	0.00	387.54	237.53	1.95
612	0.00	62.00	3583.18	35831.81	179159.04	3875687.14	0.00	54.50	72.03	0.00	381.29	236.94	1.92
613	0.00	63.00	3583.18	35831.81	179159.04	3875687.14	0.00	54.50	72.03	0.00	381.81	235.50	1.92
614	0.00	64.00	3583.18	35831.81	179159.04	3875687.14	0.00	54.50	72.03	0.00	395.78	236.46	2.02
615	0.00	65.00	3583.18	35831.81	179159.04	3875687.14	0.00	54.50	72.03	0.00	402.56	234.57	2.06
616	0.00	66.00	3583.18	35831.81	179159.04	3875687.14	0.00	54.50	72.03	0.00	422.30	242.37	2.14
617	0.00	67.00	3583.18	35831.81	179159.04	3875687.14	0.00	54.50	72.03	0.00	423.77	241.09	2.12
618	0.00	68.00	3583.18	35831.81	179159.04	3875687.14	0.00	54.50	72.03	0.00	417.54	239.70	2.09
619	0.00	69.00	3583.18	35831.81	179159.04	3875687.14	0.00	54.50	72.03	0.00	416.38	238.56	2.07
620	0.00	70.00	3583.18	35831.81	179159.04	3875687.14	0.00	54.50	72.03	0.00	417.27	240.18	2.07
621	0.00	71.00	3583.18	35831.81	179159.04	3875687.14	0.00	54.50	72.03	0.00	415.37	241.01	2.04
622	0.00	72.00	3583.18	35831.81	179159.04	3875687.14	0.00	54.50	72.03	0.00	410.62	239.20	2.03
623	0.00	73.00	3583.18	35831.81	179159.04	3875687.14	0.00	54.50	72.03	0.00	427.55	240.29	2.14
624	0.00	74.00	3583.18	35831.81	179159.04	3875687.14	0.00	54.50	72.03	0.00	424.98	238.74	2.11
625	0.00	25.00	3583.18	35831.81	179159.04	3875687.14	0.00	54.50	72.03	0.00	119.57	101.06	0.64
626	0.00	26.00	3583.18	35831.81	179159.04	3875687.14	0.00	54.50	72.03	0.00	119.01	103.87	0.62
627	0.00	27.00	3583.18	35831.81	179159.04	3875687.14	0.00	54.50	72.03	0.00	145.05	106.95	0.67
628	0.00	28.00	3583.18	35831.81	179159.04	3875687.14	0.00	54.50	72.03	0.00	188.76	131.03	0.79
629	0.00	29.00	3583.18	35831.81	179159.04	3875687.14	0.00	54.50	72.03	0.00	192.77	130.40	0.83
630	0.00	30.00	3583.18	35831.81	179159.04	3875687.14	0.00	54.50	72.03	0.00	232.23	142.58	1.03
631	0.00	31.00	3583.18	35831.81	179159.04	3875687.14	0.00	54.50	72.03	0.00	230.98	145.71	1.00
632	0.00	32.00	3583.18	35831.81	179159.04	3875687.14	0.00	54.50	72.03	0.00	251.69	149.60	1.12
633	0.00	33.00	3583.18	35831.81	179159.04	3875687.14	0.00	54.50	72.03	0.00	246.00	148.63	1.09
634	0.00	34.00	3583.18	35831.81	179159.04	3875687.14	0.00	54.50	72.03	0.00	238.76	148.26	1.06
635	0.00	35.00	3583.18	35831.81	179159.04	3875687.14	0.00	54.50	72.03	0.00	234.76	150.71	1.03
636	0.00	36.00	3583.18	35831.81	179159.04	3875687.14	0.00	54.50	72.03	0.00	245.27	159.52	1.00
637	0.00	37.00	3583.18	35831.81	179159.04	3875687.14	0.00	54.50	72.03	0.00	246.51	159.17	0.97
638	0.00	38.00	3583.18	35831.81	179159.04	3875687.14	0.00	54.50	72.03	0.00	250.40	158.75	1.00
639	0.00	39.00	3583.18	35831.81	179159.04	3875687.14	0.00	54.50	72.03	0.00	243.98	157.49	0.97
640	0.00	40.00	3583.18	35831.81	179159.04	3875687.14	0.00	54.50	72.03	0.00	251.24	160.92	1.02
641	0.00	41.00	3583.18	35831.81	179159.04	3875687.14	0.00	54.50	72.03	0.00	265.00	160.95	1.15
642	0.00	42.00	3583.18	35831.81	179159.04	3875687.14	0.00	54.50	72.03	0.00	261.72	161.57	1.17
643	0.00	43.00	3583.18	35831.81	179159.04	3875687.14	0.00	54.50	72.03	0.00	632.55	135.64	3.93
644	0.00	44.00	4299.82	42998.17	214990.85	4430936.84	0.00	54.50	72.03	0.00	635.45	144.44	3.95
645	0.00	45.00	4299.82	42998.17	214990.85	4430936.84	0.00	54.50	72.03	0.00	633.30	145.66	3.93
646	0.00	46.00	4299.82	42998.17	214990.85	4430936.84	0.00	54.50	72.03	0.00	651.78	150.83	4.00
647	0.00	47.00	4299.82	42998.17	214990.85	4430936.84	0.00	54.50	72.03	0.00	661.40	150.77	4.09
648	0.00	48.00	4299.82	42998.17	214990.85	4430936.84	0.00	54.50	72.03	0.00	647.62	150.44	4.00
649	0.00	49.00	4299.82	42998.17	214990.85	4430936.84	0.00	54.50	72.03	0.00	651.76	157.58	4.04
650	0.00	50.00	4299.82	42998.17	214990.85	4430936.84	0.00	54.50	72.03	0.00	659.01	165.96	4.14
651	0.00	51.00	4299.82	42998.17	214990.85	4430936.84	0.00	54.50	72.03	0.00	664.80	166.28	4.16
652	0.00	52.00	4299.82	42998.17	214990.85	4430936.84	0.00	54.50	72.03	0.00	684.81	177.74	4.21
653	0.00	53.00	4299.82	42998.17	214990.85	4430936.84	0.00	54.50	72.03	0.00	687.19	177.62	4.21
654	0.00	54.00	4299.82	42998.17	214990.85	4430936.84	0.00	54.50	72.03	0.00	686.94	177.58	4.19
655	0.00	55.00	4299.82	42998.17	214990.85	4430936.84	0.00	54.50	72.03	0.00	682.45	178.25	4.15
656	0.00	56.00	4299.82	42998.17	214990.85	4430936.84	0.00	54.50	72.03	0.00	670.26	177.23	4.07
657	0.00	57.00	4299.82	42998.17	214990.85	4430936.84	0.00	54.50	72.03	0.00	682.95	188.27	4.16
658	0.00	58.00	4299.82	42998.17	214990.85	4430936.84	0.00	54.50	72.03	0.00	692.30	191.27	4.22
659	0.00	59.00	4299.82	42998.17	214990.85	4430936.84	0.00	54.50	72.03	0.00	689.64	196.61	4.22
660	0.00	60.00	4299.82	42998.17	214990.85	4430936.84	0.00	54.50	72.03	0.00	693.19	196.03	4.23
661	0.00	61.00	4299.82	42998.17	214990.85	4430936.84	0.00	54.50	72.03	0.00	701.35	205.74	4.26
662	0.00	62.00	4299.82	42998.17	214990.85	4430936.84	0.00	54.50	72.03	0.00	697.37	204.64	4.21
663	0.00	63.00	4299.82	42998.17	214990.85	4430936.84	0.00	54.50	72.03	0.00	692.63	204.23	4.17
664	0.00	64.00	4299.82	42998.17	214990.85	4430936.84	0.00	54.50	72.03	0.00	688.00	203.20	4.14
665	0.00	65.00	4299.82	42998.17	214990.85	4430936.84	0.00	54.50	72.03	0.00	690.15	207.64	4.14
666	0.00	66.00	4299.82	42998.17	214990.85	4430936.84	0.00	54.50	72.03	0.00	693.23	209.38	4.17
667	0.00	67.00	4299.82	42998.17	214990.85	4430936.84	0.00	54.50	72.03	0.00	693.22	207.94	4.18
668	0.00	68.00	4299.82	42998.17	214990.85	4430936.84	0.00	54.50	72.03	0.00	705.52	208.15	4.25
669	0.00	69.00	4299.82	42998.17	214990.85	4430936.84	0.00	54.50	72.03	0.00	695.29	207.18	4.19
670	0.00	70.00	4299.82	42998.17	214990.85	4430936.84	0.00	54.50	72.03	0.00	699.83	210.67	4.21
671	0.00	71.00	4299.82	42998.17	214990.85	4430936.84	0.00	54.50	72.03	0.00	696.38	210.58	4.18
672	0.00	72.00	4299.82	42998.17	214990.85	4430936.84	0.00	54.50	72.03	0.00	686.71	209.21	4.12
673	0.00	73.00	4299.82	42998.17	214990.85	4430936.84	0.00	54.50	72.03	0.00	688.12	208.86	4.16
674	0.00	74.00	4299.82	42998.17	214990.85	4430936.84	0.00	54.50	72.03	0.00	678.82	208.76	4.12
675	0.00	25.00	4299.82	42998.17	214990.85	4430936.84	0.00	54.50	72.03	0.00	140.77	99.70	0.88
676	0.00	26.00	4299.82	42998.17	214990.85	4430936.84	0.00	54.50	72.03	0.00	173.12	116.03	1.12
677	0.00	27.00	4299.82	42998.17	214990.85	4430936.84	0.00	54.50	72.03	0.00	183.00	121.24	1.15
678	0.00	28.00	4299.82	42998.17	214990.85	4430936.84	0.00	54.50	72.03	0.00	214.66	126.32	1.32
679	0.00	29.00	4299.82	42998.17	214990.85	4430936.84	0.00	54.50	72.03	0.00	237.93	127.21	1.45
680	0.00	30.00	4299.82	42998.17	214990.85	4230532.11	0.00	80.12	63.06	0.00	232.67	125.07	1.40
681	0.00	31.00	4299.82	42998.17	214990.85	4230532.11	0.00	80.12	63.06	0.00	254.15	137.27	1.42
682	0.00	32.00	4299.82	42998.17	214990.85	4230532.11	0.00	80.12	63.06	0.00	299.48	156.05	1.59
683	0.00	33.00	4299.82	42998.17	214990.85	4230532.11	0.00	80.12	63.06	0.00	315.67	170.50	1.64
684	0.00	34.00	4299.82	42998.17	214990.85	4230532.11	0.00	80.12	63.06	0.00	311.34	169.31	1.62
685	0.00	35.00	4299.82	42998.17	214990.85	4230532.11	0.00	80.12	63.06	0.00	344.83	185.27	1.77
686	0.00	36.00	4299.82	42998.17	214990.85	4230532.11	0.00	80.12	63.06	0.00	361.71	196.82	1.92
687	0.00	37.00	4299.82	42998.17	214990.85	4230532.11	0.00	80.12	63.06	0.00	352.21	194.77	1.86
688	0.00	38.00	4299.82	42998.17	214990.85	4230532.11	0.00	80.12	63.06	0.00	355.78	195.60	1.89
689	0.00	39.00	4299.82	42998.17	214990.85	4230532.11	0.00	80.12	63.06	0.00	351.18	195.49	1.87
690	0.00	40.00	4299.82	42998.17	214990.85	4230532.11	0.00	80.12	63.06	0.00	348.87	193.88	1.85
691	0.00	41.00	4299.82	42998.17	214990.85	4230532.11	0.00	80.12	63.06	0.00	353.69	193.95	1.83
692	0.00	42.00	4299.82	42998.17	214990.85	4230532.11	0.00	80.12	63.06	0.00	367.95	208.40	1.98
693	0.00	43.00	4299.82	42998.17	214990.85	4230532.11	0.00	80.12	63.06	0.00	365.41	207.15	1.95
694	0.00	44.00	4299.82	42998.17	214990.85	4230532.11	0.00	80.12	63.06	0.00	368.25	206.95	1.98
695	0.00	45.00	4299.82	42998.17	214990.85	4230532.11	0.00	80.12	63.06	0.00	382.57	217.25	2.07
696	0.00	46.00	4299.82	42998.17	214990.85	4230532.11	0.00	80.12	63.06	0.00	386.70	225.18	2.09
697	0.00	47.00	4299.82	42998.17	214990.85	4230532.11	0.00	80.12	63.06	0.00	379.85	224.42	2.06
698	0.00	48.00	4299.82	42998.17	214990.85	4230532.11	0.00	80.12	63.06	0.00	373.02	221.69	2.02
699	0.00	49.00	4299.82	42998.17	214990.85	4230532.11	0.00	80.12	63.06	0.00	396.62	221.60	2.16
700	0.00	50.00	4299.82	42998.17	214990.85	4230532.11	0.00	80.12	63.06	0.00	407.42	230.22	2.18
701	0.00	51.00	4299.82	42998.17	214990.85	4230532.11	0.00	80.12	63.06	0.00	408.62	228.13	2.14
702	0.00	52.00	4299.82	42998.17	214990.85	4230532.11	0.00	80.12	63.06	0.00	408.88	226.73	2.12
703	0.00	53.00	4299.82	42998.17	214990.85	4230532.11	0.00	80.12	63.06	0.00	402.40	225.51	2.11
704	0.00	54.00	4299.82	42998.17	214990.85	4230532.11	0.00	80.12	63.06	0.00	404.21	230.57	2.13
705	0.00	55.00	4299.82	42998.17	214990.85	4230532.11	0.00	80.12	63.06	0.00	400.47	228.32	2.11
706	0.00	56.00	4299.82	42998.17	214990.85	4230532.11	0.00	80.12	63.06	0.00	396.45	226.52	2.07
707	0.00	57.00	4299.82	42998.17	214990.85	4230532.11	0.00	80.12	63.06	0.00	393.74	224.36	2.04
708	0.00	58.00	4299.82	42998.17	214990.85	4230532.11	0.00	80.12	63.06	0.00	386.95	221.80	2.00
709	0.00	59.00	4299.82	42998.17	214990.85	4230532.11	0.00	80.12	63.06	0.00	394.93	224.03	2.03
710	0.00	60.00	4299.82	42998.17	214990.85	4230532.11	0.00	80.12	63.06	0.00	409.86	230.11	2.13
711	0.00	61.00	4299.82	42998.17	214990.85	4230532.11	0.00	80.12	63.06	0.00	423.92	234.43	2.21
712	0.00	62.00	4299.82	42998.17	214990.85	4230532.11	0.00	80.12	63.06	0.00	421.94	232.56	2.18
713	0.00	63.00	4299.82	42998.17	214990.85	4230532.11	0.00	80.12	63.06	0.00	435.22	238.29	2.27
714	0.00	64.00	4299.82	42998.17	214990.85	4230532.11	0.00	80.12	63.06	0.00	438.08	237.35	2.28
715	0.00	65.00	4299.82	42998.17	214990.85	4230532.11	0.00	80.12	63.06	0.00	440.08	235.64	2.29
716	0.00	66.00	4299.82	42998.17	214990.85	4230532.11	0.00	80.12	63.06	0.00	464.73	241.49	2.42
717	0.00	67.00	4299.82	42998.17	214990.85	4230532.11	0.00	80.12	63.06	0.00	485.70	249.90	2.54
718	0.00	68.00	4299.82	42998.17	214990.85	4230532.11	0.00	80.12	63.06	0.00	484.04	247.78	2.50
719	0.00	69.00	4299.82	42998.17	214990.85	4230532.11	0.00	80.12	63.06	0.00	499.19	248.16	2.59
720	0.00	70.00	4299.82	42998.17	214990.85	4230532.11	0.00	80.12	63.06	0.00	497.28	247.33	2.56
721	0.00	71.00	4299.82	42998.17	214990.85	4230532.11	0.00	80.12	63.06	0.00	499.52	248.80	2.55
722	0.00	72.00	4299.82	42998.17	214990.85	4230532.11	0.00	80.12	63.06	0.00	497.76	247.00	2.56
723	0.00	73.00	4299.82	42998.17	214990.85	4230532.11	0.00	80.12	63.06	0.00	505.05	246.89	2.63
724	0.00	74.00	4299.82	42998.17	214990.85	4230532.11	0.00	80.12	63.06	0.00	506.95	246.06	2.64
725	0.00	25.00	4299.82	42998.17	214990.85	4230532.11	0.00	80.12	63.06	0.00	149.63	94.15	0.80
726	0.00	26.00	4299.82	42998.17	214990.85	4230532.11	0.00	80.12	63.06	0.00	144.42	96.68	0.77
727	0.00	27.00	4299.82	42998.17	214990.85	4230532.11	0.00	80.12	63.06	0.00	147.39	101.18	0.78
728	0.00	28.00	4299.82	42998.17	214990.85	4230532.11	0.00	80.12	63.06	0.00	161.93	102.04	0.96
729	0.00	29.00	4299.82	42998.17	214990.85	4230532.11	0.00	80.12	63.06	0.00	196.27	118.85	1.17
730	0.00	30.00	4299.82	42998.17	214990.85	4230532.11	0.00	80.12	63.06	0.00	218.76	135.13	1.27
731	0.00	31.00	4299.82	42998.17	214990.85	4230532.11	0.00	80.12	63.06	0.00	254.89	149.99	1.48
732	0.00	32.00	4299.82	42998.17	214990.85	4230532.11	0.00	80.12	63.06	0.00	251.72	151.07	1.50
733	0.00	33.00	4299.82	42998.17	214990.85	4230532.11	0.00	80.12	63.06	0.00	247.42	151.19	1.48
734	0.00	34.00	4299.82	42998.17	214990.85	4230532.11	0.00	80.12	63.06	0.00	265.04	156.06	1.59
735	0.00	35.00	4299.82	42998.17	214990.85	4230532.11	0.00	80.12	63.06	0.00	298.69	171.23	1.74
736	0.00	36.00	4299.82	42998.17	214990.85	4230532.11	0.00	80.12	63.06	0.00	296.13	170.71	1.78
737	0.00	37.00	4299.82	42998.17	214990.85	4230532.11	0.00	80.12	63.06	0.00	314.39	171.15	1.86
738	0.00	38.00	4299.82	42998.17	214990.85	4230532.11	0.00	80.12	63.06	0.00	341.35	177.38	2.03
739	0.00	39.00	4299.82	42998.17	214990.85	4230532.11	0.00	80.12	63.06	0.00	353.97	186.37	2.05
740	0.00	40.00	4299.82	42998.17	214990.85	4230532.11	0.00	80.12	63.06	0.00	345.12	185.72	2.00
741	0.00	41.00	4299.82	42998.17	214990.85	4230532.11	0.00	80.12	63.06	0.00	368.17	197.98	2.12
742	0.00	42.00	4299.82	42998.17	214990.85	4230532.11	0.00	80.12	63.06	0.00	368.74	200.02	2.10
743	0.00	43.00	4299.82	42998.17	214990.85	4230532.11	0.00	80.12	63.06	0.00	382.76	198.48	2.16
744	0.00	44.00	5159.78	51597.80	257989.02	4841725.29	0.00	80.12	63.06	0.00	402.86	209.23	2.27
745	0.00	45.00	5159.78	51597.80	257989.02	4841725.29	0.00	80.12	63.06	0.00	406.23	210.28	2.36
746	0.00	46.00	5159.78	51597.80	257989.02	4841725.29	0.00	80.12	63.06	0.00	417.75	222.26	2.46
747	0.00	47.00	5159.78	51597.80	257989.02	4841725.29	0.00	80.12	63.06	0.00	415.02	220.97	2.45
748	0.00	48.00	5159.78	51597.80	257989.02	4841725.29	0.00	80.12	63.06	0.00	416.17	231.34	2.42
749	0.00	49.00	5159.78	51597.80	257989.02	4841725.29	0.00	80.12	63.06	0.00	409.93	234.78	2.39
750	0.00	50.00	5159.78	51597.80	257989.02	4841725.29	0.00	80.12	63.06	0.00	406.50	233.12	2.36
751	0.00	51.00	5159.78	51597.80	257989.02	4841725.29	0.00	80.12	63.06	0.00	425.34	241.87	2.45
752	0.00	52.00	5159.78	51597.80	257989.02	4841725.29	0.00	80.12	63.06	0.00	423.77	240.01	2.46
753	0.00	53.00	5159.78	51597.80	257989.02	4841725.29	0.00	80.12	63.06	0.00	415.77	238.21	2.42
754	0.00	54.00	5159.78	51597.80	257989.02	4841725.29	0.00	80.12	63.06	0.00	425.71	247.42	2.52
755	0.00	55.00	5159.78	51597.80	257989.02	4841725.29	0.00	80.12	63.06	0.00	422.01	245.63	2.51
756	0.00	56.00	5159.78	51597.80	257989.02	4841725.29	0.00	80.12	63.06	0.00	430.77	244.83	2.54
757	0.00	57.00	5159.78	51597.80	257989.02	4841725.29	0.00	80.12	63.06	0.00	430.15	248.56	2.54
758	0.00	58.00	5159.78	51597.80	257989.02	4841725.29	0.00	80.12	63.06	0.00	435.52	248.10	2.57
759	0.00	59.00	5159.78	51597.80	257989.02	4841725.29	0.00	80.12	63.06	0.00	446.53	253.90	2.63
760	0.00	60.00	5159.78	51597.80	257989.02	4841725.29	0.00	80.12	63.06	0.00	446.68	252.13	2.62
761	0.00	61.00	5159.78	51597.80	257989.02	4841725.29	0.00	80.12	63.06	0.00	444.35	249.93	2.61
762	0.00	62.00	5159.78	51597.80	257989.02	4841725.29	0.00	80.12	63.06	0.00	449.04	248.46	2.63
763	0.00	63.00	5159.78	51597.80	257989.02	4841725.29	0.00	80.12	63.06	0.00	443.07	245.70	2.60
764	0.00	64.00	5159.78	51597.80	257989.02	4841725.29	0.00	80.12	63.06	0.00	436.15	243.12	2.56
765	0.00	65.00	5159.78	51597.80	257989.02	4841725.29	0.00	80.12	63.06	0.00	442.32	247.19	2.57
766	0.00	66.00	5159.78	51597.80	257989.02	3720151.35	0.00	0.00	51.12	0.00	435.62	244.22	2.53
767	0.00	67.00	5159.78	51597.80	257989.02	3720151.35	0.00	0.00	51.12	0.00	444.65	243.68	2.58
768	0.00	68.00	5159.78	51597.80	257989.02	3720151.35	0.00	0.00	51.12	0.00	450.91	242.31	2.62
769	0.00	69.00	5159.78	51597.80	257989.02	3720151.35	0.00	0.00	51.12	0.00	452.86	241.29	2.62
770	0.00	70.00	5159.78	51597.80	257989.02	3720151.35	0.00	0.00	51.12	0.00	453.59	244.23	2.63
771	0.00	71.00	5159.78	51597.80	257989.02	3720151.35	0.00	0.00	51.12	0.00	452.20	245.00	2.61
772	0.00	72.00	5159.78	51597.80	257989.02	3720151.35	0.00	0.00	51.12	0.00	467.04	248.07	2.69
773	0.00	73.00	5159.78	51597.80	257989.02	3720151.35	0.00	0.00	51.12	0.00	478.98	253.53	2.77
774	0.00	74.00	5159.78	51597.80	257989.02	3720151.35	0.00	0.00	51.12	0.00	474.79	255.51	2.76
775	0.00	25.00	5159.78	51597.80	257989.02	3720151.35	0.00	0.00	51.12	0.00	142.78	95.78	0.80
776	0.00	26.00	5159.78	51597.80	257989.02	3720151.35	0.00	0.00	51.12	0.00	142.07	97.32	0.77
777	0.00	27.00	5159.78	51597.80	257989.02	3720151.35	0.00	0.00	51.12	0.00	160.67	100.50	0.85
778	0.00	28.00	5159.78	51597.80	257989.02	3720151.35	0.00	0.00	51.12	0.00	156.44	100.21	0.82
779	0.00	29.00	5159.78	51597.80	257989.02	3720151.35	0.00	0.00	51.12	0.00	158.33	99.96	0.79
780	0.00	30.00	5159.78	51597.80	257989.02	3720151.35	0.00	0.00	51.12	0.00	181.74	103.84	0.93
781	0.00	31.00	5159.78	51597.80	257989.02	3720151.35	0.00	0.00	51.12	0.00	180.62	103.12	0.97
782	0.00	32.00	5159.78	51597.80	257989.02	3720151.35	0.00	0.00	51.12	0.00	196.38	119.48	1.00
783	0.00	33.00	5159.78	51597.80	257989.02	3720151.35	0.00	0.00	51.12	0.00	240.75	133.18	1.21
784	0.00	34.00	5159.78	51597.80	257989.02	3720151.35	0.00	0.00	51.12	0.00	252.62	139.99	1.26
785	0.00	35.00	5159.78	51597.80	257989.02	3720151.35	0.00	0.00	51.12	0.00	278.47	150.75	1.49
786	0.00	36.00	5159.78	51597.80	257989.02	3720151.35	0.00	0.00	51.12	0.00	271.91	149.95	1.44
787	0.00	37.00	5159.78	51597.80	257989.02	3720151.35	0.00	0.00	51.12	0.00	268.53	149.13	1.46
788	0.00	38.00	5159.78	51597.80	257989.02	3720151.35	0.00	0.00	51.12	0.00	271.19	148.94	1.50
789	0.00	39.00	5159.78	51597.80	257989.02	3720151.35	0.00	0.00	51.12	0.00	294.11	158.70	1.67
790	0.00	40.00	5159.78	51597.80	257989.02	3720151.35	0.00	0.00	51.12	0.00	295.41	159.24	1.65
791	0.00	41.00	5159.78	51597.80	257989.02	3720151.35	0.00	0.00	51.12	0.00	319.47	170.08	1.80
792	0.00	42.00	5159.78	51597.80	257989.02	3720151.35	0.00	0.00	51.12	0.00	319.69	168.46	1.81
793	0.00	43.00	5159.78	51597.80	257989.02	3720151.35	0.00	0.00	51.12	0.00	324.49	169.58	1.84
794	0.00	44.00	5159.78	51597.80	257989.02	3720151.35	0.00	0.00	51.12	0.00	346.25	177.12	1.98
795	0.00	45.00	5159.78	51597.80	257989.02	3720151.35	0.00	0.00	51.12	0.00	371.25	185.56	2.13
796	0.00	46.00	5159.78	51597.80	257989.02	3720151.35	0.00	0.00	51.12	0.00	367.06	185.17	2.11
797	0.00	47.00	5159.78	51597.80	257989.02	3720151.35	0.00	0.00	51.12	0.00	375.70	185.61	2.17
798	0.00	48.00	5159.78	51597.80	257989.02	3720151.35	0.00	0.00	51.12	0.00	387.60	194.75	2.27
799	0.00	49.00	5159.78	51597.80	257989.02	3720151.35	0.00	0.00	51.12	0.00	403.31	199.02	2.41
800	0.00	50.00	5159.78	51597.80	257989.02	3720151.35	0.00	0.00	51.12	0.00	396.09	198.29	2.36
801	0.00	51.00	5159.78	51597.80	257989.02	3720151.35	0.00	0.00	51.12	0.00	393.16	197.18	2.35
802	0.00	52.00	5159.78	51597.80	257989.02	3720151.35	0.00	0.00	51.12	0.00	399.16	204.68	2.40
803	0.00	53.00	5159.78	51597.80	257989.02	3720151.35	0.00	0.00	51.12	0.00	410.34	207.83	2.45
804	0.00	54.00	5159.78	51597.80	257989.02	3720151.35	0.00	0.00	51.12	0.00	402.77	206.69	2.41
805	0.00	55.00	5159.78	51597.80	257989.02	3720151.35	0.00	0.00	51.12	0.00	425.30	217.18	2.49
806	0.00	56.00	5159.78	51597.80	257989.02	3720151.35	0.00	0.00	51.12	0.00	439.26	221.87	2.54
807	0.00	57.00	5159.78	51597.80	257989.02	3720151.35	0.00	0.00	51.12	0.00	449.38	226.65	2.54
808	0.00	58.00	5159.78	51597.80	257989.02	3720151.35	0.00	0.00	51.12	0.00	441.63	224.20	2.50
809	0.00	59.00	5159.78	51597.80	257989.02	3720151.35	0.00	0.00	51.12	0.00	448.12	222.76	2.49
810	0.00	60.00	5159.78	51597.80	257989.02	3720151.35	0.00	0.00	51.12	0.00	455.46	227.70	2.52
811	0.00	61.00	5159.78	51597.80	257989.02	3720151.35	0.00	0.00	51.12	0.00	456.12	226.24	2.51
812	0.00	62.00	5159.78	51597.80	257989.02	3720151.35	0.00	0.00	51.12	0.00	462.06	226.22	2.50
813	0.00	63.00	5159.78	51597.80	257989.02	3720151.35	0.00	0.00	51.12	0.00	472.24	232.95	2.56
814	0.00	64.00	5159.78	51597.80	257989.02	3720151.35	0.00	0.00	51.12	0.00	469.88	231.63	2.53
815	0.00	65.00	5159.78	51597.80	257989.02	3720151.35	0.00	0.00	51.12	0.00	469.42	232.10	2.54
816	0.00	66.00	5159.78	51597.80	257989.02	3720151.35	0.00	0.00	51.12	0.00	462.31	230.55	2.50
817	0.00	67.00	5159.78	51597.80	257989.02	3720151.35	0.00	0.00	51.12	0.00	456.06	229.31	2.46
818	0.00	68.00	5159.78	51597.80	257989.02	3720151.35	0.00	0.00	51.12	0.00	470.15	236.78	2.50
819	0.00	69.00	5159.78	51597.80	257989.02	3720151.35	0.00	0.00	51.12	0.00	468.10	235.69	2.49
820	0.00	70.00	5159.78	51597.80	257989.02	3720151.35	0.00	0.00	51.12	0.00	463.82	233.84	2.47
821	0.00	71.00	5159.78	51597.80	257989.02	3720151.35	0.00	0.00	51.12	0.00	464.27	233.15	2.46
822	0.00	72.00	5159.78	51597.80	257989.02	3720151.35	0.00	0.00	51.12	0.00	475.58	235.60	2.53
823	0.00	73.00	5159.78	51597.80	257989.02	3720151.35	0.00	0.00	51.12	0.00	474.09	234.60	2.51
824	0.00	74.00	5159.78	51597.80	257989.02	3720151.35	0.00	0.00	51.12	0.00	468.31	233.05	2.47
825	0.00	25.00	5159.78	51597.80	257989.02	3720151.35	0.00	0.00	51.12	0.00	124.24	92.64	0.64
826	0.00	26.00	5159.78	51597.80	257989.02	3720151.35	0.00	0.00	51.12	0.00	120.88	94.91	0.62
827	0.00	27.00	5159.78	51597.80	257989.02	3720151.35	0.00	0.00	51.12	0.00	160.25	120.64	0.81
828	0.00	28.00	5159.78	51597.80	257989.02	3720151.35	0.00	0.00	51.12	0.00	179.38	125.62	0.86
829	0.00	29.00	5159.78	51597.80	257989.02	3720151.35	0.00	0.00	51.12	0.00	193.00	127.86	0.97
830	0.00	30.00	5159.78	51597.80	257989.02	3720151.35	0.00	0.00	51.12	0.00	236.02	143.02	1.17
831	0.00	31.00	5159.78	51597.80	257989.02	3720151.35	0.00	0.00	51.12	0.00	264.17	144.80	1.39
832	0.00	32.00	5159.78	51597.80	257989.02	3249219.44	0.00	0.00	42.04	0.00	255.92	141.59	1.34
833	0.00	33.00	5159.78	51597.80	257989.02	3249219.44	0.00	0.00	42.04	0.00	291.51	155.46	1.52
834	0.00	34.00	5159.78	51597.80	257989.02	3249219.44	0.00	0.00	42.04	0.00	294.60	155.16	1.56
835	0.00	35.00	5159.78	51597.80	257989.02	3249219.44	0.00	0.00	42.04	0.00	305.08	156.71	1.63
836	0.00	36.00	5159.78	51597.80	257989.02	3249219.44	0.00	0.00	42.04	0.00	307.95	157.93	1.64
837	0.00	37.00	5159.78	51597.80	257989.02	3249219.44	0.00	0.00	42.04	0.00	318.44	160.24	1.65
838	0.00	38.00	5159.78	51597.80	257989.02	3249219.44	0.00	0.00	42.04	0.00	310.06	158.57	1.61
839	0.00	39.00	5159.78	51597.80	257989.02	3249219.44	0.00	0.00	42.04	0.00	305.46	157.64	1.56
840	0.00	40.00	5159.78	51597.80	257989.02	3249219.44	0.00	0.00	42.04	0.00	313.71	157.12	1.62
841	0.00	41.00	5159.78	51597.80	257989.02	3249219.44	0.00	0.00	42.04	0.00	307.09	156.63	1.59
842	0.00	42.00	5159.78	51597.80	257989.02	3249219.44	0.00	0.00	42.04	0.00	299.78	155.84	1.55
843	0.00	43.00	5159.78	51597.80	257989.02	3249219.44	0.00	0.00	42.04	0.00	600.82	132.11	3.67
844	0.00	44.00	6191.74	61917.36	309586.82	3683053.77	0.00	0.00	42.04	0.00	622.61	144.38	3.73
845	0.00	45.00	6191.74	61917.36	309586.82	3683053.77	0.00	0.00	42.04	0.00	616.65	145.17	3.69
846	0.00	46.00	6191.74	61917.36	309586.82	3683053.77	0.00	0.00	42.04	0.00	603.24	144.74	3.61
847	0.00	47.00	6191.74	61917.36	309586.82	3683053.77	0.00	0.00	42.04	0.00	590.41	144.40	3.53
848	0.00	48.00	6191.74	61917.36	309586.82	3683053.77	0.00	0.00	42.04	0.00	592.16	143.95	3.54
849	0.00	49.00	6191.74	61917.36	309586.82	3683053.77	0.00	0.00	42.04	0.00	588.10	143.31	3.49
850	0.00	50.00	6191.74	61917.36	309586.82	3683053.77	0.00	0.00	42.04	0.00	605.09	150.25	3.54
851	0.00	51.00	6191.74	61917.36	309586.82	3683053.77	0.00	0.00	42.04	0.00	597.93	156.24	3.49
852	0.00	52.00	6191.74	61917.36	309586.82	3683053.77	0.00	0.00	42.04	0.00	596.92	157.10	3.44
853	0.00	53.00	6191.74	61917.36	309586.82	3683053.77	0.00	0.00	42.04	0.00	614.79	166.42	3.55
854	0.00	54.00	6191.74	61917.36	309586.82	3683053.77	0.00	0.00	42.04	0.00	630.28	166.79	3.67
855	0.00	55.00	6191.74	61917.36	309586.82	3683053.77	0.00	0.00	42.04	0.00	633.14	167.18	3.67
856	0.00	56.00	6191.74	61917.36	309586.82	3683053.77	0.00	0.00	42.04	0.00	626.53	168.86	3.64
857	0.00	57.00	6191.74	61917.36	309586.82	3683053.77	0.00	0.00	42.04	0.00	640.37	178.40	3.70
858	0.00	58.00	6191.74	61917.36	309586.82	3683053.77	0.00	0.00	42.04	0.00	632.77	177.38	3.66
859	0.00	59.00	6191.74	61917.36	309586.82	3683053.77	0.00	0.00	42.04	0.00	625.44	176.95	3.61
860	0.00	60.00	6191.74	61917.36	309586.82	3683053.77	0.00	0.00	42.04	0.00	624.23	176.68	3.62
861	0.00	61.00	6191.74	61917.36	309586.82	3683053.77	0.00	0.00	42.04	0.00	619.29	176.53	3.61
862	0.00	62.00	6191.74	61917.36	309586.82	3683053.77	0.00	0.00	42.04	0.00	632.06	176.76	3.73
863	0.00	63.00	6191.74	61917.36	309586.82	3683053.77	0.00	0.00	42.04	0.00	625.26	176.08	3.70
864	0.00	64.00	6191.74	61917.36	309586.82	3683053.77	0.00	0.00	42.04	0.00	621.13	175.49	3.69
865	0.00	65.00	6191.74	61917.36	309586.82	3683053.77	0.00	0.00	42.04	0.00	611.58	175.15	3.63
866	0.00	66.00	6191.74	61917.36	309586.82	3683053.77	0.00	0.00	42.04	0.00	604.84	174.88	3.59
867	0.00	67.00	6191.74	61917.36	309586.82	3683053.77	0.00	0.00	42.04	0.00	595.81	173.47	3.54
868	0.00	68.00	6191.74	61917.36	309586.82	3683053.77	0.00	0.00	42.04	0.00	587.05	171.92	3.49
869	0.00	69.00	6191.74	61917.36	309586.82	3683053.77	0.00	0.00	42.04	0.00	581.25	171.50	3.45
870	0.00	70.00	6191.74	61917.36	309586.82	3683053.77	0.00	0.00	42.04	0.00	586.67	175.69	3.50
871	0.00	71.00	6191.74	61917.36	309586.82	3683053.77	0.00	0.00	42.04	0.00	597.24	181.76	3.51
872	0.00	72.00	6191.74	61917.36	309586.82	3683053.77	0.00	0.00	42.04	0.00	588.95	181.47	3.46
873	0.00	73.00	6191.74	61917.36	309586.82	3683053.77	0.00	0.00	42.04	0.00	580.88	181.73	3.41
874	0.00	74.00	6191.74	61917.36	309586.82	3683053.77	0.00	0.00	42.04	0.00	573.03	179.99	3.36
875	0.00	25.00	6191.74	61917.36	309586.82	3683053.77	0.00	0.00	42.04	0.00	105.07	91.94	0.48
876	0.00	26.00	6191.74	61917.36	309586.82	3683053.77	0.00	0.00	42.04	0.00	126.55	116.86	0.62
877	0.00	27.00	6191.74	61917.36	309586.82	3683053.77	0.00	0.00	42.04	0.00	140.55	119.52	0.67
878	0.00	28.00	6191.74	61917.36	309586.82	3683053.77	0.00	0.00	42.04	0.00	144.62	122.32	0.68
879	0.00	29.00	6191.74	61917.36	309586.82	3683053.77	0.00	0.00	42.04	0.00	155.99	125.90	0.83
880	0.00	30.00	6191.74	61917.36	309586.82	3683053.77	0.00	0.00	42.04	0.00	171.05	126.54	0.90
881	0.00	31.00	6191.74	61917.36	309586.82	3683053.77	0.00	0.00	42.04	0.00	181.78	134.81	0.94
882	0.00	32.00	6191.74	61917.36	309586.82	3683053.77	0.00	0.00	42.04	0.00	176.10	132.32	0.91
883	0.00	33.00	6191.74	61917.36	309586.82	3683053.77	0.00	0.00	42.04	0.00	179.92	130.81	0.97
884	0.00	34.00	6191.74	61917.36	309586.82	3683053.77	0.00	0.00	42.04	0.00	181.68	128.92	0.97
885	0.00	35.00	6191.74	61917.36	309586.82	3683053.77	0.00	0.00	42.04	0.00	176.49	127.44	0.94
886	0.00	36.00	6191.74	61917.36	309586.82	3683053.77	0.00	0.00	42.04	0.00	213.60	143.85	1.11
887	0.00	37.00	6191.74	61917.36	309586.82	3683053.77	0.00	0.00	42.04	0.00	215.80	142.17	1.08
888	0.00	38.00	6191.74	61917.36	309586.82	3683053.77	0.00	0.00	42.04	0.00	228.19	155.70	1.11
889	0.00	39.00	6191.74	61917.36	309586.82	3683053.77	0.00	0.00	42.04	0.00	225.69	154.18	1.08
890	0.00	40.00	6191.74	61917.36	309586.82	3683053.77	0.00	0.00	42.04	0.00	223.15	151.51	1.05
891	0.00	41.00	6191.74	61917.36	309586.82	3683053.77	0.00	0.00	42.04	0.00	219.57	151.46	1.02
892	0.00	42.00	6191.74	61917.36	309586.82	3683053.77	0.00	0.00	42.04	0.00	234.63	160.01	1.07
893	0.00	43.00	6191.74	61917.36	309586.82	3683053.77	0.00	0.00	42.04	0.00	234.03	159.26	1.09
894	0.00	44.00	6191.74	61917.36	309586.82	3683053.77	0.00	0.00	42.04	0.00	229.17	159.46	1.07
895	0.00	45.00	6191.74	61917.36	309586.82	3683053.77	0.00	0.00	42.04	0.00	244.60	159.20	1.11
896	0.00	46.00	6191.74	61917.36	309586.82	3683053.77	0.00	0.00	42.04	0.00	247.64	157.31	1.09
897	0.00	47.00	6191.74	61917.36	309586.82	3683053.77	0.00	0.00	42.04	0.00	266.15	158.37	1.21
898	0.00	48.00	6191.74	61917.36	309586.82	3683053.77	0.00	0.00	42.04	0.00	271.62	158.97	1.23
899	0.00	49.00	6191.74	61917.36	309586.82	3683053.77	0.00	0.00	42.04	0.00	296.35	171.66	1.35
900	0.00	50.00	6191.74	61917.36	309586.82	3683053.77	0.00	0.00	42.04	0.00	290.42	169.33	1.32
901	0.00	51.00	6191.74	61917.36	309586.82	3683053.77	0.00	0.00	42.04	0.00	296.45	169.45	1.41
902	0.00	52.00	6191.74	61917.36	309586.82	3683053.77	0.00	0.00	42.04	0.00	296.42	167.78	1.38
903	0.00	53.00	6191.74	61917.36	309586.82	3683053.77	0.00	0.00	42.04	0.00	298.35	169.16	1.40
904	0.00	54.00	6191.74	61917.36	309586.82	3683053.77	0.00	0.00	42.04	0.00	303.68	177.77	1.41
905	0.00	55.00	6191.74	61917.36	309586.82	3683053.77	0.00	0.00	42.04	0.00	312.28	178.45	1.47
906	0.00	56.00	6191.74	61917.36	309586.82	3683053.77	0.00	0.00	42.04	0.00	313.28	177.52	1.48
907	0.00	57.00	6191.74	61917.36	309586.82	3683053.77	0.00	0.00	42.04	0.00	334.76	185.70	1.58
908	0.00	58.00	6191.74	61917.36	309586.82	3683053.77	0.00	0.00	42.04	0.00	338.67	185.56	1.60
909	0.00	59.00	6191.74	61917.36	309586.82	3683053.77	0.00	0.00	42.04	0.00	347.05	194.73	1.63
910	0.00	60.00	6191.74	61917.36	309586.82	3683053.77	0.00	0.00	42.04	0.00	341.61	193.33	1.60
911	0.00	61.00	6191.74	61917.36	309586.82	3683053.77	0.00	0.00	42.04	0.00	342.31	191.30	1.57
912	0.00	62.00	6191.74	61917.36	309586.82	3683053.77	0.00	0.00	42.04	0.00	362.36	202.78	1.71
913	0.00	63.00	6191.74	61917.36	309586.82	3683053.77	0.00	0.00	42.04	0.00	359.22	201.45	1.70
914	0.00	64.00	6191.74	61917.36	309586.82	3683053.77	0.00	0.00	42.04	0.00	372.83	211.15	1.75
915	0.00	65.00	6191.74	61917.36	309586.82	3683053.77	0.00	0.00	42.04	0.00	371.52	210.17	1.74
916	0.00	66.00	6191.74	61917.36	309586.82	3683053.77	0.00	0.00	42.04	0.00	372.92	209.06	1.76
917	0.00	67.00	6191.74	61917.36	309586.82	3683053.77	0.00	0.00	42.04	0.00	367.36	207.70	1.73
918	0.00	68.00	6191.74	61917.36	309586.82	3683053.77	0.00	0.00	42.04	0.00	361.95	205.74	1.71
919	0.00	69.00	6191.74	61917.36	309586.82	3683053.77	0.00	0.00	42.04	0.00	356.71	205.20	1.68
920	0.00	70.00	6191.74	61917.36	309586.82	3683053.77	0.00	0.00	42.04	0.00	352.70	204.63	1.66
921	0.00	71.00	6191.74	61917.36	309586.82	3683053.77	0.00	0.00	42.04	0.00	348.96	204.10	1.63
922	0.00	72.00	6191.74	61917.36	309586.82	3683053.77	0.00	0.00	42.04	0.00	352.24	208.44	1.65
923	0.00	73.00	6191.74	61917.36	309586.82	3683053.77	0.00	0.00	42.04	0.00	347.42	207.76	1.63
924	0.00	74.00	6191.74	61917.36	309586.82	3683053.77	0.00	0.00	42.04	0.00	343.90	208.23	1.61
925	0.00	25.00	6191.74	61917.36	309586.82	3683053.77	0.00	0.00	42.04	0.00	108.83	89.57	0.48
926	0.00	26.00	6191.74	61917.36	309586.82	3683053.77	0.00	0.00	42.04	0.00	104.64	90.09	0.46
927	0.00	27.00	6191.74	61917.36	309586.82	3683053.77	0.00	0.00	42.04	0.00	100.77	89.25	0.44
928	0.00	28.00	6191.74	61917.36	309586.82	3683053.77	0.00	0.00	42.04	0.00	114.54	90.07	0.54
929	0.00	29.00	6191.74	61917.36	309586.82	3683053.77	0.00	0.00	42.04	0.00	124.36	95.35	0.62
930	0.00	30.00	6191.74	61917.36	309586.82	3683053.77	0.00	0.00	42.04	0.00	135.68	99.77	0.70
931	0.00	31.00	6191.74	61917.36	309586.82	3683053.77	0.00	0.00	42.04	0.00	131.30	99.24	0.68
932	0.00	32.00	6191.74	61917.36	309586.82	3683053.77	0.00	0.00	42.04	0.00	175.42	117.33	0.88
933	0.00	33.00	6191.74	61917.36	309586.82	3683053.77	0.00	0.00	42.04	0.00	170.11	115.63	0.85
934	0.00	34.00	6191.74	61917.36	309586.82	3683053.77	0.00	0.00	42.04	0.00	165.10	116.23	0.82
935	0.00	35.00	6191.74	61917.36	309586.82	3683053.77	0.00	0.00	42.04	0.00	164.91	116.23	0.83
936	0.00	36.00	6191.74	61917.36	309586.82	3683053.77	0.00	0.00	42.04	0.00	173.83	124.50	0.92
937	0.00	37.00	6191.74	61917.36	309586.82	3683053.77	0.00	0.00	42.04	0.00	169.14	123.67	0.89
938	0.00	38.00	6191.74	61917.36	309586.82	3683053.77	0.00	0.00	42.04	0.00	177.64	127.74	0.92
939	0.00	39.00	6191.74	61917.36	309586.82	3683053.77	0.00	0.00	42.04	0.00	187.81	127.68	0.95
940	0.00	40.00	6191.74	61917.36	309586.82	3683053.77	0.00	0.00	42.04	0.00	221.36	144.24	1.12
941	0.00	41.00	6191.74	61917.36	309586.82	3683053.77	0.00	0.00	42.04	0.00	221.46	145.59	1.10
942	0.00	42.00	6191.74	61917.36	309586.82	3683053.77	0.00	0.00	42.04	0.00	216.19	143.72	1.07
943	0.00	43.00	6191.74	61917.36	309586.82	3683053.77	0.00	0.00	42.04	0.00	230.97	155.82	1.12
944	0.00	44.00	7430.08	74300.84	371504.19	4203654.97	0.00	0.00	42.04	0.00	253.21	169.30	1.34
945	0.00	45.00	7430.08	74300.84	371504.19	4203654.97	0.00	0.00	42.04	0.00	268.06	178.85	1.42
946	0.00	46.00	7430.08	74300.84	371504.19	4203654.97	0.00	0.00	42.04	0.00	265.81	176.92	1.43
947	0.00	47.00	7430.08	74300.84	371504.19	4203654.97	0.00	0.00	42.04	0.00	292.87	186.18	1.55
948	0.00	48.00	7430.08	74300.84	371504.19	4203654.97	0.00	0.00	42.04	0.00	291.21	186.16	1.58
949	0.00	49.00	7430.08	74300.84	371504.19	4203654.97	0.00	0.00	42.04	0.00	285.27	184.04	1.55
950	0.00	50.00	7430.08	74300.84	371504.19	4203654.97	0.00	0.00	42.04	0.00	279.56	181.92	1.52
951	0.00	51.00	7430.08	74300.84	371504.19	4203654.97	0.00	0.00	42.04	0.00	303.89	184.63	1.65
952	0.00	52.00	7430.08	74300.84	371504.19	4203654.97	0.00	0.00	42.04	0.00	298.04	183.35	1.62
953	0.00	53.00	7430.08	74300.84	371504.19	4203654.97	0.00	0.00	42.04	0.00	292.42	181.06	1.58
954	0.00	54.00	7430.08	74300.84	371504.19	4203654.97	0.00	0.00	42.04	0.00	306.88	188.47	1.67
955	0.00	55.00	7430.08	74300.84	371504.19	4203654.97	0.00	0.00	42.04	0.00	330.47	193.52	1.78
956	0.00	56.00	7430.08	74300.84	371504.19	4203654.97	0.00	0.00	42.04	0.00	342.06	195.04	1.88
957	0.00	57.00	7430.08	74300.84	371504.19	4203654.97	0.00	0.00	42.04	0.00	356.93	203.66	1.93
958	0.00	58.00	7430.08	74300.84	371504.19	4203654.97	0.00	0.00	42.04	0.00	350.78	202.46	1.90
959	0.00	59.00	7430.08	74300.84	371504.19	4203654.97	0.00	0.00	42.04	0.00	368.13	209.02	1.98
960	0.00	60.00	7430.08	74300.84	371504.19	4203654.97	0.00	0.00	42.04	0.00	363.44	209.34	1.95
961	0.00	61.00	7430.08	74300.84	371504.19	4203654.97	0.00	0.00	42.04	0.00	367.76	216.37	2.00
962	0.00	62.00	7430.08	74300.84	371504.19	4203654.97	0.00	0.00	42.04	0.00	361.83	214.29	1.97
963	0.00	63.00	7430.08	74300.84	371504.19	4203654.97	0.00	0.00	42.04	0.00	375.76	214.09	2.05
964	0.00	64.00	7430.08	74300.84	371504.19	4203654.97	0.00	0.00	42.04	0.00	369.89	212.29	2.02
965	0.00	65.00	7430.08	74300.84	371504.19	4203654.97	0.00	0.00	42.04	0.00	372.90	211.04	2.05
966	0.00	66.00	7430.08	74300.84	371504.19	4203654.97	0.00	0.00	42.04	0.00	369.76	209.37	2.05
967	0.00	67.00	7430.08	74300.84	371504.19	4203654.97	0.00	0.00	42.04	0.00	364.24	208.15	2.01
968	0.00	68.00	7430.08	74300.84	371504.19	4203654.97	0.00	0.00	42.04	0.00	358.89	205.99	1.99
969	0.00	69.00	7430.08	74300.84	371504.19	4203654.97	0.00	0.00	42.04	0.00	356.79	204.83	1.97
970	0.00	70.00	7430.08	74300.84	371504.19	4203654.97	0.00	0.00	42.04	0.00	357.80	204.02	1.99
971	0.00	71.00	7430.08	74300.84	371504.19	4203654.97	0.00	0.00	42.04	0.00	356.44	204.05	2.00
972	0.00	72.00	7430.08	74300.84	371504.19	4203654.97	0.00	0.00	42.04	0.00	353.26	203.08	1.99
973	0.00	73.00	7430.08	74300.84	371504.19	4203654.97	0.00	0.00	42.04	0.00	355.06	204.43	2.00
974	0.00	74.00	7430.08	74300.84	371504.19	4203654.97	0.00	0.00	42.04	0.00	351.99	203.49	1.99
975	0.00	25.00	7430.08	74300.84	371504.19	3571218.57	0.00	0.00	32.71	0.00	28.97	75.91	0.04
976	0.00	26.00	7430.08	74300.84	371504.19	3571218.57	0.00	0.00	32.71	0.00	60.63	92.49	0.15
977	0.00	27.00	7430.08	74300.84	371504.19	3571218.57	0.00	0.00	32.71	0.00	63.45	100.61	0.19
978	0.00	28.00	7430.08	74300.84	371504.19	3571218.57	0.00	0.00	32.71	0.00	71.25	101.38	0.29
979	0.00	29.00	7430.08	74300.84	371504.19	3571218.57	0.00	0.00	32.71	0.00	69.89	102.08	0.28
980	0.00	30.00	7430.08	74300.84	371504.19	3571218.57	0.00	0.00	32.71	0.00	95.86	102.17	0.40
981	0.00	31.00	7430.08	74300.84	371504.19	3571218.57	0.00	0.00	32.71	0.00	123.87	112.57	0.52
982	0.00	32.00	7430.08	74300.84	371504.19	3571218.57	0.00	0.00	32.71	0.00	120.00	111.35	0.50
983	0.00	33.00	7430.08	74300.84	371504.19	3571218.57	0.00	0.00	32.71	0.00	131.06	118.44	0.58
984	0.00	34.00	7430.08	74300.84	371504.19	3571218.57	0.00	0.00	32.71	0.00	136.27	121.10	0.65
985	0.00	35.00	7430.08	74300.84	371504.19	3571218.57	0.00	0.00	32.71	0.00	136.70	119.52	0.63
986	0.00	36.00	7430.08	74300.84	371504.19	3571218.57	0.00	0.00	32.71	0.00	145.74	125.81	0.72
987	0.00	37.00	7430.08	74300.84	371504.19	3571218.57	0.00	0.00	32.71	0.00	173.37	127.98	0.92
988	0.00	38.00	7430.08	74300.84	371504.19	3571218.57	0.00	0.00	32.71	0.00	191.29	140.91	1.00
989	0.00	39.00	7430.08	74300.84	371504.19	3571218.57	0.00	0.00	32.71	0.00	190.16	140.97	1.03
990	0.00	40.00	7430.08	74300.84	371504.19	3571218.57	0.00	0.00	32.71	0.00	213.53	154.71	1.15
991	0.00	41.00	7430.08	74300.84	371504.19	3571218.57	0.00	0.00	32.71	0.00	223.12	165.94	1.24
992	0.00	42.00	7430.08	74300.84	371504.19	3571218.57	0.00	0.00	32.71	0.00	238.03	166.03	1.31
993	0.00	43.00	7430.08	74300.84	371504.19	3571218.57	0.00	0.00	32.71	0.00	239.04	165.70	1.33
994	0.00	44.00	7430.08	74300.84	371504.19	3571218.57	0.00	0.00	32.71	0.00	252.90	166.15	1.39
995	0.00	45.00	7430.08	74300.84	371504.19	3571218.57	0.00	0.00	32.71	0.00	258.35	176.10	1.38
996	0.00	46.00	7430.08	74300.84	371504.19	3571218.57	0.00	0.00	32.71	0.00	266.34	186.27	1.48
997	0.00	47.00	7430.08	74300.84	371504.19	3571218.57	0.00	0.00	32.71	0.00	274.45	189.50	1.53
998	0.00	48.00	7430.08	74300.84	371504.19	3571218.57	0.00	0.00	32.71	0.00	292.17	197.38	1.62
999	0.00	49.00	7430.08	74300.84	371504.19	3571218.57	0.00	0.00	32.71	0.00	289.20	198.81	1.63
1000	0.00	50.00	7430.08	74300.84	371504.19	3571218.57	0.00	0.00	32.71	0.00	289.59	199.10	1.66
