some parameters
Gen.	# feasible solutions	# infeasible solutions	cap. penality	dur. penality	num. penality	best penalized cost	best feasible cost	best cap. violation	best dur. violation	best num. violation	avg cap. violation	avg dur. violation	avg num. violation
1	0.00	51.00	1200.00	12000.00	60000.00	2110463.22	0.00	0.00	85.06	0.00	884.88	164.18	5.29
2	0.00	52.00	1200.00	12000.00	60000.00	2110463.22	0.00	0.00	85.06	0.00	884.54	163.34	5.27
3	0.00	53.00	1200.00	12000.00	60000.00	2110463.22	0.00	0.00	85.06	0.00	880.30	164.43	5.25
4	0.00	54.00	1200.00	12000.00	60000.00	2110463.22	0.00	0.00	85.06	0.00	876.08	164.78	5.22
5	0.00	55.00	1200.00	12000.00	60000.00	2110463.22	0.00	0.00	85.06	0.00	875.93	164.60	5.20
6	0.00	56.00	1200.00	12000.00	60000.00	2110463.22	0.00	0.00	85.06	0.00	860.41	165.69	5.11
7	0.00	57.00	1200.00	12000.00	60000.00	2110463.22	0.00	0.00	85.06	0.00	849.53	165.50	5.07
8	0.00	58.00	1200.00	12000.00	60000.00	2110463.22	0.00	0.00	85.06	0.00	834.89	164.36	4.98
9	0.00	59.00	1200.00	12000.00	60000.00	2110463.22	0.00	0.00	85.06	0.00	831.93	163.75	4.93
10	0.00	60.00	1200.00	12000.00	60000.00	2110463.22	0.00	0.00	85.06	0.00	822.03	162.87	4.90
11	0.00	61.00	1200.00	12000.00	60000.00	2110463.22	0.00	0.00	85.06	0.00	818.98	164.73	4.89
12	0.00	62.00	1200.00	12000.00	60000.00	2110463.22	0.00	0.00	85.06	0.00	814.68	164.59	4.84
13	0.00	63.00	1200.00	12000.00	60000.00	2110463.22	0.00	0.00	85.06	0.00	808.61	163.65	4.83
14	0.00	64.00	1200.00	12000.00	60000.00	2110463.22	0.00	0.00	85.06	0.00	806.83	162.61	4.86
15	0.00	65.00	1200.00	12000.00	60000.00	2110463.22	0.00	0.00	85.06	0.00	802.48	162.43	4.82
16	0.00	66.00	1200.00	12000.00	60000.00	2110463.22	0.00	0.00	85.06	0.00	803.94	163.50	4.82
17	0.00	67.00	1200.00	12000.00	60000.00	2110463.22	0.00	0.00	85.06	0.00	791.94	162.76	4.75
18	0.00	68.00	1200.00	12000.00	60000.00	2110463.22	0.00	0.00	85.06	0.00	787.43	163.62	4.72
19	0.00	69.00	1200.00	12000.00	60000.00	2110463.22	0.00	0.00	85.06	0.00	783.27	163.30	4.72
20	0.00	70.00	1200.00	12000.00	60000.00	2110463.22	0.00	0.00	85.06	0.00	786.53	164.17	4.74
21	0.00	71.00	1200.00	12000.00	60000.00	2110463.22	0.00	0.00	85.06	0.00	785.50	164.22	4.77
22	0.00	72.00	1200.00	12000.00	60000.00	2110463.22	0.00	0.00	85.06	0.00	782.17	164.81	4.74
23	0.00	73.00	1200.00	12000.00	60000.00	2110463.22	0.00	0.00	85.06	0.00	780.62	164.54	4.75
24	0.00	74.00	1200.00	12000.00	60000.00	2110463.22	0.00	0.00	85.06	0.00	782.98	165.18	4.76
25	0.00	25.00	1200.00	12000.00	60000.00	2110463.22	0.00	0.00	85.06	0.00	417.82	126.72	2.64
26	0.00	26.00	1200.00	12000.00	60000.00	2110463.22	0.00	0.00	85.06	0.00	413.87	128.67	2.62
27	0.00	27.00	1200.00	12000.00	60000.00	2110463.22	0.00	0.00	85.06	0.00	407.35	129.63	2.63
28	0.00	28.00	1200.00	12000.00	60000.00	2110463.22	0.00	0.00	85.06	0.00	410.66	130.60	2.71
29	0.00	29.00	1200.00	12000.00	60000.00	2110463.22	0.00	0.00	85.06	0.00	396.50	130.88	2.62
30	0.00	30.00	1200.00	12000.00	60000.00	2110463.22	0.00	0.00	85.06	0.00	397.48	133.48	2.63
31	0.00	31.00	1200.00	12000.00	60000.00	2110463.22	0.00	0.00	85.06	0.00	407.07	134.48	2.77
32	0.00	32.00	1200.00	12000.00	60000.00	2110463.22	0.00	0.00	85.06	0.00	416.09	134.44	2.81
33	0.00	33.00	1200.00	12000.00	60000.00	2110463.22	0.00	0.00	85.06	0.00	410.69	133.30	2.82
34	0.00	34.00	1200.00	12000.00	60000.00	2110463.22	0.00	0.00	85.06	0.00	406.92	131.63	2.74
35	0.00	35.00	1200.00	12000.00	60000.00	2110463.22	0.00	0.00	85.06	0.00	402.76	132.52	2.71
36	0.00	36.00	1200.00	12000.00	60000.00	2110463.22	0.00	0.00	85.06	0.00	415.68	134.98	2.75
37	0.00	37.00	1200.00	12000.00	60000.00	2110463.22	0.00	0.00	85.06	0.00	410.46	135.79	2.70
38	0.00	38.00	1200.00	12000.00	60000.00	2110463.22	0.00	0.00	85.06	0.00	411.42	137.48	2.66
39	0.00	39.00	1200.00	12000.00	60000.00	2110463.22	0.00	0.00	85.06	0.00	400.87	136.45	2.59
40	0.00	40.00	1200.00	12000.00	60000.00	2110463.22	0.00	0.00	85.06	0.00	393.44	136.09	2.52
41	0.00	41.00	1200.00	12000.00	60000.00	2110463.22	0.00	0.00	85.06	0.00	383.84	137.82	2.46
42	0.00	42.00	1200.00	12000.00	60000.00	2110463.22	0.00	0.00	85.06	0.00	390.04	141.08	2.48
43	0.00	43.00	1200.00	12000.00	60000.00	2110463.22	0.00	0.00	85.06	0.00	387.43	143.03	2.47
44	0.00	44.00	1200.00	12000.00	60000.00	2110463.22	0.00	0.00	85.06	0.00	387.14	142.54	2.41
45	0.00	45.00	1200.00	12000.00	60000.00	2110463.22	0.00	0.00	85.06	0.00	384.39	148.41	2.36
46	0.00	46.00	1200.00	12000.00	60000.00	2110463.22	0.00	0.00	85.06	0.00	378.66	147.01	2.30
47	0.00	47.00	1200.00	12000.00	60000.00	2110463.22	0.00	0.00	85.06	0.00	386.66	148.43	2.32
48	0.00	48.00	1200.00	12000.00	60000.00	2110463.22	0.00	0.00	85.06	0.00	388.73	150.28	2.33
49	0.00	49.00	1200.00	12000.00	60000.00	2110463.22	0.00	0.00	85.06	0.00	383.95	150.32	2.33
50	0.00	50.00	1200.00	12000.00	60000.00	2110463.22	0.00	0.00	85.06	0.00	395.15	151.30	2.42
51	0.00	51.00	1200.00	12000.00	60000.00	2110463.22	0.00	0.00	85.06	0.00	398.22	153.59	2.45
52	0.00	52.00	1200.00	12000.00	60000.00	2110463.22	0.00	0.00	85.06	0.00	401.72	156.38	2.48
53	0.00	53.00	1200.00	12000.00	60000.00	2110463.22	0.00	0.00	85.06	0.00	418.05	158.95	2.58
54	0.00	54.00	1200.00	12000.00	60000.00	2110463.22	0.00	0.00	85.06	0.00	423.17	159.12	2.67
55	0.00	55.00	1200.00	12000.00	60000.00	2110463.22	0.00	0.00	85.06	0.00	417.67	159.89	2.62
56	0.00	56.00	1200.00	12000.00	60000.00	2110463.22	0.00	0.00	85.06	0.00	421.97	161.68	2.64
57	0.00	57.00	1200.00	12000.00	60000.00	2110463.22	0.00	0.00	85.06	0.00	421.23	161.34	2.61
58	0.00	58.00	1200.00	12000.00	60000.00	2110463.22	0.00	0.00	85.06	0.00	422.20	161.79	2.62
59	0.00	59.00	1200.00	12000.00	60000.00	2110463.22	0.00	0.00	85.06	0.00	420.87	166.34	2.61
60	0.00	60.00	1200.00	12000.00	60000.00	2110463.22	0.00	0.00	85.06	0.00	422.19	166.85	2.65
61	0.00	61.00	1200.00	12000.00	60000.00	2110463.22	0.00	0.00	85.06	0.00	425.61	175.18	2.66
62	0.00	62.00	1200.00	12000.00	60000.00	1896576.20	0.00	0.00	68.65	0.00	418.74	173.46	2.61
63	0.00	63.00	1200.00	12000.00	60000.00	1896576.20	0.00	0.00	68.65	0.00	415.92	173.23	2.62
64	0.00	64.00	1200.00	12000.00	60000.00	1896576.20	0.00	0.00	68.65	0.00	419.61	174.34	2.64
65	0.00	65.00	1200.00	12000.00	60000.00	1896576.20	0.00	0.00	68.65	0.00	413.84	178.78	2.62
66	0.00	66.00	1200.00	12000.00	60000.00	1896576.20	0.00	0.00	68.65	0.00	407.57	178.14	2.58
67	0.00	67.00	1200.00	12000.00	60000.00	1896576.20	0.00	0.00	68.65	0.00	409.10	178.68	2.61
68	0.00	68.00	1200.00	12000.00	60000.00	1896576.20	0.00	0.00	68.65	0.00	413.30	179.31	2.68
69	0.00	69.00	1200.00	12000.00	60000.00	1896576.20	0.00	0.00	68.65	0.00	411.61	178.75	2.67
70	0.00	70.00	1200.00	12000.00	60000.00	1896576.20	0.00	0.00	68.65	0.00	421.36	179.77	2.71
71	0.00	71.00	1200.00	12000.00	60000.00	1896576.20	0.00	0.00	68.65	0.00	422.44	179.00	2.72
72	0.00	72.00	1200.00	12000.00	60000.00	1896576.20	0.00	0.00	68.65	0.00	420.19	178.53	2.72
73	0.00	73.00	1200.00	12000.00	60000.00	1896576.20	0.00	0.00	68.65	0.00	419.21	182.32	2.71
74	0.00	74.00	1200.00	12000.00	60000.00	1896576.20	0.00	0.00	68.65	0.00	430.66	182.88	2.78
75	0.00	25.00	1200.00	12000.00	60000.00	1896576.20	0.00	0.00	68.65	0.00	209.38	119.20	1.40
76	0.00	26.00	1200.00	12000.00	60000.00	1896576.20	0.00	0.00	68.65	0.00	202.56	117.59	1.35
77	0.00	27.00	1200.00	12000.00	60000.00	1896576.20	0.00	0.00	68.65	0.00	203.35	119.26	1.37
78	0.00	28.00	1200.00	12000.00	60000.00	1896576.20	0.00	0.00	68.65	0.00	221.08	130.80	1.43
79	0.00	29.00	1200.00	12000.00	60000.00	1896576.20	0.00	0.00	68.65	0.00	221.41	133.38	1.41
80	0.00	30.00	1200.00	12000.00	60000.00	1896576.20	0.00	0.00	68.65	0.00	225.96	135.35	1.40
81	0.00	31.00	1200.00	12000.00	60000.00	1896576.20	0.00	0.00	68.65	0.00	228.00	149.29	1.39
82	0.00	32.00	1200.00	12000.00	60000.00	1896576.20	0.00	0.00	68.65	0.00	242.62	159.72	1.47
83	0.00	33.00	1200.00	12000.00	60000.00	1896576.20	0.00	0.00	68.65	0.00	236.78	160.22	1.42
84	0.00	34.00	1200.00	12000.00	60000.00	1896576.20	0.00	0.00	68.65	0.00	243.45	162.73	1.47
85	0.00	35.00	1200.00	12000.00	60000.00	1896576.20	0.00	0.00	68.65	0.00	252.35	175.69	1.49
86	0.00	36.00	1200.00	12000.00	60000.00	1896576.20	0.00	0.00	68.65	0.00	257.72	188.83	1.50
87	0.00	37.00	1200.00	12000.00	60000.00	1896576.20	0.00	0.00	68.65	0.00	260.04	187.93	1.51
88	0.00	38.00	1200.00	12000.00	60000.00	1896576.20	0.00	0.00	68.65	0.00	262.80	196.05	1.53
89	0.00	39.00	1200.00	12000.00	60000.00	1896576.20	0.00	0.00	68.65	0.00	256.06	193.71	1.49
90	0.00	40.00	1200.00	12000.00	60000.00	1896576.20	0.00	0.00	68.65	0.00	274.26	196.94	1.60
91	0.00	41.00	1200.00	12000.00	60000.00	1896576.20	0.00	0.00	68.65	0.00	273.38	195.24	1.63
92	0.00	42.00	1200.00	12000.00	60000.00	1896576.20	0.00	0.00	68.65	0.00	270.06	195.96	1.60
93	0.00	43.00	1200.00	12000.00	60000.00	1896576.20	0.00	0.00	68.65	0.00	272.49	193.91	1.56
94	0.00	44.00	1200.00	12000.00	60000.00	1896576.20	0.00	0.00	68.65	0.00	273.44	193.04	1.57
95	0.00	45.00	1200.00	12000.00	60000.00	1896576.20	0.00	0.00	68.65	0.00	268.47	193.66	1.53
96	0.00	46.00	1200.00	12000.00	60000.00	1896576.20	0.00	0.00	68.65	0.00	279.95	197.43	1.65
97	0.00	47.00	1200.00	12000.00	60000.00	1896576.20	0.00	0.00	68.65	0.00	281.96	196.18	1.62
98	0.00	48.00	1200.00	12000.00	60000.00	1896576.20	0.00	0.00	68.65	0.00	289.92	195.91	1.69
99	0.00	49.00	1200.00	12000.00	60000.00	1896576.20	0.00	0.00	68.65	0.00	289.67	201.60	1.71
100	0.00	50.00	1200.00	12000.00	60000.00	1805016.90	0.00	0.00	62.03	0.00	283.88	198.80	1.68
101	0.00	51.00	1440.00	14400.00	72000.00	1953888.90	0.00	0.00	62.03	0.00	278.31	197.19	1.65
102	0.00	52.00	1440.00	14400.00	72000.00	1953888.90	0.00	0.00	62.03	0.00	272.96	195.93	1.62
103	0.00	53.00	1440.00	14400.00	72000.00	1953888.90	0.00	0.00	62.03	0.00	272.03	195.85	1.62
104	0.00	54.00	1440.00	14400.00	72000.00	1953888.90	0.00	0.00	62.03	0.00	266.99	196.06	1.59
105	0.00	55.00	1440.00	14400.00	72000.00	1953888.90	0.00	0.00	62.03	0.00	262.14	196.79	1.56
106	0.00	56.00	1440.00	14400.00	72000.00	1953888.90	0.00	0.00	62.03	0.00	280.34	199.17	1.70
107	0.00	57.00	1440.00	14400.00	72000.00	1953888.90	0.00	0.00	62.03	0.00	287.62	206.86	1.74
108	0.00	58.00	1440.00	14400.00	72000.00	1953888.90	0.00	0.00	62.03	0.00	304.02	205.97	1.84
109	0.00	59.00	1440.00	14400.00	72000.00	1953888.90	0.00	0.00	62.03	0.00	298.86	204.89	1.81
110	0.00	60.00	1440.00	14400.00	72000.00	1953888.90	0.00	0.00	62.03	0.00	294.62	206.91	1.80
111	0.00	61.00	1440.00	14400.00	72000.00	1953888.90	0.00	0.00	62.03	0.00	290.55	205.63	1.77
112	0.00	62.00	1440.00	14400.00	72000.00	1953888.90	0.00	0.00	62.03	0.00	290.74	204.25	1.74
113	0.00	63.00	1440.00	14400.00	72000.00	1953888.90	0.00	0.00	62.03	0.00	293.72	203.41	1.76
114	0.00	64.00	1440.00	14400.00	72000.00	1953888.90	0.00	0.00	62.03	0.00	308.48	202.61	1.86
115	0.00	65.00	1440.00	14400.00	72000.00	1953888.90	0.00	0.00	62.03	0.00	305.57	207.21	1.85
116	0.00	66.00	1440.00	14400.00	72000.00	1953888.90	0.00	0.00	62.03	0.00	301.03	205.51	1.82
117	0.00	67.00	1440.00	14400.00	72000.00	1953888.90	0.00	0.00	62.03	0.00	306.29	205.61	1.87
118	0.00	68.00	1440.00	14400.00	72000.00	1953888.90	0.00	0.00	62.03	0.00	305.28	204.57	1.88
119	0.00	69.00	1440.00	14400.00	72000.00	1953888.90	0.00	0.00	62.03	0.00	310.94	212.07	1.91
120	0.00	70.00	1440.00	14400.00	72000.00	1953888.90	0.00	0.00	62.03	0.00	314.66	215.72	1.96
121	0.00	71.00	1440.00	14400.00	72000.00	1742450.30	0.00	0.00	49.03	0.00	310.23	213.37	1.93
122	0.00	72.00	1440.00	14400.00	72000.00	1742450.30	0.00	0.00	49.03	0.00	305.92	212.16	1.90
123	0.00	73.00	1440.00	14400.00	72000.00	1742450.30	0.00	0.00	49.03	0.00	306.83	217.50	1.96
124	0.00	74.00	1440.00	14400.00	72000.00	1742450.30	0.00	0.00	49.03	0.00	311.81	220.67	1.99
125	0.00	25.00	1440.00	14400.00	72000.00	1742450.30	0.00	0.00	49.03	0.00	173.93	111.84	1.16
126	0.00	26.00	1440.00	14400.00	72000.00	1742450.30	0.00	0.00	49.03	0.00	211.04	117.88	1.35
127	0.00	27.00	1440.00	14400.00	72000.00	1742450.30	0.00	0.00	49.03	0.00	224.39	136.81	1.48
128	0.00	28.00	1440.00	14400.00	72000.00	1742450.30	0.00	0.00	49.03	0.00	235.51	151.50	1.57
129	0.00	29.00	1440.00	14400.00	72000.00	1742450.30	0.00	0.00	49.03	0.00	264.89	155.68	1.76
130	0.00	30.00	1440.00	14400.00	72000.00	1742450.30	0.00	0.00	49.03	0.00	267.12	156.16	1.73
131	0.00	31.00	1440.00	14400.00	72000.00	1742450.30	0.00	0.00	49.03	0.00	277.04	163.41	1.77
132	0.00	32.00	1440.00	14400.00	72000.00	1742450.30	0.00	0.00	49.03	0.00	269.26	161.10	1.72
133	0.00	33.00	1440.00	14400.00	72000.00	1742450.30	0.00	0.00	49.03	0.00	261.10	160.29	1.67
134	0.00	34.00	1440.00	14400.00	72000.00	1742450.30	0.00	0.00	49.03	0.00	275.60	179.15	1.76
135	0.00	35.00	1440.00	14400.00	72000.00	1742450.30	0.00	0.00	49.03	0.00	290.48	185.41	1.91
136	0.00	36.00	1440.00	14400.00	72000.00	1742450.30	0.00	0.00	49.03	0.00	300.03	197.00	1.97
137	0.00	37.00	1440.00	14400.00	72000.00	1742450.30	0.00	0.00	49.03	0.00	303.60	197.08	2.03
138	0.00	38.00	1440.00	14400.00	72000.00	1742450.30	0.00	0.00	49.03	0.00	313.89	198.36	2.16
139	0.00	39.00	1440.00	14400.00	72000.00	1742450.30	0.00	0.00	49.03	0.00	323.17	205.39	2.21
140	0.00	40.00	1440.00	14400.00	72000.00	1742450.30	0.00	0.00	49.03	0.00	315.09	203.43	2.15
141	0.00	41.00	1440.00	14400.00	72000.00	1742450.30	0.00	0.00	49.03	0.00	340.48	203.96	2.32
142	0.00	42.00	1440.00	14400.00	72000.00	1742450.30	0.00	0.00	49.03	0.00	340.66	202.08	2.36
143	0.00	43.00	1440.00	14400.00	72000.00	1742450.30	0.00	0.00	49.03	0.00	332.74	199.72	2.35
144	0.00	44.00	1440.00	14400.00	72000.00	1742450.30	0.00	0.00	49.03	0.00	331.97	205.47	2.36
145	0.00	45.00	1440.00	14400.00	72000.00	1742450.30	0.00	0.00	49.03	0.00	337.60	204.47	2.38
146	0.00	46.00	1440.00	14400.00	72000.00	1742450.30	0.00	0.00	49.03	0.00	334.15	203.25	2.35
147	0.00	47.00	1440.00	14400.00	72000.00	1742450.30	0.00	0.00	49.03	0.00	327.04	200.03	2.30
148	0.00	48.00	1440.00	14400.00	72000.00	1742450.30	0.00	0.00	49.03	0.00	320.22	198.41	2.25
149	0.00	49.00	1440.00	14400.00	72000.00	1742450.30	0.00	0.00	49.03	0.00	313.69	197.58	2.20
150	0.00	50.00	1440.00	14400.00	72000.00	1742450.30	0.00	0.00	49.03	0.00	312.97	197.91	2.20
151	0.00	51.00	1440.00	14400.00	72000.00	1742450.30	0.00	0.00	49.03	0.00	331.96	197.52	2.33
152	0.00	52.00	1440.00	14400.00	72000.00	1742450.30	0.00	0.00	49.03	0.00	326.19	195.06	2.29
153	0.00	53.00	1440.00	14400.00	72000.00	1742450.30	0.00	0.00	49.03	0.00	343.68	197.50	2.42
154	0.00	54.00	1440.00	14400.00	72000.00	1742450.30	0.00	0.00	49.03	0.00	339.57	197.24	2.39
155	0.00	55.00	1440.00	14400.00	72000.00	1742450.30	0.00	0.00	49.03	0.00	354.10	199.31	2.45
156	0.00	56.00	1440.00	14400.00	72000.00	1742450.30	0.00	0.00	49.03	0.00	350.14	197.39	2.43
157	0.00	57.00	1440.00	14400.00	72000.00	1742450.30	0.00	0.00	49.03	0.00	347.50	196.08	2.40
158	0.00	58.00	1440.00	14400.00	72000.00	1742450.30	0.00	0.00	49.03	0.00	341.51	193.87	2.36
159	0.00	59.00	1440.00	14400.00	72000.00	1742450.30	0.00	0.00	49.03	0.00	336.74	192.52	2.32
160	0.00	60.00	1440.00	14400.00	72000.00	1742450.30	0.00	0.00	49.03	0.00	342.79	201.81	2.33
161	0.00	61.00	1440.00	14400.00	72000.00	1742450.30	0.00	0.00	49.03	0.00	338.16	200.11	2.30
162	0.00	62.00	1440.00	14400.00	72000.00	1742450.30	0.00	0.00	49.03	0.00	338.58	199.73	2.32
163	0.00	63.00	1440.00	14400.00	72000.00	1742450.30	0.00	0.00	49.03	0.00	333.20	198.04	2.29
164	0.00	64.00	1440.00	14400.00	72000.00	1742450.30	0.00	0.00	49.03	0.00	332.34	197.45	2.28
165	0.00	65.00	1440.00	14400.00	72000.00	1742450.30	0.00	0.00	49.03	0.00	327.23	196.30	2.25
166	0.00	66.00	1440.00	14400.00	72000.00	1742450.30	0.00	0.00	49.03	0.00	322.27	196.33	2.21
167	0.00	67.00	1440.00	14400.00	72000.00	1742450.30	0.00	0.00	49.03	0.00	319.29	195.16	2.18
168	0.00	68.00	1440.00	14400.00	72000.00	1742450.30	0.00	0.00	49.03	0.00	323.90	201.05	2.18
169	0.00	69.00	1440.00	14400.00	72000.00	1742450.30	0.00	0.00	49.03	0.00	320.14	199.20	2.14
170	0.00	70.00	1440.00	14400.00	72000.00	1742450.30	0.00	0.00	49.03	0.00	316.50	198.03	2.13
171	0.00	71.00	1440.00	14400.00	72000.00	1742450.30	0.00	0.00	49.03	0.00	317.72	204.83	2.15
172	0.00	72.00	1440.00	14400.00	72000.00	1742450.30	0.00	0.00	49.03	0.00	321.55	205.10	2.14
173	0.00	73.00	1440.00	14400.00	72000.00	1742450.30	0.00	0.00	49.03	0.00	317.53	203.39	2.11
174	0.00	74.00	1440.00	14400.00	72000.00	1742450.30	0.00	0.00	49.03	0.00	314.57	201.92	2.08
175	0.00	25.00	1440.00	14400.00	72000.00	1742450.30	0.00	0.00	49.03	0.00	100.16	99.26	0.44
176	0.00	26.00	1440.00	14400.00	72000.00	1742450.30	0.00	0.00	49.03	0.00	96.30	97.82	0.42
177	0.00	27.00	1440.00	14400.00	72000.00	1742450.30	0.00	0.00	49.03	0.00	119.82	99.59	0.48
178	0.00	28.00	1440.00	14400.00	72000.00	1742450.30	0.00	0.00	49.03	0.00	115.55	99.00	0.46
179	0.00	29.00	1440.00	14400.00	72000.00	1742450.30	0.00	0.00	49.03	0.00	126.56	114.66	0.52
180	0.00	30.00	1440.00	14400.00	72000.00	1742450.30	0.00	0.00	49.03	0.00	138.73	115.43	0.53
181	0.00	31.00	1440.00	14400.00	72000.00	1742450.30	0.00	0.00	49.03	0.00	138.72	115.10	0.55
182	0.00	32.00	1440.00	14400.00	72000.00	1742450.30	0.00	0.00	49.03	0.00	139.52	115.66	0.59
183	0.00	33.00	1440.00	14400.00	72000.00	1742450.30	0.00	0.00	49.03	0.00	136.70	114.44	0.58
184	0.00	34.00	1440.00	14400.00	72000.00	1742450.30	0.00	0.00	49.03	0.00	137.52	113.17	0.59
185	0.00	35.00	1440.00	14400.00	72000.00	1742450.30	0.00	0.00	49.03	0.00	150.74	113.42	0.66
186	0.00	36.00	1440.00	14400.00	72000.00	1742450.30	0.00	0.00	49.03	0.00	167.50	129.87	0.78
187	0.00	37.00	1440.00	14400.00	72000.00	1742450.30	0.00	0.00	49.03	0.00	171.11	129.42	0.78
188	0.00	38.00	1440.00	14400.00	72000.00	1742450.30	0.00	0.00	49.03	0.00	191.63	140.30	0.87
189	0.00	39.00	1440.00	14400.00	72000.00	1742450.30	0.00	0.00	49.03	0.00	197.02	141.65	0.92
190	0.00	40.00	1440.00	14400.00	72000.00	1742450.30	0.00	0.00	49.03	0.00	192.09	140.18	0.90
191	0.00	41.00	1440.00	14400.00	72000.00	1742450.30	0.00	0.00	49.03	0.00	195.26	142.77	0.93
192	0.00	42.00	1440.00	14400.00	72000.00	1742450.30	0.00	0.00	49.03	0.00	210.07	147.01	1.05
193	0.00	43.00	1440.00	14400.00	72000.00	1742450.30	0.00	0.00	49.03	0.00	205.19	146.04	1.02
194	0.00	44.00	1440.00	14400.00	72000.00	1742450.30	0.00	0.00	49.03	0.00	200.52	144.82	1.00
195	0.00	45.00	1440.00	14400.00	72000.00	1742450.30	0.00	0.00	49.03	0.00	199.33	144.27	1.02
196	0.00	46.00	1440.00	14400.00	72000.00	1742450.30	0.00	0.00	49.03	0.00	200.00	142.53	1.02
197	0.00	47.00	1440.00	14400.00	72000.00	1742450.30	0.00	0.00	49.03	0.00	208.52	142.12	1.06
198	0.00	48.00	1440.00	14400.00	72000.00	1742450.30	0.00	0.00	49.03	0.00	204.17	140.48	1.04
199	0.00	49.00	1440.00	14400.00	72000.00	1742450.30	0.00	0.00	49.03	0.00	200.00	139.01	1.02
200	0.00	50.00	1440.00	14400.00	72000.00	1742450.30	0.00	0.00	49.03	0.00	204.64	140.02	1.08
201	0.00	51.00	1728.00	17280.00	86400.00	1883656.70	0.00	0.00	49.03	0.00	200.63	138.44	1.06
202	0.00	52.00	1728.00	17280.00	86400.00	1883656.70	0.00	0.00	49.03	0.00	197.93	137.93	1.04
203	0.00	53.00	1728.00	17280.00	86400.00	1883656.70	0.00	0.00	49.03	0.00	206.05	139.09	1.06
204	0.00	54.00	1728.00	17280.00	86400.00	1882101.50	0.00	0.00	48.94	0.00	202.23	137.42	1.04
205	0.00	55.00	1728.00	17280.00	86400.00	1786818.80	0.00	0.00	45.53	0.00	198.56	135.75	1.02
206	0.00	56.00	1728.00	17280.00	86400.00	1786818.80	0.00	0.00	45.53	0.00	201.14	139.32	1.05
207	0.00	57.00	1728.00	17280.00	86400.00	1786818.80	0.00	0.00	45.53	0.00	219.34	144.15	1.18
208	0.00	58.00	1728.00	17280.00	86400.00	1786818.80	0.00	0.00	45.53	0.00	222.51	155.13	1.22
209	0.00	59.00	1728.00	17280.00	86400.00	1786818.80	0.00	0.00	45.53	0.00	218.74	153.37	1.20
210	0.00	60.00	1728.00	17280.00	86400.00	1786818.80	0.00	0.00	45.53	0.00	215.09	151.79	1.18
211	0.00	61.00	1728.00	17280.00	86400.00	1786818.80	0.00	0.00	45.53	0.00	223.04	160.53	1.21
212	0.00	62.00	1728.00	17280.00	86400.00	1786818.80	0.00	0.00	45.53	0.00	219.44	160.08	1.21
213	0.00	63.00	1728.00	17280.00	86400.00	1786818.80	0.00	0.00	45.53	0.00	216.49	159.32	1.19
214	0.00	64.00	1728.00	17280.00	86400.00	1786818.80	0.00	0.00	45.53	0.00	224.12	158.97	1.23
215	0.00	65.00	1728.00	17280.00	86400.00	1786818.80	0.00	0.00	45.53	0.00	220.67	158.49	1.22
216	0.00	66.00	1728.00	17280.00	86400.00	1786818.80	0.00	0.00	45.53	0.00	239.54	160.50	1.32
217	0.00	67.00	1728.00	17280.00	86400.00	1786818.80	0.00	0.00	45.53	0.00	235.97	158.82	1.30
218	0.00	68.00	1728.00	17280.00	86400.00	1786818.80	0.00	0.00	45.53	0.00	237.85	163.25	1.34
219	0.00	69.00	1728.00	17280.00	86400.00	1786818.80	0.00	0.00	45.53	0.00	234.40	162.49	1.32
220	0.00	70.00	1728.00	17280.00	86400.00	1786818.80	0.00	0.00	45.53	0.00	231.05	161.31	1.30
221	0.00	71.00	1728.00	17280.00	86400.00	1786818.80	0.00	0.00	45.53	0.00	227.80	160.06	1.28
222	0.00	72.00	1728.00	17280.00	86400.00	1786818.80	0.00	0.00	45.53	0.00	229.04	160.03	1.29
223	0.00	73.00	1728.00	17280.00	86400.00	1786818.80	0.00	0.00	45.53	0.00	226.60	160.41	1.29
224	0.00	74.00	1728.00	17280.00	86400.00	1786818.80	0.00	0.00	45.53	0.00	223.53	159.13	1.27
225	0.00	25.00	1728.00	17280.00	86400.00	1786818.80	0.00	0.00	45.53	0.00	25.95	68.06	0.08
226	0.00	26.00	1728.00	17280.00	86400.00	1786818.80	0.00	0.00	45.53	0.00	28.66	73.04	0.08
227	0.00	27.00	1728.00	17280.00	86400.00	1786818.80	0.00	0.00	45.53	0.00	39.52	79.82	0.15
228	0.00	28.00	1728.00	17280.00	86400.00	1786818.80	0.00	0.00	45.53	0.00	55.09	83.36	0.29
229	0.00	29.00	1728.00	17280.00	86400.00	1786818.80	0.00	0.00	45.53	0.00	57.96	85.04	0.31
230	0.00	30.00	1728.00	17280.00	86400.00	1786818.80	0.00	0.00	45.53	0.00	56.03	85.37	0.30
231	0.00	31.00	1728.00	17280.00	86400.00	1786818.80	0.00	0.00	45.53	0.00	54.22	85.13	0.29
232	0.00	32.00	1728.00	17280.00	86400.00	1786818.80	0.00	0.00	45.53	0.00	52.52	84.29	0.28
233	0.00	33.00	1728.00	17280.00	86400.00	1786818.80	0.00	0.00	45.53	0.00	51.91	83.67	0.27
234	0.00	34.00	1728.00	17280.00	86400.00	1786818.80	0.00	0.00	45.53	0.00	83.88	87.62	0.44
235	0.00	35.00	1728.00	17280.00	86400.00	1786818.80	0.00	0.00	45.53	0.00	81.48	87.35	0.43
236	0.00	36.00	1728.00	17280.00	86400.00	1786818.80	0.00	0.00	45.53	0.00	98.04	106.41	0.56
237	0.00	37.00	1728.00	17280.00	86400.00	1786818.80	0.00	0.00	45.53	0.00	126.17	109.40	0.70
238	0.00	38.00	1728.00	17280.00	86400.00	1786818.80	0.00	0.00	45.53	0.00	122.85	109.77	0.68
239	0.00	39.00	1728.00	17280.00	86400.00	1786818.80	0.00	0.00	45.53	0.00	119.70	110.20	0.67
240	0.00	40.00	1728.00	17280.00	86400.00	1786818.80	0.00	0.00	45.53	0.00	116.70	108.63	0.65
241	0.00	41.00	1728.00	17280.00	86400.00	1786818.80	0.00	0.00	45.53	0.00	113.86	107.86	0.63
242	0.00	42.00	1728.00	17280.00	86400.00	1786818.80	0.00	0.00	45.53	0.00	111.15	106.88	0.62
243	0.00	43.00	1728.00	17280.00	86400.00	1786818.80	0.00	0.00	45.53	0.00	112.52	107.05	0.60
244	0.00	44.00	1728.00	17280.00	86400.00	1786818.80	0.00	0.00	45.53	0.00	115.19	105.83	0.61
245	0.00	45.00	1728.00	17280.00	86400.00	1786818.80	0.00	0.00	45.53	0.00	112.93	105.29	0.60
246	0.00	46.00	1728.00	17280.00	86400.00	1786818.80	0.00	0.00	45.53	0.00	114.48	105.02	0.59
247	0.00	47.00	1728.00	17280.00	86400.00	1786818.80	0.00	0.00	45.53	0.00	120.55	108.82	0.64
248	0.00	48.00	1728.00	17280.00	86400.00	1786818.80	0.00	0.00	45.53	0.00	120.29	108.84	0.65
249	0.00	49.00	1728.00	17280.00	86400.00	1786818.80	0.00	0.00	45.53	0.00	121.31	109.18	0.63
250	0.00	50.00	1728.00	17280.00	86400.00	1786818.80	0.00	0.00	45.53	0.00	118.88	109.18	0.62
251	0.00	51.00	1728.00	17280.00	86400.00	1786818.80	0.00	0.00	45.53	0.00	116.55	108.13	0.61
252	0.00	52.00	1728.00	17280.00	86400.00	1625554.46	0.00	0.00	37.46	0.00	114.31	106.77	0.60
253	0.00	53.00	1728.00	17280.00	86400.00	1625554.46	0.00	0.00	37.46	0.00	112.76	106.01	0.58
254	0.00	54.00	1728.00	17280.00	86400.00	1625554.46	0.00	0.00	37.46	0.00	123.22	120.64	0.67
255	0.00	55.00	1728.00	17280.00	86400.00	1625554.46	0.00	0.00	37.46	0.00	130.84	128.82	0.73
256	0.00	56.00	1728.00	17280.00	86400.00	1625554.46	0.00	0.00	37.46	0.00	128.51	128.02	0.71
257	0.00	57.00	1728.00	17280.00	86400.00	1625554.46	0.00	0.00	37.46	0.00	129.18	127.30	0.70
258	0.00	58.00	1728.00	17280.00	86400.00	1625554.46	0.00	0.00	37.46	0.00	129.34	126.90	0.71
259	0.00	59.00	1728.00	17280.00	86400.00	1625554.46	0.00	0.00	37.46	0.00	130.03	126.67	0.69
260	0.00	60.00	1728.00	17280.00	86400.00	1625554.46	0.00	0.00	37.46	0.00	127.86	125.92	0.68
261	0.00	61.00	1728.00	17280.00	86400.00	1625554.46	0.00	0.00	37.46	0.00	125.77	125.66	0.67
262	0.00	62.00	1728.00	17280.00	86400.00	1625554.46	0.00	0.00	37.46	0.00	123.74	124.58	0.66
263	0.00	63.00	1728.00	17280.00	86400.00	1625554.46	0.00	0.00	37.46	0.00	129.25	124.91	0.71
264	0.00	64.00	1728.00	17280.00	86400.00	1625554.46	0.00	0.00	37.46	0.00	127.23	124.07	0.70
265	0.00	65.00	1728.00	17280.00	86400.00	1625554.46	0.00	0.00	37.46	0.00	125.27	123.56	0.69
266	0.00	66.00	1728.00	17280.00	86400.00	1625554.46	0.00	0.00	37.46	0.00	126.00	123.10	0.68
267	0.00	67.00	1728.00	17280.00	86400.00	1625554.46	0.00	0.00	37.46	0.00	128.26	125.38	0.70
268	0.00	68.00	1728.00	17280.00	86400.00	1625554.46	0.00	0.00	37.46	0.00	126.85	125.87	0.69
269	0.00	69.00	1728.00	17280.00	86400.00	1625554.46	0.00	0.00	37.46	0.00	127.38	126.15	0.68
270	0.00	70.00	1728.00	17280.00	86400.00	1625554.46	0.00	0.00	37.46	0.00	125.56	125.67	0.67
271	0.00	71.00	1728.00	17280.00	86400.00	1625554.46	0.00	0.00	37.46	0.00	123.79	125.44	0.66
272	0.00	72.00	1728.00	17280.00	86400.00	1625554.46	0.00	0.00	37.46	0.00	125.18	125.98	0.67
273	0.00	73.00	1728.00	17280.00	86400.00	1625554.46	0.00	0.00	37.46	0.00	123.46	125.42	0.66
274	0.00	74.00	1728.00	17280.00	86400.00	1625554.46	0.00	0.00	37.46	0.00	126.70	125.42	0.68
275	0.00	25.00	1728.00	17280.00	86400.00	1625554.46	0.00	0.00	37.46	0.00	13.29	59.89	0.04
276	0.00	26.00	1728.00	17280.00	86400.00	1625554.46	0.00	0.00	37.46	0.00	12.78	59.90	0.04
277	0.00	27.00	1728.00	17280.00	86400.00	1625554.46	0.00	0.00	37.46	0.00	13.50	61.26	0.04
278	0.00	28.00	1728.00	17280.00	86400.00	1625554.46	0.00	0.00	37.46	0.00	13.02	62.96	0.04
279	0.00	29.00	1728.00	17280.00	86400.00	1625554.46	0.00	0.00	37.46	0.00	31.62	86.15	0.14
280	0.00	30.00	1728.00	17280.00	86400.00	1625554.46	0.00	0.00	37.46	0.00	41.29	94.76	0.20
281	0.00	31.00	1728.00	17280.00	86400.00	1625554.46	0.00	0.00	37.46	0.00	41.18	94.22	0.19
282	0.00	32.00	1728.00	17280.00	86400.00	1625554.46	0.00	0.00	37.46	0.00	40.90	94.46	0.19
283	0.00	33.00	1728.00	17280.00	86400.00	1625554.46	0.00	0.00	37.46	0.00	43.86	95.27	0.21
284	0.00	34.00	1728.00	17280.00	86400.00	1625554.46	0.00	0.00	37.46	0.00	42.57	93.56	0.21
285	0.00	35.00	1728.00	17280.00	86400.00	1625554.46	0.00	0.00	37.46	0.00	47.92	95.93	0.23
286	0.00	36.00	1728.00	17280.00	86400.00	1625554.46	0.00	0.00	37.46	0.00	46.59	96.24	0.22
287	0.00	37.00	1728.00	17280.00	86400.00	1625554.46	0.00	0.00	37.46	0.00	46.61	97.63	0.24
288	0.00	38.00	1728.00	17280.00	86400.00	1625554.46	0.00	0.00	37.46	0.00	50.39	99.19	0.24
289	0.00	39.00	1728.00	17280.00	86400.00	1625554.46	0.00	0.00	37.46	0.00	49.10	98.00	0.23
290	0.00	40.00	1728.00	17280.00	86400.00	1625554.46	0.00	0.00	37.46	0.00	76.34	99.14	0.38
291	0.00	41.00	1728.00	17280.00	86400.00	1625554.46	0.00	0.00	37.46	0.00	86.97	100.10	0.44
292	0.00	42.00	1728.00	17280.00	86400.00	1625554.46	0.00	0.00	37.46	0.00	112.01	101.02	0.57
293	0.00	43.00	1728.00	17280.00	86400.00	1615975.52	0.00	0.00	33.96	0.00	109.41	99.46	0.56
294	0.00	44.00	1728.00	17280.00	86400.00	1615975.52	0.00	0.00	33.96	0.00	114.51	99.79	0.59
295	0.00	45.00	1728.00	17280.00	86400.00	1615975.52	0.00	0.00	33.96	0.00	117.81	103.25	0.60
296	0.00	46.00	1728.00	17280.00	86400.00	1615975.52	0.00	0.00	33.96	0.00	128.97	104.05	0.63
297	0.00	47.00	1728.00	17280.00	86400.00	1615975.52	0.00	0.00	33.96	0.00	137.98	112.63	0.68
298	0.00	48.00	1728.00	17280.00	86400.00	1615975.52	0.00	0.00	33.96	0.00	136.77	113.28	0.69
299	0.00	49.00	1728.00	17280.00	86400.00	1615975.52	0.00	0.00	33.96	0.00	140.18	117.32	0.71
300	0.00	50.00	1728.00	17280.00	86400.00	1615975.52	0.00	0.00	33.96	0.00	137.37	117.19	0.70
301	0.00	51.00	2073.60	20736.00	103680.00	1733341.28	0.00	0.00	33.96	0.00	135.13	116.20	0.71
302	0.00	52.00	2073.60	20736.00	103680.00	1733341.28	0.00	0.00	33.96	0.00	156.58	120.05	0.85
303	0.00	53.00	2073.60	20736.00	103680.00	1733341.28	0.00	0.00	33.96	0.00	153.62	118.66	0.83
304	0.00	54.00	2073.60	20736.00	103680.00	1733341.28	0.00	0.00	33.96	0.00	154.17	119.19	0.87
305	0.00	55.00	2073.60	20736.00	103680.00	1733341.28	0.00	0.00	33.96	0.00	151.37	117.83	0.85
306	0.00	56.00	2073.60	20736.00	103680.00	1733341.28	0.00	0.00	33.96	0.00	148.67	117.40	0.84
307	0.00	57.00	2073.60	20736.00	103680.00	1733341.28	0.00	0.00	33.96	0.00	146.06	116.46	0.82
308	0.00	58.00	2073.60	20736.00	103680.00	1733341.28	0.00	0.00	33.96	0.00	144.81	116.61	0.81
309	0.00	59.00	2073.60	20736.00	103680.00	1733341.28	0.00	0.00	33.96	0.00	142.36	116.29	0.80
310	0.00	60.00	2073.60	20736.00	103680.00	1733341.28	0.00	0.00	33.96	0.00	139.99	115.73	0.78
311	0.00	61.00	2073.60	20736.00	103680.00	1733341.28	0.00	0.00	33.96	0.00	148.57	116.15	0.80
312	0.00	62.00	2073.60	20736.00	103680.00	1733341.28	0.00	0.00	33.96	0.00	146.17	115.56	0.79
313	0.00	63.00	2073.60	20736.00	103680.00	1733341.28	0.00	0.00	33.96	0.00	143.85	114.51	0.78
314	0.00	64.00	2073.60	20736.00	103680.00	1733341.28	0.00	0.00	33.96	0.00	142.76	114.39	0.77
315	0.00	65.00	2073.60	20736.00	103680.00	1733341.28	0.00	0.00	33.96	0.00	140.56	113.46	0.75
316	0.00	66.00	2073.60	20736.00	103680.00	1733341.28	0.00	0.00	33.96	0.00	138.43	112.50	0.74
317	0.00	67.00	2073.60	20736.00	103680.00	1733341.28	0.00	0.00	33.96	0.00	136.37	111.70	0.73
318	0.00	68.00	2073.60	20736.00	103680.00	1733341.28	0.00	0.00	33.96	0.00	134.36	111.17	0.72
319	0.00	69.00	2073.60	20736.00	103680.00	1733341.28	0.00	0.00	33.96	0.00	132.42	110.66	0.71
320	0.00	70.00	2073.60	20736.00	103680.00	1733341.28	0.00	0.00	33.96	0.00	130.52	111.02	0.70
321	0.00	71.00	2073.60	20736.00	103680.00	1733341.28	0.00	0.00	33.96	0.00	129.17	110.93	0.69
322	0.00	72.00	2073.60	20736.00	103680.00	1733341.28	0.00	0.00	33.96	0.00	127.82	110.13	0.68
323	0.00	73.00	2073.60	20736.00	103680.00	1733341.28	0.00	0.00	33.96	0.00	126.07	109.78	0.68
324	0.00	74.00	2073.60	20736.00	103680.00	1733341.28	0.00	0.00	33.96	0.00	124.81	109.15	0.68
325	0.00	25.00	2073.60	20736.00	103680.00	1733341.28	0.00	0.00	33.96	0.00	13.29	55.09	0.04
326	0.00	26.00	2073.60	20736.00	103680.00	1733341.28	0.00	0.00	33.96	0.00	12.78	57.43	0.04
327	0.00	27.00	2073.60	20736.00	103680.00	1733341.28	0.00	0.00	33.96	0.00	29.42	63.57	0.07
328	0.00	28.00	2073.60	20736.00	103680.00	1733341.28	0.00	0.00	33.96	0.00	28.37	62.68	0.07
329	0.00	29.00	2073.60	20736.00	103680.00	1733341.28	0.00	0.00	33.96	0.00	38.49	64.39	0.14
330	0.00	30.00	2073.60	20736.00	103680.00	1733341.28	0.00	0.00	33.96	0.00	37.67	64.95	0.13
331	0.00	31.00	2073.60	20736.00	103680.00	1733341.28	0.00	0.00	33.96	0.00	58.57	69.06	0.23
332	0.00	32.00	2073.60	20736.00	103680.00	1733341.28	0.00	0.00	33.96	0.00	56.74	76.72	0.22
333	0.00	33.00	2073.60	20736.00	103680.00	1733341.28	0.00	0.00	33.96	0.00	55.02	76.13	0.21
334	0.00	34.00	2073.60	20736.00	103680.00	1733341.28	0.00	0.00	33.96	0.00	59.22	77.38	0.24
335	0.00	35.00	2073.60	20736.00	103680.00	1733341.28	0.00	0.00	33.96	0.00	57.52	78.11	0.23
336	0.00	36.00	2073.60	20736.00	103680.00	1733341.28	0.00	0.00	33.96	0.00	56.82	77.74	0.22
337	0.00	37.00	2073.60	20736.00	103680.00	1733341.28	0.00	0.00	33.96	0.00	56.16	77.21	0.22
338	0.00	38.00	2073.60	20736.00	103680.00	1733341.28	0.00	0.00	33.96	0.00	54.68	76.89	0.21
339	0.00	39.00	2073.60	20736.00	103680.00	1733341.28	0.00	0.00	33.96	0.00	53.28	78.75	0.21
340	0.00	40.00	2073.60	20736.00	103680.00	1733341.28	0.00	0.00	33.96	0.00	78.88	85.10	0.30
341	0.00	41.00	2073.60	20736.00	103680.00	1733341.28	0.00	0.00	33.96	0.00	76.96	84.85	0.29
342	0.00	42.00	2073.60	20736.00	103680.00	1733341.28	0.00	0.00	33.96	0.00	76.94	86.33	0.29
343	0.00	43.00	2073.60	20736.00	103680.00	1733341.28	0.00	0.00	33.96	0.00	75.15	85.74	0.28
344	0.00	44.00	2073.60	20736.00	103680.00	1733341.28	0.00	0.00	33.96	0.00	73.44	84.92	0.27
345	0.00	45.00	2073.60	20736.00	103680.00	1733341.28	0.00	0.00	33.96	0.00	76.29	91.00	0.27
346	0.00	46.00	2073.60	20736.00	103680.00	1733341.28	0.00	0.00	33.96	0.00	74.63	89.90	0.26
347	0.00	47.00	2073.60	20736.00	103680.00	1687416.86	0.00	0.00	34.20	0.00	73.04	88.71	0.26
348	0.00	48.00	2073.60	20736.00	103680.00	1687416.86	0.00	0.00	34.20	0.00	72.20	87.90	0.25
349	0.00	49.00	2073.60	20736.00	103680.00	1687416.86	0.00	0.00	34.20	0.00	70.72	87.78	0.24
350	0.00	50.00	2073.60	20736.00	103680.00	1687416.86	0.00	0.00	34.20	0.00	69.31	86.88	0.24
351	0.00	51.00	2073.60	20736.00	103680.00	1687416.86	0.00	0.00	34.20	0.00	67.95	85.93	0.24
352	0.00	52.00	2073.60	20736.00	103680.00	1687416.86	0.00	0.00	34.20	0.00	69.72	86.48	0.25
353	0.00	53.00	2073.60	20736.00	103680.00	1687416.86	0.00	0.00	34.20	0.00	76.00	92.50	0.32
354	0.00	54.00	2073.60	20736.00	103680.00	1687416.86	0.00	0.00	34.20	0.00	87.14	107.64	0.41
355	0.00	55.00	2073.60	20736.00	103680.00	1687416.86	0.00	0.00	34.20	0.00	94.46	108.85	0.47
356	0.00	56.00	2073.60	20736.00	103680.00	1687416.86	0.00	0.00	34.20	0.00	96.31	107.73	0.48
357	0.00	57.00	2073.60	20736.00	103680.00	1687416.86	0.00	0.00	34.20	0.00	94.62	106.97	0.47
358	0.00	58.00	2073.60	20736.00	103680.00	1687416.86	0.00	0.00	34.20	0.00	92.99	107.01	0.47
359	0.00	59.00	2073.60	20736.00	103680.00	1687416.86	0.00	0.00	34.20	0.00	102.91	108.13	0.51
360	0.00	60.00	2073.60	20736.00	103680.00	1687416.86	0.00	0.00	34.20	0.00	101.20	110.46	0.50
361	0.00	61.00	2073.60	20736.00	103680.00	1687416.86	0.00	0.00	34.20	0.00	99.54	109.38	0.49
362	0.00	62.00	2073.60	20736.00	103680.00	1687416.86	0.00	0.00	34.20	0.00	103.25	112.09	0.53
363	0.00	63.00	2073.60	20736.00	103680.00	1687416.86	0.00	0.00	34.20	0.00	101.61	111.35	0.52
364	0.00	64.00	2073.60	20736.00	103680.00	1687416.86	0.00	0.00	34.20	0.00	100.02	110.18	0.52
365	0.00	65.00	2073.60	20736.00	103680.00	1687416.86	0.00	0.00	34.20	0.00	98.48	109.67	0.51
366	0.00	66.00	2073.60	20736.00	103680.00	1687416.86	0.00	0.00	34.20	0.00	102.80	109.35	0.52
367	0.00	67.00	2073.60	20736.00	103680.00	1687416.86	0.00	0.00	34.20	0.00	101.75	108.27	0.51
368	0.00	68.00	2073.60	20736.00	103680.00	1687416.86	0.00	0.00	34.20	0.00	100.25	108.61	0.50
369	0.00	69.00	2073.60	20736.00	103680.00	1687416.86	0.00	0.00	34.20	0.00	98.80	107.57	0.49
370	0.00	70.00	2073.60	20736.00	103680.00	1687416.86	0.00	0.00	34.20	0.00	97.39	108.35	0.50
371	0.00	71.00	2073.60	20736.00	103680.00	1687416.86	0.00	0.00	34.20	0.00	100.46	109.09	0.52
372	0.00	72.00	2073.60	20736.00	103680.00	1687416.86	0.00	0.00	34.20	0.00	99.07	108.30	0.51
373	0.00	73.00	2073.60	20736.00	103680.00	1687416.86	0.00	0.00	34.20	0.00	97.71	107.57	0.51
374	0.00	74.00	2073.60	20736.00	103680.00	1687416.86	0.00	0.00	34.20	0.00	98.11	107.21	0.53
375	0.00	25.00	2073.60	20736.00	103680.00	1687416.86	0.00	0.00	34.20	0.00	3.87	48.47	0.00
376	0.00	26.00	2073.60	20736.00	103680.00	1687416.86	0.00	0.00	34.20	0.00	3.72	49.80	0.00
377	0.00	27.00	2073.60	20736.00	103680.00	1687416.86	0.00	0.00	34.20	0.00	3.59	54.07	0.00
378	0.00	28.00	2073.60	20736.00	103680.00	1687416.86	0.00	0.00	34.20	0.00	8.42	55.41	0.00
379	0.00	29.00	2073.60	20736.00	103680.00	1687416.86	0.00	0.00	34.20	0.00	8.12	54.92	0.00
380	0.00	30.00	2073.60	20736.00	103680.00	1687416.86	0.00	0.00	34.20	0.00	10.73	55.32	0.00
381	0.00	31.00	2073.60	20736.00	103680.00	1687416.86	0.00	0.00	34.20	0.00	12.17	56.85	0.03
382	0.00	32.00	2073.60	20736.00	103680.00	1687416.86	0.00	0.00	34.20	0.00	11.79	56.73	0.03
383	0.00	33.00	2073.60	20736.00	103680.00	1687416.86	0.00	0.00	34.20	0.00	20.58	61.46	0.06
384	0.00	34.00	2073.60	20736.00	103680.00	1687416.86	0.00	0.00	34.20	0.00	19.97	61.88	0.06
385	0.00	35.00	2073.60	20736.00	103680.00	1687416.86	0.00	0.00	34.20	0.00	26.57	79.46	0.06
386	0.00	36.00	2073.60	20736.00	103680.00	1687416.86	0.00	0.00	34.20	0.00	26.73	78.97	0.06
387	0.00	37.00	2073.60	20736.00	103680.00	1687416.86	0.00	0.00	34.20	0.00	26.01	80.14	0.05
388	0.00	38.00	2073.60	20736.00	103680.00	1687416.86	0.00	0.00	34.20	0.00	25.33	81.73	0.05
389	0.00	39.00	2073.60	20736.00	103680.00	1687416.86	0.00	0.00	34.20	0.00	26.52	80.88	0.05
390	0.00	40.00	2073.60	20736.00	103680.00	1687416.86	0.00	0.00	34.20	0.00	55.11	83.90	0.20
391	0.00	41.00	2073.60	20736.00	103680.00	1687416.86	0.00	0.00	34.20	0.00	54.55	83.41	0.20
392	0.00	42.00	2073.60	20736.00	103680.00	1687416.86	0.00	0.00	34.20	0.00	53.25	82.86	0.19
393	0.00	43.00	2073.60	20736.00	103680.00	1687416.86	0.00	0.00	34.20	0.00	66.20	83.63	0.26
394	0.00	44.00	2073.60	20736.00	103680.00	1687416.86	0.00	0.00	34.20	0.00	65.43	85.64	0.25
395	0.00	45.00	2073.60	20736.00	103680.00	1687416.86	0.00	0.00	34.20	0.00	63.97	86.18	0.24
396	0.00	46.00	2073.60	20736.00	103680.00	1687416.86	0.00	0.00	34.20	0.00	65.67	87.70	0.24
397	0.00	47.00	2073.60	20736.00	103680.00	1687416.86	0.00	0.00	34.20	0.00	77.12	89.61	0.30
398	0.00	48.00	2073.60	20736.00	103680.00	1687416.86	0.00	0.00	34.20	0.00	75.52	88.50	0.29
399	0.00	49.00	2073.60	20736.00	103680.00	1687416.86	0.00	0.00	34.20	0.00	73.97	87.67	0.29
400	0.00	50.00	2073.60	20736.00	103680.00	1687416.86	0.00	0.00	34.20	0.00	89.22	92.93	0.36
401	0.00	51.00	2488.32	24883.20	124416.00	1829251.10	0.00	0.00	34.20	0.00	87.47	92.14	0.35
402	0.00	52.00	2488.32	24883.20	124416.00	1829251.10	0.00	0.00	34.20	0.00	91.17	93.07	0.35
403	0.00	53.00	2488.32	24883.20	124416.00	1829251.10	0.00	0.00	34.20	0.00	96.50	93.56	0.36
404	0.00	54.00	2488.32	24883.20	124416.00	1829251.10	0.00	0.00	34.20	0.00	103.60	95.78	0.39
405	0.00	55.00	2488.32	24883.20	124416.00	1829251.10	0.00	0.00	34.20	0.00	101.72	94.80	0.38
406	0.00	56.00	2488.32	24883.20	124416.00	1829251.10	0.00	0.00	34.20	0.00	114.21	96.04	0.45
407	0.00	57.00	2488.32	24883.20	124416.00	1829251.10	0.00	0.00	34.20	0.00	117.39	96.28	0.44
408	0.00	58.00	2488.32	24883.20	124416.00	1829251.10	0.00	0.00	34.20	0.00	139.32	101.29	0.55
409	0.00	59.00	2488.32	24883.20	124416.00	1829251.10	0.00	0.00	34.20	0.00	136.96	101.39	0.56
410	0.00	60.00	2488.32	24883.20	124416.00	1829251.10	0.00	0.00	34.20	0.00	136.11	100.79	0.55
411	0.00	61.00	2488.32	24883.20	124416.00	1829251.10	0.00	0.00	34.20	0.00	137.34	100.20	0.54
412	0.00	62.00	2488.32	24883.20	124416.00	1829251.10	0.00	0.00	34.20	0.00	135.13	99.79	0.55
413	0.00	63.00	2488.32	24883.20	124416.00	1829251.10	0.00	0.00	34.20	0.00	132.98	99.27	0.56
414	0.00	64.00	2488.32	24883.20	124416.00	1829251.10	0.00	0.00	34.20	0.00	135.47	103.93	0.55
415	0.00	65.00	2488.32	24883.20	124416.00	1829251.10	0.00	0.00	34.20	0.00	134.41	107.32	0.54
416	0.00	66.00	2488.32	24883.20	124416.00	1829251.10	0.00	0.00	34.20	0.00	133.70	107.81	0.56
417	0.00	67.00	2488.32	24883.20	124416.00	1829251.10	0.00	0.00	34.20	0.00	151.49	111.96	0.61
418	0.00	68.00	2488.32	24883.20	124416.00	1829251.10	0.00	0.00	34.20	0.00	149.27	112.91	0.60
419	0.00	69.00	2488.32	24883.20	124416.00	1829251.10	0.00	0.00	34.20	0.00	147.10	113.61	0.59
420	0.00	70.00	2488.32	24883.20	124416.00	1829251.10	0.00	0.00	34.20	0.00	161.50	115.86	0.64
421	0.00	71.00	2488.32	24883.20	124416.00	1829251.10	0.00	0.00	34.20	0.00	159.23	116.09	0.63
422	0.00	72.00	2488.32	24883.20	124416.00	1829251.10	0.00	0.00	34.20	0.00	157.02	115.33	0.62
423	0.00	73.00	2488.32	24883.20	124416.00	1829251.10	0.00	0.00	34.20	0.00	157.14	115.21	0.63
424	0.00	74.00	2488.32	24883.20	124416.00	1829251.10	0.00	0.00	34.20	0.00	155.45	114.25	0.62
425	0.00	25.00	2488.32	24883.20	124416.00	1829251.10	0.00	0.00	34.20	0.00	3.87	46.94	0.00
426	0.00	26.00	2488.32	24883.20	124416.00	1829251.10	0.00	0.00	34.20	0.00	29.78	71.69	0.19
427	0.00	27.00	2488.32	24883.20	124416.00	1829251.10	0.00	0.00	34.20	0.00	56.00	82.12	0.30
428	0.00	28.00	2488.32	24883.20	124416.00	1829251.10	0.00	0.00	34.20	0.00	60.58	83.10	0.29
429	0.00	29.00	2488.32	24883.20	124416.00	1829251.10	0.00	0.00	34.20	0.00	58.49	81.66	0.28
430	0.00	30.00	2488.32	24883.20	124416.00	1829251.10	0.00	0.00	34.20	0.00	57.62	82.24	0.27
431	0.00	31.00	2488.32	24883.20	124416.00	1829251.10	0.00	0.00	34.20	0.00	68.65	102.49	0.35
432	0.00	32.00	2488.32	24883.20	124416.00	1829251.10	0.00	0.00	34.20	0.00	66.51	101.69	0.34
433	0.00	33.00	2488.32	24883.20	124416.00	1829251.10	0.00	0.00	34.20	0.00	64.49	99.77	0.33
434	0.00	34.00	2488.32	24883.20	124416.00	1829251.10	0.00	0.00	34.20	0.00	62.60	98.75	0.32
435	0.00	35.00	2488.32	24883.20	124416.00	1829251.10	0.00	0.00	34.20	0.00	85.76	103.26	0.37
436	0.00	36.00	2488.32	24883.20	124416.00	1829251.10	0.00	0.00	34.20	0.00	96.15	104.17	0.42
437	0.00	37.00	2488.32	24883.20	124416.00	1829251.10	0.00	0.00	34.20	0.00	96.00	104.79	0.41
438	0.00	38.00	2488.32	24883.20	124416.00	1829251.10	0.00	0.00	34.20	0.00	93.47	103.15	0.39
439	0.00	39.00	2488.32	24883.20	124416.00	1829251.10	0.00	0.00	34.20	0.00	91.08	102.97	0.38
440	0.00	40.00	2488.32	24883.20	124416.00	1829251.10	0.00	0.00	34.20	0.00	88.80	101.34	0.38
441	0.00	41.00	2488.32	24883.20	124416.00	1829251.10	0.00	0.00	34.20	0.00	110.25	110.73	0.44
442	0.00	42.00	2488.32	24883.20	124416.00	1829251.10	0.00	0.00	34.20	0.00	107.62	109.61	0.43
443	0.00	43.00	2488.32	24883.20	124416.00	1829251.10	0.00	0.00	34.20	0.00	105.12	109.31	0.42
444	0.00	44.00	2488.32	24883.20	124416.00	1829251.10	0.00	0.00	34.20	0.00	104.80	109.22	0.43
445	0.00	45.00	2488.32	24883.20	124416.00	1829251.10	0.00	0.00	34.20	0.00	104.89	110.49	0.42
446	0.00	46.00	2488.32	24883.20	124416.00	1829251.10	0.00	0.00	34.20	0.00	105.62	109.05	0.41
447	0.00	47.00	2488.32	24883.20	124416.00	1829251.10	0.00	0.00	34.20	0.00	103.38	108.22	0.40
448	0.00	48.00	2488.32	24883.20	124416.00	1829251.10	0.00	0.00	34.20	0.00	104.11	108.04	0.40
449	0.00	49.00	2488.32	24883.20	124416.00	1829251.10	0.00	0.00	34.20	0.00	101.99	106.63	0.39
450	0.00	50.00	2488.32	24883.20	124416.00	1829251.10	0.00	0.00	34.20	0.00	99.95	106.10	0.38
451	0.00	51.00	2488.32	24883.20	124416.00	1829251.10	0.00	0.00	34.20	0.00	111.34	108.92	0.45
452	0.00	52.00	2488.32	24883.20	124416.00	1829251.10	0.00	0.00	34.20	0.00	109.20	107.81	0.44
453	0.00	53.00	2488.32	24883.20	124416.00	1829251.10	0.00	0.00	34.20	0.00	126.54	109.18	0.47
454	0.00	54.00	2488.32	24883.20	124416.00	1829251.10	0.00	0.00	34.20	0.00	125.05	108.68	0.46
455	0.00	55.00	2488.32	24883.20	124416.00	1829251.10	0.00	0.00	34.20	0.00	122.77	107.64	0.45
456	0.00	56.00	2488.32	24883.20	124416.00	1829251.10	0.00	0.00	34.20	0.00	120.58	106.96	0.45
457	0.00	57.00	2488.32	24883.20	124416.00	1829251.10	0.00	0.00	34.20	0.00	118.46	105.77	0.44
458	0.00	58.00	2488.32	24883.20	124416.00	1829251.10	0.00	0.00	34.20	0.00	116.42	104.83	0.43
459	0.00	59.00	2488.32	24883.20	124416.00	1829251.10	0.00	0.00	34.20	0.00	123.81	116.64	0.47
460	0.00	60.00	2488.32	24883.20	124416.00	1829251.10	0.00	0.00	34.20	0.00	124.82	116.41	0.47
461	0.00	61.00	2488.32	24883.20	124416.00	1829251.10	0.00	0.00	34.20	0.00	122.77	115.34	0.46
462	0.00	62.00	2488.32	24883.20	124416.00	1829251.10	0.00	0.00	34.20	0.00	122.25	115.54	0.45
463	0.00	63.00	2488.32	24883.20	124416.00	1829251.10	0.00	0.00	34.20	0.00	130.06	114.96	0.48
464	0.00	64.00	2488.32	24883.20	124416.00	1829251.10	0.00	0.00	34.20	0.00	131.60	116.25	0.52
465	0.00	65.00	2488.32	24883.20	124416.00	1829251.10	0.00	0.00	34.20	0.00	129.57	115.42	0.51
466	0.00	66.00	2488.32	24883.20	124416.00	1829251.10	0.00	0.00	34.20	0.00	137.05	115.24	0.52
467	0.00	67.00	2488.32	24883.20	124416.00	1829251.10	0.00	0.00	34.20	0.00	135.01	114.45	0.51
468	0.00	68.00	2488.32	24883.20	124416.00	1829251.10	0.00	0.00	34.20	0.00	133.02	113.99	0.50
469	0.00	69.00	2488.32	24883.20	124416.00	1829251.10	0.00	0.00	34.20	0.00	131.09	112.91	0.49
470	0.00	70.00	2488.32	24883.20	124416.00	1829251.10	0.00	0.00	34.20	0.00	129.22	111.84	0.49
471	0.00	71.00	2488.32	24883.20	124416.00	1829251.10	0.00	0.00	34.20	0.00	136.35	113.42	0.51
472	0.00	72.00	2488.32	24883.20	124416.00	1829251.10	0.00	0.00	34.20	0.00	134.46	112.43	0.50
473	0.00	73.00	2488.32	24883.20	124416.00	1829251.10	0.00	0.00	34.20	0.00	134.33	111.48	0.49
474	0.00	74.00	2488.32	24883.20	124416.00	1829251.10	0.00	0.00	34.20	0.00	132.51	110.53	0.49
475	0.00	25.00	2488.32	24883.20	124416.00	1829251.10	0.00	0.00	34.20	0.00	3.87	43.35	0.00
476	0.00	26.00	2488.32	24883.20	124416.00	1829251.10	0.00	0.00	34.20	0.00	3.72	43.22	0.00
477	0.00	27.00	2488.32	24883.20	124416.00	1829251.10	0.00	0.00	34.20	0.00	3.59	43.04	0.00
478	0.00	28.00	2488.32	24883.20	124416.00	1829251.10	0.00	0.00	34.20	0.00	3.46	44.15	0.00
479	0.00	29.00	2488.32	24883.20	124416.00	1829251.10	0.00	0.00	34.20	0.00	3.34	43.94	0.00
480	0.00	30.00	2488.32	24883.20	124416.00	1829251.10	0.00	0.00	34.20	0.00	3.23	43.83	0.00
481	0.00	31.00	2488.32	24883.20	124416.00	1829251.10	0.00	0.00	34.20	0.00	20.69	56.56	0.10
482	0.00	32.00	2488.32	24883.20	124416.00	1829251.10	0.00	0.00	34.20	0.00	22.79	63.36	0.19
483	0.00	33.00	2488.32	24883.20	124416.00	1829251.10	0.00	0.00	34.20	0.00	32.72	65.19	0.21
484	0.00	34.00	2488.32	24883.20	124416.00	1829251.10	0.00	0.00	34.20	0.00	31.75	64.66	0.21
485	0.00	35.00	2488.32	24883.20	124416.00	1829251.10	0.00	0.00	34.20	0.00	35.18	65.48	0.23
486	0.00	36.00	2488.32	24883.20	124416.00	1829251.10	0.00	0.00	34.20	0.00	34.21	65.22	0.22
487	0.00	37.00	2488.32	24883.20	124416.00	1829251.10	0.00	0.00	34.20	0.00	33.28	65.02	0.22
488	0.00	38.00	2488.32	24883.20	124416.00	1829251.10	0.00	0.00	34.20	0.00	32.41	64.65	0.21
489	0.00	39.00	2488.32	24883.20	124416.00	1829251.10	0.00	0.00	34.20	0.00	41.52	69.63	0.23
490	0.00	40.00	2488.32	24883.20	124416.00	1829251.10	0.00	0.00	34.20	0.00	77.90	79.78	0.40
491	0.00	41.00	2488.32	24883.20	124416.00	1829251.10	0.00	0.00	34.20	0.00	115.72	91.29	0.59
492	0.00	42.00	2488.32	24883.20	124416.00	1829251.10	0.00	0.00	34.20	0.00	112.96	89.98	0.57
493	0.00	43.00	2488.32	24883.20	124416.00	1829251.10	0.00	0.00	34.20	0.00	110.34	88.85	0.56
494	0.00	44.00	2488.32	24883.20	124416.00	1823631.26	0.00	0.00	30.37	0.00	107.83	87.52	0.55
495	0.00	45.00	2488.32	24883.20	124416.00	1823631.26	0.00	0.00	30.37	0.00	106.71	87.86	0.53
496	0.00	46.00	2488.32	24883.20	124416.00	1823631.26	0.00	0.00	30.37	0.00	104.39	87.36	0.52
497	0.00	47.00	2488.32	24883.20	124416.00	1823631.26	0.00	0.00	30.37	0.00	116.16	89.54	0.55
498	0.00	48.00	2488.32	24883.20	124416.00	1823631.26	0.00	0.00	30.37	0.00	113.74	88.40	0.54
499	0.00	49.00	2488.32	24883.20	124416.00	1823631.26	0.00	0.00	30.37	0.00	111.42	87.93	0.53
500	0.00	50.00	2488.32	24883.20	124416.00	1823631.26	0.00	0.00	30.37	0.00	117.46	88.94	0.52
501	0.00	51.00	2985.98	29859.84	149299.20	1974771.82	0.00	0.00	30.37	0.00	115.79	88.35	0.51
502	0.00	52.00	2985.98	29859.84	149299.20	1974771.82	0.00	0.00	30.37	0.00	113.56	87.65	0.50
503	0.00	53.00	2985.98	29859.84	149299.20	1974771.82	0.00	0.00	30.37	0.00	111.42	87.21	0.49
504	0.00	54.00	2985.98	29859.84	149299.20	1974771.82	0.00	0.00	30.37	0.00	112.32	86.93	0.50
505	0.00	55.00	2985.98	29859.84	149299.20	1974771.82	0.00	0.00	30.37	0.00	110.27	86.21	0.49
506	0.00	56.00	2985.98	29859.84	149299.20	1974771.82	0.00	0.00	30.37	0.00	108.31	85.40	0.48
507	0.00	57.00	2985.98	29859.84	149299.20	1974771.82	0.00	0.00	30.37	0.00	106.41	84.77	0.47
508	0.00	58.00	2985.98	29859.84	149299.20	1974771.82	0.00	0.00	30.37	0.00	104.98	85.00	0.47
509	0.00	59.00	2985.98	29859.84	149299.20	1974771.82	0.00	0.00	30.37	0.00	115.85	89.80	0.53
510	0.00	60.00	2985.98	29859.84	149299.20	1974771.82	0.00	0.00	30.37	0.00	113.92	89.32	0.52
511	0.00	61.00	2985.98	29859.84	149299.20	1974771.82	0.00	0.00	30.37	0.00	112.05	88.86	0.51
512	0.00	62.00	2985.98	29859.84	149299.20	1974771.82	0.00	0.00	30.37	0.00	110.24	88.53	0.50
513	0.00	63.00	2985.98	29859.84	149299.20	1974771.82	0.00	0.00	30.37	0.00	108.49	87.90	0.49
514	0.00	64.00	2985.98	29859.84	149299.20	1974771.82	0.00	0.00	30.37	0.00	109.36	88.69	0.48
515	0.00	65.00	2985.98	29859.84	149299.20	1974771.82	0.00	0.00	30.37	0.00	107.67	88.20	0.48
516	0.00	66.00	2985.98	29859.84	149299.20	1974771.82	0.00	0.00	30.37	0.00	106.04	87.51	0.47
517	0.00	67.00	2985.98	29859.84	149299.20	1974771.82	0.00	0.00	30.37	0.00	108.82	96.30	0.46
518	0.00	68.00	2985.98	29859.84	149299.20	1974771.82	0.00	0.00	30.37	0.00	107.22	95.44	0.46
519	0.00	69.00	2985.98	29859.84	149299.20	1974771.82	0.00	0.00	30.37	0.00	107.83	94.95	0.45
520	0.00	70.00	2985.98	29859.84	149299.20	1974771.82	0.00	0.00	30.37	0.00	106.29	94.09	0.44
521	0.00	71.00	2985.98	29859.84	149299.20	1974771.82	0.00	0.00	30.37	0.00	104.79	93.28	0.44
522	0.00	72.00	2985.98	29859.84	149299.20	1974771.82	0.00	0.00	30.37	0.00	103.34	92.56	0.43
523	0.00	73.00	2985.98	29859.84	149299.20	1974771.82	0.00	0.00	30.37	0.00	101.92	91.92	0.42
524	0.00	74.00	2985.98	29859.84	149299.20	1974771.82	0.00	0.00	30.37	0.00	100.54	91.85	0.42
525	0.00	25.00	2985.98	29859.84	149299.20	1974771.82	0.00	0.00	30.37	0.00	3.87	42.54	0.00
526	0.00	26.00	2985.98	29859.84	149299.20	1974771.82	0.00	0.00	30.37	0.00	3.72	43.17	0.00
527	0.00	27.00	2985.98	29859.84	149299.20	1974771.82	0.00	0.00	30.37	0.00	3.59	43.24	0.00
528	0.00	28.00	2985.98	29859.84	149299.20	1974771.82	0.00	0.00	30.37	0.00	3.46	44.37	0.00
529	0.00	29.00	2985.98	29859.84	149299.20	1974771.82	0.00	0.00	30.37	0.00	17.16	51.78	0.17
530	0.00	30.00	2985.98	29859.84	149299.20	1974771.82	0.00	0.00	30.37	0.00	16.59	53.56	0.17
531	0.00	31.00	2985.98	29859.84	149299.20	1974771.82	0.00	0.00	30.37	0.00	46.37	58.41	0.29
532	0.00	32.00	2985.98	29859.84	149299.20	1974771.82	0.00	0.00	30.37	0.00	44.92	57.94	0.28
533	0.00	33.00	2985.98	29859.84	149299.20	1974771.82	0.00	0.00	30.37	0.00	50.77	59.18	0.36
534	0.00	34.00	2985.98	29859.84	149299.20	1974771.82	0.00	0.00	30.37	0.00	53.00	60.29	0.35
535	0.00	35.00	2985.98	29859.84	149299.20	1974771.82	0.00	0.00	30.37	0.00	55.35	62.31	0.40
536	0.00	36.00	2985.98	29859.84	149299.20	1974771.82	0.00	0.00	30.37	0.00	74.54	72.52	0.50
537	0.00	37.00	2985.98	29859.84	149299.20	1974771.82	0.00	0.00	30.37	0.00	96.12	77.31	0.54
538	0.00	38.00	2985.98	29859.84	149299.20	1974771.82	0.00	0.00	30.37	0.00	100.15	77.41	0.55
539	0.00	39.00	2985.98	29859.84	149299.20	1974771.82	0.00	0.00	30.37	0.00	97.58	76.51	0.54
540	0.00	40.00	2985.98	29859.84	149299.20	1974771.82	0.00	0.00	30.37	0.00	95.14	75.88	0.53
541	0.00	41.00	2985.98	29859.84	149299.20	1974771.82	0.00	0.00	30.37	0.00	95.22	79.20	0.59
542	0.00	42.00	2985.98	29859.84	149299.20	1974771.82	0.00	0.00	30.37	0.00	108.73	81.21	0.64
543	0.00	43.00	2985.98	29859.84	149299.20	1974771.82	0.00	0.00	30.37	0.00	107.58	81.60	0.65
544	0.00	44.00	2985.98	29859.84	149299.20	1974771.82	0.00	0.00	30.37	0.00	105.13	81.09	0.64
545	0.00	45.00	2985.98	29859.84	149299.20	1974771.82	0.00	0.00	30.37	0.00	102.80	80.57	0.62
546	0.00	46.00	2985.98	29859.84	149299.20	1974771.82	0.00	0.00	30.37	0.00	100.74	79.86	0.61
547	0.00	47.00	2985.98	29859.84	149299.20	1974771.82	0.00	0.00	30.37	0.00	110.89	83.31	0.64
548	0.00	48.00	2985.98	29859.84	149299.20	1974771.82	0.00	0.00	30.37	0.00	109.26	82.41	0.62
549	0.00	49.00	2985.98	29859.84	149299.20	1974771.82	0.00	0.00	30.37	0.00	107.03	82.58	0.61
550	0.00	50.00	2985.98	29859.84	149299.20	1974771.82	0.00	0.00	30.37	0.00	107.61	83.95	0.62
551	0.00	51.00	2985.98	29859.84	149299.20	1974771.82	0.00	0.00	30.37	0.00	128.93	88.31	0.73
552	0.00	52.00	2985.98	29859.84	149299.20	1974771.82	0.00	0.00	30.37	0.00	133.24	89.79	0.73
553	0.00	53.00	2985.98	29859.84	149299.20	1974771.82	0.00	0.00	30.37	0.00	130.73	89.07	0.72
554	0.00	54.00	2985.98	29859.84	149299.20	1974771.82	0.00	0.00	30.37	0.00	131.35	88.54	0.72
555	0.00	55.00	2985.98	29859.84	149299.20	1957804.80	0.00	0.00	30.37	0.00	128.97	87.49	0.71
556	0.00	56.00	2985.98	29859.84	149299.20	1957804.80	0.00	0.00	30.37	0.00	144.33	91.71	0.77
557	0.00	57.00	2985.98	29859.84	149299.20	1957804.80	0.00	0.00	30.37	0.00	141.80	90.63	0.75
558	0.00	58.00	2985.98	29859.84	149299.20	1740376.94	0.00	0.00	23.20	0.00	139.35	89.47	0.74
559	0.00	59.00	2985.98	29859.84	149299.20	1740376.94	0.00	0.00	23.20	0.00	136.99	88.86	0.73
560	0.00	60.00	2985.98	29859.84	149299.20	1740376.94	0.00	0.00	23.20	0.00	134.71	88.34	0.72
561	0.00	61.00	2985.98	29859.84	149299.20	1740376.94	0.00	0.00	23.20	0.00	138.00	88.82	0.70
562	0.00	62.00	2985.98	29859.84	149299.20	1740376.94	0.00	0.00	23.20	0.00	145.27	90.13	0.73
563	0.00	63.00	2985.98	29859.84	149299.20	1740376.94	0.00	0.00	23.20	0.00	150.59	90.78	0.76
564	0.00	64.00	2985.98	29859.84	149299.20	1740376.94	0.00	0.00	23.20	0.00	150.08	89.96	0.75
565	0.00	65.00	2985.98	29859.84	149299.20	1740376.94	0.00	0.00	23.20	0.00	156.25	93.05	0.83
566	0.00	66.00	2985.98	29859.84	149299.20	1740376.94	0.00	0.00	23.20	0.00	167.19	98.07	0.89
567	0.00	67.00	2985.98	29859.84	149299.20	1740376.94	0.00	0.00	23.20	0.00	164.70	97.21	0.88
568	0.00	68.00	2985.98	29859.84	149299.20	1740376.94	0.00	0.00	23.20	0.00	163.73	96.85	0.87
569	0.00	69.00	2985.98	29859.84	149299.20	1740376.94	0.00	0.00	23.20	0.00	178.34	98.34	0.94
570	0.00	70.00	2985.98	29859.84	149299.20	1740376.94	0.00	0.00	23.20	0.00	175.79	98.50	0.93
571	0.00	71.00	2985.98	29859.84	149299.20	1740376.94	0.00	0.00	23.20	0.00	173.32	97.95	0.92
572	0.00	72.00	2985.98	29859.84	149299.20	1740376.94	0.00	0.00	23.20	0.00	171.48	97.59	0.90
573	0.00	73.00	2985.98	29859.84	149299.20	1740376.94	0.00	0.00	23.20	0.00	169.13	96.83	0.89
574	0.00	74.00	2985.98	29859.84	149299.20	1740376.94	0.00	0.00	23.20	0.00	174.11	98.11	0.91
575	0.00	25.00	2985.98	29859.84	149299.20	1740376.94	0.00	0.00	23.20	0.00	24.08	45.37	0.08
576	0.00	26.00	2985.98	29859.84	149299.20	1740376.94	0.00	0.00	23.20	0.00	23.15	45.34	0.08
577	0.00	27.00	2985.98	29859.84	149299.20	1740376.94	0.00	0.00	23.20	0.00	26.69	46.36	0.07
578	0.00	28.00	2985.98	29859.84	149299.20	1740376.94	0.00	0.00	23.20	0.00	38.58	51.15	0.11
579	0.00	29.00	2985.98	29859.84	149299.20	1740376.94	0.00	0.00	23.20	0.00	37.25	50.82	0.10
580	0.00	30.00	2985.98	29859.84	149299.20	1740376.94	0.00	0.00	23.20	0.00	43.93	54.13	0.20
581	0.00	31.00	2985.98	29859.84	149299.20	1740376.94	0.00	0.00	23.20	0.00	53.24	54.65	0.29
582	0.00	32.00	2985.98	29859.84	149299.20	1740376.94	0.00	0.00	23.20	0.00	51.57	54.29	0.28
583	0.00	33.00	2985.98	29859.84	149299.20	1740376.94	0.00	0.00	23.20	0.00	50.01	53.77	0.27
584	0.00	34.00	2985.98	29859.84	149299.20	1740376.94	0.00	0.00	23.20	0.00	48.54	54.31	0.26
585	0.00	35.00	2985.98	29859.84	149299.20	1740376.94	0.00	0.00	23.20	0.00	72.25	62.45	0.40
586	0.00	36.00	2985.98	29859.84	149299.20	1740376.94	0.00	0.00	23.20	0.00	70.24	61.78	0.39
587	0.00	37.00	2985.98	29859.84	149299.20	1740376.94	0.00	0.00	23.20	0.00	68.35	61.19	0.38
588	0.00	38.00	2985.98	29859.84	149299.20	1740376.94	0.00	0.00	23.20	0.00	72.89	61.85	0.39
589	0.00	39.00	2985.98	29859.84	149299.20	1740376.94	0.00	0.00	23.20	0.00	71.02	62.92	0.38
590	0.00	40.00	2985.98	29859.84	149299.20	1740376.94	0.00	0.00	23.20	0.00	93.83	65.73	0.55
591	0.00	41.00	2985.98	29859.84	149299.20	1740376.94	0.00	0.00	23.20	0.00	91.55	66.29	0.54
592	0.00	42.00	2985.98	29859.84	149299.20	1740376.94	0.00	0.00	23.20	0.00	93.28	66.96	0.57
593	0.00	43.00	2985.98	29859.84	149299.20	1740376.94	0.00	0.00	23.20	0.00	93.87	68.54	0.56
594	0.00	44.00	2985.98	29859.84	149299.20	1740376.94	0.00	0.00	23.20	0.00	123.31	71.09	0.70
595	0.00	45.00	2985.98	29859.84	149299.20	1740376.94	0.00	0.00	23.20	0.00	120.69	72.33	0.69
596	0.00	46.00	2985.98	29859.84	149299.20	1740376.94	0.00	0.00	23.20	0.00	118.07	71.54	0.67
597	0.00	47.00	2985.98	29859.84	149299.20	1740376.94	0.00	0.00	23.20	0.00	139.10	79.35	0.81
598	0.00	48.00	2985.98	29859.84	149299.20	1740376.94	0.00	0.00	23.20	0.00	136.20	79.47	0.79
599	0.00	49.00	2985.98	29859.84	149299.20	1740376.94	0.00	0.00	23.20	0.00	134.51	78.72	0.78
600	0.00	50.00	2985.98	29859.84	149299.20	1740376.94	0.00	0.00	23.20	0.00	131.82	78.46	0.76
601	0.00	51.00	3583.18	35831.81	179159.04	1878926.60	0.00	0.00	23.20	0.00	129.23	77.67	0.75
602	0.00	52.00	3583.18	35831.81	179159.04	1878926.60	0.00	0.00	23.20	0.00	144.95	78.85	0.79
603	0.00	53.00	3583.18	35831.81	179159.04	1878926.60	0.00	0.00	23.20	0.00	142.22	78.53	0.77
604	0.00	54.00	3583.18	35831.81	179159.04	1878926.60	0.00	0.00	23.20	0.00	144.32	79.43	0.78
605	0.00	55.00	3583.18	35831.81	179159.04	1878926.60	0.00	0.00	23.20	0.00	141.70	78.67	0.76
606	0.00	56.00	3583.18	35831.81	179159.04	1878926.60	0.00	0.00	23.20	0.00	139.17	77.75	0.75
607	0.00	57.00	3583.18	35831.81	179159.04	1878926.60	0.00	0.00	23.20	0.00	158.96	78.85	0.84
608	0.00	58.00	3583.18	35831.81	179159.04	1878926.60	0.00	0.00	23.20	0.00	173.28	81.02	0.95
609	0.00	59.00	3583.18	35831.81	179159.04	1878926.60	0.00	0.00	23.20	0.00	180.53	84.18	0.98
610	0.00	60.00	3583.18	35831.81	179159.04	1878926.60	0.00	0.00	23.20	0.00	191.94	85.73	1.03
611	0.00	61.00	3583.18	35831.81	179159.04	1878926.60	0.00	0.00	23.20	0.00	188.80	85.48	1.02
612	0.00	62.00	3583.18	35831.81	179159.04	1878926.60	0.00	0.00	23.20	0.00	186.27	85.10	1.00
613	0.00	63.00	3583.18	35831.81	179159.04	1878926.60	0.00	0.00	23.20	0.00	183.47	85.98	0.98
614	0.00	64.00	3583.18	35831.81	179159.04	1878926.60	0.00	0.00	23.20	0.00	180.60	85.86	0.97
615	0.00	65.00	3583.18	35831.81	179159.04	1878926.60	0.00	0.00	23.20	0.00	181.49	88.44	1.00
616	0.00	66.00	3583.18	35831.81	179159.04	1878926.60	0.00	0.00	23.20	0.00	183.08	88.78	1.02
617	0.00	67.00	3583.18	35831.81	179159.04	1878926.60	0.00	0.00	23.20	0.00	186.25	88.61	1.01
618	0.00	68.00	3583.18	35831.81	179159.04	1878926.60	0.00	0.00	23.20	0.00	209.87	97.65	1.12
619	0.00	69.00	3583.18	35831.81	179159.04	1878926.60	0.00	0.00	23.20	0.00	226.90	106.25	1.17
620	0.00	70.00	3583.18	35831.81	179159.04	1878926.60	0.00	0.00	23.20	0.00	237.26	109.42	1.20
621	0.00	71.00	3583.18	35831.81	179159.04	1878926.60	0.00	0.00	23.20	0.00	233.92	108.33	1.18
622	0.00	72.00	3583.18	35831.81	179159.04	1878926.60	0.00	0.00	23.20	0.00	230.67	107.46	1.17
623	0.00	73.00	3583.18	35831.81	179159.04	1878926.60	0.00	0.00	23.20	0.00	227.51	106.43	1.15
624	0.00	74.00	3583.18	35831.81	179159.04	1878926.60	0.00	0.00	23.20	0.00	229.78	106.02	1.15
625	0.00	25.00	3583.18	35831.81	179159.04	1878926.60	0.00	0.00	23.20	0.00	24.47	49.33	0.08
626	0.00	26.00	3583.18	35831.81	179159.04	1878926.60	0.00	0.00	23.20	0.00	23.53	50.50	0.08
627	0.00	27.00	3583.18	35831.81	179159.04	1878926.60	0.00	0.00	23.20	0.00	22.66	49.97	0.07
628	0.00	28.00	3583.18	35831.81	179159.04	1878926.60	0.00	0.00	23.20	0.00	21.85	50.65	0.07
629	0.00	29.00	3583.18	35831.81	179159.04	1878926.60	0.00	0.00	23.20	0.00	21.10	49.96	0.07
630	0.00	30.00	3583.18	35831.81	179159.04	1878926.60	0.00	0.00	23.20	0.00	55.10	66.01	0.30
631	0.00	31.00	3583.18	35831.81	179159.04	1878926.60	0.00	0.00	23.20	0.00	54.94	65.67	0.29
632	0.00	32.00	3583.18	35831.81	179159.04	1878926.60	0.00	0.00	23.20	0.00	84.14	73.41	0.41
633	0.00	33.00	3583.18	35831.81	179159.04	1878926.60	0.00	0.00	23.20	0.00	81.70	73.47	0.39
634	0.00	34.00	3583.18	35831.81	179159.04	1878926.60	0.00	0.00	23.20	0.00	79.29	72.12	0.38
635	0.00	35.00	3583.18	35831.81	179159.04	1878926.60	0.00	0.00	23.20	0.00	77.03	70.86	0.37
636	0.00	36.00	3583.18	35831.81	179159.04	1878926.60	0.00	0.00	23.20	0.00	120.76	87.22	0.56
637	0.00	37.00	3583.18	35831.81	179159.04	1878926.60	0.00	0.00	23.20	0.00	132.49	91.89	0.62
638	0.00	38.00	3583.18	35831.81	179159.04	1878926.60	0.00	0.00	23.20	0.00	129.00	91.26	0.61
639	0.00	39.00	3583.18	35831.81	179159.04	1878926.60	0.00	0.00	23.20	0.00	125.69	89.99	0.59
640	0.00	40.00	3583.18	35831.81	179159.04	1878926.60	0.00	0.00	23.20	0.00	135.28	91.95	0.70
641	0.00	41.00	3583.18	35831.81	179159.04	1878926.60	0.00	0.00	23.20	0.00	136.77	93.18	0.68
642	0.00	42.00	3583.18	35831.81	179159.04	1878926.60	0.00	0.00	23.20	0.00	136.32	92.06	0.67
643	0.00	43.00	3583.18	35831.81	179159.04	1878926.60	0.00	0.00	23.20	0.00	133.15	90.78	0.65
644	0.00	44.00	3583.18	35831.81	179159.04	1878926.60	0.00	0.00	23.20	0.00	130.12	89.72	0.64
645	0.00	45.00	3583.18	35831.81	179159.04	1878926.60	0.00	0.00	23.20	0.00	127.23	88.98	0.62
646	0.00	46.00	3583.18	35831.81	179159.04	1878926.60	0.00	0.00	23.20	0.00	124.64	88.30	0.61
647	0.00	47.00	3583.18	35831.81	179159.04	1878926.60	0.00	0.00	23.20	0.00	130.71	96.05	0.64
648	0.00	48.00	3583.18	35831.81	179159.04	1878926.60	0.00	0.00	23.20	0.00	131.42	96.62	0.65
649	0.00	49.00	3583.18	35831.81	179159.04	1878926.60	0.00	0.00	23.20	0.00	139.40	96.98	0.67
650	0.00	50.00	3583.18	35831.81	179159.04	1878926.60	0.00	0.00	23.20	0.00	149.89	98.44	0.78
651	0.00	51.00	3583.18	35831.81	179159.04	1878926.60	0.00	0.00	23.20	0.00	146.95	97.53	0.76
652	0.00	52.00	3583.18	35831.81	179159.04	1878926.60	0.00	0.00	23.20	0.00	156.66	98.83	0.81
653	0.00	53.00	3583.18	35831.81	179159.04	1878926.60	0.00	0.00	23.20	0.00	153.70	97.60	0.79
654	0.00	54.00	3583.18	35831.81	179159.04	1878926.60	0.00	0.00	23.20	0.00	150.85	96.70	0.78
655	0.00	55.00	3583.18	35831.81	179159.04	1878926.60	0.00	0.00	23.20	0.00	148.11	95.47	0.76
656	0.00	56.00	3583.18	35831.81	179159.04	1878926.60	0.00	0.00	23.20	0.00	147.20	95.05	0.75
657	0.00	57.00	3583.18	35831.81	179159.04	1878926.60	0.00	0.00	23.20	0.00	144.61	94.78	0.74
658	0.00	58.00	3583.18	35831.81	179159.04	1878926.60	0.00	0.00	23.20	0.00	142.12	93.81	0.72
659	0.00	59.00	3583.18	35831.81	179159.04	1878926.60	0.00	0.00	23.20	0.00	139.71	92.89	0.71
660	0.00	60.00	3583.18	35831.81	179159.04	1878926.60	0.00	0.00	23.20	0.00	137.38	91.78	0.70
661	0.00	61.00	3583.18	35831.81	179159.04	1878926.60	0.00	0.00	23.20	0.00	135.13	90.82	0.69
662	0.00	62.00	3583.18	35831.81	179159.04	1878926.60	0.00	0.00	23.20	0.00	132.95	90.66	0.68
663	0.00	63.00	3583.18	35831.81	179159.04	1878926.60	0.00	0.00	23.20	0.00	130.84	90.13	0.67
664	0.00	64.00	3583.18	35831.81	179159.04	1878926.60	0.00	0.00	23.20	0.00	130.31	89.89	0.66
665	0.00	65.00	3583.18	35831.81	179159.04	1878926.60	0.00	0.00	23.20	0.00	128.31	88.96	0.65
666	0.00	66.00	3583.18	35831.81	179159.04	1878926.60	0.00	0.00	23.20	0.00	126.36	89.24	0.64
667	0.00	67.00	3583.18	35831.81	179159.04	1878926.60	0.00	0.00	23.20	0.00	124.48	88.64	0.63
668	0.00	68.00	3583.18	35831.81	179159.04	1878926.60	0.00	0.00	23.20	0.00	124.19	88.15	0.62
669	0.00	69.00	3583.18	35831.81	179159.04	1878926.60	0.00	0.00	23.20	0.00	122.39	87.47	0.61
670	0.00	70.00	3583.18	35831.81	179159.04	1878926.60	0.00	0.00	23.20	0.00	120.65	87.16	0.60
671	0.00	71.00	3583.18	35831.81	179159.04	1878926.60	0.00	0.00	23.20	0.00	120.31	86.93	0.59
672	0.00	72.00	3583.18	35831.81	179159.04	1878926.60	0.00	0.00	23.20	0.00	118.78	87.15	0.58
673	0.00	73.00	3583.18	35831.81	179159.04	1878926.60	0.00	0.00	23.20	0.00	122.70	88.04	0.62
674	0.00	74.00	3583.18	35831.81	179159.04	1878926.60	0.00	0.00	23.20	0.00	121.04	87.24	0.61
675	0.00	25.00	3583.18	35831.81	179159.04	1878926.60	0.00	0.00	23.20	0.00	1.29	36.96	0.00
676	0.00	26.00	3583.18	35831.81	179159.04	1878926.60	0.00	0.00	23.20	0.00	1.24	37.09	0.00
677	0.00	27.00	3583.18	35831.81	179159.04	1878926.60	0.00	0.00	23.20	0.00	1.70	38.49	0.00
678	0.00	28.00	3583.18	35831.81	179159.04	1878926.60	0.00	0.00	23.20	0.00	1.64	38.16	0.00
679	0.00	29.00	3583.18	35831.81	179159.04	1878926.60	0.00	0.00	23.20	0.00	1.59	39.96	0.00
680	0.00	30.00	3583.18	35831.81	179159.04	1878926.60	0.00	0.00	23.20	0.00	1.53	41.30	0.00
681	0.00	31.00	3583.18	35831.81	179159.04	1878926.60	0.00	0.00	23.20	0.00	1.48	43.24	0.00
682	0.00	32.00	3583.18	35831.81	179159.04	1878926.60	0.00	0.00	23.20	0.00	2.37	44.21	0.00
683	0.00	33.00	3583.18	35831.81	179159.04	1878926.60	0.00	0.00	23.20	0.00	2.30	43.81	0.00
684	0.00	34.00	3583.18	35831.81	179159.04	1878926.60	0.00	0.00	23.20	0.00	14.59	46.02	0.03
685	0.00	35.00	3583.18	35831.81	179159.04	1878926.60	0.00	0.00	23.20	0.00	14.17	46.05	0.03
686	0.00	36.00	3583.18	35831.81	179159.04	1878926.60	0.00	0.00	23.20	0.00	13.78	45.73	0.03
687	0.00	37.00	3583.18	35831.81	179159.04	1878926.60	0.00	0.00	23.20	0.00	13.40	47.29	0.03
688	0.00	38.00	3583.18	35831.81	179159.04	1878926.60	0.00	0.00	23.20	0.00	13.18	49.51	0.03
689	0.00	39.00	3583.18	35831.81	179159.04	1878926.60	0.00	0.00	23.20	0.00	12.84	49.02	0.03
690	0.00	40.00	3583.18	35831.81	179159.04	1878926.60	0.00	0.00	23.20	0.00	12.52	49.32	0.03
691	0.00	41.00	3583.18	35831.81	179159.04	1878926.60	0.00	0.00	23.20	0.00	12.21	48.93	0.02
692	0.00	42.00	3583.18	35831.81	179159.04	1878926.60	0.00	0.00	23.20	0.00	503.16	98.51	3.07
693	0.00	43.00	4299.82	42998.17	214990.85	2045186.18	0.00	0.00	23.20	0.00	500.54	99.84	3.07
694	0.00	44.00	4299.82	42998.17	214990.85	2045186.18	0.00	0.00	23.20	0.00	496.06	99.27	3.02
695	0.00	45.00	4299.82	42998.17	214990.85	2045186.18	0.00	0.00	23.20	0.00	512.16	100.53	3.11
696	0.00	46.00	4299.82	42998.17	214990.85	2045186.18	0.00	0.00	23.20	0.00	522.58	100.88	3.13
697	0.00	47.00	4299.82	42998.17	214990.85	2045186.18	0.00	0.00	23.20	0.00	511.63	101.32	3.06
698	0.00	48.00	4299.82	42998.17	214990.85	2045186.18	0.00	0.00	23.20	0.00	500.97	102.16	3.02
699	0.00	49.00	4299.82	42998.17	214990.85	2045186.18	0.00	0.00	23.20	0.00	492.24	101.74	2.98
700	0.00	50.00	4299.82	42998.17	214990.85	2045186.18	0.00	0.00	23.20	0.00	492.89	101.72	2.94
701	0.00	51.00	4299.82	42998.17	214990.85	2045186.18	0.00	0.00	23.20	0.00	483.23	100.55	2.88
702	0.00	52.00	4299.82	42998.17	214990.85	2045186.18	0.00	0.00	23.20	0.00	500.65	107.82	2.96
703	0.00	53.00	4299.82	42998.17	214990.85	2045186.18	0.00	0.00	23.20	0.00	491.35	106.94	2.91
704	0.00	54.00	4299.82	42998.17	214990.85	2045186.18	0.00	0.00	23.20	0.00	489.84	107.16	2.85
705	0.00	55.00	4299.82	42998.17	214990.85	2045186.18	0.00	0.00	23.20	0.00	485.22	108.02	2.82
706	0.00	56.00	4299.82	42998.17	214990.85	2045186.18	0.00	0.00	23.20	0.00	483.92	110.50	2.79
707	0.00	57.00	4299.82	42998.17	214990.85	2045186.18	0.00	0.00	23.20	0.00	483.11	110.32	2.77
708	0.00	58.00	4299.82	42998.17	214990.85	2045186.18	0.00	0.00	23.20	0.00	474.78	108.97	2.72
709	0.00	59.00	4299.82	42998.17	214990.85	2045186.18	0.00	0.00	23.20	0.00	466.74	108.04	2.68
710	0.00	60.00	4299.82	42998.17	214990.85	2045186.18	0.00	0.00	23.20	0.00	460.57	108.60	2.63
711	0.00	61.00	4299.82	42998.17	214990.85	2045186.18	0.00	0.00	23.20	0.00	460.56	108.38	2.61
712	0.00	62.00	4299.82	42998.17	214990.85	2045186.18	0.00	0.00	23.20	0.00	458.02	107.87	2.58
713	0.00	63.00	4299.82	42998.17	214990.85	2045186.18	0.00	0.00	23.20	0.00	456.11	108.15	2.56
714	0.00	64.00	4299.82	42998.17	214990.85	2045186.18	0.00	0.00	23.20	0.00	452.35	109.80	2.53
715	0.00	65.00	4299.82	42998.17	214990.85	2045186.18	0.00	0.00	23.20	0.00	445.39	108.92	2.49
716	0.00	66.00	4299.82	42998.17	214990.85	2045186.18	0.00	0.00	23.20	0.00	447.55	108.96	2.50
717	0.00	67.00	4299.82	42998.17	214990.85	2045186.18	0.00	0.00	23.20	0.00	441.62	108.99	2.46
718	0.00	68.00	4299.82	42998.17	214990.85	2045186.18	0.00	0.00	23.20	0.00	442.19	110.15	2.49
719	0.00	69.00	4299.82	42998.17	214990.85	2045186.18	0.00	0.00	23.20	0.00	435.90	109.85	2.45
720	0.00	70.00	4299.82	42998.17	214990.85	2045186.18	0.00	0.00	23.20	0.00	434.67	109.66	2.46
721	0.00	71.00	4299.82	42998.17	214990.85	2045186.18	0.00	0.00	23.20	0.00	428.55	109.10	2.42
722	0.00	72.00	4299.82	42998.17	214990.85	2045186.18	0.00	0.00	23.20	0.00	422.60	108.09	2.39
723	0.00	73.00	4299.82	42998.17	214990.85	2045186.18	0.00	0.00	23.20	0.00	417.99	108.13	2.36
724	0.00	74.00	4299.82	42998.17	214990.85	2045186.18	0.00	0.00	23.20	0.00	418.56	108.34	2.34
725	0.00	25.00	4299.82	42998.17	214990.85	2045186.18	0.00	0.00	23.20	0.00	1.29	36.90	0.00
726	0.00	26.00	4299.82	42998.17	214990.85	2045186.18	0.00	0.00	23.20	0.00	6.62	38.22	0.08
727	0.00	27.00	4299.82	42998.17	214990.85	2045186.18	0.00	0.00	23.20	0.00	11.97	40.04	0.07
728	0.00	28.00	4299.82	42998.17	214990.85	2045186.18	0.00	0.00	23.20	0.00	49.01	56.72	0.32
729	0.00	29.00	4299.82	42998.17	214990.85	2045186.18	0.00	0.00	23.20	0.00	64.78	59.57	0.34
730	0.00	30.00	4299.82	42998.17	214990.85	2045186.18	0.00	0.00	23.20	0.00	62.62	58.64	0.33
731	0.00	31.00	4299.82	42998.17	214990.85	2045186.18	0.00	0.00	23.20	0.00	60.60	59.38	0.32
732	0.00	32.00	4299.82	42998.17	214990.85	2045186.18	0.00	0.00	23.20	0.00	58.70	59.75	0.31
733	0.00	33.00	4299.82	42998.17	214990.85	2045186.18	0.00	0.00	23.20	0.00	91.99	70.10	0.42
734	0.00	34.00	4299.82	42998.17	214990.85	2045186.18	0.00	0.00	23.20	0.00	98.26	72.06	0.41
735	0.00	35.00	4299.82	42998.17	214990.85	2045186.18	0.00	0.00	23.20	0.00	110.69	74.61	0.46
736	0.00	36.00	4299.82	42998.17	214990.85	2045186.18	0.00	0.00	23.20	0.00	107.61	74.33	0.44
737	0.00	37.00	4299.82	42998.17	214990.85	2045186.18	0.00	0.00	23.20	0.00	118.20	74.89	0.49
738	0.00	38.00	4299.82	42998.17	214990.85	2045186.18	0.00	0.00	23.20	0.00	115.08	73.60	0.47
739	0.00	39.00	4299.82	42998.17	214990.85	2045186.18	0.00	0.00	23.20	0.00	112.13	73.28	0.46
740	0.00	40.00	4299.82	42998.17	214990.85	2045186.18	0.00	0.00	23.20	0.00	109.33	72.59	0.45
741	0.00	41.00	4299.82	42998.17	214990.85	2045186.18	0.00	0.00	23.20	0.00	106.66	72.57	0.44
742	0.00	42.00	4299.82	42998.17	214990.85	2045186.18	0.00	0.00	23.20	0.00	104.12	71.96	0.43
743	0.00	43.00	4299.82	42998.17	214990.85	2045186.18	0.00	0.00	23.20	0.00	105.16	71.20	0.42
744	0.00	44.00	4299.82	42998.17	214990.85	2045186.18	0.00	0.00	23.20	0.00	142.40	82.52	0.57
745	0.00	45.00	4299.82	42998.17	214990.85	2045186.18	0.00	0.00	23.20	0.00	144.33	83.39	0.58
746	0.00	46.00	4299.82	42998.17	214990.85	2045186.18	0.00	0.00	23.20	0.00	163.82	92.88	0.72
747	0.00	47.00	4299.82	42998.17	214990.85	2045186.18	0.00	0.00	23.20	0.00	160.34	92.14	0.70
748	0.00	48.00	4299.82	42998.17	214990.85	2045186.18	0.00	0.00	23.20	0.00	181.50	99.27	0.79
749	0.00	49.00	4299.82	42998.17	214990.85	2045186.18	0.00	0.00	23.20	0.00	177.79	98.05	0.78
750	0.00	50.00	4299.82	42998.17	214990.85	2045186.18	0.00	0.00	23.20	0.00	188.20	97.92	0.84
751	0.00	51.00	4299.82	42998.17	214990.85	2045186.18	0.00	0.00	23.20	0.00	184.51	96.81	0.82
752	0.00	52.00	4299.82	42998.17	214990.85	2045186.18	0.00	0.00	23.20	0.00	183.79	98.03	0.81
753	0.00	53.00	4299.82	42998.17	214990.85	2045186.18	0.00	0.00	23.20	0.00	180.32	98.62	0.79
754	0.00	54.00	4299.82	42998.17	214990.85	2045186.18	0.00	0.00	23.20	0.00	176.98	97.43	0.78
755	0.00	55.00	4299.82	42998.17	214990.85	2045186.18	0.00	0.00	23.20	0.00	176.41	96.75	0.76
756	0.00	56.00	4299.82	42998.17	214990.85	2045186.18	0.00	0.00	23.20	0.00	195.91	102.98	0.88
757	0.00	57.00	4299.82	42998.17	214990.85	2045186.18	0.00	0.00	23.20	0.00	192.47	101.85	0.86
758	0.00	58.00	4299.82	42998.17	214990.85	2045186.18	0.00	0.00	23.20	0.00	189.29	100.98	0.84
759	0.00	59.00	4299.82	42998.17	214990.85	2045186.18	0.00	0.00	23.20	0.00	209.98	104.77	0.97
760	0.00	60.00	4299.82	42998.17	214990.85	2045186.18	0.00	0.00	23.20	0.00	206.61	103.84	0.95
761	0.00	61.00	4299.82	42998.17	214990.85	2045186.18	0.00	0.00	23.20	0.00	208.87	107.13	0.97
762	0.00	62.00	4299.82	42998.17	214990.85	2045186.18	0.00	0.00	23.20	0.00	214.11	107.11	1.00
763	0.00	63.00	4299.82	42998.17	214990.85	2045186.18	0.00	0.00	23.20	0.00	218.04	107.99	1.02
764	0.00	64.00	4299.82	42998.17	214990.85	2045186.18	0.00	0.00	23.20	0.00	214.63	107.41	1.00
765	0.00	65.00	4299.82	42998.17	214990.85	2045186.18	0.00	0.00	23.20	0.00	229.63	108.69	1.06
766	0.00	66.00	4299.82	42998.17	214990.85	2045186.18	0.00	0.00	23.20	0.00	226.15	108.07	1.05
767	0.00	67.00	4299.82	42998.17	214990.85	2045186.18	0.00	0.00	23.20	0.00	225.19	107.54	1.03
768	0.00	68.00	4299.82	42998.17	214990.85	2045186.18	0.00	0.00	23.20	0.00	227.08	107.31	1.03
769	0.00	69.00	4299.82	42998.17	214990.85	2045186.18	0.00	0.00	23.20	0.00	245.04	113.13	1.09
770	0.00	70.00	4299.82	42998.17	214990.85	2045186.18	0.00	0.00	23.20	0.00	244.94	112.59	1.07
771	0.00	71.00	4299.82	42998.17	214990.85	2045186.18	0.00	0.00	23.20	0.00	243.58	111.60	1.06
772	0.00	72.00	4299.82	42998.17	214990.85	2045186.18	0.00	0.00	23.20	0.00	240.20	111.14	1.04
773	0.00	73.00	4299.82	42998.17	214990.85	2045186.18	0.00	0.00	23.20	0.00	236.91	110.27	1.03
774	0.00	74.00	4299.82	42998.17	214990.85	2045186.18	0.00	0.00	23.20	0.00	251.71	113.54	1.11
775	0.00	25.00	4299.82	42998.17	214990.85	2045186.18	0.00	0.00	23.20	0.00	59.96	55.30	0.20
776	0.00	26.00	4299.82	42998.17	214990.85	2045186.18	0.00	0.00	23.20	0.00	81.64	59.88	0.27
777	0.00	27.00	4299.82	42998.17	214990.85	2045186.18	0.00	0.00	23.20	0.00	78.62	60.46	0.26
778	0.00	28.00	4299.82	42998.17	214990.85	2045186.18	0.00	0.00	23.20	0.00	99.79	66.26	0.54
779	0.00	29.00	4299.82	42998.17	214990.85	2045186.18	0.00	0.00	23.20	0.00	144.26	74.97	0.76
780	0.00	30.00	4299.82	42998.17	214990.85	2045186.18	0.00	0.00	23.20	0.00	168.86	86.04	0.90
781	0.00	31.00	4299.82	42998.17	214990.85	2045186.18	0.00	0.00	23.20	0.00	163.41	85.24	0.87
782	0.00	32.00	4299.82	42998.17	214990.85	2045186.18	0.00	0.00	23.20	0.00	158.54	86.31	0.88
783	0.00	33.00	4299.82	42998.17	214990.85	2045186.18	0.00	0.00	23.20	0.00	157.31	85.79	0.85
784	0.00	34.00	4299.82	42998.17	214990.85	2045186.18	0.00	0.00	23.20	0.00	152.69	84.39	0.82
785	0.00	35.00	4299.82	42998.17	214990.85	2045186.18	0.00	0.00	23.20	0.00	185.09	96.32	0.97
786	0.00	36.00	4299.82	42998.17	214990.85	2045186.18	0.00	0.00	23.20	0.00	210.68	107.68	1.14
787	0.00	37.00	4299.82	42998.17	214990.85	2045186.18	0.00	0.00	23.20	0.00	204.99	105.74	1.11
788	0.00	38.00	4299.82	42998.17	214990.85	2045186.18	0.00	0.00	23.20	0.00	199.59	104.62	1.08
789	0.00	39.00	4299.82	42998.17	214990.85	2045186.18	0.00	0.00	23.20	0.00	194.48	102.71	1.05
790	0.00	40.00	4299.82	42998.17	214990.85	2045186.18	0.00	0.00	23.20	0.00	235.68	119.39	1.25
791	0.00	41.00	4299.82	42998.17	214990.85	2045186.18	0.00	0.00	23.20	0.00	241.27	118.94	1.24
792	0.00	42.00	4299.82	42998.17	214990.85	2045186.18	0.00	0.00	23.20	0.00	235.52	116.84	1.21
793	0.00	43.00	5159.78	51597.80	257989.02	2244697.69	0.00	0.00	23.20	0.00	239.83	117.33	1.21
794	0.00	44.00	5159.78	51597.80	257989.02	2244697.69	0.00	0.00	23.20	0.00	234.38	115.39	1.18
795	0.00	45.00	5159.78	51597.80	257989.02	2244697.69	0.00	0.00	23.20	0.00	239.93	117.31	1.20
796	0.00	46.00	5159.78	51597.80	257989.02	2244697.69	0.00	0.00	23.20	0.00	234.71	115.77	1.17
797	0.00	47.00	5159.78	51597.80	257989.02	2244697.69	0.00	0.00	23.20	0.00	229.72	114.60	1.15
798	0.00	48.00	5159.78	51597.80	257989.02	2244697.69	0.00	0.00	23.20	0.00	232.06	114.28	1.12
799	0.00	49.00	5159.78	51597.80	257989.02	2244697.69	0.00	0.00	23.20	0.00	227.48	113.58	1.12
800	0.00	50.00	5159.78	51597.80	257989.02	2244697.69	0.00	0.00	23.20	0.00	234.04	114.82	1.18
801	0.00	51.00	5159.78	51597.80	257989.02	2244697.69	0.00	0.00	23.20	0.00	229.45	113.43	1.16
802	0.00	52.00	5159.78	51597.80	257989.02	2244697.69	0.00	0.00	23.20	0.00	239.70	118.78	1.23
803	0.00	53.00	5159.78	51597.80	257989.02	2244697.69	0.00	0.00	23.20	0.00	235.18	118.05	1.21
804	0.00	54.00	5159.78	51597.80	257989.02	2244697.69	0.00	0.00	23.20	0.00	243.38	119.91	1.22
805	0.00	55.00	5159.78	51597.80	257989.02	2244697.69	0.00	0.00	23.20	0.00	241.80	118.08	1.22
806	0.00	56.00	5159.78	51597.80	257989.02	2244697.69	0.00	0.00	23.20	0.00	237.49	116.85	1.20
807	0.00	57.00	5159.78	51597.80	257989.02	2244697.69	0.00	0.00	23.20	0.00	258.58	121.85	1.30
808	0.00	58.00	5159.78	51597.80	257989.02	2244697.69	0.00	0.00	23.20	0.00	260.95	122.80	1.36
809	0.00	59.00	5159.78	51597.80	257989.02	2244697.69	0.00	0.00	23.20	0.00	259.81	121.55	1.36
810	0.00	60.00	5159.78	51597.80	257989.02	2244697.69	0.00	0.00	23.20	0.00	255.61	120.21	1.35
811	0.00	61.00	5159.78	51597.80	257989.02	2244697.69	0.00	0.00	23.20	0.00	251.42	118.94	1.33
812	0.00	62.00	5159.78	51597.80	257989.02	2244697.69	0.00	0.00	23.20	0.00	247.36	118.09	1.31
813	0.00	63.00	5159.78	51597.80	257989.02	2244697.69	0.00	0.00	23.20	0.00	243.56	117.64	1.30
814	0.00	64.00	5159.78	51597.80	257989.02	2244697.69	0.00	0.00	23.20	0.00	243.22	117.21	1.28
815	0.00	65.00	5159.78	51597.80	257989.02	2244697.69	0.00	0.00	23.20	0.00	239.69	117.14	1.26
816	0.00	66.00	5159.78	51597.80	257989.02	2244697.69	0.00	0.00	23.20	0.00	263.24	126.32	1.36
817	0.00	67.00	5159.78	51597.80	257989.02	2244697.69	0.00	0.00	23.20	0.00	260.56	125.49	1.34
818	0.00	68.00	5159.78	51597.80	257989.02	2244697.69	0.00	0.00	23.20	0.00	262.05	126.05	1.34
819	0.00	69.00	5159.78	51597.80	257989.02	2244697.69	0.00	0.00	23.20	0.00	258.26	125.50	1.32
820	0.00	70.00	5159.78	51597.80	257989.02	2244697.69	0.00	0.00	23.20	0.00	254.57	124.28	1.30
821	0.00	71.00	5159.78	51597.80	257989.02	2244697.69	0.00	0.00	23.20	0.00	260.53	125.17	1.31
822	0.00	72.00	5159.78	51597.80	257989.02	2244697.69	0.00	0.00	23.20	0.00	256.91	124.79	1.29
823	0.00	73.00	5159.78	51597.80	257989.02	2244697.69	0.00	0.00	23.20	0.00	253.50	124.16	1.29
824	0.00	74.00	5159.78	51597.80	257989.02	2244697.69	0.00	0.00	23.20	0.00	262.01	126.61	1.38
825	0.00	25.00	5159.78	51597.80	257989.02	2244697.69	0.00	0.00	23.20	0.00	27.11	41.06	0.08
826	0.00	26.00	5159.78	51597.80	257989.02	2244697.69	0.00	0.00	23.20	0.00	32.42	43.17	0.08
827	0.00	27.00	5159.78	51597.80	257989.02	2244697.69	0.00	0.00	23.20	0.00	31.22	43.00	0.07
828	0.00	28.00	5159.78	51597.80	257989.02	2244697.69	0.00	0.00	23.20	0.00	30.10	43.55	0.07
829	0.00	29.00	5159.78	51597.80	257989.02	2244697.69	0.00	0.00	23.20	0.00	41.92	45.68	0.14
830	0.00	30.00	5159.78	51597.80	257989.02	2244697.69	0.00	0.00	23.20	0.00	40.78	48.49	0.17
831	0.00	31.00	5159.78	51597.80	257989.02	2244697.69	0.00	0.00	23.20	0.00	39.46	48.59	0.16
832	0.00	32.00	5159.78	51597.80	257989.02	2244697.69	0.00	0.00	23.20	0.00	38.23	48.72	0.16
833	0.00	33.00	5159.78	51597.80	257989.02	2244697.69	0.00	0.00	23.20	0.00	37.07	48.55	0.15
834	0.00	34.00	5159.78	51597.80	257989.02	2244697.69	0.00	0.00	23.20	0.00	54.66	54.96	0.21
835	0.00	35.00	5159.78	51597.80	257989.02	2244697.69	0.00	0.00	23.20	0.00	53.18	56.91	0.20
836	0.00	36.00	5159.78	51597.80	257989.02	2244697.69	0.00	0.00	23.20	0.00	53.77	56.67	0.19
837	0.00	37.00	5159.78	51597.80	257989.02	2244697.69	0.00	0.00	23.20	0.00	96.69	72.77	0.35
838	0.00	38.00	5159.78	51597.80	257989.02	2244697.69	0.00	0.00	23.20	0.00	109.61	78.05	0.37
839	0.00	39.00	5159.78	51597.80	257989.02	2244697.69	0.00	0.00	23.20	0.00	106.80	77.38	0.36
840	0.00	40.00	5159.78	51597.80	257989.02	2244697.69	0.00	0.00	23.20	0.00	124.46	85.85	0.40
841	0.00	41.00	5159.78	51597.80	257989.02	2244697.69	0.00	0.00	23.20	0.00	121.42	85.10	0.39
842	0.00	42.00	5159.78	51597.80	257989.02	2244697.69	0.00	0.00	23.20	0.00	118.53	85.82	0.38
843	0.00	43.00	5159.78	51597.80	257989.02	2244697.69	0.00	0.00	23.20	0.00	115.84	86.41	0.37
844	0.00	44.00	5159.78	51597.80	257989.02	2244697.69	0.00	0.00	23.20	0.00	113.21	85.80	0.36
845	0.00	45.00	5159.78	51597.80	257989.02	2244697.69	0.00	0.00	23.20	0.00	110.69	85.12	0.36
846	0.00	46.00	5159.78	51597.80	257989.02	2244697.69	0.00	0.00	23.20	0.00	139.99	90.03	0.63
847	0.00	47.00	5159.78	51597.80	257989.02	2244697.69	0.00	0.00	23.20	0.00	137.18	90.10	0.62
848	0.00	48.00	5159.78	51597.80	257989.02	2244697.69	0.00	0.00	23.20	0.00	135.37	94.00	0.60
849	0.00	49.00	5159.78	51597.80	257989.02	2244697.69	0.00	0.00	23.20	0.00	138.31	94.32	0.63
850	0.00	50.00	5159.78	51597.80	257989.02	2244697.69	0.00	0.00	23.20	0.00	148.81	94.87	0.68
851	0.00	51.00	5159.78	51597.80	257989.02	2244697.69	0.00	0.00	23.20	0.00	145.94	94.58	0.67
852	0.00	52.00	5159.78	51597.80	257989.02	2244697.69	0.00	0.00	23.20	0.00	147.54	94.55	0.65
853	0.00	53.00	5159.78	51597.80	257989.02	2244697.69	0.00	0.00	23.20	0.00	146.58	96.11	0.64
854	0.00	54.00	5159.78	51597.80	257989.02	2244697.69	0.00	0.00	23.20	0.00	177.99	110.53	0.80
855	0.00	55.00	5159.78	51597.80	257989.02	2244697.69	0.00	0.00	23.20	0.00	201.85	116.51	0.91
856	0.00	56.00	5159.78	51597.80	257989.02	2244697.69	0.00	0.00	23.20	0.00	198.24	116.64	0.89
857	0.00	57.00	5159.78	51597.80	257989.02	2244697.69	0.00	0.00	23.20	0.00	200.70	117.09	0.88
858	0.00	58.00	5159.78	51597.80	257989.02	2244697.69	0.00	0.00	23.20	0.00	197.24	116.03	0.86
859	0.00	59.00	5159.78	51597.80	257989.02	2244697.69	0.00	0.00	23.20	0.00	196.06	117.21	0.85
860	0.00	60.00	5159.78	51597.80	257989.02	2244697.69	0.00	0.00	23.20	0.00	193.63	117.63	0.83
861	0.00	61.00	5159.78	51597.80	257989.02	2244697.69	0.00	0.00	23.20	0.00	190.58	116.81	0.84
862	0.00	62.00	5159.78	51597.80	257989.02	2244697.69	0.00	0.00	23.20	0.00	187.51	115.72	0.82
863	0.00	63.00	5159.78	51597.80	257989.02	2244697.69	0.00	0.00	23.20	0.00	185.13	115.66	0.81
864	0.00	64.00	5159.78	51597.80	257989.02	2244697.69	0.00	0.00	23.20	0.00	184.51	115.69	0.80
865	0.00	65.00	5159.78	51597.80	257989.02	2244697.69	0.00	0.00	23.20	0.00	182.10	115.30	0.78
866	0.00	66.00	5159.78	51597.80	257989.02	2244697.69	0.00	0.00	23.20	0.00	182.87	115.32	0.79
867	0.00	67.00	5159.78	51597.80	257989.02	2244697.69	0.00	0.00	23.20	0.00	201.64	123.89	0.88
868	0.00	68.00	5159.78	51597.80	257989.02	2244697.69	0.00	0.00	23.20	0.00	216.78	124.87	0.96
869	0.00	69.00	5159.78	51597.80	257989.02	2244697.69	0.00	0.00	23.20	0.00	213.64	123.97	0.94
870	0.00	70.00	5159.78	51597.80	257989.02	2244697.69	0.00	0.00	23.20	0.00	212.31	124.51	0.93
871	0.00	71.00	5159.78	51597.80	257989.02	2244697.69	0.00	0.00	23.20	0.00	212.61	124.38	0.93
872	0.00	72.00	5159.78	51597.80	257989.02	2244697.69	0.00	0.00	23.20	0.00	216.43	124.74	0.92
873	0.00	73.00	5159.78	51597.80	257989.02	2244697.69	0.00	0.00	23.20	0.00	233.19	129.60	1.00
874	0.00	74.00	5159.78	51597.80	257989.02	2244697.69	0.00	0.00	23.20	0.00	230.04	128.49	0.99
875	0.00	25.00	5159.78	51597.80	257989.02	2244697.69	0.00	0.00	23.20	0.00	10.65	43.30	0.00
876	0.00	26.00	5159.78	51597.80	257989.02	2244697.69	0.00	0.00	23.20	0.00	12.22	46.45	0.00
877	0.00	27.00	5159.78	51597.80	257989.02	2244697.69	0.00	0.00	23.20	0.00	13.04	48.54	0.00
878	0.00	28.00	5159.78	51597.80	257989.02	2244697.69	0.00	0.00	23.20	0.00	12.58	48.41	0.00
879	0.00	29.00	5159.78	51597.80	257989.02	2244697.69	0.00	0.00	23.20	0.00	12.14	48.13	0.00
880	0.00	30.00	5159.78	51597.80	257989.02	2244697.69	0.00	0.00	23.20	0.00	11.74	47.42	0.00
881	0.00	31.00	5159.78	51597.80	257989.02	2244697.69	0.00	0.00	23.20	0.00	11.36	47.79	0.00
882	0.00	32.00	5159.78	51597.80	257989.02	2244697.69	0.00	0.00	23.20	0.00	11.00	47.81	0.00
883	0.00	33.00	5159.78	51597.80	257989.02	2244697.69	0.00	0.00	23.20	0.00	10.67	48.05	0.00
884	0.00	34.00	5159.78	51597.80	257989.02	2244697.69	0.00	0.00	23.20	0.00	10.36	47.52	0.00
885	0.00	35.00	5159.78	51597.80	257989.02	2244697.69	0.00	0.00	23.20	0.00	10.06	47.56	0.00
886	0.00	36.00	5159.78	51597.80	257989.02	2244697.69	0.00	0.00	23.20	0.00	21.50	51.16	0.11
887	0.00	37.00	5159.78	51597.80	257989.02	2244697.69	0.00	0.00	23.20	0.00	24.52	51.73	0.11
888	0.00	38.00	5159.78	51597.80	257989.02	2244697.69	0.00	0.00	23.20	0.00	23.88	51.82	0.11
889	0.00	39.00	5159.78	51597.80	257989.02	2244697.69	0.00	0.00	23.20	0.00	35.06	54.29	0.15
890	0.00	40.00	5159.78	51597.80	257989.02	2244697.69	0.00	0.00	23.20	0.00	44.02	55.60	0.17
891	0.00	41.00	5159.78	51597.80	257989.02	2244697.69	0.00	0.00	23.20	0.00	42.95	55.00	0.17
892	0.00	42.00	5159.78	51597.80	257989.02	2244697.69	0.00	0.00	23.20	0.00	46.40	56.02	0.17
893	0.00	43.00	6191.74	61917.36	309586.82	2484111.50	0.00	0.00	23.20	0.00	51.17	56.44	0.16
894	0.00	44.00	6191.74	61917.36	309586.82	2484111.50	0.00	0.00	23.20	0.00	82.73	66.56	0.32
895	0.00	45.00	6191.74	61917.36	309586.82	2484111.50	0.00	0.00	23.20	0.00	96.77	74.96	0.36
896	0.00	46.00	6191.74	61917.36	309586.82	2484111.50	0.00	0.00	23.20	0.00	94.66	74.50	0.35
897	0.00	47.00	6191.74	61917.36	309586.82	2484111.50	0.00	0.00	23.20	0.00	92.65	73.58	0.34
898	0.00	48.00	6191.74	61917.36	309586.82	2484111.50	0.00	0.00	23.20	0.00	90.72	73.24	0.33
899	0.00	49.00	6191.74	61917.36	309586.82	2484111.50	0.00	0.00	23.20	0.00	89.57	72.92	0.33
900	0.00	50.00	6191.74	61917.36	309586.82	2484111.50	0.00	0.00	23.20	0.00	100.37	74.36	0.38
901	0.00	51.00	6191.74	61917.36	309586.82	2484111.50	0.00	0.00	23.20	0.00	105.96	81.39	0.41
902	0.00	52.00	6191.74	61917.36	309586.82	2484111.50	0.00	0.00	23.20	0.00	103.92	80.59	0.40
903	0.00	53.00	6191.74	61917.36	309586.82	2484111.50	0.00	0.00	23.20	0.00	102.11	80.23	0.40
904	0.00	54.00	6191.74	61917.36	309586.82	2484111.50	0.00	0.00	23.20	0.00	100.22	81.53	0.39
905	0.00	55.00	6191.74	61917.36	309586.82	2484111.50	0.00	0.00	23.20	0.00	98.40	81.61	0.38
906	0.00	56.00	6191.74	61917.36	309586.82	2484111.50	0.00	0.00	23.20	0.00	96.64	80.74	0.38
907	0.00	57.00	6191.74	61917.36	309586.82	2484111.50	0.00	0.00	23.20	0.00	95.09	81.03	0.37
908	0.00	58.00	6191.74	61917.36	309586.82	2484111.50	0.00	0.00	23.20	0.00	95.52	80.89	0.36
909	0.00	59.00	6191.74	61917.36	309586.82	2484111.50	0.00	0.00	23.20	0.00	93.90	80.28	0.36
910	0.00	60.00	6191.74	61917.36	309586.82	2484111.50	0.00	0.00	23.20	0.00	92.34	79.80	0.35
911	0.00	61.00	6191.74	61917.36	309586.82	2484111.50	0.00	0.00	23.20	0.00	90.82	79.18	0.34
912	0.00	62.00	6191.74	61917.36	309586.82	2484111.50	0.00	0.00	23.20	0.00	93.68	80.96	0.34
913	0.00	63.00	6191.74	61917.36	309586.82	2484111.50	0.00	0.00	23.20	0.00	92.20	80.30	0.33
914	0.00	64.00	6191.74	61917.36	309586.82	2484111.50	0.00	0.00	23.20	0.00	90.76	79.53	0.33
915	0.00	65.00	6191.74	61917.36	309586.82	2484111.50	0.00	0.00	23.20	0.00	89.49	79.12	0.32
916	0.00	66.00	6191.74	61917.36	309586.82	2484111.50	0.00	0.00	23.20	0.00	88.13	78.86	0.32
917	0.00	67.00	6191.74	61917.36	309586.82	2484111.50	0.00	0.00	23.20	0.00	86.81	78.04	0.31
918	0.00	68.00	6191.74	61917.36	309586.82	2484111.50	0.00	0.00	23.20	0.00	90.91	78.72	0.32
919	0.00	69.00	6191.74	61917.36	309586.82	2484111.50	0.00	0.00	23.20	0.00	89.59	78.78	0.32
920	0.00	70.00	6191.74	61917.36	309586.82	2484111.50	0.00	0.00	23.20	0.00	88.31	78.20	0.31
921	0.00	71.00	6191.74	61917.36	309586.82	2484111.50	0.00	0.00	23.20	0.00	87.07	78.02	0.31
922	0.00	72.00	6191.74	61917.36	309586.82	2484111.50	0.00	0.00	23.20	0.00	87.53	77.73	0.31
923	0.00	73.00	6191.74	61917.36	309586.82	2484111.50	0.00	0.00	23.20	0.00	86.33	77.39	0.30
924	0.00	74.00	6191.74	61917.36	309586.82	2484111.50	0.00	0.00	23.20	0.00	85.27	78.55	0.31
925	0.00	25.00	6191.74	61917.36	309586.82	2484111.50	0.00	0.00	23.20	0.00	0.00	33.67	0.00
926	0.00	26.00	6191.74	61917.36	309586.82	2484111.50	0.00	0.00	23.20	0.00	56.09	49.40	0.50
927	0.00	27.00	6191.74	61917.36	309586.82	2484111.50	0.00	0.00	23.20	0.00	54.01	49.23	0.48
928	0.00	28.00	6191.74	61917.36	309586.82	2484111.50	0.00	0.00	23.20	0.00	52.08	49.15	0.46
929	0.00	29.00	6191.74	61917.36	309586.82	2484111.50	0.00	0.00	23.20	0.00	59.99	51.47	0.52
930	0.00	30.00	6191.74	61917.36	309586.82	2484111.50	0.00	0.00	23.20	0.00	57.99	50.75	0.50
931	0.00	31.00	6191.74	61917.36	309586.82	2484111.50	0.00	0.00	23.20	0.00	58.76	53.68	0.48
932	0.00	32.00	6191.74	61917.36	309586.82	2484111.50	0.00	0.00	23.20	0.00	56.93	54.27	0.47
933	0.00	33.00	6191.74	61917.36	309586.82	2484111.50	0.00	0.00	23.20	0.00	98.84	69.01	0.67
934	0.00	34.00	6191.74	61917.36	309586.82	2484111.50	0.00	0.00	23.20	0.00	95.93	68.33	0.65
935	0.00	35.00	6191.74	61917.36	309586.82	2484111.50	0.00	0.00	23.20	0.00	104.27	70.25	0.69
936	0.00	36.00	6191.74	61917.36	309586.82	2484111.50	0.00	0.00	23.20	0.00	101.37	69.20	0.67
937	0.00	37.00	6191.74	61917.36	309586.82	2484111.50	0.00	0.00	23.20	0.00	123.20	70.29	0.81
938	0.00	38.00	6191.74	61917.36	309586.82	2484111.50	0.00	0.00	23.20	0.00	135.27	72.30	0.84
939	0.00	39.00	6191.74	61917.36	309586.82	2484111.50	0.00	0.00	23.20	0.00	143.97	75.61	0.87
940	0.00	40.00	6191.74	61917.36	309586.82	2484111.50	0.00	0.00	23.20	0.00	141.01	77.15	0.85
941	0.00	41.00	6191.74	61917.36	309586.82	2484111.50	0.00	0.00	23.20	0.00	137.75	77.90	0.85
942	0.00	42.00	6191.74	61917.36	309586.82	2484111.50	0.00	0.00	23.20	0.00	134.47	77.11	0.83
943	0.00	43.00	6191.74	61917.36	309586.82	2484111.50	0.00	0.00	23.20	0.00	134.37	79.11	0.84
944	0.00	44.00	6191.74	61917.36	309586.82	2484111.50	0.00	0.00	23.20	0.00	136.55	81.90	0.82
945	0.00	45.00	6191.74	61917.36	309586.82	2484111.50	0.00	0.00	23.20	0.00	133.51	81.94	0.80
946	0.00	46.00	6191.74	61917.36	309586.82	2484111.50	0.00	0.00	23.20	0.00	151.21	86.98	1.00
947	0.00	47.00	6191.74	61917.36	309586.82	2484111.50	0.00	0.00	23.20	0.00	154.22	87.15	1.02
948	0.00	48.00	6191.74	61917.36	309586.82	2484111.50	0.00	0.00	23.20	0.00	156.59	88.05	1.04
949	0.00	49.00	6191.74	61917.36	309586.82	2484111.50	0.00	0.00	23.20	0.00	153.39	87.09	1.02
950	0.00	50.00	6191.74	61917.36	309586.82	2484111.50	0.00	0.00	23.20	0.00	155.19	88.53	1.02
951	0.00	51.00	6191.74	61917.36	309586.82	2484111.50	0.00	0.00	23.20	0.00	158.06	94.68	1.00
952	0.00	52.00	6191.74	61917.36	309586.82	2484111.50	0.00	0.00	23.20	0.00	156.29	94.01	0.98
953	0.00	53.00	6191.74	61917.36	309586.82	2484111.50	0.00	0.00	23.20	0.00	153.34	93.57	0.96
954	0.00	54.00	6191.74	61917.36	309586.82	2484111.50	0.00	0.00	23.20	0.00	183.72	109.84	1.09
955	0.00	55.00	6191.74	61917.36	309586.82	2484111.50	0.00	0.00	23.20	0.00	183.16	109.22	1.09
956	0.00	56.00	6191.74	61917.36	309586.82	2484111.50	0.00	0.00	23.20	0.00	179.88	108.25	1.07
957	0.00	57.00	6191.74	61917.36	309586.82	2484111.50	0.00	0.00	23.20	0.00	176.73	107.19	1.05
958	0.00	58.00	6191.74	61917.36	309586.82	2484111.50	0.00	0.00	23.20	0.00	175.09	107.73	1.03
959	0.00	59.00	6191.74	61917.36	309586.82	2484111.50	0.00	0.00	23.20	0.00	174.65	107.78	1.02
960	0.00	60.00	6191.74	61917.36	309586.82	2484111.50	0.00	0.00	23.20	0.00	175.79	107.42	1.02
961	0.00	61.00	6191.74	61917.36	309586.82	2484111.50	0.00	0.00	23.20	0.00	175.04	108.10	1.02
962	0.00	62.00	6191.74	61917.36	309586.82	2484111.50	0.00	0.00	23.20	0.00	176.12	107.81	1.00
963	0.00	63.00	6191.74	61917.36	309586.82	2484111.50	0.00	0.00	23.20	0.00	184.38	114.08	1.05
964	0.00	64.00	6191.74	61917.36	309586.82	2484111.50	0.00	0.00	23.20	0.00	181.97	113.74	1.03
965	0.00	65.00	6191.74	61917.36	309586.82	2484111.50	0.00	0.00	23.20	0.00	181.37	113.70	1.02
966	0.00	66.00	6191.74	61917.36	309586.82	2484111.50	0.00	0.00	23.20	0.00	179.08	112.61	1.00
967	0.00	67.00	6191.74	61917.36	309586.82	2484111.50	0.00	0.00	23.20	0.00	176.64	112.97	1.00
968	0.00	68.00	6191.74	61917.36	309586.82	2484111.50	0.00	0.00	23.20	0.00	174.48	112.37	0.99
969	0.00	69.00	6191.74	61917.36	309586.82	2484111.50	0.00	0.00	23.20	0.00	173.56	111.62	0.97
970	0.00	70.00	6191.74	61917.36	309586.82	2484111.50	0.00	0.00	23.20	0.00	174.37	112.30	0.96
971	0.00	71.00	6191.74	61917.36	309586.82	2484111.50	0.00	0.00	23.20	0.00	172.71	111.47	0.94
972	0.00	72.00	6191.74	61917.36	309586.82	2484111.50	0.00	0.00	23.20	0.00	170.31	110.40	0.93
973	0.00	73.00	6191.74	61917.36	309586.82	2484111.50	0.00	0.00	23.20	0.00	171.13	109.48	0.92
974	0.00	74.00	6191.74	61917.36	309586.82	2484111.50	0.00	0.00	23.20	0.00	168.86	108.90	0.91
975	0.00	25.00	6191.74	61917.36	309586.82	2484111.50	0.00	0.00	23.20	0.00	0.00	32.18	0.00
976	0.00	26.00	6191.74	61917.36	309586.82	2484111.50	0.00	0.00	23.20	0.00	21.38	37.53	0.08
977	0.00	27.00	6191.74	61917.36	309586.82	2484111.50	0.00	0.00	23.20	0.00	20.59	37.10	0.07
978	0.00	28.00	6191.74	61917.36	309586.82	2484111.50	0.00	0.00	23.20	0.00	19.86	37.61	0.07
979	0.00	29.00	6191.74	61917.36	309586.82	2484111.50	0.00	0.00	23.20	0.00	25.75	39.03	0.07
980	0.00	30.00	6191.74	61917.36	309586.82	2484111.50	0.00	0.00	23.20	0.00	24.89	39.37	0.07
981	0.00	31.00	6191.74	61917.36	309586.82	2484111.50	0.00	0.00	23.20	0.00	24.08	39.73	0.06
982	0.00	32.00	6191.74	61917.36	309586.82	2484111.50	0.00	0.00	23.20	0.00	23.33	42.55	0.06
983	0.00	33.00	6191.74	61917.36	309586.82	2484111.50	0.00	0.00	23.20	0.00	22.62	42.29	0.06
984	0.00	34.00	6191.74	61917.36	309586.82	2484111.50	0.00	0.00	23.20	0.00	30.04	42.65	0.09
985	0.00	35.00	6191.74	61917.36	309586.82	2484111.50	0.00	0.00	23.20	0.00	45.54	44.69	0.17
986	0.00	36.00	6191.74	61917.36	309586.82	2484111.50	0.00	0.00	23.20	0.00	44.49	47.31	0.19
987	0.00	37.00	6191.74	61917.36	309586.82	2484111.50	0.00	0.00	23.20	0.00	50.19	49.64	0.24
988	0.00	38.00	6191.74	61917.36	309586.82	2484111.50	0.00	0.00	23.20	0.00	49.09	51.52	0.24
989	0.00	39.00	6191.74	61917.36	309586.82	2484111.50	0.00	0.00	23.20	0.00	58.88	55.11	0.26
990	0.00	40.00	6191.74	61917.36	309586.82	2484111.50	0.00	0.00	23.20	0.00	85.21	57.82	0.35
991	0.00	41.00	6191.74	61917.36	309586.82	2484111.50	0.00	0.00	23.20	0.00	101.94	61.07	0.51
992	0.00	42.00	6191.74	61917.36	309586.82	2484111.50	0.00	0.00	23.20	0.00	100.88	62.03	0.52
993	0.00	43.00	7430.08	74300.84	371504.19	2771408.07	0.00	0.00	23.20	0.00	98.54	62.05	0.51
994	0.00	44.00	7430.08	74300.84	371504.19	2771408.07	0.00	0.00	23.20	0.00	96.30	64.16	0.50
995	0.00	45.00	7430.08	74300.84	371504.19	2771408.07	0.00	0.00	23.20	0.00	94.16	65.05	0.49
996	0.00	46.00	7430.08	74300.84	371504.19	2771408.07	0.00	0.00	23.20	0.00	99.69	65.84	0.50
997	0.00	47.00	7430.08	74300.84	371504.19	2771408.07	0.00	0.00	23.20	0.00	136.77	81.36	0.68
998	0.00	48.00	7430.08	74300.84	371504.19	2771408.07	0.00	0.00	23.20	0.00	133.92	81.17	0.67
999	0.00	49.00	7430.08	74300.84	371504.19	2771408.07	0.00	0.00	23.20	0.00	131.19	81.36	0.65
1000	0.00	50.00	7430.08	74300.84	371504.19	2771408.07	0.00	0.00	23.20	0.00	128.56	81.10	0.64
