some parameters
Gen.	# feasible solutions	# infeasible solutions	cap. penality	dur. penality	num. penality	best penalized cost	best feasible cost	best cap. violation	best dur. violation	best num. violation	avg cap. violation	avg dur. violation	avg num. violation	Gap from BKS
1	30.00	71.00	850.00	12000.00	42500.00	521590.43	521590.43	0.00	0.00	0.00	0.00	8.09	0.00	0.06
2	30.00	72.00	850.00	12000.00	42500.00	521590.43	521590.43	0.00	0.00	0.00	0.00	8.04	0.00	0.06
3	30.00	73.00	850.00	12000.00	42500.00	521590.43	521590.43	0.00	0.00	0.00	0.00	8.07	0.00	0.06
4	30.00	74.00	850.00	12000.00	42500.00	521590.43	521590.43	0.00	0.00	0.00	0.00	8.10	0.00	0.06
5	31.00	74.00	850.00	12000.00	42500.00	521590.43	521590.43	0.00	0.00	0.00	0.00	8.03	0.00	0.06
6	31.00	25.00	850.00	12000.00	42500.00	521590.43	521590.43	0.00	0.00	0.00	0.00	3.10	0.00	0.06
7	32.00	25.00	850.00	12000.00	42500.00	521590.43	521590.43	0.00	0.00	0.00	0.00	3.04	0.00	0.06
8	33.00	25.00	850.00	12000.00	42500.00	521590.43	521590.43	0.00	0.00	0.00	0.00	2.99	0.00	0.06
9	34.00	25.00	850.00	12000.00	42500.00	521590.43	521590.43	0.00	0.00	0.00	0.00	2.94	0.00	0.06
10	35.00	25.00	850.00	12000.00	42500.00	521590.43	521590.43	0.00	0.00	0.00	0.00	2.89	0.00	0.06
11	35.00	26.00	850.00	12000.00	42500.00	521590.43	521590.43	0.00	0.00	0.00	0.00	3.03	0.00	0.06
12	36.00	26.00	850.00	12000.00	42500.00	521590.43	521590.43	0.00	0.00	0.00	0.00	2.98	0.00	0.06
13	37.00	26.00	850.00	12000.00	42500.00	521590.43	521590.43	0.00	0.00	0.00	0.00	2.93	0.00	0.06
14	38.00	26.00	850.00	12000.00	42500.00	521590.43	521590.43	0.00	0.00	0.00	0.00	2.89	0.00	0.06
15	39.00	26.00	850.00	12000.00	42500.00	521590.43	521590.43	0.00	0.00	0.00	0.00	2.84	0.00	0.06
16	40.00	26.00	850.00	12000.00	42500.00	521590.43	521590.43	0.00	0.00	0.00	0.00	2.80	0.00	0.06
17	41.00	26.00	850.00	12000.00	42500.00	521590.43	521590.43	0.00	0.00	0.00	0.00	2.76	0.00	0.06
18	42.00	26.00	850.00	12000.00	42500.00	521590.43	521590.43	0.00	0.00	0.00	0.00	2.72	0.00	0.06
19	43.00	26.00	850.00	12000.00	42500.00	521590.43	521590.43	0.00	0.00	0.00	0.00	2.68	0.00	0.06
20	44.00	26.00	850.00	12000.00	42500.00	521590.43	521590.43	0.00	0.00	0.00	0.00	2.64	0.00	0.06
21	45.00	26.00	850.00	12000.00	42500.00	521590.43	521590.43	0.00	0.00	0.00	0.00	2.60	0.00	0.06
22	46.00	26.00	850.00	12000.00	42500.00	521590.43	521590.43	0.00	0.00	0.00	0.00	2.57	0.00	0.06
23	47.00	26.00	850.00	12000.00	42500.00	521590.43	521590.43	0.00	0.00	0.00	0.00	2.53	0.00	0.06
24	48.00	26.00	850.00	12000.00	42500.00	521590.43	521590.43	0.00	0.00	0.00	0.00	2.50	0.00	0.06
25	49.00	26.00	850.00	12000.00	42500.00	521590.43	521590.43	0.00	0.00	0.00	0.00	2.46	0.00	0.06
26	50.00	26.00	850.00	12000.00	42500.00	521590.43	521590.43	0.00	0.00	0.00	0.00	2.43	0.00	0.06
27	51.00	26.00	850.00	12000.00	42500.00	521590.43	521590.43	0.00	0.00	0.00	0.00	2.40	0.00	0.06
28	52.00	26.00	850.00	12000.00	42500.00	521590.43	521590.43	0.00	0.00	0.00	0.00	2.37	0.00	0.06
29	53.00	26.00	850.00	12000.00	42500.00	521590.43	521590.43	0.00	0.00	0.00	0.00	2.34	0.00	0.06
30	54.00	26.00	850.00	12000.00	42500.00	521590.43	521590.43	0.00	0.00	0.00	0.00	2.31	0.00	0.06
31	55.00	26.00	850.00	12000.00	42500.00	521590.43	521590.43	0.00	0.00	0.00	0.00	2.28	0.00	0.06
32	55.00	27.00	850.00	12000.00	42500.00	521590.43	521590.43	0.00	0.00	0.00	0.00	2.43	0.00	0.06
33	56.00	27.00	850.00	12000.00	42500.00	521590.43	521590.43	0.00	0.00	0.00	0.00	2.40	0.00	0.06
34	57.00	27.00	850.00	12000.00	42500.00	521590.43	521590.43	0.00	0.00	0.00	0.00	2.37	0.00	0.06
35	58.00	27.00	850.00	12000.00	42500.00	521590.43	521590.43	0.00	0.00	0.00	0.00	2.34	0.00	0.06
36	59.00	27.00	850.00	12000.00	42500.00	521590.43	521590.43	0.00	0.00	0.00	0.00	2.32	0.00	0.06
37	60.00	27.00	850.00	12000.00	42500.00	521590.43	521590.43	0.00	0.00	0.00	0.00	2.29	0.00	0.06
38	61.00	27.00	850.00	12000.00	42500.00	521590.43	521590.43	0.00	0.00	0.00	0.00	2.26	0.00	0.06
39	62.00	27.00	850.00	12000.00	42500.00	521590.43	521590.43	0.00	0.00	0.00	0.00	2.24	0.00	0.06
40	63.00	27.00	850.00	12000.00	42500.00	521590.43	521590.43	0.00	0.00	0.00	0.00	2.21	0.00	0.06
41	64.00	27.00	850.00	12000.00	42500.00	521590.43	521590.43	0.00	0.00	0.00	0.00	2.19	0.00	0.06
42	65.00	27.00	850.00	12000.00	42500.00	521590.43	521590.43	0.00	0.00	0.00	0.00	2.16	0.00	0.06
43	66.00	27.00	850.00	12000.00	42500.00	521590.43	521590.43	0.00	0.00	0.00	0.00	2.14	0.00	0.06
44	66.00	28.00	850.00	12000.00	42500.00	521590.43	521590.43	0.00	0.00	0.00	0.00	2.15	0.00	0.06
45	67.00	28.00	850.00	12000.00	42500.00	521590.43	521590.43	0.00	0.00	0.00	0.00	2.13	0.00	0.06
46	68.00	28.00	850.00	12000.00	42500.00	494927.97	494927.97	0.00	0.00	0.00	0.00	2.10	0.00	0.01
47	69.00	28.00	850.00	12000.00	42500.00	494927.97	494927.97	0.00	0.00	0.00	0.00	2.08	0.00	0.01
48	70.00	28.00	850.00	12000.00	42500.00	494927.97	494927.97	0.00	0.00	0.00	0.00	2.06	0.00	0.01
49	71.00	28.00	850.00	12000.00	42500.00	494927.97	494927.97	0.00	0.00	0.00	0.00	2.04	0.00	0.01
50	72.00	28.00	850.00	12000.00	42500.00	494927.97	494927.97	0.00	0.00	0.00	0.00	2.02	0.00	0.01
51	73.00	28.00	850.00	12000.00	42500.00	494927.97	494927.97	0.00	0.00	0.00	0.00	2.00	0.00	0.01
52	74.00	28.00	850.00	12000.00	42500.00	494927.97	494927.97	0.00	0.00	0.00	0.00	1.98	0.00	0.01
53	25.00	28.00	850.00	12000.00	42500.00	494927.97	494927.97	0.00	0.00	0.00	0.00	3.81	0.00	0.01
54	25.00	29.00	850.00	12000.00	42500.00	494927.97	494927.97	0.00	0.00	0.00	0.00	3.95	0.00	0.01
55	26.00	29.00	850.00	12000.00	42500.00	494927.97	494927.97	0.00	0.00	0.00	0.00	3.88	0.00	0.01
56	27.00	29.00	850.00	12000.00	42500.00	494927.97	494927.97	0.00	0.00	0.00	0.00	3.81	0.00	0.01
57	28.00	29.00	850.00	12000.00	42500.00	494927.97	494927.97	0.00	0.00	0.00	0.00	3.74	0.00	0.01
58	29.00	29.00	850.00	12000.00	42500.00	494927.97	494927.97	0.00	0.00	0.00	0.00	3.68	0.00	0.01
59	30.00	29.00	850.00	12000.00	42500.00	494927.97	494927.97	0.00	0.00	0.00	0.00	3.62	0.00	0.01
60	31.00	29.00	850.00	12000.00	42500.00	494927.97	494927.97	0.00	0.00	0.00	0.00	3.56	0.00	0.01
61	32.00	29.00	850.00	12000.00	42500.00	494927.97	494927.97	0.00	0.00	0.00	0.00	3.50	0.00	0.01
62	33.00	29.00	850.00	12000.00	42500.00	494927.97	494927.97	0.00	0.00	0.00	0.00	3.44	0.00	0.01
63	34.00	29.00	850.00	12000.00	42500.00	494927.97	494927.97	0.00	0.00	0.00	0.00	3.39	0.00	0.01
64	35.00	29.00	850.00	12000.00	42500.00	494927.97	494927.97	0.00	0.00	0.00	0.00	3.33	0.00	0.01
65	36.00	29.00	850.00	12000.00	42500.00	494927.97	494927.97	0.00	0.00	0.00	0.00	3.28	0.00	0.01
66	36.00	30.00	850.00	12000.00	42500.00	494927.97	494927.97	0.00	0.00	0.00	0.00	3.41	0.00	0.01
67	36.00	31.00	850.00	12000.00	42500.00	494927.97	494927.97	0.00	0.00	0.00	0.00	3.52	0.00	0.01
68	37.00	31.00	850.00	12000.00	42500.00	494927.97	494927.97	0.00	0.00	0.00	0.00	3.47	0.00	0.01
69	38.00	31.00	850.00	12000.00	42500.00	494927.97	494927.97	0.00	0.00	0.00	0.00	3.42	0.00	0.01
70	39.00	31.00	850.00	12000.00	42500.00	494927.97	494927.97	0.00	0.00	0.00	0.00	3.37	0.00	0.01
71	40.00	31.00	850.00	12000.00	42500.00	494927.97	494927.97	0.00	0.00	0.00	0.00	3.33	0.00	0.01
72	41.00	31.00	850.00	12000.00	42500.00	494927.97	494927.97	0.00	0.00	0.00	0.00	3.28	0.00	0.01
73	41.00	32.00	850.00	12000.00	42500.00	494927.97	494927.97	0.00	0.00	0.00	0.00	3.27	0.00	0.01
74	42.00	32.00	850.00	12000.00	42500.00	494927.97	494927.97	0.00	0.00	0.00	0.00	3.23	0.00	0.01
75	43.00	32.00	850.00	12000.00	42500.00	494927.97	494927.97	0.00	0.00	0.00	0.00	3.19	0.00	0.01
76	44.00	32.00	850.00	12000.00	42500.00	494927.97	494927.97	0.00	0.00	0.00	0.00	3.14	0.00	0.01
77	45.00	32.00	850.00	12000.00	42500.00	494927.97	494927.97	0.00	0.00	0.00	0.00	3.10	0.00	0.01
78	45.00	33.00	850.00	12000.00	42500.00	494927.97	494927.97	0.00	0.00	0.00	0.00	3.21	0.00	0.01
79	46.00	33.00	850.00	12000.00	42500.00	494927.97	494927.97	0.00	0.00	0.00	0.00	3.17	0.00	0.01
80	47.00	33.00	850.00	12000.00	42500.00	494927.97	494927.97	0.00	0.00	0.00	0.00	3.13	0.00	0.01
81	48.00	33.00	850.00	12000.00	42500.00	494927.97	494927.97	0.00	0.00	0.00	0.00	3.09	0.00	0.01
82	49.00	33.00	850.00	12000.00	42500.00	494927.97	494927.97	0.00	0.00	0.00	0.00	3.05	0.00	0.01
83	50.00	33.00	850.00	12000.00	42500.00	494927.97	494927.97	0.00	0.00	0.00	0.00	3.02	0.00	0.01
84	51.00	33.00	850.00	12000.00	42500.00	494927.97	494927.97	0.00	0.00	0.00	0.00	2.98	0.00	0.01
85	52.00	33.00	850.00	12000.00	42500.00	494927.97	494927.97	0.00	0.00	0.00	0.00	2.95	0.00	0.01
86	53.00	33.00	850.00	12000.00	42500.00	494927.97	494927.97	0.00	0.00	0.00	0.00	2.91	0.00	0.01
87	53.00	34.00	850.00	12000.00	42500.00	494927.97	494927.97	0.00	0.00	0.00	0.00	3.01	0.00	0.01
88	53.00	35.00	850.00	12000.00	42500.00	494927.97	494927.97	0.00	0.00	0.00	0.00	3.10	0.00	0.01
89	54.00	35.00	850.00	12000.00	42500.00	494927.97	494927.97	0.00	0.00	0.00	0.00	3.07	0.00	0.01
90	55.00	35.00	850.00	12000.00	42500.00	494927.97	494927.97	0.00	0.00	0.00	0.00	3.04	0.00	0.01
91	56.00	35.00	850.00	12000.00	42500.00	494927.97	494927.97	0.00	0.00	0.00	0.00	3.00	0.00	0.01
92	57.00	35.00	850.00	12000.00	42500.00	494927.97	494927.97	0.00	0.00	0.00	0.00	2.97	0.00	0.01
93	58.00	35.00	850.00	12000.00	42500.00	494927.97	494927.97	0.00	0.00	0.00	0.00	2.94	0.00	0.01
94	59.00	35.00	850.00	12000.00	42500.00	494927.97	494927.97	0.00	0.00	0.00	0.00	2.91	0.00	0.01
95	60.00	35.00	850.00	12000.00	42500.00	494927.97	494927.97	0.00	0.00	0.00	0.00	2.88	0.00	0.01
96	61.00	35.00	850.00	12000.00	42500.00	494927.97	494927.97	0.00	0.00	0.00	0.00	2.85	0.00	0.01
97	61.00	36.00	850.00	12000.00	42500.00	494927.97	494927.97	0.00	0.00	0.00	0.00	2.93	0.00	0.01
98	62.00	36.00	850.00	12000.00	42500.00	494927.97	494927.97	0.00	0.00	0.00	0.00	2.90	0.00	0.01
99	63.00	36.00	850.00	12000.00	42500.00	494927.97	494927.97	0.00	0.00	0.00	0.00	2.88	0.00	0.01
100	64.00	36.00	850.00	12000.00	42500.00	494927.97	494927.97	0.00	0.00	0.00	0.00	2.85	0.00	0.01
101	65.00	36.00	722.50	14400.00	36125.00	494927.97	494927.97	0.00	0.00	0.00	0.00	2.82	0.00	0.01
102	66.00	36.00	722.50	14400.00	36125.00	494927.97	494927.97	0.00	0.00	0.00	0.00	2.79	0.00	0.01
103	67.00	36.00	722.50	14400.00	36125.00	494927.97	494927.97	0.00	0.00	0.00	0.00	2.76	0.00	0.01
104	67.00	37.00	722.50	14400.00	36125.00	494927.97	494927.97	0.00	0.00	0.00	0.00	2.76	0.00	0.01
105	68.00	37.00	722.50	14400.00	36125.00	494927.97	494927.97	0.00	0.00	0.00	0.00	2.74	0.00	0.01
106	69.00	37.00	722.50	14400.00	36125.00	494927.97	494927.97	0.00	0.00	0.00	0.00	2.71	0.00	0.01
107	70.00	37.00	722.50	14400.00	36125.00	494927.97	494927.97	0.00	0.00	0.00	0.00	2.69	0.00	0.01
108	70.00	38.00	722.50	14400.00	36125.00	494927.97	494927.97	0.00	0.00	0.00	0.00	2.69	0.00	0.01
109	71.00	38.00	722.50	14400.00	36125.00	494927.97	494927.97	0.00	0.00	0.00	0.00	2.66	0.00	0.01
110	71.00	39.00	722.50	14400.00	36125.00	494927.97	494927.97	0.00	0.00	0.00	0.00	2.74	0.00	0.01
111	72.00	39.00	722.50	14400.00	36125.00	494927.97	494927.97	0.00	0.00	0.00	0.00	2.72	0.00	0.01
112	73.00	39.00	722.50	14400.00	36125.00	494927.97	494927.97	0.00	0.00	0.00	0.00	2.69	0.00	0.01
113	73.00	40.00	722.50	14400.00	36125.00	494927.97	494927.97	0.00	0.00	0.00	0.00	2.77	0.00	0.01
114	74.00	40.00	722.50	14400.00	36125.00	494927.97	494927.97	0.00	0.00	0.00	0.00	2.75	0.00	0.01
115	25.00	40.00	722.50	14400.00	36125.00	494927.97	494927.97	0.00	0.00	0.00	0.00	4.82	0.00	0.01
116	26.00	40.00	722.50	14400.00	36125.00	494927.97	494927.97	0.00	0.00	0.00	0.00	4.74	0.00	0.01
117	27.00	40.00	722.50	14400.00	36125.00	494927.97	494927.97	0.00	0.00	0.00	0.00	4.67	0.00	0.01
118	28.00	40.00	722.50	14400.00	36125.00	494927.97	494927.97	0.00	0.00	0.00	0.00	4.60	0.00	0.01
119	29.00	40.00	722.50	14400.00	36125.00	494927.97	494927.97	0.00	0.00	0.00	0.00	4.54	0.00	0.01
120	30.00	40.00	722.50	14400.00	36125.00	494927.97	494927.97	0.00	0.00	0.00	0.00	4.47	0.00	0.01
121	31.00	40.00	722.50	14400.00	36125.00	494927.97	494927.97	0.00	0.00	0.00	0.00	4.41	0.00	0.01
122	31.00	41.00	722.50	14400.00	36125.00	494927.97	494927.97	0.00	0.00	0.00	0.00	4.51	0.00	0.01
123	31.00	42.00	722.50	14400.00	36125.00	494927.97	494927.97	0.00	0.00	0.00	0.00	4.60	0.00	0.01
124	32.00	42.00	722.50	14400.00	36125.00	494927.97	494927.97	0.00	0.00	0.00	0.00	4.54	0.00	0.01
125	33.00	42.00	722.50	14400.00	36125.00	494927.97	494927.97	0.00	0.00	0.00	0.00	4.48	0.00	0.01
126	34.00	42.00	722.50	14400.00	36125.00	494927.97	494927.97	0.00	0.00	0.00	0.00	4.42	0.00	0.01
127	35.00	42.00	722.50	14400.00	36125.00	494927.97	494927.97	0.00	0.00	0.00	0.00	4.36	0.00	0.01
128	35.00	43.00	722.50	14400.00	36125.00	494927.97	494927.97	0.00	0.00	0.00	0.00	4.45	0.00	0.01
129	36.00	43.00	722.50	14400.00	36125.00	494927.97	494927.97	0.00	0.00	0.00	0.00	4.40	0.00	0.01
130	37.00	43.00	722.50	14400.00	36125.00	494927.97	494927.97	0.00	0.00	0.00	0.00	4.34	0.00	0.01
131	38.00	43.00	722.50	14400.00	36125.00	494927.97	494927.97	0.00	0.00	0.00	0.00	4.29	0.00	0.01
132	39.00	43.00	722.50	14400.00	36125.00	494927.97	494927.97	0.00	0.00	0.00	0.00	4.24	0.00	0.01
133	40.00	43.00	722.50	14400.00	36125.00	494927.97	494927.97	0.00	0.00	0.00	0.00	4.18	0.00	0.01
134	41.00	43.00	722.50	14400.00	36125.00	494927.97	494927.97	0.00	0.00	0.00	0.00	4.14	0.00	0.01
135	42.00	43.00	722.50	14400.00	36125.00	494927.97	494927.97	0.00	0.00	0.00	0.00	4.09	0.00	0.01
136	43.00	43.00	722.50	14400.00	36125.00	494927.97	494927.97	0.00	0.00	0.00	0.00	4.04	0.00	0.01
137	44.00	43.00	722.50	14400.00	36125.00	494927.97	494927.97	0.00	0.00	0.00	0.00	3.99	0.00	0.01
138	44.00	44.00	722.50	14400.00	36125.00	494927.97	494927.97	0.00	0.00	0.00	0.00	4.08	0.00	0.01
139	45.00	44.00	722.50	14400.00	36125.00	494927.97	494927.97	0.00	0.00	0.00	0.00	4.03	0.00	0.01
140	45.00	45.00	722.50	14400.00	36125.00	494927.97	494927.97	0.00	0.00	0.00	0.00	4.11	0.00	0.01
141	45.00	46.00	722.50	14400.00	36125.00	494927.97	494927.97	0.00	0.00	0.00	0.00	4.22	0.00	0.01
142	45.00	47.00	722.50	14400.00	36125.00	494927.97	494927.97	0.00	0.00	0.00	0.00	4.30	0.00	0.01
143	45.00	48.00	722.50	14400.00	36125.00	494927.97	494927.97	0.00	0.00	0.00	0.00	4.29	0.00	0.01
144	46.00	48.00	722.50	14400.00	36125.00	494927.97	494927.97	0.00	0.00	0.00	0.00	4.24	0.00	0.01
145	47.00	48.00	722.50	14400.00	36125.00	494927.97	494927.97	0.00	0.00	0.00	0.00	4.20	0.00	0.01
146	48.00	48.00	722.50	14400.00	36125.00	494927.97	494927.97	0.00	0.00	0.00	0.00	4.15	0.00	0.01
147	49.00	48.00	722.50	14400.00	36125.00	494927.97	494927.97	0.00	0.00	0.00	0.00	4.11	0.00	0.01
148	50.00	48.00	722.50	14400.00	36125.00	494927.97	494927.97	0.00	0.00	0.00	0.00	4.07	0.00	0.01
149	50.00	49.00	722.50	14400.00	36125.00	494927.97	494927.97	0.00	0.00	0.00	0.00	4.06	0.00	0.01
150	50.00	50.00	722.50	14400.00	36125.00	494927.97	494927.97	0.00	0.00	0.00	0.00	4.13	0.00	0.01
151	51.00	50.00	722.50	14400.00	36125.00	494927.97	494927.97	0.00	0.00	0.00	0.00	4.09	0.00	0.01
152	52.00	50.00	722.50	14400.00	36125.00	494927.97	494927.97	0.00	0.00	0.00	0.00	4.05	0.00	0.01
153	53.00	50.00	722.50	14400.00	36125.00	494927.97	494927.97	0.00	0.00	0.00	0.00	4.01	0.00	0.01
154	54.00	50.00	722.50	14400.00	36125.00	494927.97	494927.97	0.00	0.00	0.00	0.00	3.97	0.00	0.01
155	55.00	50.00	722.50	14400.00	36125.00	494927.97	494927.97	0.00	0.00	0.00	0.00	3.93	0.00	0.01
156	56.00	50.00	722.50	14400.00	36125.00	494927.97	494927.97	0.00	0.00	0.00	0.00	3.90	0.00	0.01
157	57.00	50.00	722.50	14400.00	36125.00	494927.97	494927.97	0.00	0.00	0.00	0.00	3.86	0.00	0.01
158	57.00	51.00	722.50	14400.00	36125.00	494927.97	494927.97	0.00	0.00	0.00	0.00	3.93	0.00	0.01
159	58.00	51.00	722.50	14400.00	36125.00	494927.97	494927.97	0.00	0.00	0.00	0.00	3.89	0.00	0.01
160	58.00	52.00	722.50	14400.00	36125.00	494927.97	494927.97	0.00	0.00	0.00	0.00	3.96	0.00	0.01
161	59.00	52.00	722.50	14400.00	36125.00	494927.97	494927.97	0.00	0.00	0.00	0.00	3.93	0.00	0.01
162	60.00	52.00	722.50	14400.00	36125.00	494927.97	494927.97	0.00	0.00	0.00	0.00	3.89	0.00	0.01
163	60.00	53.00	722.50	14400.00	36125.00	494927.97	494927.97	0.00	0.00	0.00	0.00	4.03	0.00	0.01
164	60.00	54.00	722.50	14400.00	36125.00	494927.97	494927.97	0.00	0.00	0.00	0.00	4.02	0.00	0.01
165	60.00	55.00	722.50	14400.00	36125.00	494927.97	494927.97	0.00	0.00	0.00	0.00	4.01	0.00	0.01
166	61.00	55.00	722.50	14400.00	36125.00	494927.97	494927.97	0.00	0.00	0.00	0.00	3.98	0.00	0.01
167	62.00	55.00	722.50	14400.00	36125.00	494927.97	494927.97	0.00	0.00	0.00	0.00	3.94	0.00	0.01
168	63.00	55.00	722.50	14400.00	36125.00	494927.97	494927.97	0.00	0.00	0.00	0.00	3.91	0.00	0.01
169	64.00	55.00	722.50	14400.00	36125.00	494927.97	494927.97	0.00	0.00	0.00	0.00	3.88	0.00	0.01
170	65.00	55.00	722.50	14400.00	36125.00	494927.97	494927.97	0.00	0.00	0.00	0.00	3.84	0.00	0.01
171	65.00	56.00	722.50	14400.00	36125.00	494927.97	494927.97	0.00	0.00	0.00	0.00	3.91	0.00	0.01
172	65.00	57.00	722.50	14400.00	36125.00	494927.97	494927.97	0.00	0.00	0.00	0.00	3.90	0.00	0.01
173	66.00	57.00	722.50	14400.00	36125.00	494927.97	494927.97	0.00	0.00	0.00	0.00	3.87	0.00	0.01
174	67.00	57.00	722.50	14400.00	36125.00	494927.97	494927.97	0.00	0.00	0.00	0.00	3.83	0.00	0.01
175	67.00	58.00	722.50	14400.00	36125.00	494927.97	494927.97	0.00	0.00	0.00	0.00	3.83	0.00	0.01
176	68.00	58.00	722.50	14400.00	36125.00	494927.97	494927.97	0.00	0.00	0.00	0.00	3.80	0.00	0.01
177	69.00	58.00	722.50	14400.00	36125.00	494927.97	494927.97	0.00	0.00	0.00	0.00	3.77	0.00	0.01
178	70.00	58.00	722.50	14400.00	36125.00	494927.97	494927.97	0.00	0.00	0.00	0.00	3.74	0.00	0.01
179	71.00	58.00	722.50	14400.00	36125.00	494927.97	494927.97	0.00	0.00	0.00	0.00	3.71	0.00	0.01
180	72.00	58.00	722.50	14400.00	36125.00	494927.97	494927.97	0.00	0.00	0.00	0.00	3.68	0.00	0.01
181	73.00	58.00	722.50	14400.00	36125.00	494927.97	494927.97	0.00	0.00	0.00	0.00	3.65	0.00	0.01
182	74.00	58.00	722.50	14400.00	36125.00	494927.97	494927.97	0.00	0.00	0.00	0.00	3.62	0.00	0.01
183	25.00	58.00	722.50	14400.00	36125.00	494927.97	494927.97	0.00	0.00	0.00	0.00	5.76	0.00	0.01
184	26.00	58.00	722.50	14400.00	36125.00	494927.97	494927.97	0.00	0.00	0.00	0.00	5.69	0.00	0.01
185	27.00	58.00	722.50	14400.00	36125.00	494927.97	494927.97	0.00	0.00	0.00	0.00	5.63	0.00	0.01
186	28.00	58.00	722.50	14400.00	36125.00	494927.97	494927.97	0.00	0.00	0.00	0.00	5.56	0.00	0.01
187	29.00	58.00	722.50	14400.00	36125.00	494927.97	494927.97	0.00	0.00	0.00	0.00	5.50	0.00	0.01
188	30.00	58.00	722.50	14400.00	36125.00	494927.97	494927.97	0.00	0.00	0.00	0.00	5.44	0.00	0.01
189	31.00	58.00	722.50	14400.00	36125.00	494927.97	494927.97	0.00	0.00	0.00	0.00	5.37	0.00	0.01
190	32.00	58.00	722.50	14400.00	36125.00	494927.97	494927.97	0.00	0.00	0.00	0.00	5.31	0.00	0.01
191	33.00	58.00	722.50	14400.00	36125.00	494927.97	494927.97	0.00	0.00	0.00	0.00	5.26	0.00	0.01
192	33.00	59.00	722.50	14400.00	36125.00	494927.97	494927.97	0.00	0.00	0.00	0.00	5.32	0.00	0.01
193	34.00	59.00	722.50	14400.00	36125.00	494927.97	494927.97	0.00	0.00	0.00	0.00	5.27	0.00	0.01
194	35.00	59.00	722.50	14400.00	36125.00	494927.97	494927.97	0.00	0.00	0.00	0.00	5.21	0.00	0.01
195	36.00	59.00	722.50	14400.00	36125.00	494927.97	494927.97	0.00	0.00	0.00	0.00	5.16	0.00	0.01
196	37.00	59.00	722.50	14400.00	36125.00	494927.97	494927.97	0.00	0.00	0.00	0.00	5.10	0.00	0.01
197	38.00	59.00	722.50	14400.00	36125.00	494927.97	494927.97	0.00	0.00	0.00	0.00	5.05	0.00	0.01
198	39.00	59.00	722.50	14400.00	36125.00	494927.97	494927.97	0.00	0.00	0.00	0.00	5.00	0.00	0.01
199	40.00	59.00	722.50	14400.00	36125.00	494927.97	494927.97	0.00	0.00	0.00	0.00	4.95	0.00	0.01
200	41.00	59.00	722.50	14400.00	36125.00	494927.97	494927.97	0.00	0.00	0.00	0.00	4.90	0.00	0.01
201	42.00	59.00	614.12	17280.00	30706.25	494927.97	494927.97	0.00	0.00	0.00	0.00	4.85	0.00	0.01
202	43.00	59.00	614.12	17280.00	30706.25	494927.97	494927.97	0.00	0.00	0.00	0.00	4.80	0.00	0.01
203	44.00	59.00	614.12	17280.00	30706.25	494927.97	494927.97	0.00	0.00	0.00	0.00	4.75	0.00	0.01
204	45.00	59.00	614.12	17280.00	30706.25	494927.97	494927.97	0.00	0.00	0.00	0.00	4.71	0.00	0.01
205	46.00	59.00	614.12	17280.00	30706.25	494927.97	494927.97	0.00	0.00	0.00	0.00	4.66	0.00	0.01
206	47.00	59.00	614.12	17280.00	30706.25	494927.97	494927.97	0.00	0.00	0.00	0.00	4.62	0.00	0.01
207	48.00	59.00	614.12	17280.00	30706.25	494927.97	494927.97	0.00	0.00	0.00	0.00	4.58	0.00	0.01
208	49.00	59.00	614.12	17280.00	30706.25	494927.97	494927.97	0.00	0.00	0.00	0.00	4.53	0.00	0.01
209	50.00	59.00	614.12	17280.00	30706.25	494927.97	494927.97	0.00	0.00	0.00	0.00	4.49	0.00	0.01
210	51.00	59.00	614.12	17280.00	30706.25	494927.97	494927.97	0.00	0.00	0.00	0.00	4.45	0.00	0.01
211	52.00	59.00	614.12	17280.00	30706.25	494927.97	494927.97	0.00	0.00	0.00	0.00	4.41	0.00	0.01
212	53.00	59.00	614.12	17280.00	30706.25	494927.97	494927.97	0.00	0.00	0.00	0.00	4.37	0.00	0.01
213	54.00	59.00	614.12	17280.00	30706.25	494927.97	494927.97	0.00	0.00	0.00	0.00	4.33	0.00	0.01
214	55.00	59.00	614.12	17280.00	30706.25	494927.97	494927.97	0.00	0.00	0.00	0.00	4.30	0.00	0.01
215	56.00	59.00	614.12	17280.00	30706.25	494927.97	494927.97	0.00	0.00	0.00	0.00	4.26	0.00	0.01
216	57.00	59.00	614.12	17280.00	30706.25	494927.97	494927.97	0.00	0.00	0.00	0.00	4.22	0.00	0.01
217	57.00	60.00	614.12	17280.00	30706.25	494927.97	494927.97	0.00	0.00	0.00	0.00	4.21	0.00	0.01
218	58.00	60.00	614.12	17280.00	30706.25	494927.97	494927.97	0.00	0.00	0.00	0.00	4.17	0.00	0.01
219	59.00	60.00	614.12	17280.00	30706.25	494927.97	494927.97	0.00	0.00	0.00	0.00	4.14	0.00	0.01
220	60.00	60.00	614.12	17280.00	30706.25	494927.97	494927.97	0.00	0.00	0.00	0.00	4.10	0.00	0.01
221	61.00	60.00	614.12	17280.00	30706.25	494927.97	494927.97	0.00	0.00	0.00	0.00	4.07	0.00	0.01
222	62.00	60.00	614.12	17280.00	30706.25	494927.97	494927.97	0.00	0.00	0.00	0.00	4.04	0.00	0.01
223	63.00	60.00	614.12	17280.00	30706.25	494927.97	494927.97	0.00	0.00	0.00	0.00	4.00	0.00	0.01
224	63.00	61.00	614.12	17280.00	30706.25	494927.97	494927.97	0.00	0.00	0.00	0.00	4.00	0.00	0.01
225	64.00	61.00	614.12	17280.00	30706.25	494927.97	494927.97	0.00	0.00	0.00	0.00	3.96	0.00	0.01
226	64.00	62.00	614.12	17280.00	30706.25	494927.97	494927.97	0.00	0.00	0.00	0.00	4.02	0.00	0.01
227	65.00	62.00	614.12	17280.00	30706.25	494927.97	494927.97	0.00	0.00	0.00	0.00	3.99	0.00	0.01
228	66.00	62.00	614.12	17280.00	30706.25	494927.97	494927.97	0.00	0.00	0.00	0.00	3.96	0.00	0.01
229	67.00	62.00	614.12	17280.00	30706.25	494927.97	494927.97	0.00	0.00	0.00	0.00	3.93	0.00	0.01
230	68.00	62.00	614.12	17280.00	30706.25	494927.97	494927.97	0.00	0.00	0.00	0.00	3.90	0.00	0.01
231	68.00	63.00	614.12	17280.00	30706.25	494927.97	494927.97	0.00	0.00	0.00	0.00	3.89	0.00	0.01
232	68.00	64.00	614.12	17280.00	30706.25	494927.97	494927.97	0.00	0.00	0.00	0.00	3.95	0.00	0.01
233	68.00	65.00	614.12	17280.00	30706.25	494927.97	494927.97	0.00	0.00	0.00	0.00	4.02	0.00	0.01
234	69.00	65.00	614.12	17280.00	30706.25	494927.97	494927.97	0.00	0.00	0.00	0.00	3.99	0.00	0.01
235	70.00	65.00	614.12	17280.00	30706.25	494927.97	494927.97	0.00	0.00	0.00	0.00	3.97	0.00	0.01
236	71.00	65.00	614.12	17280.00	30706.25	494927.97	494927.97	0.00	0.00	0.00	0.00	3.94	0.00	0.01
237	71.00	66.00	614.12	17280.00	30706.25	494927.97	494927.97	0.00	0.00	0.00	0.00	3.99	0.00	0.01
238	72.00	66.00	614.12	17280.00	30706.25	494927.97	494927.97	0.00	0.00	0.00	0.00	3.96	0.00	0.01
239	72.00	67.00	614.12	17280.00	30706.25	494927.97	494927.97	0.00	0.00	0.00	0.00	4.02	0.00	0.01
240	73.00	67.00	614.12	17280.00	30706.25	494927.97	494927.97	0.00	0.00	0.00	0.00	3.99	0.00	0.01
241	74.00	67.00	614.12	17280.00	30706.25	494927.97	494927.97	0.00	0.00	0.00	0.00	3.96	0.00	0.01
242	74.00	68.00	614.12	17280.00	30706.25	494927.97	494927.97	0.00	0.00	0.00	0.00	4.01	0.00	0.01
243	25.00	68.00	614.12	17280.00	30706.25	494927.97	494927.97	0.00	0.00	0.00	0.00	6.12	0.00	0.01
244	26.00	68.00	614.12	17280.00	30706.25	494927.97	494927.97	0.00	0.00	0.00	0.00	6.06	0.00	0.01
245	27.00	68.00	614.12	17280.00	30706.25	494927.97	494927.97	0.00	0.00	0.00	0.00	6.00	0.00	0.01
246	28.00	68.00	614.12	17280.00	30706.25	494927.97	494927.97	0.00	0.00	0.00	0.00	5.93	0.00	0.01
247	28.00	69.00	614.12	17280.00	30706.25	494927.97	494927.97	0.00	0.00	0.00	0.00	5.99	0.00	0.01
248	28.00	70.00	614.12	17280.00	30706.25	494927.97	494927.97	0.00	0.00	0.00	0.00	6.07	0.00	0.01
249	29.00	70.00	614.12	17280.00	30706.25	494927.97	494927.97	0.00	0.00	0.00	0.00	6.01	0.00	0.01
250	29.00	71.00	614.12	17280.00	30706.25	494927.97	494927.97	0.00	0.00	0.00	0.00	6.07	0.00	0.01
251	30.00	71.00	614.12	17280.00	30706.25	494927.97	494927.97	0.00	0.00	0.00	0.00	6.01	0.00	0.01
252	31.00	71.00	614.12	17280.00	30706.25	494927.97	494927.97	0.00	0.00	0.00	0.00	5.95	0.00	0.01
253	32.00	71.00	614.12	17280.00	30706.25	494927.97	494927.97	0.00	0.00	0.00	0.00	5.89	0.00	0.01
254	33.00	71.00	614.12	17280.00	30706.25	494927.97	494927.97	0.00	0.00	0.00	0.00	5.83	0.00	0.01
255	34.00	71.00	614.12	17280.00	30706.25	494927.97	494927.97	0.00	0.00	0.00	0.00	5.78	0.00	0.01
256	35.00	71.00	614.12	17280.00	30706.25	494927.97	494927.97	0.00	0.00	0.00	0.00	5.72	0.00	0.01
257	35.00	72.00	614.12	17280.00	30706.25	494927.97	494927.97	0.00	0.00	0.00	0.00	5.70	0.00	0.01
258	36.00	72.00	614.12	17280.00	30706.25	494927.97	494927.97	0.00	0.00	0.00	0.00	5.64	0.00	0.01
259	37.00	72.00	614.12	17280.00	30706.25	494927.97	494927.97	0.00	0.00	0.00	0.00	5.59	0.00	0.01
260	38.00	72.00	614.12	17280.00	30706.25	494927.97	494927.97	0.00	0.00	0.00	0.00	5.54	0.00	0.01
261	38.00	73.00	614.12	17280.00	30706.25	494927.97	494927.97	0.00	0.00	0.00	0.00	5.59	0.00	0.01
262	38.00	74.00	614.12	17280.00	30706.25	494927.97	494927.97	0.00	0.00	0.00	0.00	5.57	0.00	0.01
263	39.00	74.00	614.12	17280.00	30706.25	494927.97	494927.97	0.00	0.00	0.00	0.00	5.52	0.00	0.01
264	40.00	74.00	614.12	17280.00	30706.25	494927.97	494927.97	0.00	0.00	0.00	0.00	5.47	0.00	0.01
265	41.00	74.00	614.12	17280.00	30706.25	494927.97	494927.97	0.00	0.00	0.00	0.00	5.42	0.00	0.01
266	42.00	74.00	614.12	17280.00	30706.25	494927.97	494927.97	0.00	0.00	0.00	0.00	5.38	0.00	0.01
267	43.00	74.00	614.12	17280.00	30706.25	494927.97	494927.97	0.00	0.00	0.00	0.00	5.33	0.00	0.01
268	43.00	25.00	614.12	17280.00	30706.25	494927.97	494927.97	0.00	0.00	0.00	0.00	1.92	0.00	0.01
269	44.00	25.00	614.12	17280.00	30706.25	494927.97	494927.97	0.00	0.00	0.00	0.00	1.90	0.00	0.01
270	45.00	25.00	614.12	17280.00	30706.25	494927.97	494927.97	0.00	0.00	0.00	0.00	1.87	0.00	0.01
271	46.00	25.00	614.12	17280.00	30706.25	494927.97	494927.97	0.00	0.00	0.00	0.00	1.84	0.00	0.01
272	47.00	25.00	614.12	17280.00	30706.25	494927.97	494927.97	0.00	0.00	0.00	0.00	1.82	0.00	0.01
273	48.00	25.00	614.12	17280.00	30706.25	494927.97	494927.97	0.00	0.00	0.00	0.00	1.79	0.00	0.01
274	48.00	26.00	614.12	17280.00	30706.25	494927.97	494927.97	0.00	0.00	0.00	0.00	1.92	0.00	0.01
275	49.00	26.00	614.12	17280.00	30706.25	494927.97	494927.97	0.00	0.00	0.00	0.00	1.90	0.00	0.01
276	50.00	26.00	614.12	17280.00	30706.25	494927.97	494927.97	0.00	0.00	0.00	0.00	1.87	0.00	0.01
277	51.00	26.00	614.12	17280.00	30706.25	494927.97	494927.97	0.00	0.00	0.00	0.00	1.85	0.00	0.01
278	51.00	27.00	614.12	17280.00	30706.25	494927.97	494927.97	0.00	0.00	0.00	0.00	1.97	0.00	0.01
279	51.00	28.00	614.12	17280.00	30706.25	494927.97	494927.97	0.00	0.00	0.00	0.00	2.09	0.00	0.01
280	52.00	28.00	614.12	17280.00	30706.25	494927.97	494927.97	0.00	0.00	0.00	0.00	2.06	0.00	0.01
281	53.00	28.00	614.12	17280.00	30706.25	494927.97	494927.97	0.00	0.00	0.00	0.00	2.04	0.00	0.01
282	54.00	28.00	614.12	17280.00	30706.25	494927.97	494927.97	0.00	0.00	0.00	0.00	2.01	0.00	0.01
283	55.00	28.00	614.12	17280.00	30706.25	494927.97	494927.97	0.00	0.00	0.00	0.00	1.99	0.00	0.01
284	56.00	28.00	614.12	17280.00	30706.25	494927.97	494927.97	0.00	0.00	0.00	0.00	1.96	0.00	0.01
285	57.00	28.00	614.12	17280.00	30706.25	494927.97	494927.97	0.00	0.00	0.00	0.00	1.94	0.00	0.01
286	57.00	29.00	614.12	17280.00	30706.25	494927.97	494927.97	0.00	0.00	0.00	0.00	1.95	0.00	0.01
287	58.00	29.00	614.12	17280.00	30706.25	494927.97	494927.97	0.00	0.00	0.00	0.00	1.93	0.00	0.01
288	59.00	29.00	614.12	17280.00	30706.25	494927.97	494927.97	0.00	0.00	0.00	0.00	1.91	0.00	0.01
289	59.00	30.00	614.12	17280.00	30706.25	494927.97	494927.97	0.00	0.00	0.00	0.00	2.01	0.00	0.01
290	60.00	30.00	614.12	17280.00	30706.25	494927.97	494927.97	0.00	0.00	0.00	0.00	1.99	0.00	0.01
291	61.00	30.00	614.12	17280.00	30706.25	494927.97	494927.97	0.00	0.00	0.00	0.00	1.97	0.00	0.01
292	62.00	30.00	614.12	17280.00	30706.25	494927.97	494927.97	0.00	0.00	0.00	0.00	1.95	0.00	0.01
293	62.00	31.00	614.12	17280.00	30706.25	494927.97	494927.97	0.00	0.00	0.00	0.00	1.96	0.00	0.01
294	63.00	31.00	614.12	17280.00	30706.25	494927.97	494927.97	0.00	0.00	0.00	0.00	1.94	0.00	0.01
295	64.00	31.00	614.12	17280.00	30706.25	494927.97	494927.97	0.00	0.00	0.00	0.00	1.92	0.00	0.01
296	65.00	31.00	614.12	17280.00	30706.25	494927.97	494927.97	0.00	0.00	0.00	0.00	1.90	0.00	0.01
297	66.00	31.00	614.12	17280.00	30706.25	494927.97	494927.97	0.00	0.00	0.00	0.00	1.88	0.00	0.01
298	67.00	31.00	614.12	17280.00	30706.25	494927.97	494927.97	0.00	0.00	0.00	0.00	1.86	0.00	0.01
299	68.00	31.00	614.12	17280.00	30706.25	494927.97	494927.97	0.00	0.00	0.00	0.00	1.84	0.00	0.01
300	69.00	31.00	614.12	17280.00	30706.25	494927.97	494927.97	0.00	0.00	0.00	0.00	1.82	0.00	0.01
301	70.00	31.00	522.01	20736.00	26100.31	494927.97	494927.97	0.00	0.00	0.00	0.00	1.80	0.00	0.01
302	71.00	31.00	522.01	20736.00	26100.31	492504.11	492504.11	0.00	0.00	0.00	0.00	1.79	0.00	0.00
303	72.00	31.00	522.01	20736.00	26100.31	492504.11	492504.11	0.00	0.00	0.00	0.00	1.77	0.00	0.00
304	73.00	31.00	522.01	20736.00	26100.31	492504.11	492504.11	0.00	0.00	0.00	0.00	1.75	0.00	0.00
305	73.00	32.00	522.01	20736.00	26100.31	492504.11	492504.11	0.00	0.00	0.00	0.00	1.84	0.00	0.00
306	74.00	32.00	522.01	20736.00	26100.31	492504.11	492504.11	0.00	0.00	0.00	0.00	1.83	0.00	0.00
307	25.00	32.00	522.01	20736.00	26100.31	492504.11	492504.11	0.00	0.00	0.00	0.00	3.40	0.00	0.00
308	25.00	33.00	522.01	20736.00	26100.31	492504.11	492504.11	0.00	0.00	0.00	0.00	3.39	0.00	0.00
309	26.00	33.00	522.01	20736.00	26100.31	492504.11	492504.11	0.00	0.00	0.00	0.00	3.33	0.00	0.00
310	27.00	33.00	522.01	20736.00	26100.31	492504.11	492504.11	0.00	0.00	0.00	0.00	3.27	0.00	0.00
311	28.00	33.00	522.01	20736.00	26100.31	492504.11	492504.11	0.00	0.00	0.00	0.00	3.22	0.00	0.00
312	28.00	34.00	522.01	20736.00	26100.31	492504.11	492504.11	0.00	0.00	0.00	0.00	3.35	0.00	0.00
313	29.00	34.00	522.01	20736.00	26100.31	492504.11	492504.11	0.00	0.00	0.00	0.00	3.30	0.00	0.00
314	30.00	34.00	522.01	20736.00	26100.31	492504.11	492504.11	0.00	0.00	0.00	0.00	3.25	0.00	0.00
315	31.00	34.00	522.01	20736.00	26100.31	492504.11	492504.11	0.00	0.00	0.00	0.00	3.20	0.00	0.00
316	32.00	34.00	522.01	20736.00	26100.31	492504.11	492504.11	0.00	0.00	0.00	0.00	3.15	0.00	0.00
317	33.00	34.00	522.01	20736.00	26100.31	492504.11	492504.11	0.00	0.00	0.00	0.00	3.10	0.00	0.00
318	34.00	34.00	522.01	20736.00	26100.31	492504.11	492504.11	0.00	0.00	0.00	0.00	3.06	0.00	0.00
319	34.00	35.00	522.01	20736.00	26100.31	492504.11	492504.11	0.00	0.00	0.00	0.00	3.18	0.00	0.00
320	35.00	35.00	522.01	20736.00	26100.31	492504.11	492504.11	0.00	0.00	0.00	0.00	3.13	0.00	0.00
321	36.00	35.00	522.01	20736.00	26100.31	492504.11	492504.11	0.00	0.00	0.00	0.00	3.09	0.00	0.00
322	37.00	35.00	522.01	20736.00	26100.31	492504.11	492504.11	0.00	0.00	0.00	0.00	3.04	0.00	0.00
323	38.00	35.00	522.01	20736.00	26100.31	490080.25	490080.25	0.00	0.00	0.00	0.00	3.00	0.00	-0.00
