Skip number of rows: 40
Time used: 37,97 seconds

Problem instance parameters: 
Problem size = 14
Time windows = false
Maximum duration = 3
Best known sailing cost = 794031
Minimum number of installations = 1
Length of planning period = 7
Load factor = 1,2
Total charter cost of fleet = 589000
Maximum number of installations = 8
Minimum duration = 2

Heuristic parameters: 
Number of installations violation penalty = 50000
Fitness evaluation protocol = standard
Initial population heuristic = standard
Reference proportion of feasible individuals = 0,2
Survivor selection protocol = standard
Diversification protocol = standard
Repair protocol = standard
Gap from best known solution = 0,05
Capacity constraint violation penalty = 1000
Proportion of elite individuals = 0,4
Education rate = 1
Iterations before diversify = 2000
Genotype to phenotype converter protocol = standard
Education protocol = standard
Proportion of individuals considered for distance evaluation = 0,2
Reproduction protocol = standard
Population size = 25
Parent selection protocol = binary tournament
Number of offspring in a generation = 50
Granularity threshold in RI = 0,4
Max iterations = 5000
Duration constraint violation penalty = 10000
Repair rate = 0,5

Gen.	# feasible solutions	# infeasible solutions	cap. penality	dur. penality	num. penality	best penalized cost	best feasible cost	best cap. violation	best dur. violation	best num. violation	avg cap. violation	avg dur. violation	avg num. violation	Gap from BKS
0	0.00	50.00	1000.00	10000.00	50000.00	916077.58	0.00	0.00	0.57	0.00	525.30	74.91	3.62	0.00
1	0.00	51.00	1200.00	12000.00	60000.00	903682.14	0.00	0.00	0.25	0.00	515.00	73.44	3.55	0.00
2	0.00	52.00	1200.00	12000.00	60000.00	903682.14	0.00	0.00	0.25	0.00	506.58	72.29	3.48	0.00
3	0.00	53.00	1200.00	12000.00	60000.00	903682.14	0.00	0.00	0.25	0.00	503.62	71.76	3.47	0.00
4	0.00	54.00	1200.00	12000.00	60000.00	903682.14	0.00	0.00	0.25	0.00	494.30	71.84	3.41	0.00
5	0.00	55.00	1200.00	12000.00	60000.00	903682.14	0.00	0.00	0.25	0.00	485.31	70.95	3.35	0.00
6	0.00	56.00	1200.00	12000.00	60000.00	903682.14	0.00	0.00	0.25	0.00	476.64	70.08	3.29	0.00
7	0.00	57.00	1200.00	12000.00	60000.00	903682.14	0.00	0.00	0.25	0.00	468.28	68.90	3.23	0.00
8	0.00	58.00	1200.00	12000.00	60000.00	903682.14	0.00	0.00	0.25	0.00	460.21	68.10	3.17	0.00
9	0.00	59.00	1200.00	12000.00	60000.00	903682.14	0.00	0.00	0.25	0.00	452.41	67.03	3.12	0.00
10	0.00	60.00	1200.00	12000.00	60000.00	903682.14	0.00	0.00	0.25	0.00	452.00	66.71	3.12	0.00
11	0.00	61.00	1200.00	12000.00	60000.00	903682.14	0.00	0.00	0.25	0.00	444.62	65.79	3.07	0.00
12	0.00	62.00	1200.00	12000.00	60000.00	903682.14	0.00	0.00	0.25	0.00	437.45	65.09	3.02	0.00
13	0.00	63.00	1200.00	12000.00	60000.00	903682.14	0.00	0.00	0.25	0.00	430.51	64.25	2.97	0.00
14	0.00	64.00	1200.00	12000.00	60000.00	903682.14	0.00	0.00	0.25	0.00	423.78	63.59	2.92	0.00
15	0.00	65.00	1200.00	12000.00	60000.00	903682.14	0.00	0.00	0.25	0.00	417.26	63.09	2.88	0.00
16	0.00	66.00	1200.00	12000.00	60000.00	903682.14	0.00	0.00	0.25	0.00	410.94	63.10	2.83	0.00
17	0.00	67.00	1200.00	12000.00	60000.00	903682.14	0.00	0.00	0.25	0.00	404.80	62.18	2.79	0.00
18	0.00	68.00	1200.00	12000.00	60000.00	898522.84	0.00	0.00	0.83	0.00	398.85	61.27	2.75	0.00
19	0.00	69.00	1200.00	12000.00	60000.00	898522.84	0.00	0.00	0.83	0.00	393.07	60.70	2.71	0.00
20	0.00	70.00	1200.00	12000.00	60000.00	898522.84	0.00	0.00	0.83	0.00	392.45	60.45	2.71	0.00
21	0.00	71.00	1200.00	12000.00	60000.00	898522.84	0.00	0.00	0.83	0.00	386.93	60.64	2.68	0.00
22	0.00	72.00	1200.00	12000.00	60000.00	898522.84	0.00	0.00	0.83	0.00	381.55	59.81	2.64	0.00
23	0.00	73.00	1200.00	12000.00	60000.00	898522.84	0.00	0.00	0.83	0.00	376.33	59.41	2.60	0.00
24	0.00	74.00	1200.00	12000.00	60000.00	898522.84	0.00	0.00	0.83	0.00	371.24	58.64	2.57	0.00
25	0.00	25.00	1200.00	12000.00	60000.00	898522.84	0.00	0.00	0.83	0.00	131.97	28.34	0.96	0.00
26	0.00	26.00	1200.00	12000.00	60000.00	898522.84	0.00	0.00	0.83	0.00	126.89	28.12	0.92	0.00
27	0.00	27.00	1200.00	12000.00	60000.00	898522.84	0.00	0.00	0.83	0.00	122.27	28.51	0.89	0.00
28	1.00	27.00	1200.00	12000.00	60000.00	898522.84	905529.86	0.00	0.83	0.00	117.90	27.49	0.86	0.14
29	1.00	28.00	1200.00	12000.00	60000.00	898522.84	905529.86	0.00	0.83	0.00	113.84	26.70	0.83	0.14
30	1.00	29.00	1200.00	12000.00	60000.00	898522.84	905529.86	0.00	0.83	0.00	110.04	26.03	0.80	0.14
31	1.00	30.00	1200.00	12000.00	60000.00	898522.84	905529.86	0.00	0.83	0.00	106.49	25.33	0.77	0.14
32	1.00	31.00	1200.00	12000.00	60000.00	898522.84	905529.86	0.00	0.83	0.00	103.46	25.60	0.75	0.14
33	1.00	32.00	1200.00	12000.00	60000.00	898522.84	905529.86	0.00	0.83	0.00	100.32	24.97	0.73	0.14
34	1.00	33.00	1200.00	12000.00	60000.00	898522.84	905529.86	0.00	0.83	0.00	97.37	24.82	0.71	0.14
35	1.00	34.00	1200.00	12000.00	60000.00	898522.84	905529.86	0.00	0.83	0.00	94.59	24.34	0.69	0.14
36	2.00	34.00	1200.00	12000.00	60000.00	898522.84	903106.00	0.00	0.83	0.00	91.96	23.66	0.67	0.14
37	2.00	35.00	1200.00	12000.00	60000.00	898522.84	903106.00	0.00	0.83	0.00	89.48	23.14	0.65	0.14
38	2.00	36.00	1200.00	12000.00	60000.00	898522.84	903106.00	0.00	0.83	0.00	87.12	23.05	0.63	0.14
39	2.00	37.00	1200.00	12000.00	60000.00	898522.84	903106.00	0.00	0.83	0.00	84.89	23.05	0.62	0.14
40	2.00	38.00	1200.00	12000.00	60000.00	898522.84	903106.00	0.00	0.83	0.00	82.77	24.36	0.60	0.14
41	2.00	39.00	1200.00	12000.00	60000.00	898522.84	903106.00	0.00	0.83	0.00	80.75	23.93	0.59	0.14
42	3.00	39.00	1200.00	12000.00	60000.00	898522.84	903106.00	0.00	0.83	0.00	78.82	23.36	0.57	0.14
43	3.00	40.00	1200.00	12000.00	60000.00	898522.84	903106.00	0.00	0.83	0.00	76.99	22.88	0.56	0.14
44	3.00	41.00	1200.00	12000.00	60000.00	898522.84	903106.00	0.00	0.83	0.00	75.24	22.46	0.55	0.14
45	3.00	42.00	1200.00	12000.00	60000.00	898522.84	903106.00	0.00	0.83	0.00	73.57	22.02	0.53	0.14
46	3.00	43.00	1200.00	12000.00	60000.00	898522.84	903106.00	0.00	0.83	0.00	71.97	21.71	0.52	0.14
47	3.00	44.00	1200.00	12000.00	60000.00	898522.84	903106.00	0.00	0.83	0.00	70.44	21.27	0.51	0.14
48	3.00	45.00	1200.00	12000.00	60000.00	898522.84	903106.00	0.00	0.83	0.00	68.97	20.88	0.50	0.14
49	3.00	46.00	1200.00	12000.00	60000.00	898522.84	903106.00	0.00	0.83	0.00	67.56	20.76	0.49	0.14
50	3.00	47.00	1200.00	12000.00	60000.00	898522.84	903106.00	0.00	0.83	0.00	67.76	20.62	0.48	0.14
51	3.00	48.00	1200.00	12000.00	60000.00	898522.84	903106.00	0.00	0.83	0.00	66.43	20.22	0.47	0.14
52	3.00	49.00	1200.00	12000.00	60000.00	898522.84	903106.00	0.00	0.83	0.00	65.15	20.39	0.46	0.14
53	3.00	50.00	1200.00	12000.00	60000.00	898522.84	903106.00	0.00	0.83	0.00	63.92	20.15	0.45	0.14
54	3.00	51.00	1200.00	12000.00	60000.00	898522.84	903106.00	0.00	0.83	0.00	67.14	20.70	0.50	0.14
55	4.00	51.00	1200.00	12000.00	60000.00	878867.40	878867.40	0.00	0.00	0.00	65.92	20.32	0.49	0.11
56	4.00	52.00	1200.00	12000.00	60000.00	878867.40	878867.40	0.00	0.00	0.00	64.74	20.35	0.48	0.11
57	4.00	53.00	1200.00	12000.00	60000.00	878867.40	878867.40	0.00	0.00	0.00	63.61	20.44	0.47	0.11
58	4.00	54.00	1200.00	12000.00	60000.00	878867.40	878867.40	0.00	0.00	0.00	62.51	20.10	0.47	0.11
59	4.00	55.00	1200.00	12000.00	60000.00	878867.40	878867.40	0.00	0.00	0.00	61.45	19.77	0.46	0.11
60	4.00	56.00	1200.00	12000.00	60000.00	878867.40	878867.40	0.00	0.00	0.00	61.71	19.66	0.45	0.11
61	4.00	57.00	1200.00	12000.00	60000.00	878867.40	878867.40	0.00	0.00	0.00	67.72	20.06	0.49	0.11
62	4.00	58.00	1200.00	12000.00	60000.00	878867.40	878867.40	0.00	0.00	0.00	66.62	19.74	0.48	0.11
63	4.00	59.00	1200.00	12000.00	60000.00	878867.40	878867.40	0.00	0.00	0.00	65.57	19.51	0.48	0.11
64	4.00	60.00	1200.00	12000.00	60000.00	878867.40	878867.40	0.00	0.00	0.00	64.54	19.21	0.47	0.11
65	4.00	61.00	1200.00	12000.00	60000.00	878867.40	878867.40	0.00	0.00	0.00	63.55	19.27	0.46	0.11
66	5.00	61.00	1200.00	12000.00	60000.00	878867.40	878867.40	0.00	0.00	0.00	62.59	18.97	0.45	0.11
67	6.00	61.00	1200.00	12000.00	60000.00	878867.40	878867.40	0.00	0.00	0.00	61.65	18.69	0.45	0.11
68	6.00	62.00	1200.00	12000.00	60000.00	878867.40	878867.40	0.00	0.00	0.00	60.74	18.75	0.44	0.11
69	7.00	62.00	1200.00	12000.00	60000.00	878867.40	878867.40	0.00	0.00	0.00	59.86	18.48	0.43	0.11
70	8.00	62.00	1200.00	12000.00	60000.00	878867.40	878867.40	0.00	0.00	0.00	59.01	18.22	0.43	0.11
71	8.00	63.00	1200.00	12000.00	60000.00	878867.40	878867.40	0.00	0.00	0.00	58.18	18.04	0.42	0.11
72	8.00	64.00	1200.00	12000.00	60000.00	878867.40	878867.40	0.00	0.00	0.00	57.37	17.82	0.42	0.11
73	8.00	65.00	1200.00	12000.00	60000.00	878867.40	878867.40	0.00	0.00	0.00	56.58	17.66	0.41	0.11
74	8.00	66.00	1200.00	12000.00	60000.00	878867.40	878867.40	0.00	0.00	0.00	55.82	17.42	0.41	0.11
75	8.00	67.00	1200.00	12000.00	60000.00	878867.40	878867.40	0.00	0.00	0.00	55.08	17.22	0.40	0.11
76	8.00	68.00	1200.00	12000.00	60000.00	878867.40	878867.40	0.00	0.00	0.00	54.35	17.00	0.39	0.11
77	8.00	69.00	1200.00	12000.00	60000.00	878867.40	878867.40	0.00	0.00	0.00	53.64	16.79	0.39	0.11
78	8.00	70.00	1200.00	12000.00	60000.00	878867.40	878867.40	0.00	0.00	0.00	52.96	16.62	0.38	0.11
79	8.00	71.00	1200.00	12000.00	60000.00	878867.40	878867.40	0.00	0.00	0.00	52.29	16.70	0.38	0.11
80	8.00	72.00	1200.00	12000.00	60000.00	878867.40	878867.40	0.00	0.00	0.00	51.63	16.84	0.38	0.11
81	8.00	73.00	1200.00	12000.00	60000.00	878867.40	878867.40	0.00	0.00	0.00	51.00	17.02	0.37	0.11
82	9.00	73.00	1200.00	12000.00	60000.00	878867.40	878867.40	0.00	0.00	0.00	50.37	16.82	0.37	0.11
83	10.00	73.00	1200.00	12000.00	60000.00	878867.40	878867.40	0.00	0.00	0.00	49.77	16.61	0.36	0.11
84	10.00	74.00	1200.00	12000.00	60000.00	878867.40	878867.40	0.00	0.00	0.00	49.17	16.42	0.36	0.11
85	10.00	25.00	1200.00	12000.00	60000.00	878867.40	878867.40	0.00	0.00	0.00	0.27	2.71	0.00	0.11
86	10.00	26.00	1200.00	12000.00	60000.00	878867.40	878867.40	0.00	0.00	0.00	0.26	2.73	0.00	0.11
87	11.00	26.00	1200.00	12000.00	60000.00	878867.40	878867.40	0.00	0.00	0.00	0.25	2.65	0.00	0.11
88	11.00	27.00	1200.00	12000.00	60000.00	878867.40	878867.40	0.00	0.00	0.00	0.25	3.20	0.00	0.11
89	12.00	27.00	1200.00	12000.00	60000.00	878867.40	878867.40	0.00	0.00	0.00	0.24	3.12	0.00	0.11
90	12.00	28.00	1200.00	12000.00	60000.00	878867.40	878867.40	0.00	0.00	0.00	0.23	3.12	0.00	0.11
91	13.00	28.00	1200.00	12000.00	60000.00	874019.68	874019.68	0.00	0.00	0.00	0.23	3.04	0.00	0.10
92	13.00	29.00	1200.00	12000.00	60000.00	874019.68	874019.68	0.00	0.00	0.00	0.22	3.49	0.00	0.10
93	14.00	29.00	1200.00	12000.00	60000.00	874019.68	874019.68	0.00	0.00	0.00	0.22	3.41	0.00	0.10
94	15.00	29.00	1200.00	12000.00	60000.00	874019.68	874019.68	0.00	0.00	0.00	0.21	3.33	0.00	0.10
95	15.00	30.00	1200.00	12000.00	60000.00	874019.68	874019.68	0.00	0.00	0.00	0.21	3.36	0.00	0.10
96	16.00	30.00	1200.00	12000.00	60000.00	874019.68	874019.68	0.00	0.00	0.00	0.20	3.28	0.00	0.10
97	16.00	31.00	1200.00	12000.00	60000.00	874019.68	874019.68	0.00	0.00	0.00	0.20	3.26	0.00	0.10
98	16.00	32.00	1200.00	12000.00	60000.00	874019.68	874019.68	0.00	0.00	0.00	0.20	3.66	0.00	0.10
99	16.00	33.00	1200.00	12000.00	60000.00	874019.68	874019.68	0.00	0.00	0.00	0.19	3.73	0.00	0.10
100	17.00	33.00	1200.00	12000.00	60000.00	874019.68	874019.68	0.00	0.00	0.00	0.19	3.65	0.00	0.10
101	17.00	34.00	1440.00	14400.00	72000.00	874019.68	874019.68	0.00	0.00	0.00	0.18	3.71	0.00	0.10
102	18.00	34.00	1440.00	14400.00	72000.00	874019.68	874019.68	0.00	0.00	0.00	0.18	3.64	0.00	0.10
103	18.00	35.00	1440.00	14400.00	72000.00	874019.68	874019.68	0.00	0.00	0.00	0.18	3.84	0.00	0.10
104	18.00	36.00	1440.00	14400.00	72000.00	874019.68	874019.68	0.00	0.00	0.00	0.17	3.77	0.00	0.10
105	18.00	37.00	1440.00	14400.00	72000.00	874019.68	874019.68	0.00	0.00	0.00	0.17	3.70	0.00	0.10
106	19.00	37.00	1440.00	14400.00	72000.00	874019.68	874019.68	0.00	0.00	0.00	0.17	3.64	0.00	0.10
107	20.00	37.00	1440.00	14400.00	72000.00	874019.68	874019.68	0.00	0.00	0.00	0.16	3.57	0.00	0.10
108	21.00	37.00	1440.00	14400.00	72000.00	874019.68	874019.68	0.00	0.00	0.00	0.16	3.51	0.00	0.10
109	22.00	37.00	1440.00	14400.00	72000.00	874019.68	874019.68	0.00	0.00	0.00	0.16	3.45	0.00	0.10
110	22.00	38.00	1440.00	14400.00	72000.00	874019.68	874019.68	0.00	0.00	0.00	0.16	3.42	0.00	0.10
111	22.00	39.00	1440.00	14400.00	72000.00	874019.68	874019.68	0.00	0.00	0.00	0.15	3.41	0.00	0.10
112	22.00	40.00	1440.00	14400.00	72000.00	874019.68	874019.68	0.00	0.00	0.00	0.15	3.66	0.00	0.10
113	22.00	41.00	1440.00	14400.00	72000.00	874019.68	874019.68	0.00	0.00	0.00	0.36	3.76	0.00	0.10
114	22.00	42.00	1440.00	14400.00	72000.00	874019.68	874019.68	0.00	0.00	0.00	0.35	3.73	0.00	0.10
115	22.00	43.00	1440.00	14400.00	72000.00	874019.68	874019.68	0.00	0.00	0.00	0.35	3.72	0.00	0.10
116	23.00	43.00	1440.00	14400.00	72000.00	874019.68	874019.68	0.00	0.00	0.00	0.34	3.66	0.00	0.10
117	24.00	43.00	1440.00	14400.00	72000.00	874019.68	874019.68	0.00	0.00	0.00	0.34	3.61	0.00	0.10
118	24.00	44.00	1440.00	14400.00	72000.00	874019.68	874019.68	0.00	0.00	0.00	0.33	4.04	0.00	0.10
119	25.00	44.00	1440.00	14400.00	72000.00	874019.68	874019.68	0.00	0.00	0.00	0.33	3.98	0.00	0.10
120	26.00	44.00	1440.00	14400.00	72000.00	874019.68	874019.68	0.00	0.00	0.00	0.32	3.93	0.00	0.10
121	27.00	44.00	1440.00	14400.00	72000.00	874019.68	874019.68	0.00	0.00	0.00	0.32	3.87	0.00	0.10
122	27.00	45.00	1440.00	14400.00	72000.00	874019.68	874019.68	0.00	0.00	0.00	0.31	3.93	0.00	0.10
123	27.00	46.00	1440.00	14400.00	72000.00	874019.68	874019.68	0.00	0.00	0.00	0.31	3.88	0.00	0.10
124	28.00	46.00	1440.00	14400.00	72000.00	874019.68	874019.68	0.00	0.00	0.00	0.31	3.83	0.00	0.10
125	28.00	47.00	1440.00	14400.00	72000.00	874019.68	874019.68	0.00	0.00	0.00	0.30	4.23	0.00	0.10
126	29.00	47.00	1440.00	14400.00	72000.00	874019.68	874019.68	0.00	0.00	0.00	0.30	4.17	0.00	0.10
127	30.00	47.00	1440.00	14400.00	72000.00	874019.68	874019.68	0.00	0.00	0.00	0.29	4.12	0.00	0.10
128	31.00	47.00	1440.00	14400.00	72000.00	874019.68	874019.68	0.00	0.00	0.00	0.29	4.07	0.00	0.10
129	31.00	48.00	1440.00	14400.00	72000.00	874019.68	874019.68	0.00	0.00	0.00	0.29	4.12	0.00	0.10
130	31.00	49.00	1440.00	14400.00	72000.00	874019.68	874019.68	0.00	0.00	0.00	0.28	4.07	0.00	0.10
131	32.00	49.00	1440.00	14400.00	72000.00	874019.68	874019.68	0.00	0.00	0.00	0.28	4.02	0.00	0.10
132	33.00	49.00	1440.00	14400.00	72000.00	874019.68	874019.68	0.00	0.00	0.00	0.28	3.97	0.00	0.10
133	33.00	50.00	1440.00	14400.00	72000.00	874019.68	874019.68	0.00	0.00	0.00	0.27	3.93	0.00	0.10
134	33.00	51.00	1440.00	14400.00	72000.00	874019.68	874019.68	0.00	0.00	0.00	0.27	4.17	0.00	0.10
135	33.00	52.00	1440.00	14400.00	72000.00	874019.68	874019.68	0.00	0.00	0.00	0.27	4.20	0.00	0.10
136	34.00	52.00	1440.00	14400.00	72000.00	874019.68	874019.68	0.00	0.00	0.00	0.26	4.15	0.00	0.10
137	34.00	53.00	1440.00	14400.00	72000.00	874019.68	874019.68	0.00	0.00	0.00	0.26	4.37	0.00	0.10
138	34.00	54.00	1440.00	14400.00	72000.00	874019.68	874019.68	0.00	0.00	0.00	0.26	4.53	0.00	0.10
139	34.00	55.00	1440.00	14400.00	72000.00	874019.68	874019.68	0.00	0.00	0.00	0.25	4.53	0.00	0.10
140	35.00	55.00	1440.00	14400.00	72000.00	874019.68	874019.68	0.00	0.00	0.00	0.25	4.48	0.00	0.10
141	35.00	56.00	1440.00	14400.00	72000.00	874019.68	874019.68	0.00	0.00	0.00	0.25	4.44	0.00	0.10
142	35.00	57.00	1440.00	14400.00	72000.00	874019.68	874019.68	0.00	0.00	0.00	0.25	4.40	0.00	0.10
143	36.00	57.00	1440.00	14400.00	72000.00	874019.68	874019.68	0.00	0.00	0.00	0.24	4.35	0.00	0.10
144	36.00	58.00	1440.00	14400.00	72000.00	874019.68	874019.68	0.00	0.00	0.00	0.24	4.37	0.00	0.10
145	37.00	58.00	1440.00	14400.00	72000.00	874019.68	874019.68	0.00	0.00	0.00	0.24	4.32	0.00	0.10
146	38.00	58.00	1440.00	14400.00	72000.00	874019.68	874019.68	0.00	0.00	0.00	0.24	4.28	0.00	0.10
147	38.00	59.00	1440.00	14400.00	72000.00	874019.68	874019.68	0.00	0.00	0.00	0.23	4.28	0.00	0.10
148	38.00	60.00	1440.00	14400.00	72000.00	874019.68	874019.68	0.00	0.00	0.00	0.23	4.26	0.00	0.10
149	38.00	61.00	1440.00	14400.00	72000.00	874019.68	874019.68	0.00	0.00	0.00	0.23	4.21	0.00	0.10
150	39.00	61.00	1440.00	14400.00	72000.00	874019.68	874019.68	0.00	0.00	0.00	0.23	4.17	0.00	0.10
151	40.00	61.00	1440.00	14400.00	72000.00	874019.68	874019.68	0.00	0.00	0.00	0.22	4.13	0.00	0.10
152	41.00	61.00	1440.00	14400.00	72000.00	874019.68	874019.68	0.00	0.00	0.00	0.22	4.09	0.00	0.10
153	42.00	61.00	1440.00	14400.00	72000.00	874019.68	874019.68	0.00	0.00	0.00	0.22	4.05	0.00	0.10
154	43.00	61.00	1440.00	14400.00	72000.00	874019.68	874019.68	0.00	0.00	0.00	0.22	4.01	0.00	0.10
155	43.00	62.00	1440.00	14400.00	72000.00	874019.68	874019.68	0.00	0.00	0.00	0.22	4.19	0.00	0.10
156	44.00	62.00	1440.00	14400.00	72000.00	874019.68	874019.68	0.00	0.00	0.00	0.21	4.15	0.00	0.10
157	45.00	62.00	1440.00	14400.00	72000.00	874019.68	874019.68	0.00	0.00	0.00	0.21	4.11	0.00	0.10
158	46.00	62.00	1440.00	14400.00	72000.00	874019.68	874019.68	0.00	0.00	0.00	0.21	4.07	0.00	0.10
159	47.00	62.00	1440.00	14400.00	72000.00	874019.68	874019.68	0.00	0.00	0.00	0.21	4.04	0.00	0.10
160	47.00	63.00	1440.00	14400.00	72000.00	874019.68	874019.68	0.00	0.00	0.00	0.21	4.21	0.00	0.10
161	47.00	64.00	1440.00	14400.00	72000.00	874019.68	874019.68	0.00	0.00	0.00	0.20	4.38	0.00	0.10
162	48.00	64.00	1440.00	14400.00	72000.00	874019.68	874019.68	0.00	0.00	0.00	0.20	4.34	0.00	0.10
163	49.00	64.00	1440.00	14400.00	72000.00	874019.68	874019.68	0.00	0.00	0.00	0.20	4.30	0.00	0.10
164	50.00	64.00	1440.00	14400.00	72000.00	874019.68	874019.68	0.00	0.00	0.00	0.20	4.26	0.00	0.10
165	50.00	65.00	1440.00	14400.00	72000.00	874019.68	874019.68	0.00	0.00	0.00	0.20	4.23	0.00	0.10
166	51.00	65.00	1440.00	14400.00	72000.00	874019.68	874019.68	0.00	0.00	0.00	0.20	4.19	0.00	0.10
167	51.00	66.00	1440.00	14400.00	72000.00	874019.68	874019.68	0.00	0.00	0.00	0.19	4.17	0.00	0.10
168	52.00	66.00	1440.00	14400.00	72000.00	874019.68	874019.68	0.00	0.00	0.00	0.19	4.13	0.00	0.10
169	53.00	66.00	1440.00	14400.00	72000.00	874019.68	874019.68	0.00	0.00	0.00	0.19	4.10	0.00	0.10
170	53.00	67.00	1440.00	14400.00	72000.00	874019.68	874019.68	0.00	0.00	0.00	0.19	4.27	0.00	0.10
171	53.00	68.00	1440.00	14400.00	72000.00	874019.68	874019.68	0.00	0.00	0.00	0.19	4.27	0.00	0.10
172	54.00	68.00	1440.00	14400.00	72000.00	874019.68	874019.68	0.00	0.00	0.00	0.19	4.24	0.00	0.10
173	55.00	68.00	1440.00	14400.00	72000.00	874019.68	874019.68	0.00	0.00	0.00	0.18	4.20	0.00	0.10
174	56.00	68.00	1440.00	14400.00	72000.00	874019.68	874019.68	0.00	0.00	0.00	0.18	4.17	0.00	0.10
175	57.00	68.00	1440.00	14400.00	72000.00	871595.82	871595.82	0.00	0.00	0.00	0.18	4.14	0.00	0.10
176	57.00	69.00	1440.00	14400.00	72000.00	871595.82	871595.82	0.00	0.00	0.00	0.18	4.12	0.00	0.10
177	58.00	69.00	1440.00	14400.00	72000.00	871595.82	871595.82	0.00	0.00	0.00	0.18	4.09	0.00	0.10
178	58.00	70.00	1440.00	14400.00	72000.00	871595.82	871595.82	0.00	0.00	0.00	0.18	4.06	0.00	0.10
179	58.00	71.00	1440.00	14400.00	72000.00	871595.82	871595.82	0.00	0.00	0.00	0.18	4.04	0.00	0.10
180	58.00	72.00	1440.00	14400.00	72000.00	871595.82	871595.82	0.00	0.00	0.00	0.17	4.01	0.00	0.10
181	59.00	72.00	1440.00	14400.00	72000.00	871595.82	871595.82	0.00	0.00	0.00	0.17	3.98	0.00	0.10
182	59.00	73.00	1440.00	14400.00	72000.00	871595.82	871595.82	0.00	0.00	0.00	0.17	4.04	0.00	0.10
183	60.00	73.00	1440.00	14400.00	72000.00	871595.82	871595.82	0.00	0.00	0.00	0.17	4.01	0.00	0.10
184	61.00	73.00	1440.00	14400.00	72000.00	871595.82	871595.82	0.00	0.00	0.00	0.17	3.98	0.00	0.10
185	62.00	73.00	1440.00	14400.00	72000.00	871595.82	871595.82	0.00	0.00	0.00	0.17	3.95	0.00	0.10
186	63.00	73.00	1440.00	14400.00	72000.00	871595.82	871595.82	0.00	0.00	0.00	0.17	3.92	0.00	0.10
187	64.00	73.00	1440.00	14400.00	72000.00	871595.82	871595.82	0.00	0.00	0.00	0.17	3.90	0.00	0.10
188	64.00	74.00	1440.00	14400.00	72000.00	871595.82	871595.82	0.00	0.00	0.00	0.16	3.87	0.00	0.10
189	64.00	25.00	1440.00	14400.00	72000.00	871595.82	871595.82	0.00	0.00	0.00	0.00	0.34	0.00	0.10
190	65.00	25.00	1440.00	14400.00	72000.00	871595.82	871595.82	0.00	0.00	0.00	0.00	0.34	0.00	0.10
191	66.00	25.00	1440.00	14400.00	72000.00	871595.82	871595.82	0.00	0.00	0.00	0.00	0.34	0.00	0.10
192	67.00	25.00	1440.00	14400.00	72000.00	871595.82	871595.82	0.00	0.00	0.00	0.00	0.33	0.00	0.10
193	67.00	26.00	1440.00	14400.00	72000.00	871595.82	871595.82	0.00	0.00	0.00	0.00	0.57	0.00	0.10
194	67.00	27.00	1440.00	14400.00	72000.00	871595.82	871595.82	0.00	0.00	0.00	0.00	0.60	0.00	0.10
195	67.00	28.00	1440.00	14400.00	72000.00	871595.82	871595.82	0.00	0.00	0.00	0.00	0.83	0.00	0.10
196	68.00	28.00	1440.00	14400.00	72000.00	871595.82	871595.82	0.00	0.00	0.00	0.00	0.82	0.00	0.10
197	69.00	28.00	1440.00	14400.00	72000.00	871595.82	871595.82	0.00	0.00	0.00	0.00	0.81	0.00	0.10
198	70.00	28.00	1440.00	14400.00	72000.00	871595.82	871595.82	0.00	0.00	0.00	0.00	0.80	0.00	0.10
199	71.00	28.00	1440.00	14400.00	72000.00	871595.82	871595.82	0.00	0.00	0.00	0.00	0.80	0.00	0.10
200	71.00	29.00	1440.00	14400.00	72000.00	871595.82	871595.82	0.00	0.00	0.00	0.00	0.80	0.00	0.10
201	71.00	30.00	1728.00	17280.00	61200.00	871595.82	871595.82	0.00	0.00	0.00	0.00	0.81	0.00	0.10
202	72.00	30.00	1728.00	17280.00	61200.00	871595.82	871595.82	0.00	0.00	0.00	0.00	0.80	0.00	0.10
203	72.00	31.00	1728.00	17280.00	61200.00	871595.82	871595.82	0.00	0.00	0.00	0.00	0.98	0.00	0.10
204	73.00	31.00	1728.00	17280.00	61200.00	871595.82	871595.82	0.00	0.00	0.00	0.00	0.97	0.00	0.10
205	74.00	31.00	1728.00	17280.00	61200.00	871595.82	871595.82	0.00	0.00	0.00	0.00	0.96	0.00	0.10
206	25.00	31.00	1728.00	17280.00	61200.00	871595.82	871595.82	0.00	0.00	0.00	0.00	1.80	0.00	0.10
207	26.00	31.00	1728.00	17280.00	61200.00	871595.82	871595.82	0.00	0.00	0.00	0.00	1.77	0.00	0.10
208	26.00	32.00	1728.00	17280.00	61200.00	871595.82	871595.82	0.00	0.00	0.00	0.00	1.75	0.00	0.10
209	26.00	33.00	1728.00	17280.00	61200.00	871595.82	871595.82	0.00	0.00	0.00	0.00	1.75	0.00	0.10
210	27.00	33.00	1728.00	17280.00	61200.00	871595.82	871595.82	0.00	0.00	0.00	0.00	1.72	0.00	0.10
211	27.00	34.00	1728.00	17280.00	61200.00	871595.82	871595.82	0.00	0.00	0.00	0.00	1.71	0.00	0.10
212	28.00	34.00	1728.00	17280.00	61200.00	871595.82	871595.82	0.00	0.00	0.00	0.00	1.68	0.00	0.10
213	28.00	35.00	1728.00	17280.00	61200.00	871595.82	871595.82	0.00	0.00	0.00	0.00	1.67	0.00	0.10
214	28.00	36.00	1728.00	17280.00	61200.00	871595.82	871595.82	0.00	0.00	0.00	0.00	2.01	0.00	0.10
215	29.00	36.00	1728.00	17280.00	61200.00	871595.82	871595.82	0.00	0.00	0.00	0.00	1.98	0.00	0.10
216	30.00	36.00	1728.00	17280.00	61200.00	871595.82	871595.82	0.00	0.00	0.00	0.00	1.95	0.00	0.10
217	30.00	37.00	1728.00	17280.00	61200.00	871595.82	871595.82	0.00	0.00	0.00	0.00	1.98	0.00	0.10
218	30.00	38.00	1728.00	17280.00	61200.00	871595.82	871595.82	0.00	0.00	0.00	0.00	2.01	0.00	0.10
219	31.00	38.00	1728.00	17280.00	61200.00	871595.82	871595.82	0.00	0.00	0.00	0.00	1.98	0.00	0.10
220	32.00	38.00	1728.00	17280.00	61200.00	871595.82	871595.82	0.00	0.00	0.00	0.00	1.95	0.00	0.10
221	33.00	38.00	1728.00	17280.00	61200.00	871595.82	871595.82	0.00	0.00	0.00	0.00	1.92	0.00	0.10
222	34.00	38.00	1728.00	17280.00	61200.00	871595.82	871595.82	0.00	0.00	0.00	0.00	1.89	0.00	0.10
223	35.00	38.00	1728.00	17280.00	61200.00	871595.82	871595.82	0.00	0.00	0.00	0.00	1.87	0.00	0.10
224	36.00	38.00	1728.00	17280.00	61200.00	871595.82	871595.82	0.00	0.00	0.00	0.00	1.84	0.00	0.10
225	37.00	38.00	1728.00	17280.00	61200.00	871595.82	871595.82	0.00	0.00	0.00	0.00	1.82	0.00	0.10
226	37.00	39.00	1728.00	17280.00	61200.00	871595.82	871595.82	0.00	0.00	0.00	0.00	1.85	0.00	0.10
227	37.00	40.00	1728.00	17280.00	61200.00	871595.82	871595.82	0.00	0.00	0.00	0.00	1.92	0.00	0.10
228	38.00	40.00	1728.00	17280.00	61200.00	871595.82	871595.82	0.00	0.00	0.00	0.00	1.90	0.00	0.10
229	38.00	41.00	1728.00	17280.00	61200.00	871595.82	871595.82	0.00	0.00	0.00	0.00	2.17	0.00	0.10
230	39.00	41.00	1728.00	17280.00	61200.00	871595.82	871595.82	0.00	0.00	0.00	0.00	2.14	0.00	0.10
231	40.00	41.00	1728.00	17280.00	61200.00	871595.82	871595.82	0.00	0.00	0.00	0.00	2.11	0.00	0.10
232	40.00	42.00	1728.00	17280.00	61200.00	871595.82	871595.82	0.00	0.00	0.00	0.00	2.11	0.00	0.10
233	41.00	42.00	1728.00	17280.00	61200.00	871595.82	871595.82	0.00	0.00	0.00	0.00	2.08	0.00	0.10
234	41.00	43.00	1728.00	17280.00	61200.00	871595.82	871595.82	0.00	0.00	0.00	0.00	2.08	0.00	0.10
235	42.00	43.00	1728.00	17280.00	61200.00	871595.82	871595.82	0.00	0.00	0.00	0.00	2.06	0.00	0.10
236	43.00	43.00	1728.00	17280.00	61200.00	871595.82	871595.82	0.00	0.00	0.00	0.00	2.03	0.00	0.10
237	44.00	43.00	1728.00	17280.00	61200.00	871595.82	871595.82	0.00	0.00	0.00	0.00	2.01	0.00	0.10
238	44.00	44.00	1728.00	17280.00	61200.00	871595.82	871595.82	0.00	0.00	0.00	0.00	2.04	0.00	0.10
239	45.00	44.00	1728.00	17280.00	61200.00	871595.82	871595.82	0.00	0.00	0.00	0.00	2.02	0.00	0.10
240	46.00	44.00	1728.00	17280.00	61200.00	871595.82	871595.82	0.00	0.00	0.00	0.00	1.99	0.00	0.10
241	47.00	44.00	1728.00	17280.00	61200.00	871595.82	871595.82	0.00	0.00	0.00	0.00	1.97	0.00	0.10
242	47.00	45.00	1728.00	17280.00	61200.00	871595.82	871595.82	0.00	0.00	0.00	0.00	2.02	0.00	0.10
243	47.00	46.00	1728.00	17280.00	61200.00	871595.82	871595.82	0.00	0.00	0.00	0.00	2.01	0.00	0.10
244	48.00	46.00	1728.00	17280.00	61200.00	871595.82	871595.82	0.00	0.00	0.00	0.00	1.99	0.00	0.10
245	49.00	46.00	1728.00	17280.00	61200.00	871595.82	871595.82	0.00	0.00	0.00	0.00	1.97	0.00	0.10
246	49.00	47.00	1728.00	17280.00	61200.00	871595.82	871595.82	0.00	0.00	0.00	0.00	1.96	0.00	0.10
247	49.00	48.00	1728.00	17280.00	61200.00	871595.82	871595.82	0.00	0.00	0.00	0.00	1.98	0.00	0.10
248	49.00	49.00	1728.00	17280.00	61200.00	871595.82	871595.82	0.00	0.00	0.00	0.00	2.01	0.00	0.10
249	50.00	49.00	1728.00	17280.00	61200.00	871595.82	871595.82	0.00	0.00	0.00	0.00	1.99	0.00	0.10
250	51.00	49.00	1728.00	17280.00	61200.00	871595.82	871595.82	0.00	0.00	0.00	0.00	1.97	0.00	0.10
251	52.00	49.00	1728.00	17280.00	61200.00	871595.82	871595.82	0.00	0.00	0.00	0.00	1.95	0.00	0.10
252	52.00	50.00	1728.00	17280.00	61200.00	871595.82	871595.82	0.00	0.00	0.00	0.00	2.14	0.00	0.10
253	53.00	50.00	1728.00	17280.00	61200.00	871595.82	871595.82	0.00	0.00	0.00	0.00	2.12	0.00	0.10
254	54.00	50.00	1728.00	17280.00	61200.00	871595.82	871595.82	0.00	0.00	0.00	0.00	2.10	0.00	0.10
255	55.00	50.00	1728.00	17280.00	61200.00	871595.82	871595.82	0.00	0.00	0.00	0.00	2.08	0.00	0.10
256	56.00	50.00	1728.00	17280.00	61200.00	871595.82	871595.82	0.00	0.00	0.00	0.00	2.06	0.00	0.10
257	57.00	50.00	1728.00	17280.00	61200.00	871595.82	871595.82	0.00	0.00	0.00	0.00	2.04	0.00	0.10
258	58.00	50.00	1728.00	17280.00	61200.00	871595.82	871595.82	0.00	0.00	0.00	0.00	2.02	0.00	0.10
259	58.00	51.00	1728.00	17280.00	61200.00	871595.82	871595.82	0.00	0.00	0.00	0.00	2.02	0.00	0.10
260	59.00	51.00	1728.00	17280.00	61200.00	871595.82	871595.82	0.00	0.00	0.00	0.00	2.00	0.00	0.10
261	60.00	51.00	1728.00	17280.00	61200.00	871595.82	871595.82	0.00	0.00	0.00	0.00	1.98	0.00	0.10
262	60.00	52.00	1728.00	17280.00	61200.00	871595.82	871595.82	0.00	0.00	0.00	0.00	1.97	0.00	0.10
263	60.00	53.00	1728.00	17280.00	61200.00	871595.82	871595.82	0.00	0.00	0.00	0.00	1.98	0.00	0.10
264	61.00	53.00	1728.00	17280.00	61200.00	871595.82	871595.82	0.00	0.00	0.00	0.00	1.96	0.00	0.10
265	61.00	54.00	1728.00	17280.00	61200.00	871595.82	871595.82	0.00	0.00	0.00	0.00	1.98	0.00	0.10
266	61.00	55.00	1728.00	17280.00	61200.00	871595.82	871595.82	0.00	0.00	0.00	0.00	1.98	0.00	0.10
267	62.00	55.00	1728.00	17280.00	61200.00	871595.82	871595.82	0.00	0.00	0.00	0.00	1.96	0.00	0.10
268	63.00	55.00	1728.00	17280.00	61200.00	871595.82	871595.82	0.00	0.00	0.00	0.00	1.94	0.00	0.10
269	63.00	56.00	1728.00	17280.00	61200.00	871595.82	871595.82	0.00	0.00	0.00	0.00	2.34	0.00	0.10
270	64.00	56.00	1728.00	17280.00	61200.00	871595.82	871595.82	0.00	0.00	0.00	0.00	2.32	0.00	0.10
271	64.00	57.00	1728.00	17280.00	61200.00	871595.82	871595.82	0.00	0.00	0.00	0.00	2.49	0.00	0.10
272	64.00	58.00	1728.00	17280.00	61200.00	871595.82	871595.82	0.00	0.00	0.00	0.00	2.62	0.00	0.10
273	65.00	58.00	1728.00	17280.00	61200.00	871595.82	871595.82	0.00	0.00	0.00	0.00	2.60	0.00	0.10
274	66.00	58.00	1728.00	17280.00	61200.00	871595.82	871595.82	0.00	0.00	0.00	0.00	2.58	0.00	0.10
275	67.00	58.00	1728.00	17280.00	61200.00	871595.82	871595.82	0.00	0.00	0.00	0.00	2.56	0.00	0.10
276	68.00	58.00	1728.00	17280.00	61200.00	871595.82	871595.82	0.00	0.00	0.00	0.00	2.54	0.00	0.10
277	68.00	59.00	1728.00	17280.00	61200.00	871595.82	871595.82	0.00	0.00	0.00	0.00	2.66	0.00	0.10
278	69.00	59.00	1728.00	17280.00	61200.00	871595.82	871595.82	0.00	0.00	0.00	0.00	2.64	0.00	0.10
279	70.00	59.00	1728.00	17280.00	61200.00	871595.82	871595.82	0.00	0.00	0.00	0.00	2.62	0.00	0.10
280	70.00	60.00	1728.00	17280.00	61200.00	871595.82	871595.82	0.00	0.00	0.00	0.00	2.61	0.00	0.10
281	70.00	61.00	1728.00	17280.00	61200.00	871595.82	871595.82	0.00	0.00	0.00	0.00	2.81	0.00	0.10
282	70.00	62.00	1728.00	17280.00	61200.00	871595.82	871595.82	0.00	0.00	0.00	0.00	2.98	0.00	0.10
283	71.00	62.00	1728.00	17280.00	61200.00	871595.82	871595.82	0.00	0.00	0.00	0.00	2.96	0.00	0.10
284	71.00	63.00	1728.00	17280.00	61200.00	871595.82	871595.82	0.00	0.00	0.00	0.00	3.13	0.00	0.10
285	72.00	63.00	1728.00	17280.00	61200.00	871595.82	871595.82	0.00	0.00	0.00	0.00	3.10	0.00	0.10
286	72.00	64.00	1728.00	17280.00	61200.00	871595.82	871595.82	0.00	0.00	0.00	0.00	3.22	0.00	0.10
287	72.00	65.00	1728.00	17280.00	61200.00	871595.82	871595.82	0.00	0.00	0.00	0.00	3.23	0.00	0.10
288	73.00	65.00	1728.00	17280.00	61200.00	871595.82	871595.82	0.00	0.00	0.00	0.00	3.21	0.00	0.10
289	74.00	65.00	1728.00	17280.00	61200.00	871595.82	871595.82	0.00	0.00	0.00	0.00	3.19	0.00	0.10
290	74.00	66.00	1728.00	17280.00	61200.00	871595.82	871595.82	0.00	0.00	0.00	0.00	3.26	0.00	0.10
291	25.00	66.00	1728.00	17280.00	61200.00	871595.82	871595.82	0.00	0.00	0.00	0.00	5.02	0.00	0.10
292	25.00	67.00	1728.00	17280.00	61200.00	871595.82	871595.82	0.00	0.00	0.00	0.00	4.98	0.00	0.10
293	25.00	68.00	1728.00	17280.00	61200.00	871595.82	871595.82	0.00	0.00	0.00	0.00	4.93	0.00	0.10
294	25.00	69.00	1728.00	17280.00	61200.00	871595.82	871595.82	0.00	0.00	0.00	0.00	4.88	0.00	0.10
295	25.00	70.00	1728.00	17280.00	61200.00	871595.82	871595.82	0.00	0.00	0.00	0.00	4.88	0.00	0.10
296	25.00	71.00	1728.00	17280.00	61200.00	871595.82	871595.82	0.00	0.00	0.00	0.00	4.85	0.00	0.10
297	26.00	71.00	1728.00	17280.00	61200.00	871595.82	871595.82	0.00	0.00	0.00	0.00	4.80	0.00	0.10
298	26.00	72.00	1728.00	17280.00	61200.00	871595.82	871595.82	0.00	0.00	0.00	0.00	4.79	0.00	0.10
299	26.00	73.00	1728.00	17280.00	61200.00	871595.82	871595.82	0.00	0.00	0.00	0.00	4.99	0.00	0.10
300	26.00	74.00	1728.00	17280.00	61200.00	871595.82	871595.82	0.00	0.00	0.00	0.00	5.26	0.00	0.10
301	27.00	74.00	1468.80	20736.00	52020.00	871595.82	871595.82	0.00	0.00	0.00	0.00	5.21	0.00	0.10
302	28.00	74.00	1468.80	20736.00	52020.00	871595.82	871595.82	0.00	0.00	0.00	0.00	5.16	0.00	0.10
303	28.00	25.00	1468.80	20736.00	52020.00	871595.82	871595.82	0.00	0.00	0.00	0.00	0.43	0.00	0.10
304	28.00	26.00	1468.80	20736.00	52020.00	871595.82	871595.82	0.00	0.00	0.00	0.00	0.60	0.00	0.10
305	28.00	27.00	1468.80	20736.00	52020.00	871595.82	871595.82	0.00	0.00	0.00	0.00	0.60	0.00	0.10
306	28.00	28.00	1468.80	20736.00	52020.00	871595.82	871595.82	0.00	0.00	0.00	0.00	0.71	0.00	0.10
307	29.00	28.00	1468.80	20736.00	52020.00	871595.82	871595.82	0.00	0.00	0.00	0.00	0.70	0.00	0.10
308	29.00	29.00	1468.80	20736.00	52020.00	871595.82	871595.82	0.00	0.00	0.00	0.31	0.93	0.00	0.10
309	30.00	29.00	1468.80	20736.00	52020.00	871595.82	871595.82	0.00	0.00	0.00	0.31	0.91	0.00	0.10
310	30.00	30.00	1468.80	20736.00	52020.00	871595.82	871595.82	0.00	0.00	0.00	0.30	0.92	0.00	0.10
311	31.00	30.00	1468.80	20736.00	52020.00	871595.82	871595.82	0.00	0.00	0.00	0.30	0.91	0.00	0.10
312	32.00	30.00	1468.80	20736.00	52020.00	871595.82	871595.82	0.00	0.00	0.00	0.29	0.89	0.00	0.10
313	32.00	31.00	1468.80	20736.00	52020.00	871595.82	871595.82	0.00	0.00	0.00	0.29	1.23	0.00	0.10
314	32.00	32.00	1468.80	20736.00	52020.00	871595.82	871595.82	0.00	0.00	0.00	0.28	1.21	0.00	0.10
315	33.00	32.00	1468.80	20736.00	52020.00	871595.82	871595.82	0.00	0.00	0.00	0.28	1.19	0.00	0.10
316	34.00	32.00	1468.80	20736.00	52020.00	871595.82	871595.82	0.00	0.00	0.00	0.27	1.17	0.00	0.10
317	34.00	33.00	1468.80	20736.00	52020.00	871595.82	871595.82	0.00	0.00	0.00	0.27	1.45	0.00	0.10
318	34.00	34.00	1468.80	20736.00	52020.00	871595.82	871595.82	0.00	0.00	0.00	0.26	1.47	0.00	0.10
319	34.00	35.00	1468.80	20736.00	52020.00	871595.82	871595.82	0.00	0.00	0.00	0.26	1.45	0.00	0.10
320	34.00	36.00	1468.80	20736.00	52020.00	871595.82	871595.82	0.00	0.00	0.00	0.26	1.47	0.00	0.10
321	35.00	36.00	1468.80	20736.00	52020.00	871595.82	871595.82	0.00	0.00	0.00	0.25	1.45	0.00	0.10
322	36.00	36.00	1468.80	20736.00	52020.00	871595.82	871595.82	0.00	0.00	0.00	0.25	1.43	0.00	0.10
323	37.00	36.00	1468.80	20736.00	52020.00	871595.82	871595.82	0.00	0.00	0.00	0.25	1.41	0.00	0.10
324	38.00	36.00	1468.80	20736.00	52020.00	871595.82	871595.82	0.00	0.00	0.00	0.24	1.39	0.00	0.10
325	39.00	36.00	1468.80	20736.00	52020.00	871595.82	871595.82	0.00	0.00	0.00	0.24	1.38	0.00	0.10
326	39.00	37.00	1468.80	20736.00	52020.00	871595.82	871595.82	0.00	0.00	0.00	0.24	1.38	0.00	0.10
327	39.00	38.00	1468.80	20736.00	52020.00	871595.82	871595.82	0.00	0.00	0.00	0.23	1.37	0.00	0.10
328	39.00	39.00	1468.80	20736.00	52020.00	871595.82	871595.82	0.00	0.00	0.00	0.23	1.49	0.00	0.10
329	39.00	40.00	1468.80	20736.00	52020.00	871595.82	871595.82	0.00	0.00	0.00	0.23	1.53	0.00	0.10
330	40.00	40.00	1468.80	20736.00	52020.00	871595.82	871595.82	0.00	0.00	0.00	0.23	1.51	0.00	0.10
331	40.00	41.00	1468.80	20736.00	52020.00	871595.82	871595.82	0.00	0.00	0.00	0.22	1.57	0.00	0.10
332	41.00	41.00	1468.80	20736.00	52020.00	871595.82	871595.82	0.00	0.00	0.00	0.22	1.55	0.00	0.10
333	42.00	41.00	1468.80	20736.00	52020.00	871595.82	871595.82	0.00	0.00	0.00	0.22	1.53	0.00	0.10
334	42.00	42.00	1468.80	20736.00	52020.00	871595.82	871595.82	0.00	0.00	0.00	0.21	1.52	0.00	0.10
335	43.00	42.00	1468.80	20736.00	52020.00	871595.82	871595.82	0.00	0.00	0.00	0.21	1.51	0.00	0.10
336	43.00	43.00	1468.80	20736.00	52020.00	871595.82	871595.82	0.00	0.00	0.00	0.21	1.74	0.00	0.10
337	43.00	44.00	1468.80	20736.00	52020.00	871595.82	871595.82	0.00	0.00	0.00	0.21	1.73	0.00	0.10
338	44.00	44.00	1468.80	20736.00	52020.00	871595.82	871595.82	0.00	0.00	0.00	0.20	1.71	0.00	0.10
339	44.00	45.00	1468.80	20736.00	52020.00	871595.82	871595.82	0.00	0.00	0.00	0.20	1.70	0.00	0.10
340	44.00	46.00	1468.80	20736.00	52020.00	871595.82	871595.82	0.00	0.00	0.00	0.20	1.73	0.00	0.10
341	44.00	47.00	1468.80	20736.00	52020.00	871595.82	871595.82	0.00	0.00	0.00	0.20	1.72	0.00	0.10
342	45.00	47.00	1468.80	20736.00	52020.00	871595.82	871595.82	0.00	0.00	0.00	0.20	1.70	0.00	0.10
343	45.00	48.00	1468.80	20736.00	52020.00	871595.82	871595.82	0.00	0.00	0.00	0.19	1.70	0.00	0.10
344	46.00	48.00	1468.80	20736.00	52020.00	871595.82	871595.82	0.00	0.00	0.00	0.19	1.68	0.00	0.10
345	47.00	48.00	1468.80	20736.00	52020.00	871595.82	871595.82	0.00	0.00	0.00	0.19	1.67	0.00	0.10
346	48.00	48.00	1468.80	20736.00	52020.00	871595.82	871595.82	0.00	0.00	0.00	0.19	1.65	0.00	0.10
347	49.00	48.00	1468.80	20736.00	52020.00	871595.82	871595.82	0.00	0.00	0.00	0.19	1.63	0.00	0.10
348	50.00	48.00	1468.80	20736.00	52020.00	871595.82	871595.82	0.00	0.00	0.00	0.18	1.62	0.00	0.10
349	50.00	49.00	1468.80	20736.00	52020.00	871595.82	871595.82	0.00	0.00	0.00	0.18	1.64	0.00	0.10
350	50.00	50.00	1468.80	20736.00	52020.00	871595.82	871595.82	0.00	0.00	0.00	0.18	1.65	0.00	0.10
351	50.00	51.00	1468.80	20736.00	52020.00	871595.82	871595.82	0.00	0.00	0.00	0.18	1.67	0.00	0.10
352	50.00	52.00	1468.80	20736.00	52020.00	871595.82	871595.82	0.00	0.00	0.00	0.18	1.87	0.00	0.10
353	50.00	53.00	1468.80	20736.00	52020.00	871595.82	871595.82	0.00	0.00	0.00	0.17	1.93	0.00	0.10
354	51.00	53.00	1468.80	20736.00	52020.00	871595.82	871595.82	0.00	0.00	0.00	0.17	1.92	0.00	0.10
355	51.00	54.00	1468.80	20736.00	52020.00	871595.82	871595.82	0.00	0.00	0.00	0.17	1.93	0.00	0.10
356	52.00	54.00	1468.80	20736.00	52020.00	871595.82	871595.82	0.00	0.00	0.00	0.17	1.91	0.00	0.10
357	53.00	54.00	1468.80	20736.00	52020.00	871595.82	871595.82	0.00	0.00	0.00	0.17	1.89	0.00	0.10
358	53.00	55.00	1468.80	20736.00	52020.00	871595.82	871595.82	0.00	0.00	0.00	0.17	1.88	0.00	0.10
359	53.00	56.00	1468.80	20736.00	52020.00	871595.82	871595.82	0.00	0.00	0.00	0.24	1.92	0.01	0.10
360	53.00	57.00	1468.80	20736.00	52020.00	871595.82	871595.82	0.00	0.00	0.00	0.23	1.96	0.01	0.10
361	54.00	57.00	1468.80	20736.00	52020.00	871595.82	871595.82	0.00	0.00	0.00	0.23	1.94	0.01	0.10
362	55.00	57.00	1468.80	20736.00	52020.00	871595.82	871595.82	0.00	0.00	0.00	0.23	1.92	0.01	0.10
363	55.00	58.00	1468.80	20736.00	52020.00	871595.82	871595.82	0.00	0.00	0.00	0.23	1.91	0.01	0.10
364	55.00	59.00	1468.80	20736.00	52020.00	871595.82	871595.82	0.00	0.00	0.00	0.23	1.97	0.01	0.10
365	55.00	60.00	1468.80	20736.00	52020.00	871595.82	871595.82	0.00	0.00	0.00	0.22	1.98	0.01	0.10
366	56.00	60.00	1468.80	20736.00	52020.00	871595.82	871595.82	0.00	0.00	0.00	0.22	1.97	0.01	0.10
367	57.00	60.00	1468.80	20736.00	52020.00	871595.82	871595.82	0.00	0.00	0.00	0.22	1.95	0.01	0.10
368	57.00	61.00	1468.80	20736.00	52020.00	871595.82	871595.82	0.00	0.00	0.00	0.22	2.12	0.01	0.10
369	58.00	61.00	1468.80	20736.00	52020.00	871595.82	871595.82	0.00	0.00	0.00	0.22	2.11	0.01	0.10
370	58.00	62.00	1468.80	20736.00	52020.00	871595.82	871595.82	0.00	0.00	0.00	0.21	2.09	0.01	0.10
371	59.00	62.00	1468.80	20736.00	52020.00	871595.82	871595.82	0.00	0.00	0.00	0.21	2.07	0.01	0.10
372	60.00	62.00	1468.80	20736.00	52020.00	871595.82	871595.82	0.00	0.00	0.00	0.21	2.06	0.01	0.10
373	60.00	63.00	1468.80	20736.00	52020.00	871595.82	871595.82	0.00	0.00	0.00	0.21	2.05	0.01	0.10
374	61.00	63.00	1468.80	20736.00	52020.00	871595.82	871595.82	0.00	0.00	0.00	0.21	2.03	0.01	0.10
375	62.00	63.00	1468.80	20736.00	52020.00	871595.82	871595.82	0.00	0.00	0.00	0.21	2.02	0.01	0.10
376	62.00	64.00	1468.80	20736.00	52020.00	871595.82	871595.82	0.00	0.00	0.00	0.20	2.18	0.01	0.10
377	62.00	65.00	1468.80	20736.00	52020.00	871595.82	871595.82	0.00	0.00	0.00	0.20	2.16	0.01	0.10
378	63.00	65.00	1468.80	20736.00	52020.00	871595.82	871595.82	0.00	0.00	0.00	0.20	2.14	0.01	0.10
379	64.00	65.00	1468.80	20736.00	52020.00	871595.82	871595.82	0.00	0.00	0.00	0.20	2.13	0.01	0.10
380	65.00	65.00	1468.80	20736.00	52020.00	871595.82	871595.82	0.00	0.00	0.00	0.20	2.11	0.01	0.10
381	65.00	66.00	1468.80	20736.00	52020.00	871595.82	871595.82	0.00	0.00	0.00	0.20	2.29	0.01	0.10
382	66.00	66.00	1468.80	20736.00	52020.00	871595.82	871595.82	0.00	0.00	0.00	0.19	2.28	0.01	0.10
383	66.00	67.00	1468.80	20736.00	52020.00	871595.82	871595.82	0.00	0.00	0.00	0.19	2.29	0.01	0.10
384	66.00	68.00	1468.80	20736.00	52020.00	871595.82	871595.82	0.00	0.00	0.00	0.19	2.44	0.01	0.10
385	67.00	68.00	1468.80	20736.00	52020.00	871595.82	871595.82	0.00	0.00	0.00	0.19	2.43	0.01	0.10
386	68.00	68.00	1468.80	20736.00	52020.00	871595.82	871595.82	0.00	0.00	0.00	0.19	2.41	0.01	0.10
387	68.00	69.00	1468.80	20736.00	52020.00	871595.82	871595.82	0.00	0.00	0.00	0.19	2.40	0.01	0.10
388	69.00	69.00	1468.80	20736.00	52020.00	871595.82	871595.82	0.00	0.00	0.00	0.19	2.38	0.01	0.10
389	70.00	69.00	1468.80	20736.00	52020.00	871595.82	871595.82	0.00	0.00	0.00	0.18	2.36	0.01	0.10
390	71.00	69.00	1468.80	20736.00	52020.00	871595.82	871595.82	0.00	0.00	0.00	0.18	2.35	0.01	0.10
391	72.00	69.00	1468.80	20736.00	52020.00	871595.82	871595.82	0.00	0.00	0.00	0.18	2.33	0.01	0.10
392	72.00	70.00	1468.80	20736.00	52020.00	871595.82	871595.82	0.00	0.00	0.00	0.18	2.39	0.01	0.10
393	72.00	71.00	1468.80	20736.00	52020.00	871595.82	871595.82	0.00	0.00	0.00	0.18	2.38	0.01	0.10
394	73.00	71.00	1468.80	20736.00	52020.00	871595.82	871595.82	0.00	0.00	0.00	0.18	2.37	0.01	0.10
395	73.00	72.00	1468.80	20736.00	52020.00	871595.82	871595.82	0.00	0.00	0.00	0.18	2.36	0.01	0.10
396	74.00	72.00	1468.80	20736.00	52020.00	871595.82	871595.82	0.00	0.00	0.00	0.18	2.34	0.01	0.10
397	25.00	72.00	1468.80	20736.00	52020.00	871595.82	871595.82	0.00	0.00	0.00	0.26	3.52	0.02	0.10
398	26.00	72.00	1468.80	20736.00	52020.00	871595.82	871595.82	0.00	0.00	0.00	0.26	3.49	0.02	0.10
399	26.00	73.00	1468.80	20736.00	52020.00	871595.82	871595.82	0.00	0.00	0.00	0.26	3.47	0.02	0.10
400	26.00	74.00	1468.80	20736.00	52020.00	871595.82	871595.82	0.00	0.00	0.00	0.26	3.44	0.02	0.10
401	26.00	25.00	1762.56	24883.20	62424.00	871595.82	871595.82	0.00	0.00	0.00	0.00	1.17	0.00	0.10
402	26.00	26.00	1762.56	24883.20	62424.00	871595.82	871595.82	0.00	0.00	0.00	0.00	1.22	0.00	0.10
403	27.00	26.00	1762.56	24883.20	62424.00	871595.82	871595.82	0.00	0.00	0.00	0.00	1.20	0.00	0.10
404	28.00	26.00	1762.56	24883.20	62424.00	871595.82	871595.82	0.00	0.00	0.00	0.00	1.17	0.00	0.10
405	29.00	26.00	1762.56	24883.20	62424.00	871595.82	871595.82	0.00	0.00	0.00	0.00	1.15	0.00	0.10
406	30.00	26.00	1762.56	24883.20	62424.00	871595.82	871595.82	0.00	0.00	0.00	0.00	1.13	0.00	0.10
407	30.00	27.00	1762.56	24883.20	62424.00	871595.82	871595.82	0.00	0.00	0.00	0.44	1.15	0.00	0.10
408	30.00	28.00	1762.56	24883.20	62424.00	871595.82	871595.82	0.00	0.00	0.00	0.43	1.14	0.00	0.10
409	31.00	28.00	1762.56	24883.20	62424.00	871595.82	871595.82	0.00	0.00	0.00	0.42	1.12	0.00	0.10
410	31.00	29.00	1762.56	24883.20	62424.00	871595.82	871595.82	0.00	0.00	0.00	0.42	1.11	0.00	0.10
411	32.00	29.00	1762.56	24883.20	62424.00	871595.82	871595.82	0.00	0.00	0.00	0.41	1.09	0.00	0.10
412	33.00	29.00	1762.56	24883.20	62424.00	871595.82	871595.82	0.00	0.00	0.00	0.40	1.07	0.00	0.10
413	33.00	30.00	1762.56	24883.20	62424.00	871595.82	871595.82	0.00	0.00	0.00	0.40	1.12	0.00	0.10
414	33.00	31.00	1762.56	24883.20	62424.00	871595.82	871595.82	0.00	0.00	0.00	0.39	1.47	0.00	0.10
415	33.00	32.00	1762.56	24883.20	62424.00	871595.82	871595.82	0.00	0.00	0.00	0.39	1.51	0.00	0.10
416	34.00	32.00	1762.56	24883.20	62424.00	871595.82	871595.82	0.00	0.00	0.00	0.38	1.49	0.00	0.10
417	35.00	32.00	1762.56	24883.20	62424.00	871595.82	871595.82	0.00	0.00	0.00	0.37	1.46	0.00	0.10
418	35.00	33.00	1762.56	24883.20	62424.00	871595.82	871595.82	0.00	0.00	0.00	0.37	1.47	0.00	0.10
419	35.00	34.00	1762.56	24883.20	62424.00	871595.82	871595.82	0.00	0.00	0.00	0.36	1.74	0.00	0.10
420	36.00	34.00	1762.56	24883.20	62424.00	871595.82	871595.82	0.00	0.00	0.00	0.36	1.71	0.00	0.10
421	37.00	34.00	1762.56	24883.20	62424.00	871595.82	871595.82	0.00	0.00	0.00	0.35	1.69	0.00	0.10
422	37.00	35.00	1762.56	24883.20	62424.00	871595.82	871595.82	0.00	0.00	0.00	0.35	1.67	0.00	0.10
423	38.00	35.00	1762.56	24883.20	62424.00	871595.82	871595.82	0.00	0.00	0.00	0.34	1.65	0.00	0.10
424	38.00	36.00	1762.56	24883.20	62424.00	871595.82	871595.82	0.00	0.00	0.00	0.34	1.64	0.00	0.10
425	39.00	36.00	1762.56	24883.20	62424.00	871595.82	871595.82	0.00	0.00	0.00	0.33	1.62	0.00	0.10
426	40.00	36.00	1762.56	24883.20	62424.00	871595.82	871595.82	0.00	0.00	0.00	0.33	1.59	0.00	0.10
427	41.00	36.00	1762.56	24883.20	62424.00	871595.82	871595.82	0.00	0.00	0.00	0.33	1.57	0.00	0.10
428	42.00	36.00	1762.56	24883.20	62424.00	871595.82	871595.82	0.00	0.00	0.00	0.32	1.55	0.00	0.10
429	42.00	37.00	1762.56	24883.20	62424.00	871595.82	871595.82	0.00	0.00	0.00	0.32	1.54	0.00	0.10
430	42.00	38.00	1762.56	24883.20	62424.00	871595.82	871595.82	0.00	0.00	0.00	0.31	1.82	0.00	0.10
431	42.00	39.00	1762.56	24883.20	62424.00	871595.82	871595.82	0.00	0.00	0.00	0.31	1.81	0.00	0.10
432	42.00	40.00	1762.56	24883.20	62424.00	871595.82	871595.82	0.00	0.00	0.00	0.31	2.06	0.00	0.10
433	43.00	40.00	1762.56	24883.20	62424.00	871595.82	871595.82	0.00	0.00	0.00	0.30	2.04	0.00	0.10
434	43.00	41.00	1762.56	24883.20	62424.00	871595.82	871595.82	0.00	0.00	0.00	0.30	2.03	0.00	0.10
435	43.00	42.00	1762.56	24883.20	62424.00	871595.82	871595.82	0.00	0.00	0.00	0.29	2.09	0.01	0.10
436	44.00	42.00	1762.56	24883.20	62424.00	871595.82	871595.82	0.00	0.00	0.00	0.29	2.07	0.01	0.10
437	44.00	43.00	1762.56	24883.20	62424.00	871595.82	871595.82	0.00	0.00	0.00	0.29	2.05	0.01	0.10
438	45.00	43.00	1762.56	24883.20	62424.00	871595.82	871595.82	0.00	0.00	0.00	0.28	2.03	0.01	0.10
439	46.00	43.00	1762.56	24883.20	62424.00	871595.82	871595.82	0.00	0.00	0.00	0.28	2.00	0.01	0.10
440	47.00	43.00	1762.56	24883.20	62424.00	869171.96	869171.96	0.00	0.00	0.00	0.28	1.98	0.01	0.09
441	48.00	43.00	1762.56	24883.20	62424.00	869171.96	869171.96	0.00	0.00	0.00	0.28	1.96	0.01	0.09
442	49.00	43.00	1762.56	24883.20	62424.00	869171.96	869171.96	0.00	0.00	0.00	0.27	1.94	0.01	0.09
443	50.00	43.00	1762.56	24883.20	62424.00	869171.96	869171.96	0.00	0.00	0.00	0.27	1.92	0.01	0.09
444	51.00	43.00	1762.56	24883.20	62424.00	869171.96	869171.96	0.00	0.00	0.00	0.27	1.90	0.01	0.09
445	51.00	44.00	1762.56	24883.20	62424.00	869171.96	869171.96	0.00	0.00	0.00	0.26	1.89	0.01	0.09
446	51.00	45.00	1762.56	24883.20	62424.00	869171.96	869171.96	0.00	0.00	0.00	0.26	1.89	0.01	0.09
447	51.00	46.00	1762.56	24883.20	62424.00	869171.96	869171.96	0.00	0.00	0.00	0.26	1.89	0.01	0.09
448	51.00	47.00	1762.56	24883.20	62424.00	869171.96	869171.96	0.00	0.00	0.00	0.26	1.97	0.01	0.09
449	52.00	47.00	1762.56	24883.20	62424.00	869171.96	869171.96	0.00	0.00	0.00	0.25	1.95	0.01	0.09
450	53.00	47.00	1762.56	24883.20	62424.00	869171.96	869171.96	0.00	0.00	0.00	0.25	1.93	0.01	0.09
451	54.00	47.00	1762.56	24883.20	62424.00	869171.96	869171.96	0.00	0.00	0.00	0.25	1.91	0.01	0.09
452	54.00	48.00	1762.56	24883.20	62424.00	869171.96	869171.96	0.00	0.00	0.00	0.25	1.90	0.01	0.09
453	54.00	49.00	1762.56	24883.20	62424.00	869171.96	869171.96	0.00	0.00	0.00	0.24	1.90	0.01	0.09
454	55.00	49.00	1762.56	24883.20	62424.00	869171.96	869171.96	0.00	0.00	0.00	0.24	1.88	0.01	0.09
455	56.00	49.00	1762.56	24883.20	62424.00	869171.96	869171.96	0.00	0.00	0.00	0.24	1.87	0.01	0.09
456	57.00	49.00	1762.56	24883.20	62424.00	869171.96	869171.96	0.00	0.00	0.00	0.24	1.85	0.01	0.09
457	58.00	49.00	1762.56	24883.20	62424.00	869171.96	869171.96	0.00	0.00	0.00	0.23	1.83	0.01	0.09
458	59.00	49.00	1762.56	24883.20	62424.00	869171.96	869171.96	0.00	0.00	0.00	0.23	1.81	0.01	0.09
459	60.00	49.00	1762.56	24883.20	62424.00	869171.96	869171.96	0.00	0.00	0.00	0.23	1.80	0.01	0.09
460	61.00	49.00	1762.56	24883.20	62424.00	869171.96	869171.96	0.00	0.00	0.00	0.23	1.78	0.01	0.09
461	62.00	49.00	1762.56	24883.20	62424.00	869171.96	869171.96	0.00	0.00	0.00	0.23	1.76	0.01	0.09
462	63.00	49.00	1762.56	24883.20	62424.00	869171.96	869171.96	0.00	0.00	0.00	0.22	1.75	0.01	0.09
463	64.00	49.00	1762.56	24883.20	62424.00	859476.52	859476.52	0.00	0.00	0.00	0.22	1.73	0.01	0.08
464	64.00	50.00	1762.56	24883.20	62424.00	859476.52	859476.52	0.00	0.00	0.00	0.22	1.73	0.01	0.08
465	65.00	50.00	1762.56	24883.20	62424.00	859476.52	859476.52	0.00	0.00	0.00	0.22	1.71	0.01	0.08
466	66.00	50.00	1762.56	24883.20	62424.00	859476.52	859476.52	0.00	0.00	0.00	0.22	1.70	0.01	0.08
467	66.00	51.00	1762.56	24883.20	62424.00	859476.52	859476.52	0.00	0.00	0.00	0.21	1.69	0.01	0.08
468	66.00	52.00	1762.56	24883.20	62424.00	859476.52	859476.52	0.00	0.00	0.00	0.21	1.71	0.01	0.08
469	67.00	52.00	1762.56	24883.20	62424.00	859476.52	859476.52	0.00	0.00	0.00	0.21	1.69	0.01	0.08
470	67.00	53.00	1762.56	24883.20	62424.00	859476.52	859476.52	0.00	0.00	0.00	0.21	1.87	0.01	0.08
471	67.00	54.00	1762.56	24883.20	62424.00	859476.52	859476.52	0.00	0.00	0.00	0.44	1.98	0.01	0.08
472	68.00	54.00	1762.56	24883.20	62424.00	859476.52	859476.52	0.00	0.00	0.00	0.44	1.96	0.01	0.08
473	69.00	54.00	1762.56	24883.20	62424.00	859476.52	859476.52	0.00	0.00	0.00	0.44	1.94	0.01	0.08
474	69.00	55.00	1762.56	24883.20	62424.00	859476.52	859476.52	0.00	0.00	0.00	0.43	2.11	0.01	0.08
475	70.00	55.00	1762.56	24883.20	62424.00	859476.52	859476.52	0.00	0.00	0.00	0.43	2.09	0.01	0.08
476	70.00	56.00	1762.56	24883.20	62424.00	859476.52	859476.52	0.00	0.00	0.00	0.43	2.11	0.01	0.08
477	70.00	57.00	1762.56	24883.20	62424.00	859476.52	859476.52	0.00	0.00	0.00	0.42	2.15	0.01	0.08
478	71.00	57.00	1762.56	24883.20	62424.00	859476.52	859476.52	0.00	0.00	0.00	0.42	2.14	0.01	0.08
479	72.00	57.00	1762.56	24883.20	62424.00	859476.52	859476.52	0.00	0.00	0.00	0.42	2.12	0.01	0.08
480	73.00	57.00	1762.56	24883.20	62424.00	859476.52	859476.52	0.00	0.00	0.00	0.41	2.10	0.01	0.08
481	74.00	57.00	1762.56	24883.20	62424.00	859476.52	859476.52	0.00	0.00	0.00	0.41	2.09	0.01	0.08
482	25.00	57.00	1762.56	24883.20	62424.00	859476.52	859476.52	0.00	0.00	0.00	0.66	3.34	0.01	0.08
483	26.00	57.00	1762.56	24883.20	62424.00	859476.52	859476.52	0.00	0.00	0.00	0.65	3.29	0.01	0.08
484	26.00	58.00	1762.56	24883.20	62424.00	859476.52	859476.52	0.00	0.00	0.00	0.64	3.30	0.01	0.08
485	26.00	59.00	1762.56	24883.20	62424.00	859476.52	859476.52	0.00	0.00	0.00	0.63	3.56	0.01	0.08
486	27.00	59.00	1762.56	24883.20	62424.00	859476.52	859476.52	0.00	0.00	0.00	0.62	3.52	0.01	0.08
487	28.00	59.00	1762.56	24883.20	62424.00	859476.52	859476.52	0.00	0.00	0.00	0.62	3.48	0.01	0.08
488	28.00	60.00	1762.56	24883.20	62424.00	859476.52	859476.52	0.00	0.00	0.00	0.61	3.47	0.01	0.08
489	28.00	61.00	1762.56	24883.20	62424.00	859476.52	859476.52	0.00	0.00	0.00	0.81	3.56	0.01	0.08
490	28.00	62.00	1762.56	24883.20	62424.00	859476.52	859476.52	0.00	0.00	0.00	0.80	3.54	0.01	0.08
491	28.00	63.00	1762.56	24883.20	62424.00	859476.52	859476.52	0.00	0.00	0.00	0.79	3.57	0.01	0.08
492	28.00	64.00	1762.56	24883.20	62424.00	859476.52	859476.52	0.00	0.00	0.00	0.78	3.54	0.01	0.08
493	28.00	65.00	1762.56	24883.20	62424.00	859476.52	859476.52	0.00	0.00	0.00	0.77	3.53	0.01	0.08
494	29.00	65.00	1762.56	24883.20	62424.00	859476.52	859476.52	0.00	0.00	0.00	0.76	3.49	0.01	0.08
495	29.00	66.00	1762.56	24883.20	62424.00	859476.52	859476.52	0.00	0.00	0.00	0.76	3.52	0.01	0.08
496	29.00	67.00	1762.56	24883.20	62424.00	859476.52	859476.52	0.00	0.00	0.00	0.75	3.49	0.01	0.08
497	29.00	68.00	1762.56	24883.20	62424.00	859476.52	859476.52	0.00	0.00	0.00	0.74	3.50	0.01	0.08
498	29.00	69.00	1762.56	24883.20	62424.00	859476.52	859476.52	0.00	0.00	0.00	0.73	3.46	0.01	0.08
499	30.00	69.00	1762.56	24883.20	62424.00	859476.52	859476.52	0.00	0.00	0.00	0.72	3.43	0.01	0.08
500	31.00	69.00	1762.56	24883.20	62424.00	859476.52	859476.52	0.00	0.00	0.00	0.72	3.40	0.01	0.08
501	31.00	70.00	2115.07	29859.84	74908.80	859476.52	859476.52	0.00	0.00	0.00	0.71	3.39	0.01	0.08
502	31.00	71.00	2115.07	29859.84	74908.80	859476.52	859476.52	0.00	0.00	0.00	0.70	3.40	0.02	0.08
503	32.00	71.00	2115.07	29859.84	74908.80	859476.52	859476.52	0.00	0.00	0.00	0.70	3.36	0.02	0.08
504	32.00	72.00	2115.07	29859.84	74908.80	859476.52	859476.52	0.00	0.00	0.00	0.69	3.35	0.02	0.08
505	32.00	73.00	2115.07	29859.84	74908.80	859476.52	859476.52	0.00	0.00	0.00	0.68	3.44	0.02	0.08
506	32.00	74.00	2115.07	29859.84	74908.80	859476.52	859476.52	0.00	0.00	0.00	0.68	3.49	0.02	0.08
507	32.00	25.00	2115.07	29859.84	74908.80	859476.52	859476.52	0.00	0.00	0.00	0.00	0.87	0.00	0.08
508	33.00	25.00	2115.07	29859.84	74908.80	859476.52	859476.52	0.00	0.00	0.00	0.00	0.85	0.00	0.08
509	33.00	26.00	2115.07	29859.84	74908.80	859476.52	859476.52	0.00	0.00	0.00	0.00	0.90	0.00	0.08
510	34.00	26.00	2115.07	29859.84	74908.80	859476.52	859476.52	0.00	0.00	0.00	0.00	0.89	0.00	0.08
511	34.00	27.00	2115.07	29859.84	74908.80	859476.52	859476.52	0.00	0.00	0.00	0.00	0.89	0.00	0.08
512	35.00	27.00	2115.07	29859.84	74908.80	859476.52	859476.52	0.00	0.00	0.00	0.00	0.88	0.00	0.08
513	36.00	27.00	2115.07	29859.84	74908.80	859476.52	859476.52	0.00	0.00	0.00	0.00	0.87	0.00	0.08
514	37.00	27.00	2115.07	29859.84	74908.80	859476.52	859476.52	0.00	0.00	0.00	0.00	0.85	0.00	0.08
515	38.00	27.00	2115.07	29859.84	74908.80	859476.52	859476.52	0.00	0.00	0.00	0.00	0.84	0.00	0.08
516	39.00	27.00	2115.07	29859.84	74908.80	859476.52	859476.52	0.00	0.00	0.00	0.00	0.83	0.00	0.08
517	39.00	28.00	2115.07	29859.84	74908.80	859476.52	859476.52	0.00	0.00	0.00	0.00	0.82	0.00	0.08
518	39.00	29.00	2115.07	29859.84	74908.80	859476.52	859476.52	0.00	0.00	0.00	0.00	0.83	0.00	0.08
519	39.00	30.00	2115.07	29859.84	74908.80	859476.52	859476.52	0.00	0.00	0.00	0.00	1.23	0.00	0.08
520	40.00	30.00	2115.07	29859.84	74908.80	859476.52	859476.52	0.00	0.00	0.00	0.00	1.21	0.00	0.08
521	41.00	30.00	2115.07	29859.84	74908.80	859476.52	859476.52	0.00	0.00	0.00	0.00	1.20	0.00	0.08
522	41.00	31.00	2115.07	29859.84	74908.80	859476.52	859476.52	0.00	0.00	0.00	0.00	1.18	0.00	0.08
523	42.00	31.00	2115.07	29859.84	74908.80	859476.52	859476.52	0.00	0.00	0.00	0.00	1.17	0.00	0.08
524	42.00	32.00	2115.07	29859.84	74908.80	859476.52	859476.52	0.00	0.00	0.00	0.00	1.27	0.00	0.08
525	43.00	32.00	2115.07	29859.84	74908.80	859476.52	859476.52	0.00	0.00	0.00	0.00	1.25	0.00	0.08
526	44.00	32.00	2115.07	29859.84	74908.80	859476.52	859476.52	0.00	0.00	0.00	0.00	1.24	0.00	0.08
527	44.00	33.00	2115.07	29859.84	74908.80	859476.52	859476.52	0.00	0.00	0.00	0.00	1.24	0.00	0.08
528	44.00	34.00	2115.07	29859.84	74908.80	859476.52	859476.52	0.00	0.00	0.00	0.00	1.67	0.00	0.08
529	45.00	34.00	2115.07	29859.84	74908.80	859476.52	859476.52	0.00	0.00	0.00	0.00	1.65	0.00	0.08
530	45.00	35.00	2115.07	29859.84	74908.80	859476.52	859476.52	0.00	0.00	0.00	0.00	1.74	0.00	0.08
531	46.00	35.00	2115.07	29859.84	74908.80	859476.52	859476.52	0.00	0.00	0.00	0.00	1.72	0.00	0.08
532	47.00	35.00	2115.07	29859.84	74908.80	859476.52	859476.52	0.00	0.00	0.00	0.00	1.70	0.00	0.08
533	47.00	36.00	2115.07	29859.84	74908.80	859476.52	859476.52	0.00	0.00	0.00	0.00	1.68	0.00	0.08
534	48.00	36.00	2115.07	29859.84	74908.80	859476.52	859476.52	0.00	0.00	0.00	0.00	1.66	0.00	0.08
535	49.00	36.00	2115.07	29859.84	74908.80	859476.52	859476.52	0.00	0.00	0.00	0.00	1.64	0.00	0.08
536	49.00	37.00	2115.07	29859.84	74908.80	859476.52	859476.52	0.00	0.00	0.00	0.00	1.62	0.00	0.08
537	49.00	38.00	2115.07	29859.84	74908.80	859476.52	859476.52	0.00	0.00	0.00	0.00	1.62	0.00	0.08
538	50.00	38.00	2115.07	29859.84	74908.80	859476.52	859476.52	0.00	0.00	0.00	0.00	1.60	0.00	0.08
539	50.00	39.00	2115.07	29859.84	74908.80	859476.52	859476.52	0.00	0.00	0.00	0.00	1.83	0.00	0.08
540	50.00	40.00	2115.07	29859.84	74908.80	859476.52	859476.52	0.00	0.00	0.00	0.00	1.84	0.00	0.08
541	50.00	41.00	2115.07	29859.84	74908.80	859476.52	859476.52	0.00	0.00	0.00	0.00	1.85	0.00	0.08
542	50.00	42.00	2115.07	29859.84	74908.80	859476.52	859476.52	0.00	0.00	0.00	0.00	1.83	0.00	0.08
543	50.00	43.00	2115.07	29859.84	74908.80	859476.52	859476.52	0.00	0.00	0.00	0.00	1.82	0.00	0.08
544	51.00	43.00	2115.07	29859.84	74908.80	859476.52	859476.52	0.00	0.00	0.00	0.00	1.80	0.00	0.08
545	51.00	44.00	2115.07	29859.84	74908.80	859476.52	859476.52	0.00	0.00	0.00	0.00	1.90	0.00	0.08
546	51.00	45.00	2115.07	29859.84	74908.80	859476.52	859476.52	0.00	0.00	0.00	0.00	1.88	0.00	0.08
547	51.00	46.00	2115.07	29859.84	74908.80	859476.52	859476.52	0.00	0.00	0.00	0.00	1.86	0.00	0.08
548	51.00	47.00	2115.07	29859.84	74908.80	859476.52	859476.52	0.00	0.00	0.00	0.00	1.85	0.00	0.08
549	52.00	47.00	2115.07	29859.84	74908.80	859476.52	859476.52	0.00	0.00	0.00	0.00	1.83	0.00	0.08
550	53.00	47.00	2115.07	29859.84	74908.80	859476.52	859476.52	0.00	0.00	0.00	0.00	1.81	0.00	0.08
551	54.00	47.00	2115.07	29859.84	74908.80	859476.52	859476.52	0.00	0.00	0.00	0.00	1.80	0.00	0.08
552	55.00	47.00	2115.07	29859.84	74908.80	859476.52	859476.52	0.00	0.00	0.00	0.00	1.78	0.00	0.08
553	56.00	47.00	2115.07	29859.84	74908.80	859476.52	859476.52	0.00	0.00	0.00	0.00	1.76	0.00	0.08
554	57.00	47.00	2115.07	29859.84	74908.80	859476.52	859476.52	0.00	0.00	0.00	0.00	1.74	0.00	0.08
555	58.00	47.00	2115.07	29859.84	74908.80	859476.52	859476.52	0.00	0.00	0.00	0.00	1.73	0.00	0.08
556	58.00	48.00	2115.07	29859.84	74908.80	859476.52	859476.52	0.00	0.00	0.00	0.00	1.76	0.00	0.08
557	58.00	49.00	2115.07	29859.84	74908.80	859476.52	859476.52	0.00	0.00	0.00	0.00	1.74	0.00	0.08
558	58.00	50.00	2115.07	29859.84	74908.80	859476.52	859476.52	0.00	0.00	0.00	0.00	1.78	0.00	0.08
559	59.00	50.00	2115.07	29859.84	74908.80	859476.52	859476.52	0.00	0.00	0.00	0.00	1.77	0.00	0.08
560	59.00	51.00	2115.07	29859.84	74908.80	859476.52	859476.52	0.00	0.00	0.00	0.00	1.80	0.00	0.08
561	59.00	52.00	2115.07	29859.84	74908.80	859476.52	859476.52	0.00	0.00	0.00	0.00	2.03	0.00	0.08
562	59.00	53.00	2115.07	29859.84	74908.80	859476.52	859476.52	0.00	0.00	0.00	0.00	2.01	0.00	0.08
563	59.00	54.00	2115.07	29859.84	74908.80	859476.52	859476.52	0.00	0.00	0.00	0.00	2.02	0.00	0.08
564	59.00	55.00	2115.07	29859.84	74908.80	859476.52	859476.52	0.00	0.00	0.00	0.00	2.20	0.00	0.08
565	60.00	55.00	2115.07	29859.84	74908.80	859476.52	859476.52	0.00	0.00	0.00	0.00	2.18	0.00	0.08
566	61.00	55.00	2115.07	29859.84	74908.80	859476.52	859476.52	0.00	0.00	0.00	0.00	2.16	0.00	0.08
567	61.00	56.00	2115.07	29859.84	74908.80	859476.52	859476.52	0.00	0.00	0.00	0.00	2.15	0.00	0.08
568	62.00	56.00	2115.07	29859.84	74908.80	859476.52	859476.52	0.00	0.00	0.00	0.00	2.13	0.00	0.08
569	62.00	57.00	2115.07	29859.84	74908.80	859476.52	859476.52	0.00	0.00	0.00	0.00	2.13	0.00	0.08
570	62.00	58.00	2115.07	29859.84	74908.80	859476.52	859476.52	0.00	0.00	0.00	0.00	2.11	0.00	0.08
571	63.00	58.00	2115.07	29859.84	74908.80	859476.52	859476.52	0.00	0.00	0.00	0.00	2.10	0.00	0.08
572	64.00	58.00	2115.07	29859.84	74908.80	859476.52	859476.52	0.00	0.00	0.00	0.00	2.08	0.00	0.08
573	65.00	58.00	2115.07	29859.84	74908.80	859476.52	859476.52	0.00	0.00	0.00	0.00	2.06	0.00	0.08
574	66.00	58.00	2115.07	29859.84	74908.80	859476.52	859476.52	0.00	0.00	0.00	0.00	2.04	0.00	0.08
575	67.00	58.00	2115.07	29859.84	74908.80	859476.52	859476.52	0.00	0.00	0.00	0.00	2.03	0.00	0.08
576	67.00	59.00	2115.07	29859.84	74908.80	859476.52	859476.52	0.00	0.00	0.00	0.00	2.02	0.00	0.08
577	67.00	60.00	2115.07	29859.84	74908.80	859476.52	859476.52	0.00	0.00	0.00	0.00	2.17	0.00	0.08
578	67.00	61.00	2115.07	29859.84	74908.80	859476.52	859476.52	0.00	0.00	0.00	0.00	2.33	0.00	0.08
579	68.00	61.00	2115.07	29859.84	74908.80	859476.52	859476.52	0.00	0.00	0.00	0.00	2.31	0.00	0.08
580	68.00	62.00	2115.07	29859.84	74908.80	859476.52	859476.52	0.00	0.00	0.00	0.00	2.34	0.00	0.08
581	69.00	62.00	2115.07	29859.84	74908.80	859476.52	859476.52	0.00	0.00	0.00	0.00	2.32	0.00	0.08
582	69.00	63.00	2115.07	29859.84	74908.80	859476.52	859476.52	0.00	0.00	0.00	0.00	2.47	0.00	0.08
583	70.00	63.00	2115.07	29859.84	74908.80	859476.52	859476.52	0.00	0.00	0.00	0.00	2.45	0.00	0.08
584	71.00	63.00	2115.07	29859.84	74908.80	859476.52	859476.52	0.00	0.00	0.00	0.00	2.44	0.00	0.08
585	71.00	64.00	2115.07	29859.84	74908.80	859476.52	859476.52	0.00	0.00	0.00	0.00	2.48	0.00	0.08
586	72.00	64.00	2115.07	29859.84	74908.80	859476.52	859476.52	0.00	0.00	0.00	0.00	2.47	0.00	0.08
587	73.00	64.00	2115.07	29859.84	74908.80	859476.52	859476.52	0.00	0.00	0.00	0.00	2.45	0.00	0.08
588	74.00	64.00	2115.07	29859.84	74908.80	859476.52	859476.52	0.00	0.00	0.00	0.00	2.43	0.00	0.08
589	25.00	64.00	2115.07	29859.84	74908.80	859476.52	859476.52	0.00	0.00	0.00	0.00	3.77	0.00	0.08
590	25.00	65.00	2115.07	29859.84	74908.80	859476.52	859476.52	0.00	0.00	0.00	0.00	3.98	0.00	0.08
591	26.00	65.00	2115.07	29859.84	74908.80	859476.52	859476.52	0.00	0.00	0.00	0.00	3.94	0.00	0.08
592	26.00	66.00	2115.07	29859.84	74908.80	859476.52	859476.52	0.00	0.00	0.00	0.00	3.90	0.00	0.08
593	27.00	66.00	2115.07	29859.84	74908.80	859476.52	859476.52	0.00	0.00	0.00	0.00	3.86	0.00	0.08
594	27.00	67.00	2115.07	29859.84	74908.80	859476.52	859476.52	0.00	0.00	0.00	0.00	3.82	0.00	0.08
595	28.00	67.00	2115.07	29859.84	74908.80	859476.52	859476.52	0.00	0.00	0.00	0.00	3.78	0.00	0.08
596	29.00	67.00	2115.07	29859.84	74908.80	859476.52	859476.52	0.00	0.00	0.00	0.00	3.74	0.00	0.08
597	30.00	67.00	2115.07	29859.84	74908.80	859476.52	859476.52	0.00	0.00	0.00	0.00	3.70	0.00	0.08
598	30.00	68.00	2115.07	29859.84	74908.80	859476.52	859476.52	0.00	0.00	0.00	0.00	3.72	0.00	0.08
599	31.00	68.00	2115.07	29859.84	74908.80	859476.52	859476.52	0.00	0.00	0.00	0.00	3.69	0.00	0.08
600	32.00	68.00	2115.07	29859.84	74908.80	859476.52	859476.52	0.00	0.00	0.00	0.00	3.65	0.00	0.08
601	32.00	69.00	1797.81	35831.81	89890.56	859476.52	859476.52	0.00	0.00	0.00	0.00	3.62	0.00	0.08
602	33.00	69.00	1797.81	35831.81	89890.56	859476.52	859476.52	0.00	0.00	0.00	0.00	3.59	0.00	0.08
603	33.00	70.00	1797.81	35831.81	89890.56	859476.52	859476.52	0.00	0.00	0.00	0.00	3.57	0.00	0.08
604	33.00	71.00	1797.81	35831.81	89890.56	859476.52	859476.52	0.00	0.00	0.00	0.21	3.58	0.00	0.08
605	33.00	72.00	1797.81	35831.81	89890.56	859476.52	859476.52	0.00	0.00	0.00	0.21	3.59	0.00	0.08
606	33.00	73.00	1797.81	35831.81	89890.56	859476.52	859476.52	0.00	0.00	0.00	0.21	3.55	0.00	0.08
607	33.00	74.00	1797.81	35831.81	89890.56	859476.52	859476.52	0.00	0.00	0.00	0.61	3.59	0.00	0.08
608	33.00	25.00	1797.81	35831.81	89890.56	859476.52	859476.52	0.00	0.00	0.00	0.00	0.33	0.00	0.08
609	34.00	25.00	1797.81	35831.81	89890.56	859476.52	859476.52	0.00	0.00	0.00	0.00	0.32	0.00	0.08
610	35.00	25.00	1797.81	35831.81	89890.56	859476.52	859476.52	0.00	0.00	0.00	0.00	0.31	0.00	0.08
611	36.00	25.00	1797.81	35831.81	89890.56	859476.52	859476.52	0.00	0.00	0.00	0.00	0.31	0.00	0.08
612	37.00	25.00	1797.81	35831.81	89890.56	859476.52	859476.52	0.00	0.00	0.00	0.00	0.30	0.00	0.08
613	38.00	25.00	1797.81	35831.81	89890.56	859476.52	859476.52	0.00	0.00	0.00	0.00	0.30	0.00	0.08
614	38.00	26.00	1797.81	35831.81	89890.56	859476.52	859476.52	0.00	0.00	0.00	0.00	0.35	0.00	0.08
615	38.00	27.00	1797.81	35831.81	89890.56	859476.52	859476.52	0.00	0.00	0.00	0.00	0.45	0.00	0.08
616	39.00	27.00	1797.81	35831.81	89890.56	859476.52	859476.52	0.00	0.00	0.00	0.00	0.44	0.00	0.08
617	39.00	28.00	1797.81	35831.81	89890.56	859476.52	859476.52	0.00	0.00	0.00	0.00	0.50	0.00	0.08
618	40.00	28.00	1797.81	35831.81	89890.56	849781.08	849781.08	0.00	0.00	0.00	0.00	0.49	0.00	0.07
619	40.00	29.00	1797.81	35831.81	89890.56	849781.08	849781.08	0.00	0.00	0.00	0.00	0.57	0.00	0.07
620	41.00	29.00	1797.81	35831.81	89890.56	849781.08	849781.08	0.00	0.00	0.00	0.00	0.56	0.00	0.07
621	42.00	29.00	1797.81	35831.81	89890.56	849781.08	849781.08	0.00	0.00	0.00	0.00	0.55	0.00	0.07
622	42.00	30.00	1797.81	35831.81	89890.56	849781.08	849781.08	0.00	0.00	0.00	0.00	0.55	0.00	0.07
623	43.00	30.00	1797.81	35831.81	89890.56	849781.08	849781.08	0.00	0.00	0.00	0.00	0.54	0.00	0.07
624	43.00	31.00	1797.81	35831.81	89890.56	849781.08	849781.08	0.00	0.00	0.00	0.00	0.65	0.00	0.07
625	43.00	32.00	1797.81	35831.81	89890.56	849781.08	849781.08	0.00	0.00	0.00	0.00	0.68	0.00	0.07
626	43.00	33.00	1797.81	35831.81	89890.56	849781.08	849781.08	0.00	0.00	0.00	0.00	0.77	0.00	0.07
627	43.00	34.00	1797.81	35831.81	89890.56	849781.08	849781.08	0.00	0.00	0.00	0.00	0.80	0.00	0.07
628	43.00	35.00	1797.81	35831.81	89890.56	849781.08	849781.08	0.00	0.00	0.00	0.00	0.79	0.00	0.07
629	43.00	36.00	1797.81	35831.81	89890.56	849781.08	849781.08	0.00	0.00	0.00	0.00	0.79	0.00	0.07
630	44.00	36.00	1797.81	35831.81	89890.56	849781.08	849781.08	0.00	0.00	0.00	0.00	0.78	0.00	0.07
631	44.00	37.00	1797.81	35831.81	89890.56	849781.08	849781.08	0.00	0.00	0.00	0.00	0.82	0.00	0.07
632	44.00	38.00	1797.81	35831.81	89890.56	849781.08	849781.08	0.00	0.00	0.00	0.00	0.82	0.00	0.07
633	45.00	38.00	1797.81	35831.81	89890.56	849781.08	849781.08	0.00	0.00	0.00	0.00	0.81	0.00	0.07
634	45.00	39.00	1797.81	35831.81	89890.56	849781.08	849781.08	0.00	0.00	0.00	0.00	0.91	0.00	0.07
635	45.00	40.00	1797.81	35831.81	89890.56	849781.08	849781.08	0.00	0.00	0.00	0.00	0.90	0.00	0.07
636	45.00	41.00	1797.81	35831.81	89890.56	849781.08	849781.08	0.00	0.00	0.00	0.00	0.92	0.00	0.07
637	45.00	42.00	1797.81	35831.81	89890.56	849781.08	849781.08	0.00	0.00	0.00	0.00	0.97	0.00	0.07
638	46.00	42.00	1797.81	35831.81	89890.56	849781.08	849781.08	0.00	0.00	0.00	0.00	0.95	0.00	0.07
639	47.00	42.00	1797.81	35831.81	89890.56	849781.08	849781.08	0.00	0.00	0.00	0.00	0.94	0.00	0.07
640	48.00	42.00	1797.81	35831.81	89890.56	849781.08	849781.08	0.00	0.00	0.00	0.00	0.93	0.00	0.07
641	49.00	42.00	1797.81	35831.81	89890.56	849781.08	849781.08	0.00	0.00	0.00	0.00	0.92	0.00	0.07
642	50.00	42.00	1797.81	35831.81	89890.56	849781.08	849781.08	0.00	0.00	0.00	0.00	0.91	0.00	0.07
643	50.00	43.00	1797.81	35831.81	89890.56	849781.08	849781.08	0.00	0.00	0.00	0.00	0.93	0.00	0.07
644	50.00	44.00	1797.81	35831.81	89890.56	849781.08	849781.08	0.00	0.00	0.00	0.00	0.93	0.00	0.07
645	51.00	44.00	1797.81	35831.81	89890.56	849781.08	849781.08	0.00	0.00	0.00	0.00	0.92	0.00	0.07
646	51.00	45.00	1797.81	35831.81	89890.56	849781.08	849781.08	0.00	0.00	0.00	0.00	0.92	0.00	0.07
647	51.00	46.00	1797.81	35831.81	89890.56	849781.08	849781.08	0.00	0.00	0.00	0.00	0.92	0.00	0.07
648	51.00	47.00	1797.81	35831.81	89890.56	849781.08	849781.08	0.00	0.00	0.00	0.00	1.14	0.00	0.07
649	51.00	48.00	1797.81	35831.81	89890.56	849781.08	849781.08	0.00	0.00	0.00	0.00	1.14	0.00	0.07
650	51.00	49.00	1797.81	35831.81	89890.56	849781.08	849781.08	0.00	0.00	0.00	0.00	1.35	0.00	0.07
651	52.00	49.00	1797.81	35831.81	89890.56	849781.08	849781.08	0.00	0.00	0.00	0.00	1.33	0.00	0.07
652	52.00	50.00	1797.81	35831.81	89890.56	849781.08	849781.08	0.00	0.00	0.00	0.00	1.32	0.00	0.07
653	52.00	51.00	1797.81	35831.81	89890.56	849781.08	849781.08	0.00	0.00	0.00	0.00	1.32	0.00	0.07
654	52.00	52.00	1797.81	35831.81	89890.56	849781.08	849781.08	0.00	0.00	0.00	0.00	1.38	0.00	0.07
655	53.00	52.00	1797.81	35831.81	89890.56	849781.08	849781.08	0.00	0.00	0.00	0.00	1.37	0.00	0.07
656	53.00	53.00	1797.81	35831.81	89890.56	849781.08	849781.08	0.00	0.00	0.00	0.04	1.65	0.00	0.07
657	53.00	54.00	1797.81	35831.81	89890.56	849781.08	849781.08	0.00	0.00	0.00	0.04	1.68	0.00	0.07
658	54.00	54.00	1797.81	35831.81	89890.56	849781.08	849781.08	0.00	0.00	0.00	0.04	1.66	0.00	0.07
659	54.00	55.00	1797.81	35831.81	89890.56	849781.08	849781.08	0.00	0.00	0.00	0.04	1.65	0.00	0.07
660	54.00	56.00	1797.81	35831.81	89890.56	849781.08	849781.08	0.00	0.00	0.00	0.04	1.72	0.00	0.07
661	54.00	57.00	1797.81	35831.81	89890.56	849781.08	849781.08	0.00	0.00	0.00	0.04	1.73	0.00	0.07
662	54.00	58.00	1797.81	35831.81	89890.56	849781.08	849781.08	0.00	0.00	0.00	0.04	1.71	0.00	0.07
663	55.00	58.00	1797.81	35831.81	89890.56	849781.08	849781.08	0.00	0.00	0.00	0.04	1.70	0.00	0.07
664	56.00	58.00	1797.81	35831.81	89890.56	849781.08	849781.08	0.00	0.00	0.00	0.04	1.68	0.00	0.07
665	57.00	58.00	1797.81	35831.81	89890.56	849781.08	849781.08	0.00	0.00	0.00	0.04	1.67	0.00	0.07
666	58.00	58.00	1797.81	35831.81	89890.56	849781.08	849781.08	0.00	0.00	0.00	0.04	1.66	0.00	0.07
667	58.00	59.00	1797.81	35831.81	89890.56	849781.08	849781.08	0.00	0.00	0.00	0.04	1.67	0.00	0.07
668	59.00	59.00	1797.81	35831.81	89890.56	849781.08	849781.08	0.00	0.00	0.00	0.04	1.65	0.00	0.07
669	60.00	59.00	1797.81	35831.81	89890.56	849781.08	849781.08	0.00	0.00	0.00	0.04	1.64	0.00	0.07
670	61.00	59.00	1797.81	35831.81	89890.56	849781.08	849781.08	0.00	0.00	0.00	0.04	1.62	0.00	0.07
671	61.00	60.00	1797.81	35831.81	89890.56	849781.08	849781.08	0.00	0.00	0.00	0.04	1.62	0.00	0.07
672	62.00	60.00	1797.81	35831.81	89890.56	849781.08	849781.08	0.00	0.00	0.00	0.04	1.61	0.00	0.07
673	63.00	60.00	1797.81	35831.81	89890.56	849781.08	849781.08	0.00	0.00	0.00	0.04	1.60	0.00	0.07
674	64.00	60.00	1797.81	35831.81	89890.56	849781.08	849781.08	0.00	0.00	0.00	0.04	1.58	0.00	0.07
675	65.00	60.00	1797.81	35831.81	89890.56	849781.08	849781.08	0.00	0.00	0.00	0.04	1.57	0.00	0.07
676	65.00	61.00	1797.81	35831.81	89890.56	849781.08	849781.08	0.00	0.00	0.00	0.04	1.56	0.00	0.07
677	66.00	61.00	1797.81	35831.81	89890.56	849781.08	849781.08	0.00	0.00	0.00	0.04	1.55	0.00	0.07
678	66.00	62.00	1797.81	35831.81	89890.56	849781.08	849781.08	0.00	0.00	0.00	0.04	1.54	0.00	0.07
679	67.00	62.00	1797.81	35831.81	89890.56	849781.08	849781.08	0.00	0.00	0.00	0.04	1.53	0.00	0.07
680	67.00	63.00	1797.81	35831.81	89890.56	849781.08	849781.08	0.00	0.00	0.00	0.04	1.53	0.00	0.07
681	68.00	63.00	1797.81	35831.81	89890.56	849781.08	849781.08	0.00	0.00	0.00	0.04	1.52	0.00	0.07
682	68.00	64.00	1797.81	35831.81	89890.56	849781.08	849781.08	0.00	0.00	0.00	0.04	1.52	0.00	0.07
683	68.00	65.00	1797.81	35831.81	89890.56	849781.08	849781.08	0.00	0.00	0.00	0.04	1.51	0.00	0.07
684	69.00	65.00	1797.81	35831.81	89890.56	849781.08	849781.08	0.00	0.00	0.00	0.04	1.50	0.00	0.07
685	69.00	66.00	1797.81	35831.81	89890.56	849781.08	849781.08	0.00	0.00	0.00	0.04	1.52	0.00	0.07
686	70.00	66.00	1797.81	35831.81	89890.56	849781.08	849781.08	0.00	0.00	0.00	0.03	1.50	0.00	0.07
687	71.00	66.00	1797.81	35831.81	89890.56	849781.08	849781.08	0.00	0.00	0.00	0.03	1.49	0.00	0.07
688	71.00	67.00	1797.81	35831.81	89890.56	849781.08	849781.08	0.00	0.00	0.00	0.03	1.51	0.00	0.07
689	72.00	67.00	1797.81	35831.81	89890.56	849781.08	849781.08	0.00	0.00	0.00	0.03	1.50	0.00	0.07
690	72.00	68.00	1797.81	35831.81	89890.56	849781.08	849781.08	0.00	0.00	0.00	0.03	1.53	0.00	0.07
691	73.00	68.00	1797.81	35831.81	89890.56	849781.08	849781.08	0.00	0.00	0.00	0.03	1.52	0.00	0.07
692	74.00	68.00	1797.81	35831.81	89890.56	849781.08	849781.08	0.00	0.00	0.00	0.03	1.51	0.00	0.07
693	74.00	69.00	1797.81	35831.81	89890.56	849781.08	849781.08	0.00	0.00	0.00	0.03	1.50	0.00	0.07
694	25.00	69.00	1797.81	35831.81	89890.56	849781.08	849781.08	0.00	0.00	0.00	0.05	2.28	0.00	0.07
695	25.00	70.00	1797.81	35831.81	89890.56	849781.08	849781.08	0.00	0.00	0.00	0.05	2.49	0.00	0.07
696	26.00	70.00	1797.81	35831.81	89890.56	849781.08	849781.08	0.00	0.00	0.00	0.05	2.46	0.00	0.07
697	26.00	71.00	1797.81	35831.81	89890.56	849781.08	849781.08	0.00	0.00	0.00	0.05	2.44	0.00	0.07
698	26.00	72.00	1797.81	35831.81	89890.56	845376.04	849781.08	0.00	0.08	0.00	0.05	2.41	0.00	0.07
699	27.00	72.00	1797.81	35831.81	89890.56	845376.04	849781.08	0.00	0.08	0.00	0.05	2.39	0.00	0.07
700	27.00	73.00	1797.81	35831.81	89890.56	845376.04	849781.08	0.00	0.08	0.00	0.05	2.77	0.00	0.07
701	28.00	73.00	2157.37	42998.17	76406.98	845949.35	849781.08	0.00	0.08	0.00	0.05	2.74	0.00	0.07
702	28.00	74.00	2157.37	42998.17	76406.98	845949.35	849781.08	0.00	0.08	0.00	0.05	2.72	0.00	0.07
703	29.00	74.00	2157.37	42998.17	76406.98	842509.50	842509.50	0.00	0.00	0.00	0.05	2.69	0.00	0.06
704	30.00	74.00	2157.37	42998.17	76406.98	842509.50	842509.50	0.00	0.00	0.00	0.05	2.67	0.00	0.06
705	30.00	25.00	2157.37	42998.17	76406.98	842509.50	842509.50	0.00	0.00	0.00	0.00	0.26	0.00	0.06
706	31.00	25.00	2157.37	42998.17	76406.98	842509.50	842509.50	0.00	0.00	0.00	0.00	0.25	0.00	0.06
707	31.00	26.00	2157.37	42998.17	76406.98	842509.50	842509.50	0.00	0.00	0.00	0.00	0.30	0.00	0.06
708	31.00	27.00	2157.37	42998.17	76406.98	842509.50	842509.50	0.00	0.00	0.00	0.00	0.33	0.00	0.06
709	32.00	27.00	2157.37	42998.17	76406.98	842509.50	842509.50	0.00	0.00	0.00	0.00	0.32	0.00	0.06
710	33.00	27.00	2157.37	42998.17	76406.98	842509.50	842509.50	0.00	0.00	0.00	0.00	0.31	0.00	0.06
711	34.00	27.00	2157.37	42998.17	76406.98	842509.50	842509.50	0.00	0.00	0.00	0.00	0.31	0.00	0.06
712	35.00	27.00	2157.37	42998.17	76406.98	842509.50	842509.50	0.00	0.00	0.00	0.00	0.30	0.00	0.06
713	36.00	27.00	2157.37	42998.17	76406.98	842509.50	842509.50	0.00	0.00	0.00	0.00	0.30	0.00	0.06
714	37.00	27.00	2157.37	42998.17	76406.98	842509.50	842509.50	0.00	0.00	0.00	0.00	0.29	0.00	0.06
715	38.00	27.00	2157.37	42998.17	76406.98	842509.50	842509.50	0.00	0.00	0.00	0.00	0.29	0.00	0.06
716	38.00	28.00	2157.37	42998.17	76406.98	842509.50	842509.50	0.00	0.00	0.00	0.00	0.37	0.00	0.06
717	38.00	29.00	2157.37	42998.17	76406.98	842509.50	842509.50	0.00	0.00	0.00	0.14	0.82	0.00	0.06
718	39.00	29.00	2157.37	42998.17	76406.98	842509.50	842509.50	0.00	0.00	0.00	0.13	0.81	0.00	0.06
719	40.00	29.00	2157.37	42998.17	76406.98	842509.50	842509.50	0.00	0.00	0.00	0.13	0.80	0.00	0.06
720	40.00	30.00	2157.37	42998.17	76406.98	842509.50	842509.50	0.00	0.00	0.00	0.13	0.80	0.00	0.06
721	41.00	30.00	2157.37	42998.17	76406.98	842509.50	842509.50	0.00	0.00	0.00	0.13	0.79	0.00	0.06
722	41.00	31.00	2157.37	42998.17	76406.98	842509.50	842509.50	0.00	0.00	0.00	0.13	0.78	0.00	0.06
723	41.00	32.00	2157.37	42998.17	76406.98	842509.50	842509.50	0.00	0.00	0.00	0.12	0.78	0.00	0.06
724	41.00	33.00	2157.37	42998.17	76406.98	842509.50	842509.50	0.00	0.00	0.00	0.12	0.77	0.00	0.06
725	42.00	33.00	2157.37	42998.17	76406.98	842509.50	842509.50	0.00	0.00	0.00	0.12	0.76	0.00	0.06
726	43.00	33.00	2157.37	42998.17	76406.98	842509.50	842509.50	0.00	0.00	0.00	0.12	0.75	0.00	0.06
727	44.00	33.00	2157.37	42998.17	76406.98	842509.50	842509.50	0.00	0.00	0.00	0.12	0.74	0.00	0.06
728	45.00	33.00	2157.37	42998.17	76406.98	842509.50	842509.50	0.00	0.00	0.00	0.12	0.73	0.00	0.06
729	46.00	33.00	2157.37	42998.17	76406.98	842509.50	842509.50	0.00	0.00	0.00	0.12	0.72	0.00	0.06
730	47.00	33.00	2157.37	42998.17	76406.98	842509.50	842509.50	0.00	0.00	0.00	0.11	0.71	0.00	0.06
731	48.00	33.00	2157.37	42998.17	76406.98	842509.50	842509.50	0.00	0.00	0.00	0.11	0.71	0.00	0.06
732	49.00	33.00	2157.37	42998.17	76406.98	842509.50	842509.50	0.00	0.00	0.00	0.11	0.70	0.00	0.06
733	50.00	33.00	2157.37	42998.17	76406.98	842509.50	842509.50	0.00	0.00	0.00	0.11	0.69	0.00	0.06
734	51.00	33.00	2157.37	42998.17	76406.98	842509.50	842509.50	0.00	0.00	0.00	0.11	0.68	0.00	0.06
735	51.00	34.00	2157.37	42998.17	76406.98	842509.50	842509.50	0.00	0.00	0.00	0.11	0.72	0.00	0.06
736	52.00	34.00	2157.37	42998.17	76406.98	842509.50	842509.50	0.00	0.00	0.00	0.11	0.71	0.00	0.06
737	53.00	34.00	2157.37	42998.17	76406.98	842509.50	842509.50	0.00	0.00	0.00	0.10	0.70	0.00	0.06
738	54.00	34.00	2157.37	42998.17	76406.98	842509.50	842509.50	0.00	0.00	0.00	0.10	0.69	0.00	0.06
739	54.00	35.00	2157.37	42998.17	76406.98	842509.50	842509.50	0.00	0.00	0.00	0.10	0.77	0.00	0.06
740	55.00	35.00	2157.37	42998.17	76406.98	842509.50	842509.50	0.00	0.00	0.00	0.10	0.76	0.00	0.06
741	56.00	35.00	2157.37	42998.17	76406.98	842509.50	842509.50	0.00	0.00	0.00	0.10	0.76	0.00	0.06
742	56.00	36.00	2157.37	42998.17	76406.98	842509.50	842509.50	0.00	0.00	0.00	0.10	0.79	0.00	0.06
743	57.00	36.00	2157.37	42998.17	76406.98	842509.50	842509.50	0.00	0.00	0.00	0.10	0.79	0.00	0.06
744	57.00	37.00	2157.37	42998.17	76406.98	842509.50	842509.50	0.00	0.00	0.00	0.10	0.78	0.00	0.06
745	57.00	38.00	2157.37	42998.17	76406.98	842509.50	842509.50	0.00	0.00	0.00	0.60	0.81	0.00	0.06
746	57.00	39.00	2157.37	42998.17	76406.98	842509.50	842509.50	0.00	0.00	0.00	0.59	0.80	0.00	0.06
747	57.00	40.00	2157.37	42998.17	76406.98	842509.50	842509.50	0.00	0.00	0.00	0.59	0.80	0.00	0.06
748	58.00	40.00	2157.37	42998.17	76406.98	842509.50	842509.50	0.00	0.00	0.00	0.58	0.79	0.00	0.06
749	59.00	40.00	2157.37	42998.17	76406.98	842509.50	842509.50	0.00	0.00	0.00	0.57	0.78	0.00	0.06
750	60.00	40.00	2157.37	42998.17	76406.98	842509.50	842509.50	0.00	0.00	0.00	0.57	0.77	0.00	0.06
751	61.00	40.00	2157.37	42998.17	76406.98	842509.50	842509.50	0.00	0.00	0.00	0.56	0.76	0.00	0.06
752	62.00	40.00	2157.37	42998.17	76406.98	842509.50	842509.50	0.00	0.00	0.00	0.56	0.76	0.00	0.06
753	62.00	41.00	2157.37	42998.17	76406.98	842509.50	842509.50	0.00	0.00	0.00	0.55	0.76	0.00	0.06
754	62.00	42.00	2157.37	42998.17	76406.98	842509.50	842509.50	0.00	0.00	0.00	0.55	0.76	0.00	0.06
755	63.00	42.00	2157.37	42998.17	76406.98	842509.50	842509.50	0.00	0.00	0.00	0.54	0.75	0.00	0.06
756	64.00	42.00	2157.37	42998.17	76406.98	842509.50	842509.50	0.00	0.00	0.00	0.54	0.74	0.00	0.06
757	64.00	43.00	2157.37	42998.17	76406.98	842509.50	842509.50	0.00	0.00	0.00	0.53	0.74	0.00	0.06
758	65.00	43.00	2157.37	42998.17	76406.98	842509.50	842509.50	0.00	0.00	0.00	0.53	0.74	0.00	0.06
759	66.00	43.00	2157.37	42998.17	76406.98	842509.50	842509.50	0.00	0.00	0.00	0.52	0.73	0.00	0.06
760	67.00	43.00	2157.37	42998.17	76406.98	842509.50	842509.50	0.00	0.00	0.00	0.52	0.72	0.00	0.06
761	68.00	43.00	2157.37	42998.17	76406.98	842509.50	842509.50	0.00	0.00	0.00	0.51	0.72	0.00	0.06
762	69.00	43.00	2157.37	42998.17	76406.98	842509.50	842509.50	0.00	0.00	0.00	0.51	0.71	0.00	0.06
763	69.00	44.00	2157.37	42998.17	76406.98	842509.50	842509.50	0.00	0.00	0.00	0.50	0.77	0.00	0.06
764	69.00	45.00	2157.37	42998.17	76406.98	842509.50	842509.50	0.00	0.00	0.00	0.50	0.96	0.00	0.06
765	69.00	46.00	2157.37	42998.17	76406.98	842509.50	842509.50	0.00	0.00	0.00	0.49	1.01	0.00	0.06
766	69.00	47.00	2157.37	42998.17	76406.98	842509.50	842509.50	0.00	0.00	0.00	0.51	1.02	0.01	0.06
767	69.00	48.00	2157.37	42998.17	76406.98	842509.50	842509.50	0.00	0.00	0.00	0.51	1.05	0.01	0.06
768	70.00	48.00	2157.37	42998.17	76406.98	842509.50	842509.50	0.00	0.00	0.00	0.50	1.05	0.01	0.06
769	71.00	48.00	2157.37	42998.17	76406.98	842509.50	842509.50	0.00	0.00	0.00	0.50	1.04	0.01	0.06
770	72.00	48.00	2157.37	42998.17	76406.98	842509.50	842509.50	0.00	0.00	0.00	0.49	1.03	0.01	0.06
771	73.00	48.00	2157.37	42998.17	76406.98	842509.50	842509.50	0.00	0.00	0.00	0.49	1.02	0.01	0.06
772	73.00	49.00	2157.37	42998.17	76406.98	842509.50	842509.50	0.00	0.00	0.00	0.49	1.01	0.01	0.06
773	74.00	49.00	2157.37	42998.17	76406.98	842509.50	842509.50	0.00	0.00	0.00	0.48	1.01	0.01	0.06
774	25.00	49.00	2157.37	42998.17	76406.98	842509.50	842509.50	0.00	0.00	0.00	0.80	1.67	0.01	0.06
775	25.00	50.00	2157.37	42998.17	76406.98	842509.50	842509.50	0.00	0.00	0.00	0.79	2.20	0.01	0.06
776	25.00	51.00	2157.37	42998.17	76406.98	842509.50	842509.50	0.00	0.00	0.00	0.78	2.27	0.01	0.06
777	26.00	51.00	2157.37	42998.17	76406.98	842509.50	842509.50	0.00	0.00	0.00	0.77	2.24	0.01	0.06
778	26.00	52.00	2157.37	42998.17	76406.98	842509.50	842509.50	0.00	0.00	0.00	0.76	2.22	0.01	0.06
779	27.00	52.00	2157.37	42998.17	76406.98	842509.50	842509.50	0.00	0.00	0.00	0.75	2.19	0.01	0.06
780	27.00	53.00	2157.37	42998.17	76406.98	842509.50	842509.50	0.00	0.00	0.00	0.74	2.16	0.01	0.06
781	27.00	54.00	2157.37	42998.17	76406.98	842509.50	842509.50	0.00	0.00	0.00	0.73	2.22	0.01	0.06
782	27.00	55.00	2157.37	42998.17	76406.98	842509.50	842509.50	0.00	0.00	0.00	0.72	2.26	0.01	0.06
783	27.00	56.00	2157.37	42998.17	76406.98	842509.50	842509.50	0.00	0.00	0.00	0.71	2.54	0.01	0.06
784	27.00	57.00	2157.37	42998.17	76406.98	842509.50	842509.50	0.00	0.00	0.00	0.71	2.53	0.01	0.06
785	27.00	58.00	2157.37	42998.17	76406.98	842509.50	842509.50	0.00	0.00	0.00	0.70	2.77	0.01	0.06
786	27.00	59.00	2157.37	42998.17	76406.98	842509.50	842509.50	0.00	0.00	0.00	0.69	2.74	0.01	0.06
787	27.00	60.00	2157.37	42998.17	76406.98	842509.50	842509.50	0.00	0.00	0.00	0.68	2.90	0.01	0.06
788	27.00	61.00	2157.37	42998.17	76406.98	842509.50	842509.50	0.00	0.00	0.00	0.67	2.88	0.01	0.06
789	27.00	62.00	2157.37	42998.17	76406.98	842509.50	842509.50	0.00	0.00	0.00	0.67	2.89	0.01	0.06
790	27.00	63.00	2157.37	42998.17	76406.98	842509.50	842509.50	0.00	0.00	0.00	0.66	2.86	0.01	0.06
791	28.00	63.00	2157.37	42998.17	76406.98	842509.50	842509.50	0.00	0.00	0.00	0.65	2.83	0.01	0.06
792	29.00	63.00	2157.37	42998.17	76406.98	842509.50	842509.50	0.00	0.00	0.00	0.64	2.80	0.01	0.06
793	29.00	64.00	2157.37	42998.17	76406.98	842509.50	842509.50	0.00	0.00	0.00	0.64	2.77	0.01	0.06
794	30.00	64.00	2157.37	42998.17	76406.98	842509.50	842509.50	0.00	0.00	0.00	0.63	2.74	0.01	0.06
795	31.00	64.00	2157.37	42998.17	76406.98	842509.50	842509.50	0.00	0.00	0.00	0.62	2.71	0.01	0.06
796	32.00	64.00	2157.37	42998.17	76406.98	842509.50	842509.50	0.00	0.00	0.00	0.62	2.68	0.01	0.06
797	33.00	64.00	2157.37	42998.17	76406.98	842509.50	842509.50	0.00	0.00	0.00	0.61	2.66	0.01	0.06
798	33.00	65.00	2157.37	42998.17	76406.98	842509.50	842509.50	0.00	0.00	0.00	0.61	2.88	0.01	0.06
799	34.00	65.00	2157.37	42998.17	76406.98	842509.50	842509.50	0.00	0.00	0.00	0.60	2.86	0.01	0.06
800	35.00	65.00	2157.37	42998.17	76406.98	842509.50	842509.50	0.00	0.00	0.00	0.59	2.83	0.01	0.06
801	36.00	65.00	2588.85	51597.80	91688.37	842509.50	842509.50	0.00	0.00	0.00	0.59	2.80	0.01	0.06
802	36.00	66.00	2588.85	51597.80	91688.37	842509.50	842509.50	0.00	0.00	0.00	0.58	2.99	0.01	0.06
803	37.00	66.00	2588.85	51597.80	91688.37	842509.50	842509.50	0.00	0.00	0.00	0.58	2.96	0.01	0.06
804	38.00	66.00	2588.85	51597.80	91688.37	842509.50	842509.50	0.00	0.00	0.00	0.57	2.93	0.01	0.06
805	38.00	67.00	2588.85	51597.80	91688.37	842509.50	842509.50	0.00	0.00	0.00	0.57	2.90	0.01	0.06
806	38.00	68.00	2588.85	51597.80	91688.37	842509.50	842509.50	0.00	0.00	0.00	0.56	2.88	0.01	0.06
807	38.00	69.00	2588.85	51597.80	91688.37	842509.50	842509.50	0.00	0.00	0.00	0.55	2.86	0.01	0.06
808	39.00	69.00	2588.85	51597.80	91688.37	842509.50	842509.50	0.00	0.00	0.00	0.55	2.83	0.01	0.06
809	39.00	70.00	2588.85	51597.80	91688.37	842509.50	842509.50	0.00	0.00	0.00	0.54	2.81	0.01	0.06
810	40.00	70.00	2588.85	51597.80	91688.37	842509.50	842509.50	0.00	0.00	0.00	0.54	2.79	0.01	0.06
811	41.00	70.00	2588.85	51597.80	91688.37	842509.50	842509.50	0.00	0.00	0.00	0.53	2.76	0.01	0.06
812	42.00	70.00	2588.85	51597.80	91688.37	842509.50	842509.50	0.00	0.00	0.00	0.53	2.74	0.01	0.06
813	43.00	70.00	2588.85	51597.80	91688.37	842509.50	842509.50	0.00	0.00	0.00	0.53	2.71	0.01	0.06
814	44.00	70.00	2588.85	51597.80	91688.37	842509.50	842509.50	0.00	0.00	0.00	0.52	2.69	0.01	0.06
815	45.00	70.00	2588.85	51597.80	91688.37	842509.50	842509.50	0.00	0.00	0.00	0.52	2.67	0.01	0.06
816	45.00	71.00	2588.85	51597.80	91688.37	842509.50	842509.50	0.00	0.00	0.00	0.51	2.65	0.01	0.06
817	46.00	71.00	2588.85	51597.80	91688.37	832814.06	832814.06	0.00	0.00	0.00	0.51	2.63	0.01	0.05
