Skip number of rows: 48
Time used: 26,53 seconds

Problem instance parameters: 
Problem size = 10
Time windows = false
Maximum duration = 3
Best known sailing cost = 621939
Minimum number of installations = 1
Length of planning period = 7
Load factor = 1,2
Total charter cost of fleet = 589000
Maximum number of installations = 8
Dataset sheet = 1
Minimum duration = 2

Heuristic parameters: 
Number of installations violation penalty = 1
Fitness evaluation protocol = standard
Initial population heuristic = aimed
Reference proportion of feasible individuals = 0,2
Survivor selection protocol = standard
Diversification protocol = standard
Repair protocol = standard
Gap from best known solution = 0
Capacity constraint violation penalty = 1
Proportion of elite individuals = 0,4
Education rate = 1
Iterations before diversify = 400
Genotype to phenotype converter protocol = standard
Education protocol = standard
Proportion of individuals considered for distance evaluation = 0,2
Reproduction protocol = standard
Population size = 25
Parent selection protocol = binary tournament
Number of offspring in a generation = 50
Granularity threshold in RI = 0,4
Max iterations = 1000
Duration constraint violation penalty = 1
Repair rate = 0,5

Number of iterations: 1000
Diversifaction happened at iterations: [481, 881]
Number of crossover restarts: 2
Number of construction heuristic restarts: 87

No feasible solution!
Gen.	# feasible solutions	# infeasible solutions	cap. penality	dur. penality	num. penality	best penalized cost	best feasible cost	best cap. violation	best dur. violation	best num. violation	avg cap. violation	avg dur. violation	avg num. violation	gap from BKS	best visits pr voyage	avg visits pr voyage
0	0.00	50.00	1.00	1.00	1.00	621995.42	0.00	0.00	57.18	0.00	77.20	45.99	0.02	0.00	7.17	6.15
1	0.00	51.00	1.20	1.20	1.20	622006.85	0.00	0.00	57.18	0.00	75.69	46.31	0.02	0.00	7.17	6.15
2	0.00	52.00	1.20	1.20	1.20	622006.85	0.00	0.00	57.18	0.00	74.23	46.42	0.02	0.00	7.17	6.15
3	0.00	53.00	1.20	1.20	1.20	622006.85	0.00	0.00	57.18	0.00	72.83	45.59	0.02	0.00	7.17	6.13
4	0.00	54.00	1.20	1.20	1.20	622006.85	0.00	0.00	57.18	0.00	71.48	44.91	0.02	0.00	7.17	6.13
5	0.00	55.00	1.20	1.20	1.20	622006.85	0.00	0.00	57.18	0.00	70.18	45.23	0.02	0.00	7.17	6.13
6	0.00	56.00	1.20	1.20	1.20	622006.85	0.00	0.00	57.18	0.00	70.81	45.04	0.02	0.00	7.17	6.15
7	0.00	57.00	1.20	1.20	1.20	622006.85	0.00	0.00	57.18	0.00	69.57	44.93	0.02	0.00	7.17	6.15
8	0.00	58.00	1.20	1.20	1.20	622006.85	0.00	0.00	57.18	0.00	70.94	44.69	0.02	0.00	7.17	6.15
9	0.00	59.00	1.20	1.20	1.20	622006.85	0.00	0.00	57.18	0.00	69.74	44.90	0.02	0.00	7.17	6.17
10	0.00	60.00	1.20	1.20	1.20	622006.85	0.00	0.00	57.18	0.00	69.28	44.73	0.02	0.00	7.17	6.17
11	0.00	61.00	1.20	1.20	1.20	622006.85	0.00	0.00	57.18	0.00	69.87	44.61	0.02	0.00	7.17	6.15
12	0.00	62.00	1.20	1.20	1.20	622006.85	0.00	0.00	57.18	0.00	68.75	44.90	0.02	0.00	7.17	6.15
13	0.00	63.00	1.20	1.20	1.20	622006.85	0.00	0.00	57.18	0.00	70.70	45.48	0.02	0.00	7.17	6.17
14	0.00	64.00	1.20	1.20	1.20	622006.85	0.00	0.00	57.18	0.00	71.24	45.31	0.02	0.00	7.17	6.19
15	0.00	65.00	1.20	1.20	1.20	622006.85	0.00	0.00	57.18	0.00	72.44	45.29	0.02	0.00	7.17	6.19
16	0.00	66.00	1.20	1.20	1.20	622006.85	0.00	0.00	57.18	0.00	75.55	45.84	0.02	0.00	7.17	6.20
17	0.00	67.00	1.20	1.20	1.20	622006.85	0.00	0.00	57.18	0.00	76.64	45.65	0.01	0.00	7.17	6.21
18	0.00	68.00	1.20	1.20	1.20	622006.85	0.00	0.00	57.18	0.00	77.06	45.18	0.01	0.00	7.17	6.21
19	0.00	69.00	1.20	1.20	1.20	622006.85	0.00	0.00	57.18	0.00	77.47	44.73	0.01	0.00	7.17	6.21
20	0.00	70.00	1.20	1.20	1.20	622006.85	0.00	0.00	57.18	0.00	76.36	44.27	0.01	0.00	7.17	6.21
21	0.00	71.00	1.20	1.20	1.20	622006.85	0.00	0.00	57.18	0.00	75.29	44.50	0.01	0.00	7.17	6.21
22	0.00	72.00	1.20	1.20	1.20	622006.85	0.00	0.00	57.18	0.00	77.73	44.19	0.01	0.00	7.17	6.22
23	0.00	73.00	1.20	1.20	1.20	622006.85	0.00	0.00	57.18	0.00	76.66	44.19	0.01	0.00	7.17	6.22
24	0.00	74.00	1.20	1.20	1.20	622006.85	0.00	0.00	57.18	0.00	75.63	44.36	0.01	0.00	7.17	6.24
25	0.00	25.00	1.20	1.20	1.20	622006.85	0.00	0.00	57.18	0.00	133.06	56.51	0.04	0.00	7.17	6.91
26	0.00	26.00	1.20	1.20	1.20	622006.85	0.00	0.00	57.18	0.00	137.40	57.46	0.04	0.00	7.17	6.92
27	0.00	27.00	1.20	1.20	1.20	622006.85	0.00	0.00	57.18	0.00	132.31	56.61	0.04	0.00	7.17	6.89
28	0.00	28.00	1.20	1.20	1.20	622006.85	0.00	0.00	57.18	0.00	127.59	56.63	0.04	0.00	7.17	6.90
29	0.00	29.00	1.20	1.20	1.20	622006.85	0.00	0.00	57.18	0.00	126.82	57.47	0.03	0.00	7.17	6.91
30	0.00	30.00	1.20	1.20	1.20	622006.85	0.00	0.00	57.18	0.00	122.59	56.59	0.03	0.00	7.17	6.88
31	0.00	31.00	1.20	1.20	1.20	622006.85	0.00	0.00	57.18	0.00	118.64	54.92	0.03	0.00	7.17	6.86
32	0.00	32.00	1.20	1.20	1.20	622006.85	0.00	0.00	57.18	0.00	116.13	54.64	0.03	0.00	7.17	6.87
33	0.00	33.00	1.20	1.20	1.20	622006.85	0.00	0.00	57.18	0.00	112.61	54.67	0.03	0.00	7.17	6.82
34	0.00	34.00	1.20	1.20	1.20	622006.85	0.00	0.00	57.18	0.00	113.69	54.74	0.03	0.00	7.17	6.83
35	0.00	35.00	1.20	1.20	1.20	622006.85	0.00	0.00	57.18	0.00	113.45	55.50	0.03	0.00	7.17	6.84
36	0.00	36.00	1.20	1.20	1.20	622006.85	0.00	0.00	57.18	0.00	113.22	55.21	0.03	0.00	7.17	6.85
37	0.00	37.00	1.20	1.20	1.20	622006.85	0.00	0.00	57.18	0.00	118.07	54.92	0.03	0.00	7.17	6.86
38	0.00	38.00	1.20	1.20	1.20	622006.85	0.00	0.00	57.18	0.00	117.74	54.98	0.03	0.00	7.17	6.87
39	0.00	39.00	1.20	1.20	1.20	622006.85	0.00	0.00	57.18	0.00	115.70	54.75	0.03	0.00	7.17	6.88
40	0.00	40.00	1.20	1.20	1.20	622006.85	0.00	0.00	57.18	0.00	115.44	55.45	0.03	0.00	7.17	6.86
41	0.00	41.00	1.20	1.20	1.20	622006.85	0.00	0.00	57.18	0.00	115.19	55.41	0.02	0.00	7.17	6.84
42	0.00	42.00	1.20	1.20	1.20	622006.85	0.00	0.00	57.18	0.00	112.45	56.59	0.02	0.00	7.17	6.85
43	0.00	43.00	1.20	1.20	1.20	622006.85	0.00	0.00	57.18	0.00	110.73	56.34	0.02	0.00	7.17	6.86
44	0.00	44.00	1.20	1.20	1.20	622006.85	0.00	0.00	57.18	0.00	113.77	56.36	0.02	0.00	7.17	6.86
45	0.00	45.00	1.20	1.20	1.20	622006.85	0.00	0.00	57.18	0.00	115.36	55.53	0.02	0.00	7.17	6.87
46	0.00	46.00	1.20	1.20	1.20	622006.85	0.00	0.00	57.18	0.00	115.14	55.14	0.02	0.00	7.17	6.85
47	0.00	47.00	1.20	1.20	1.20	622006.85	0.00	0.00	57.18	0.00	115.88	54.67	0.02	0.00	7.17	6.86
48	0.00	48.00	1.20	1.20	1.20	622006.85	0.00	0.00	57.18	0.00	115.66	54.72	0.02	0.00	7.17	6.87
49	0.00	49.00	1.20	1.20	1.20	622006.85	0.00	0.00	57.18	0.00	114.74	55.26	0.02	0.00	7.17	6.87
50	0.00	50.00	1.20	1.20	1.20	622006.85	0.00	0.00	57.18	0.00	112.45	54.30	0.02	0.00	7.17	6.84
51	0.00	51.00	1.20	1.20	1.20	622006.85	0.00	0.00	57.18	0.00	113.17	55.02	0.02	0.00	7.17	6.83
52	0.00	52.00	1.20	1.20	1.20	622006.85	0.00	0.00	57.18	0.00	110.99	54.16	0.02	0.00	7.17	6.82
53	0.00	53.00	1.20	1.20	1.20	622006.85	0.00	0.00	57.18	0.00	108.90	53.51	0.02	0.00	7.17	6.82
54	0.00	54.00	1.20	1.20	1.20	622006.85	0.00	0.00	57.18	0.00	107.59	53.37	0.02	0.00	7.17	6.83
55	0.00	55.00	1.20	1.20	1.20	622006.85	0.00	0.00	57.18	0.00	105.64	53.43	0.02	0.00	7.17	6.80
56	0.00	56.00	1.20	1.20	1.20	622006.85	0.00	0.00	57.18	0.00	103.75	53.73	0.02	0.00	7.17	6.79
57	0.00	57.00	1.20	1.20	1.20	622006.85	0.00	0.00	57.18	0.00	101.93	54.63	0.02	0.00	7.17	6.80
58	0.00	58.00	1.20	1.20	1.20	622006.85	0.00	0.00	57.18	0.00	100.17	53.83	0.02	0.00	7.17	6.79
59	0.00	59.00	1.20	1.20	1.20	622006.85	0.00	0.00	57.18	0.00	98.48	53.92	0.02	0.00	7.17	6.79
60	0.00	60.00	1.20	1.20	1.20	622006.85	0.00	0.00	57.18	0.00	97.48	53.85	0.02	0.00	7.17	6.80
61	0.00	61.00	1.20	1.20	1.20	622006.85	0.00	0.00	57.18	0.00	95.88	53.72	0.02	0.00	7.17	6.78
62	0.00	62.00	1.20	1.20	1.20	622006.85	0.00	0.00	57.18	0.00	96.03	53.97	0.02	0.00	7.17	6.78
63	0.00	63.00	1.20	1.20	1.20	622006.85	0.00	0.00	57.18	0.00	96.18	54.19	0.02	0.00	7.17	6.79
64	0.00	64.00	1.20	1.20	1.20	622006.85	0.00	0.00	57.18	0.00	94.80	53.73	0.02	0.00	7.17	6.78
65	0.00	65.00	1.20	1.20	1.20	622006.85	0.00	0.00	57.18	0.00	94.98	53.41	0.02	0.00	7.17	6.78
66	0.00	66.00	1.20	1.20	1.20	622006.85	0.00	0.00	57.18	0.00	93.54	53.15	0.02	0.00	7.17	6.75
67	0.00	67.00	1.20	1.20	1.20	622006.85	0.00	0.00	57.18	0.00	93.72	53.46	0.01	0.00	7.17	6.74
68	0.00	68.00	1.20	1.20	1.20	622006.85	0.00	0.00	57.18	0.00	92.34	53.16	0.01	0.00	7.17	6.73
69	0.00	69.00	1.20	1.20	1.20	622006.85	0.00	0.00	57.18	0.00	91.56	53.05	0.01	0.00	7.17	6.73
70	0.00	70.00	1.20	1.20	1.20	622006.85	0.00	0.00	57.18	0.00	91.75	53.11	0.01	0.00	7.17	6.74
71	0.00	71.00	1.20	1.20	1.20	622006.85	0.00	0.00	57.18	0.00	90.46	53.01	0.01	0.00	7.17	6.73
72	0.00	72.00	1.20	1.20	1.20	622006.85	0.00	0.00	57.18	0.00	89.20	53.08	0.01	0.00	7.17	6.74
73	0.00	73.00	1.20	1.20	1.20	622006.85	0.00	0.00	57.18	0.00	90.28	52.64	0.01	0.00	7.17	6.74
74	0.00	74.00	1.20	1.20	1.20	622006.85	0.00	0.00	57.18	0.00	89.17	53.19	0.01	0.00	7.17	6.75
75	0.00	25.00	1.20	1.20	1.20	622006.85	0.00	0.00	57.18	0.00	96.98	60.83	0.00	0.00	7.17	7.17
76	0.00	26.00	1.20	1.20	1.20	622006.85	0.00	0.00	57.18	0.00	93.57	59.93	0.00	0.00	7.17	7.13
77	0.00	27.00	1.20	1.20	1.20	622006.85	0.00	0.00	57.18	0.00	94.00	61.31	0.00	0.00	7.17	7.09
78	0.00	28.00	1.20	1.20	1.20	622006.85	0.00	0.00	57.18	0.00	90.64	61.59	0.00	0.00	7.17	7.06
79	0.00	29.00	1.20	1.20	1.20	622006.85	0.00	0.00	57.18	0.00	87.52	59.97	0.00	0.00	7.17	7.03
80	0.00	30.00	1.20	1.20	1.20	622006.85	0.00	0.00	57.18	0.00	88.11	60.29	0.00	0.00	7.17	7.03
81	0.00	31.00	1.20	1.20	1.20	622006.85	0.00	0.00	57.18	0.00	85.27	60.73	0.00	0.00	7.17	7.00
82	0.00	32.00	1.20	1.20	1.20	621961.90	0.00	0.00	19.72	0.00	82.60	59.45	0.00	0.00	7.17	7.01
83	0.00	33.00	1.20	1.20	1.20	621961.90	0.00	0.00	19.72	0.00	84.10	58.97	0.00	0.00	7.17	7.01
84	0.00	34.00	1.20	1.20	1.20	621961.90	0.00	0.00	19.72	0.00	81.63	60.33	0.00	0.00	7.17	7.02
85	0.00	35.00	1.20	1.20	1.20	621961.90	0.00	0.00	19.72	0.00	82.30	60.27	0.00	0.00	7.17	7.02
86	0.00	36.00	1.20	1.20	1.20	621961.90	0.00	0.00	19.72	0.00	86.05	58.89	0.00	0.00	7.17	7.00
87	0.00	37.00	1.20	1.20	1.20	621961.90	0.00	0.00	19.72	0.00	83.73	58.84	0.00	0.00	7.17	7.00
88	0.00	38.00	1.20	1.20	1.20	621961.90	0.00	0.00	19.72	0.00	84.29	58.60	0.00	0.00	7.17	6.94
89	0.00	39.00	1.20	1.20	1.20	621961.90	0.00	0.00	19.72	0.00	84.83	58.16	0.00	0.00	7.17	6.92
90	0.00	40.00	1.20	1.20	1.20	621961.90	0.00	0.00	19.72	0.00	82.71	58.27	0.00	0.00	7.17	6.90
91	0.00	41.00	1.20	1.20	1.20	621961.90	0.00	0.00	19.72	0.00	80.69	58.65	0.00	0.00	7.17	6.88
92	0.00	42.00	1.20	1.20	1.20	621961.90	0.00	0.00	19.72	0.00	78.77	57.47	0.00	0.00	7.17	6.87
93	0.00	43.00	1.20	1.20	1.20	621961.90	0.00	0.00	19.72	0.00	81.68	57.81	0.00	0.00	7.17	6.87
94	0.00	44.00	1.20	1.20	1.20	621961.90	0.00	0.00	19.72	0.00	82.22	57.50	0.00	0.00	7.17	6.86
95	0.00	45.00	1.20	1.20	1.20	621961.90	0.00	0.00	19.72	0.00	82.73	57.73	0.00	0.00	7.17	6.86
96	0.00	46.00	1.20	1.20	1.20	621961.90	0.00	0.00	19.72	0.00	85.65	57.03	0.00	0.00	7.17	6.87
97	0.00	47.00	1.20	1.20	1.20	621961.90	0.00	0.00	19.72	0.00	86.07	57.06	0.00	0.00	7.17	6.88
98	0.00	48.00	1.20	1.20	1.20	621961.90	0.00	0.00	19.72	0.00	88.80	56.87	0.00	0.00	7.17	6.84
99	0.00	49.00	1.20	1.20	1.20	621961.90	0.00	0.00	19.72	0.00	87.78	57.70	0.00	0.00	7.17	6.85
100	0.00	50.00	1.20	1.20	1.20	621961.90	0.00	0.00	19.72	0.00	88.13	58.17	0.00	0.00	7.17	6.86
101	0.00	51.00	1.44	1.44	1.02	621966.63	0.00	0.00	19.72	0.00	87.15	58.95	0.00	0.00	7.17	6.86
102	0.00	52.00	1.44	1.44	1.02	621966.63	0.00	0.00	19.72	0.00	86.21	59.20	0.00	0.00	7.17	6.87
103	0.00	53.00	1.44	1.44	1.02	621966.63	0.00	0.00	19.72	0.00	86.57	58.41	0.00	0.00	7.17	6.86
104	0.00	54.00	1.44	1.44	1.02	621966.63	0.00	0.00	19.72	0.00	88.99	58.06	0.00	0.00	7.17	6.84
105	0.00	55.00	1.44	1.44	1.02	621966.63	0.00	0.00	19.72	0.00	87.38	57.36	0.00	0.00	7.17	6.85
106	0.00	56.00	1.44	1.44	1.02	621966.63	0.00	0.00	19.72	0.00	89.25	56.61	0.00	0.00	7.17	6.84
107	0.00	57.00	1.44	1.44	1.02	621966.63	0.00	0.00	19.72	0.00	87.69	56.71	0.00	0.00	7.17	6.82
108	0.00	58.00	1.44	1.44	1.02	621966.63	0.00	0.00	19.72	0.00	87.99	56.34	0.00	0.00	7.17	6.83
109	0.00	59.00	1.44	1.44	1.02	621966.63	0.00	0.00	19.72	0.00	86.50	56.47	0.00	0.00	7.17	6.82
110	0.00	60.00	1.44	1.44	1.02	621966.63	0.00	0.00	19.72	0.00	85.70	56.73	0.00	0.00	7.17	6.82
111	0.00	61.00	1.44	1.44	1.02	621966.63	0.00	0.00	19.72	0.00	84.29	56.44	0.00	0.00	7.17	6.81
112	0.00	62.00	1.44	1.44	1.02	621966.63	0.00	0.00	19.72	0.00	82.93	56.51	0.00	0.00	7.17	6.80
113	0.00	63.00	1.44	1.44	1.02	621966.63	0.00	0.00	19.72	0.00	81.62	56.01	0.00	0.00	7.17	6.78
114	0.00	64.00	1.44	1.44	1.02	621966.63	0.00	0.00	19.72	0.00	82.65	56.04	0.00	0.00	7.17	6.79
115	0.00	65.00	1.44	1.44	1.02	621966.63	0.00	0.00	19.72	0.00	83.00	55.42	0.00	0.00	7.17	6.78
116	0.00	66.00	1.44	1.44	1.02	621966.63	0.00	0.00	19.72	0.00	81.90	55.32	0.00	0.00	7.17	6.77
117	0.00	67.00	1.44	1.44	1.02	621966.63	0.00	0.00	19.72	0.00	80.67	55.04	0.00	0.00	7.17	6.75
118	0.00	68.00	1.44	1.44	1.02	621966.63	0.00	0.00	19.72	0.00	81.68	54.87	0.00	0.00	7.17	6.74
119	0.00	69.00	1.44	1.44	1.02	621966.63	0.00	0.00	19.72	0.00	82.03	54.38	0.00	0.00	7.17	6.73
120	0.00	70.00	1.44	1.44	1.02	621966.63	0.00	0.00	19.72	0.00	80.85	55.11	0.00	0.00	7.17	6.73
121	0.00	71.00	1.44	1.44	1.02	621966.63	0.00	0.00	19.72	0.00	81.20	55.31	0.00	0.00	7.17	6.74
122	0.00	72.00	1.44	1.44	1.02	621966.63	0.00	0.00	19.72	0.00	80.18	56.02	0.00	0.00	7.17	6.75
123	0.00	73.00	1.44	1.44	1.02	621966.63	0.00	0.00	19.72	0.00	82.06	56.17	0.00	0.00	7.17	6.74
124	0.00	74.00	1.44	1.44	1.02	621966.63	0.00	0.00	19.72	0.00	80.95	56.00	0.00	0.00	7.17	6.73
125	0.00	25.00	1.44	1.44	1.02	621966.63	0.00	0.00	19.72	0.00	77.56	60.56	0.00	0.00	7.17	7.17
126	0.00	26.00	1.44	1.44	1.02	621966.63	0.00	0.00	19.72	0.00	79.94	61.06	0.00	0.00	7.17	7.17
127	0.00	27.00	1.44	1.44	1.02	621966.63	0.00	0.00	19.72	0.00	76.98	62.25	0.00	0.00	7.17	7.17
128	0.00	28.00	1.44	1.44	1.02	621966.63	0.00	0.00	19.72	0.00	77.99	62.21	0.00	0.00	7.17	7.13
129	0.00	29.00	1.44	1.44	1.02	621966.63	0.00	0.00	19.72	0.00	78.93	61.43	0.00	0.00	7.17	7.10
130	0.00	30.00	1.44	1.44	1.02	621966.63	0.00	0.00	19.72	0.00	76.30	62.88	0.00	0.00	7.17	7.10
131	0.00	31.00	1.44	1.44	1.02	621966.63	0.00	0.00	19.72	0.00	74.14	62.28	0.00	0.00	7.17	7.10
132	0.00	32.00	1.44	1.44	1.02	621966.63	0.00	0.00	19.72	0.00	71.82	61.55	0.00	0.00	7.17	7.07
133	0.00	33.00	1.44	1.44	1.02	621966.63	0.00	0.00	19.72	0.00	69.65	60.20	0.00	0.00	7.17	7.04
134	0.00	34.00	1.44	1.44	1.02	621966.63	0.00	0.00	19.72	0.00	68.62	60.11	0.00	0.00	7.17	7.05
135	0.00	35.00	1.44	1.44	1.02	621966.63	0.00	0.00	19.72	0.00	66.90	60.33	0.00	0.00	7.17	7.05
136	0.00	36.00	1.44	1.44	1.02	621966.63	0.00	0.00	19.72	0.00	65.04	59.30	0.00	0.00	7.17	7.02
137	0.00	37.00	1.44	1.44	1.02	621966.63	0.00	0.00	19.72	0.00	63.28	58.74	0.00	0.00	7.17	7.00
138	0.00	38.00	1.44	1.44	1.02	621966.63	0.00	0.00	19.72	0.00	66.68	58.47	0.00	0.00	7.17	7.01
139	0.00	39.00	1.44	1.44	1.02	621966.63	0.00	0.00	19.72	0.00	64.97	57.85	0.00	0.00	7.17	6.98
140	0.00	40.00	1.44	1.44	1.02	621966.63	0.00	0.00	19.72	0.00	63.35	57.45	0.00	0.00	7.17	6.94
141	0.00	41.00	1.44	1.44	1.02	621966.63	0.00	0.00	19.72	0.00	62.03	57.13	0.00	0.00	7.17	6.95
142	0.00	42.00	1.44	1.44	1.02	621966.63	0.00	0.00	19.72	0.00	60.55	56.36	0.00	0.00	7.17	6.91
143	0.00	43.00	1.44	1.44	1.02	621966.63	0.00	0.00	19.72	0.00	61.59	56.17	0.00	0.00	7.17	6.92
144	0.00	44.00	1.44	1.44	1.02	621966.63	0.00	0.00	19.72	0.00	60.19	55.93	0.00	0.00	7.17	6.90
145	0.00	45.00	1.44	1.44	1.02	621966.63	0.00	0.00	19.72	0.00	59.06	55.67	0.00	0.00	7.17	6.91
146	0.00	46.00	1.44	1.44	1.02	621966.63	0.00	0.00	19.72	0.00	57.78	55.73	0.00	0.00	7.17	6.89
147	0.00	47.00	1.44	1.44	1.02	621966.63	0.00	0.00	19.72	0.00	56.55	55.11	0.00	0.00	7.17	6.86
148	0.00	48.00	1.44	1.44	1.02	621966.63	0.00	0.00	19.72	0.00	60.60	54.42	0.00	0.00	7.17	6.86
149	0.00	49.00	1.44	1.44	1.02	621966.63	0.00	0.00	19.72	0.00	59.36	53.63	0.00	0.00	7.17	6.85
150	0.00	50.00	1.44	1.44	1.02	621966.63	0.00	0.00	19.72	0.00	60.16	53.45	0.00	0.00	7.17	6.85
151	0.00	51.00	1.44	1.44	1.02	621966.63	0.00	0.00	19.72	0.00	61.74	53.71	0.00	0.00	7.17	6.86
152	0.00	52.00	1.44	1.44	1.02	621966.63	0.00	0.00	19.72	0.00	61.10	54.07	0.00	0.00	7.17	6.85
153	0.00	53.00	1.44	1.44	1.02	621966.63	0.00	0.00	19.72	0.00	61.29	54.58	0.00	0.00	7.17	6.85
154	0.00	54.00	1.44	1.44	1.02	621966.63	0.00	0.00	19.72	0.00	60.15	55.30	0.00	0.00	7.17	6.84
155	0.00	55.00	1.44	1.44	1.02	621966.63	0.00	0.00	19.72	0.00	59.06	54.90	0.00	0.00	7.17	6.85
156	0.00	56.00	1.44	1.44	1.02	621966.63	0.00	0.00	19.72	0.00	58.01	54.97	0.00	0.00	7.17	6.83
157	0.00	57.00	1.44	1.44	1.02	621966.63	0.00	0.00	19.72	0.00	56.99	54.76	0.00	0.00	7.17	6.81
158	0.00	58.00	1.44	1.44	1.02	621966.63	0.00	0.00	19.72	0.00	56.00	55.63	0.00	0.00	7.17	6.81
159	0.00	59.00	1.44	1.44	1.02	621966.63	0.00	0.00	19.72	0.00	57.59	55.73	0.00	0.00	7.17	6.79
160	0.00	60.00	1.44	1.44	1.02	621966.63	0.00	0.00	19.72	0.00	56.63	55.07	0.00	0.00	7.17	6.78
161	0.00	61.00	1.44	1.44	1.02	621966.63	0.00	0.00	19.72	0.00	57.86	54.89	0.00	0.00	7.17	6.78
162	0.00	62.00	1.44	1.44	1.02	621966.63	0.00	0.00	19.72	0.00	57.54	54.99	0.00	0.00	7.17	6.77
163	0.00	63.00	1.44	1.44	1.02	621966.63	0.00	0.00	19.72	0.00	56.63	55.05	0.00	0.00	7.17	6.76
164	0.00	64.00	1.44	1.44	1.02	621966.63	0.00	0.00	19.72	0.00	56.34	54.87	0.00	0.00	7.17	6.77
165	0.00	65.00	1.44	1.44	1.02	621966.63	0.00	0.00	19.72	0.00	58.56	55.28	0.00	0.00	7.17	6.78
166	0.00	66.00	1.44	1.44	1.02	621966.63	0.00	0.00	19.72	0.00	58.63	55.47	0.00	0.00	7.17	6.78
167	0.00	67.00	1.44	1.44	1.02	621966.63	0.00	0.00	19.72	0.00	57.75	55.11	0.00	0.00	7.17	6.77
168	0.00	68.00	1.44	1.44	1.02	621966.63	0.00	0.00	19.72	0.00	58.67	54.97	0.00	0.00	7.17	6.78
169	0.00	69.00	1.44	1.44	1.02	621966.63	0.00	0.00	19.72	0.00	57.82	55.03	0.00	0.00	7.17	6.77
170	0.00	70.00	1.44	1.44	1.02	621966.63	0.00	0.00	19.72	0.00	56.99	55.31	0.00	0.00	7.17	6.76
171	0.00	71.00	1.44	1.44	1.02	621966.63	0.00	0.00	19.72	0.00	56.92	55.26	0.00	0.00	7.17	6.75
172	0.00	72.00	1.44	1.44	1.02	621966.63	0.00	0.00	19.72	0.00	57.59	55.45	0.00	0.00	7.17	6.76
173	0.00	73.00	1.44	1.44	1.02	621966.63	0.00	0.00	19.72	0.00	58.84	55.31	0.00	0.00	7.17	6.75
174	0.00	74.00	1.44	1.44	1.02	621966.63	0.00	0.00	19.72	0.00	59.47	55.49	0.00	0.00	7.17	6.76
175	0.00	25.00	1.44	1.44	1.02	621966.63	0.00	0.00	19.72	0.00	58.20	56.00	0.00	0.00	7.17	7.17
176	0.00	26.00	1.44	1.44	1.02	621966.63	0.00	0.00	19.72	0.00	58.69	54.60	0.00	0.00	7.17	7.17
177	0.00	27.00	1.44	1.44	1.02	621966.63	0.00	0.00	19.72	0.00	56.52	53.81	0.00	0.00	7.17	7.17
178	0.00	28.00	1.44	1.44	1.02	621966.63	0.00	0.00	19.72	0.00	54.50	52.68	0.00	0.00	7.17	7.10
179	0.00	29.00	1.44	1.44	1.02	621966.63	0.00	0.00	19.72	0.00	56.25	52.56	0.00	0.00	7.17	7.07
180	0.00	30.00	1.44	1.44	1.02	621966.63	0.00	0.00	19.72	0.00	54.68	52.28	0.00	0.00	7.17	7.07
181	0.00	31.00	1.44	1.44	1.02	621966.63	0.00	0.00	19.72	0.00	52.92	53.40	0.00	0.00	7.17	7.04
182	0.00	32.00	1.44	1.44	1.02	621966.63	0.00	0.00	19.72	0.00	51.52	54.64	0.00	0.00	7.17	7.05
183	0.00	33.00	1.44	1.44	1.02	621966.63	0.00	0.00	19.72	0.00	53.15	55.06	0.00	0.00	7.17	7.05
184	0.00	34.00	1.44	1.44	1.02	621966.63	0.00	0.00	19.72	0.00	51.59	54.74	0.00	0.00	7.17	7.02
185	0.00	35.00	1.44	1.44	1.02	621966.63	0.00	0.00	19.72	0.00	50.11	53.70	0.00	0.00	7.17	7.00
186	0.00	36.00	1.44	1.44	1.02	621966.63	0.00	0.00	19.72	0.00	48.72	53.01	0.00	0.00	7.17	6.94
187	0.00	37.00	1.44	1.44	1.02	621966.63	0.00	0.00	19.72	0.00	54.19	52.17	0.00	0.00	7.17	6.94
188	0.00	38.00	1.44	1.44	1.02	621966.63	0.00	0.00	19.72	0.00	55.53	52.94	0.00	0.00	7.17	6.95
189	0.00	39.00	1.44	1.44	1.02	621966.63	0.00	0.00	19.72	0.00	54.11	52.50	0.00	0.00	7.17	6.93
190	0.00	40.00	1.44	1.44	1.02	621966.63	0.00	0.00	19.72	0.00	55.65	53.62	0.00	0.00	7.17	6.93
191	0.00	41.00	1.44	1.44	1.02	621966.63	0.00	0.00	19.72	0.00	54.29	52.79	0.00	0.00	7.17	6.94
192	0.00	42.00	1.44	1.44	1.02	621966.63	0.00	0.00	19.72	0.00	55.51	53.49	0.00	0.00	7.17	6.95
193	0.00	43.00	1.44	1.44	1.02	621966.63	0.00	0.00	19.72	0.00	54.22	54.00	0.00	0.00	7.17	6.93
194	0.00	44.00	1.44	1.44	1.02	621966.63	0.00	0.00	19.72	0.00	52.98	53.14	0.00	0.00	7.17	6.91
195	0.00	45.00	1.44	1.44	1.02	621966.63	0.00	0.00	19.72	0.00	54.15	52.94	0.00	0.00	7.17	6.89
196	0.00	46.00	1.44	1.44	1.02	621966.63	0.00	0.00	19.72	0.00	52.97	52.59	0.00	0.00	7.17	6.88
197	0.00	47.00	1.44	1.44	1.02	621966.63	0.00	0.00	19.72	0.00	54.08	51.76	0.00	0.00	7.17	6.84
198	0.00	48.00	1.44	1.44	1.02	621966.63	0.00	0.00	19.72	0.00	54.26	51.67	0.00	0.00	7.17	6.83
199	0.00	49.00	1.44	1.44	1.02	621966.63	0.00	0.00	19.72	0.00	53.15	51.86	0.00	0.00	7.17	6.80
200	0.00	50.00	1.44	1.44	1.02	621966.63	0.00	0.00	19.72	0.00	52.09	52.10	0.00	0.00	7.17	6.79
201	0.00	51.00	1.73	1.73	0.87	621972.31	0.00	0.00	19.72	0.00	51.75	52.20	0.00	0.00	7.17	6.79
202	0.00	52.00	1.73	1.73	0.87	621972.31	0.00	0.00	19.72	0.00	55.59	51.62	0.00	0.00	7.17	6.80
203	0.00	53.00	1.73	1.73	0.87	621972.31	0.00	0.00	19.72	0.00	54.54	51.51	0.00	0.00	7.17	6.77
204	0.00	54.00	1.73	1.73	0.87	621972.31	0.00	0.00	19.72	0.00	53.53	51.17	0.00	0.00	7.17	6.78
205	0.00	55.00	1.73	1.73	0.87	621972.31	0.00	0.00	19.72	0.00	52.56	50.62	0.00	0.00	7.17	6.79
206	0.00	56.00	1.73	1.73	0.87	621972.31	0.00	0.00	19.72	0.00	53.52	50.30	0.00	0.00	7.17	6.79
207	0.00	57.00	1.73	1.73	0.87	621972.31	0.00	0.00	19.72	0.00	52.58	50.48	0.00	0.00	7.17	6.80
208	0.00	58.00	1.73	1.73	0.87	621972.31	0.00	0.00	19.72	0.00	56.00	50.05	0.00	0.00	7.17	6.81
209	0.00	59.00	1.73	1.73	0.87	621972.31	0.00	0.00	19.72	0.00	56.84	49.57	0.00	0.00	7.17	6.80
210	0.00	60.00	1.73	1.73	0.87	621972.31	0.00	0.00	19.72	0.00	58.38	49.38	0.00	0.00	7.17	6.80
211	0.00	61.00	1.73	1.73	0.87	621972.31	0.00	0.00	19.72	0.00	57.55	49.58	0.00	0.00	7.17	6.79
212	0.00	62.00	1.73	1.73	0.87	621972.31	0.00	0.00	19.72	0.00	56.63	49.22	0.00	0.00	7.17	6.77
213	0.00	63.00	1.73	1.73	0.87	621972.31	0.00	0.00	19.72	0.00	57.40	48.98	0.00	0.00	7.17	6.78
214	0.00	64.00	1.73	1.73	0.87	621972.31	0.00	0.00	19.72	0.00	58.15	49.49	0.00	0.00	7.17	6.78
215	0.00	65.00	1.73	1.73	0.87	621972.31	0.00	0.00	19.72	0.00	58.87	49.97	0.00	0.00	7.17	6.79
216	0.00	66.00	1.73	1.73	0.87	621972.31	0.00	0.00	19.72	0.00	57.98	49.53	0.00	0.00	7.17	6.77
217	0.00	67.00	1.73	1.73	0.87	621972.31	0.00	0.00	19.72	0.00	58.68	50.22	0.00	0.00	7.17	6.77
218	0.00	68.00	1.73	1.73	0.87	621972.31	0.00	0.00	19.72	0.00	60.02	50.54	0.00	0.00	7.17	6.78
219	0.00	69.00	1.73	1.73	0.87	621972.31	0.00	0.00	19.72	0.00	59.15	50.30	0.00	0.00	7.17	6.77
220	0.00	70.00	1.73	1.73	0.87	621972.31	0.00	0.00	19.72	0.00	58.30	49.87	0.00	0.00	7.17	6.77
221	0.00	71.00	1.73	1.73	0.87	621972.31	0.00	0.00	19.72	0.00	57.48	49.78	0.00	0.00	7.17	6.77
222	0.00	72.00	1.73	1.73	0.87	621972.31	0.00	0.00	19.72	0.00	56.68	49.59	0.00	0.00	7.17	6.75
223	0.00	73.00	1.73	1.73	0.87	621972.31	0.00	0.00	19.72	0.00	55.91	49.71	0.00	0.00	7.17	6.74
224	0.00	74.00	1.73	1.73	0.87	621972.31	0.00	0.00	19.72	0.00	55.85	49.31	0.00	0.00	7.17	6.74
225	0.00	25.00	1.73	1.73	0.87	621972.31	0.00	0.00	19.72	0.00	54.84	49.97	0.00	0.00	7.17	7.17
226	0.00	26.00	1.73	1.73	0.87	621972.31	0.00	0.00	19.72	0.00	52.73	48.90	0.00	0.00	7.17	7.13
227	0.00	27.00	1.73	1.73	0.87	621972.31	0.00	0.00	19.72	0.00	50.78	49.60	0.00	0.00	7.17	7.09
228	0.00	28.00	1.73	1.73	0.87	621972.31	0.00	0.00	19.72	0.00	54.30	49.39	0.00	0.00	7.17	7.09
229	0.00	29.00	1.73	1.73	0.87	621972.31	0.00	0.00	19.72	0.00	53.92	50.55	0.00	0.00	7.17	7.10
230	0.00	30.00	1.73	1.73	0.87	621972.31	0.00	0.00	19.72	0.00	52.12	51.14	0.00	0.00	7.17	7.10
231	0.00	31.00	1.73	1.73	0.87	621972.31	0.00	0.00	19.72	0.00	52.73	51.68	0.00	0.00	7.17	7.10
232	0.00	32.00	1.73	1.73	0.87	621972.31	0.00	0.00	19.72	0.00	56.14	50.73	0.00	0.00	7.17	7.10
233	0.00	33.00	1.73	1.73	0.87	621972.31	0.00	0.00	19.72	0.00	54.72	50.53	0.00	0.00	7.17	7.10
234	0.00	34.00	1.73	1.73	0.87	621972.31	0.00	0.00	19.72	0.00	56.20	50.73	0.00	0.00	7.17	7.11
235	0.00	35.00	1.73	1.73	0.87	621972.31	0.00	0.00	19.72	0.00	54.60	50.10	0.00	0.00	7.17	7.06
236	0.00	36.00	1.73	1.73	0.87	621972.31	0.00	0.00	19.72	0.00	55.10	51.63	0.00	0.00	7.17	7.06
237	0.00	37.00	1.73	1.73	0.87	621972.31	0.00	0.00	19.72	0.00	53.61	51.33	0.00	0.00	7.17	7.04
238	0.00	38.00	1.73	1.73	0.87	621972.31	0.00	0.00	19.72	0.00	52.20	51.39	0.00	0.00	7.17	6.98
239	0.00	39.00	1.73	1.73	0.87	621972.31	0.00	0.00	19.72	0.00	51.07	51.85	0.00	0.00	7.17	6.98
240	0.00	40.00	1.73	1.73	0.87	621972.31	0.00	0.00	19.72	0.00	49.79	51.02	0.00	0.00	7.17	6.94
241	0.00	41.00	1.73	1.73	0.87	621972.31	0.00	0.00	19.72	0.00	54.76	50.29	0.00	0.00	7.17	6.95
242	0.00	42.00	1.73	1.73	0.87	621972.31	0.00	0.00	19.72	0.00	53.45	49.57	0.00	0.00	7.17	6.95
243	0.00	43.00	1.73	1.73	0.87	621972.31	0.00	0.00	19.72	0.00	52.45	49.44	0.00	0.00	7.17	6.96
244	0.00	44.00	1.73	1.73	0.87	621972.31	0.00	0.00	19.72	0.00	51.44	49.94	0.00	0.00	7.17	6.94
245	0.00	45.00	1.73	1.73	0.87	621972.31	0.00	0.00	19.72	0.00	50.30	49.47	0.00	0.00	7.17	6.90
246	0.00	46.00	1.73	1.73	0.87	621972.31	0.00	0.00	19.72	0.00	52.24	49.97	0.00	0.00	7.17	6.91
247	0.00	47.00	1.73	1.73	0.87	621972.31	0.00	0.00	19.72	0.00	51.13	49.95	0.00	0.00	7.17	6.88
248	0.00	48.00	1.73	1.73	0.87	621972.31	0.00	0.00	19.72	0.00	50.06	49.63	0.00	0.00	7.17	6.86
249	0.00	49.00	1.73	1.73	0.87	621972.31	0.00	0.00	19.72	0.00	51.19	49.33	0.00	0.00	7.17	6.87
250	0.00	50.00	1.73	1.73	0.87	621972.31	0.00	0.00	19.72	0.00	50.17	49.22	0.00	0.00	7.17	6.84
251	0.00	51.00	1.73	1.73	0.87	621972.31	0.00	0.00	19.72	0.00	50.45	50.08	0.00	0.00	7.17	6.84
252	0.00	52.00	1.73	1.73	0.87	621972.31	0.00	0.00	19.72	0.00	51.51	49.88	0.00	0.00	7.17	6.83
253	0.00	53.00	1.73	1.73	0.87	621972.31	0.00	0.00	19.72	0.00	53.03	49.77	0.00	0.00	7.17	6.84
254	0.00	54.00	1.73	1.73	0.87	621972.31	0.00	0.00	19.72	0.00	52.04	49.86	0.00	0.00	7.17	6.82
255	0.00	55.00	1.73	1.73	0.87	621972.31	0.00	0.00	19.72	0.00	51.10	49.16	0.00	0.00	7.17	6.81
256	0.00	56.00	1.73	1.73	0.87	621972.31	0.00	0.00	19.72	0.00	50.18	49.06	0.00	0.00	7.17	6.79
257	0.00	57.00	1.73	1.73	0.87	621972.31	0.00	0.00	19.72	0.00	51.15	49.22	0.00	0.00	7.17	6.76
258	0.00	58.00	1.73	1.73	0.87	621972.31	0.00	0.00	19.72	0.00	53.59	48.74	0.00	0.00	7.17	6.77
259	0.00	59.00	1.73	1.73	0.87	621972.31	0.00	0.00	19.72	0.00	54.47	48.55	0.00	0.00	7.17	6.76
260	0.00	60.00	1.73	1.73	0.87	621972.31	0.00	0.00	19.72	0.00	55.31	49.29	0.00	0.00	7.17	6.76
261	0.00	61.00	1.73	1.73	0.87	621972.31	0.00	0.00	19.72	0.00	54.41	48.72	0.00	0.00	7.17	6.75
262	0.00	62.00	1.73	1.73	0.87	621972.31	0.00	0.00	19.72	0.00	55.39	49.03	0.00	0.00	7.17	6.74
263	0.00	63.00	1.73	1.73	0.87	621972.31	0.00	0.00	19.72	0.00	55.12	48.98	0.00	0.00	7.17	6.75
264	0.00	64.00	1.73	1.73	0.87	621972.31	0.00	0.00	19.72	0.00	55.91	48.92	0.00	0.00	7.17	6.74
265	0.00	65.00	1.73	1.73	0.87	621972.31	0.00	0.00	19.72	0.00	55.05	48.48	0.00	0.00	7.17	6.73
266	0.00	66.00	1.73	1.73	0.87	621972.31	0.00	0.00	19.72	0.00	54.87	48.05	0.00	0.00	7.17	6.72
267	0.00	67.00	1.73	1.73	0.87	621972.31	0.00	0.00	19.72	0.00	54.05	48.19	0.00	0.00	7.17	6.73
268	0.00	68.00	1.73	1.73	0.87	621972.31	0.00	0.00	19.72	0.00	53.26	47.97	0.00	0.00	7.17	6.74
269	0.00	69.00	1.73	1.73	0.87	621972.31	0.00	0.00	19.72	0.00	52.93	48.32	0.00	0.00	7.17	6.74
270	0.00	70.00	1.73	1.73	0.87	621972.31	0.00	0.00	19.72	0.00	54.29	48.33	0.00	0.00	7.17	6.75
271	0.00	71.00	1.73	1.73	0.87	621972.31	0.00	0.00	19.72	0.00	55.01	48.12	0.00	0.00	7.17	6.74
272	0.00	72.00	1.73	1.73	0.87	621972.31	0.00	0.00	19.72	0.00	57.27	47.91	0.00	0.00	7.17	6.75
273	0.00	73.00	1.73	1.73	0.87	621972.31	0.00	0.00	19.72	0.00	57.92	48.12	0.00	0.00	7.17	6.74
274	0.00	74.00	1.73	1.73	0.87	621972.31	0.00	0.00	19.72	0.00	57.14	48.23	0.00	0.00	7.17	6.72
275	0.00	25.00	1.73	1.73	0.87	621972.31	0.00	0.00	19.72	0.00	32.02	51.31	0.00	0.00	7.17	7.17
276	0.00	26.00	1.73	1.73	0.87	621972.31	0.00	0.00	19.72	0.00	32.26	51.24	0.00	0.00	7.17	7.17
277	0.00	27.00	1.73	1.73	0.87	621972.31	0.00	0.00	19.72	0.00	31.07	51.50	0.00	0.00	7.17	7.13
278	0.00	28.00	1.73	1.73	0.87	621972.31	0.00	0.00	19.72	0.00	31.21	51.70	0.00	0.00	7.17	7.13
279	0.00	29.00	1.73	1.73	0.87	621972.31	0.00	0.00	19.72	0.00	31.62	51.06	0.00	0.00	7.17	7.13
280	0.00	30.00	1.73	1.73	0.87	621972.31	0.00	0.00	19.72	0.00	30.84	51.41	0.00	0.00	7.17	7.10
281	0.00	31.00	1.73	1.73	0.87	621972.31	0.00	0.00	19.72	0.00	29.85	50.82	0.00	0.00	7.17	7.10
282	0.00	32.00	1.73	1.73	0.87	621972.31	0.00	0.00	19.72	0.00	28.91	50.27	0.00	0.00	7.17	7.10
283	0.00	33.00	1.73	1.73	0.87	621972.31	0.00	0.00	19.72	0.00	28.04	51.19	0.00	0.00	7.17	7.07
284	0.00	34.00	1.73	1.73	0.87	621972.31	0.00	0.00	19.72	0.00	27.21	50.70	0.00	0.00	7.17	7.05
285	0.00	35.00	1.73	1.73	0.87	621972.31	0.00	0.00	19.72	0.00	26.44	50.85	0.00	0.00	7.17	7.02
286	0.00	36.00	1.73	1.73	0.87	621972.31	0.00	0.00	19.72	0.00	25.70	50.59	0.00	0.00	7.17	6.96
287	0.00	37.00	1.73	1.73	0.87	621972.31	0.00	0.00	19.72	0.00	27.85	50.85	0.00	0.00	7.17	6.94
288	0.00	38.00	1.73	1.73	0.87	621972.31	0.00	0.00	19.72	0.00	29.89	51.31	0.00	0.00	7.17	6.94
289	0.00	39.00	1.73	1.73	0.87	621972.31	0.00	0.00	19.72	0.00	29.12	51.75	0.00	0.00	7.17	6.95
290	0.00	40.00	1.73	1.73	0.87	621972.31	0.00	0.00	19.72	0.00	31.03	52.51	0.00	0.00	7.17	6.95
291	0.00	41.00	1.73	1.73	0.87	621972.31	0.00	0.00	19.72	0.00	30.27	52.62	0.00	0.00	7.17	6.96
292	0.00	42.00	1.73	1.73	0.87	621972.31	0.00	0.00	19.72	0.00	32.06	51.84	0.00	0.00	7.17	6.94
293	0.00	43.00	1.73	1.73	0.87	621972.31	0.00	0.00	19.72	0.00	31.31	51.02	0.00	0.00	7.17	6.92
294	0.00	44.00	1.73	1.73	0.87	621972.31	0.00	0.00	19.72	0.00	30.60	52.25	0.00	0.00	7.17	6.93
295	0.00	45.00	1.73	1.73	0.87	621972.31	0.00	0.00	19.72	0.00	33.24	52.06	0.00	0.00	7.17	6.91
296	0.00	46.00	1.73	1.73	0.87	621972.31	0.00	0.00	19.72	0.00	32.89	51.88	0.00	0.00	7.17	6.91
297	0.00	47.00	1.73	1.73	0.87	621972.31	0.00	0.00	19.72	0.00	32.19	51.60	0.00	0.00	7.17	6.90
298	0.00	48.00	1.73	1.73	0.87	621972.31	0.00	0.00	19.72	0.00	31.88	51.43	0.00	0.00	7.17	6.90
299	0.00	49.00	1.73	1.73	0.87	621972.31	0.00	0.00	19.72	0.00	33.38	52.04	0.00	0.00	7.17	6.91
300	0.00	50.00	1.73	1.73	0.87	621972.31	0.00	0.00	19.72	0.00	32.71	51.28	0.00	0.00	7.17	6.89
301	0.00	51.00	2.07	2.07	0.74	621979.13	0.00	0.00	19.72	0.00	32.07	50.93	0.00	0.00	7.17	6.90
302	0.00	52.00	2.07	2.07	0.74	621979.13	0.00	0.00	19.72	0.00	31.46	50.10	0.00	0.00	7.17	6.88
303	0.00	53.00	2.07	2.07	0.74	621979.13	0.00	0.00	19.72	0.00	30.86	49.21	0.00	0.00	7.17	6.84
304	0.00	54.00	2.07	2.07	0.74	621979.13	0.00	0.00	19.72	0.00	31.45	49.11	0.00	0.00	7.17	6.85
305	0.00	55.00	2.07	2.07	0.74	621979.13	0.00	0.00	19.72	0.00	33.42	49.50	0.00	0.00	7.17	6.86
306	0.00	56.00	2.07	2.07	0.74	621979.13	0.00	0.00	19.72	0.00	32.82	48.91	0.00	0.00	7.17	6.84
307	0.00	57.00	2.07	2.07	0.74	621979.13	0.00	0.00	19.72	0.00	32.24	48.68	0.00	0.00	7.17	6.85
308	0.00	58.00	2.07	2.07	0.74	621979.13	0.00	0.00	19.72	0.00	32.35	48.82	0.00	0.00	7.17	6.85
309	0.00	59.00	2.07	2.07	0.74	621979.13	0.00	0.00	19.72	0.00	31.80	49.78	0.00	0.00	7.17	6.86
310	0.00	60.00	2.07	2.07	0.74	621979.13	0.00	0.00	19.72	0.00	31.27	49.22	0.00	0.00	7.17	6.85
311	0.00	61.00	2.07	2.07	0.74	621979.13	0.00	0.00	19.72	0.00	30.76	49.01	0.00	0.00	7.17	6.84
312	0.00	62.00	2.07	2.07	0.74	621979.13	0.00	0.00	19.72	0.00	30.26	49.12	0.00	0.00	7.17	6.83
313	0.00	63.00	2.07	2.07	0.74	621979.13	0.00	0.00	19.72	0.00	29.78	49.21	0.00	0.00	7.17	6.81
314	0.00	64.00	2.07	2.07	0.74	621979.13	0.00	0.00	19.72	0.00	30.96	49.02	0.00	0.00	7.17	6.80
315	0.00	65.00	2.07	2.07	0.74	621979.13	0.00	0.00	19.72	0.00	32.32	48.78	0.00	0.00	7.17	6.81
316	0.00	66.00	2.07	2.07	0.74	621979.13	0.00	0.00	19.72	0.00	31.83	48.73	0.00	0.00	7.17	6.80
317	0.00	67.00	2.07	2.07	0.74	621979.13	0.00	0.00	19.72	0.00	32.33	48.86	0.00	0.00	7.17	6.81
318	0.00	68.00	2.07	2.07	0.74	621979.13	0.00	0.00	19.72	0.00	32.90	48.43	0.00	0.00	7.17	6.81
319	0.00	69.00	2.07	2.07	0.74	621979.13	0.00	0.00	19.72	0.00	33.95	48.36	0.00	0.00	7.17	6.80
320	0.00	70.00	2.07	2.07	0.74	621979.13	0.00	0.00	19.72	0.00	33.46	48.53	0.00	0.00	7.17	6.79
321	0.00	71.00	2.07	2.07	0.74	621979.13	0.00	0.00	19.72	0.00	33.37	48.67	0.00	0.00	7.17	6.80
322	0.00	72.00	2.07	2.07	0.74	621979.13	0.00	0.00	19.72	0.00	32.90	49.13	0.00	0.00	7.17	6.80
323	0.00	73.00	2.07	2.07	0.74	621979.13	0.00	0.00	19.72	0.00	32.45	48.58	0.00	0.00	7.17	6.79
324	0.00	74.00	2.07	2.07	0.74	621979.13	0.00	0.00	19.72	0.00	32.99	48.39	0.00	0.00	7.17	6.80
325	0.00	25.00	2.07	2.07	0.74	621979.13	0.00	0.00	19.72	0.00	30.24	51.64	0.00	0.00	7.17	7.13
326	0.00	26.00	2.07	2.07	0.74	621979.13	0.00	0.00	19.72	0.00	29.39	52.25	0.00	0.00	7.17	7.13
327	0.00	27.00	2.07	2.07	0.74	621979.13	0.00	0.00	19.72	0.00	28.30	52.40	0.00	0.00	7.17	7.09
328	0.00	28.00	2.07	2.07	0.74	621979.13	0.00	0.00	19.72	0.00	27.29	53.43	0.00	0.00	7.17	7.09
329	0.00	29.00	2.07	2.07	0.74	621979.13	0.00	0.00	19.72	0.00	26.35	52.26	0.00	0.00	7.17	7.10
330	0.00	30.00	2.07	2.07	0.74	621979.13	0.00	0.00	19.72	0.00	25.47	51.18	0.00	0.00	7.17	7.10
331	0.00	31.00	2.07	2.07	0.74	621979.13	0.00	0.00	19.72	0.00	24.91	52.28	0.00	0.00	7.17	7.07
332	0.00	32.00	2.07	2.07	0.74	621979.13	0.00	0.00	19.72	0.00	24.14	52.44	0.00	0.00	7.17	7.07
333	0.00	33.00	2.07	2.07	0.74	621979.13	0.00	0.00	19.72	0.00	23.40	51.44	0.00	0.00	7.17	7.07
334	0.00	34.00	2.07	2.07	0.74	621979.13	0.00	0.00	19.72	0.00	25.12	50.51	0.00	0.00	7.17	7.08
335	0.00	35.00	2.07	2.07	0.74	621979.13	0.00	0.00	19.72	0.00	25.50	50.48	0.00	0.00	7.17	7.08
336	0.00	36.00	2.07	2.07	0.74	621979.13	0.00	0.00	19.72	0.00	24.79	49.99	0.00	0.00	7.17	7.01
337	0.00	37.00	2.07	2.07	0.74	621979.13	0.00	0.00	19.72	0.00	24.12	51.48	0.00	0.00	7.17	7.02
338	0.00	38.00	2.07	2.07	0.74	621979.13	0.00	0.00	19.72	0.00	23.49	51.20	0.00	0.00	7.17	7.00
339	0.00	39.00	2.07	2.07	0.74	621979.13	0.00	0.00	19.72	0.00	22.88	52.58	0.00	0.00	7.17	7.00
340	0.00	40.00	2.07	2.07	0.74	621979.13	0.00	0.00	19.72	0.00	22.31	53.03	0.00	0.00	7.17	6.98
341	0.00	41.00	2.07	2.07	0.74	621979.13	0.00	0.00	19.72	0.00	21.77	51.94	0.00	0.00	7.17	6.96
342	0.00	42.00	2.07	2.07	0.74	621979.13	0.00	0.00	19.72	0.00	21.25	52.09	0.00	0.00	7.17	6.94
343	0.00	43.00	2.07	2.07	0.74	621979.13	0.00	0.00	19.72	0.00	20.75	52.29	0.00	0.00	7.17	6.92
344	0.00	44.00	2.07	2.07	0.74	621979.13	0.00	0.00	19.72	0.00	20.47	52.64	0.00	0.00	7.17	6.93
345	0.00	45.00	2.07	2.07	0.74	621979.13	0.00	0.00	19.72	0.00	20.01	51.90	0.00	0.00	7.17	6.89
346	0.00	46.00	2.07	2.07	0.74	621979.13	0.00	0.00	19.72	0.00	19.58	51.20	0.00	0.00	7.17	6.90
347	0.00	47.00	2.07	2.07	0.74	621979.13	0.00	0.00	19.72	0.00	21.40	51.33	0.00	0.00	7.17	6.90
348	0.00	48.00	2.07	2.07	0.74	621979.13	0.00	0.00	19.72	0.00	21.76	50.67	0.00	0.00	7.17	6.91
349	0.00	49.00	2.07	2.07	0.74	621979.13	0.00	0.00	19.72	0.00	21.69	50.04	0.00	0.00	7.17	6.91
350	0.00	50.00	2.07	2.07	0.74	621979.13	0.00	0.00	19.72	0.00	21.42	50.09	0.00	0.00	7.17	6.90
351	0.00	51.00	2.07	2.07	0.74	621979.13	0.00	0.00	19.72	0.00	21.75	50.08	0.00	0.00	7.17	6.90
352	0.00	52.00	2.07	2.07	0.74	621979.13	0.00	0.00	19.72	0.00	21.33	49.64	0.00	0.00	7.17	6.89
353	0.00	53.00	2.07	2.07	0.74	621979.13	0.00	0.00	19.72	0.00	20.93	49.36	0.00	0.00	7.17	6.89
354	0.00	54.00	2.07	2.07	0.74	621979.13	0.00	0.00	19.72	0.00	23.13	49.10	0.00	0.00	7.17	6.90
355	0.00	55.00	2.07	2.07	0.74	621979.13	0.00	0.00	19.72	0.00	22.86	49.44	0.00	0.00	7.17	6.90
356	0.00	56.00	2.07	2.07	0.74	621979.13	0.00	0.00	19.72	0.00	23.71	48.91	0.00	0.00	7.17	6.91
357	0.00	57.00	2.07	2.07	0.74	621979.13	0.00	0.00	19.72	0.00	25.14	48.92	0.00	0.00	7.17	6.91
358	0.00	58.00	2.07	2.07	0.74	621979.13	0.00	0.00	19.72	0.00	24.71	49.08	0.00	0.00	7.17	6.90
359	0.00	59.00	2.07	2.07	0.74	621979.13	0.00	0.00	19.72	0.00	24.29	48.48	0.00	0.00	7.17	6.89
360	0.00	60.00	2.07	2.07	0.74	621979.13	0.00	0.00	19.72	0.00	23.89	48.00	0.00	0.00	7.17	6.88
361	0.00	61.00	2.07	2.07	0.74	621979.13	0.00	0.00	19.72	0.00	23.50	47.49	0.00	0.00	7.17	6.85
362	0.00	62.00	2.07	2.07	0.74	621979.13	0.00	0.00	19.72	0.00	23.25	47.81	0.00	0.00	7.17	6.86
363	0.00	63.00	2.07	2.07	0.74	621979.13	0.00	0.00	19.72	0.00	22.88	47.98	0.00	0.00	7.17	6.84
364	0.00	64.00	2.07	2.07	0.74	621979.13	0.00	0.00	19.72	0.00	22.52	47.32	0.00	0.00	7.17	6.82
365	0.00	65.00	2.07	2.07	0.74	621979.13	0.00	0.00	19.72	0.00	26.45	47.84	0.00	0.00	7.17	6.83
366	0.00	66.00	2.07	2.07	0.74	621979.13	0.00	0.00	19.72	0.00	28.31	47.45	0.00	0.00	7.17	6.83
367	0.00	67.00	2.07	2.07	0.74	621979.13	0.00	0.00	19.72	0.00	28.01	47.65	0.00	0.00	7.17	6.81
368	0.00	68.00	2.07	2.07	0.74	621979.13	0.00	0.00	19.72	0.00	28.17	47.61	0.00	0.00	7.17	6.82
369	0.00	69.00	2.07	2.07	0.74	621979.13	0.00	0.00	19.72	0.00	29.92	48.16	0.00	0.00	7.17	6.81
370	0.00	70.00	2.07	2.07	0.74	621979.13	0.00	0.00	19.72	0.00	29.61	47.75	0.00	0.00	7.17	6.81
371	0.00	71.00	2.07	2.07	0.74	621979.13	0.00	0.00	19.72	0.00	29.19	47.36	0.00	0.00	7.17	6.82
372	0.00	72.00	2.07	2.07	0.74	621979.13	0.00	0.00	19.72	0.00	28.92	46.98	0.00	0.00	7.17	6.82
373	0.00	73.00	2.07	2.07	0.74	621979.13	0.00	0.00	19.72	0.00	28.52	47.78	0.00	0.00	7.17	6.83
374	0.00	74.00	2.07	2.07	0.74	621979.13	0.00	0.00	19.72	0.00	28.50	48.06	0.00	0.00	7.17	6.83
375	0.00	25.00	2.07	2.07	0.74	621979.13	0.00	0.00	19.72	0.00	21.00	46.74	0.00	0.00	7.17	7.13
376	0.00	26.00	2.07	2.07	0.74	621979.13	0.00	0.00	19.72	0.00	20.20	46.66	0.00	0.00	7.17	7.13
377	0.00	27.00	2.07	2.07	0.74	621979.13	0.00	0.00	19.72	0.00	19.45	46.35	0.00	0.00	7.17	7.09
378	0.00	28.00	2.07	2.07	0.74	621979.13	0.00	0.00	19.72	0.00	18.75	45.40	0.00	0.00	7.17	7.09
379	0.00	29.00	2.07	2.07	0.74	621979.13	0.00	0.00	19.72	0.00	18.11	46.21	0.00	0.00	7.17	7.06
380	0.00	30.00	2.07	2.07	0.74	621979.13	0.00	0.00	19.72	0.00	17.78	45.77	0.00	0.00	7.17	7.06
381	0.00	31.00	2.07	2.07	0.74	621979.13	0.00	0.00	19.72	0.00	17.50	45.72	0.00	0.00	7.17	7.07
382	0.00	32.00	2.07	2.07	0.74	621979.13	0.00	0.00	19.72	0.00	16.95	46.43	0.00	0.00	7.17	7.07
383	0.00	33.00	2.07	2.07	0.74	621979.13	0.00	0.00	19.72	0.00	16.44	45.40	0.00	0.00	7.17	7.02
384	0.00	34.00	2.07	2.07	0.74	621979.13	0.00	0.00	19.72	0.00	15.96	44.46	0.00	0.00	7.17	6.99
385	0.00	35.00	2.07	2.07	0.74	621979.13	0.00	0.00	19.72	0.00	17.71	44.46	0.00	0.00	7.17	7.00
386	0.00	36.00	2.07	2.07	0.74	621979.13	0.00	0.00	19.72	0.00	17.22	43.53	0.00	0.00	7.17	6.97
387	0.00	37.00	2.07	2.07	0.74	621979.13	0.00	0.00	19.72	0.00	16.75	42.57	0.00	0.00	7.17	6.93
388	0.00	38.00	2.07	2.07	0.74	621979.13	0.00	0.00	19.72	0.00	19.08	43.11	0.00	0.00	7.17	6.91
389	0.00	39.00	2.07	2.07	0.74	621979.13	0.00	0.00	19.72	0.00	18.59	44.36	0.00	0.00	7.17	6.92
390	0.00	40.00	2.07	2.07	0.74	621979.13	0.00	0.00	19.72	0.00	18.13	43.74	0.00	0.00	7.17	6.92
391	0.00	41.00	2.07	2.07	0.74	621979.13	0.00	0.00	19.72	0.00	17.68	43.76	0.00	0.00	7.17	6.90
392	0.00	42.00	2.07	2.07	0.74	621979.13	0.00	0.00	19.72	0.00	20.82	43.03	0.00	0.00	7.17	6.89
393	0.00	43.00	2.07	2.07	0.74	621979.13	0.00	0.00	19.72	0.00	22.78	42.90	0.00	0.00	7.17	6.87
394	0.00	44.00	2.07	2.07	0.74	621979.13	0.00	0.00	19.72	0.00	22.26	43.47	0.00	0.00	7.17	6.84
395	0.00	45.00	2.07	2.07	0.74	621979.13	0.00	0.00	19.72	0.00	22.00	43.25	0.00	0.00	7.17	6.82
396	0.00	46.00	2.07	2.07	0.74	621979.13	0.00	0.00	19.72	0.00	21.52	42.89	0.00	0.00	7.17	6.78
397	0.00	47.00	2.07	2.07	0.74	621979.13	0.00	0.00	19.72	0.00	22.62	42.94	0.00	0.00	7.17	6.78
398	0.00	48.00	2.07	2.07	0.74	621979.13	0.00	0.00	19.72	0.00	23.05	43.00	0.00	0.00	7.17	6.79
399	0.00	49.00	2.07	2.07	0.74	621979.13	0.00	0.00	19.72	0.00	22.58	42.53	0.00	0.00	7.17	6.80
400	0.00	50.00	2.07	2.07	0.74	621979.13	0.00	0.00	19.72	0.00	22.13	43.05	0.00	0.00	7.17	6.79
401	0.00	51.00	2.49	2.49	0.63	621987.31	0.00	0.00	19.72	0.00	21.69	42.59	0.00	0.00	7.17	6.79
402	0.00	52.00	2.49	2.49	0.63	621987.31	0.00	0.00	19.72	0.00	21.28	42.54	0.00	0.00	7.17	6.78
403	0.00	53.00	2.49	2.49	0.63	621987.31	0.00	0.00	19.72	0.00	21.20	42.11	0.00	0.00	7.17	6.79
404	0.00	54.00	2.49	2.49	0.63	621987.31	0.00	0.00	19.72	0.00	20.81	42.25	0.00	0.00	7.17	6.78
405	0.00	55.00	2.49	2.49	0.63	621987.31	0.00	0.00	19.72	0.00	20.43	42.97	0.00	0.00	7.17	6.78
406	0.00	56.00	2.49	2.49	0.63	621987.31	0.00	0.00	19.72	0.00	20.07	43.65	0.00	0.00	7.17	6.79
407	0.00	57.00	2.49	2.49	0.63	621987.31	0.00	0.00	19.72	0.00	19.72	44.31	0.00	0.00	7.17	6.80
408	0.00	58.00	2.49	2.49	0.63	621987.31	0.00	0.00	19.72	0.00	19.38	44.25	0.00	0.00	7.17	6.79
409	0.00	59.00	2.49	2.49	0.63	621987.31	0.00	0.00	19.72	0.00	19.50	45.28	0.00	0.00	7.17	6.79
410	0.00	60.00	2.49	2.49	0.63	621987.31	0.00	0.00	19.72	0.00	20.54	45.26	0.00	0.00	7.17	6.80
411	0.00	61.00	2.49	2.49	0.63	621987.31	0.00	0.00	19.72	0.00	20.20	44.84	0.00	0.00	7.17	6.79
412	0.00	62.00	2.49	2.49	0.63	621987.31	0.00	0.00	19.72	0.00	22.27	44.84	0.00	0.00	7.17	6.79
413	0.00	63.00	2.49	2.49	0.63	621987.31	0.00	0.00	19.72	0.00	22.05	45.98	0.00	0.00	7.17	6.80
414	0.00	64.00	2.49	2.49	0.63	621987.31	0.00	0.00	19.72	0.00	22.30	45.56	0.00	0.00	7.17	6.81
415	0.00	65.00	2.49	2.49	0.63	621987.31	0.00	0.00	19.72	0.00	21.96	45.37	0.00	0.00	7.17	6.81
416	0.00	66.00	2.49	2.49	0.63	621987.31	0.00	0.00	19.72	0.00	21.63	45.55	0.00	0.00	7.17	6.82
417	0.00	67.00	2.49	2.49	0.63	621987.31	0.00	0.00	19.72	0.00	21.30	45.44	0.00	0.00	7.17	6.81
418	0.00	68.00	2.49	2.49	0.63	621987.31	0.00	0.00	19.72	0.00	20.99	45.74	0.00	0.00	7.17	6.79
419	0.00	69.00	2.49	2.49	0.63	621987.31	0.00	0.00	19.72	0.00	20.69	46.41	0.00	0.00	7.17	6.79
420	0.00	70.00	2.49	2.49	0.63	621987.31	0.00	0.00	19.72	0.00	20.39	46.02	0.00	0.00	7.17	6.80
421	0.00	71.00	2.49	2.49	0.63	621987.31	0.00	0.00	19.72	0.00	20.51	46.34	0.00	0.00	7.17	6.80
422	0.00	72.00	2.49	2.49	0.63	621987.31	0.00	0.00	19.72	0.00	20.22	46.64	0.00	0.00	7.17	6.79
423	0.00	73.00	2.49	2.49	0.63	621987.31	0.00	0.00	19.72	0.00	19.94	46.27	0.00	0.00	7.17	6.80
424	0.00	74.00	2.49	2.49	0.63	621987.31	0.00	0.00	19.72	0.00	19.68	46.09	0.00	0.00	7.17	6.80
425	0.00	25.00	2.49	2.49	0.63	621987.31	0.00	0.00	19.72	0.00	15.16	39.29	0.00	0.00	7.17	7.13
426	0.00	26.00	2.49	2.49	0.63	621987.31	0.00	0.00	19.72	0.00	20.29	39.60	0.00	0.00	7.17	7.13
427	0.00	27.00	2.49	2.49	0.63	621987.31	0.00	0.00	19.72	0.00	19.54	38.96	0.00	0.00	7.17	7.09
428	0.00	28.00	2.49	2.49	0.63	621987.31	0.00	0.00	19.72	0.00	19.13	38.75	0.00	0.00	7.17	7.09
429	0.00	29.00	2.49	2.49	0.63	621987.31	0.00	0.00	19.72	0.00	18.47	40.29	0.00	0.00	7.17	7.10
430	0.00	30.00	2.49	2.49	0.63	621987.31	0.00	0.00	19.72	0.00	17.86	42.15	0.00	0.00	7.17	7.10
431	0.00	31.00	2.49	2.49	0.63	621987.31	0.00	0.00	19.72	0.00	17.54	41.32	0.00	0.00	7.17	7.07
432	0.00	32.00	2.49	2.49	0.63	621987.31	0.00	0.00	19.72	0.00	16.99	40.93	0.00	0.00	7.17	7.01
433	0.00	33.00	2.49	2.49	0.63	621987.31	0.00	0.00	19.72	0.00	19.67	40.69	0.00	0.00	7.17	7.02
434	0.00	34.00	2.49	2.49	0.63	621987.31	0.00	0.00	19.72	0.00	22.19	41.52	0.00	0.00	7.17	6.99
435	0.00	35.00	2.49	2.49	0.63	621987.31	0.00	0.00	19.72	0.00	24.59	42.16	0.00	0.00	7.17	6.97
436	0.00	36.00	2.49	2.49	0.63	621987.31	0.00	0.00	19.72	0.00	28.02	41.91	0.00	0.00	7.17	6.97
437	0.00	37.00	2.49	2.49	0.63	621987.31	0.00	0.00	19.72	0.00	28.90	42.72	0.00	0.00	7.17	6.98
438	0.00	38.00	2.49	2.49	0.63	621987.31	0.00	0.00	19.72	0.00	28.14	42.87	0.00	0.00	7.17	6.96
439	0.00	39.00	2.49	2.49	0.63	621987.31	0.00	0.00	19.72	0.00	29.28	44.14	0.00	0.00	7.17	6.96
440	0.00	40.00	2.49	2.49	0.63	621987.31	0.00	0.00	19.72	0.00	32.99	45.36	0.00	0.00	7.17	6.97
441	0.00	41.00	2.49	2.49	0.63	621987.31	0.00	0.00	19.72	0.00	34.76	46.19	0.00	0.00	7.17	6.95
442	0.00	42.00	2.49	2.49	0.63	621987.31	0.00	0.00	19.72	0.00	33.93	45.88	0.00	0.00	7.17	6.95
443	0.00	43.00	2.49	2.49	0.63	621987.31	0.00	0.00	19.72	0.00	33.14	45.61	0.00	0.00	7.17	6.93
444	0.00	44.00	2.49	2.49	0.63	621987.31	0.00	0.00	19.72	0.00	32.39	45.44	0.00	0.00	7.17	6.92
445	0.00	45.00	2.49	2.49	0.63	621987.31	0.00	0.00	19.72	0.00	31.67	45.29	0.00	0.00	7.17	6.90
446	0.00	46.00	2.49	2.49	0.63	621987.31	0.00	0.00	19.72	0.00	31.16	44.74	0.00	0.00	7.17	6.91
447	0.00	47.00	2.49	2.49	0.63	621987.31	0.00	0.00	19.72	0.00	30.89	44.21	0.00	0.00	7.17	6.91
448	0.00	48.00	2.49	2.49	0.63	621987.31	0.00	0.00	19.72	0.00	30.25	43.71	0.00	0.00	7.17	6.92
449	0.00	49.00	2.49	2.49	0.63	621987.31	0.00	0.00	19.72	0.00	29.63	43.50	0.00	0.00	7.17	6.92
450	0.00	50.00	2.49	2.49	0.63	621987.31	0.00	0.00	19.72	0.00	29.04	42.87	0.00	0.00	7.17	6.89
451	0.00	51.00	2.49	2.49	0.63	621987.31	0.00	0.00	19.72	0.00	28.47	42.83	0.00	0.00	7.17	6.85
452	0.00	52.00	2.49	2.49	0.63	621987.31	0.00	0.00	19.72	0.00	27.92	42.25	0.00	0.00	7.17	6.84
453	0.00	53.00	2.49	2.49	0.63	621987.31	0.00	0.00	19.72	0.00	28.83	42.76	0.00	0.00	7.17	6.84
454	0.00	54.00	2.49	2.49	0.63	621987.31	0.00	0.00	19.72	0.00	28.30	42.91	0.00	0.00	7.17	6.83
455	0.00	55.00	2.49	2.49	0.63	621987.31	0.00	0.00	19.72	0.00	27.78	43.21	0.00	0.00	7.17	6.82
456	0.00	56.00	2.49	2.49	0.63	621987.31	0.00	0.00	19.72	0.00	27.29	43.03	0.00	0.00	7.17	6.82
457	0.00	57.00	2.49	2.49	0.63	621987.31	0.00	0.00	19.72	0.00	28.66	43.28	0.00	0.00	7.17	6.83
458	0.00	58.00	2.49	2.49	0.63	621987.31	0.00	0.00	19.72	0.00	28.76	43.54	0.00	0.00	7.17	6.83
459	0.00	59.00	2.49	2.49	0.63	621987.31	0.00	0.00	19.72	0.00	28.28	43.52	0.00	0.00	7.17	6.81
460	0.00	60.00	2.49	2.49	0.63	621987.31	0.00	0.00	19.72	0.00	28.28	43.14	0.00	0.00	7.17	6.82
461	0.00	61.00	2.49	2.49	0.63	621987.31	0.00	0.00	19.72	0.00	30.41	43.60	0.00	0.00	7.17	6.82
462	0.00	62.00	2.49	2.49	0.63	621987.31	0.00	0.00	19.72	0.00	29.92	44.22	0.00	0.00	7.17	6.83
463	0.00	63.00	2.49	2.49	0.63	621987.31	0.00	0.00	19.72	0.00	30.80	43.83	0.00	0.00	7.17	6.83
464	0.00	64.00	2.49	2.49	0.63	621987.31	0.00	0.00	19.72	0.00	30.32	43.51	0.00	0.00	7.17	6.81
465	0.00	65.00	2.49	2.49	0.63	621987.31	0.00	0.00	19.72	0.00	31.47	44.11	0.00	0.00	7.17	6.81
466	0.00	66.00	2.49	2.49	0.63	621987.31	0.00	0.00	19.72	0.00	31.48	43.77	0.00	0.00	7.17	6.82
467	0.00	67.00	2.49	2.49	0.63	621987.31	0.00	0.00	19.72	0.00	31.01	43.59	0.00	0.00	7.17	6.80
468	0.00	68.00	2.49	2.49	0.63	621987.31	0.00	0.00	19.72	0.00	32.11	43.96	0.00	0.00	7.17	6.80
469	0.00	69.00	2.49	2.49	0.63	621987.31	0.00	0.00	19.72	0.00	31.64	43.80	0.00	0.00	7.17	6.81
470	0.00	70.00	2.49	2.49	0.63	621987.31	0.00	0.00	19.72	0.00	32.23	44.49	0.00	0.00	7.17	6.81
471	0.00	71.00	2.49	2.49	0.63	621987.31	0.00	0.00	19.72	0.00	31.77	44.47	0.00	0.00	7.17	6.79
472	0.00	72.00	2.49	2.49	0.63	621987.31	0.00	0.00	19.72	0.00	31.33	44.54	0.00	0.00	7.17	6.79
473	0.00	73.00	2.49	2.49	0.63	621987.31	0.00	0.00	19.72	0.00	31.43	44.86	0.00	0.00	7.17	6.79
474	0.00	74.00	2.49	2.49	0.63	621987.31	0.00	0.00	19.72	0.00	31.59	44.98	0.00	0.00	7.17	6.78
475	0.00	25.00	2.49	2.49	0.63	621987.31	0.00	0.00	19.72	0.00	12.93	39.47	0.00	0.00	7.17	7.13
476	0.00	26.00	2.49	2.49	0.63	621987.31	0.00	0.00	19.72	0.00	12.44	38.71	0.00	0.00	7.17	7.13
477	0.00	27.00	2.49	2.49	0.63	621987.31	0.00	0.00	19.72	0.00	13.03	39.84	0.00	0.00	7.17	7.13
478	0.00	28.00	2.49	2.49	0.63	621987.31	0.00	0.00	19.72	0.00	15.43	39.21	0.00	0.00	7.17	7.13
479	0.00	29.00	2.49	2.49	0.63	621987.31	0.00	0.00	19.72	0.00	22.75	39.37	0.00	0.00	7.17	7.13
480	0.00	30.00	2.49	2.49	0.63	621987.31	0.00	0.00	19.72	0.00	21.99	38.48	0.00	0.00	7.17	7.10
481	0.00	31.00	2.49	2.49	0.63	621987.31	0.00	0.00	19.72	0.00	24.72	40.94	0.00	0.00	7.17	6.97
482	0.00	32.00	2.99	2.99	0.53	621997.12	0.00	0.00	19.72	0.00	27.56	40.35	0.00	0.00	7.17	6.98
483	0.00	33.00	2.99	2.99	0.53	621997.12	0.00	0.00	19.72	0.00	27.89	41.22	0.00	0.00	7.17	6.99
484	0.00	34.00	2.99	2.99	0.53	621997.12	0.00	0.00	19.72	0.00	29.19	42.45	0.00	0.00	7.17	6.99
485	0.00	35.00	2.99	2.99	0.53	621997.12	0.00	0.00	19.72	0.00	28.62	41.81	0.00	0.00	7.17	7.00
486	0.00	36.00	2.99	2.99	0.53	621997.12	0.00	0.00	19.72	0.00	27.83	40.97	0.00	0.00	7.17	6.95
487	0.00	37.00	2.99	2.99	0.53	621997.12	0.00	0.00	19.72	0.00	27.88	41.17	0.00	0.00	7.17	6.93
488	0.00	38.00	2.99	2.99	0.53	621997.12	0.00	0.00	19.72	0.00	27.15	41.23	0.00	0.00	7.17	6.91
489	0.00	39.00	2.99	2.99	0.53	621997.12	0.00	0.00	19.72	0.00	26.66	41.03	0.00	0.00	7.17	6.92
490	0.00	40.00	2.99	2.99	0.53	621997.12	0.00	0.00	19.72	0.00	26.00	41.46	0.00	0.00	7.17	6.92
491	0.00	41.00	2.99	2.99	0.53	621997.12	0.00	0.00	19.72	0.00	26.06	42.11	0.00	0.00	7.17	6.93
492	0.00	42.00	2.99	2.99	0.53	621997.12	0.00	0.00	19.72	0.00	25.44	41.38	0.00	0.00	7.17	6.89
493	0.00	43.00	2.99	2.99	0.53	621997.12	0.00	0.00	19.72	0.00	24.85	40.61	0.00	0.00	7.17	6.87
494	0.00	44.00	2.99	2.99	0.53	621997.12	0.00	0.00	19.72	0.00	24.49	40.15	0.00	0.00	7.17	6.88
495	0.00	45.00	2.99	2.99	0.53	621997.12	0.00	0.00	19.72	0.00	23.95	39.69	0.00	0.00	7.17	6.89
496	0.00	46.00	2.99	2.99	0.53	621997.12	0.00	0.00	19.72	0.00	23.43	39.29	0.00	0.00	7.17	6.87
497	0.00	47.00	2.99	2.99	0.53	621997.12	0.00	0.00	19.72	0.00	26.11	39.40	0.00	0.00	7.17	6.88
498	0.00	48.00	2.99	2.99	0.53	621997.12	0.00	0.00	19.72	0.00	25.56	38.75	0.00	0.00	7.17	6.86
499	0.00	49.00	2.99	2.99	0.53	621997.12	0.00	0.00	19.72	0.00	25.42	38.36	0.00	0.00	7.17	6.87
500	0.00	50.00	2.99	2.99	0.53	621997.12	0.00	0.00	19.72	0.00	24.91	38.26	0.00	0.00	7.17	6.87
501	0.00	51.00	2.99	2.99	0.53	621997.12	0.00	0.00	19.72	0.00	25.17	37.89	0.00	0.00	7.17	6.88
502	0.00	52.00	2.99	2.99	0.53	621997.12	0.00	0.00	19.72	0.00	24.87	37.55	0.00	0.00	7.17	6.88
503	0.00	53.00	2.99	2.99	0.53	621997.12	0.00	0.00	19.72	0.00	24.55	37.22	0.00	0.00	7.17	6.87
504	0.00	54.00	2.99	2.99	0.53	621997.12	0.00	0.00	19.72	0.00	25.61	36.89	0.00	0.00	7.17	6.88
505	0.00	55.00	2.99	2.99	0.53	621997.12	0.00	0.00	19.72	0.00	25.29	37.38	0.00	0.00	7.17	6.86
506	0.00	56.00	2.99	2.99	0.53	621997.12	0.00	0.00	19.72	0.00	24.84	37.36	0.00	0.00	7.17	6.84
507	0.00	57.00	2.99	2.99	0.53	621997.12	0.00	0.00	19.72	0.00	24.41	37.89	0.00	0.00	7.17	6.84
508	0.00	58.00	2.99	2.99	0.53	621997.12	0.00	0.00	19.72	0.00	23.99	37.73	0.00	0.00	7.17	6.82
509	0.00	59.00	2.99	2.99	0.53	621997.12	0.00	0.00	19.72	0.00	23.58	38.25	0.00	0.00	7.17	6.82
510	0.00	60.00	2.99	2.99	0.53	621997.12	0.00	0.00	19.72	0.00	23.19	38.97	0.00	0.00	7.17	6.83
511	0.00	61.00	2.99	2.99	0.53	621997.12	0.00	0.00	19.72	0.00	22.81	38.87	0.00	0.00	7.17	6.83
512	0.00	62.00	2.99	2.99	0.53	621997.12	0.00	0.00	19.72	0.00	22.44	39.17	0.00	0.00	7.17	6.84
513	0.00	63.00	2.99	2.99	0.53	621997.12	0.00	0.00	19.72	0.00	22.08	39.25	0.00	0.00	7.17	6.82
514	0.00	64.00	2.99	2.99	0.53	621997.12	0.00	0.00	19.72	0.00	22.18	40.08	0.00	0.00	7.17	6.82
515	0.00	65.00	2.99	2.99	0.53	621997.12	0.00	0.00	19.72	0.00	21.84	40.34	0.00	0.00	7.17	6.81
516	0.00	66.00	2.99	2.99	0.53	621997.12	0.00	0.00	19.72	0.00	21.51	40.03	0.00	0.00	7.17	6.80
517	0.00	67.00	2.99	2.99	0.53	621997.12	0.00	0.00	19.72	0.00	22.76	39.79	0.00	0.00	7.17	6.81
518	0.00	68.00	2.99	2.99	0.53	621997.12	0.00	0.00	19.72	0.00	22.43	40.05	0.00	0.00	7.17	6.81
519	0.00	69.00	2.99	2.99	0.53	621997.12	0.00	0.00	19.72	0.00	22.10	40.45	0.00	0.00	7.17	6.80
520	0.00	70.00	2.99	2.99	0.53	621997.12	0.00	0.00	19.72	0.00	21.79	40.32	0.00	0.00	7.17	6.79
521	0.00	71.00	2.99	2.99	0.53	621997.12	0.00	0.00	19.72	0.00	21.48	40.42	0.00	0.00	7.17	6.78
522	0.00	72.00	2.99	2.99	0.53	621997.12	0.00	0.00	19.72	0.00	21.60	40.41	0.00	0.00	7.17	6.76
523	0.00	73.00	2.99	2.99	0.53	621997.12	0.00	0.00	19.72	0.00	21.30	40.57	0.00	0.00	7.17	6.74
524	0.00	74.00	2.99	2.99	0.53	621997.12	0.00	0.00	19.72	0.00	21.01	40.77	0.00	0.00	7.17	6.73
525	0.00	25.00	2.99	2.99	0.53	621997.12	0.00	0.00	19.72	0.00	8.81	37.08	0.00	0.00	7.17	7.17
526	0.00	26.00	2.99	2.99	0.53	621997.12	0.00	0.00	19.72	0.00	8.47	36.22	0.00	0.00	7.17	7.13
527	0.00	27.00	2.99	2.99	0.53	621997.12	0.00	0.00	19.72	0.00	8.16	37.40	0.00	0.00	7.17	7.13
528	0.00	28.00	2.99	2.99	0.53	621997.12	0.00	0.00	19.72	0.00	7.86	37.97	0.00	0.00	7.17	7.07
529	0.00	29.00	2.99	2.99	0.53	621997.12	0.00	0.00	19.72	0.00	7.59	37.34	0.00	0.00	7.17	7.07
530	0.00	30.00	2.99	2.99	0.53	621997.12	0.00	0.00	19.72	0.00	7.34	37.20	0.00	0.00	7.17	7.07
531	0.00	31.00	2.99	2.99	0.53	621997.12	0.00	0.00	19.72	0.00	7.10	36.86	0.00	0.00	7.17	7.04
532	0.00	32.00	2.99	2.99	0.53	621997.12	0.00	0.00	19.72	0.00	6.88	37.47	0.00	0.00	7.17	7.01
533	0.00	33.00	2.99	2.99	0.53	621997.12	0.00	0.00	19.72	0.00	8.30	36.95	0.00	0.00	7.17	7.02
534	0.00	34.00	2.99	2.99	0.53	621997.12	0.00	0.00	19.72	0.00	9.33	36.44	0.00	0.00	7.17	7.02
535	0.00	35.00	2.99	2.99	0.53	621997.12	0.00	0.00	19.72	0.00	9.33	35.96	0.00	0.00	7.17	7.03
536	0.00	36.00	2.99	2.99	0.53	621997.12	0.00	0.00	19.72	0.00	9.07	36.55	0.00	0.00	7.17	7.03
537	0.00	37.00	2.99	2.99	0.53	621997.12	0.00	0.00	19.72	0.00	9.04	36.14	0.00	0.00	7.17	7.01
538	0.00	38.00	2.99	2.99	0.53	621997.12	0.00	0.00	19.72	0.00	10.45	36.72	0.00	0.00	7.17	7.01
539	0.00	39.00	2.99	2.99	0.53	621997.12	0.00	0.00	19.72	0.00	10.19	36.13	0.00	0.00	7.17	6.97
540	0.00	40.00	2.99	2.99	0.53	621997.12	0.00	0.00	19.72	0.00	11.01	35.73	0.00	0.00	7.17	6.97
541	0.00	41.00	2.99	2.99	0.53	621997.12	0.00	0.00	19.72	0.00	11.17	35.34	0.00	0.00	7.17	6.98
542	0.00	42.00	2.99	2.99	0.53	621997.12	0.00	0.00	19.72	0.00	10.90	35.25	0.00	0.00	7.17	6.96
543	0.00	43.00	2.99	2.99	0.53	621997.12	0.00	0.00	19.72	0.00	10.65	35.23	0.00	0.00	7.17	6.94
544	0.00	44.00	2.99	2.99	0.53	621997.12	0.00	0.00	19.72	0.00	10.41	34.88	0.00	0.00	7.17	6.90
545	0.00	45.00	2.99	2.99	0.53	621997.12	0.00	0.00	19.72	0.00	10.18	34.56	0.00	0.00	7.17	6.91
546	0.00	46.00	2.99	2.99	0.53	621997.12	0.00	0.00	19.72	0.00	10.90	35.05	0.00	0.00	7.17	6.92
547	0.00	47.00	2.99	2.99	0.53	621997.12	0.00	0.00	19.72	0.00	10.66	35.25	0.00	0.00	7.17	6.88
548	0.00	48.00	2.99	2.99	0.53	621997.12	0.00	0.00	19.72	0.00	10.44	34.94	0.00	0.00	7.17	6.89
549	0.00	49.00	2.99	2.99	0.53	621997.12	0.00	0.00	19.72	0.00	10.23	34.90	0.00	0.00	7.17	6.90
550	0.00	50.00	2.99	2.99	0.53	621997.12	0.00	0.00	19.72	0.00	12.13	34.91	0.00	0.00	7.17	6.90
551	0.00	51.00	2.99	2.99	0.53	621997.12	0.00	0.00	19.72	0.00	12.05	34.62	0.00	0.00	7.17	6.91
552	0.00	52.00	2.99	2.99	0.53	621997.12	0.00	0.00	19.72	0.00	11.82	34.35	0.00	0.00	7.17	6.88
553	0.00	53.00	2.99	2.99	0.53	621997.12	0.00	0.00	19.72	0.00	11.60	34.78	0.00	0.00	7.17	6.88
554	0.00	54.00	2.99	2.99	0.53	621997.12	0.00	0.00	19.72	0.00	11.38	34.52	0.00	0.00	7.17	6.89
555	0.00	55.00	2.99	2.99	0.53	621997.12	0.00	0.00	19.72	0.00	11.18	34.35	0.00	0.00	7.17	6.87
556	0.00	56.00	2.99	2.99	0.53	621997.12	0.00	0.00	19.72	0.00	10.98	34.13	0.00	0.00	7.17	6.86
557	0.00	57.00	2.99	2.99	0.53	621997.12	0.00	0.00	19.72	0.00	10.78	33.90	0.00	0.00	7.17	6.87
558	0.00	58.00	2.99	2.99	0.53	621997.12	0.00	0.00	19.72	0.00	10.60	33.88	0.00	0.00	7.17	6.87
559	0.00	59.00	2.99	2.99	0.53	621997.12	0.00	0.00	19.72	0.00	12.20	34.76	0.00	0.00	7.17	6.86
560	0.00	60.00	2.99	2.99	0.53	621997.12	0.00	0.00	19.72	0.00	12.00	34.51	0.00	0.00	7.17	6.86
561	0.00	61.00	2.99	2.99	0.53	621997.12	0.00	0.00	19.72	0.00	11.80	34.17	0.00	0.00	7.17	6.85
562	0.00	62.00	2.99	2.99	0.53	621997.12	0.00	0.00	19.72	0.00	11.61	34.18	0.00	0.00	7.17	6.86
563	0.00	63.00	2.99	2.99	0.53	621997.12	0.00	0.00	19.72	0.00	11.43	33.95	0.00	0.00	7.17	6.86
564	0.00	64.00	2.99	2.99	0.53	621997.12	0.00	0.00	19.72	0.00	11.25	33.96	0.00	0.00	7.17	6.85
565	0.00	65.00	2.99	2.99	0.53	621997.12	0.00	0.00	19.72	0.00	11.20	33.74	0.00	0.00	7.17	6.86
566	0.00	66.00	2.99	2.99	0.53	621997.12	0.00	0.00	19.72	0.00	11.03	34.82	0.00	0.00	7.17	6.86
567	0.00	67.00	2.99	2.99	0.53	621997.12	0.00	0.00	19.72	0.00	10.87	34.80	0.00	0.00	7.17	6.86
568	0.00	68.00	2.99	2.99	0.53	621997.12	0.00	0.00	19.72	0.00	12.26	34.94	0.00	0.00	7.17	6.87
569	0.00	69.00	2.99	2.99	0.53	621997.12	0.00	0.00	19.72	0.00	12.08	34.72	0.00	0.00	7.17	6.87
570	0.00	70.00	2.99	2.99	0.53	621997.12	0.00	0.00	19.72	0.00	13.41	34.88	0.00	0.00	7.17	6.88
571	0.00	71.00	2.99	2.99	0.53	621997.12	0.00	0.00	19.72	0.00	13.22	34.68	0.00	0.00	7.17	6.88
572	0.00	72.00	2.99	2.99	0.53	621997.12	0.00	0.00	19.72	0.00	13.04	34.47	0.00	0.00	7.17	6.89
573	0.00	73.00	2.99	2.99	0.53	621997.12	0.00	0.00	19.72	0.00	12.86	34.61	0.00	0.00	7.17	6.89
574	0.00	74.00	2.99	2.99	0.53	621997.12	0.00	0.00	19.72	0.00	12.68	34.33	0.00	0.00	7.17	6.88
575	0.00	25.00	2.99	2.99	0.53	621997.12	0.00	0.00	19.72	0.00	7.00	33.12	0.00	0.00	7.17	7.17
576	0.00	26.00	2.99	2.99	0.53	621997.12	0.00	0.00	19.72	0.00	6.73	32.62	0.00	0.00	7.17	7.17
577	0.00	27.00	2.99	2.99	0.53	621997.12	0.00	0.00	19.72	0.00	6.48	32.15	0.00	0.00	7.17	7.17
578	0.00	28.00	2.99	2.99	0.53	621997.12	0.00	0.00	19.72	0.00	6.25	31.74	0.00	0.00	7.17	7.17
579	0.00	29.00	2.99	2.99	0.53	621997.12	0.00	0.00	19.72	0.00	6.03	31.34	0.00	0.00	7.17	7.17
580	0.00	30.00	2.99	2.99	0.53	621997.12	0.00	0.00	19.72	0.00	5.83	30.97	0.00	0.00	7.17	7.17
581	0.00	31.00	2.99	2.99	0.53	621997.12	0.00	0.00	19.72	0.00	5.64	30.61	0.00	0.00	7.17	7.17
582	0.00	32.00	3.58	3.58	0.45	622008.90	0.00	0.00	19.72	0.00	5.46	30.29	0.00	0.00	7.17	7.17
583	0.00	33.00	3.58	3.58	0.45	622008.90	0.00	0.00	19.72	0.00	5.30	29.97	0.00	0.00	7.17	7.17
584	0.00	34.00	3.58	3.58	0.45	622008.90	0.00	0.00	19.72	0.00	5.14	29.67	0.00	0.00	7.17	7.17
585	0.00	35.00	3.58	3.58	0.45	622008.90	0.00	0.00	19.72	0.00	5.00	29.40	0.00	0.00	7.17	7.17
586	0.00	36.00	3.58	3.58	0.45	622008.90	0.00	0.00	19.72	0.00	9.00	29.91	0.00	0.00	7.17	7.14
587	0.00	37.00	3.58	3.58	0.45	622008.90	0.00	0.00	19.72	0.00	8.76	29.65	0.00	0.00	7.17	7.14
588	0.00	38.00	3.58	3.58	0.45	622008.90	0.00	0.00	19.72	0.00	8.53	29.40	0.00	0.00	7.17	7.14
589	0.00	39.00	3.58	3.58	0.45	622008.90	0.00	0.00	19.72	0.00	8.31	29.17	0.00	0.00	7.17	7.14
590	0.00	40.00	3.58	3.58	0.45	622008.90	0.00	0.00	19.72	0.00	8.10	29.93	0.00	0.00	7.17	7.14
591	0.00	41.00	3.58	3.58	0.45	622008.90	0.00	0.00	19.72	0.00	8.13	29.68	0.00	0.00	7.17	7.14
592	0.00	42.00	3.58	3.58	0.45	622008.90	0.00	0.00	19.72	0.00	8.85	29.46	0.00	0.00	7.17	7.14
593	0.00	43.00	3.58	3.58	0.45	622008.90	0.00	0.00	19.72	0.00	8.86	29.24	0.00	0.00	7.17	7.14
594	0.00	44.00	3.58	3.58	0.45	622008.90	0.00	0.00	19.72	0.00	8.87	29.04	0.00	0.00	7.17	7.14
595	0.00	45.00	3.58	3.58	0.45	622008.90	0.00	0.00	19.72	0.00	8.67	28.85	0.00	0.00	7.17	7.14
596	0.00	46.00	3.58	3.58	0.45	622008.90	0.00	0.00	19.72	0.00	8.48	28.68	0.00	0.00	7.17	7.14
597	0.00	47.00	3.58	3.58	0.45	622008.90	0.00	0.00	19.72	0.00	8.30	28.49	0.00	0.00	7.17	7.14
598	0.00	48.00	3.58	3.58	0.45	622008.90	0.00	0.00	19.72	0.00	8.13	28.31	0.00	0.00	7.17	7.15
599	0.00	49.00	3.58	3.58	0.45	622008.90	0.00	0.00	19.72	0.00	7.96	28.06	0.00	0.00	7.17	7.12
600	0.00	50.00	3.58	3.58	0.45	622008.90	0.00	0.00	19.72	0.00	7.99	27.91	0.00	0.00	7.17	7.13
601	0.00	51.00	3.58	3.58	0.45	622008.90	0.00	0.00	19.72	0.00	7.83	27.76	0.00	0.00	7.17	7.13
602	0.00	52.00	3.58	3.58	0.45	622008.90	0.00	0.00	19.72	0.00	7.68	27.61	0.00	0.00	7.17	7.13
603	0.00	53.00	3.58	3.58	0.45	622008.90	0.00	0.00	19.72	0.00	7.71	27.48	0.00	0.00	7.17	7.13
604	0.00	54.00	3.58	3.58	0.45	622008.90	0.00	0.00	19.72	0.00	7.57	27.33	0.00	0.00	7.17	7.13
605	0.00	55.00	3.58	3.58	0.45	622008.90	0.00	0.00	19.72	0.00	9.62	27.27	0.00	0.00	7.17	7.13
606	0.00	56.00	3.58	3.58	0.45	622008.90	0.00	0.00	19.72	0.00	9.44	27.15	0.00	0.00	7.17	7.13
607	0.00	57.00	3.58	3.58	0.45	622008.90	0.00	0.00	19.72	0.00	9.28	27.02	0.00	0.00	7.17	7.13
608	0.00	58.00	3.58	3.58	0.45	622008.90	0.00	0.00	19.72	0.00	9.12	26.89	0.00	0.00	7.17	7.13
609	0.00	59.00	3.58	3.58	0.45	622008.90	0.00	0.00	19.72	0.00	11.64	27.01	0.00	0.00	7.17	7.13
610	0.00	60.00	3.58	3.58	0.45	622008.90	0.00	0.00	19.72	0.00	11.45	27.12	0.00	0.00	7.17	7.13
611	0.00	61.00	3.58	3.58	0.45	622008.90	0.00	0.00	19.72	0.00	11.26	27.00	0.00	0.00	7.17	7.13
612	0.00	62.00	3.58	3.58	0.45	622008.90	0.00	0.00	19.72	0.00	11.08	26.90	0.00	0.00	7.17	7.13
613	0.00	63.00	3.58	3.58	0.45	622008.90	0.00	0.00	19.72	0.00	10.90	26.78	0.00	0.00	7.17	7.13
614	0.00	64.00	3.58	3.58	0.45	622008.90	0.00	0.00	19.72	0.00	10.88	26.68	0.00	0.00	7.17	7.13
615	0.00	65.00	3.58	3.58	0.45	622008.90	0.00	0.00	19.72	0.00	10.71	26.78	0.00	0.00	7.17	7.14
616	0.00	66.00	3.58	3.58	0.45	622008.90	0.00	0.00	19.72	0.00	13.84	27.07	0.00	0.00	7.17	7.12
617	0.00	67.00	3.58	3.58	0.45	622008.90	0.00	0.00	19.72	0.00	13.76	26.98	0.00	0.00	7.17	7.12
618	0.00	68.00	3.58	3.58	0.45	622008.90	0.00	0.00	19.72	0.00	13.55	26.88	0.00	0.00	7.17	7.12
619	0.00	69.00	3.58	3.58	0.45	622008.90	0.00	0.00	19.72	0.00	13.77	26.79	0.00	0.00	7.17	7.12
620	0.00	70.00	3.58	3.58	0.45	622008.90	0.00	0.00	19.72	0.00	13.57	26.69	0.00	0.00	7.17	7.12
621	0.00	71.00	3.58	3.58	0.45	622008.90	0.00	0.00	19.72	0.00	13.38	26.60	0.00	0.00	7.17	7.12
622	0.00	72.00	3.58	3.58	0.45	622008.90	0.00	0.00	19.72	0.00	13.20	26.51	0.00	0.00	7.17	7.12
623	0.00	73.00	3.58	3.58	0.45	622008.90	0.00	0.00	19.72	0.00	13.02	26.42	0.00	0.00	7.17	7.12
624	0.00	74.00	3.58	3.58	0.45	622008.90	0.00	0.00	19.72	0.00	12.84	26.33	0.00	0.00	7.17	7.13
625	0.00	25.00	3.58	3.58	0.45	622008.90	0.00	0.00	19.72	0.00	6.30	30.10	0.00	0.00	7.17	7.17
626	0.00	26.00	3.58	3.58	0.45	622008.90	0.00	0.00	19.72	0.00	6.37	29.72	0.00	0.00	7.17	7.17
627	0.00	27.00	3.58	3.58	0.45	622008.90	0.00	0.00	19.72	0.00	6.13	29.35	0.00	0.00	7.17	7.17
628	0.00	28.00	3.58	3.58	0.45	622008.90	0.00	0.00	19.72	0.00	5.92	28.74	0.00	0.00	7.17	7.10
629	0.00	29.00	3.58	3.58	0.45	622008.90	0.00	0.00	19.72	0.00	5.71	28.43	0.00	0.00	7.17	7.10
630	0.00	30.00	3.58	3.58	0.45	622008.90	0.00	0.00	19.72	0.00	5.52	28.16	0.00	0.00	7.17	7.11
631	0.00	31.00	3.58	3.58	0.45	622008.90	0.00	0.00	19.72	0.00	8.74	28.59	0.00	0.00	7.17	7.05
632	0.00	32.00	3.58	3.58	0.45	622008.90	0.00	0.00	19.72	0.00	9.82	28.33	0.00	0.00	7.17	7.05
633	0.00	33.00	3.58	3.58	0.45	622008.90	0.00	0.00	19.72	0.00	9.77	28.08	0.00	0.00	7.17	7.06
634	0.00	34.00	3.58	3.58	0.45	622008.90	0.00	0.00	19.72	0.00	9.79	27.85	0.00	0.00	7.17	7.06
635	0.00	35.00	3.58	3.58	0.45	622008.90	0.00	0.00	19.72	0.00	10.60	27.63	0.00	0.00	7.17	7.06
636	0.00	36.00	3.58	3.58	0.45	622008.90	0.00	0.00	19.72	0.00	10.31	27.43	0.00	0.00	7.17	7.07
637	0.00	37.00	3.58	3.58	0.45	622008.90	0.00	0.00	19.72	0.00	10.03	27.22	0.00	0.00	7.17	7.07
638	0.00	38.00	3.58	3.58	0.45	622008.90	0.00	0.00	19.72	0.00	9.77	27.38	0.00	0.00	7.17	7.07
639	0.00	39.00	3.58	3.58	0.45	622008.90	0.00	0.00	19.72	0.00	9.52	27.53	0.00	0.00	7.17	7.07
640	0.00	40.00	3.58	3.58	0.45	622008.90	0.00	0.00	19.72	0.00	9.28	27.37	0.00	0.00	7.17	7.08
641	0.00	41.00	3.58	3.58	0.45	622008.90	0.00	0.00	19.72	0.00	9.05	26.85	0.00	0.00	7.17	7.04
642	0.00	42.00	3.58	3.58	0.45	622008.90	0.00	0.00	19.72	0.00	8.84	26.50	0.00	0.00	7.17	7.00
643	0.00	43.00	3.58	3.58	0.45	622008.90	0.00	0.00	19.72	0.00	11.08	26.38	0.00	0.00	7.17	7.00
644	0.00	44.00	3.58	3.58	0.45	622008.90	0.00	0.00	19.72	0.00	11.04	26.24	0.00	0.00	7.17	7.00
645	0.00	45.00	3.58	3.58	0.45	622008.90	0.00	0.00	19.72	0.00	10.79	26.90	0.00	0.00	7.17	6.98
646	0.00	46.00	3.58	3.58	0.45	622008.90	0.00	0.00	19.72	0.00	10.56	27.66	0.00	0.00	7.17	6.97
647	0.00	47.00	3.58	3.58	0.45	622008.90	0.00	0.00	19.72	0.00	10.33	27.50	0.00	0.00	7.17	6.97
648	0.00	48.00	3.58	3.58	0.45	622008.90	0.00	0.00	19.72	0.00	12.62	27.43	0.00	0.00	7.17	6.97
649	0.00	49.00	3.58	3.58	0.45	622008.90	0.00	0.00	19.72	0.00	12.36	27.28	0.00	0.00	7.17	6.98
650	0.00	50.00	3.58	3.58	0.45	622008.90	0.00	0.00	19.72	0.00	12.28	27.14	0.00	0.00	7.17	6.98
651	0.00	51.00	3.58	3.58	0.45	622008.90	0.00	0.00	19.72	0.00	12.04	27.01	0.00	0.00	7.17	6.99
652	0.00	52.00	3.58	3.58	0.45	622008.90	0.00	0.00	19.72	0.00	11.81	26.88	0.00	0.00	7.17	6.99
653	0.00	53.00	3.58	3.58	0.45	622008.90	0.00	0.00	19.72	0.00	11.58	26.89	0.00	0.00	7.17	6.97
654	0.00	54.00	3.58	3.58	0.45	622008.90	0.00	0.00	19.72	0.00	11.37	26.75	0.00	0.00	7.17	6.98
655	0.00	55.00	3.58	3.58	0.45	622008.90	0.00	0.00	19.72	0.00	11.16	26.46	0.00	0.00	7.17	6.96
656	0.00	56.00	3.58	3.58	0.45	622008.90	0.00	0.00	19.72	0.00	11.11	26.34	0.00	0.00	7.17	6.95
657	0.00	57.00	3.58	3.58	0.45	622008.90	0.00	0.00	19.72	0.00	11.08	26.55	0.00	0.00	7.17	6.93
658	0.00	58.00	3.58	3.58	0.45	622008.90	0.00	0.00	19.72	0.00	10.89	26.43	0.00	0.00	7.17	6.94
659	0.00	59.00	3.58	3.58	0.45	622008.90	0.00	0.00	19.72	0.00	11.19	26.33	0.00	0.00	7.17	6.94
660	0.00	60.00	3.58	3.58	0.45	622008.90	0.00	0.00	19.72	0.00	11.00	26.22	0.00	0.00	7.17	6.94
661	0.00	61.00	3.58	3.58	0.45	622008.90	0.00	0.00	19.72	0.00	10.82	26.07	0.00	0.00	7.17	6.93
662	0.00	62.00	3.58	3.58	0.45	622008.90	0.00	0.00	19.72	0.00	12.34	25.99	0.00	0.00	7.17	6.92
663	0.00	63.00	3.58	3.58	0.45	622008.90	0.00	0.00	19.72	0.00	12.29	25.89	0.00	0.00	7.17	6.92
664	0.00	64.00	3.58	3.58	0.45	622008.90	0.00	0.00	19.72	0.00	12.10	25.62	0.00	0.00	7.17	6.91
665	0.00	65.00	3.58	3.58	0.45	622008.90	0.00	0.00	19.72	0.00	12.36	25.53	0.00	0.00	7.17	6.91
666	0.00	66.00	3.58	3.58	0.45	622008.90	0.00	0.00	19.72	0.00	12.17	26.09	0.00	0.00	7.17	6.90
667	0.00	67.00	3.58	3.58	0.45	622008.90	0.00	0.00	19.72	0.00	13.56	26.20	0.00	0.00	7.17	6.88
668	0.00	68.00	3.58	3.58	0.45	622008.90	0.00	0.00	19.72	0.00	13.36	26.00	0.00	0.00	7.17	6.86
669	0.00	69.00	3.58	3.58	0.45	622008.90	0.00	0.00	19.72	0.00	13.16	25.75	0.00	0.00	7.17	6.85
670	0.00	70.00	3.58	3.58	0.45	622008.90	0.00	0.00	19.72	0.00	12.98	25.66	0.00	0.00	7.17	6.85
671	0.00	71.00	3.58	3.58	0.45	622008.90	0.00	0.00	19.72	0.00	12.79	25.58	0.00	0.00	7.17	6.86
672	0.00	72.00	3.58	3.58	0.45	622008.90	0.00	0.00	19.72	0.00	12.62	25.50	0.00	0.00	7.17	6.86
673	0.00	73.00	3.58	3.58	0.45	622008.90	0.00	0.00	19.72	0.00	12.57	25.42	0.00	0.00	7.17	6.87
674	0.00	74.00	3.58	3.58	0.45	622008.90	0.00	0.00	19.72	0.00	12.40	25.87	0.00	0.00	7.17	6.86
675	0.00	25.00	3.58	3.58	0.45	622008.90	0.00	0.00	19.72	0.00	6.72	27.04	0.00	0.00	7.17	7.17
676	0.00	26.00	3.58	3.58	0.45	622008.90	0.00	0.00	19.72	0.00	6.81	26.34	0.00	0.00	7.17	7.13
677	0.00	27.00	3.58	3.58	0.45	622008.90	0.00	0.00	19.72	0.00	6.56	26.59	0.00	0.00	7.17	7.13
678	0.00	28.00	3.58	3.58	0.45	622008.90	0.00	0.00	19.72	0.00	6.33	27.68	0.00	0.00	7.17	7.13
679	0.00	29.00	3.58	3.58	0.45	622008.90	0.00	0.00	19.72	0.00	6.11	27.41	0.00	0.00	7.17	7.13
680	0.00	30.00	3.58	3.58	0.45	622008.90	0.00	0.00	19.72	0.00	5.90	27.07	0.00	0.00	7.17	7.10
681	0.00	31.00	3.58	3.58	0.45	622008.90	0.00	0.00	19.72	0.00	7.11	27.27	0.00	0.00	7.17	7.10
682	0.00	32.00	4.30	4.30	0.38	622023.03	0.00	0.00	19.72	0.00	6.89	28.05	0.00	0.00	7.17	7.05
683	0.00	33.00	4.30	4.30	0.38	622023.03	0.00	0.00	19.72	0.00	6.68	27.80	0.00	0.00	7.17	7.05
684	0.00	34.00	4.30	4.30	0.38	622023.03	0.00	0.00	19.72	0.00	6.48	28.99	0.00	0.00	7.17	7.05
685	0.00	35.00	4.30	4.30	0.38	622023.03	0.00	0.00	19.72	0.00	8.63	29.42	0.00	0.00	7.17	7.06
686	0.00	36.00	4.30	4.30	0.38	622023.03	0.00	0.00	19.72	0.00	12.27	29.21	0.00	0.00	7.17	7.06
687	0.00	37.00	4.30	4.30	0.38	622023.03	0.00	0.00	19.72	0.00	12.15	28.97	0.00	0.00	7.17	7.06
688	0.00	38.00	4.30	4.30	0.38	622023.03	0.00	0.00	19.72	0.00	12.08	28.73	0.00	0.00	7.17	7.07
689	0.00	39.00	4.30	4.30	0.38	622023.03	0.00	0.00	19.72	0.00	11.77	28.62	0.00	0.00	7.17	7.01
690	0.00	40.00	4.30	4.30	0.38	622023.03	0.00	0.00	19.72	0.00	11.47	28.39	0.00	0.00	7.17	7.01
691	0.00	41.00	4.30	4.30	0.38	622023.03	0.00	0.00	19.72	0.00	11.19	28.61	0.00	0.00	7.17	6.99
692	0.00	42.00	4.30	4.30	0.38	622023.03	0.00	0.00	19.72	0.00	10.93	28.40	0.00	0.00	7.17	6.99
693	0.00	43.00	4.30	4.30	0.38	622023.03	0.00	0.00	19.72	0.00	10.67	28.20	0.00	0.00	7.17	7.00
694	0.00	44.00	4.30	4.30	0.38	622023.03	0.00	0.00	19.72	0.00	10.43	28.24	0.00	0.00	7.17	6.98
695	0.00	45.00	4.30	4.30	0.38	622023.03	0.00	0.00	19.72	0.00	10.20	28.05	0.00	0.00	7.17	6.98
696	0.00	46.00	4.30	4.30	0.38	622023.03	0.00	0.00	19.72	0.00	9.98	27.74	0.00	0.00	7.17	6.96
697	0.00	47.00	4.30	4.30	0.38	622023.03	0.00	0.00	19.72	0.00	9.77	27.57	0.00	0.00	7.17	6.97
698	0.00	48.00	4.30	4.30	0.38	622023.03	0.00	0.00	19.72	0.00	9.56	27.91	0.00	0.00	7.17	6.97
699	0.00	49.00	4.30	4.30	0.38	622023.03	0.00	0.00	19.72	0.00	9.37	27.52	0.00	0.00	7.17	6.94
700	0.00	50.00	4.30	4.30	0.38	622023.03	0.00	0.00	19.72	0.00	11.28	27.21	0.00	0.00	7.17	6.92
701	0.00	51.00	4.30	4.30	0.38	622023.03	0.00	0.00	19.72	0.00	11.22	27.33	0.00	0.00	7.17	6.93
702	0.00	52.00	4.30	4.30	0.38	622023.03	0.00	0.00	19.72	0.00	13.03	27.71	0.00	0.00	7.17	6.91
703	0.00	53.00	4.30	4.30	0.38	622023.03	0.00	0.00	19.72	0.00	12.79	27.56	0.00	0.00	7.17	6.92
704	0.00	54.00	4.30	4.30	0.38	622023.03	0.00	0.00	19.72	0.00	12.55	27.75	0.00	0.00	7.17	6.89
705	0.00	55.00	4.30	4.30	0.38	622023.03	0.00	0.00	19.72	0.00	12.47	27.60	0.00	0.00	7.17	6.90
706	0.00	56.00	4.30	4.30	0.38	622023.03	0.00	0.00	19.72	0.00	12.25	27.29	0.00	0.00	7.17	6.88
707	0.00	57.00	4.30	4.30	0.38	622023.03	0.00	0.00	19.72	0.00	12.19	27.17	0.00	0.00	7.17	6.89
708	0.00	58.00	4.30	4.30	0.38	622023.03	0.00	0.00	19.72	0.00	11.98	27.55	0.00	0.00	7.17	6.87
709	0.00	59.00	4.30	4.30	0.38	622023.03	0.00	0.00	19.72	0.00	11.92	27.44	0.00	0.00	7.17	6.88
710	0.00	60.00	4.30	4.30	0.38	622023.03	0.00	0.00	19.72	0.00	11.87	27.31	0.00	0.00	7.17	6.88
711	0.00	61.00	4.30	4.30	0.38	622023.03	0.00	0.00	19.72	0.00	12.15	27.20	0.00	0.00	7.17	6.89
712	0.00	62.00	4.30	4.30	0.38	622023.03	0.00	0.00	19.72	0.00	11.95	27.09	0.00	0.00	7.17	6.89
713	0.00	63.00	4.30	4.30	0.38	622023.03	0.00	0.00	19.72	0.00	11.91	26.97	0.00	0.00	7.17	6.90
714	0.00	64.00	4.30	4.30	0.38	622023.03	0.00	0.00	19.72	0.00	11.72	26.82	0.00	0.00	7.17	6.89
715	0.00	65.00	4.30	4.30	0.38	622023.03	0.00	0.00	19.72	0.00	11.54	27.17	0.00	0.00	7.17	6.86
716	0.00	66.00	4.30	4.30	0.38	622023.03	0.00	0.00	19.72	0.00	11.37	27.02	0.00	0.00	7.17	6.85
717	0.00	67.00	4.30	4.30	0.38	622023.03	0.00	0.00	19.72	0.00	11.20	27.28	0.00	0.00	7.17	6.86
718	0.00	68.00	4.30	4.30	0.38	622023.03	0.00	0.00	19.72	0.00	11.03	27.17	0.00	0.00	7.17	6.86
719	0.00	69.00	4.30	4.30	0.38	622023.03	0.00	0.00	19.72	0.00	10.87	27.06	0.00	0.00	7.17	6.86
720	0.00	70.00	4.30	4.30	0.38	622023.03	0.00	0.00	19.72	0.00	10.72	26.96	0.00	0.00	7.17	6.87
721	0.00	71.00	4.30	4.30	0.38	622023.03	0.00	0.00	19.72	0.00	10.57	26.86	0.00	0.00	7.17	6.87
722	0.00	72.00	4.30	4.30	0.38	622023.03	0.00	0.00	19.72	0.00	10.42	26.76	0.00	0.00	7.17	6.88
723	0.00	73.00	4.30	4.30	0.38	622023.03	0.00	0.00	19.72	0.00	10.28	27.20	0.00	0.00	7.17	6.87
724	0.00	74.00	4.30	4.30	0.38	622023.03	0.00	0.00	19.72	0.00	10.14	27.14	0.00	0.00	7.17	6.84
725	0.00	25.00	4.30	4.30	0.38	622023.03	0.00	0.00	19.72	0.00	6.67	27.07	0.00	0.00	7.17	7.17
726	0.00	26.00	4.30	4.30	0.38	622023.03	0.00	0.00	19.72	0.00	6.42	26.80	0.00	0.00	7.17	7.17
727	0.00	27.00	4.30	4.30	0.38	622023.03	0.00	0.00	19.72	0.00	6.52	26.54	0.00	0.00	7.17	7.17
728	0.00	28.00	4.30	4.30	0.38	622023.03	0.00	0.00	19.72	0.00	6.29	26.30	0.00	0.00	7.17	7.17
729	0.00	29.00	4.30	4.30	0.38	622023.03	0.00	0.00	19.72	0.00	6.07	26.09	0.00	0.00	7.17	7.17
730	0.00	30.00	4.30	4.30	0.38	622023.03	0.00	0.00	19.72	0.00	5.87	25.88	0.00	0.00	7.17	7.17
731	0.00	31.00	4.30	4.30	0.38	622023.03	0.00	0.00	19.72	0.00	5.68	25.31	0.00	0.00	7.17	7.13
732	0.00	32.00	4.30	4.30	0.38	622023.03	0.00	0.00	19.72	0.00	5.50	25.15	0.00	0.00	7.17	7.13
733	0.00	33.00	4.30	4.30	0.38	622023.03	0.00	0.00	19.72	0.00	5.33	25.00	0.00	0.00	7.17	7.14
734	0.00	34.00	4.30	4.30	0.38	622023.03	0.00	0.00	19.72	0.00	5.18	24.85	0.00	0.00	7.17	7.14
735	0.00	35.00	4.30	4.30	0.38	622023.03	0.00	0.00	19.72	0.00	5.03	24.73	0.00	0.00	7.17	7.14
736	0.00	36.00	4.30	4.30	0.38	622023.03	0.00	0.00	19.72	0.00	7.81	26.03	0.00	0.00	7.17	7.14
737	0.00	37.00	4.30	4.30	0.38	622023.03	0.00	0.00	19.72	0.00	7.60	25.87	0.00	0.00	7.17	7.14
738	0.00	38.00	4.30	4.30	0.38	622023.03	0.00	0.00	19.72	0.00	7.40	25.72	0.00	0.00	7.17	7.14
739	0.00	39.00	4.30	4.30	0.38	622023.03	0.00	0.00	19.72	0.00	7.21	25.51	0.00	0.00	7.17	7.11
740	0.00	40.00	4.30	4.30	0.38	622023.03	0.00	0.00	19.72	0.00	7.03	25.36	0.00	0.00	7.17	7.12
741	0.00	41.00	4.30	4.30	0.38	622023.03	0.00	0.00	19.72	0.00	6.86	24.95	0.00	0.00	7.17	7.09
742	0.00	42.00	4.30	4.30	0.38	622023.03	0.00	0.00	19.72	0.00	6.70	24.84	0.00	0.00	7.17	7.09
743	0.00	43.00	4.30	4.30	0.38	622023.03	0.00	0.00	19.72	0.00	6.54	24.73	0.00	0.00	7.17	7.10
744	0.00	44.00	4.30	4.30	0.38	622023.03	0.00	0.00	19.72	0.00	6.39	24.64	0.00	0.00	7.17	7.10
745	0.00	45.00	4.30	4.30	0.38	622023.03	0.00	0.00	19.72	0.00	6.25	24.29	0.00	0.00	7.17	7.06
746	0.00	46.00	4.30	4.30	0.38	622023.03	0.00	0.00	19.72	0.00	6.12	24.20	0.00	0.00	7.17	7.06
747	0.00	47.00	4.30	4.30	0.38	622023.03	0.00	0.00	19.72	0.00	5.99	24.91	0.00	0.00	7.17	7.06
748	0.00	48.00	4.30	4.30	0.38	622023.03	0.00	0.00	19.72	0.00	8.05	24.88	0.00	0.00	7.17	7.07
749	0.00	49.00	4.30	4.30	0.38	622023.03	0.00	0.00	19.72	0.00	7.89	24.77	0.00	0.00	7.17	7.07
750	0.00	50.00	4.30	4.30	0.38	622023.03	0.00	0.00	19.72	0.00	7.73	24.67	0.00	0.00	7.17	7.07
751	0.00	51.00	4.30	4.30	0.38	622023.03	0.00	0.00	19.72	0.00	7.58	24.53	0.00	0.00	7.17	7.05
752	0.00	52.00	4.30	4.30	0.38	622023.03	0.00	0.00	19.72	0.00	7.43	24.43	0.00	0.00	7.17	7.05
753	0.00	53.00	4.30	4.30	0.38	622023.03	0.00	0.00	19.72	0.00	7.83	24.35	0.00	0.00	7.17	7.06
754	0.00	54.00	4.30	4.30	0.38	622023.03	0.00	0.00	19.72	0.00	8.22	24.28	0.00	0.00	7.17	7.06
755	0.00	55.00	4.30	4.30	0.38	622023.03	0.00	0.00	19.72	0.00	8.22	24.63	0.00	0.00	7.17	7.06
756	0.00	56.00	4.30	4.30	0.38	622023.03	0.00	0.00	19.72	0.00	8.07	24.38	0.00	0.00	7.17	7.04
757	0.00	57.00	4.30	4.30	0.38	622023.03	0.00	0.00	19.72	0.00	7.93	24.31	0.00	0.00	7.17	7.05
758	0.00	58.00	4.30	4.30	0.38	622023.03	0.00	0.00	19.72	0.00	9.20	24.24	0.00	0.00	7.17	7.05
759	0.00	59.00	4.30	4.30	0.38	622023.03	0.00	0.00	19.72	0.00	9.04	23.97	0.00	0.00	7.17	7.03
760	0.00	60.00	4.30	4.30	0.38	622023.03	0.00	0.00	19.72	0.00	8.89	23.86	0.00	0.00	7.17	7.02
761	0.00	61.00	4.30	4.30	0.38	622023.03	0.00	0.00	19.72	0.00	9.38	23.80	0.00	0.00	7.17	7.02
762	0.00	62.00	4.30	4.30	0.38	622023.03	0.00	0.00	19.72	0.00	9.23	23.74	0.00	0.00	7.17	7.02
763	0.00	63.00	4.30	4.30	0.38	622023.03	0.00	0.00	19.72	0.00	9.21	23.68	0.00	0.00	7.17	7.02
764	0.00	64.00	4.30	4.30	0.38	622023.03	0.00	0.00	19.72	0.00	9.23	23.63	0.00	0.00	7.17	7.03
765	0.00	65.00	4.30	4.30	0.38	622023.03	0.00	0.00	19.72	0.00	9.68	23.58	0.00	0.00	7.17	7.03
766	0.00	66.00	4.30	4.30	0.38	622023.03	0.00	0.00	19.72	0.00	9.53	23.43	0.00	0.00	7.17	7.02
767	0.00	67.00	4.30	4.30	0.38	622023.03	0.00	0.00	19.72	0.00	9.39	23.37	0.00	0.00	7.17	7.02
768	0.00	68.00	4.30	4.30	0.38	622023.03	0.00	0.00	19.72	0.00	9.25	23.33	0.00	0.00	7.17	7.02
769	0.00	69.00	4.30	4.30	0.38	622023.03	0.00	0.00	19.72	0.00	9.12	23.28	0.00	0.00	7.17	7.02
770	0.00	70.00	4.30	4.30	0.38	622023.03	0.00	0.00	19.72	0.00	8.99	23.23	0.00	0.00	7.17	7.02
771	0.00	71.00	4.30	4.30	0.38	622023.03	0.00	0.00	19.72	0.00	8.86	23.18	0.00	0.00	7.17	7.03
772	0.00	72.00	4.30	4.30	0.38	622023.03	0.00	0.00	19.72	0.00	10.77	23.32	0.00	0.00	7.17	7.03
773	0.00	73.00	4.30	4.30	0.38	622023.03	0.00	0.00	19.72	0.00	10.63	23.14	0.00	0.00	7.17	7.02
774	0.00	74.00	4.30	4.30	0.38	622023.03	0.00	0.00	19.72	0.00	12.48	23.16	0.00	0.00	7.17	7.02
775	0.00	25.00	4.30	4.30	0.38	622023.03	0.00	0.00	19.72	0.00	2.04	24.06	0.00	0.00	7.17	7.17
776	0.00	26.00	4.30	4.30	0.38	622023.03	0.00	0.00	19.72	0.00	1.97	23.91	0.00	0.00	7.17	7.17
777	0.00	27.00	4.30	4.30	0.38	622023.03	0.00	0.00	19.72	0.00	7.06	23.84	0.00	0.00	7.17	7.17
778	0.00	28.00	4.30	4.30	0.38	622023.03	0.00	0.00	19.72	0.00	7.10	23.69	0.00	0.00	7.17	7.17
779	0.00	29.00	4.30	4.30	0.38	622023.03	0.00	0.00	19.72	0.00	7.14	23.55	0.00	0.00	7.17	7.17
780	0.00	30.00	4.30	4.30	0.38	622023.03	0.00	0.00	19.72	0.00	6.90	23.34	0.00	0.00	7.17	7.13
781	0.00	31.00	4.30	4.30	0.38	622023.03	0.00	0.00	19.72	0.00	6.67	23.24	0.00	0.00	7.17	7.13
782	0.00	32.00	5.16	5.16	0.33	622039.99	0.00	0.00	19.72	0.00	6.47	23.15	0.00	0.00	7.17	7.13
783	0.00	33.00	5.16	5.16	0.33	622039.99	0.00	0.00	19.72	0.00	6.52	23.06	0.00	0.00	7.17	7.14
784	0.00	34.00	5.16	5.16	0.33	622039.99	0.00	0.00	19.72	0.00	10.43	23.03	0.00	0.00	7.17	7.14
785	0.00	35.00	5.16	5.16	0.33	622039.99	0.00	0.00	19.72	0.00	10.13	22.93	0.00	0.00	7.17	7.14
786	0.00	36.00	5.16	5.16	0.33	622039.99	0.00	0.00	19.72	0.00	9.85	22.85	0.00	0.00	7.17	7.14
787	0.00	37.00	5.16	5.16	0.33	622039.99	0.00	0.00	19.72	0.00	9.80	22.78	0.00	0.00	7.17	7.14
788	0.00	38.00	5.16	5.16	0.33	622039.99	0.00	0.00	19.72	0.00	9.55	22.70	0.00	0.00	7.17	7.14
789	0.00	39.00	5.16	5.16	0.33	622039.99	0.00	0.00	19.72	0.00	9.30	22.62	0.00	0.00	7.17	7.14
790	0.00	40.00	5.16	5.16	0.33	622039.99	0.00	0.00	19.72	0.00	9.07	22.49	0.00	0.00	7.17	7.12
791	0.00	41.00	5.16	5.16	0.33	622039.99	0.00	0.00	19.72	0.00	8.85	22.43	0.00	0.00	7.17	7.12
792	0.00	42.00	5.16	5.16	0.33	622039.99	0.00	0.00	19.72	0.00	8.83	22.37	0.00	0.00	7.17	7.12
793	0.00	43.00	5.16	5.16	0.33	622039.99	0.00	0.00	19.72	0.00	8.63	22.31	0.00	0.00	7.17	7.12
794	0.00	44.00	5.16	5.16	0.33	622039.99	0.00	0.00	19.72	0.00	8.43	22.79	0.00	0.00	7.17	7.12
795	0.00	45.00	5.16	5.16	0.33	622039.99	0.00	0.00	19.72	0.00	8.24	22.72	0.00	0.00	7.17	7.12
796	0.00	46.00	5.16	5.16	0.33	622039.99	0.00	0.00	19.72	0.00	8.06	22.66	0.00	0.00	7.17	7.12
797	0.00	47.00	5.16	5.16	0.33	622039.99	0.00	0.00	19.72	0.00	7.89	22.36	0.00	0.00	7.17	7.10
798	0.00	48.00	5.16	5.16	0.33	622039.99	0.00	0.00	19.72	0.00	8.32	22.32	0.00	0.00	7.17	7.10
799	0.00	49.00	5.16	5.16	0.33	622039.99	0.00	0.00	19.72	0.00	8.15	22.03	0.00	0.00	7.17	7.08
800	0.00	50.00	5.16	5.16	0.33	622039.99	0.00	0.00	19.72	0.00	7.99	21.70	0.00	0.00	7.17	7.04
801	0.00	51.00	5.16	5.16	0.33	622039.99	0.00	0.00	19.72	0.00	7.83	21.68	0.00	0.00	7.17	7.04
802	0.00	52.00	5.16	5.16	0.33	622039.99	0.00	0.00	19.72	0.00	9.25	22.10	0.00	0.00	7.17	7.04
803	0.00	53.00	5.16	5.16	0.33	622039.99	0.00	0.00	19.72	0.00	9.23	22.06	0.00	0.00	7.17	7.04
804	0.00	54.00	5.16	5.16	0.33	622039.99	0.00	0.00	19.72	0.00	9.06	22.02	0.00	0.00	7.17	7.05
805	0.00	55.00	5.16	5.16	0.33	622039.99	0.00	0.00	19.72	0.00	11.77	22.22	0.00	0.00	7.17	7.05
806	0.00	56.00	5.16	5.16	0.33	622039.99	0.00	0.00	19.72	0.00	14.18	22.42	0.00	0.00	7.17	7.05
807	0.00	57.00	5.16	5.16	0.33	622039.99	0.00	0.00	19.72	0.00	13.93	22.18	0.00	0.00	7.17	7.03
808	0.00	58.00	5.16	5.16	0.33	622039.99	0.00	0.00	19.72	0.00	13.69	22.39	0.00	0.00	7.17	7.02
809	0.00	59.00	5.16	5.16	0.33	622039.99	0.00	0.00	19.72	0.00	13.62	22.35	0.00	0.00	7.17	7.02
810	0.00	60.00	5.16	5.16	0.33	622039.99	0.00	0.00	19.72	0.00	13.39	22.32	0.00	0.00	7.17	7.02
811	0.00	61.00	5.16	5.16	0.33	622039.99	0.00	0.00	19.72	0.00	13.17	22.29	0.00	0.00	7.17	7.03
812	0.00	62.00	5.16	5.16	0.33	622039.99	0.00	0.00	19.72	0.00	12.96	22.24	0.00	0.00	7.17	7.03
813	0.00	63.00	5.16	5.16	0.33	622039.99	0.00	0.00	19.72	0.00	13.21	22.21	0.00	0.00	7.17	7.03
814	0.00	64.00	5.16	5.16	0.33	622039.99	0.00	0.00	19.72	0.00	13.00	22.17	0.00	0.00	7.17	7.03
815	0.00	65.00	5.16	5.16	0.33	622039.99	0.00	0.00	19.72	0.00	12.80	22.14	0.00	0.00	7.17	7.04
816	0.00	66.00	5.16	5.16	0.33	622039.99	0.00	0.00	19.72	0.00	13.26	22.11	0.00	0.00	7.17	7.04
817	0.00	67.00	5.16	5.16	0.33	622039.99	0.00	0.00	19.72	0.00	13.49	22.80	0.00	0.00	7.17	7.04
818	0.00	68.00	5.16	5.16	0.33	622039.99	0.00	0.00	19.72	0.00	13.29	22.50	0.00	0.00	7.17	7.01
819	0.00	69.00	5.16	5.16	0.33	622039.99	0.00	0.00	19.72	0.00	13.10	22.72	0.00	0.00	7.17	7.00
820	0.00	70.00	5.16	5.16	0.33	622039.99	0.00	0.00	19.72	0.00	15.07	23.03	0.00	0.00	7.17	7.00
821	0.00	71.00	5.16	5.16	0.33	622039.99	0.00	0.00	19.72	0.00	14.97	22.88	0.00	0.00	7.17	6.99
822	0.00	72.00	5.16	5.16	0.33	622039.99	0.00	0.00	19.72	0.00	14.76	22.84	0.00	0.00	7.17	6.99
823	0.00	73.00	5.16	5.16	0.33	622039.99	0.00	0.00	19.72	0.00	14.56	22.81	0.00	0.00	7.17	7.00
824	0.00	74.00	5.16	5.16	0.33	622039.99	0.00	0.00	19.72	0.00	14.48	22.76	0.00	0.00	7.17	7.00
825	0.00	25.00	5.16	5.16	0.33	622039.99	0.00	0.00	19.72	0.00	2.00	21.08	0.00	0.00	7.17	7.17
826	0.00	26.00	5.16	5.16	0.33	622039.99	0.00	0.00	19.72	0.00	1.92	21.03	0.00	0.00	7.17	7.17
827	0.00	27.00	5.16	5.16	0.33	622039.99	0.00	0.00	19.72	0.00	1.85	21.02	0.00	0.00	7.17	7.17
828	0.00	28.00	5.16	5.16	0.33	622039.99	0.00	0.00	19.72	0.00	3.70	21.03	0.00	0.00	7.17	7.17
829	0.00	29.00	5.16	5.16	0.33	622039.99	0.00	0.00	19.72	0.00	3.58	21.00	0.00	0.00	7.17	7.17
830	0.00	30.00	5.16	5.16	0.33	622039.99	0.00	0.00	19.72	0.00	3.46	20.96	0.00	0.00	7.17	7.17
831	0.00	31.00	5.16	5.16	0.33	622039.99	0.00	0.00	19.72	0.00	3.35	20.55	0.00	0.00	7.17	7.13
832	0.00	32.00	5.16	5.16	0.33	622039.99	0.00	0.00	19.72	0.00	3.24	20.54	0.00	0.00	7.17	7.13
833	0.00	33.00	5.16	5.16	0.33	622039.99	0.00	0.00	19.72	0.00	3.39	20.51	0.00	0.00	7.17	7.14
834	0.00	34.00	5.16	5.16	0.33	622039.99	0.00	0.00	19.72	0.00	5.40	20.51	0.00	0.00	7.17	7.14
835	0.00	35.00	5.16	5.16	0.33	622039.99	0.00	0.00	19.72	0.00	5.48	20.48	0.00	0.00	7.17	7.14
836	0.00	36.00	5.16	5.16	0.33	622039.99	0.00	0.00	19.72	0.00	5.33	20.46	0.00	0.00	7.17	7.14
837	0.00	37.00	5.16	5.16	0.33	622039.99	0.00	0.00	19.72	0.00	5.19	20.46	0.00	0.00	7.17	7.14
838	0.00	38.00	5.16	5.16	0.33	622039.99	0.00	0.00	19.72	0.00	5.05	20.45	0.00	0.00	7.17	7.14
839	0.00	39.00	5.16	5.16	0.33	622039.99	0.00	0.00	19.72	0.00	4.92	20.43	0.00	0.00	7.17	7.14
840	0.00	40.00	5.16	5.16	0.33	622039.99	0.00	0.00	19.72	0.00	5.00	21.03	0.00	0.00	7.17	7.14
841	0.00	41.00	5.16	5.16	0.33	622039.99	0.00	0.00	19.72	0.00	4.88	21.00	0.00	0.00	7.17	7.14
842	0.00	42.00	5.16	5.16	0.33	622039.99	0.00	0.00	19.72	0.00	4.76	20.98	0.00	0.00	7.17	7.14
843	0.00	43.00	5.16	5.16	0.33	622039.99	0.00	0.00	19.72	0.00	5.55	21.60	0.00	0.00	7.17	7.12
844	0.00	44.00	5.16	5.16	0.33	622039.99	0.00	0.00	19.72	0.00	5.42	21.81	0.00	0.00	7.17	7.10
845	0.00	45.00	5.16	5.16	0.33	622039.99	0.00	0.00	19.72	0.00	5.94	21.78	0.00	0.00	7.17	7.10
846	0.00	46.00	5.16	5.16	0.33	622039.99	0.00	0.00	19.72	0.00	5.98	21.73	0.00	0.00	7.17	7.10
847	0.00	47.00	5.16	5.16	0.33	622039.99	0.00	0.00	19.72	0.00	5.86	21.69	0.00	0.00	7.17	7.10
848	0.00	48.00	5.16	5.16	0.33	622039.99	0.00	0.00	19.72	0.00	6.64	22.16	0.00	0.00	7.17	7.10
849	0.00	49.00	5.16	5.16	0.33	622039.99	0.00	0.00	19.72	0.00	6.50	22.68	0.00	0.00	7.17	7.08
850	0.00	50.00	5.16	5.16	0.33	622039.99	0.00	0.00	19.72	0.00	6.37	22.63	0.00	0.00	7.17	7.08
851	0.00	51.00	5.16	5.16	0.33	622039.99	0.00	0.00	19.72	0.00	6.25	22.53	0.00	0.00	7.17	7.07
852	0.00	52.00	5.16	5.16	0.33	622039.99	0.00	0.00	19.72	0.00	6.13	22.61	0.00	0.00	7.17	7.05
853	0.00	53.00	5.16	5.16	0.33	622039.99	0.00	0.00	19.72	0.00	6.01	22.56	0.00	0.00	7.17	7.05
854	0.00	54.00	5.16	5.16	0.33	622039.99	0.00	0.00	19.72	0.00	5.90	22.51	0.00	0.00	7.17	7.05
855	0.00	55.00	5.16	5.16	0.33	622039.99	0.00	0.00	19.72	0.00	6.77	22.48	0.00	0.00	7.17	7.05
856	0.00	56.00	5.16	5.16	0.33	622039.99	0.00	0.00	19.72	0.00	6.65	23.20	0.00	0.00	7.17	7.04
857	0.00	57.00	5.16	5.16	0.33	622039.99	0.00	0.00	19.72	0.00	6.53	23.15	0.00	0.00	7.17	7.04
858	0.00	58.00	5.16	5.16	0.33	622039.99	0.00	0.00	19.72	0.00	6.56	23.10	0.00	0.00	7.17	7.04
859	0.00	59.00	5.16	5.16	0.33	622039.99	0.00	0.00	19.72	0.00	6.45	22.89	0.00	0.00	7.17	7.03
860	0.00	60.00	5.16	5.16	0.33	622039.99	0.00	0.00	19.72	0.00	6.34	22.85	0.00	0.00	7.17	7.03
861	0.00	61.00	5.16	5.16	0.33	622039.99	0.00	0.00	19.72	0.00	6.70	22.82	0.00	0.00	7.17	7.03
862	0.00	62.00	5.16	5.16	0.33	622039.99	0.00	0.00	19.72	0.00	6.60	22.59	0.00	0.00	7.17	7.02
863	0.00	63.00	5.16	5.16	0.33	622039.99	0.00	0.00	19.72	0.00	6.49	22.55	0.00	0.00	7.17	7.02
864	0.00	64.00	5.16	5.16	0.33	622039.99	0.00	0.00	19.72	0.00	6.39	22.50	0.00	0.00	7.17	7.02
865	0.00	65.00	5.16	5.16	0.33	622039.99	0.00	0.00	19.72	0.00	6.29	22.46	0.00	0.00	7.17	7.02
866	0.00	66.00	5.16	5.16	0.33	622039.99	0.00	0.00	19.72	0.00	6.20	22.42	0.00	0.00	7.17	7.03
867	0.00	67.00	5.16	5.16	0.33	622039.99	0.00	0.00	19.72	0.00	6.10	22.38	0.00	0.00	7.17	7.03
868	0.00	68.00	5.16	5.16	0.33	622039.99	0.00	0.00	19.72	0.00	6.58	22.34	0.00	0.00	7.17	7.03
869	0.00	69.00	5.16	5.16	0.33	622039.99	0.00	0.00	19.72	0.00	6.48	22.19	0.00	0.00	7.17	7.02
870	0.00	70.00	5.16	5.16	0.33	622039.99	0.00	0.00	19.72	0.00	6.39	22.15	0.00	0.00	7.17	7.02
871	0.00	71.00	5.16	5.16	0.33	622039.99	0.00	0.00	19.72	0.00	6.45	22.41	0.00	0.00	7.17	7.01
872	0.00	72.00	5.16	5.16	0.33	622039.99	0.00	0.00	19.72	0.00	8.03	22.43	0.00	0.00	7.17	7.01
873	0.00	73.00	5.16	5.16	0.33	622039.99	0.00	0.00	19.72	0.00	8.04	22.40	0.00	0.00	7.17	7.01
874	0.00	74.00	5.16	5.16	0.33	622039.99	0.00	0.00	19.72	0.00	7.93	22.29	0.00	0.00	7.17	7.00
875	0.00	25.00	5.16	5.16	0.33	622039.99	0.00	0.00	19.72	0.00	2.33	21.08	0.00	0.00	7.17	7.17
876	0.00	26.00	5.16	5.16	0.33	622039.99	0.00	0.00	19.72	0.00	2.24	21.05	0.00	0.00	7.17	7.17
877	0.00	27.00	5.16	5.16	0.33	622039.99	0.00	0.00	19.72	0.00	2.16	21.95	0.00	0.00	7.17	7.17
878	0.00	28.00	5.16	5.16	0.33	622039.99	0.00	0.00	19.72	0.00	2.08	21.89	0.00	0.00	7.17	7.17
879	0.00	29.00	5.16	5.16	0.33	622039.99	0.00	0.00	19.72	0.00	2.01	21.41	0.00	0.00	7.17	7.13
880	0.00	30.00	5.16	5.16	0.33	622039.99	0.00	0.00	19.72	0.00	1.94	21.36	0.00	0.00	7.17	7.13
881	0.00	31.00	5.16	5.16	0.33	622039.99	0.00	0.00	19.72	0.00	38.38	32.48	0.00	0.00	7.17	6.92
882	0.00	32.00	6.19	6.19	0.28	622060.34	0.00	0.00	19.72	0.00	40.47	32.12	0.00	0.00	7.17	6.92
883	0.00	33.00	6.19	6.19	0.28	622060.34	0.00	0.00	19.72	0.00	39.25	31.77	0.00	0.00	7.17	6.93
884	0.00	34.00	6.19	6.19	0.28	622060.34	0.00	0.00	19.72	0.00	38.33	31.43	0.00	0.00	7.17	6.94
885	0.00	35.00	6.19	6.19	0.28	622060.34	0.00	0.00	19.72	0.00	37.24	31.11	0.00	0.00	7.17	6.94
886	0.00	36.00	6.19	6.19	0.28	622060.34	0.00	0.00	19.72	0.00	39.13	30.84	0.00	0.00	7.17	6.95
887	0.00	37.00	6.19	6.19	0.28	622060.34	0.00	0.00	19.72	0.00	38.29	30.58	0.00	0.00	7.17	6.96
888	0.00	38.00	6.19	6.19	0.28	622060.34	0.00	0.00	19.72	0.00	37.50	30.30	0.00	0.00	7.17	6.96
889	0.00	39.00	6.19	6.19	0.28	622060.34	0.00	0.00	19.72	0.00	39.24	30.07	0.00	0.00	7.17	6.97
890	0.00	40.00	6.19	6.19	0.28	622060.34	0.00	0.00	19.72	0.00	38.26	29.82	0.00	0.00	7.17	6.95
891	0.00	41.00	6.19	6.19	0.28	622060.34	0.00	0.00	19.72	0.00	37.32	29.70	0.00	0.00	7.17	6.91
892	0.00	42.00	6.19	6.19	0.28	622060.34	0.00	0.00	19.72	0.00	36.63	29.48	0.00	0.00	7.17	6.91
893	0.00	43.00	6.19	6.19	0.28	622060.34	0.00	0.00	19.72	0.00	35.78	29.27	0.00	0.00	7.17	6.90
894	0.00	44.00	6.19	6.19	0.28	622060.34	0.00	0.00	19.72	0.00	35.15	29.06	0.00	0.00	7.17	6.88
895	0.00	45.00	6.19	6.19	0.28	622060.34	0.00	0.00	19.72	0.00	40.38	29.69	0.00	0.00	7.17	6.89
896	0.00	46.00	6.19	6.19	0.28	622060.34	0.00	0.00	19.72	0.00	39.50	29.47	0.00	0.00	7.17	6.89
897	0.00	47.00	6.19	6.19	0.28	622060.34	0.00	0.00	19.72	0.00	38.84	29.27	0.00	0.00	7.17	6.90
898	0.00	48.00	6.19	6.19	0.28	622060.34	0.00	0.00	19.72	0.00	44.39	30.47	0.00	0.00	7.17	6.88
899	0.00	49.00	6.19	6.19	0.28	622060.34	0.00	0.00	19.72	0.00	43.49	30.06	0.00	0.00	7.17	6.85
900	0.00	50.00	6.19	6.19	0.28	622060.34	0.00	0.00	19.72	0.00	42.62	30.03	0.00	0.00	7.17	6.82
901	0.00	51.00	6.19	6.19	0.28	622060.34	0.00	0.00	19.72	0.00	41.94	29.84	0.00	0.00	7.17	6.83
902	0.00	52.00	6.19	6.19	0.28	622060.34	0.00	0.00	19.72	0.00	41.88	29.65	0.00	0.00	7.17	6.84
903	0.00	53.00	6.19	6.19	0.28	622060.34	0.00	0.00	19.72	0.00	41.09	29.82	0.00	0.00	7.17	6.80
904	0.00	54.00	6.19	6.19	0.28	622060.34	0.00	0.00	19.72	0.00	40.32	30.41	0.00	0.00	7.17	6.77
905	0.00	55.00	6.19	6.19	0.28	622060.34	0.00	0.00	19.72	0.00	39.74	30.24	0.00	0.00	7.17	6.78
906	0.00	56.00	6.19	6.19	0.28	622060.34	0.00	0.00	19.72	0.00	39.18	30.06	0.00	0.00	7.17	6.78
907	0.00	57.00	6.19	6.19	0.28	622060.34	0.00	0.00	19.72	0.00	38.99	30.73	0.00	0.00	7.17	6.79
908	0.00	58.00	6.19	6.19	0.28	622060.34	0.00	0.00	19.72	0.00	38.32	30.38	0.00	0.00	7.17	6.77
909	0.00	59.00	6.19	6.19	0.28	622060.34	0.00	0.00	19.72	0.00	37.67	30.21	0.00	0.00	7.17	6.77
910	0.00	60.00	6.19	6.19	0.28	622060.34	0.00	0.00	19.72	0.00	37.04	30.04	0.00	0.00	7.17	6.78
911	0.00	61.00	6.19	6.19	0.28	622060.34	0.00	0.00	19.72	0.00	36.43	29.72	0.00	0.00	7.17	6.77
912	0.00	62.00	6.19	6.19	0.28	622060.34	0.00	0.00	19.72	0.00	35.85	29.28	0.00	0.00	7.17	6.74
913	0.00	63.00	6.19	6.19	0.28	622060.34	0.00	0.00	19.72	0.00	35.57	29.14	0.00	0.00	7.17	6.74
914	0.00	64.00	6.19	6.19	0.28	622060.34	0.00	0.00	19.72	0.00	35.62	29.74	0.00	0.00	7.17	6.75
915	0.00	65.00	6.19	6.19	0.28	622060.34	0.00	0.00	19.72	0.00	35.07	29.59	0.00	0.00	7.17	6.76
916	0.00	66.00	6.19	6.19	0.28	622060.34	0.00	0.00	19.72	0.00	34.66	29.45	0.00	0.00	7.17	6.76
917	0.00	67.00	6.19	6.19	0.28	622060.34	0.00	0.00	19.72	0.00	34.14	29.59	0.00	0.00	7.17	6.73
918	0.00	68.00	6.19	6.19	0.28	622060.34	0.00	0.00	19.72	0.00	33.76	29.45	0.00	0.00	7.17	6.74
919	0.00	69.00	6.19	6.19	0.28	622060.34	0.00	0.00	19.72	0.00	33.27	29.32	0.00	0.00	7.17	6.75
920	0.00	70.00	6.19	6.19	0.28	622060.34	0.00	0.00	19.72	0.00	32.80	29.19	0.00	0.00	7.17	6.75
921	0.00	71.00	6.19	6.19	0.28	622060.34	0.00	0.00	19.72	0.00	32.48	29.07	0.00	0.00	7.17	6.76
922	0.00	72.00	6.19	6.19	0.28	622060.34	0.00	0.00	19.72	0.00	32.03	28.96	0.00	0.00	7.17	6.76
923	0.00	73.00	6.19	6.19	0.28	622060.34	0.00	0.00	19.72	0.00	31.70	28.85	0.00	0.00	7.17	6.77
924	0.00	74.00	6.19	6.19	0.28	622060.34	0.00	0.00	19.72	0.00	33.29	28.97	0.00	0.00	7.17	6.76
925	0.00	25.00	6.19	6.19	0.28	622060.34	0.00	0.00	19.72	0.00	7.94	21.69	0.00	0.00	7.17	7.17
926	0.00	26.00	6.19	6.19	0.28	622060.34	0.00	0.00	19.72	0.00	7.64	21.63	0.00	0.00	7.17	7.17
927	0.00	27.00	6.19	6.19	0.28	622060.34	0.00	0.00	19.72	0.00	7.36	22.91	0.00	0.00	7.17	7.13
928	0.00	28.00	6.19	6.19	0.28	622060.34	0.00	0.00	19.72	0.00	7.46	22.60	0.00	0.00	7.17	7.09
929	0.00	29.00	6.19	6.19	0.28	622060.34	0.00	0.00	19.72	0.00	7.21	22.52	0.00	0.00	7.17	7.10
930	0.00	30.00	6.19	6.19	0.28	622060.34	0.00	0.00	19.72	0.00	6.97	22.45	0.00	0.00	7.17	7.10
931	0.00	31.00	6.19	6.19	0.28	622060.34	0.00	0.00	19.72	0.00	6.74	22.38	0.00	0.00	7.17	7.10
932	0.00	32.00	6.19	6.19	0.28	622060.34	0.00	0.00	19.72	0.00	6.53	22.29	0.00	0.00	7.17	7.10
933	0.00	33.00	6.19	6.19	0.28	622060.34	0.00	0.00	19.72	0.00	9.52	22.29	0.00	0.00	7.17	7.10
934	0.00	34.00	6.19	6.19	0.28	622060.34	0.00	0.00	19.72	0.00	9.24	22.23	0.00	0.00	7.17	7.11
935	0.00	35.00	6.19	6.19	0.28	622060.34	0.00	0.00	19.72	0.00	9.21	23.56	0.00	0.00	7.17	7.11
936	0.00	36.00	6.19	6.19	0.28	622060.34	0.00	0.00	19.72	0.00	8.96	23.45	0.00	0.00	7.17	7.11
937	0.00	37.00	6.19	6.19	0.28	622060.34	0.00	0.00	19.72	0.00	8.71	23.37	0.00	0.00	7.17	7.11
938	0.00	38.00	6.19	6.19	0.28	622060.34	0.00	0.00	19.72	0.00	8.49	23.27	0.00	0.00	7.17	7.11
939	0.00	39.00	6.19	6.19	0.28	622060.34	0.00	0.00	19.72	0.00	8.27	23.19	0.00	0.00	7.17	7.11
940	0.00	40.00	6.19	6.19	0.28	622060.34	0.00	0.00	19.72	0.00	8.06	23.12	0.00	0.00	7.17	7.12
941	0.00	41.00	6.19	6.19	0.28	622060.34	0.00	0.00	19.72	0.00	7.86	24.21	0.00	0.00	7.17	7.12
942	0.00	42.00	6.19	6.19	0.28	622060.34	0.00	0.00	19.72	0.00	7.68	24.11	0.00	0.00	7.17	7.12
943	0.00	43.00	6.19	6.19	0.28	622060.34	0.00	0.00	19.72	0.00	7.50	24.86	0.00	0.00	7.17	7.10
944	0.00	44.00	6.19	6.19	0.28	622060.34	0.00	0.00	19.72	0.00	7.33	24.75	0.00	0.00	7.17	7.10
945	0.00	45.00	6.19	6.19	0.28	622060.34	0.00	0.00	19.72	0.00	7.17	24.64	0.00	0.00	7.17	7.10
946	0.00	46.00	6.19	6.19	0.28	622060.34	0.00	0.00	19.72	0.00	9.30	25.06	0.00	0.00	7.17	7.10
947	0.00	47.00	6.19	6.19	0.28	622060.34	0.00	0.00	19.72	0.00	9.10	25.04	0.00	0.00	7.17	7.05
948	0.00	48.00	6.19	6.19	0.28	622060.34	0.00	0.00	19.72	0.00	8.91	24.94	0.00	0.00	7.17	7.05
949	0.00	49.00	6.19	6.19	0.28	622060.34	0.00	0.00	19.72	0.00	8.73	24.84	0.00	0.00	7.17	7.06
950	0.00	50.00	6.19	6.19	0.28	622060.34	0.00	0.00	19.72	0.00	8.76	24.74	0.00	0.00	7.17	7.06
951	0.00	51.00	6.19	6.19	0.28	622060.34	0.00	0.00	19.72	0.00	8.59	24.65	0.00	0.00	7.17	7.06
952	0.00	52.00	6.19	6.19	0.28	622060.34	0.00	0.00	19.72	0.00	8.43	24.57	0.00	0.00	7.17	7.06
953	0.00	53.00	6.19	6.19	0.28	622060.34	0.00	0.00	19.72	0.00	8.27	24.48	0.00	0.00	7.17	7.06
954	0.00	54.00	6.19	6.19	0.28	622060.34	0.00	0.00	19.72	0.00	8.11	24.39	0.00	0.00	7.17	7.07
955	0.00	55.00	6.19	6.19	0.28	622060.34	0.00	0.00	19.72	0.00	8.49	24.32	0.00	0.00	7.17	7.07
956	0.00	56.00	6.19	6.19	0.28	622060.34	0.00	0.00	19.72	0.00	8.33	24.25	0.00	0.00	7.17	7.07
957	0.00	57.00	6.19	6.19	0.28	622060.34	0.00	0.00	19.72	0.00	8.35	24.12	0.00	0.00	7.17	7.05
958	0.00	58.00	6.19	6.19	0.28	622060.34	0.00	0.00	19.72	0.00	8.35	24.06	0.00	0.00	7.17	7.05
959	0.00	59.00	6.19	6.19	0.28	622060.34	0.00	0.00	19.72	0.00	8.21	24.28	0.00	0.00	7.17	7.04
960	0.00	60.00	6.19	6.19	0.28	622060.34	0.00	0.00	19.72	0.00	8.07	24.21	0.00	0.00	7.17	7.04
961	0.00	61.00	6.19	6.19	0.28	622060.34	0.00	0.00	19.72	0.00	7.94	24.14	0.00	0.00	7.17	7.04
962	0.00	62.00	6.19	6.19	0.28	622060.34	0.00	0.00	19.72	0.00	7.81	24.08	0.00	0.00	7.17	7.05
963	0.00	63.00	6.19	6.19	0.28	622060.34	0.00	0.00	19.72	0.00	7.68	24.02	0.00	0.00	7.17	7.05
964	0.00	64.00	6.19	6.19	0.28	622060.34	0.00	0.00	19.72	0.00	7.56	23.96	0.00	0.00	7.17	7.05
965	0.00	65.00	6.19	6.19	0.28	622060.34	0.00	0.00	19.72	0.00	8.11	23.90	0.00	0.00	7.17	7.05
966	0.00	66.00	6.19	6.19	0.28	622060.34	0.00	0.00	19.72	0.00	7.99	24.46	0.00	0.00	7.17	7.04
967	0.00	67.00	6.19	6.19	0.28	622060.34	0.00	0.00	19.72	0.00	7.87	24.39	0.00	0.00	7.17	7.04
968	0.00	68.00	6.19	6.19	0.28	622060.34	0.00	0.00	19.72	0.00	7.76	24.32	0.00	0.00	7.17	7.04
969	0.00	69.00	6.19	6.19	0.28	622060.34	0.00	0.00	19.72	0.00	7.64	24.10	0.00	0.00	7.17	7.03
970	0.00	70.00	6.19	6.19	0.28	622060.34	0.00	0.00	19.72	0.00	7.53	23.89	0.00	0.00	7.17	7.02
971	0.00	71.00	6.19	6.19	0.28	622060.34	0.00	0.00	19.72	0.00	7.57	23.83	0.00	0.00	7.17	7.02
972	0.00	72.00	6.19	6.19	0.28	622060.34	0.00	0.00	19.72	0.00	8.07	23.78	0.00	0.00	7.17	7.02
973	0.00	73.00	6.19	6.19	0.28	622060.34	0.00	0.00	19.72	0.00	7.96	23.73	0.00	0.00	7.17	7.02
974	0.00	74.00	6.19	6.19	0.28	622060.34	0.00	0.00	19.72	0.00	7.85	23.67	0.00	0.00	7.17	7.02
975	0.00	25.00	6.19	6.19	0.28	622060.34	0.00	0.00	19.72	0.00	7.94	21.69	0.00	0.00	7.17	7.17
976	0.00	26.00	6.19	6.19	0.28	622060.34	0.00	0.00	19.72	0.00	9.30	21.61	0.00	0.00	7.17	7.17
977	0.00	27.00	6.19	6.19	0.28	622060.34	0.00	0.00	19.72	0.00	8.96	21.54	0.00	0.00	7.17	7.17
978	0.00	28.00	6.19	6.19	0.28	622060.34	0.00	0.00	19.72	0.00	8.64	21.27	0.00	0.00	7.17	7.13
979	0.00	29.00	6.19	6.19	0.28	622060.34	0.00	0.00	19.72	0.00	8.34	21.22	0.00	0.00	7.17	7.13
980	0.00	30.00	6.19	6.19	0.28	622060.34	0.00	0.00	19.72	0.00	8.06	21.18	0.00	0.00	7.17	7.13
981	0.00	31.00	6.19	6.19	0.28	622060.34	0.00	0.00	19.72	0.00	7.80	21.15	0.00	0.00	7.17	7.13
982	0.00	32.00	7.43	7.43	0.24	622084.76	0.00	0.00	19.72	0.00	7.56	21.13	0.00	0.00	7.17	7.13
983	0.00	33.00	7.43	7.43	0.24	622084.76	0.00	0.00	19.72	0.00	8.89	21.10	0.00	0.00	7.17	7.14
984	0.00	34.00	7.43	7.43	0.24	622084.76	0.00	0.00	19.72	0.00	8.63	21.06	0.00	0.00	7.17	7.14
985	0.00	35.00	7.43	7.43	0.24	622084.76	0.00	0.00	19.72	0.00	12.37	21.09	0.00	0.00	7.17	7.14
986	0.00	36.00	7.43	7.43	0.24	622084.76	0.00	0.00	19.72	0.00	16.22	21.73	0.00	0.00	7.17	7.14
987	0.00	37.00	7.43	7.43	0.24	622084.76	0.00	0.00	19.72	0.00	16.55	22.99	0.00	0.00	7.17	7.14
988	0.00	38.00	7.43	7.43	0.24	622084.76	0.00	0.00	19.72	0.00	16.12	22.90	0.00	0.00	7.17	7.14
989	0.00	39.00	7.43	7.43	0.24	622084.76	0.00	0.00	19.72	0.00	15.97	22.82	0.00	0.00	7.17	7.14
990	0.00	40.00	7.43	7.43	0.24	622084.76	0.00	0.00	19.72	0.00	15.57	22.74	0.00	0.00	7.17	7.14
991	0.00	41.00	7.43	7.43	0.24	622084.76	0.00	0.00	19.72	0.00	15.39	22.67	0.00	0.00	7.17	7.14
992	0.00	42.00	7.43	7.43	0.24	622084.76	0.00	0.00	19.72	0.00	15.03	22.46	0.00	0.00	7.17	7.12
993	0.00	43.00	7.43	7.43	0.24	622084.76	0.00	0.00	19.72	0.00	15.68	22.99	0.00	0.00	7.17	7.12
994	0.00	44.00	7.43	7.43	0.24	622084.76	0.00	0.00	19.72	0.00	15.33	22.85	0.00	0.00	7.17	7.10
995	0.00	45.00	7.43	7.43	0.24	622084.76	0.00	0.00	19.72	0.00	19.05	22.81	0.00	0.00	7.17	7.10
996	0.00	46.00	7.43	7.43	0.24	622084.76	0.00	0.00	19.72	0.00	23.56	23.82	0.00	0.00	7.17	7.10
997	0.00	47.00	7.43	7.43	0.24	622084.76	0.00	0.00	19.72	0.00	23.06	23.50	0.00	0.00	7.17	7.08
998	0.00	48.00	7.43	7.43	0.24	622084.76	0.00	0.00	19.72	0.00	22.75	23.42	0.00	0.00	7.17	7.08
999	0.00	49.00	7.43	7.43	0.24	622084.76	0.00	0.00	19.72	0.00	22.28	23.35	0.00	0.00	7.17	7.08
1000	0.00	50.00	7.43	7.43	0.24	622084.76	0.00	0.00	19.72	0.00	23.94	24.28	0.00	0.00	7.17	7.08
