some parameters
Gen.	# feasible solutions	# infeasible solutions	cap. penality	dur. penality	num. penality	best penalized cost	best feasible cost	best cap. violation	best dur. violation	best num. violation	avg cap. violation	avg dur. violation	avg num. violation	Gap from BKS
1	3.00	48.00	850.00	12000.00	42500.00	682935.71	713075.37	0.00	3.75	0.00	0.00	23.72	0.00	0.48
2	3.00	49.00	850.00	12000.00	42500.00	682935.71	713075.37	0.00	3.75	0.00	0.00	23.32	0.00	0.48
3	3.00	50.00	850.00	12000.00	42500.00	682935.71	713075.37	0.00	3.75	0.00	0.00	23.00	0.00	0.48
4	3.00	51.00	850.00	12000.00	42500.00	682935.71	713075.37	0.00	3.75	0.00	0.00	23.00	0.00	0.48
5	3.00	52.00	850.00	12000.00	42500.00	682935.71	713075.37	0.00	3.75	0.00	0.00	22.80	0.00	0.48
6	3.00	53.00	850.00	12000.00	42500.00	682935.71	713075.37	0.00	3.75	0.00	0.00	22.59	0.00	0.48
7	3.00	54.00	850.00	12000.00	42500.00	682935.71	713075.37	0.00	3.75	0.00	0.00	22.28	0.00	0.48
8	4.00	54.00	850.00	12000.00	42500.00	682935.71	713075.37	0.00	3.75	0.00	0.00	21.89	0.00	0.48
9	5.00	54.00	850.00	12000.00	42500.00	682935.71	713075.37	0.00	3.75	0.00	0.00	21.52	0.00	0.48
10	5.00	55.00	850.00	12000.00	42500.00	682935.71	713075.37	0.00	3.75	0.00	0.00	21.26	0.00	0.48
11	5.00	56.00	850.00	12000.00	42500.00	682935.71	713075.37	0.00	3.75	0.00	0.00	21.04	0.00	0.48
12	5.00	57.00	850.00	12000.00	42500.00	682935.71	713075.37	0.00	3.75	0.00	0.00	21.02	0.00	0.48
13	5.00	58.00	850.00	12000.00	42500.00	682935.71	713075.37	0.00	3.75	0.00	0.00	20.74	0.00	0.48
14	5.00	59.00	850.00	12000.00	42500.00	682935.71	713075.37	0.00	3.75	0.00	0.00	20.62	0.00	0.48
15	5.00	60.00	850.00	12000.00	42500.00	682935.71	713075.37	0.00	3.75	0.00	0.00	20.35	0.00	0.48
16	5.00	61.00	850.00	12000.00	42500.00	682935.71	713075.37	0.00	3.75	0.00	0.00	20.39	0.00	0.48
17	5.00	62.00	850.00	12000.00	42500.00	682935.71	713075.37	0.00	3.75	0.00	0.00	20.31	0.00	0.48
18	5.00	63.00	850.00	12000.00	42500.00	682935.71	713075.37	0.00	3.75	0.00	0.00	20.03	0.00	0.48
19	5.00	64.00	850.00	12000.00	42500.00	682935.71	713075.37	0.00	3.75	0.00	0.00	19.85	0.00	0.48
20	5.00	65.00	850.00	12000.00	42500.00	682935.71	713075.37	0.00	3.75	0.00	0.00	19.61	0.00	0.48
21	5.00	66.00	850.00	12000.00	42500.00	682935.71	713075.37	0.00	3.75	0.00	0.00	19.46	0.00	0.48
22	5.00	67.00	850.00	12000.00	42500.00	682935.71	713075.37	0.00	3.75	0.00	0.00	19.23	0.00	0.48
23	5.00	68.00	850.00	12000.00	42500.00	682935.71	713075.37	0.00	3.75	0.00	0.00	19.20	0.00	0.48
24	5.00	69.00	850.00	12000.00	42500.00	682935.71	713075.37	0.00	3.75	0.00	0.00	19.48	0.00	0.48
25	5.00	70.00	850.00	12000.00	42500.00	682935.71	713075.37	0.00	3.75	0.00	0.00	19.43	0.00	0.48
26	5.00	71.00	850.00	12000.00	42500.00	682935.71	713075.37	0.00	3.75	0.00	0.00	19.22	0.00	0.48
27	5.00	72.00	850.00	12000.00	42500.00	682935.71	713075.37	0.00	3.75	0.00	0.00	19.23	0.00	0.48
28	5.00	73.00	850.00	12000.00	42500.00	682935.71	713075.37	0.00	3.75	0.00	0.00	19.02	0.00	0.48
29	5.00	74.00	850.00	12000.00	42500.00	682935.71	713075.37	0.00	3.75	0.00	0.00	18.82	0.00	0.48
30	5.00	25.00	850.00	12000.00	42500.00	682935.71	713075.37	0.00	3.75	0.00	0.00	10.95	0.00	0.48
31	5.00	26.00	850.00	12000.00	42500.00	682935.71	713075.37	0.00	3.75	0.00	0.00	10.83	0.00	0.48
32	6.00	26.00	850.00	12000.00	42500.00	682935.71	713075.37	0.00	3.75	0.00	0.00	10.49	0.00	0.48
33	6.00	27.00	850.00	12000.00	42500.00	682935.71	713075.37	0.00	3.75	0.00	0.00	10.66	0.00	0.48
34	6.00	28.00	850.00	12000.00	42500.00	682935.71	713075.37	0.00	3.75	0.00	0.00	10.74	0.00	0.48
35	6.00	29.00	850.00	12000.00	42500.00	682935.71	713075.37	0.00	3.75	0.00	0.00	10.87	0.00	0.48
36	6.00	30.00	850.00	12000.00	42500.00	682935.71	713075.37	0.00	3.75	0.00	0.00	10.65	0.00	0.48
37	6.00	31.00	850.00	12000.00	42500.00	682935.71	713075.37	0.00	3.75	0.00	0.00	10.66	0.00	0.48
38	6.00	32.00	850.00	12000.00	42500.00	682935.71	713075.37	0.00	3.75	0.00	0.00	10.59	0.00	0.48
39	6.00	33.00	850.00	12000.00	42500.00	682935.71	713075.37	0.00	3.75	0.00	0.00	10.98	0.00	0.48
40	6.00	34.00	850.00	12000.00	42500.00	682935.71	713075.37	0.00	3.75	0.00	0.00	11.05	0.00	0.48
41	6.00	35.00	850.00	12000.00	42500.00	682935.71	713075.37	0.00	3.75	0.00	0.00	11.35	0.00	0.48
42	6.00	36.00	850.00	12000.00	42500.00	682935.71	713075.37	0.00	3.75	0.00	0.00	11.27	0.00	0.48
43	6.00	37.00	850.00	12000.00	42500.00	682935.71	713075.37	0.00	3.75	0.00	0.00	11.39	0.00	0.48
44	6.00	38.00	850.00	12000.00	42500.00	682935.71	713075.37	0.00	3.75	0.00	0.00	11.90	0.00	0.48
45	6.00	39.00	850.00	12000.00	42500.00	682935.71	713075.37	0.00	3.75	0.00	0.00	11.88	0.00	0.48
46	7.00	39.00	850.00	12000.00	42500.00	682935.71	713075.37	0.00	3.75	0.00	0.00	11.62	0.00	0.48
47	8.00	39.00	850.00	12000.00	42500.00	682935.71	713075.37	0.00	3.75	0.00	0.00	11.37	0.00	0.48
48	9.00	39.00	850.00	12000.00	42500.00	682935.71	713075.37	0.00	3.75	0.00	0.00	11.14	0.00	0.48
49	9.00	40.00	850.00	12000.00	42500.00	682935.71	713075.37	0.00	3.75	0.00	0.00	11.13	0.00	0.48
50	9.00	41.00	850.00	12000.00	42500.00	682935.71	713075.37	0.00	3.75	0.00	0.00	11.24	0.00	0.48
51	9.00	42.00	850.00	12000.00	42500.00	682935.71	713075.37	0.00	3.75	0.00	0.00	11.22	0.00	0.48
52	9.00	43.00	850.00	12000.00	42500.00	668392.55	713075.37	0.00	3.75	0.00	0.00	11.07	0.00	0.48
53	10.00	43.00	850.00	12000.00	42500.00	623392.55	623392.55	0.00	0.00	0.00	0.00	10.87	0.00	0.30
54	10.00	44.00	850.00	12000.00	42500.00	623392.55	623392.55	0.00	0.00	0.00	0.00	10.78	0.00	0.30
55	10.00	45.00	850.00	12000.00	42500.00	623392.55	623392.55	0.00	0.00	0.00	0.00	10.79	0.00	0.30
56	10.00	46.00	850.00	12000.00	42500.00	623392.55	623392.55	0.00	0.00	0.00	0.00	10.95	0.00	0.30
57	11.00	46.00	850.00	12000.00	42500.00	623392.55	623392.55	0.00	0.00	0.00	0.00	10.76	0.00	0.30
58	11.00	47.00	850.00	12000.00	42500.00	623392.55	623392.55	0.00	0.00	0.00	0.00	10.77	0.00	0.30
59	11.00	48.00	850.00	12000.00	42500.00	623392.55	623392.55	0.00	0.00	0.00	0.00	11.04	0.00	0.30
60	12.00	48.00	850.00	12000.00	42500.00	623392.55	623392.55	0.00	0.00	0.00	0.00	10.86	0.00	0.30
61	12.00	49.00	850.00	12000.00	42500.00	623392.55	623392.55	0.00	0.00	0.00	0.00	10.73	0.00	0.30
62	12.00	50.00	850.00	12000.00	42500.00	623392.55	623392.55	0.00	0.00	0.00	0.00	10.78	0.00	0.30
63	12.00	51.00	850.00	12000.00	42500.00	623392.55	623392.55	0.00	0.00	0.00	0.00	10.82	0.00	0.30
64	13.00	51.00	850.00	12000.00	42500.00	623392.55	623392.55	0.00	0.00	0.00	0.00	10.65	0.00	0.30
65	13.00	52.00	850.00	12000.00	42500.00	623392.55	623392.55	0.00	0.00	0.00	0.00	10.78	0.00	0.30
66	14.00	52.00	850.00	12000.00	42500.00	623392.55	623392.55	0.00	0.00	0.00	0.00	10.61	0.00	0.30
67	14.00	53.00	850.00	12000.00	42500.00	623392.55	623392.55	0.00	0.00	0.00	0.00	10.61	0.00	0.30
68	14.00	54.00	850.00	12000.00	42500.00	623392.55	623392.55	0.00	0.00	0.00	0.00	11.00	0.00	0.30
69	14.00	55.00	850.00	12000.00	42500.00	623392.55	623392.55	0.00	0.00	0.00	0.00	11.02	0.00	0.30
70	14.00	56.00	850.00	12000.00	42500.00	623392.55	623392.55	0.00	0.00	0.00	0.00	10.98	0.00	0.30
71	14.00	57.00	850.00	12000.00	42500.00	623392.55	623392.55	0.00	0.00	0.00	0.00	11.09	0.00	0.30
72	14.00	58.00	850.00	12000.00	42500.00	623392.55	623392.55	0.00	0.00	0.00	0.00	11.31	0.00	0.30
73	14.00	59.00	850.00	12000.00	42500.00	623392.55	623392.55	0.00	0.00	0.00	0.00	11.26	0.00	0.30
74	15.00	59.00	850.00	12000.00	42500.00	623392.55	623392.55	0.00	0.00	0.00	0.00	11.10	0.00	0.30
75	16.00	59.00	850.00	12000.00	42500.00	623392.55	623392.55	0.00	0.00	0.00	0.00	10.96	0.00	0.30
76	16.00	60.00	850.00	12000.00	42500.00	623392.55	623392.55	0.00	0.00	0.00	0.00	11.42	0.00	0.30
77	17.00	60.00	850.00	12000.00	42500.00	623392.55	623392.55	0.00	0.00	0.00	0.00	11.27	0.00	0.30
78	18.00	60.00	850.00	12000.00	42500.00	623392.55	623392.55	0.00	0.00	0.00	0.00	11.12	0.00	0.30
79	18.00	61.00	850.00	12000.00	42500.00	623392.55	623392.55	0.00	0.00	0.00	0.00	11.24	0.00	0.30
80	18.00	62.00	850.00	12000.00	42500.00	623392.55	623392.55	0.00	0.00	0.00	0.00	11.41	0.00	0.30
81	18.00	63.00	850.00	12000.00	42500.00	623392.55	623392.55	0.00	0.00	0.00	0.00	11.41	0.00	0.30
82	18.00	64.00	850.00	12000.00	42500.00	623392.55	623392.55	0.00	0.00	0.00	0.00	11.56	0.00	0.30
83	18.00	65.00	850.00	12000.00	42500.00	623392.55	623392.55	0.00	0.00	0.00	0.00	11.70	0.00	0.30
84	18.00	66.00	850.00	12000.00	42500.00	623392.55	623392.55	0.00	0.00	0.00	0.00	11.67	0.00	0.30
85	19.00	66.00	850.00	12000.00	42500.00	623392.55	623392.55	0.00	0.00	0.00	0.00	11.53	0.00	0.30
86	19.00	67.00	850.00	12000.00	42500.00	623392.55	623392.55	0.00	0.00	0.00	0.00	11.47	0.00	0.30
87	19.00	68.00	850.00	12000.00	42500.00	623392.55	623392.55	0.00	0.00	0.00	0.00	11.58	0.00	0.30
88	19.00	69.00	850.00	12000.00	42500.00	623392.55	623392.55	0.00	0.00	0.00	0.00	11.79	0.00	0.30
89	19.00	70.00	850.00	12000.00	42500.00	623392.55	623392.55	0.00	0.00	0.00	0.00	11.75	0.00	0.30
90	19.00	71.00	850.00	12000.00	42500.00	623392.55	623392.55	0.00	0.00	0.00	0.00	11.71	0.00	0.30
91	19.00	72.00	850.00	12000.00	42500.00	623392.55	623392.55	0.00	0.00	0.00	0.00	11.85	0.00	0.30
92	19.00	73.00	850.00	12000.00	42500.00	623392.55	623392.55	0.00	0.00	0.00	0.00	11.76	0.00	0.30
93	19.00	74.00	850.00	12000.00	42500.00	623392.55	623392.55	0.00	0.00	0.00	0.00	11.75	0.00	0.30
94	20.00	74.00	850.00	12000.00	42500.00	623392.55	623392.55	0.00	0.00	0.00	0.00	11.62	0.00	0.30
95	21.00	74.00	850.00	12000.00	42500.00	623392.55	623392.55	0.00	0.00	0.00	0.00	11.50	0.00	0.30
96	21.00	25.00	850.00	12000.00	42500.00	623392.55	623392.55	0.00	0.00	0.00	0.00	5.35	0.00	0.30
97	22.00	25.00	850.00	12000.00	42500.00	623392.55	623392.55	0.00	0.00	0.00	0.00	5.24	0.00	0.30
98	22.00	26.00	850.00	12000.00	42500.00	623392.55	623392.55	0.00	0.00	0.00	0.00	5.28	0.00	0.30
99	22.00	27.00	850.00	12000.00	42500.00	623392.55	623392.55	0.00	0.00	0.00	0.00	5.40	0.00	0.30
100	22.00	28.00	850.00	12000.00	42500.00	623392.55	623392.55	0.00	0.00	0.00	0.00	5.62	0.00	0.30
101	22.00	29.00	722.50	14400.00	36125.00	623392.55	623392.55	0.00	0.00	0.00	0.00	6.48	0.00	0.30
102	22.00	30.00	722.50	14400.00	36125.00	623392.55	623392.55	0.00	0.00	0.00	0.00	6.51	0.00	0.30
103	22.00	31.00	722.50	14400.00	36125.00	623392.55	623392.55	0.00	0.00	0.00	0.00	6.54	0.00	0.30
104	23.00	31.00	722.50	14400.00	36125.00	623392.55	623392.55	0.00	0.00	0.00	0.00	6.42	0.00	0.30
105	24.00	31.00	722.50	14400.00	36125.00	616120.97	616120.97	0.00	0.00	0.00	0.00	6.30	0.00	0.28
106	25.00	31.00	722.50	14400.00	36125.00	616120.97	616120.97	0.00	0.00	0.00	0.00	6.19	0.00	0.28
107	25.00	32.00	722.50	14400.00	36125.00	616120.97	616120.97	0.00	0.00	0.00	0.00	6.28	0.00	0.28
108	25.00	33.00	722.50	14400.00	36125.00	616120.97	616120.97	0.00	0.00	0.00	0.00	6.30	0.00	0.28
109	25.00	34.00	722.50	14400.00	36125.00	616120.97	616120.97	0.00	0.00	0.00	0.00	6.31	0.00	0.28
110	25.00	35.00	722.50	14400.00	36125.00	616120.97	616120.97	0.00	0.00	0.00	0.00	6.49	0.00	0.28
111	25.00	36.00	722.50	14400.00	36125.00	616120.97	616120.97	0.00	0.00	0.00	0.00	6.57	0.00	0.28
112	25.00	37.00	722.50	14400.00	36125.00	616120.97	616120.97	0.00	0.00	0.00	0.00	6.56	0.00	0.28
113	25.00	38.00	722.50	14400.00	36125.00	616120.97	616120.97	0.00	0.00	0.00	0.00	6.65	0.00	0.28
114	25.00	39.00	722.50	14400.00	36125.00	616120.97	616120.97	0.00	0.00	0.00	0.00	6.73	0.00	0.28
115	25.00	40.00	722.50	14400.00	36125.00	616120.97	616120.97	0.00	0.00	0.00	0.00	6.78	0.00	0.28
116	25.00	41.00	722.50	14400.00	36125.00	616120.97	616120.97	0.00	0.00	0.00	0.00	6.93	0.00	0.28
117	26.00	41.00	722.50	14400.00	36125.00	616120.97	616120.97	0.00	0.00	0.00	0.00	6.83	0.00	0.28
118	26.00	42.00	722.50	14400.00	36125.00	616120.97	616120.97	0.00	0.00	0.00	0.00	6.86	0.00	0.28
119	26.00	43.00	722.50	14400.00	36125.00	616120.97	616120.97	0.00	0.00	0.00	0.00	7.35	0.00	0.28
120	26.00	44.00	722.50	14400.00	36125.00	616120.97	616120.97	0.00	0.00	0.00	0.00	7.58	0.00	0.28
121	26.00	45.00	722.50	14400.00	36125.00	616120.97	616120.97	0.00	0.00	0.00	0.00	7.76	0.00	0.28
122	27.00	45.00	722.50	14400.00	36125.00	616120.97	616120.97	0.00	0.00	0.00	0.00	7.65	0.00	0.28
123	28.00	45.00	722.50	14400.00	36125.00	616120.97	616120.97	0.00	0.00	0.00	0.00	7.54	0.00	0.28
124	28.00	46.00	722.50	14400.00	36125.00	616120.97	616120.97	0.00	0.00	0.00	0.00	7.55	0.00	0.28
125	28.00	47.00	722.50	14400.00	36125.00	616120.97	616120.97	0.00	0.00	0.00	0.00	7.56	0.00	0.28
126	28.00	48.00	722.50	14400.00	36125.00	616120.97	616120.97	0.00	0.00	0.00	0.00	8.08	0.00	0.28
127	28.00	49.00	722.50	14400.00	36125.00	616120.97	616120.97	0.00	0.00	0.00	0.00	8.09	0.00	0.28
128	28.00	50.00	722.50	14400.00	36125.00	616120.97	616120.97	0.00	0.00	0.00	0.00	8.03	0.00	0.28
129	28.00	51.00	722.50	14400.00	36125.00	616120.97	616120.97	0.00	0.00	0.00	0.00	8.01	0.00	0.28
130	28.00	52.00	722.50	14400.00	36125.00	616120.97	616120.97	0.00	0.00	0.00	0.00	7.95	0.00	0.28
131	29.00	52.00	722.50	14400.00	36125.00	616120.97	616120.97	0.00	0.00	0.00	0.00	7.85	0.00	0.28
132	29.00	53.00	722.50	14400.00	36125.00	616120.97	616120.97	0.00	0.00	0.00	0.00	7.82	0.00	0.28
133	29.00	54.00	722.50	14400.00	36125.00	616120.97	616120.97	0.00	0.00	0.00	0.00	7.93	0.00	0.28
134	29.00	55.00	722.50	14400.00	36125.00	616120.97	616120.97	0.00	0.00	0.00	0.00	8.14	0.00	0.28
135	29.00	56.00	722.50	14400.00	36125.00	616120.97	616120.97	0.00	0.00	0.00	0.00	8.47	0.00	0.28
136	29.00	57.00	722.50	14400.00	36125.00	616120.97	616120.97	0.00	0.00	0.00	0.00	8.46	0.00	0.28
137	29.00	58.00	722.50	14400.00	36125.00	616120.97	616120.97	0.00	0.00	0.00	0.00	8.43	0.00	0.28
138	29.00	59.00	722.50	14400.00	36125.00	616120.97	616120.97	0.00	0.00	0.00	0.00	8.46	0.00	0.28
139	29.00	60.00	722.50	14400.00	36125.00	616120.97	616120.97	0.00	0.00	0.00	0.00	8.82	0.00	0.28
140	29.00	61.00	722.50	14400.00	36125.00	616120.97	616120.97	0.00	0.00	0.00	0.00	8.84	0.00	0.28
141	29.00	62.00	722.50	14400.00	36125.00	616120.97	616120.97	0.00	0.00	0.00	0.00	8.77	0.00	0.28
142	30.00	62.00	722.50	14400.00	36125.00	616120.97	616120.97	0.00	0.00	0.00	0.00	8.68	0.00	0.28
143	30.00	63.00	722.50	14400.00	36125.00	616120.97	616120.97	0.00	0.00	0.00	0.00	8.69	0.00	0.28
144	30.00	64.00	722.50	14400.00	36125.00	616120.97	616120.97	0.00	0.00	0.00	0.00	8.92	0.00	0.28
145	31.00	64.00	722.50	14400.00	36125.00	616120.97	616120.97	0.00	0.00	0.00	0.00	8.82	0.00	0.28
146	32.00	64.00	722.50	14400.00	36125.00	577339.21	577339.21	0.00	0.00	0.00	0.00	8.73	0.00	0.20
147	32.00	65.00	722.50	14400.00	36125.00	577339.21	577339.21	0.00	0.00	0.00	0.00	8.89	0.00	0.20
148	33.00	65.00	722.50	14400.00	36125.00	577339.21	577339.21	0.00	0.00	0.00	0.00	8.80	0.00	0.20
149	33.00	66.00	722.50	14400.00	36125.00	577339.21	577339.21	0.00	0.00	0.00	0.00	8.74	0.00	0.20
150	33.00	67.00	722.50	14400.00	36125.00	577339.21	577339.21	0.00	0.00	0.00	0.00	8.73	0.00	0.20
151	34.00	67.00	722.50	14400.00	36125.00	577339.21	577339.21	0.00	0.00	0.00	0.00	8.65	0.00	0.20
152	34.00	68.00	722.50	14400.00	36125.00	577339.21	577339.21	0.00	0.00	0.00	0.00	8.64	0.00	0.20
153	34.00	69.00	722.50	14400.00	36125.00	577339.21	577339.21	0.00	0.00	0.00	0.00	8.68	0.00	0.20
154	34.00	70.00	722.50	14400.00	36125.00	577339.21	577339.21	0.00	0.00	0.00	0.00	8.72	0.00	0.20
155	35.00	70.00	722.50	14400.00	36125.00	577339.21	577339.21	0.00	0.00	0.00	0.00	8.64	0.00	0.20
156	35.00	71.00	722.50	14400.00	36125.00	577339.21	577339.21	0.00	0.00	0.00	0.00	8.63	0.00	0.20
157	35.00	72.00	722.50	14400.00	36125.00	577339.21	577339.21	0.00	0.00	0.00	0.00	8.68	0.00	0.20
158	36.00	72.00	722.50	14400.00	36125.00	577339.21	577339.21	0.00	0.00	0.00	0.00	8.60	0.00	0.20
159	37.00	72.00	722.50	14400.00	36125.00	577339.21	577339.21	0.00	0.00	0.00	0.00	8.52	0.00	0.20
160	37.00	73.00	722.50	14400.00	36125.00	577339.21	577339.21	0.00	0.00	0.00	0.00	8.49	0.00	0.20
161	37.00	74.00	722.50	14400.00	36125.00	577339.21	577339.21	0.00	0.00	0.00	0.00	8.47	0.00	0.20
162	37.00	25.00	722.50	14400.00	36125.00	577339.21	577339.21	0.00	0.00	0.00	0.00	3.08	0.00	0.20
163	37.00	26.00	722.50	14400.00	36125.00	577339.21	577339.21	0.00	0.00	0.00	0.00	3.69	0.00	0.20
164	37.00	27.00	722.50	14400.00	36125.00	577339.21	577339.21	0.00	0.00	0.00	0.00	4.05	0.00	0.20
165	38.00	27.00	722.50	14400.00	36125.00	577339.21	577339.21	0.00	0.00	0.00	0.00	3.99	0.00	0.20
166	38.00	28.00	722.50	14400.00	36125.00	577339.21	577339.21	0.00	0.00	0.00	0.00	4.10	0.00	0.20
167	39.00	28.00	722.50	14400.00	36125.00	577339.21	577339.21	0.00	0.00	0.00	0.00	4.04	0.00	0.20
168	39.00	29.00	722.50	14400.00	36125.00	577339.21	577339.21	0.00	0.00	0.00	0.00	4.62	0.00	0.20
169	40.00	29.00	722.50	14400.00	36125.00	577339.21	577339.21	0.00	0.00	0.00	0.00	4.56	0.00	0.20
170	40.00	30.00	722.50	14400.00	36125.00	577339.21	577339.21	0.00	0.00	0.00	0.00	4.53	0.00	0.20
171	40.00	31.00	722.50	14400.00	36125.00	577339.21	577339.21	0.00	0.00	0.00	0.00	4.61	0.00	0.20
172	40.00	32.00	722.50	14400.00	36125.00	577339.21	577339.21	0.00	0.00	0.00	0.00	5.34	0.00	0.20
173	40.00	33.00	722.50	14400.00	36125.00	577339.21	577339.21	0.00	0.00	0.00	0.00	5.58	0.00	0.20
174	41.00	33.00	722.50	14400.00	36125.00	577339.21	577339.21	0.00	0.00	0.00	0.00	5.51	0.00	0.20
175	42.00	33.00	722.50	14400.00	36125.00	577339.21	577339.21	0.00	0.00	0.00	0.00	5.43	0.00	0.20
176	43.00	33.00	722.50	14400.00	36125.00	577339.21	577339.21	0.00	0.00	0.00	0.00	5.36	0.00	0.20
177	43.00	34.00	722.50	14400.00	36125.00	577339.21	577339.21	0.00	0.00	0.00	0.00	6.19	0.00	0.20
178	44.00	34.00	722.50	14400.00	36125.00	577339.21	577339.21	0.00	0.00	0.00	0.00	6.11	0.00	0.20
179	44.00	35.00	722.50	14400.00	36125.00	577339.21	577339.21	0.00	0.00	0.00	0.00	6.13	0.00	0.20
180	44.00	36.00	722.50	14400.00	36125.00	577339.21	577339.21	0.00	0.00	0.00	0.00	6.15	0.00	0.20
181	44.00	37.00	722.50	14400.00	36125.00	577339.21	577339.21	0.00	0.00	0.00	0.00	6.39	0.00	0.20
182	44.00	38.00	722.50	14400.00	36125.00	577339.21	577339.21	0.00	0.00	0.00	0.00	6.51	0.00	0.20
183	45.00	38.00	722.50	14400.00	36125.00	577339.21	577339.21	0.00	0.00	0.00	0.00	6.44	0.00	0.20
184	46.00	38.00	722.50	14400.00	36125.00	577339.21	577339.21	0.00	0.00	0.00	0.00	6.36	0.00	0.20
185	46.00	39.00	722.50	14400.00	36125.00	577339.21	577339.21	0.00	0.00	0.00	0.00	6.37	0.00	0.20
186	46.00	40.00	722.50	14400.00	36125.00	577339.21	577339.21	0.00	0.00	0.00	0.00	6.41	0.00	0.20
187	47.00	40.00	722.50	14400.00	36125.00	577339.21	577339.21	0.00	0.00	0.00	0.00	6.34	0.00	0.20
188	48.00	40.00	722.50	14400.00	36125.00	577339.21	577339.21	0.00	0.00	0.00	0.00	6.27	0.00	0.20
189	49.00	40.00	722.50	14400.00	36125.00	577339.21	577339.21	0.00	0.00	0.00	0.00	6.20	0.00	0.20
190	49.00	41.00	722.50	14400.00	36125.00	577339.21	577339.21	0.00	0.00	0.00	0.00	6.28	0.00	0.20
191	50.00	41.00	722.50	14400.00	36125.00	577339.21	577339.21	0.00	0.00	0.00	0.00	6.21	0.00	0.20
192	51.00	41.00	722.50	14400.00	36125.00	577339.21	577339.21	0.00	0.00	0.00	0.00	6.14	0.00	0.20
193	51.00	42.00	722.50	14400.00	36125.00	577339.21	577339.21	0.00	0.00	0.00	0.00	6.50	0.00	0.20
194	51.00	43.00	722.50	14400.00	36125.00	577339.21	577339.21	0.00	0.00	0.00	0.00	6.53	0.00	0.20
195	51.00	44.00	722.50	14400.00	36125.00	577339.21	577339.21	0.00	0.00	0.00	0.00	6.60	0.00	0.20
196	52.00	44.00	722.50	14400.00	36125.00	577339.21	577339.21	0.00	0.00	0.00	0.00	6.53	0.00	0.20
197	52.00	45.00	722.50	14400.00	36125.00	577339.21	577339.21	0.00	0.00	0.00	0.00	6.55	0.00	0.20
198	52.00	46.00	722.50	14400.00	36125.00	577339.21	577339.21	0.00	0.00	0.00	0.00	6.98	0.00	0.20
199	52.00	47.00	722.50	14400.00	36125.00	577339.21	577339.21	0.00	0.00	0.00	0.00	6.94	0.00	0.20
200	52.00	48.00	722.50	14400.00	36125.00	577339.21	577339.21	0.00	0.00	0.00	0.00	7.11	0.00	0.20
201	52.00	49.00	614.12	17280.00	30706.25	577339.21	577339.21	0.00	0.00	0.00	0.00	7.23	0.00	0.20
202	52.00	50.00	614.12	17280.00	30706.25	577339.21	577339.21	0.00	0.00	0.00	0.00	7.18	0.00	0.20
203	52.00	51.00	614.12	17280.00	30706.25	577339.21	577339.21	0.00	0.00	0.00	0.00	7.33	0.00	0.20
204	52.00	52.00	614.12	17280.00	30706.25	577339.21	577339.21	0.00	0.00	0.00	0.00	7.33	0.00	0.20
205	52.00	53.00	614.12	17280.00	30706.25	577339.21	577339.21	0.00	0.00	0.00	0.00	7.36	0.00	0.20
206	52.00	54.00	614.12	17280.00	30706.25	577339.21	577339.21	0.00	0.00	0.00	0.00	7.45	0.00	0.20
207	52.00	55.00	614.12	17280.00	30706.25	577339.21	577339.21	0.00	0.00	0.00	0.00	7.49	0.00	0.20
208	53.00	55.00	614.12	17280.00	30706.25	577339.21	577339.21	0.00	0.00	0.00	0.00	7.42	0.00	0.20
209	53.00	56.00	614.12	17280.00	30706.25	577339.21	577339.21	0.00	0.00	0.00	0.00	7.50	0.00	0.20
210	54.00	56.00	614.12	17280.00	30706.25	577339.21	577339.21	0.00	0.00	0.00	0.00	7.43	0.00	0.20
211	55.00	56.00	614.12	17280.00	30706.25	577339.21	577339.21	0.00	0.00	0.00	0.00	7.37	0.00	0.20
212	56.00	56.00	614.12	17280.00	30706.25	577339.21	577339.21	0.00	0.00	0.00	0.00	7.30	0.00	0.20
213	57.00	56.00	614.12	17280.00	30706.25	577339.21	577339.21	0.00	0.00	0.00	0.00	7.24	0.00	0.20
214	57.00	57.00	614.12	17280.00	30706.25	577339.21	577339.21	0.00	0.00	0.00	0.00	7.24	0.00	0.20
215	57.00	58.00	614.12	17280.00	30706.25	577339.21	577339.21	0.00	0.00	0.00	0.00	7.21	0.00	0.20
216	58.00	58.00	614.12	17280.00	30706.25	577339.21	577339.21	0.00	0.00	0.00	0.00	7.14	0.00	0.20
217	58.00	59.00	614.12	17280.00	30706.25	577339.21	577339.21	0.00	0.00	0.00	0.00	7.11	0.00	0.20
218	58.00	60.00	614.12	17280.00	30706.25	577339.21	577339.21	0.00	0.00	0.00	0.00	7.15	0.00	0.20
219	58.00	61.00	614.12	17280.00	30706.25	577339.21	577339.21	0.00	0.00	0.00	0.00	7.44	0.00	0.20
220	58.00	62.00	614.12	17280.00	30706.25	577339.21	577339.21	0.00	0.00	0.00	0.00	7.40	0.00	0.20
221	58.00	63.00	614.12	17280.00	30706.25	577339.21	577339.21	0.00	0.00	0.00	0.00	7.38	0.00	0.20
222	59.00	63.00	614.12	17280.00	30706.25	577339.21	577339.21	0.00	0.00	0.00	0.00	7.32	0.00	0.20
223	59.00	64.00	614.12	17280.00	30706.25	577339.21	577339.21	0.00	0.00	0.00	0.00	7.42	0.00	0.20
224	59.00	65.00	614.12	17280.00	30706.25	577339.21	577339.21	0.00	0.00	0.00	0.00	7.42	0.00	0.20
225	59.00	66.00	614.12	17280.00	30706.25	577339.21	577339.21	0.00	0.00	0.00	0.00	7.46	0.00	0.20
226	59.00	67.00	614.12	17280.00	30706.25	577339.21	577339.21	0.00	0.00	0.00	0.00	7.65	0.00	0.20
227	59.00	68.00	614.12	17280.00	30706.25	577339.21	577339.21	0.00	0.00	0.00	0.00	7.64	0.00	0.20
228	60.00	68.00	614.12	17280.00	30706.25	577339.21	577339.21	0.00	0.00	0.00	0.00	7.58	0.00	0.20
229	60.00	69.00	614.12	17280.00	30706.25	577339.21	577339.21	0.00	0.00	0.00	0.00	7.67	0.00	0.20
230	60.00	70.00	614.12	17280.00	30706.25	577339.21	577339.21	0.00	0.00	0.00	0.00	7.63	0.00	0.20
231	60.00	71.00	614.12	17280.00	30706.25	577339.21	577339.21	0.00	0.00	0.00	0.00	7.60	0.00	0.20
232	60.00	72.00	614.12	17280.00	30706.25	577339.21	577339.21	0.00	0.00	0.00	0.00	8.14	0.00	0.20
233	60.00	73.00	614.12	17280.00	30706.25	577339.21	577339.21	0.00	0.00	0.00	0.00	8.23	0.00	0.20
234	61.00	73.00	614.12	17280.00	30706.25	577339.21	577339.21	0.00	0.00	0.00	0.00	8.17	0.00	0.20
235	61.00	74.00	614.12	17280.00	30706.25	577339.21	577339.21	0.00	0.00	0.00	0.00	8.16	0.00	0.20
236	61.00	25.00	614.12	17280.00	30706.25	577339.21	577339.21	0.00	0.00	0.00	0.00	2.73	0.00	0.20
237	61.00	26.00	614.12	17280.00	30706.25	577339.21	577339.21	0.00	0.00	0.00	0.00	2.93	0.00	0.20
238	61.00	27.00	614.12	17280.00	30706.25	577339.21	577339.21	0.00	0.00	0.00	0.00	3.10	0.00	0.20
239	62.00	27.00	614.12	17280.00	30706.25	577339.21	577339.21	0.00	0.00	0.00	0.00	3.06	0.00	0.20
240	62.00	28.00	614.12	17280.00	30706.25	577339.21	577339.21	0.00	0.00	0.00	0.00	3.22	0.00	0.20
241	62.00	29.00	614.12	17280.00	30706.25	577339.21	577339.21	0.00	0.00	0.00	0.00	3.26	0.00	0.20
242	62.00	30.00	614.12	17280.00	30706.25	577339.21	577339.21	0.00	0.00	0.00	0.00	3.40	0.00	0.20
243	62.00	31.00	614.12	17280.00	30706.25	577339.21	577339.21	0.00	0.00	0.00	0.00	3.44	0.00	0.20
244	62.00	32.00	614.12	17280.00	30706.25	577339.21	577339.21	0.00	0.00	0.00	0.00	3.58	0.00	0.20
245	62.00	33.00	614.12	17280.00	30706.25	577339.21	577339.21	0.00	0.00	0.00	0.00	3.57	0.00	0.20
246	62.00	34.00	614.12	17280.00	30706.25	577339.21	577339.21	0.00	0.00	0.00	0.00	4.10	0.00	0.20
247	62.00	35.00	614.12	17280.00	30706.25	577339.21	577339.21	0.00	0.00	0.00	0.00	4.17	0.00	0.20
248	62.00	36.00	614.12	17280.00	30706.25	577339.21	577339.21	0.00	0.00	0.00	0.00	4.15	0.00	0.20
249	63.00	36.00	614.12	17280.00	30706.25	577339.21	577339.21	0.00	0.00	0.00	0.00	4.10	0.00	0.20
250	64.00	36.00	614.12	17280.00	30706.25	577339.21	577339.21	0.00	0.00	0.00	0.00	4.06	0.00	0.20
251	64.00	37.00	614.12	17280.00	30706.25	577339.21	577339.21	0.00	0.00	0.00	0.00	4.40	0.00	0.20
252	65.00	37.00	614.12	17280.00	30706.25	577339.21	577339.21	0.00	0.00	0.00	0.00	4.36	0.00	0.20
253	66.00	37.00	614.12	17280.00	30706.25	577339.21	577339.21	0.00	0.00	0.00	0.00	4.32	0.00	0.20
254	66.00	38.00	614.12	17280.00	30706.25	577339.21	577339.21	0.00	0.00	0.00	0.00	4.43	0.00	0.20
255	66.00	39.00	614.12	17280.00	30706.25	577339.21	577339.21	0.00	0.00	0.00	0.00	4.78	0.00	0.20
256	66.00	40.00	614.12	17280.00	30706.25	577339.21	577339.21	0.00	0.00	0.00	0.00	4.91	0.00	0.20
257	67.00	40.00	614.12	17280.00	30706.25	577339.21	577339.21	0.00	0.00	0.00	0.00	4.86	0.00	0.20
258	68.00	40.00	614.12	17280.00	30706.25	577339.21	577339.21	0.00	0.00	0.00	0.00	4.82	0.00	0.20
259	69.00	40.00	614.12	17280.00	30706.25	577339.21	577339.21	0.00	0.00	0.00	0.00	4.77	0.00	0.20
260	69.00	41.00	614.12	17280.00	30706.25	577339.21	577339.21	0.00	0.00	0.00	0.00	4.80	0.00	0.20
261	69.00	42.00	614.12	17280.00	30706.25	577339.21	577339.21	0.00	0.00	0.00	0.00	4.79	0.00	0.20
262	69.00	43.00	614.12	17280.00	30706.25	577339.21	577339.21	0.00	0.00	0.00	0.00	4.83	0.00	0.20
263	70.00	43.00	614.12	17280.00	30706.25	577339.21	577339.21	0.00	0.00	0.00	0.00	4.78	0.00	0.20
264	70.00	44.00	614.12	17280.00	30706.25	577339.21	577339.21	0.00	0.00	0.00	0.00	4.87	0.00	0.20
265	70.00	45.00	614.12	17280.00	30706.25	577339.21	577339.21	0.00	0.00	0.00	0.00	4.85	0.00	0.20
266	71.00	45.00	614.12	17280.00	30706.25	577339.21	577339.21	0.00	0.00	0.00	0.00	4.81	0.00	0.20
267	72.00	45.00	614.12	17280.00	30706.25	577339.21	577339.21	0.00	0.00	0.00	0.00	4.77	0.00	0.20
268	72.00	46.00	614.12	17280.00	30706.25	577339.21	577339.21	0.00	0.00	0.00	0.00	4.75	0.00	0.20
269	73.00	46.00	614.12	17280.00	30706.25	577339.21	577339.21	0.00	0.00	0.00	0.00	4.71	0.00	0.20
270	73.00	47.00	614.12	17280.00	30706.25	577339.21	577339.21	0.00	0.00	0.00	0.00	5.06	0.00	0.20
271	74.00	47.00	614.12	17280.00	30706.25	577339.21	577339.21	0.00	0.00	0.00	0.00	5.01	0.00	0.20
272	25.00	47.00	614.12	17280.00	30706.25	577339.21	577339.21	0.00	0.00	0.00	0.00	8.43	0.00	0.20
273	26.00	47.00	614.12	17280.00	30706.25	577339.21	577339.21	0.00	0.00	0.00	0.00	8.31	0.00	0.20
274	26.00	48.00	614.12	17280.00	30706.25	577339.21	577339.21	0.00	0.00	0.00	0.00	8.25	0.00	0.20
275	27.00	48.00	614.12	17280.00	30706.25	577339.21	577339.21	0.00	0.00	0.00	0.00	8.14	0.00	0.20
276	28.00	48.00	614.12	17280.00	30706.25	577339.21	577339.21	0.00	0.00	0.00	0.00	8.03	0.00	0.20
277	29.00	48.00	614.12	17280.00	30706.25	577339.21	577339.21	0.00	0.00	0.00	0.00	7.93	0.00	0.20
278	30.00	48.00	614.12	17280.00	30706.25	577339.21	577339.21	0.00	0.00	0.00	0.00	7.83	0.00	0.20
279	31.00	48.00	614.12	17280.00	30706.25	577339.21	577339.21	0.00	0.00	0.00	0.00	7.73	0.00	0.20
280	31.00	49.00	614.12	17280.00	30706.25	577339.21	577339.21	0.00	0.00	0.00	0.00	7.70	0.00	0.20
281	31.00	50.00	614.12	17280.00	30706.25	577339.21	577339.21	0.00	0.00	0.00	0.00	7.78	0.00	0.20
282	31.00	51.00	614.12	17280.00	30706.25	577339.21	577339.21	0.00	0.00	0.00	0.00	7.84	0.00	0.20
283	31.00	52.00	614.12	17280.00	30706.25	577339.21	577339.21	0.00	0.00	0.00	0.00	8.08	0.00	0.20
284	31.00	53.00	614.12	17280.00	30706.25	577339.21	577339.21	0.00	0.00	0.00	0.00	8.11	0.00	0.20
285	31.00	54.00	614.12	17280.00	30706.25	577339.21	577339.21	0.00	0.00	0.00	0.00	8.17	0.00	0.20
286	31.00	55.00	614.12	17280.00	30706.25	577339.21	577339.21	0.00	0.00	0.00	0.00	8.11	0.00	0.20
287	32.00	55.00	614.12	17280.00	30706.25	577339.21	577339.21	0.00	0.00	0.00	0.00	8.02	0.00	0.20
288	32.00	56.00	614.12	17280.00	30706.25	577339.21	577339.21	0.00	0.00	0.00	0.00	8.04	0.00	0.20
289	32.00	57.00	614.12	17280.00	30706.25	577339.21	577339.21	0.00	0.00	0.00	0.00	8.52	0.00	0.20
290	33.00	57.00	614.12	17280.00	30706.25	577339.21	577339.21	0.00	0.00	0.00	0.00	8.43	0.00	0.20
291	33.00	58.00	614.12	17280.00	30706.25	577339.21	577339.21	0.00	0.00	0.00	0.00	8.57	0.00	0.20
292	33.00	59.00	614.12	17280.00	30706.25	577339.21	577339.21	0.00	0.00	0.00	0.00	8.64	0.00	0.20
293	33.00	60.00	614.12	17280.00	30706.25	577339.21	577339.21	0.00	0.00	0.00	0.00	8.77	0.00	0.20
294	33.00	61.00	614.12	17280.00	30706.25	577339.21	577339.21	0.00	0.00	0.00	0.00	8.71	0.00	0.20
295	33.00	62.00	614.12	17280.00	30706.25	577339.21	577339.21	0.00	0.00	0.00	0.00	8.84	0.00	0.20
296	33.00	63.00	614.12	17280.00	30706.25	577339.21	577339.21	0.00	0.00	0.00	0.00	8.77	0.00	0.20
297	33.00	64.00	614.12	17280.00	30706.25	577339.21	577339.21	0.00	0.00	0.00	0.00	8.80	0.00	0.20
298	33.00	65.00	614.12	17280.00	30706.25	577339.21	577339.21	0.00	0.00	0.00	0.00	8.75	0.00	0.20
299	34.00	65.00	614.12	17280.00	30706.25	577339.21	577339.21	0.00	0.00	0.00	0.00	8.66	0.00	0.20
300	34.00	66.00	614.12	17280.00	30706.25	577339.21	577339.21	0.00	0.00	0.00	0.00	8.68	0.00	0.20
301	34.00	67.00	522.01	20736.00	26100.31	577339.21	577339.21	0.00	0.00	0.00	0.00	8.87	0.00	0.20
302	35.00	67.00	522.01	20736.00	26100.31	577339.21	577339.21	0.00	0.00	0.00	0.00	8.78	0.00	0.20
303	36.00	67.00	522.01	20736.00	26100.31	577339.21	577339.21	0.00	0.00	0.00	0.00	8.69	0.00	0.20
304	36.00	68.00	522.01	20736.00	26100.31	577339.21	577339.21	0.00	0.00	0.00	0.00	8.68	0.00	0.20
305	36.00	69.00	522.01	20736.00	26100.31	577339.21	577339.21	0.00	0.00	0.00	0.00	8.92	0.00	0.20
306	36.00	70.00	522.01	20736.00	26100.31	577339.21	577339.21	0.00	0.00	0.00	0.00	9.90	0.00	0.20
307	36.00	71.00	522.01	20736.00	26100.31	577339.21	577339.21	0.00	0.00	0.00	0.00	9.94	0.00	0.20
308	36.00	72.00	522.01	20736.00	26100.31	577339.21	577339.21	0.00	0.00	0.00	0.00	9.88	0.00	0.20
309	37.00	72.00	522.01	20736.00	26100.31	577339.21	577339.21	0.00	0.00	0.00	0.00	9.79	0.00	0.20
310	38.00	72.00	522.01	20736.00	26100.31	577339.21	577339.21	0.00	0.00	0.00	0.00	9.70	0.00	0.20
311	39.00	72.00	522.01	20736.00	26100.31	577339.21	577339.21	0.00	0.00	0.00	0.00	9.61	0.00	0.20
312	40.00	72.00	522.01	20736.00	26100.31	577339.21	577339.21	0.00	0.00	0.00	0.00	9.53	0.00	0.20
313	41.00	72.00	522.01	20736.00	26100.31	577339.21	577339.21	0.00	0.00	0.00	0.00	9.44	0.00	0.20
314	41.00	73.00	522.01	20736.00	26100.31	577339.21	577339.21	0.00	0.00	0.00	0.00	9.54	0.00	0.20
315	42.00	73.00	522.01	20736.00	26100.31	577339.21	577339.21	0.00	0.00	0.00	0.00	9.46	0.00	0.20
316	43.00	73.00	522.01	20736.00	26100.31	577339.21	577339.21	0.00	0.00	0.00	0.00	9.38	0.00	0.20
317	44.00	73.00	522.01	20736.00	26100.31	577339.21	577339.21	0.00	0.00	0.00	0.00	9.30	0.00	0.20
318	44.00	74.00	522.01	20736.00	26100.31	577339.21	577339.21	0.00	0.00	0.00	0.00	9.40	0.00	0.20
319	44.00	25.00	522.01	20736.00	26100.31	577339.21	577339.21	0.00	0.00	0.00	0.00	3.65	0.00	0.20
320	45.00	25.00	522.01	20736.00	26100.31	577339.21	577339.21	0.00	0.00	0.00	0.00	3.59	0.00	0.20
321	46.00	25.00	522.01	20736.00	26100.31	577339.21	577339.21	0.00	0.00	0.00	0.00	3.54	0.00	0.20
322	47.00	25.00	522.01	20736.00	26100.31	577339.21	577339.21	0.00	0.00	0.00	0.00	3.49	0.00	0.20
323	47.00	26.00	522.01	20736.00	26100.31	577339.21	577339.21	0.00	0.00	0.00	0.00	4.11	0.00	0.20
324	48.00	26.00	522.01	20736.00	26100.31	577339.21	577339.21	0.00	0.00	0.00	0.00	4.05	0.00	0.20
325	48.00	27.00	522.01	20736.00	26100.31	577339.21	577339.21	0.00	0.00	0.00	0.00	4.80	0.00	0.20
326	49.00	27.00	522.01	20736.00	26100.31	577339.21	577339.21	0.00	0.00	0.00	0.00	4.73	0.00	0.20
327	49.00	28.00	522.01	20736.00	26100.31	577339.21	577339.21	0.00	0.00	0.00	0.00	4.79	0.00	0.20
328	50.00	28.00	522.01	20736.00	26100.31	577339.21	577339.21	0.00	0.00	0.00	0.00	4.73	0.00	0.20
329	50.00	29.00	522.01	20736.00	26100.31	577339.21	577339.21	0.00	0.00	0.00	0.00	5.56	0.00	0.20
330	50.00	30.00	522.01	20736.00	26100.31	577339.21	577339.21	0.00	0.00	0.00	0.00	5.79	0.00	0.20
331	50.00	31.00	522.01	20736.00	26100.31	577339.21	577339.21	0.00	0.00	0.00	0.00	5.82	0.00	0.20
332	51.00	31.00	522.01	20736.00	26100.31	577339.21	577339.21	0.00	0.00	0.00	0.00	5.75	0.00	0.20
333	52.00	31.00	522.01	20736.00	26100.31	577339.21	577339.21	0.00	0.00	0.00	0.00	5.68	0.00	0.20
334	52.00	32.00	522.01	20736.00	26100.31	577339.21	577339.21	0.00	0.00	0.00	0.00	5.65	0.00	0.20
335	52.00	33.00	522.01	20736.00	26100.31	577339.21	577339.21	0.00	0.00	0.00	0.00	5.71	0.00	0.20
336	52.00	34.00	522.01	20736.00	26100.31	577339.21	577339.21	0.00	0.00	0.00	0.00	5.68	0.00	0.20
337	52.00	35.00	522.01	20736.00	26100.31	577339.21	577339.21	0.00	0.00	0.00	0.00	5.66	0.00	0.20
338	52.00	36.00	522.01	20736.00	26100.31	577339.21	577339.21	0.00	0.00	0.00	0.00	5.63	0.00	0.20
339	53.00	36.00	522.01	20736.00	26100.31	577339.21	577339.21	0.00	0.00	0.00	0.00	5.57	0.00	0.20
340	54.00	36.00	522.01	20736.00	26100.31	577339.21	577339.21	0.00	0.00	0.00	0.00	5.51	0.00	0.20
341	55.00	36.00	522.01	20736.00	26100.31	577339.21	577339.21	0.00	0.00	0.00	0.00	5.44	0.00	0.20
342	56.00	36.00	522.01	20736.00	26100.31	577339.21	577339.21	0.00	0.00	0.00	0.00	5.39	0.00	0.20
343	57.00	36.00	522.01	20736.00	26100.31	577339.21	577339.21	0.00	0.00	0.00	0.00	5.33	0.00	0.20
344	58.00	36.00	522.01	20736.00	26100.31	577339.21	577339.21	0.00	0.00	0.00	0.00	5.27	0.00	0.20
345	58.00	37.00	522.01	20736.00	26100.31	577339.21	577339.21	0.00	0.00	0.00	0.00	5.74	0.00	0.20
346	59.00	37.00	522.01	20736.00	26100.31	577339.21	577339.21	0.00	0.00	0.00	0.00	5.68	0.00	0.20
347	59.00	38.00	522.01	20736.00	26100.31	577339.21	577339.21	0.00	0.00	0.00	0.00	5.65	0.00	0.20
348	59.00	39.00	522.01	20736.00	26100.31	577339.21	577339.21	0.00	0.00	0.00	0.00	5.71	0.00	0.20
349	59.00	40.00	522.01	20736.00	26100.31	577339.21	577339.21	0.00	0.00	0.00	0.00	5.81	0.00	0.20
350	60.00	40.00	522.01	20736.00	26100.31	577339.21	577339.21	0.00	0.00	0.00	0.00	5.75	0.00	0.20
351	60.00	41.00	522.01	20736.00	26100.31	577339.21	577339.21	0.00	0.00	0.00	0.00	5.98	0.00	0.20
352	60.00	42.00	522.01	20736.00	26100.31	577339.21	577339.21	0.00	0.00	0.00	0.00	6.03	0.00	0.20
353	61.00	42.00	522.01	20736.00	26100.31	577339.21	577339.21	0.00	0.00	0.00	0.00	5.97	0.00	0.20
354	62.00	42.00	522.01	20736.00	26100.31	577339.21	577339.21	0.00	0.00	0.00	0.00	5.91	0.00	0.20
355	63.00	42.00	522.01	20736.00	26100.31	577339.21	577339.21	0.00	0.00	0.00	0.00	5.86	0.00	0.20
356	64.00	42.00	522.01	20736.00	26100.31	577339.21	577339.21	0.00	0.00	0.00	0.00	5.80	0.00	0.20
357	64.00	43.00	522.01	20736.00	26100.31	577339.21	577339.21	0.00	0.00	0.00	0.00	5.81	0.00	0.20
358	64.00	44.00	522.01	20736.00	26100.31	577339.21	577339.21	0.00	0.00	0.00	0.00	5.78	0.00	0.20
359	65.00	44.00	522.01	20736.00	26100.31	577339.21	577339.21	0.00	0.00	0.00	0.00	5.73	0.00	0.20
360	66.00	44.00	522.01	20736.00	26100.31	577339.21	577339.21	0.00	0.00	0.00	0.00	5.67	0.00	0.20
361	67.00	44.00	522.01	20736.00	26100.31	577339.21	577339.21	0.00	0.00	0.00	0.00	5.62	0.00	0.20
362	68.00	44.00	522.01	20736.00	26100.31	577339.21	577339.21	0.00	0.00	0.00	0.00	5.57	0.00	0.20
363	69.00	44.00	522.01	20736.00	26100.31	577339.21	577339.21	0.00	0.00	0.00	0.00	5.52	0.00	0.20
364	69.00	45.00	522.01	20736.00	26100.31	577339.21	577339.21	0.00	0.00	0.00	0.00	5.58	0.00	0.20
365	69.00	46.00	522.01	20736.00	26100.31	577339.21	577339.21	0.00	0.00	0.00	0.00	5.59	0.00	0.20
366	69.00	47.00	522.01	20736.00	26100.31	577339.21	577339.21	0.00	0.00	0.00	0.00	5.55	0.00	0.20
367	69.00	48.00	522.01	20736.00	26100.31	577339.21	577339.21	0.00	0.00	0.00	0.00	5.64	0.00	0.20
368	70.00	48.00	522.01	20736.00	26100.31	577339.21	577339.21	0.00	0.00	0.00	0.00	5.59	0.00	0.20
369	70.00	49.00	522.01	20736.00	26100.31	577339.21	577339.21	0.00	0.00	0.00	0.00	5.61	0.00	0.20
370	71.00	49.00	522.01	20736.00	26100.31	577339.21	577339.21	0.00	0.00	0.00	0.00	5.57	0.00	0.20
371	71.00	50.00	522.01	20736.00	26100.31	577339.21	577339.21	0.00	0.00	0.00	0.00	5.64	0.00	0.20
372	72.00	50.00	522.01	20736.00	26100.31	577339.21	577339.21	0.00	0.00	0.00	0.00	5.59	0.00	0.20
373	73.00	50.00	522.01	20736.00	26100.31	577339.21	577339.21	0.00	0.00	0.00	0.00	5.55	0.00	0.20
374	74.00	50.00	522.01	20736.00	26100.31	577339.21	577339.21	0.00	0.00	0.00	0.00	5.50	0.00	0.20
375	25.00	50.00	522.01	20736.00	26100.31	577339.21	577339.21	0.00	0.00	0.00	0.00	9.10	0.00	0.20
376	26.00	50.00	522.01	20736.00	26100.31	577339.21	577339.21	0.00	0.00	0.00	0.00	8.98	0.00	0.20
377	27.00	50.00	522.01	20736.00	26100.31	577339.21	577339.21	0.00	0.00	0.00	0.00	8.86	0.00	0.20
378	27.00	51.00	522.01	20736.00	26100.31	577339.21	577339.21	0.00	0.00	0.00	0.00	9.68	0.00	0.20
379	27.00	52.00	522.01	20736.00	26100.31	577339.21	577339.21	0.00	0.00	0.00	0.00	10.68	0.00	0.20
380	28.00	52.00	522.01	20736.00	26100.31	577339.21	577339.21	0.00	0.00	0.00	0.00	10.55	0.00	0.20
381	28.00	53.00	522.01	20736.00	26100.31	577339.21	577339.21	0.00	0.00	0.00	0.00	10.56	0.00	0.20
382	28.00	54.00	522.01	20736.00	26100.31	577339.21	577339.21	0.00	0.00	0.00	0.00	10.47	0.00	0.20
383	29.00	54.00	522.01	20736.00	26100.31	577339.21	577339.21	0.00	0.00	0.00	0.00	10.34	0.00	0.20
384	29.00	55.00	522.01	20736.00	26100.31	577339.21	577339.21	0.00	0.00	0.00	0.00	10.29	0.00	0.20
385	30.00	55.00	522.01	20736.00	26100.31	577339.21	577339.21	0.00	0.00	0.00	0.00	10.17	0.00	0.20
386	31.00	55.00	522.01	20736.00	26100.31	577339.21	577339.21	0.00	0.00	0.00	0.00	10.05	0.00	0.20
387	31.00	56.00	522.01	20736.00	26100.31	577339.21	577339.21	0.00	0.00	0.00	0.00	10.07	0.00	0.20
388	32.00	56.00	522.01	20736.00	26100.31	577339.21	577339.21	0.00	0.00	0.00	0.00	9.96	0.00	0.20
389	32.00	57.00	522.01	20736.00	26100.31	577339.21	577339.21	0.00	0.00	0.00	0.00	11.66	0.00	0.20
390	32.00	58.00	522.01	20736.00	26100.31	577339.21	577339.21	0.00	0.00	0.00	0.00	11.85	0.00	0.20
391	33.00	58.00	522.01	20736.00	26100.31	577339.21	577339.21	0.00	0.00	0.00	0.00	11.72	0.00	0.20
392	33.00	59.00	522.01	20736.00	26100.31	577339.21	577339.21	0.00	0.00	0.00	0.00	12.18	0.00	0.20
393	34.00	59.00	522.01	20736.00	26100.31	577339.21	577339.21	0.00	0.00	0.00	0.00	12.05	0.00	0.20
394	35.00	59.00	522.01	20736.00	26100.31	577339.21	577339.21	0.00	0.00	0.00	0.00	11.92	0.00	0.20
395	35.00	60.00	522.01	20736.00	26100.31	577339.21	577339.21	0.00	0.00	0.00	0.00	11.89	0.00	0.20
396	35.00	61.00	522.01	20736.00	26100.31	577339.21	577339.21	0.00	0.00	0.00	0.00	11.88	0.00	0.20
397	35.00	62.00	522.01	20736.00	26100.31	577339.21	577339.21	0.00	0.00	0.00	0.00	11.79	0.00	0.20
398	36.00	62.00	522.01	20736.00	26100.31	577339.21	577339.21	0.00	0.00	0.00	0.00	11.67	0.00	0.20
399	37.00	62.00	522.01	20736.00	26100.31	577339.21	577339.21	0.00	0.00	0.00	0.00	11.55	0.00	0.20
400	37.00	63.00	522.01	20736.00	26100.31	577339.21	577339.21	0.00	0.00	0.00	0.00	11.65	0.00	0.20
401	38.00	63.00	443.71	24883.20	22185.27	577339.21	577339.21	0.00	0.00	0.00	0.00	11.53	0.00	0.20
402	38.00	64.00	443.71	24883.20	22185.27	577339.21	577339.21	0.00	0.00	0.00	0.00	11.45	0.00	0.20
403	39.00	64.00	443.71	24883.20	22185.27	577339.21	577339.21	0.00	0.00	0.00	0.00	11.34	0.00	0.20
404	40.00	64.00	443.71	24883.20	22185.27	577339.21	577339.21	0.00	0.00	0.00	0.00	11.23	0.00	0.20
405	41.00	64.00	443.71	24883.20	22185.27	577339.21	577339.21	0.00	0.00	0.00	0.00	11.12	0.00	0.20
406	41.00	65.00	443.71	24883.20	22185.27	577339.21	577339.21	0.00	0.00	0.00	0.00	11.04	0.00	0.20
407	42.00	65.00	443.71	24883.20	22185.27	577339.21	577339.21	0.00	0.00	0.00	0.00	10.94	0.00	0.20
408	43.00	65.00	443.71	24883.20	22185.27	577339.21	577339.21	0.00	0.00	0.00	0.00	10.84	0.00	0.20
409	44.00	65.00	443.71	24883.20	22185.27	577339.21	577339.21	0.00	0.00	0.00	0.00	10.74	0.00	0.20
410	45.00	65.00	443.71	24883.20	22185.27	577339.21	577339.21	0.00	0.00	0.00	0.00	10.64	0.00	0.20
411	46.00	65.00	443.71	24883.20	22185.27	577339.21	577339.21	0.00	0.00	0.00	0.00	10.55	0.00	0.20
412	47.00	65.00	443.71	24883.20	22185.27	577339.21	577339.21	0.00	0.00	0.00	0.00	10.45	0.00	0.20
413	47.00	66.00	443.71	24883.20	22185.27	577339.21	577339.21	0.00	0.00	0.00	0.00	10.49	0.00	0.20
414	47.00	67.00	443.71	24883.20	22185.27	577339.21	577339.21	0.00	0.00	0.00	0.00	10.49	0.00	0.20
415	48.00	67.00	443.71	24883.20	22185.27	577339.21	577339.21	0.00	0.00	0.00	0.00	10.40	0.00	0.20
416	48.00	68.00	443.71	24883.20	22185.27	577339.21	577339.21	0.00	0.00	0.00	0.00	10.34	0.00	0.20
417	48.00	69.00	443.71	24883.20	22185.27	577339.21	577339.21	0.00	0.00	0.00	0.00	10.40	0.00	0.20
418	49.00	69.00	443.71	24883.20	22185.27	577339.21	577339.21	0.00	0.00	0.00	0.00	10.31	0.00	0.20
419	50.00	69.00	443.71	24883.20	22185.27	577339.21	577339.21	0.00	0.00	0.00	0.00	10.22	0.00	0.20
420	51.00	69.00	443.71	24883.20	22185.27	577339.21	577339.21	0.00	0.00	0.00	0.00	10.14	0.00	0.20
421	52.00	69.00	443.71	24883.20	22185.27	577339.21	577339.21	0.00	0.00	0.00	0.00	10.05	0.00	0.20
422	52.00	70.00	443.71	24883.20	22185.27	577339.21	577339.21	0.00	0.00	0.00	0.00	10.02	0.00	0.20
423	53.00	70.00	443.71	24883.20	22185.27	577339.21	577339.21	0.00	0.00	0.00	0.00	9.94	0.00	0.20
424	54.00	70.00	443.71	24883.20	22185.27	577339.21	577339.21	0.00	0.00	0.00	0.00	9.86	0.00	0.20
425	55.00	70.00	443.71	24883.20	22185.27	577339.21	577339.21	0.00	0.00	0.00	0.00	9.78	0.00	0.20
426	55.00	71.00	443.71	24883.20	22185.27	577339.21	577339.21	0.00	0.00	0.00	0.00	9.74	0.00	0.20
427	56.00	71.00	443.71	24883.20	22185.27	577339.21	577339.21	0.00	0.00	0.00	0.00	9.67	0.00	0.20
428	56.00	72.00	443.71	24883.20	22185.27	577339.21	577339.21	0.00	0.00	0.00	0.00	9.70	0.00	0.20
429	56.00	73.00	443.71	24883.20	22185.27	577339.21	577339.21	0.00	0.00	0.00	0.00	9.78	0.00	0.20
430	56.00	74.00	443.71	24883.20	22185.27	577339.21	577339.21	0.00	0.00	0.00	0.00	9.85	0.00	0.20
431	57.00	74.00	443.71	24883.20	22185.27	577339.21	577339.21	0.00	0.00	0.00	0.00	9.78	0.00	0.20
432	57.00	25.00	443.71	24883.20	22185.27	577339.21	577339.21	0.00	0.00	0.00	0.00	4.74	0.00	0.20
433	58.00	25.00	443.71	24883.20	22185.27	577339.21	577339.21	0.00	0.00	0.00	0.00	4.69	0.00	0.20
434	59.00	25.00	443.71	24883.20	22185.27	577339.21	577339.21	0.00	0.00	0.00	0.00	4.63	0.00	0.20
435	60.00	25.00	443.71	24883.20	22185.27	577339.21	577339.21	0.00	0.00	0.00	0.00	4.58	0.00	0.20
436	60.00	26.00	443.71	24883.20	22185.27	577339.21	577339.21	0.00	0.00	0.00	0.00	4.66	0.00	0.20
437	60.00	27.00	443.71	24883.20	22185.27	577339.21	577339.21	0.00	0.00	0.00	0.00	4.73	0.00	0.20
438	60.00	28.00	443.71	24883.20	22185.27	577339.21	577339.21	0.00	0.00	0.00	0.00	4.77	0.00	0.20
439	61.00	28.00	443.71	24883.20	22185.27	577339.21	577339.21	0.00	0.00	0.00	0.00	4.72	0.00	0.20
440	62.00	28.00	443.71	24883.20	22185.27	577339.21	577339.21	0.00	0.00	0.00	0.00	4.66	0.00	0.20
441	62.00	29.00	443.71	24883.20	22185.27	577339.21	577339.21	0.00	0.00	0.00	0.00	4.70	0.00	0.20
442	63.00	29.00	443.71	24883.20	22185.27	577339.21	577339.21	0.00	0.00	0.00	0.00	4.65	0.00	0.20
443	64.00	29.00	443.71	24883.20	22185.27	577339.21	577339.21	0.00	0.00	0.00	0.00	4.60	0.00	0.20
444	64.00	30.00	443.71	24883.20	22185.27	577339.21	577339.21	0.00	0.00	0.00	0.00	4.58	0.00	0.20
445	65.00	30.00	443.71	24883.20	22185.27	577339.21	577339.21	0.00	0.00	0.00	0.00	4.53	0.00	0.20
446	66.00	30.00	443.71	24883.20	22185.27	577339.21	577339.21	0.00	0.00	0.00	0.00	4.49	0.00	0.20
447	67.00	30.00	443.71	24883.20	22185.27	577339.21	577339.21	0.00	0.00	0.00	0.00	4.44	0.00	0.20
448	67.00	31.00	443.71	24883.20	22185.27	577339.21	577339.21	0.00	0.00	0.00	0.00	4.51	0.00	0.20
449	68.00	31.00	443.71	24883.20	22185.27	577339.21	577339.21	0.00	0.00	0.00	0.00	4.47	0.00	0.20
450	69.00	31.00	443.71	24883.20	22185.27	577339.21	577339.21	0.00	0.00	0.00	0.00	4.42	0.00	0.20
451	70.00	31.00	443.71	24883.20	22185.27	577339.21	577339.21	0.00	0.00	0.00	0.00	4.38	0.00	0.20
452	70.00	32.00	443.71	24883.20	22185.27	577339.21	577339.21	0.00	0.00	0.00	0.00	4.64	0.00	0.20
453	70.00	33.00	443.71	24883.20	22185.27	577339.21	577339.21	0.00	0.00	0.00	0.00	4.89	0.00	0.20
454	71.00	33.00	443.71	24883.20	22185.27	577339.21	577339.21	0.00	0.00	0.00	0.00	4.84	0.00	0.20
455	72.00	33.00	443.71	24883.20	22185.27	577339.21	577339.21	0.00	0.00	0.00	0.00	4.80	0.00	0.20
456	72.00	34.00	443.71	24883.20	22185.27	577339.21	577339.21	0.00	0.00	0.00	0.00	4.82	0.00	0.20
457	73.00	34.00	443.71	24883.20	22185.27	577339.21	577339.21	0.00	0.00	0.00	0.00	4.77	0.00	0.20
458	73.00	35.00	443.71	24883.20	22185.27	577339.21	577339.21	0.00	0.00	0.00	0.00	4.93	0.00	0.20
459	74.00	35.00	443.71	24883.20	22185.27	577339.21	577339.21	0.00	0.00	0.00	0.00	4.88	0.00	0.20
460	25.00	35.00	443.71	24883.20	22185.27	577339.21	577339.21	0.00	0.00	0.00	0.00	8.87	0.00	0.20
461	26.00	35.00	443.71	24883.20	22185.27	577339.21	577339.21	0.00	0.00	0.00	0.00	8.73	0.00	0.20
462	27.00	35.00	443.71	24883.20	22185.27	577339.21	577339.21	0.00	0.00	0.00	0.00	8.59	0.00	0.20
463	27.00	36.00	443.71	24883.20	22185.27	577339.21	577339.21	0.00	0.00	0.00	0.00	8.49	0.00	0.20
464	27.00	37.00	443.71	24883.20	22185.27	577339.21	577339.21	0.00	0.00	0.00	0.00	8.55	0.00	0.20
465	28.00	37.00	443.71	24883.20	22185.27	577339.21	577339.21	0.00	0.00	0.00	0.00	8.42	0.00	0.20
466	29.00	37.00	443.71	24883.20	22185.27	577339.21	577339.21	0.00	0.00	0.00	0.00	8.29	0.00	0.20
467	30.00	37.00	443.71	24883.20	22185.27	543405.17	543405.17	0.00	0.00	0.00	0.00	8.17	0.00	0.13
468	30.00	38.00	443.71	24883.20	22185.27	543405.17	543405.17	0.00	0.00	0.00	0.00	8.21	0.00	0.13
469	30.00	39.00	443.71	24883.20	22185.27	543405.17	543405.17	0.00	0.00	0.00	0.00	8.18	0.00	0.13
470	31.00	39.00	443.71	24883.20	22185.27	543405.17	543405.17	0.00	0.00	0.00	0.00	8.06	0.00	0.13
471	32.00	39.00	443.71	24883.20	22185.27	543405.17	543405.17	0.00	0.00	0.00	0.00	7.95	0.00	0.13
472	33.00	39.00	443.71	24883.20	22185.27	543405.17	543405.17	0.00	0.00	0.00	0.00	7.84	0.00	0.13
473	33.00	40.00	443.71	24883.20	22185.27	543405.17	543405.17	0.00	0.00	0.00	0.00	7.84	0.00	0.13
474	33.00	41.00	443.71	24883.20	22185.27	543405.17	543405.17	0.00	0.00	0.00	0.00	7.85	0.00	0.13
475	33.00	42.00	443.71	24883.20	22185.27	543405.17	543405.17	0.00	0.00	0.00	0.00	8.45	0.00	0.13
476	34.00	42.00	443.71	24883.20	22185.27	543405.17	543405.17	0.00	0.00	0.00	0.00	8.34	0.00	0.13
477	35.00	42.00	443.71	24883.20	22185.27	543405.17	543405.17	0.00	0.00	0.00	0.00	8.23	0.00	0.13
478	36.00	42.00	443.71	24883.20	22185.27	543405.17	543405.17	0.00	0.00	0.00	0.00	8.13	0.00	0.13
479	36.00	43.00	443.71	24883.20	22185.27	543405.17	543405.17	0.00	0.00	0.00	0.00	8.08	0.00	0.13
480	36.00	44.00	443.71	24883.20	22185.27	543405.17	543405.17	0.00	0.00	0.00	0.00	8.78	0.00	0.13
481	37.00	44.00	443.71	24883.20	22185.27	543405.17	543405.17	0.00	0.00	0.00	0.00	8.68	0.00	0.13
482	37.00	45.00	443.71	24883.20	22185.27	543405.17	543405.17	0.00	0.00	0.00	0.00	8.71	0.00	0.13
483	37.00	46.00	443.71	24883.20	22185.27	543405.17	543405.17	0.00	0.00	0.00	0.00	8.63	0.00	0.13
484	38.00	46.00	443.71	24883.20	22185.27	543405.17	543405.17	0.00	0.00	0.00	0.00	8.53	0.00	0.13
485	38.00	47.00	443.71	24883.20	22185.27	543405.17	543405.17	0.00	0.00	0.00	0.00	8.57	0.00	0.13
486	38.00	48.00	443.71	24883.20	22185.27	543405.17	543405.17	0.00	0.00	0.00	0.00	8.70	0.00	0.13
487	38.00	49.00	443.71	24883.20	22185.27	543405.17	543405.17	0.00	0.00	0.00	0.00	8.62	0.00	0.13
488	38.00	50.00	443.71	24883.20	22185.27	543405.17	543405.17	0.00	0.00	0.00	0.00	8.59	0.00	0.13
489	38.00	51.00	443.71	24883.20	22185.27	543405.17	543405.17	0.00	0.00	0.00	0.00	8.67	0.00	0.13
490	38.00	52.00	443.71	24883.20	22185.27	543405.17	543405.17	0.00	0.00	0.00	0.00	8.99	0.00	0.13
491	38.00	53.00	443.71	24883.20	22185.27	543405.17	543405.17	0.00	0.00	0.00	0.00	9.00	0.00	0.13
492	38.00	54.00	443.71	24883.20	22185.27	543405.17	543405.17	0.00	0.00	0.00	0.00	9.08	0.00	0.13
493	39.00	54.00	443.71	24883.20	22185.27	543405.17	543405.17	0.00	0.00	0.00	0.00	8.99	0.00	0.13
494	39.00	55.00	443.71	24883.20	22185.27	543405.17	543405.17	0.00	0.00	0.00	0.00	8.92	0.00	0.13
495	39.00	56.00	443.71	24883.20	22185.27	543405.17	543405.17	0.00	0.00	0.00	0.00	8.91	0.00	0.13
496	39.00	57.00	443.71	24883.20	22185.27	543405.17	543405.17	0.00	0.00	0.00	0.00	8.85	0.00	0.13
497	39.00	58.00	443.71	24883.20	22185.27	543405.17	543405.17	0.00	0.00	0.00	0.00	8.82	0.00	0.13
498	40.00	58.00	443.71	24883.20	22185.27	543405.17	543405.17	0.00	0.00	0.00	0.00	8.73	0.00	0.13
499	40.00	59.00	443.71	24883.20	22185.27	543405.17	543405.17	0.00	0.00	0.00	0.00	8.76	0.00	0.13
500	40.00	60.00	443.71	24883.20	22185.27	543405.17	543405.17	0.00	0.00	0.00	0.00	8.70	0.00	0.13
501	41.00	60.00	377.15	29859.84	18857.48	543405.17	543405.17	0.00	0.00	0.00	0.00	8.61	0.00	0.13
502	41.00	61.00	377.15	29859.84	18857.48	543405.17	543405.17	0.00	0.00	0.00	0.00	8.55	0.00	0.13
503	41.00	62.00	377.15	29859.84	18857.48	543405.17	543405.17	0.00	0.00	0.00	0.00	8.69	0.00	0.13
504	41.00	63.00	377.15	29859.84	18857.48	543405.17	543405.17	0.00	0.00	0.00	0.00	8.72	0.00	0.13
505	41.00	64.00	377.15	29859.84	18857.48	543405.17	543405.17	0.00	0.00	0.00	0.00	8.74	0.00	0.13
506	42.00	64.00	377.15	29859.84	18857.48	543405.17	543405.17	0.00	0.00	0.00	0.00	8.66	0.00	0.13
507	43.00	64.00	377.15	29859.84	18857.48	543405.17	543405.17	0.00	0.00	0.00	0.00	8.58	0.00	0.13
508	43.00	65.00	377.15	29859.84	18857.48	543405.17	543405.17	0.00	0.00	0.00	0.00	8.56	0.00	0.13
509	43.00	66.00	377.15	29859.84	18857.48	543405.17	543405.17	0.00	0.00	0.00	0.00	8.66	0.00	0.13
510	43.00	67.00	377.15	29859.84	18857.48	543405.17	543405.17	0.00	0.00	0.00	0.00	8.65	0.00	0.13
511	43.00	68.00	377.15	29859.84	18857.48	543405.17	543405.17	0.00	0.00	0.00	0.00	8.65	0.00	0.13
512	44.00	68.00	377.15	29859.84	18857.48	543405.17	543405.17	0.00	0.00	0.00	0.00	8.57	0.00	0.13
513	45.00	68.00	377.15	29859.84	18857.48	543405.17	543405.17	0.00	0.00	0.00	0.00	8.49	0.00	0.13
514	45.00	69.00	377.15	29859.84	18857.48	543405.17	543405.17	0.00	0.00	0.00	0.00	8.55	0.00	0.13
515	45.00	70.00	377.15	29859.84	18857.48	543405.17	543405.17	0.00	0.00	0.00	0.00	8.51	0.00	0.13
516	46.00	70.00	377.15	29859.84	18857.48	543405.17	543405.17	0.00	0.00	0.00	0.00	8.43	0.00	0.13
517	47.00	70.00	377.15	29859.84	18857.48	543405.17	543405.17	0.00	0.00	0.00	0.00	8.36	0.00	0.13
518	47.00	71.00	377.15	29859.84	18857.48	543405.17	543405.17	0.00	0.00	0.00	0.00	8.42	0.00	0.13
519	48.00	71.00	377.15	29859.84	18857.48	543405.17	543405.17	0.00	0.00	0.00	0.00	8.35	0.00	0.13
520	48.00	72.00	377.15	29859.84	18857.48	543405.17	543405.17	0.00	0.00	0.00	0.00	8.30	0.00	0.13
521	48.00	73.00	377.15	29859.84	18857.48	543405.17	543405.17	0.00	0.00	0.00	0.00	8.30	0.00	0.13
522	49.00	73.00	377.15	29859.84	18857.48	543405.17	543405.17	0.00	0.00	0.00	0.00	8.23	0.00	0.13
523	50.00	73.00	377.15	29859.84	18857.48	543405.17	543405.17	0.00	0.00	0.00	0.00	8.16	0.00	0.13
524	50.00	74.00	377.15	29859.84	18857.48	543405.17	543405.17	0.00	0.00	0.00	0.00	8.19	0.00	0.13
525	50.00	25.00	377.15	29859.84	18857.48	543405.17	543405.17	0.00	0.00	0.00	0.00	3.41	0.00	0.13
526	51.00	25.00	377.15	29859.84	18857.48	543405.17	543405.17	0.00	0.00	0.00	0.00	3.36	0.00	0.13
527	52.00	25.00	377.15	29859.84	18857.48	543405.17	543405.17	0.00	0.00	0.00	0.00	3.32	0.00	0.13
528	53.00	25.00	377.15	29859.84	18857.48	543405.17	543405.17	0.00	0.00	0.00	0.00	3.28	0.00	0.13
529	54.00	25.00	377.15	29859.84	18857.48	543405.17	543405.17	0.00	0.00	0.00	0.00	3.23	0.00	0.13
530	54.00	26.00	377.15	29859.84	18857.48	543405.17	543405.17	0.00	0.00	0.00	0.00	3.23	0.00	0.13
531	54.00	27.00	377.15	29859.84	18857.48	543405.17	543405.17	0.00	0.00	0.00	0.00	3.22	0.00	0.13
532	54.00	28.00	377.15	29859.84	18857.48	543405.17	543405.17	0.00	0.00	0.00	0.00	4.30	0.00	0.13
533	55.00	28.00	377.15	29859.84	18857.48	543405.17	543405.17	0.00	0.00	0.00	0.00	4.24	0.00	0.13
534	56.00	28.00	377.15	29859.84	18857.48	543405.17	543405.17	0.00	0.00	0.00	0.00	4.19	0.00	0.13
535	57.00	28.00	377.15	29859.84	18857.48	543405.17	543405.17	0.00	0.00	0.00	0.00	4.14	0.00	0.13
536	57.00	29.00	377.15	29859.84	18857.48	543405.17	543405.17	0.00	0.00	0.00	0.00	4.13	0.00	0.13
537	58.00	29.00	377.15	29859.84	18857.48	543405.17	543405.17	0.00	0.00	0.00	0.00	4.08	0.00	0.13
538	58.00	30.00	377.15	29859.84	18857.48	543405.17	543405.17	0.00	0.00	0.00	0.00	4.23	0.00	0.13
539	59.00	30.00	377.15	29859.84	18857.48	543405.17	543405.17	0.00	0.00	0.00	0.00	4.18	0.00	0.13
540	60.00	30.00	377.15	29859.84	18857.48	543405.17	543405.17	0.00	0.00	0.00	0.00	4.13	0.00	0.13
541	61.00	30.00	377.15	29859.84	18857.48	543405.17	543405.17	0.00	0.00	0.00	0.00	4.09	0.00	0.13
542	61.00	31.00	377.15	29859.84	18857.48	543405.17	543405.17	0.00	0.00	0.00	0.00	4.13	0.00	0.13
543	62.00	31.00	377.15	29859.84	18857.48	543405.17	543405.17	0.00	0.00	0.00	0.00	4.09	0.00	0.13
544	63.00	31.00	377.15	29859.84	18857.48	543405.17	543405.17	0.00	0.00	0.00	0.00	4.04	0.00	0.13
545	64.00	31.00	377.15	29859.84	18857.48	543405.17	543405.17	0.00	0.00	0.00	0.00	4.00	0.00	0.13
546	65.00	31.00	377.15	29859.84	18857.48	543405.17	543405.17	0.00	0.00	0.00	0.00	3.96	0.00	0.13
547	65.00	32.00	377.15	29859.84	18857.48	543405.17	543405.17	0.00	0.00	0.00	0.00	4.28	0.00	0.13
548	66.00	32.00	377.15	29859.84	18857.48	543405.17	543405.17	0.00	0.00	0.00	0.00	4.24	0.00	0.13
549	67.00	32.00	377.15	29859.84	18857.48	543405.17	543405.17	0.00	0.00	0.00	0.00	4.20	0.00	0.13
550	68.00	32.00	377.15	29859.84	18857.48	543405.17	543405.17	0.00	0.00	0.00	0.00	4.15	0.00	0.13
551	68.00	33.00	377.15	29859.84	18857.48	543405.17	543405.17	0.00	0.00	0.00	0.00	4.23	0.00	0.13
552	68.00	34.00	377.15	29859.84	18857.48	543405.17	543405.17	0.00	0.00	0.00	0.00	4.32	0.00	0.13
553	68.00	35.00	377.15	29859.84	18857.48	543405.17	543405.17	0.00	0.00	0.00	0.00	4.38	0.00	0.13
554	68.00	36.00	377.15	29859.84	18857.48	543405.17	543405.17	0.00	0.00	0.00	0.00	4.42	0.00	0.13
555	69.00	36.00	377.15	29859.84	18857.48	543405.17	543405.17	0.00	0.00	0.00	0.00	4.38	0.00	0.13
556	70.00	36.00	377.15	29859.84	18857.48	543405.17	543405.17	0.00	0.00	0.00	0.00	4.34	0.00	0.13
557	70.00	37.00	377.15	29859.84	18857.48	543405.17	543405.17	0.00	0.00	0.00	0.00	4.38	0.00	0.13
558	71.00	37.00	377.15	29859.84	18857.48	543405.17	543405.17	0.00	0.00	0.00	0.00	4.34	0.00	0.13
559	72.00	37.00	377.15	29859.84	18857.48	543405.17	543405.17	0.00	0.00	0.00	0.00	4.30	0.00	0.13
560	73.00	37.00	377.15	29859.84	18857.48	543405.17	543405.17	0.00	0.00	0.00	0.00	4.26	0.00	0.13
561	74.00	37.00	377.15	29859.84	18857.48	543405.17	543405.17	0.00	0.00	0.00	0.00	4.22	0.00	0.13
562	25.00	37.00	377.15	29859.84	18857.48	543405.17	543405.17	0.00	0.00	0.00	0.00	7.56	0.00	0.13
563	26.00	37.00	377.15	29859.84	18857.48	543405.17	543405.17	0.00	0.00	0.00	0.00	7.44	0.00	0.13
564	26.00	38.00	377.15	29859.84	18857.48	543405.17	543405.17	0.00	0.00	0.00	0.00	7.38	0.00	0.13
565	27.00	38.00	377.15	29859.84	18857.48	543405.17	543405.17	0.00	0.00	0.00	0.00	7.26	0.00	0.13
566	27.00	39.00	377.15	29859.84	18857.48	543405.17	543405.17	0.00	0.00	0.00	0.00	7.47	0.00	0.13
567	27.00	40.00	377.15	29859.84	18857.48	543405.17	543405.17	0.00	0.00	0.00	0.00	7.46	0.00	0.13
568	28.00	40.00	377.15	29859.84	18857.48	543405.17	543405.17	0.00	0.00	0.00	0.00	7.35	0.00	0.13
569	28.00	41.00	377.15	29859.84	18857.48	543405.17	543405.17	0.00	0.00	0.00	0.00	7.43	0.00	0.13
570	29.00	41.00	377.15	29859.84	18857.48	540981.31	540981.31	0.00	0.00	0.00	0.00	7.32	0.00	0.13
571	30.00	41.00	377.15	29859.84	18857.48	540981.31	540981.31	0.00	0.00	0.00	0.00	7.22	0.00	0.13
572	30.00	42.00	377.15	29859.84	18857.48	540981.31	540981.31	0.00	0.00	0.00	0.00	7.34	0.00	0.13
573	31.00	42.00	377.15	29859.84	18857.48	540981.31	540981.31	0.00	0.00	0.00	0.00	7.24	0.00	0.13
574	32.00	42.00	377.15	29859.84	18857.48	540981.31	540981.31	0.00	0.00	0.00	0.00	7.14	0.00	0.13
575	32.00	43.00	377.15	29859.84	18857.48	540981.31	540981.31	0.00	0.00	0.00	0.00	7.24	0.00	0.13
576	33.00	43.00	377.15	29859.84	18857.48	540981.31	540981.31	0.00	0.00	0.00	0.00	7.14	0.00	0.13
577	34.00	43.00	377.15	29859.84	18857.48	540981.31	540981.31	0.00	0.00	0.00	0.00	7.05	0.00	0.13
578	35.00	43.00	377.15	29859.84	18857.48	540981.31	540981.31	0.00	0.00	0.00	0.00	6.96	0.00	0.13
579	35.00	44.00	377.15	29859.84	18857.48	540981.31	540981.31	0.00	0.00	0.00	0.00	6.91	0.00	0.13
580	36.00	44.00	377.15	29859.84	18857.48	540981.31	540981.31	0.00	0.00	0.00	0.00	6.82	0.00	0.13
581	36.00	45.00	377.15	29859.84	18857.48	540981.31	540981.31	0.00	0.00	0.00	0.00	6.82	0.00	0.13
582	37.00	45.00	377.15	29859.84	18857.48	540981.31	540981.31	0.00	0.00	0.00	0.00	6.73	0.00	0.13
583	38.00	45.00	377.15	29859.84	18857.48	540981.31	540981.31	0.00	0.00	0.00	0.00	6.65	0.00	0.13
584	39.00	45.00	377.15	29859.84	18857.48	540981.31	540981.31	0.00	0.00	0.00	0.00	6.57	0.00	0.13
585	39.00	46.00	377.15	29859.84	18857.48	540981.31	540981.31	0.00	0.00	0.00	0.00	6.63	0.00	0.13
586	40.00	46.00	377.15	29859.84	18857.48	540981.31	540981.31	0.00	0.00	0.00	0.00	6.55	0.00	0.13
587	41.00	46.00	377.15	29859.84	18857.48	540981.31	540981.31	0.00	0.00	0.00	0.00	6.48	0.00	0.13
588	41.00	47.00	377.15	29859.84	18857.48	540981.31	540981.31	0.00	0.00	0.00	0.00	6.53	0.00	0.13
589	42.00	47.00	377.15	29859.84	18857.48	540981.31	540981.31	0.00	0.00	0.00	0.00	6.46	0.00	0.13
590	43.00	47.00	377.15	29859.84	18857.48	540981.31	540981.31	0.00	0.00	0.00	0.00	6.39	0.00	0.13
591	43.00	48.00	377.15	29859.84	18857.48	540981.31	540981.31	0.00	0.00	0.00	0.00	6.48	0.00	0.13
592	43.00	49.00	377.15	29859.84	18857.48	540981.31	540981.31	0.00	0.00	0.00	0.00	6.65	0.00	0.13
593	44.00	49.00	377.15	29859.84	18857.48	540981.31	540981.31	0.00	0.00	0.00	0.00	6.58	0.00	0.13
594	44.00	50.00	377.15	29859.84	18857.48	540981.31	540981.31	0.00	0.00	0.00	0.00	6.54	0.00	0.13
595	44.00	51.00	377.15	29859.84	18857.48	540981.31	540981.31	0.00	0.00	0.00	0.00	6.61	0.00	0.13
596	44.00	52.00	377.15	29859.84	18857.48	540981.31	540981.31	0.00	0.00	0.00	0.00	6.63	0.00	0.13
597	45.00	52.00	377.15	29859.84	18857.48	540981.31	540981.31	0.00	0.00	0.00	0.00	6.56	0.00	0.13
598	46.00	52.00	377.15	29859.84	18857.48	540981.31	540981.31	0.00	0.00	0.00	0.00	6.49	0.00	0.13
599	47.00	52.00	377.15	29859.84	18857.48	540981.31	540981.31	0.00	0.00	0.00	0.00	6.43	0.00	0.13
600	47.00	53.00	377.15	29859.84	18857.48	540981.31	540981.31	0.00	0.00	0.00	0.00	6.39	0.00	0.13
601	48.00	53.00	320.58	35831.81	16028.85	540981.31	540981.31	0.00	0.00	0.00	0.00	6.33	0.00	0.13
602	49.00	53.00	320.58	35831.81	16028.85	540981.31	540981.31	0.00	0.00	0.00	0.00	6.27	0.00	0.13
603	50.00	53.00	320.58	35831.81	16028.85	540981.31	540981.31	0.00	0.00	0.00	0.00	6.21	0.00	0.13
604	51.00	53.00	320.58	35831.81	16028.85	540981.31	540981.31	0.00	0.00	0.00	0.00	6.15	0.00	0.13
605	51.00	54.00	320.58	35831.81	16028.85	540981.31	540981.31	0.00	0.00	0.00	0.00	6.19	0.00	0.13
606	51.00	55.00	320.58	35831.81	16028.85	540981.31	540981.31	0.00	0.00	0.00	0.00	6.16	0.00	0.13
607	52.00	55.00	320.58	35831.81	16028.85	540981.31	540981.31	0.00	0.00	0.00	0.00	6.10	0.00	0.13
608	52.00	56.00	320.58	35831.81	16028.85	540981.31	540981.31	0.00	0.00	0.00	0.00	6.19	0.00	0.13
609	53.00	56.00	320.58	35831.81	16028.85	540981.31	540981.31	0.00	0.00	0.00	0.00	6.13	0.00	0.13
610	53.00	57.00	320.58	35831.81	16028.85	540981.31	540981.31	0.00	0.00	0.00	0.00	6.11	0.00	0.13
611	53.00	58.00	320.58	35831.81	16028.85	540981.31	540981.31	0.00	0.00	0.00	0.00	6.24	0.00	0.13
612	54.00	58.00	320.58	35831.81	16028.85	540981.31	540981.31	0.00	0.00	0.00	0.00	6.19	0.00	0.13
613	55.00	58.00	320.58	35831.81	16028.85	540981.31	540981.31	0.00	0.00	0.00	0.00	6.13	0.00	0.13
614	55.00	59.00	320.58	35831.81	16028.85	540981.31	540981.31	0.00	0.00	0.00	0.00	6.30	0.00	0.13
615	56.00	59.00	320.58	35831.81	16028.85	540981.31	540981.31	0.00	0.00	0.00	0.00	6.25	0.00	0.13
616	57.00	59.00	320.58	35831.81	16028.85	540981.31	540981.31	0.00	0.00	0.00	0.00	6.20	0.00	0.13
617	58.00	59.00	320.58	35831.81	16028.85	540981.31	540981.31	0.00	0.00	0.00	0.00	6.14	0.00	0.13
618	58.00	60.00	320.58	35831.81	16028.85	540981.31	540981.31	0.00	0.00	0.00	0.00	6.11	0.00	0.13
619	58.00	61.00	320.58	35831.81	16028.85	540981.31	540981.31	0.00	0.00	0.00	0.00	6.16	0.00	0.13
620	58.00	62.00	320.58	35831.81	16028.85	540981.31	540981.31	0.00	0.00	0.00	0.00	6.17	0.00	0.13
621	59.00	62.00	320.58	35831.81	16028.85	540981.31	540981.31	0.00	0.00	0.00	0.00	6.12	0.00	0.13
622	59.00	63.00	320.58	35831.81	16028.85	540981.31	540981.31	0.00	0.00	0.00	0.00	6.29	0.00	0.13
623	60.00	63.00	320.58	35831.81	16028.85	540981.31	540981.31	0.00	0.00	0.00	0.00	6.24	0.00	0.13
624	61.00	63.00	320.58	35831.81	16028.85	540981.31	540981.31	0.00	0.00	0.00	0.00	6.19	0.00	0.13
625	62.00	63.00	320.58	35831.81	16028.85	540981.31	540981.31	0.00	0.00	0.00	0.00	6.14	0.00	0.13
626	63.00	63.00	320.58	35831.81	16028.85	538557.45	538557.45	0.00	0.00	0.00	0.00	6.09	0.00	0.12
627	63.00	64.00	320.58	35831.81	16028.85	538557.45	538557.45	0.00	0.00	0.00	0.00	6.06	0.00	0.12
628	63.00	65.00	320.58	35831.81	16028.85	538557.45	538557.45	0.00	0.00	0.00	0.00	6.04	0.00	0.12
629	63.00	66.00	320.58	35831.81	16028.85	538557.45	538557.45	0.00	0.00	0.00	0.00	6.09	0.00	0.12
630	63.00	67.00	320.58	35831.81	16028.85	538557.45	538557.45	0.00	0.00	0.00	0.00	6.06	0.00	0.12
631	63.00	68.00	320.58	35831.81	16028.85	538557.45	538557.45	0.00	0.00	0.00	0.00	6.04	0.00	0.12
632	63.00	69.00	320.58	35831.81	16028.85	538557.45	538557.45	0.00	0.00	0.00	0.00	6.17	0.00	0.12
633	64.00	69.00	320.58	35831.81	16028.85	538557.45	538557.45	0.00	0.00	0.00	0.00	6.12	0.00	0.12
634	65.00	69.00	320.58	35831.81	16028.85	538557.45	538557.45	0.00	0.00	0.00	0.00	6.08	0.00	0.12
635	66.00	69.00	320.58	35831.81	16028.85	538557.45	538557.45	0.00	0.00	0.00	0.00	6.03	0.00	0.12
636	66.00	70.00	320.58	35831.81	16028.85	538557.45	538557.45	0.00	0.00	0.00	0.00	6.07	0.00	0.12
637	67.00	70.00	320.58	35831.81	16028.85	538557.45	538557.45	0.00	0.00	0.00	0.00	6.03	0.00	0.12
638	68.00	70.00	320.58	35831.81	16028.85	538557.45	538557.45	0.00	0.00	0.00	0.00	5.98	0.00	0.12
639	69.00	70.00	320.58	35831.81	16028.85	538557.45	538557.45	0.00	0.00	0.00	0.00	5.94	0.00	0.12
640	69.00	71.00	320.58	35831.81	16028.85	538557.45	538557.45	0.00	0.00	0.00	0.00	6.00	0.00	0.12
641	70.00	71.00	320.58	35831.81	16028.85	538557.45	538557.45	0.00	0.00	0.00	0.00	5.96	0.00	0.12
642	71.00	71.00	320.58	35831.81	16028.85	538557.45	538557.45	0.00	0.00	0.00	0.00	5.92	0.00	0.12
643	72.00	71.00	320.58	35831.81	16028.85	538557.45	538557.45	0.00	0.00	0.00	0.00	5.87	0.00	0.12
644	73.00	71.00	320.58	35831.81	16028.85	538557.45	538557.45	0.00	0.00	0.00	0.00	5.83	0.00	0.12
645	73.00	72.00	320.58	35831.81	16028.85	538557.45	538557.45	0.00	0.00	0.00	0.00	5.81	0.00	0.12
646	73.00	73.00	320.58	35831.81	16028.85	538557.45	538557.45	0.00	0.00	0.00	0.00	5.85	0.00	0.12
647	73.00	74.00	320.58	35831.81	16028.85	538557.45	538557.45	0.00	0.00	0.00	0.00	5.86	0.00	0.12
648	74.00	74.00	320.58	35831.81	16028.85	538557.45	538557.45	0.00	0.00	0.00	0.00	5.82	0.00	0.12
649	25.00	74.00	320.58	35831.81	16028.85	540981.31	540981.31	0.00	0.00	0.00	0.00	8.70	0.00	0.13
650	26.00	74.00	320.58	35831.81	16028.85	540981.31	540981.31	0.00	0.00	0.00	0.00	8.61	0.00	0.13
651	26.00	25.00	320.58	35831.81	16028.85	540981.31	540981.31	0.00	0.00	0.00	0.00	3.99	0.00	0.13
652	26.00	26.00	320.58	35831.81	16028.85	540981.31	540981.31	0.00	0.00	0.00	0.00	4.07	0.00	0.13
653	27.00	26.00	320.58	35831.81	16028.85	540981.31	540981.31	0.00	0.00	0.00	0.00	4.00	0.00	0.13
654	28.00	26.00	320.58	35831.81	16028.85	540981.31	540981.31	0.00	0.00	0.00	0.00	3.92	0.00	0.13
655	28.00	27.00	320.58	35831.81	16028.85	540981.31	540981.31	0.00	0.00	0.00	0.00	4.00	0.00	0.13
656	29.00	27.00	320.58	35831.81	16028.85	540981.31	540981.31	0.00	0.00	0.00	0.00	3.93	0.00	0.13
657	30.00	27.00	320.58	35831.81	16028.85	540981.31	540981.31	0.00	0.00	0.00	0.00	3.86	0.00	0.13
658	31.00	27.00	320.58	35831.81	16028.85	540981.31	540981.31	0.00	0.00	0.00	0.00	3.79	0.00	0.13
659	31.00	28.00	320.58	35831.81	16028.85	540981.31	540981.31	0.00	0.00	0.00	0.00	3.77	0.00	0.13
660	32.00	28.00	320.58	35831.81	16028.85	540981.31	540981.31	0.00	0.00	0.00	0.00	3.71	0.00	0.13
661	32.00	29.00	320.58	35831.81	16028.85	540981.31	540981.31	0.00	0.00	0.00	0.00	3.70	0.00	0.13
662	33.00	29.00	320.58	35831.81	16028.85	540981.31	540981.31	0.00	0.00	0.00	0.00	3.64	0.00	0.13
663	33.00	30.00	320.58	35831.81	16028.85	540981.31	540981.31	0.00	0.00	0.00	0.00	3.69	0.00	0.13
664	33.00	31.00	320.58	35831.81	16028.85	540981.31	540981.31	0.00	0.00	0.00	0.00	3.80	0.00	0.13
665	34.00	31.00	320.58	35831.81	16028.85	540981.31	540981.31	0.00	0.00	0.00	0.00	3.74	0.00	0.13
666	34.00	32.00	320.58	35831.81	16028.85	540981.31	540981.31	0.00	0.00	0.00	0.00	4.11	0.00	0.13
667	34.00	33.00	320.58	35831.81	16028.85	540981.31	540981.31	0.00	0.00	0.00	0.00	4.16	0.00	0.13
668	35.00	33.00	320.58	35831.81	16028.85	540981.31	540981.31	0.00	0.00	0.00	0.00	4.09	0.00	0.13
669	36.00	33.00	320.58	35831.81	16028.85	540981.31	540981.31	0.00	0.00	0.00	0.00	4.04	0.00	0.13
670	37.00	33.00	320.58	35831.81	16028.85	540981.31	540981.31	0.00	0.00	0.00	0.00	3.98	0.00	0.13
671	37.00	34.00	320.58	35831.81	16028.85	540981.31	540981.31	0.00	0.00	0.00	0.00	4.02	0.00	0.13
672	38.00	34.00	320.58	35831.81	16028.85	540981.31	540981.31	0.00	0.00	0.00	0.00	3.97	0.00	0.13
673	38.00	35.00	320.58	35831.81	16028.85	540981.31	540981.31	0.00	0.00	0.00	0.00	4.01	0.00	0.13
674	38.00	36.00	320.58	35831.81	16028.85	540981.31	540981.31	0.00	0.00	0.00	0.00	4.34	0.00	0.13
675	38.00	37.00	320.58	35831.81	16028.85	540981.31	540981.31	0.00	0.00	0.00	0.00	4.76	0.00	0.13
676	39.00	37.00	320.58	35831.81	16028.85	540981.31	540981.31	0.00	0.00	0.00	0.00	4.69	0.00	0.13
677	39.00	38.00	320.58	35831.81	16028.85	540981.31	540981.31	0.00	0.00	0.00	0.00	4.81	0.00	0.13
678	40.00	38.00	320.58	35831.81	16028.85	540981.31	540981.31	0.00	0.00	0.00	0.00	4.75	0.00	0.13
679	40.00	39.00	320.58	35831.81	16028.85	540981.31	540981.31	0.00	0.00	0.00	0.00	4.83	0.00	0.13
680	41.00	39.00	320.58	35831.81	16028.85	540981.31	540981.31	0.00	0.00	0.00	0.00	4.77	0.00	0.13
681	42.00	39.00	320.58	35831.81	16028.85	540981.31	540981.31	0.00	0.00	0.00	0.00	4.71	0.00	0.13
682	42.00	40.00	320.58	35831.81	16028.85	540981.31	540981.31	0.00	0.00	0.00	0.00	4.93	0.00	0.13
683	42.00	41.00	320.58	35831.81	16028.85	540981.31	540981.31	0.00	0.00	0.00	0.00	5.01	0.00	0.13
684	42.00	42.00	320.58	35831.81	16028.85	540981.31	540981.31	0.00	0.00	0.00	0.00	5.18	0.00	0.13
685	43.00	42.00	320.58	35831.81	16028.85	540981.31	540981.31	0.00	0.00	0.00	0.00	5.12	0.00	0.13
686	44.00	42.00	320.58	35831.81	16028.85	540981.31	540981.31	0.00	0.00	0.00	0.00	5.06	0.00	0.13
687	44.00	43.00	320.58	35831.81	16028.85	540981.31	540981.31	0.00	0.00	0.00	0.00	5.14	0.00	0.13
688	44.00	44.00	320.58	35831.81	16028.85	540981.31	540981.31	0.00	0.00	0.00	0.00	5.21	0.00	0.13
689	44.00	45.00	320.58	35831.81	16028.85	540981.31	540981.31	0.00	0.00	0.00	0.00	5.28	0.00	0.13
690	45.00	45.00	320.58	35831.81	16028.85	540981.31	540981.31	0.00	0.00	0.00	0.00	5.22	0.00	0.13
691	46.00	45.00	320.58	35831.81	16028.85	538557.45	538557.45	0.00	0.00	0.00	0.00	5.16	0.00	0.12
692	46.00	46.00	320.58	35831.81	16028.85	538557.45	538557.45	0.00	0.00	0.00	0.00	5.23	0.00	0.12
693	47.00	46.00	320.58	35831.81	16028.85	538557.45	538557.45	0.00	0.00	0.00	0.00	5.17	0.00	0.12
694	48.00	46.00	320.58	35831.81	16028.85	538557.45	538557.45	0.00	0.00	0.00	0.00	5.12	0.00	0.12
695	49.00	46.00	320.58	35831.81	16028.85	538557.45	538557.45	0.00	0.00	0.00	0.00	5.06	0.00	0.12
696	49.00	47.00	320.58	35831.81	16028.85	538557.45	538557.45	0.00	0.00	0.00	0.00	5.10	0.00	0.12
697	50.00	47.00	320.58	35831.81	16028.85	538557.45	538557.45	0.00	0.00	0.00	0.00	5.04	0.00	0.12
698	50.00	48.00	320.58	35831.81	16028.85	538557.45	538557.45	0.00	0.00	0.00	0.00	5.11	0.00	0.12
699	50.00	49.00	320.58	35831.81	16028.85	538557.45	538557.45	0.00	0.00	0.00	0.00	5.23	0.00	0.12
700	50.00	50.00	320.58	35831.81	16028.85	538557.45	538557.45	0.00	0.00	0.00	0.00	5.21	0.00	0.12
701	50.00	51.00	272.49	42998.17	13624.53	538557.45	538557.45	0.00	0.00	0.00	0.00	5.56	0.00	0.12
702	51.00	51.00	272.49	42998.17	13624.53	538557.45	538557.45	0.00	0.00	0.00	0.00	5.51	0.00	0.12
703	51.00	52.00	272.49	42998.17	13624.53	538557.45	538557.45	0.00	0.00	0.00	0.00	5.48	0.00	0.12
704	51.00	53.00	272.49	42998.17	13624.53	538557.45	538557.45	0.00	0.00	0.00	0.00	5.72	0.00	0.12
705	51.00	54.00	272.49	42998.17	13624.53	538557.45	538557.45	0.00	0.00	0.00	0.00	5.76	0.00	0.12
706	51.00	55.00	272.49	42998.17	13624.53	538557.45	538557.45	0.00	0.00	0.00	0.00	5.97	0.00	0.12
707	51.00	56.00	272.49	42998.17	13624.53	538557.45	538557.45	0.00	0.00	0.00	0.00	5.93	0.00	0.12
708	52.00	56.00	272.49	42998.17	13624.53	538557.45	538557.45	0.00	0.00	0.00	0.00	5.87	0.00	0.12
709	53.00	56.00	272.49	42998.17	13624.53	538557.45	538557.45	0.00	0.00	0.00	0.00	5.82	0.00	0.12
710	53.00	57.00	272.49	42998.17	13624.53	538557.45	538557.45	0.00	0.00	0.00	0.00	5.91	0.00	0.12
711	54.00	57.00	272.49	42998.17	13624.53	538557.45	538557.45	0.00	0.00	0.00	0.00	5.86	0.00	0.12
712	55.00	57.00	272.49	42998.17	13624.53	538557.45	538557.45	0.00	0.00	0.00	0.00	5.81	0.00	0.12
713	55.00	58.00	272.49	42998.17	13624.53	538557.45	538557.45	0.00	0.00	0.00	0.00	5.83	0.00	0.12
714	56.00	58.00	272.49	42998.17	13624.53	538557.45	538557.45	0.00	0.00	0.00	0.00	5.78	0.00	0.12
715	57.00	58.00	272.49	42998.17	13624.53	538557.45	538557.45	0.00	0.00	0.00	0.00	5.73	0.00	0.12
716	57.00	59.00	272.49	42998.17	13624.53	538557.45	538557.45	0.00	0.00	0.00	0.00	5.73	0.00	0.12
717	58.00	59.00	272.49	42998.17	13624.53	538557.45	538557.45	0.00	0.00	0.00	0.00	5.68	0.00	0.12
718	58.00	60.00	272.49	42998.17	13624.53	538557.45	538557.45	0.00	0.00	0.00	0.00	5.73	0.00	0.12
719	59.00	60.00	272.49	42998.17	13624.53	538557.45	538557.45	0.00	0.00	0.00	0.00	5.68	0.00	0.12
720	60.00	60.00	272.49	42998.17	13624.53	538557.45	538557.45	0.00	0.00	0.00	0.00	5.63	0.00	0.12
721	61.00	60.00	272.49	42998.17	13624.53	538557.45	538557.45	0.00	0.00	0.00	0.00	5.59	0.00	0.12
722	61.00	61.00	272.49	42998.17	13624.53	538557.45	538557.45	0.00	0.00	0.00	0.00	5.72	0.00	0.12
723	61.00	62.00	272.49	42998.17	13624.53	538557.45	538557.45	0.00	0.00	0.00	0.00	5.70	0.00	0.12
724	61.00	63.00	272.49	42998.17	13624.53	538557.45	538557.45	0.00	0.00	0.00	0.00	5.68	0.00	0.12
725	61.00	64.00	272.49	42998.17	13624.53	538557.45	538557.45	0.00	0.00	0.00	0.00	5.72	0.00	0.12
726	62.00	64.00	272.49	42998.17	13624.53	538557.45	538557.45	0.00	0.00	0.00	0.00	5.68	0.00	0.12
727	63.00	64.00	272.49	42998.17	13624.53	538557.45	538557.45	0.00	0.00	0.00	0.00	5.63	0.00	0.12
728	64.00	64.00	272.49	42998.17	13624.53	538557.45	538557.45	0.00	0.00	0.00	0.00	5.59	0.00	0.12
729	64.00	65.00	272.49	42998.17	13624.53	538557.45	538557.45	0.00	0.00	0.00	0.00	5.57	0.00	0.12
730	64.00	66.00	272.49	42998.17	13624.53	538557.45	538557.45	0.00	0.00	0.00	0.00	5.73	0.00	0.12
731	65.00	66.00	272.49	42998.17	13624.53	538557.45	538557.45	0.00	0.00	0.00	0.00	5.69	0.00	0.12
732	65.00	67.00	272.49	42998.17	13624.53	538557.45	538557.45	0.00	0.00	0.00	0.00	5.67	0.00	0.12
733	66.00	67.00	272.49	42998.17	13624.53	538557.45	538557.45	0.00	0.00	0.00	0.00	5.62	0.00	0.12
734	67.00	67.00	272.49	42998.17	13624.53	538557.45	538557.45	0.00	0.00	0.00	0.00	5.58	0.00	0.12
735	67.00	68.00	272.49	42998.17	13624.53	538557.45	538557.45	0.00	0.00	0.00	0.00	5.59	0.00	0.12
736	67.00	69.00	272.49	42998.17	13624.53	538557.45	538557.45	0.00	0.00	0.00	0.00	5.66	0.00	0.12
737	67.00	70.00	272.49	42998.17	13624.53	538557.45	538557.45	0.00	0.00	0.00	0.00	5.64	0.00	0.12
738	68.00	70.00	272.49	42998.17	13624.53	538557.45	538557.45	0.00	0.00	0.00	0.00	5.60	0.00	0.12
739	69.00	70.00	272.49	42998.17	13624.53	538557.45	538557.45	0.00	0.00	0.00	0.00	5.56	0.00	0.12
740	69.00	71.00	272.49	42998.17	13624.53	538557.45	538557.45	0.00	0.00	0.00	0.00	5.54	0.00	0.12
741	70.00	71.00	272.49	42998.17	13624.53	538557.45	538557.45	0.00	0.00	0.00	0.00	5.50	0.00	0.12
742	71.00	71.00	272.49	42998.17	13624.53	538557.45	538557.45	0.00	0.00	0.00	0.00	5.46	0.00	0.12
743	71.00	72.00	272.49	42998.17	13624.53	538557.45	538557.45	0.00	0.00	0.00	0.00	5.49	0.00	0.12
744	71.00	73.00	272.49	42998.17	13624.53	538557.45	538557.45	0.00	0.00	0.00	0.00	5.51	0.00	0.12
745	71.00	74.00	272.49	42998.17	13624.53	538557.45	538557.45	0.00	0.00	0.00	0.00	5.53	0.00	0.12
746	72.00	74.00	272.49	42998.17	13624.53	538557.45	538557.45	0.00	0.00	0.00	0.00	5.49	0.00	0.12
747	72.00	25.00	272.49	42998.17	13624.53	538557.45	538557.45	0.00	0.00	0.00	0.00	2.24	0.00	0.12
748	72.00	26.00	272.49	42998.17	13624.53	538557.45	538557.45	0.00	0.00	0.00	0.00	2.24	0.00	0.12
749	73.00	26.00	272.49	42998.17	13624.53	538557.45	538557.45	0.00	0.00	0.00	0.00	2.22	0.00	0.12
750	74.00	26.00	272.49	42998.17	13624.53	538557.45	538557.45	0.00	0.00	0.00	0.00	2.20	0.00	0.12
751	74.00	27.00	272.49	42998.17	13624.53	538557.45	538557.45	0.00	0.00	0.00	0.00	2.29	0.00	0.12
752	25.00	27.00	272.49	42998.17	13624.53	538557.45	538557.45	0.00	0.00	0.00	0.00	4.44	0.00	0.12
753	25.00	28.00	272.49	42998.17	13624.53	538557.45	538557.45	0.00	0.00	0.00	0.00	4.58	0.00	0.12
754	26.00	28.00	272.49	42998.17	13624.53	538557.45	538557.45	0.00	0.00	0.00	0.00	4.49	0.00	0.12
755	27.00	28.00	272.49	42998.17	13624.53	538557.45	538557.45	0.00	0.00	0.00	0.00	4.41	0.00	0.12
756	28.00	28.00	272.49	42998.17	13624.53	538557.45	538557.45	0.00	0.00	0.00	0.00	4.33	0.00	0.12
757	28.00	29.00	272.49	42998.17	13624.53	538557.45	538557.45	0.00	0.00	0.00	0.00	4.31	0.00	0.12
758	29.00	29.00	272.49	42998.17	13624.53	538557.45	538557.45	0.00	0.00	0.00	0.00	4.23	0.00	0.12
759	30.00	29.00	272.49	42998.17	13624.53	538557.45	538557.45	0.00	0.00	0.00	0.00	4.16	0.00	0.12
760	31.00	29.00	272.49	42998.17	13624.53	538557.45	538557.45	0.00	0.00	0.00	0.00	4.09	0.00	0.12
761	31.00	30.00	272.49	42998.17	13624.53	538557.45	538557.45	0.00	0.00	0.00	0.00	4.30	0.00	0.12
762	32.00	30.00	272.49	42998.17	13624.53	538557.45	538557.45	0.00	0.00	0.00	0.00	4.23	0.00	0.12
763	33.00	30.00	272.49	42998.17	13624.53	538557.45	538557.45	0.00	0.00	0.00	0.00	4.17	0.00	0.12
764	33.00	31.00	272.49	42998.17	13624.53	538557.45	538557.45	0.00	0.00	0.00	0.00	4.34	0.00	0.12
765	33.00	32.00	272.49	42998.17	13624.53	538557.45	538557.45	0.00	0.00	0.00	0.00	4.62	0.00	0.12
766	34.00	32.00	272.49	42998.17	13624.53	538557.45	538557.45	0.00	0.00	0.00	0.00	4.55	0.00	0.12
767	34.00	33.00	272.49	42998.17	13624.53	538557.45	538557.45	0.00	0.00	0.00	0.00	4.96	0.00	0.12
768	34.00	34.00	272.49	42998.17	13624.53	538557.45	538557.45	0.00	0.00	0.00	0.00	4.93	0.00	0.12
769	34.00	35.00	272.49	42998.17	13624.53	538557.45	538557.45	0.00	0.00	0.00	0.00	5.07	0.00	0.12
770	35.00	35.00	272.49	42998.17	13624.53	538557.45	538557.45	0.00	0.00	0.00	0.00	4.99	0.00	0.12
771	36.00	35.00	272.49	42998.17	13624.53	538557.45	538557.45	0.00	0.00	0.00	0.00	4.92	0.00	0.12
772	37.00	35.00	272.49	42998.17	13624.53	538557.45	538557.45	0.00	0.00	0.00	0.00	4.86	0.00	0.12
773	38.00	35.00	272.49	42998.17	13624.53	538557.45	538557.45	0.00	0.00	0.00	0.00	4.79	0.00	0.12
774	39.00	35.00	272.49	42998.17	13624.53	538557.45	538557.45	0.00	0.00	0.00	0.00	4.72	0.00	0.12
775	39.00	36.00	272.49	42998.17	13624.53	538557.45	538557.45	0.00	0.00	0.00	0.00	4.81	0.00	0.12
776	40.00	36.00	272.49	42998.17	13624.53	538557.45	538557.45	0.00	0.00	0.00	0.00	4.75	0.00	0.12
777	40.00	37.00	272.49	42998.17	13624.53	538557.45	538557.45	0.00	0.00	0.00	0.00	4.94	0.00	0.12
778	41.00	37.00	272.49	42998.17	13624.53	538557.45	538557.45	0.00	0.00	0.00	0.00	4.88	0.00	0.12
779	41.00	38.00	272.49	42998.17	13624.53	538557.45	538557.45	0.00	0.00	0.00	0.00	4.96	0.00	0.12
780	42.00	38.00	272.49	42998.17	13624.53	538557.45	538557.45	0.00	0.00	0.00	0.00	4.90	0.00	0.12
781	42.00	39.00	272.49	42998.17	13624.53	538557.45	538557.45	0.00	0.00	0.00	0.00	4.87	0.00	0.12
782	43.00	39.00	272.49	42998.17	13624.53	538557.45	538557.45	0.00	0.00	0.00	0.00	4.81	0.00	0.12
783	43.00	40.00	272.49	42998.17	13624.53	538557.45	538557.45	0.00	0.00	0.00	0.00	4.92	0.00	0.12
784	43.00	41.00	272.49	42998.17	13624.53	538557.45	538557.45	0.00	0.00	0.00	0.00	4.89	0.00	0.12
785	43.00	42.00	272.49	42998.17	13624.53	538557.45	538557.45	0.00	0.00	0.00	0.00	5.07	0.00	0.12
786	43.00	43.00	272.49	42998.17	13624.53	538557.45	538557.45	0.00	0.00	0.00	0.00	5.04	0.00	0.12
787	43.00	44.00	272.49	42998.17	13624.53	538557.45	538557.45	0.00	0.00	0.00	0.00	5.11	0.00	0.12
788	44.00	44.00	272.49	42998.17	13624.53	538557.45	538557.45	0.00	0.00	0.00	0.00	5.06	0.00	0.12
789	44.00	45.00	272.49	42998.17	13624.53	538557.45	538557.45	0.00	0.00	0.00	0.00	5.15	0.00	0.12
790	45.00	45.00	272.49	42998.17	13624.53	538557.45	538557.45	0.00	0.00	0.00	0.00	5.09	0.00	0.12
791	45.00	46.00	272.49	42998.17	13624.53	538557.45	538557.45	0.00	0.00	0.00	0.00	5.33	0.00	0.12
792	46.00	46.00	272.49	42998.17	13624.53	538557.45	538557.45	0.00	0.00	0.00	0.00	5.27	0.00	0.12
793	46.00	47.00	272.49	42998.17	13624.53	538557.45	538557.45	0.00	0.00	0.00	0.00	5.24	0.00	0.12
794	47.00	47.00	272.49	42998.17	13624.53	538557.45	538557.45	0.00	0.00	0.00	0.00	5.19	0.00	0.12
795	48.00	47.00	272.49	42998.17	13624.53	538557.45	538557.45	0.00	0.00	0.00	0.00	5.13	0.00	0.12
796	49.00	47.00	272.49	42998.17	13624.53	538557.45	538557.45	0.00	0.00	0.00	0.00	5.08	0.00	0.12
797	50.00	47.00	272.49	42998.17	13624.53	538557.45	538557.45	0.00	0.00	0.00	0.00	5.03	0.00	0.12
798	50.00	48.00	272.49	42998.17	13624.53	538557.45	538557.45	0.00	0.00	0.00	0.00	5.09	0.00	0.12
799	51.00	48.00	272.49	42998.17	13624.53	538557.45	538557.45	0.00	0.00	0.00	0.00	5.04	0.00	0.12
800	51.00	49.00	272.49	42998.17	13624.53	538557.45	538557.45	0.00	0.00	0.00	0.00	5.02	0.00	0.12
801	51.00	50.00	231.62	51597.80	11580.85	538557.45	538557.45	0.00	0.00	0.00	0.00	5.11	0.00	0.12
802	51.00	51.00	231.62	51597.80	11580.85	538557.45	538557.45	0.00	0.00	0.00	0.00	5.09	0.00	0.12
803	51.00	52.00	231.62	51597.80	11580.85	538557.45	538557.45	0.00	0.00	0.00	0.00	5.17	0.00	0.12
804	51.00	53.00	231.62	51597.80	11580.85	538557.45	538557.45	0.00	0.00	0.00	0.00	5.61	0.00	0.12
805	52.00	53.00	231.62	51597.80	11580.85	538557.45	538557.45	0.00	0.00	0.00	0.00	5.56	0.00	0.12
806	53.00	53.00	231.62	51597.80	11580.85	538557.45	538557.45	0.00	0.00	0.00	0.00	5.51	0.00	0.12
807	54.00	53.00	231.62	51597.80	11580.85	538557.45	538557.45	0.00	0.00	0.00	0.00	5.46	0.00	0.12
808	54.00	54.00	231.62	51597.80	11580.85	538557.45	538557.45	0.00	0.00	0.00	0.00	5.51	0.00	0.12
809	55.00	54.00	231.62	51597.80	11580.85	538557.45	538557.45	0.00	0.00	0.00	0.00	5.46	0.00	0.12
810	56.00	54.00	231.62	51597.80	11580.85	538557.45	538557.45	0.00	0.00	0.00	0.00	5.41	0.00	0.12
811	57.00	54.00	231.62	51597.80	11580.85	538557.45	538557.45	0.00	0.00	0.00	0.00	5.36	0.00	0.12
812	57.00	55.00	231.62	51597.80	11580.85	538557.45	538557.45	0.00	0.00	0.00	0.00	5.49	0.00	0.12
813	57.00	56.00	231.62	51597.80	11580.85	538557.45	538557.45	0.00	0.00	0.00	0.00	5.54	0.00	0.12
814	58.00	56.00	231.62	51597.80	11580.85	538557.45	538557.45	0.00	0.00	0.00	0.00	5.49	0.00	0.12
815	58.00	57.00	231.62	51597.80	11580.85	538557.45	538557.45	0.00	0.00	0.00	0.00	5.54	0.00	0.12
816	58.00	58.00	231.62	51597.80	11580.85	538557.45	538557.45	0.00	0.00	0.00	0.00	5.64	0.00	0.12
817	59.00	58.00	231.62	51597.80	11580.85	538557.45	538557.45	0.00	0.00	0.00	0.00	5.59	0.00	0.12
818	60.00	58.00	231.62	51597.80	11580.85	538557.45	538557.45	0.00	0.00	0.00	0.00	5.54	0.00	0.12
819	60.00	59.00	231.62	51597.80	11580.85	538557.45	538557.45	0.00	0.00	0.00	0.00	5.65	0.00	0.12
820	61.00	59.00	231.62	51597.80	11580.85	538557.45	538557.45	0.00	0.00	0.00	0.00	5.60	0.00	0.12
821	61.00	60.00	231.62	51597.80	11580.85	538557.45	538557.45	0.00	0.00	0.00	0.00	5.63	0.00	0.12
822	62.00	60.00	231.62	51597.80	11580.85	538557.45	538557.45	0.00	0.00	0.00	0.00	5.59	0.00	0.12
823	63.00	60.00	231.62	51597.80	11580.85	538557.45	538557.45	0.00	0.00	0.00	0.00	5.54	0.00	0.12
824	64.00	60.00	231.62	51597.80	11580.85	538557.45	538557.45	0.00	0.00	0.00	0.00	5.50	0.00	0.12
825	65.00	60.00	231.62	51597.80	11580.85	538557.45	538557.45	0.00	0.00	0.00	0.00	5.45	0.00	0.12
826	66.00	60.00	231.62	51597.80	11580.85	538557.45	538557.45	0.00	0.00	0.00	0.00	5.41	0.00	0.12
827	67.00	60.00	231.62	51597.80	11580.85	538557.45	538557.45	0.00	0.00	0.00	0.00	5.37	0.00	0.12
828	68.00	60.00	231.62	51597.80	11580.85	538557.45	538557.45	0.00	0.00	0.00	0.00	5.33	0.00	0.12
829	69.00	60.00	231.62	51597.80	11580.85	538557.45	538557.45	0.00	0.00	0.00	0.00	5.28	0.00	0.12
830	69.00	61.00	231.62	51597.80	11580.85	538557.45	538557.45	0.00	0.00	0.00	0.00	5.33	0.00	0.12
831	70.00	61.00	231.62	51597.80	11580.85	538557.45	538557.45	0.00	0.00	0.00	0.00	5.29	0.00	0.12
832	71.00	61.00	231.62	51597.80	11580.85	538557.45	538557.45	0.00	0.00	0.00	0.00	5.25	0.00	0.12
833	72.00	61.00	231.62	51597.80	11580.85	538557.45	538557.45	0.00	0.00	0.00	0.00	5.21	0.00	0.12
834	73.00	61.00	231.62	51597.80	11580.85	538557.45	538557.45	0.00	0.00	0.00	0.00	5.17	0.00	0.12
835	73.00	62.00	231.62	51597.80	11580.85	538557.45	538557.45	0.00	0.00	0.00	0.00	5.18	0.00	0.12
836	74.00	62.00	231.62	51597.80	11580.85	538557.45	538557.45	0.00	0.00	0.00	0.00	5.14	0.00	0.12
837	74.00	63.00	231.62	51597.80	11580.85	538557.45	538557.45	0.00	0.00	0.00	0.00	5.11	0.00	0.12
838	25.00	63.00	231.62	51597.80	11580.85	538557.45	538557.45	0.00	0.00	0.00	0.00	7.96	0.00	0.12
839	25.00	64.00	231.62	51597.80	11580.85	538557.45	538557.45	0.00	0.00	0.00	0.00	7.90	0.00	0.12
840	26.00	64.00	231.62	51597.80	11580.85	538557.45	538557.45	0.00	0.00	0.00	0.00	7.81	0.00	0.12
841	26.00	65.00	231.62	51597.80	11580.85	538557.45	538557.45	0.00	0.00	0.00	0.00	7.75	0.00	0.12
842	27.00	65.00	231.62	51597.80	11580.85	538557.45	538557.45	0.00	0.00	0.00	0.00	7.67	0.00	0.12
843	28.00	65.00	231.62	51597.80	11580.85	538557.45	538557.45	0.00	0.00	0.00	0.00	7.59	0.00	0.12
844	29.00	65.00	231.62	51597.80	11580.85	538557.45	538557.45	0.00	0.00	0.00	0.00	7.51	0.00	0.12
845	29.00	66.00	231.62	51597.80	11580.85	538557.45	538557.45	0.00	0.00	0.00	0.00	7.55	0.00	0.12
846	29.00	67.00	231.62	51597.80	11580.85	538557.45	538557.45	0.00	0.00	0.00	0.00	7.49	0.00	0.12
847	29.00	68.00	231.62	51597.80	11580.85	538557.45	538557.45	0.00	0.00	0.00	0.00	7.75	0.00	0.12
848	30.00	68.00	231.62	51597.80	11580.85	538557.45	538557.45	0.00	0.00	0.00	0.00	7.67	0.00	0.12
849	31.00	68.00	231.62	51597.80	11580.85	538557.45	538557.45	0.00	0.00	0.00	0.00	7.59	0.00	0.12
850	32.00	68.00	231.62	51597.80	11580.85	538557.45	538557.45	0.00	0.00	0.00	0.00	7.52	0.00	0.12
851	32.00	69.00	231.62	51597.80	11580.85	538557.45	538557.45	0.00	0.00	0.00	0.00	7.50	0.00	0.12
852	32.00	70.00	231.62	51597.80	11580.85	538557.45	538557.45	0.00	0.00	0.00	0.00	7.45	0.00	0.12
853	33.00	70.00	231.62	51597.80	11580.85	538557.45	538557.45	0.00	0.00	0.00	0.00	7.38	0.00	0.12
854	33.00	71.00	231.62	51597.80	11580.85	538557.45	538557.45	0.00	0.00	0.00	0.00	7.42	0.00	0.12
855	34.00	71.00	231.62	51597.80	11580.85	538557.45	538557.45	0.00	0.00	0.00	0.00	7.35	0.00	0.12
856	34.00	72.00	231.62	51597.80	11580.85	538557.45	538557.45	0.00	0.00	0.00	0.00	7.33	0.00	0.12
857	35.00	72.00	231.62	51597.80	11580.85	538557.45	538557.45	0.00	0.00	0.00	0.00	7.27	0.00	0.12
858	35.00	73.00	231.62	51597.80	11580.85	538557.45	538557.45	0.00	0.00	0.00	0.00	7.33	0.00	0.12
859	35.00	74.00	231.62	51597.80	11580.85	538557.45	538557.45	0.00	0.00	0.00	0.00	7.37	0.00	0.12
860	35.00	25.00	231.62	51597.80	11580.85	538557.45	538557.45	0.00	0.00	0.00	0.00	3.33	0.00	0.12
861	36.00	25.00	231.62	51597.80	11580.85	538557.45	538557.45	0.00	0.00	0.00	0.00	3.27	0.00	0.12
862	36.00	26.00	231.62	51597.80	11580.85	538557.45	538557.45	0.00	0.00	0.00	0.00	3.27	0.00	0.12
863	37.00	26.00	231.62	51597.80	11580.85	538557.45	538557.45	0.00	0.00	0.00	0.00	3.21	0.00	0.12
864	37.00	27.00	231.62	51597.80	11580.85	538557.45	538557.45	0.00	0.00	0.00	0.00	3.27	0.00	0.12
865	38.00	27.00	231.62	51597.80	11580.85	538557.45	538557.45	0.00	0.00	0.00	0.00	3.22	0.00	0.12
866	39.00	27.00	231.62	51597.80	11580.85	538557.45	538557.45	0.00	0.00	0.00	0.00	3.17	0.00	0.12
867	40.00	27.00	231.62	51597.80	11580.85	538557.45	538557.45	0.00	0.00	0.00	0.00	3.13	0.00	0.12
868	41.00	27.00	231.62	51597.80	11580.85	538557.45	538557.45	0.00	0.00	0.00	0.00	3.08	0.00	0.12
869	42.00	27.00	231.62	51597.80	11580.85	538557.45	538557.45	0.00	0.00	0.00	0.00	3.04	0.00	0.12
870	43.00	27.00	231.62	51597.80	11580.85	538557.45	538557.45	0.00	0.00	0.00	0.00	2.99	0.00	0.12
871	43.00	28.00	231.62	51597.80	11580.85	538557.45	538557.45	0.00	0.00	0.00	0.00	2.98	0.00	0.12
872	43.00	29.00	231.62	51597.80	11580.85	538557.45	538557.45	0.00	0.00	0.00	0.00	3.07	0.00	0.12
873	43.00	30.00	231.62	51597.80	11580.85	538557.45	538557.45	0.00	0.00	0.00	0.00	3.06	0.00	0.12
874	43.00	31.00	231.62	51597.80	11580.85	538557.45	538557.45	0.00	0.00	0.00	0.00	3.06	0.00	0.12
875	44.00	31.00	231.62	51597.80	11580.85	538557.45	538557.45	0.00	0.00	0.00	0.00	3.02	0.00	0.12
876	45.00	31.00	231.62	51597.80	11580.85	538557.45	538557.45	0.00	0.00	0.00	0.00	2.98	0.00	0.12
877	45.00	32.00	231.62	51597.80	11580.85	538557.45	538557.45	0.00	0.00	0.00	0.00	3.10	0.00	0.12
878	46.00	32.00	231.62	51597.80	11580.85	538557.45	538557.45	0.00	0.00	0.00	0.00	3.06	0.00	0.12
879	46.00	33.00	231.62	51597.80	11580.85	538557.45	538557.45	0.00	0.00	0.00	0.00	3.13	0.00	0.12
880	47.00	33.00	231.62	51597.80	11580.85	538557.45	538557.45	0.00	0.00	0.00	0.00	3.09	0.00	0.12
881	47.00	34.00	231.62	51597.80	11580.85	538557.45	538557.45	0.00	0.00	0.00	0.00	3.19	0.00	0.12
882	47.00	35.00	231.62	51597.80	11580.85	538557.45	538557.45	0.00	0.00	0.00	0.00	3.19	0.00	0.12
883	47.00	36.00	231.62	51597.80	11580.85	538557.45	538557.45	0.00	0.00	0.00	0.00	3.29	0.00	0.12
884	48.00	36.00	231.62	51597.80	11580.85	538557.45	538557.45	0.00	0.00	0.00	0.00	3.25	0.00	0.12
885	49.00	36.00	231.62	51597.80	11580.85	538557.45	538557.45	0.00	0.00	0.00	0.00	3.21	0.00	0.12
886	50.00	36.00	231.62	51597.80	11580.85	538557.45	538557.45	0.00	0.00	0.00	0.00	3.17	0.00	0.12
887	51.00	36.00	231.62	51597.80	11580.85	538557.45	538557.45	0.00	0.00	0.00	0.00	3.14	0.00	0.12
888	52.00	36.00	231.62	51597.80	11580.85	538557.45	538557.45	0.00	0.00	0.00	0.00	3.10	0.00	0.12
889	52.00	37.00	231.62	51597.80	11580.85	538557.45	538557.45	0.00	0.00	0.00	0.00	3.11	0.00	0.12
890	52.00	38.00	231.62	51597.80	11580.85	538557.45	538557.45	0.00	0.00	0.00	0.00	3.11	0.00	0.12
891	52.00	39.00	231.62	51597.80	11580.85	538557.45	538557.45	0.00	0.00	0.00	0.00	3.22	0.00	0.12
892	52.00	40.00	231.62	51597.80	11580.85	538557.45	538557.45	0.00	0.00	0.00	0.00	3.33	0.00	0.12
893	53.00	40.00	231.62	51597.80	11580.85	538557.45	538557.45	0.00	0.00	0.00	0.00	3.29	0.00	0.12
894	54.00	40.00	231.62	51597.80	11580.85	538557.45	538557.45	0.00	0.00	0.00	0.00	3.26	0.00	0.12
895	55.00	40.00	231.62	51597.80	11580.85	538557.45	538557.45	0.00	0.00	0.00	0.00	3.22	0.00	0.12
896	56.00	40.00	231.62	51597.80	11580.85	538557.45	538557.45	0.00	0.00	0.00	0.00	3.19	0.00	0.12
897	56.00	41.00	231.62	51597.80	11580.85	538557.45	538557.45	0.00	0.00	0.00	0.00	3.27	0.00	0.12
898	57.00	41.00	231.62	51597.80	11580.85	538557.45	538557.45	0.00	0.00	0.00	0.00	3.24	0.00	0.12
899	58.00	41.00	231.62	51597.80	11580.85	538557.45	538557.45	0.00	0.00	0.00	0.00	3.21	0.00	0.12
900	58.00	42.00	231.62	51597.80	11580.85	538557.45	538557.45	0.00	0.00	0.00	0.00	3.20	0.00	0.12
901	58.00	43.00	196.87	61917.36	9843.72	538557.45	538557.45	0.00	0.00	0.00	0.00	3.20	0.00	0.12
902	58.00	44.00	196.87	61917.36	9843.72	538557.45	538557.45	0.00	0.00	0.00	0.00	3.24	0.00	0.12
903	59.00	44.00	196.87	61917.36	9843.72	538557.45	538557.45	0.00	0.00	0.00	0.00	3.21	0.00	0.12
904	60.00	44.00	196.87	61917.36	9843.72	538557.45	538557.45	0.00	0.00	0.00	0.00	3.18	0.00	0.12
905	61.00	44.00	196.87	61917.36	9843.72	538557.45	538557.45	0.00	0.00	0.00	0.00	3.15	0.00	0.12
906	61.00	45.00	196.87	61917.36	9843.72	538557.45	538557.45	0.00	0.00	0.00	0.00	3.40	0.00	0.12
907	61.00	46.00	196.87	61917.36	9843.72	538557.45	538557.45	0.00	0.00	0.00	0.00	3.39	0.00	0.12
908	61.00	47.00	196.87	61917.36	9843.72	538557.45	538557.45	0.00	0.00	0.00	0.00	3.38	0.00	0.12
909	62.00	47.00	196.87	61917.36	9843.72	538557.45	538557.45	0.00	0.00	0.00	0.00	3.35	0.00	0.12
910	63.00	47.00	196.87	61917.36	9843.72	538557.45	538557.45	0.00	0.00	0.00	0.00	3.32	0.00	0.12
911	64.00	47.00	196.87	61917.36	9843.72	538557.45	538557.45	0.00	0.00	0.00	0.00	3.29	0.00	0.12
912	65.00	47.00	196.87	61917.36	9843.72	538557.45	538557.45	0.00	0.00	0.00	0.00	3.26	0.00	0.12
913	66.00	47.00	196.87	61917.36	9843.72	538557.45	538557.45	0.00	0.00	0.00	0.00	3.23	0.00	0.12
914	67.00	47.00	196.87	61917.36	9843.72	538557.45	538557.45	0.00	0.00	0.00	0.00	3.20	0.00	0.12
915	67.00	48.00	196.87	61917.36	9843.72	538557.45	538557.45	0.00	0.00	0.00	0.00	3.24	0.00	0.12
916	68.00	48.00	196.87	61917.36	9843.72	538557.45	538557.45	0.00	0.00	0.00	0.00	3.21	0.00	0.12
917	68.00	49.00	196.87	61917.36	9843.72	538557.45	538557.45	0.00	0.00	0.00	0.00	3.34	0.00	0.12
918	69.00	49.00	196.87	61917.36	9843.72	538557.45	538557.45	0.00	0.00	0.00	0.00	3.31	0.00	0.12
919	70.00	49.00	196.87	61917.36	9843.72	538557.45	538557.45	0.00	0.00	0.00	0.00	3.28	0.00	0.12
920	71.00	49.00	196.87	61917.36	9843.72	538557.45	538557.45	0.00	0.00	0.00	0.00	3.25	0.00	0.12
921	71.00	50.00	196.87	61917.36	9843.72	538557.45	538557.45	0.00	0.00	0.00	0.00	3.25	0.00	0.12
922	72.00	50.00	196.87	61917.36	9843.72	538557.45	538557.45	0.00	0.00	0.00	0.00	3.22	0.00	0.12
923	73.00	50.00	196.87	61917.36	9843.72	538557.45	538557.45	0.00	0.00	0.00	0.00	3.20	0.00	0.12
924	74.00	50.00	196.87	61917.36	9843.72	538557.45	538557.45	0.00	0.00	0.00	0.00	3.17	0.00	0.12
925	25.00	50.00	196.87	61917.36	9843.72	538557.45	538557.45	0.00	0.00	0.00	0.00	5.25	0.00	0.12
926	25.00	51.00	196.87	61917.36	9843.72	538557.45	538557.45	0.00	0.00	0.00	0.00	5.24	0.00	0.12
927	26.00	51.00	196.87	61917.36	9843.72	538557.45	538557.45	0.00	0.00	0.00	0.00	5.17	0.00	0.12
928	26.00	52.00	196.87	61917.36	9843.72	538557.45	538557.45	0.00	0.00	0.00	0.00	5.25	0.00	0.12
929	26.00	53.00	196.87	61917.36	9843.72	538557.45	538557.45	0.00	0.00	0.00	0.00	5.28	0.00	0.12
930	26.00	54.00	196.87	61917.36	9843.72	538557.45	538557.45	0.00	0.00	0.00	0.00	5.47	0.00	0.12
931	27.00	54.00	196.87	61917.36	9843.72	538557.45	538557.45	0.00	0.00	0.00	0.00	5.41	0.00	0.12
932	28.00	54.00	196.87	61917.36	9843.72	538557.45	538557.45	0.00	0.00	0.00	0.00	5.34	0.00	0.12
933	28.00	55.00	196.87	61917.36	9843.72	538557.45	538557.45	0.00	0.00	0.00	0.00	5.37	0.00	0.12
934	29.00	55.00	196.87	61917.36	9843.72	538557.45	538557.45	0.00	0.00	0.00	0.00	5.31	0.00	0.12
935	30.00	55.00	196.87	61917.36	9843.72	538557.45	538557.45	0.00	0.00	0.00	0.00	5.25	0.00	0.12
936	30.00	56.00	196.87	61917.36	9843.72	538557.45	538557.45	0.00	0.00	0.00	0.00	5.28	0.00	0.12
937	31.00	56.00	196.87	61917.36	9843.72	538557.45	538557.45	0.00	0.00	0.00	0.00	5.22	0.00	0.12
938	31.00	57.00	196.87	61917.36	9843.72	538557.45	538557.45	0.00	0.00	0.00	0.00	5.29	0.00	0.12
939	31.00	58.00	196.87	61917.36	9843.72	538557.45	538557.45	0.00	0.00	0.00	0.00	5.26	0.00	0.12
940	32.00	58.00	196.87	61917.36	9843.72	538557.45	538557.45	0.00	0.00	0.00	0.00	5.21	0.00	0.12
941	33.00	58.00	196.87	61917.36	9843.72	538557.45	538557.45	0.00	0.00	0.00	0.00	5.15	0.00	0.12
942	33.00	59.00	196.87	61917.36	9843.72	538557.45	538557.45	0.00	0.00	0.00	0.00	5.22	0.00	0.12
943	34.00	59.00	196.87	61917.36	9843.72	538557.45	538557.45	0.00	0.00	0.00	0.00	5.16	0.00	0.12
944	35.00	59.00	196.87	61917.36	9843.72	538557.45	538557.45	0.00	0.00	0.00	0.00	5.11	0.00	0.12
945	36.00	59.00	196.87	61917.36	9843.72	538557.45	538557.45	0.00	0.00	0.00	0.00	5.05	0.00	0.12
946	36.00	60.00	196.87	61917.36	9843.72	538557.45	538557.45	0.00	0.00	0.00	0.00	5.10	0.00	0.12
947	36.00	61.00	196.87	61917.36	9843.72	538557.45	538557.45	0.00	0.00	0.00	0.00	5.13	0.00	0.12
948	36.00	62.00	196.87	61917.36	9843.72	538557.45	538557.45	0.00	0.00	0.00	0.00	5.38	0.00	0.12
949	37.00	62.00	196.87	61917.36	9843.72	538557.45	538557.45	0.00	0.00	0.00	0.00	5.33	0.00	0.12
950	37.00	63.00	196.87	61917.36	9843.72	538557.45	538557.45	0.00	0.00	0.00	0.00	5.39	0.00	0.12
951	38.00	63.00	196.87	61917.36	9843.72	538557.45	538557.45	0.00	0.00	0.00	0.00	5.33	0.00	0.12
952	39.00	63.00	196.87	61917.36	9843.72	538557.45	538557.45	0.00	0.00	0.00	0.00	5.28	0.00	0.12
953	40.00	63.00	196.87	61917.36	9843.72	538557.45	538557.45	0.00	0.00	0.00	0.00	5.23	0.00	0.12
954	41.00	63.00	196.87	61917.36	9843.72	538557.45	538557.45	0.00	0.00	0.00	0.00	5.18	0.00	0.12
955	41.00	64.00	196.87	61917.36	9843.72	538557.45	538557.45	0.00	0.00	0.00	0.00	5.16	0.00	0.12
956	41.00	65.00	196.87	61917.36	9843.72	538557.45	538557.45	0.00	0.00	0.00	0.00	5.18	0.00	0.12
957	41.00	66.00	196.87	61917.36	9843.72	538557.45	538557.45	0.00	0.00	0.00	0.00	5.58	0.00	0.12
958	41.00	67.00	196.87	61917.36	9843.72	538557.45	538557.45	0.00	0.00	0.00	0.00	5.57	0.00	0.12
959	42.00	67.00	196.87	61917.36	9843.72	538557.45	538557.45	0.00	0.00	0.00	0.00	5.51	0.00	0.12
960	42.00	68.00	196.87	61917.36	9843.72	538557.45	538557.45	0.00	0.00	0.00	0.00	5.53	0.00	0.12
961	43.00	68.00	196.87	61917.36	9843.72	538557.45	538557.45	0.00	0.00	0.00	0.00	5.48	0.00	0.12
962	44.00	68.00	196.87	61917.36	9843.72	538557.45	538557.45	0.00	0.00	0.00	0.00	5.43	0.00	0.12
963	44.00	69.00	196.87	61917.36	9843.72	538557.45	538557.45	0.00	0.00	0.00	0.00	5.85	0.00	0.12
964	44.00	70.00	196.87	61917.36	9843.72	538557.45	538557.45	0.00	0.00	0.00	0.00	5.81	0.00	0.12
965	44.00	71.00	196.87	61917.36	9843.72	538557.45	538557.45	0.00	0.00	0.00	0.00	5.82	0.00	0.12
966	44.00	72.00	196.87	61917.36	9843.72	538557.45	538557.45	0.00	0.00	0.00	0.00	5.79	0.00	0.12
967	44.00	73.00	196.87	61917.36	9843.72	538557.45	538557.45	0.00	0.00	0.00	0.00	5.84	0.00	0.12
968	44.00	74.00	196.87	61917.36	9843.72	538557.45	538557.45	0.00	0.00	0.00	0.00	6.09	0.00	0.12
969	44.00	25.00	196.87	61917.36	9843.72	538557.45	538557.45	0.00	0.00	0.00	0.00	2.43	0.00	0.12
970	45.00	25.00	196.87	61917.36	9843.72	538557.45	538557.45	0.00	0.00	0.00	0.00	2.40	0.00	0.12
971	46.00	25.00	196.87	61917.36	9843.72	538557.45	538557.45	0.00	0.00	0.00	0.00	2.36	0.00	0.12
972	46.00	26.00	196.87	61917.36	9843.72	538557.45	538557.45	0.00	0.00	0.00	0.00	3.00	0.00	0.12
973	47.00	26.00	196.87	61917.36	9843.72	538557.45	538557.45	0.00	0.00	0.00	0.00	2.96	0.00	0.12
974	48.00	26.00	196.87	61917.36	9843.72	538557.45	538557.45	0.00	0.00	0.00	0.00	2.92	0.00	0.12
975	49.00	26.00	196.87	61917.36	9843.72	538557.45	538557.45	0.00	0.00	0.00	0.00	2.88	0.00	0.12
976	50.00	26.00	196.87	61917.36	9843.72	538557.45	538557.45	0.00	0.00	0.00	0.00	2.84	0.00	0.12
977	51.00	26.00	196.87	61917.36	9843.72	538557.45	538557.45	0.00	0.00	0.00	0.00	2.81	0.00	0.12
978	52.00	26.00	196.87	61917.36	9843.72	538557.45	538557.45	0.00	0.00	0.00	0.00	2.77	0.00	0.12
979	53.00	26.00	196.87	61917.36	9843.72	538557.45	538557.45	0.00	0.00	0.00	0.00	2.73	0.00	0.12
980	53.00	27.00	196.87	61917.36	9843.72	538557.45	538557.45	0.00	0.00	0.00	0.00	2.72	0.00	0.12
981	54.00	27.00	196.87	61917.36	9843.72	538557.45	538557.45	0.00	0.00	0.00	0.00	2.69	0.00	0.12
982	54.00	28.00	196.87	61917.36	9843.72	538557.45	538557.45	0.00	0.00	0.00	0.00	3.41	0.00	0.12
983	55.00	28.00	196.87	61917.36	9843.72	538557.45	538557.45	0.00	0.00	0.00	0.00	3.37	0.00	0.12
984	56.00	28.00	196.87	61917.36	9843.72	538557.45	538557.45	0.00	0.00	0.00	0.00	3.33	0.00	0.12
985	57.00	28.00	196.87	61917.36	9843.72	538557.45	538557.45	0.00	0.00	0.00	0.00	3.29	0.00	0.12
986	58.00	28.00	196.87	61917.36	9843.72	538557.45	538557.45	0.00	0.00	0.00	0.00	3.25	0.00	0.12
987	58.00	29.00	196.87	61917.36	9843.72	538557.45	538557.45	0.00	0.00	0.00	0.00	3.25	0.00	0.12
988	59.00	29.00	196.87	61917.36	9843.72	538557.45	538557.45	0.00	0.00	0.00	0.00	3.21	0.00	0.12
989	59.00	30.00	196.87	61917.36	9843.72	538557.45	538557.45	0.00	0.00	0.00	0.00	3.26	0.00	0.12
990	60.00	30.00	196.87	61917.36	9843.72	538557.45	538557.45	0.00	0.00	0.00	0.00	3.23	0.00	0.12
991	61.00	30.00	196.87	61917.36	9843.72	538557.45	538557.45	0.00	0.00	0.00	0.00	3.19	0.00	0.12
992	62.00	30.00	196.87	61917.36	9843.72	538557.45	538557.45	0.00	0.00	0.00	0.00	3.16	0.00	0.12
993	63.00	30.00	196.87	61917.36	9843.72	538557.45	538557.45	0.00	0.00	0.00	0.00	3.12	0.00	0.12
994	63.00	31.00	196.87	61917.36	9843.72	538557.45	538557.45	0.00	0.00	0.00	0.00	3.21	0.00	0.12
995	64.00	31.00	196.87	61917.36	9843.72	538557.45	538557.45	0.00	0.00	0.00	0.00	3.18	0.00	0.12
996	64.00	32.00	196.87	61917.36	9843.72	538557.45	538557.45	0.00	0.00	0.00	0.00	3.26	0.00	0.12
997	64.00	33.00	196.87	61917.36	9843.72	538557.45	538557.45	0.00	0.00	0.00	0.00	3.52	0.00	0.12
998	64.00	34.00	196.87	61917.36	9843.72	538557.45	538557.45	0.00	0.00	0.00	0.00	3.50	0.00	0.12
999	64.00	35.00	196.87	61917.36	9843.72	538557.45	538557.45	0.00	0.00	0.00	0.00	3.68	0.00	0.12
1000	65.00	35.00	196.87	61917.36	9843.72	538557.45	538557.45	0.00	0.00	0.00	0.00	3.64	0.00	0.12
