some parameters
Gen.	# feasible solutions	# infeasible solutions	cap. penality	dur. penality	num. penality	best penalized cost	best feasible cost	best cap. violation	best dur. violation	best num. violation	avg cap. violation	avg dur. violation	avg num. violation
1	51.00	0.00	850.00	8500.00	42500.00	348890.41	348890.41	0.00	0.00	0.00	0.00	0.00	0.00
2	52.00	0.00	850.00	8500.00	42500.00	348890.41	348890.41	0.00	0.00	0.00	0.00	0.00	0.00
3	53.00	0.00	850.00	8500.00	42500.00	348890.41	348890.41	0.00	0.00	0.00	0.00	0.00	0.00
4	54.00	0.00	850.00	8500.00	42500.00	348890.41	348890.41	0.00	0.00	0.00	0.00	0.00	0.00
5	55.00	0.00	850.00	8500.00	42500.00	348890.41	348890.41	0.00	0.00	0.00	0.00	0.00	0.00
6	56.00	0.00	850.00	8500.00	42500.00	348890.41	348890.41	0.00	0.00	0.00	0.00	0.00	0.00
7	57.00	0.00	850.00	8500.00	42500.00	348890.41	348890.41	0.00	0.00	0.00	0.00	0.00	0.00
8	58.00	0.00	850.00	8500.00	42500.00	348890.41	348890.41	0.00	0.00	0.00	0.00	0.00	0.00
9	59.00	0.00	850.00	8500.00	42500.00	348890.41	348890.41	0.00	0.00	0.00	0.00	0.00	0.00
10	60.00	0.00	850.00	8500.00	42500.00	348890.41	348890.41	0.00	0.00	0.00	0.00	0.00	0.00
11	61.00	0.00	850.00	8500.00	42500.00	348890.41	348890.41	0.00	0.00	0.00	0.00	0.00	0.00
12	62.00	0.00	850.00	8500.00	42500.00	348890.41	348890.41	0.00	0.00	0.00	0.00	0.00	0.00
13	63.00	0.00	850.00	8500.00	42500.00	348890.41	348890.41	0.00	0.00	0.00	0.00	0.00	0.00
14	64.00	0.00	850.00	8500.00	42500.00	348890.41	348890.41	0.00	0.00	0.00	0.00	0.00	0.00
15	65.00	0.00	850.00	8500.00	42500.00	348890.41	348890.41	0.00	0.00	0.00	0.00	0.00	0.00
16	66.00	0.00	850.00	8500.00	42500.00	348890.41	348890.41	0.00	0.00	0.00	0.00	0.00	0.00
17	67.00	0.00	850.00	8500.00	42500.00	348890.41	348890.41	0.00	0.00	0.00	0.00	0.00	0.00
18	68.00	0.00	850.00	8500.00	42500.00	348890.41	348890.41	0.00	0.00	0.00	0.00	0.00	0.00
19	69.00	0.00	850.00	8500.00	42500.00	348890.41	348890.41	0.00	0.00	0.00	0.00	0.00	0.00
20	70.00	0.00	850.00	8500.00	42500.00	348890.41	348890.41	0.00	0.00	0.00	0.00	0.00	0.00
21	71.00	0.00	850.00	8500.00	42500.00	348890.41	348890.41	0.00	0.00	0.00	0.00	0.00	0.00
22	72.00	0.00	850.00	8500.00	42500.00	348890.41	348890.41	0.00	0.00	0.00	0.00	0.00	0.00
23	73.00	0.00	850.00	8500.00	42500.00	348890.41	348890.41	0.00	0.00	0.00	0.00	0.00	0.00
24	74.00	0.00	850.00	8500.00	42500.00	348890.41	348890.41	0.00	0.00	0.00	0.00	0.00	0.00
25	25.00	0.00	850.00	8500.00	42500.00	348890.41	348890.41	0.00	0.00	0.00	0.00	0.00	0.00
26	26.00	0.00	850.00	8500.00	42500.00	348890.41	348890.41	0.00	0.00	0.00	0.00	0.00	0.00
27	27.00	0.00	850.00	8500.00	42500.00	348890.41	348890.41	0.00	0.00	0.00	0.00	0.00	0.00
28	28.00	0.00	850.00	8500.00	42500.00	348890.41	348890.41	0.00	0.00	0.00	0.00	0.00	0.00
29	29.00	0.00	850.00	8500.00	42500.00	348890.41	348890.41	0.00	0.00	0.00	0.00	0.00	0.00
30	30.00	0.00	850.00	8500.00	42500.00	348890.41	348890.41	0.00	0.00	0.00	0.00	0.00	0.00
31	31.00	0.00	850.00	8500.00	42500.00	348890.41	348890.41	0.00	0.00	0.00	0.00	0.00	0.00
32	32.00	0.00	850.00	8500.00	42500.00	348890.41	348890.41	0.00	0.00	0.00	0.00	0.00	0.00
33	33.00	0.00	850.00	8500.00	42500.00	348890.41	348890.41	0.00	0.00	0.00	0.00	0.00	0.00
34	34.00	0.00	850.00	8500.00	42500.00	348890.41	348890.41	0.00	0.00	0.00	0.00	0.00	0.00
35	35.00	0.00	850.00	8500.00	42500.00	348890.41	348890.41	0.00	0.00	0.00	0.00	0.00	0.00
36	36.00	0.00	850.00	8500.00	42500.00	348890.41	348890.41	0.00	0.00	0.00	0.00	0.00	0.00
37	37.00	0.00	850.00	8500.00	42500.00	348890.41	348890.41	0.00	0.00	0.00	0.00	0.00	0.00
38	38.00	0.00	850.00	8500.00	42500.00	348890.41	348890.41	0.00	0.00	0.00	0.00	0.00	0.00
39	39.00	0.00	850.00	8500.00	42500.00	348890.41	348890.41	0.00	0.00	0.00	0.00	0.00	0.00
40	40.00	0.00	850.00	8500.00	42500.00	348890.41	348890.41	0.00	0.00	0.00	0.00	0.00	0.00
41	41.00	0.00	850.00	8500.00	42500.00	348890.41	348890.41	0.00	0.00	0.00	0.00	0.00	0.00
42	42.00	0.00	850.00	8500.00	42500.00	348890.41	348890.41	0.00	0.00	0.00	0.00	0.00	0.00
43	43.00	0.00	850.00	8500.00	42500.00	348890.41	348890.41	0.00	0.00	0.00	0.00	0.00	0.00
44	44.00	0.00	850.00	8500.00	42500.00	348890.41	348890.41	0.00	0.00	0.00	0.00	0.00	0.00
45	45.00	0.00	850.00	8500.00	42500.00	348890.41	348890.41	0.00	0.00	0.00	0.00	0.00	0.00
46	46.00	0.00	850.00	8500.00	42500.00	348890.41	348890.41	0.00	0.00	0.00	0.00	0.00	0.00
47	47.00	0.00	850.00	8500.00	42500.00	348890.41	348890.41	0.00	0.00	0.00	0.00	0.00	0.00
48	48.00	0.00	850.00	8500.00	42500.00	348890.41	348890.41	0.00	0.00	0.00	0.00	0.00	0.00
49	49.00	0.00	850.00	8500.00	42500.00	348890.41	348890.41	0.00	0.00	0.00	0.00	0.00	0.00
50	50.00	0.00	850.00	8500.00	42500.00	348890.41	348890.41	0.00	0.00	0.00	0.00	0.00	0.00
51	51.00	0.00	850.00	8500.00	42500.00	348890.41	348890.41	0.00	0.00	0.00	0.00	0.00	0.00
52	52.00	0.00	850.00	8500.00	42500.00	348890.41	348890.41	0.00	0.00	0.00	0.00	0.00	0.00
53	53.00	0.00	850.00	8500.00	42500.00	348890.41	348890.41	0.00	0.00	0.00	0.00	0.00	0.00
54	54.00	0.00	850.00	8500.00	42500.00	348890.41	348890.41	0.00	0.00	0.00	0.00	0.00	0.00
55	55.00	0.00	850.00	8500.00	42500.00	348890.41	348890.41	0.00	0.00	0.00	0.00	0.00	0.00
56	56.00	0.00	850.00	8500.00	42500.00	348890.41	348890.41	0.00	0.00	0.00	0.00	0.00	0.00
57	57.00	0.00	850.00	8500.00	42500.00	348890.41	348890.41	0.00	0.00	0.00	0.00	0.00	0.00
58	58.00	0.00	850.00	8500.00	42500.00	348890.41	348890.41	0.00	0.00	0.00	0.00	0.00	0.00
59	59.00	0.00	850.00	8500.00	42500.00	348890.41	348890.41	0.00	0.00	0.00	0.00	0.00	0.00
60	60.00	0.00	850.00	8500.00	42500.00	348890.41	348890.41	0.00	0.00	0.00	0.00	0.00	0.00
61	61.00	0.00	850.00	8500.00	42500.00	348890.41	348890.41	0.00	0.00	0.00	0.00	0.00	0.00
62	62.00	0.00	850.00	8500.00	42500.00	348890.41	348890.41	0.00	0.00	0.00	0.00	0.00	0.00
63	63.00	0.00	850.00	8500.00	42500.00	348890.41	348890.41	0.00	0.00	0.00	0.00	0.00	0.00
64	64.00	0.00	850.00	8500.00	42500.00	348890.41	348890.41	0.00	0.00	0.00	0.00	0.00	0.00
65	65.00	0.00	850.00	8500.00	42500.00	348890.41	348890.41	0.00	0.00	0.00	0.00	0.00	0.00
66	66.00	0.00	850.00	8500.00	42500.00	348890.41	348890.41	0.00	0.00	0.00	0.00	0.00	0.00
67	67.00	0.00	850.00	8500.00	42500.00	348890.41	348890.41	0.00	0.00	0.00	0.00	0.00	0.00
68	68.00	0.00	850.00	8500.00	42500.00	348890.41	348890.41	0.00	0.00	0.00	0.00	0.00	0.00
69	69.00	0.00	850.00	8500.00	42500.00	348890.41	348890.41	0.00	0.00	0.00	0.00	0.00	0.00
70	70.00	0.00	850.00	8500.00	42500.00	348890.41	348890.41	0.00	0.00	0.00	0.00	0.00	0.00
71	71.00	0.00	850.00	8500.00	42500.00	348890.41	348890.41	0.00	0.00	0.00	0.00	0.00	0.00
72	72.00	0.00	850.00	8500.00	42500.00	348890.41	348890.41	0.00	0.00	0.00	0.00	0.00	0.00
73	73.00	0.00	850.00	8500.00	42500.00	348890.41	348890.41	0.00	0.00	0.00	0.00	0.00	0.00
74	74.00	0.00	850.00	8500.00	42500.00	348890.41	348890.41	0.00	0.00	0.00	0.00	0.00	0.00
75	25.00	0.00	850.00	8500.00	42500.00	348890.41	348890.41	0.00	0.00	0.00	0.00	0.00	0.00
76	26.00	0.00	850.00	8500.00	42500.00	348890.41	348890.41	0.00	0.00	0.00	0.00	0.00	0.00
77	27.00	0.00	850.00	8500.00	42500.00	348890.41	348890.41	0.00	0.00	0.00	0.00	0.00	0.00
78	28.00	0.00	850.00	8500.00	42500.00	348890.41	348890.41	0.00	0.00	0.00	0.00	0.00	0.00
79	29.00	0.00	850.00	8500.00	42500.00	348890.41	348890.41	0.00	0.00	0.00	0.00	0.00	0.00
80	30.00	0.00	850.00	8500.00	42500.00	348890.41	348890.41	0.00	0.00	0.00	0.00	0.00	0.00
81	31.00	0.00	850.00	8500.00	42500.00	348890.41	348890.41	0.00	0.00	0.00	0.00	0.00	0.00
82	32.00	0.00	850.00	8500.00	42500.00	348890.41	348890.41	0.00	0.00	0.00	0.00	0.00	0.00
83	33.00	0.00	850.00	8500.00	42500.00	348890.41	348890.41	0.00	0.00	0.00	0.00	0.00	0.00
84	34.00	0.00	850.00	8500.00	42500.00	348890.41	348890.41	0.00	0.00	0.00	0.00	0.00	0.00
85	35.00	0.00	850.00	8500.00	42500.00	348890.41	348890.41	0.00	0.00	0.00	0.00	0.00	0.00
86	36.00	0.00	850.00	8500.00	42500.00	348890.41	348890.41	0.00	0.00	0.00	0.00	0.00	0.00
87	37.00	0.00	850.00	8500.00	42500.00	348890.41	348890.41	0.00	0.00	0.00	0.00	0.00	0.00
88	38.00	0.00	850.00	8500.00	42500.00	348890.41	348890.41	0.00	0.00	0.00	0.00	0.00	0.00
89	39.00	0.00	850.00	8500.00	42500.00	348890.41	348890.41	0.00	0.00	0.00	0.00	0.00	0.00
90	40.00	0.00	850.00	8500.00	42500.00	348890.41	348890.41	0.00	0.00	0.00	0.00	0.00	0.00
91	41.00	0.00	850.00	8500.00	42500.00	348890.41	348890.41	0.00	0.00	0.00	0.00	0.00	0.00
92	42.00	0.00	850.00	8500.00	42500.00	348890.41	348890.41	0.00	0.00	0.00	0.00	0.00	0.00
93	43.00	0.00	850.00	8500.00	42500.00	348890.41	348890.41	0.00	0.00	0.00	0.00	0.00	0.00
94	44.00	0.00	850.00	8500.00	42500.00	348890.41	348890.41	0.00	0.00	0.00	0.00	0.00	0.00
95	45.00	0.00	850.00	8500.00	42500.00	348890.41	348890.41	0.00	0.00	0.00	0.00	0.00	0.00
96	46.00	0.00	850.00	8500.00	42500.00	348890.41	348890.41	0.00	0.00	0.00	0.00	0.00	0.00
97	47.00	0.00	850.00	8500.00	42500.00	348890.41	348890.41	0.00	0.00	0.00	0.00	0.00	0.00
98	48.00	0.00	850.00	8500.00	42500.00	348890.41	348890.41	0.00	0.00	0.00	0.00	0.00	0.00
99	49.00	0.00	850.00	8500.00	42500.00	348890.41	348890.41	0.00	0.00	0.00	0.00	0.00	0.00
100	50.00	0.00	850.00	8500.00	42500.00	348890.41	348890.41	0.00	0.00	0.00	0.00	0.00	0.00
101	51.00	0.00	722.50	7225.00	36125.00	348890.41	348890.41	0.00	0.00	0.00	0.00	0.00	0.00
102	52.00	0.00	722.50	7225.00	36125.00	348890.41	348890.41	0.00	0.00	0.00	0.00	0.00	0.00
103	53.00	0.00	722.50	7225.00	36125.00	348890.41	348890.41	0.00	0.00	0.00	0.00	0.00	0.00
104	54.00	0.00	722.50	7225.00	36125.00	348890.41	348890.41	0.00	0.00	0.00	0.00	0.00	0.00
105	55.00	0.00	722.50	7225.00	36125.00	348890.41	348890.41	0.00	0.00	0.00	0.00	0.00	0.00
106	56.00	0.00	722.50	7225.00	36125.00	348890.41	348890.41	0.00	0.00	0.00	0.00	0.00	0.00
107	57.00	0.00	722.50	7225.00	36125.00	348890.41	348890.41	0.00	0.00	0.00	0.00	0.00	0.00
108	58.00	0.00	722.50	7225.00	36125.00	348890.41	348890.41	0.00	0.00	0.00	0.00	0.00	0.00
109	59.00	0.00	722.50	7225.00	36125.00	348890.41	348890.41	0.00	0.00	0.00	0.00	0.00	0.00
110	60.00	0.00	722.50	7225.00	36125.00	348890.41	348890.41	0.00	0.00	0.00	0.00	0.00	0.00
111	61.00	0.00	722.50	7225.00	36125.00	348890.41	348890.41	0.00	0.00	0.00	0.00	0.00	0.00
112	62.00	0.00	722.50	7225.00	36125.00	348890.41	348890.41	0.00	0.00	0.00	0.00	0.00	0.00
113	63.00	0.00	722.50	7225.00	36125.00	348890.41	348890.41	0.00	0.00	0.00	0.00	0.00	0.00
114	64.00	0.00	722.50	7225.00	36125.00	348890.41	348890.41	0.00	0.00	0.00	0.00	0.00	0.00
115	65.00	0.00	722.50	7225.00	36125.00	348890.41	348890.41	0.00	0.00	0.00	0.00	0.00	0.00
116	66.00	0.00	722.50	7225.00	36125.00	348890.41	348890.41	0.00	0.00	0.00	0.00	0.00	0.00
117	67.00	0.00	722.50	7225.00	36125.00	348890.41	348890.41	0.00	0.00	0.00	0.00	0.00	0.00
118	68.00	0.00	722.50	7225.00	36125.00	348890.41	348890.41	0.00	0.00	0.00	0.00	0.00	0.00
119	69.00	0.00	722.50	7225.00	36125.00	348890.41	348890.41	0.00	0.00	0.00	0.00	0.00	0.00
120	70.00	0.00	722.50	7225.00	36125.00	348890.41	348890.41	0.00	0.00	0.00	0.00	0.00	0.00
121	71.00	0.00	722.50	7225.00	36125.00	348890.41	348890.41	0.00	0.00	0.00	0.00	0.00	0.00
122	72.00	0.00	722.50	7225.00	36125.00	348890.41	348890.41	0.00	0.00	0.00	0.00	0.00	0.00
123	73.00	0.00	722.50	7225.00	36125.00	348890.41	348890.41	0.00	0.00	0.00	0.00	0.00	0.00
124	74.00	0.00	722.50	7225.00	36125.00	348890.41	348890.41	0.00	0.00	0.00	0.00	0.00	0.00
125	25.00	0.00	722.50	7225.00	36125.00	348890.41	348890.41	0.00	0.00	0.00	0.00	0.00	0.00
126	26.00	0.00	722.50	7225.00	36125.00	348890.41	348890.41	0.00	0.00	0.00	0.00	0.00	0.00
127	27.00	0.00	722.50	7225.00	36125.00	348890.41	348890.41	0.00	0.00	0.00	0.00	0.00	0.00
128	28.00	0.00	722.50	7225.00	36125.00	348890.41	348890.41	0.00	0.00	0.00	0.00	0.00	0.00
129	29.00	0.00	722.50	7225.00	36125.00	348890.41	348890.41	0.00	0.00	0.00	0.00	0.00	0.00
130	30.00	0.00	722.50	7225.00	36125.00	348890.41	348890.41	0.00	0.00	0.00	0.00	0.00	0.00
131	31.00	0.00	722.50	7225.00	36125.00	348890.41	348890.41	0.00	0.00	0.00	0.00	0.00	0.00
132	32.00	0.00	722.50	7225.00	36125.00	348890.41	348890.41	0.00	0.00	0.00	0.00	0.00	0.00
133	33.00	0.00	722.50	7225.00	36125.00	348890.41	348890.41	0.00	0.00	0.00	0.00	0.00	0.00
134	34.00	0.00	722.50	7225.00	36125.00	348890.41	348890.41	0.00	0.00	0.00	0.00	0.00	0.00
135	35.00	0.00	722.50	7225.00	36125.00	348890.41	348890.41	0.00	0.00	0.00	0.00	0.00	0.00
136	36.00	0.00	722.50	7225.00	36125.00	348890.41	348890.41	0.00	0.00	0.00	0.00	0.00	0.00
137	37.00	0.00	722.50	7225.00	36125.00	348890.41	348890.41	0.00	0.00	0.00	0.00	0.00	0.00
138	38.00	0.00	722.50	7225.00	36125.00	348890.41	348890.41	0.00	0.00	0.00	0.00	0.00	0.00
139	39.00	0.00	722.50	7225.00	36125.00	348890.41	348890.41	0.00	0.00	0.00	0.00	0.00	0.00
140	40.00	0.00	722.50	7225.00	36125.00	348890.41	348890.41	0.00	0.00	0.00	0.00	0.00	0.00
141	41.00	0.00	722.50	7225.00	36125.00	348890.41	348890.41	0.00	0.00	0.00	0.00	0.00	0.00
142	42.00	0.00	722.50	7225.00	36125.00	348890.41	348890.41	0.00	0.00	0.00	0.00	0.00	0.00
143	43.00	0.00	722.50	7225.00	36125.00	348890.41	348890.41	0.00	0.00	0.00	0.00	0.00	0.00
144	44.00	0.00	722.50	7225.00	36125.00	348890.41	348890.41	0.00	0.00	0.00	0.00	0.00	0.00
145	45.00	0.00	722.50	7225.00	36125.00	348890.41	348890.41	0.00	0.00	0.00	0.00	0.00	0.00
146	46.00	0.00	722.50	7225.00	36125.00	348890.41	348890.41	0.00	0.00	0.00	0.00	0.00	0.00
147	47.00	0.00	722.50	7225.00	36125.00	348890.41	348890.41	0.00	0.00	0.00	0.00	0.00	0.00
148	48.00	0.00	722.50	7225.00	36125.00	348890.41	348890.41	0.00	0.00	0.00	0.00	0.00	0.00
149	49.00	0.00	722.50	7225.00	36125.00	348890.41	348890.41	0.00	0.00	0.00	0.00	0.00	0.00
150	50.00	0.00	722.50	7225.00	36125.00	348890.41	348890.41	0.00	0.00	0.00	0.00	0.00	0.00
151	51.00	0.00	722.50	7225.00	36125.00	348890.41	348890.41	0.00	0.00	0.00	0.00	0.00	0.00
152	52.00	0.00	722.50	7225.00	36125.00	348890.41	348890.41	0.00	0.00	0.00	0.00	0.00	0.00
153	53.00	0.00	722.50	7225.00	36125.00	348890.41	348890.41	0.00	0.00	0.00	0.00	0.00	0.00
154	54.00	0.00	722.50	7225.00	36125.00	348890.41	348890.41	0.00	0.00	0.00	0.00	0.00	0.00
155	55.00	0.00	722.50	7225.00	36125.00	348890.41	348890.41	0.00	0.00	0.00	0.00	0.00	0.00
156	56.00	0.00	722.50	7225.00	36125.00	348890.41	348890.41	0.00	0.00	0.00	0.00	0.00	0.00
157	57.00	0.00	722.50	7225.00	36125.00	348890.41	348890.41	0.00	0.00	0.00	0.00	0.00	0.00
158	58.00	0.00	722.50	7225.00	36125.00	348890.41	348890.41	0.00	0.00	0.00	0.00	0.00	0.00
159	59.00	0.00	722.50	7225.00	36125.00	348890.41	348890.41	0.00	0.00	0.00	0.00	0.00	0.00
160	60.00	0.00	722.50	7225.00	36125.00	348890.41	348890.41	0.00	0.00	0.00	0.00	0.00	0.00
161	61.00	0.00	722.50	7225.00	36125.00	348890.41	348890.41	0.00	0.00	0.00	0.00	0.00	0.00
162	62.00	0.00	722.50	7225.00	36125.00	348890.41	348890.41	0.00	0.00	0.00	0.00	0.00	0.00
163	63.00	0.00	722.50	7225.00	36125.00	348890.41	348890.41	0.00	0.00	0.00	0.00	0.00	0.00
164	64.00	0.00	722.50	7225.00	36125.00	348890.41	348890.41	0.00	0.00	0.00	0.00	0.00	0.00
165	65.00	0.00	722.50	7225.00	36125.00	348890.41	348890.41	0.00	0.00	0.00	0.00	0.00	0.00
166	66.00	0.00	722.50	7225.00	36125.00	348890.41	348890.41	0.00	0.00	0.00	0.00	0.00	0.00
167	67.00	0.00	722.50	7225.00	36125.00	348890.41	348890.41	0.00	0.00	0.00	0.00	0.00	0.00
168	67.00	1.00	722.50	7225.00	36125.00	348890.41	348890.41	0.00	0.00	0.00	0.00	0.14	0.00
169	68.00	1.00	722.50	7225.00	36125.00	348890.41	348890.41	0.00	0.00	0.00	0.00	0.14	0.00
170	69.00	1.00	722.50	7225.00	36125.00	348890.41	348890.41	0.00	0.00	0.00	0.00	0.13	0.00
171	70.00	1.00	722.50	7225.00	36125.00	348890.41	348890.41	0.00	0.00	0.00	0.00	0.13	0.00
172	71.00	1.00	722.50	7225.00	36125.00	348890.41	348890.41	0.00	0.00	0.00	0.00	0.13	0.00
173	72.00	1.00	722.50	7225.00	36125.00	348890.41	348890.41	0.00	0.00	0.00	0.00	0.13	0.00
174	73.00	1.00	722.50	7225.00	36125.00	348890.41	348890.41	0.00	0.00	0.00	0.00	0.13	0.00
175	74.00	1.00	722.50	7225.00	36125.00	348890.41	348890.41	0.00	0.00	0.00	0.00	0.12	0.00
176	25.00	1.00	722.50	7225.00	36125.00	348890.41	348890.41	0.00	0.00	0.00	0.00	0.36	0.00
177	26.00	1.00	722.50	7225.00	36125.00	348890.41	348890.41	0.00	0.00	0.00	0.00	0.35	0.00
178	27.00	1.00	722.50	7225.00	36125.00	348890.41	348890.41	0.00	0.00	0.00	0.00	0.33	0.00
179	28.00	1.00	722.50	7225.00	36125.00	348890.41	348890.41	0.00	0.00	0.00	0.00	0.32	0.00
180	29.00	1.00	722.50	7225.00	36125.00	348890.41	348890.41	0.00	0.00	0.00	0.00	0.31	0.00
181	30.00	1.00	722.50	7225.00	36125.00	348890.41	348890.41	0.00	0.00	0.00	0.00	0.30	0.00
182	31.00	1.00	722.50	7225.00	36125.00	348890.41	348890.41	0.00	0.00	0.00	0.00	0.29	0.00
183	32.00	1.00	722.50	7225.00	36125.00	348890.41	348890.41	0.00	0.00	0.00	0.00	0.28	0.00
184	33.00	1.00	722.50	7225.00	36125.00	348890.41	348890.41	0.00	0.00	0.00	0.00	0.27	0.00
185	34.00	1.00	722.50	7225.00	36125.00	348890.41	348890.41	0.00	0.00	0.00	0.00	0.27	0.00
186	35.00	1.00	722.50	7225.00	36125.00	348890.41	348890.41	0.00	0.00	0.00	0.00	0.26	0.00
187	36.00	1.00	722.50	7225.00	36125.00	348890.41	348890.41	0.00	0.00	0.00	0.00	0.25	0.00
188	36.00	2.00	722.50	7225.00	36125.00	348890.41	348890.41	0.00	0.00	0.00	0.00	0.52	0.00
189	37.00	2.00	722.50	7225.00	36125.00	348890.41	348890.41	0.00	0.00	0.00	0.00	0.50	0.00
190	38.00	2.00	722.50	7225.00	36125.00	348890.41	348890.41	0.00	0.00	0.00	0.00	0.49	0.00
191	39.00	2.00	722.50	7225.00	36125.00	348890.41	348890.41	0.00	0.00	0.00	0.00	0.48	0.00
192	40.00	2.00	722.50	7225.00	36125.00	348890.41	348890.41	0.00	0.00	0.00	0.00	0.47	0.00
193	41.00	2.00	722.50	7225.00	36125.00	348890.41	348890.41	0.00	0.00	0.00	0.00	0.46	0.00
194	42.00	2.00	722.50	7225.00	36125.00	348890.41	348890.41	0.00	0.00	0.00	0.00	0.44	0.00
195	43.00	2.00	722.50	7225.00	36125.00	348890.41	348890.41	0.00	0.00	0.00	0.00	0.44	0.00
196	44.00	2.00	722.50	7225.00	36125.00	348890.41	348890.41	0.00	0.00	0.00	0.00	0.43	0.00
197	45.00	2.00	722.50	7225.00	36125.00	348890.41	348890.41	0.00	0.00	0.00	0.00	0.42	0.00
198	46.00	2.00	722.50	7225.00	36125.00	348890.41	348890.41	0.00	0.00	0.00	0.00	0.41	0.00
199	47.00	2.00	722.50	7225.00	36125.00	348890.41	348890.41	0.00	0.00	0.00	0.00	0.40	0.00
200	48.00	2.00	722.50	7225.00	36125.00	348890.41	348890.41	0.00	0.00	0.00	0.00	0.39	0.00
201	49.00	2.00	614.12	8670.00	30706.25	348890.41	348890.41	0.00	0.00	0.00	0.00	0.38	0.00
202	50.00	2.00	614.12	8670.00	30706.25	348890.41	348890.41	0.00	0.00	0.00	0.00	0.38	0.00
203	51.00	2.00	614.12	8670.00	30706.25	348890.41	348890.41	0.00	0.00	0.00	0.00	0.37	0.00
204	52.00	2.00	614.12	8670.00	30706.25	348890.41	348890.41	0.00	0.00	0.00	0.00	0.36	0.00
205	53.00	2.00	614.12	8670.00	30706.25	348890.41	348890.41	0.00	0.00	0.00	0.00	0.36	0.00
206	54.00	2.00	614.12	8670.00	30706.25	348890.41	348890.41	0.00	0.00	0.00	0.00	0.35	0.00
207	55.00	2.00	614.12	8670.00	30706.25	348890.41	348890.41	0.00	0.00	0.00	0.00	0.34	0.00
208	56.00	2.00	614.12	8670.00	30706.25	348890.41	348890.41	0.00	0.00	0.00	0.00	0.34	0.00
209	57.00	2.00	614.12	8670.00	30706.25	348890.41	348890.41	0.00	0.00	0.00	0.00	0.33	0.00
210	58.00	2.00	614.12	8670.00	30706.25	348890.41	348890.41	0.00	0.00	0.00	0.00	0.33	0.00
211	59.00	2.00	614.12	8670.00	30706.25	348890.41	348890.41	0.00	0.00	0.00	0.00	0.32	0.00
212	60.00	2.00	614.12	8670.00	30706.25	348890.41	348890.41	0.00	0.00	0.00	0.00	0.32	0.00
213	61.00	2.00	614.12	8670.00	30706.25	348890.41	348890.41	0.00	0.00	0.00	0.00	0.31	0.00
214	62.00	2.00	614.12	8670.00	30706.25	348890.41	348890.41	0.00	0.00	0.00	0.00	0.31	0.00
215	63.00	2.00	614.12	8670.00	30706.25	348890.41	348890.41	0.00	0.00	0.00	0.00	0.30	0.00
216	64.00	2.00	614.12	8670.00	30706.25	348890.41	348890.41	0.00	0.00	0.00	0.00	0.30	0.00
217	65.00	2.00	614.12	8670.00	30706.25	348890.41	348890.41	0.00	0.00	0.00	0.00	0.29	0.00
218	66.00	2.00	614.12	8670.00	30706.25	348890.41	348890.41	0.00	0.00	0.00	0.00	0.29	0.00
219	67.00	2.00	614.12	8670.00	30706.25	348890.41	348890.41	0.00	0.00	0.00	0.00	0.28	0.00
220	68.00	2.00	614.12	8670.00	30706.25	348890.41	348890.41	0.00	0.00	0.00	0.00	0.28	0.00
221	69.00	2.00	614.12	8670.00	30706.25	348890.41	348890.41	0.00	0.00	0.00	0.00	0.28	0.00
222	70.00	2.00	614.12	8670.00	30706.25	348890.41	348890.41	0.00	0.00	0.00	0.00	0.27	0.00
223	71.00	2.00	614.12	8670.00	30706.25	348890.41	348890.41	0.00	0.00	0.00	0.00	0.27	0.00
224	72.00	2.00	614.12	8670.00	30706.25	348890.41	348890.41	0.00	0.00	0.00	0.00	0.26	0.00
225	73.00	2.00	614.12	8670.00	30706.25	348890.41	348890.41	0.00	0.00	0.00	0.00	0.26	0.00
226	74.00	2.00	614.12	8670.00	30706.25	348890.41	348890.41	0.00	0.00	0.00	0.00	0.26	0.00
227	25.00	2.00	614.12	8670.00	30706.25	348890.41	348890.41	0.00	0.00	0.00	0.00	0.73	0.00
228	25.00	3.00	614.12	8670.00	30706.25	348890.41	348890.41	0.00	0.00	0.00	0.00	1.22	0.00
229	26.00	3.00	614.12	8670.00	30706.25	348890.41	348890.41	0.00	0.00	0.00	0.00	1.18	0.00
230	27.00	3.00	614.12	8670.00	30706.25	348890.41	348890.41	0.00	0.00	0.00	0.00	1.14	0.00
231	28.00	3.00	614.12	8670.00	30706.25	348890.41	348890.41	0.00	0.00	0.00	0.00	1.10	0.00
232	28.00	4.00	614.12	8670.00	30706.25	348890.41	348890.41	0.00	0.00	0.00	0.00	2.09	0.00
233	29.00	4.00	614.12	8670.00	30706.25	348890.41	348890.41	0.00	0.00	0.00	0.00	2.02	0.00
234	30.00	4.00	614.12	8670.00	30706.25	348890.41	348890.41	0.00	0.00	0.00	0.00	1.96	0.00
235	31.00	4.00	614.12	8670.00	30706.25	348890.41	348890.41	0.00	0.00	0.00	0.00	1.91	0.00
236	32.00	4.00	614.12	8670.00	30706.25	348890.41	348890.41	0.00	0.00	0.00	0.00	1.85	0.00
237	33.00	4.00	614.12	8670.00	30706.25	348890.41	348890.41	0.00	0.00	0.00	0.00	1.80	0.00
238	34.00	4.00	614.12	8670.00	30706.25	348890.41	348890.41	0.00	0.00	0.00	0.00	1.76	0.00
239	35.00	4.00	614.12	8670.00	30706.25	348890.41	348890.41	0.00	0.00	0.00	0.00	1.71	0.00
240	36.00	4.00	614.12	8670.00	30706.25	348890.41	348890.41	0.00	0.00	0.00	0.00	1.67	0.00
241	37.00	4.00	614.12	8670.00	30706.25	348890.41	348890.41	0.00	0.00	0.00	0.00	1.63	0.00
242	37.00	5.00	614.12	8670.00	30706.25	348890.41	348890.41	0.00	0.00	0.00	0.00	1.76	0.00
243	38.00	5.00	614.12	8670.00	30706.25	348890.41	348890.41	0.00	0.00	0.00	0.00	1.72	0.00
244	39.00	5.00	614.12	8670.00	30706.25	348890.41	348890.41	0.00	0.00	0.00	0.00	1.68	0.00
245	40.00	5.00	614.12	8670.00	30706.25	348890.41	348890.41	0.00	0.00	0.00	0.00	1.65	0.00
246	41.00	5.00	614.12	8670.00	30706.25	348890.41	348890.41	0.00	0.00	0.00	0.00	1.61	0.00
247	42.00	5.00	614.12	8670.00	30706.25	348890.41	348890.41	0.00	0.00	0.00	0.00	1.58	0.00
248	43.00	5.00	614.12	8670.00	30706.25	348890.41	348890.41	0.00	0.00	0.00	0.00	1.54	0.00
249	44.00	5.00	614.12	8670.00	30706.25	348890.41	348890.41	0.00	0.00	0.00	0.00	1.51	0.00
250	45.00	5.00	614.12	8670.00	30706.25	348890.41	348890.41	0.00	0.00	0.00	0.00	1.48	0.00
251	46.00	5.00	614.12	8670.00	30706.25	348890.41	348890.41	0.00	0.00	0.00	0.00	1.45	0.00
252	47.00	5.00	614.12	8670.00	30706.25	348890.41	348890.41	0.00	0.00	0.00	0.00	1.42	0.00
253	48.00	5.00	614.12	8670.00	30706.25	348890.41	348890.41	0.00	0.00	0.00	0.00	1.40	0.00
254	49.00	5.00	614.12	8670.00	30706.25	348890.41	348890.41	0.00	0.00	0.00	0.00	1.37	0.00
255	50.00	5.00	614.12	8670.00	30706.25	348890.41	348890.41	0.00	0.00	0.00	0.00	1.35	0.00
256	51.00	5.00	614.12	8670.00	30706.25	348890.41	348890.41	0.00	0.00	0.00	0.00	1.32	0.00
257	52.00	5.00	614.12	8670.00	30706.25	348890.41	348890.41	0.00	0.00	0.00	0.00	1.30	0.00
258	53.00	5.00	614.12	8670.00	30706.25	348890.41	348890.41	0.00	0.00	0.00	0.00	1.28	0.00
259	54.00	5.00	614.12	8670.00	30706.25	348890.41	348890.41	0.00	0.00	0.00	0.00	1.26	0.00
260	55.00	5.00	614.12	8670.00	30706.25	348890.41	348890.41	0.00	0.00	0.00	0.00	1.23	0.00
261	56.00	5.00	614.12	8670.00	30706.25	348890.41	348890.41	0.00	0.00	0.00	0.00	1.21	0.00
262	57.00	5.00	614.12	8670.00	30706.25	346466.55	346466.55	0.00	0.00	0.00	0.00	1.19	0.00
263	57.00	6.00	614.12	8670.00	30706.25	346466.55	346466.55	0.00	0.00	0.00	0.00	1.44	0.00
264	58.00	6.00	614.12	8670.00	30706.25	346466.55	346466.55	0.00	0.00	0.00	0.00	1.42	0.00
265	59.00	6.00	614.12	8670.00	30706.25	346466.55	346466.55	0.00	0.00	0.00	0.00	1.40	0.00
266	60.00	6.00	614.12	8670.00	30706.25	346466.55	346466.55	0.00	0.00	0.00	0.00	1.37	0.00
267	61.00	6.00	614.12	8670.00	30706.25	346466.55	346466.55	0.00	0.00	0.00	0.00	1.35	0.00
268	62.00	6.00	614.12	8670.00	30706.25	346466.55	346466.55	0.00	0.00	0.00	0.00	1.33	0.00
269	63.00	6.00	614.12	8670.00	30706.25	346466.55	346466.55	0.00	0.00	0.00	0.00	1.31	0.00
270	64.00	6.00	614.12	8670.00	30706.25	346466.55	346466.55	0.00	0.00	0.00	0.00	1.30	0.00
271	65.00	6.00	614.12	8670.00	30706.25	346466.55	346466.55	0.00	0.00	0.00	0.00	1.28	0.00
272	66.00	6.00	614.12	8670.00	30706.25	346466.55	346466.55	0.00	0.00	0.00	0.00	1.26	0.00
273	67.00	6.00	614.12	8670.00	30706.25	346466.55	346466.55	0.00	0.00	0.00	0.00	1.24	0.00
274	68.00	6.00	614.12	8670.00	30706.25	346466.55	346466.55	0.00	0.00	0.00	0.00	1.23	0.00
275	69.00	6.00	614.12	8670.00	30706.25	346466.55	346466.55	0.00	0.00	0.00	0.00	1.21	0.00
276	70.00	6.00	614.12	8670.00	30706.25	344042.69	344042.69	0.00	0.00	0.00	0.00	1.19	0.00
277	71.00	6.00	614.12	8670.00	30706.25	344042.69	344042.69	0.00	0.00	0.00	0.00	1.18	0.00
278	72.00	6.00	614.12	8670.00	30706.25	344042.69	344042.69	0.00	0.00	0.00	0.00	1.16	0.00
279	73.00	6.00	614.12	8670.00	30706.25	344042.69	344042.69	0.00	0.00	0.00	0.00	1.15	0.00
280	74.00	6.00	614.12	8670.00	30706.25	344042.69	344042.69	0.00	0.00	0.00	0.00	1.13	0.00
281	25.00	6.00	614.12	8670.00	30706.25	344042.69	344042.69	0.00	0.00	0.00	0.00	2.93	0.00
282	26.00	6.00	614.12	8670.00	30706.25	344042.69	344042.69	0.00	0.00	0.00	0.00	2.83	0.00
283	27.00	6.00	614.12	8670.00	30706.25	344042.69	344042.69	0.00	0.00	0.00	0.00	2.75	0.00
284	28.00	6.00	614.12	8670.00	30706.25	344042.69	344042.69	0.00	0.00	0.00	0.00	2.67	0.00
285	29.00	6.00	614.12	8670.00	30706.25	344042.69	344042.69	0.00	0.00	0.00	0.00	2.59	0.00
286	30.00	6.00	614.12	8670.00	30706.25	344042.69	344042.69	0.00	0.00	0.00	0.00	2.52	0.00
287	31.00	6.00	614.12	8670.00	30706.25	344042.69	344042.69	0.00	0.00	0.00	0.00	2.45	0.00
288	32.00	6.00	614.12	8670.00	30706.25	344042.69	344042.69	0.00	0.00	0.00	0.00	2.39	0.00
289	33.00	6.00	614.12	8670.00	30706.25	344042.69	344042.69	0.00	0.00	0.00	0.00	2.33	0.00
290	34.00	6.00	614.12	8670.00	30706.25	344042.69	344042.69	0.00	0.00	0.00	0.00	2.27	0.00
291	34.00	7.00	614.12	8670.00	30706.25	344042.69	344042.69	0.00	0.00	0.00	0.00	2.46	0.00
292	35.00	7.00	614.12	8670.00	30706.25	344042.69	344042.69	0.00	0.00	0.00	0.00	2.40	0.00
293	35.00	8.00	614.12	8670.00	30706.25	344042.69	344042.69	0.00	0.00	0.00	0.00	3.83	0.00
294	36.00	8.00	614.12	8670.00	30706.25	344042.69	344042.69	0.00	0.00	0.00	0.00	3.74	0.00
295	37.00	8.00	614.12	8670.00	30706.25	344042.69	344042.69	0.00	0.00	0.00	0.00	3.66	0.00
296	38.00	8.00	614.12	8670.00	30706.25	344042.69	344042.69	0.00	0.00	0.00	0.00	3.58	0.00
297	39.00	8.00	614.12	8670.00	30706.25	344042.69	344042.69	0.00	0.00	0.00	0.00	3.50	0.00
298	40.00	8.00	614.12	8670.00	30706.25	344042.69	344042.69	0.00	0.00	0.00	0.00	3.43	0.00
299	41.00	8.00	614.12	8670.00	30706.25	344042.69	344042.69	0.00	0.00	0.00	0.00	3.36	0.00
300	42.00	8.00	614.12	8670.00	30706.25	344042.69	344042.69	0.00	0.00	0.00	0.00	3.29	0.00
301	43.00	8.00	522.01	10404.00	26100.31	344042.69	344042.69	0.00	0.00	0.00	0.00	3.23	0.00
302	44.00	8.00	522.01	10404.00	26100.31	344042.69	344042.69	0.00	0.00	0.00	0.00	3.17	0.00
303	45.00	8.00	522.01	10404.00	26100.31	344042.69	344042.69	0.00	0.00	0.00	0.00	3.11	0.00
304	45.00	9.00	522.01	10404.00	26100.31	344042.69	344042.69	0.00	0.00	0.00	0.00	3.32	0.00
305	46.00	9.00	522.01	10404.00	26100.31	344042.69	344042.69	0.00	0.00	0.00	0.00	3.26	0.00
306	47.00	9.00	522.01	10404.00	26100.31	344042.69	344042.69	0.00	0.00	0.00	0.00	3.20	0.00
307	48.00	9.00	522.01	10404.00	26100.31	344042.69	344042.69	0.00	0.00	0.00	0.00	3.14	0.00
308	49.00	9.00	522.01	10404.00	26100.31	344042.69	344042.69	0.00	0.00	0.00	0.00	3.09	0.00
309	50.00	9.00	522.01	10404.00	26100.31	344042.69	344042.69	0.00	0.00	0.00	0.00	3.04	0.00
310	51.00	9.00	522.01	10404.00	26100.31	344042.69	344042.69	0.00	0.00	0.00	0.00	2.99	0.00
311	52.00	9.00	522.01	10404.00	26100.31	344042.69	344042.69	0.00	0.00	0.00	0.00	2.94	0.00
312	53.00	9.00	522.01	10404.00	26100.31	344042.69	344042.69	0.00	0.00	0.00	0.00	2.89	0.00
313	54.00	9.00	522.01	10404.00	26100.31	344042.69	344042.69	0.00	0.00	0.00	0.00	2.84	0.00
314	55.00	9.00	522.01	10404.00	26100.31	344042.69	344042.69	0.00	0.00	0.00	0.00	2.80	0.00
315	56.00	9.00	522.01	10404.00	26100.31	344042.69	344042.69	0.00	0.00	0.00	0.00	2.76	0.00
316	57.00	9.00	522.01	10404.00	26100.31	344042.69	344042.69	0.00	0.00	0.00	0.00	2.72	0.00
317	58.00	9.00	522.01	10404.00	26100.31	344042.69	344042.69	0.00	0.00	0.00	0.00	2.67	0.00
318	59.00	9.00	522.01	10404.00	26100.31	344042.69	344042.69	0.00	0.00	0.00	0.00	2.64	0.00
319	60.00	9.00	522.01	10404.00	26100.31	344042.69	344042.69	0.00	0.00	0.00	0.00	2.60	0.00
320	61.00	9.00	522.01	10404.00	26100.31	344042.69	344042.69	0.00	0.00	0.00	0.00	2.56	0.00
321	61.00	10.00	522.01	10404.00	26100.31	344042.69	344042.69	0.00	0.00	0.00	0.00	2.66	0.00
322	62.00	10.00	522.01	10404.00	26100.31	344042.69	344042.69	0.00	0.00	0.00	0.00	2.62	0.00
323	63.00	10.00	522.01	10404.00	26100.31	344042.69	344042.69	0.00	0.00	0.00	0.00	2.58	0.00
324	64.00	10.00	522.01	10404.00	26100.31	344042.69	344042.69	0.00	0.00	0.00	0.00	2.55	0.00
325	65.00	10.00	522.01	10404.00	26100.31	344042.69	344042.69	0.00	0.00	0.00	0.00	2.51	0.00
326	66.00	10.00	522.01	10404.00	26100.31	344042.69	344042.69	0.00	0.00	0.00	0.00	2.48	0.00
327	67.00	10.00	522.01	10404.00	26100.31	344042.69	344042.69	0.00	0.00	0.00	0.00	2.45	0.00
328	68.00	10.00	522.01	10404.00	26100.31	344042.69	344042.69	0.00	0.00	0.00	0.00	2.42	0.00
329	69.00	10.00	522.01	10404.00	26100.31	344042.69	344042.69	0.00	0.00	0.00	0.00	2.39	0.00
330	70.00	10.00	522.01	10404.00	26100.31	344042.69	344042.69	0.00	0.00	0.00	0.00	2.36	0.00
331	71.00	10.00	522.01	10404.00	26100.31	344042.69	344042.69	0.00	0.00	0.00	0.00	2.33	0.00
332	72.00	10.00	522.01	10404.00	26100.31	344042.69	344042.69	0.00	0.00	0.00	0.00	2.30	0.00
333	73.00	10.00	522.01	10404.00	26100.31	344042.69	344042.69	0.00	0.00	0.00	0.00	2.27	0.00
334	74.00	10.00	522.01	10404.00	26100.31	344042.69	344042.69	0.00	0.00	0.00	0.00	2.24	0.00
335	25.00	10.00	522.01	10404.00	26100.31	344042.69	344042.69	0.00	0.00	0.00	0.00	5.39	0.00
336	25.00	11.00	522.01	10404.00	26100.31	344042.69	344042.69	0.00	0.00	0.00	0.00	6.22	0.00
337	26.00	11.00	522.01	10404.00	26100.31	344042.69	344042.69	0.00	0.00	0.00	0.00	6.05	0.00
338	27.00	11.00	522.01	10404.00	26100.31	344042.69	344042.69	0.00	0.00	0.00	0.00	5.90	0.00
339	28.00	11.00	522.01	10404.00	26100.31	344042.69	344042.69	0.00	0.00	0.00	0.00	5.74	0.00
340	29.00	11.00	522.01	10404.00	26100.31	344042.69	344042.69	0.00	0.00	0.00	0.00	5.60	0.00
341	30.00	11.00	522.01	10404.00	26100.31	344042.69	344042.69	0.00	0.00	0.00	0.00	5.46	0.00
342	31.00	11.00	522.01	10404.00	26100.31	344042.69	344042.69	0.00	0.00	0.00	0.00	5.33	0.00
343	32.00	11.00	522.01	10404.00	26100.31	344042.69	344042.69	0.00	0.00	0.00	0.00	5.21	0.00
344	33.00	11.00	522.01	10404.00	26100.31	344042.69	344042.69	0.00	0.00	0.00	0.00	5.09	0.00
345	33.00	12.00	522.01	10404.00	26100.31	344042.69	344042.69	0.00	0.00	0.00	0.00	5.38	0.00
346	34.00	12.00	522.01	10404.00	26100.31	344042.69	344042.69	0.00	0.00	0.00	0.00	5.26	0.00
347	35.00	12.00	522.01	10404.00	26100.31	344042.69	344042.69	0.00	0.00	0.00	0.00	5.15	0.00
348	35.00	13.00	522.01	10404.00	26100.31	344042.69	344042.69	0.00	0.00	0.00	0.00	5.23	0.00
349	36.00	13.00	522.01	10404.00	26100.31	344042.69	344042.69	0.00	0.00	0.00	0.00	5.13	0.00
350	37.00	13.00	522.01	10404.00	26100.31	344042.69	344042.69	0.00	0.00	0.00	0.00	5.03	0.00
351	37.00	14.00	522.01	10404.00	26100.31	344042.69	344042.69	0.00	0.00	0.00	0.00	5.21	0.00
352	38.00	14.00	522.01	10404.00	26100.31	344042.69	344042.69	0.00	0.00	0.00	0.00	5.11	0.00
353	39.00	14.00	522.01	10404.00	26100.31	344042.69	344042.69	0.00	0.00	0.00	0.00	5.02	0.00
354	40.00	14.00	522.01	10404.00	26100.31	344042.69	344042.69	0.00	0.00	0.00	0.00	4.92	0.00
355	41.00	14.00	522.01	10404.00	26100.31	344042.69	344042.69	0.00	0.00	0.00	0.00	4.83	0.00
356	42.00	14.00	522.01	10404.00	26100.31	344042.69	344042.69	0.00	0.00	0.00	0.00	4.75	0.00
357	43.00	14.00	522.01	10404.00	26100.31	344042.69	344042.69	0.00	0.00	0.00	0.00	4.66	0.00
358	44.00	14.00	522.01	10404.00	26100.31	344042.69	344042.69	0.00	0.00	0.00	0.00	4.58	0.00
359	45.00	14.00	522.01	10404.00	26100.31	344042.69	344042.69	0.00	0.00	0.00	0.00	4.51	0.00
360	46.00	14.00	522.01	10404.00	26100.31	344042.69	344042.69	0.00	0.00	0.00	0.00	4.43	0.00
361	47.00	14.00	522.01	10404.00	26100.31	344042.69	344042.69	0.00	0.00	0.00	0.00	4.36	0.00
362	48.00	14.00	522.01	10404.00	26100.31	344042.69	344042.69	0.00	0.00	0.00	0.00	4.29	0.00
363	49.00	14.00	522.01	10404.00	26100.31	344042.69	344042.69	0.00	0.00	0.00	0.00	4.22	0.00
364	50.00	14.00	522.01	10404.00	26100.31	344042.69	344042.69	0.00	0.00	0.00	0.00	4.15	0.00
365	51.00	14.00	522.01	10404.00	26100.31	344042.69	344042.69	0.00	0.00	0.00	0.00	4.09	0.00
366	52.00	14.00	522.01	10404.00	26100.31	344042.69	344042.69	0.00	0.00	0.00	0.00	4.03	0.00
367	53.00	14.00	522.01	10404.00	26100.31	344042.69	344042.69	0.00	0.00	0.00	0.00	3.97	0.00
368	54.00	14.00	522.01	10404.00	26100.31	344042.69	344042.69	0.00	0.00	0.00	0.00	3.91	0.00
369	55.00	14.00	522.01	10404.00	26100.31	344042.69	344042.69	0.00	0.00	0.00	0.00	3.85	0.00
370	56.00	14.00	522.01	10404.00	26100.31	344042.69	344042.69	0.00	0.00	0.00	0.00	3.80	0.00
371	57.00	14.00	522.01	10404.00	26100.31	344042.69	344042.69	0.00	0.00	0.00	0.00	3.74	0.00
372	58.00	14.00	522.01	10404.00	26100.31	344042.69	344042.69	0.00	0.00	0.00	0.00	3.69	0.00
373	59.00	14.00	522.01	10404.00	26100.31	344042.69	344042.69	0.00	0.00	0.00	0.00	3.64	0.00
374	60.00	14.00	522.01	10404.00	26100.31	344042.69	344042.69	0.00	0.00	0.00	0.00	3.59	0.00
375	61.00	14.00	522.01	10404.00	26100.31	344042.69	344042.69	0.00	0.00	0.00	0.00	3.54	0.00
376	62.00	14.00	522.01	10404.00	26100.31	344042.69	344042.69	0.00	0.00	0.00	0.00	3.50	0.00
377	63.00	14.00	522.01	10404.00	26100.31	344042.69	344042.69	0.00	0.00	0.00	0.00	3.45	0.00
378	64.00	14.00	522.01	10404.00	26100.31	344042.69	344042.69	0.00	0.00	0.00	0.00	3.41	0.00
379	65.00	14.00	522.01	10404.00	26100.31	344042.69	344042.69	0.00	0.00	0.00	0.00	3.37	0.00
380	66.00	14.00	522.01	10404.00	26100.31	344042.69	344042.69	0.00	0.00	0.00	0.00	3.32	0.00
381	66.00	15.00	522.01	10404.00	26100.31	344042.69	344042.69	0.00	0.00	0.00	0.00	3.55	0.00
382	67.00	15.00	522.01	10404.00	26100.31	344042.69	344042.69	0.00	0.00	0.00	0.00	3.51	0.00
383	68.00	15.00	522.01	10404.00	26100.31	344042.69	344042.69	0.00	0.00	0.00	0.00	3.47	0.00
384	69.00	15.00	522.01	10404.00	26100.31	344042.69	344042.69	0.00	0.00	0.00	0.00	3.43	0.00
385	70.00	15.00	522.01	10404.00	26100.31	344042.69	344042.69	0.00	0.00	0.00	0.00	3.39	0.00
386	71.00	15.00	522.01	10404.00	26100.31	344042.69	344042.69	0.00	0.00	0.00	0.00	3.35	0.00
387	71.00	16.00	522.01	10404.00	26100.31	344042.69	344042.69	0.00	0.00	0.00	0.00	3.51	0.00
388	72.00	16.00	522.01	10404.00	26100.31	344042.69	344042.69	0.00	0.00	0.00	0.00	3.47	0.00
389	73.00	16.00	522.01	10404.00	26100.31	344042.69	344042.69	0.00	0.00	0.00	0.00	3.43	0.00
390	74.00	16.00	522.01	10404.00	26100.31	344042.69	344042.69	0.00	0.00	0.00	0.00	3.40	0.00
391	25.00	16.00	522.01	10404.00	26100.31	344042.69	344042.69	0.00	0.00	0.00	0.00	7.46	0.00
392	26.00	16.00	522.01	10404.00	26100.31	344042.69	344042.69	0.00	0.00	0.00	0.00	7.28	0.00
393	27.00	16.00	522.01	10404.00	26100.31	344042.69	344042.69	0.00	0.00	0.00	0.00	7.11	0.00
394	28.00	16.00	522.01	10404.00	26100.31	344042.69	344042.69	0.00	0.00	0.00	0.00	6.95	0.00
395	29.00	16.00	522.01	10404.00	26100.31	344042.69	344042.69	0.00	0.00	0.00	0.00	6.79	0.00
396	30.00	16.00	522.01	10404.00	26100.31	344042.69	344042.69	0.00	0.00	0.00	0.00	6.64	0.00
397	31.00	16.00	522.01	10404.00	26100.31	344042.69	344042.69	0.00	0.00	0.00	0.00	6.50	0.00
398	32.00	16.00	522.01	10404.00	26100.31	344042.69	344042.69	0.00	0.00	0.00	0.00	6.37	0.00
399	33.00	16.00	522.01	10404.00	26100.31	344042.69	344042.69	0.00	0.00	0.00	0.00	6.24	0.00
400	34.00	16.00	522.01	10404.00	26100.31	344042.69	344042.69	0.00	0.00	0.00	0.00	6.11	0.00
401	35.00	16.00	443.71	12484.80	22185.27	344042.69	344042.69	0.00	0.00	0.00	0.00	5.99	0.00
402	36.00	16.00	443.71	12484.80	22185.27	344042.69	344042.69	0.00	0.00	0.00	0.00	5.88	0.00
403	36.00	17.00	443.71	12484.80	22185.27	344042.69	344042.69	0.00	0.00	0.00	0.00	6.04	0.00
404	37.00	17.00	443.71	12484.80	22185.27	344042.69	344042.69	0.00	0.00	0.00	0.00	5.93	0.00
405	38.00	17.00	443.71	12484.80	22185.27	344042.69	344042.69	0.00	0.00	0.00	0.00	5.82	0.00
406	39.00	17.00	443.71	12484.80	22185.27	344042.69	344042.69	0.00	0.00	0.00	0.00	5.72	0.00
407	40.00	17.00	443.71	12484.80	22185.27	344042.69	344042.69	0.00	0.00	0.00	0.00	5.62	0.00
408	41.00	17.00	443.71	12484.80	22185.27	344042.69	344042.69	0.00	0.00	0.00	0.00	5.52	0.00
409	42.00	17.00	443.71	12484.80	22185.27	344042.69	344042.69	0.00	0.00	0.00	0.00	5.43	0.00
410	43.00	17.00	443.71	12484.80	22185.27	344042.69	344042.69	0.00	0.00	0.00	0.00	5.34	0.00
411	44.00	17.00	443.71	12484.80	22185.27	344042.69	344042.69	0.00	0.00	0.00	0.00	5.25	0.00
412	45.00	17.00	443.71	12484.80	22185.27	344042.69	344042.69	0.00	0.00	0.00	0.00	5.17	0.00
413	46.00	17.00	443.71	12484.80	22185.27	344042.69	344042.69	0.00	0.00	0.00	0.00	5.08	0.00
414	47.00	17.00	443.71	12484.80	22185.27	344042.69	344042.69	0.00	0.00	0.00	0.00	5.00	0.00
415	48.00	17.00	443.71	12484.80	22185.27	344042.69	344042.69	0.00	0.00	0.00	0.00	4.93	0.00
416	49.00	17.00	443.71	12484.80	22185.27	344042.69	344042.69	0.00	0.00	0.00	0.00	4.85	0.00
417	50.00	17.00	443.71	12484.80	22185.27	344042.69	344042.69	0.00	0.00	0.00	0.00	4.78	0.00
418	51.00	17.00	443.71	12484.80	22185.27	344042.69	344042.69	0.00	0.00	0.00	0.00	4.71	0.00
419	52.00	17.00	443.71	12484.80	22185.27	344042.69	344042.69	0.00	0.00	0.00	0.00	4.64	0.00
420	53.00	17.00	443.71	12484.80	22185.27	344042.69	344042.69	0.00	0.00	0.00	0.00	4.57	0.00
421	54.00	17.00	443.71	12484.80	22185.27	344042.69	344042.69	0.00	0.00	0.00	0.00	4.51	0.00
422	55.00	17.00	443.71	12484.80	22185.27	344042.69	344042.69	0.00	0.00	0.00	0.00	4.45	0.00
423	56.00	17.00	443.71	12484.80	22185.27	344042.69	344042.69	0.00	0.00	0.00	0.00	4.39	0.00
424	57.00	17.00	443.71	12484.80	22185.27	344042.69	344042.69	0.00	0.00	0.00	0.00	4.33	0.00
425	58.00	17.00	443.71	12484.80	22185.27	344042.69	344042.69	0.00	0.00	0.00	0.00	4.27	0.00
426	59.00	17.00	443.71	12484.80	22185.27	344042.69	344042.69	0.00	0.00	0.00	0.00	4.21	0.00
427	60.00	17.00	443.71	12484.80	22185.27	344042.69	344042.69	0.00	0.00	0.00	0.00	4.16	0.00
428	61.00	17.00	443.71	12484.80	22185.27	344042.69	344042.69	0.00	0.00	0.00	0.00	4.11	0.00
429	62.00	17.00	443.71	12484.80	22185.27	344042.69	344042.69	0.00	0.00	0.00	0.00	4.05	0.00
430	63.00	17.00	443.71	12484.80	22185.27	344042.69	344042.69	0.00	0.00	0.00	0.00	4.00	0.00
431	64.00	17.00	443.71	12484.80	22185.27	344042.69	344042.69	0.00	0.00	0.00	0.00	3.95	0.00
432	65.00	17.00	443.71	12484.80	22185.27	344042.69	344042.69	0.00	0.00	0.00	0.00	3.91	0.00
433	66.00	17.00	443.71	12484.80	22185.27	344042.69	344042.69	0.00	0.00	0.00	0.00	3.86	0.00
434	67.00	17.00	443.71	12484.80	22185.27	344042.69	344042.69	0.00	0.00	0.00	0.00	3.81	0.00
435	68.00	17.00	443.71	12484.80	22185.27	344042.69	344042.69	0.00	0.00	0.00	0.00	3.77	0.00
436	69.00	17.00	443.71	12484.80	22185.27	344042.69	344042.69	0.00	0.00	0.00	0.00	3.72	0.00
437	70.00	17.00	443.71	12484.80	22185.27	344042.69	344042.69	0.00	0.00	0.00	0.00	3.68	0.00
438	70.00	18.00	443.71	12484.80	22185.27	344042.69	344042.69	0.00	0.00	0.00	0.00	3.80	0.00
439	71.00	18.00	443.71	12484.80	22185.27	344042.69	344042.69	0.00	0.00	0.00	0.00	3.76	0.00
440	72.00	18.00	443.71	12484.80	22185.27	344042.69	344042.69	0.00	0.00	0.00	0.00	3.72	0.00
441	73.00	18.00	443.71	12484.80	22185.27	344042.69	344042.69	0.00	0.00	0.00	0.00	3.68	0.00
442	74.00	18.00	443.71	12484.80	22185.27	344042.69	344042.69	0.00	0.00	0.00	0.00	3.64	0.00
443	25.00	18.00	443.71	12484.80	22185.27	344042.69	344042.69	0.00	0.00	0.00	0.00	7.79	0.00
444	26.00	18.00	443.71	12484.80	22185.27	344042.69	344042.69	0.00	0.00	0.00	0.00	7.61	0.00
445	27.00	18.00	443.71	12484.80	22185.27	344042.69	344042.69	0.00	0.00	0.00	0.00	7.44	0.00
446	28.00	18.00	443.71	12484.80	22185.27	344042.69	344042.69	0.00	0.00	0.00	0.00	7.28	0.00
447	28.00	19.00	443.71	12484.80	22185.27	344042.69	344042.69	0.00	0.00	0.00	0.00	7.74	0.00
448	29.00	19.00	443.71	12484.80	22185.27	344042.69	344042.69	0.00	0.00	0.00	0.00	7.58	0.00
449	30.00	19.00	443.71	12484.80	22185.27	344042.69	344042.69	0.00	0.00	0.00	0.00	7.43	0.00
450	31.00	19.00	443.71	12484.80	22185.27	344042.69	344042.69	0.00	0.00	0.00	0.00	7.28	0.00
451	32.00	19.00	443.71	12484.80	22185.27	344042.69	344042.69	0.00	0.00	0.00	0.00	7.14	0.00
452	32.00	20.00	443.71	12484.80	22185.27	344042.69	344042.69	0.00	0.00	0.00	0.00	7.14	0.00
453	32.00	21.00	443.71	12484.80	22185.27	344042.69	344042.69	0.00	0.00	0.00	0.00	7.28	0.00
454	33.00	21.00	443.71	12484.80	22185.27	344042.69	344042.69	0.00	0.00	0.00	0.00	7.15	0.00
455	34.00	21.00	443.71	12484.80	22185.27	344042.69	344042.69	0.00	0.00	0.00	0.00	7.02	0.00
456	35.00	21.00	443.71	12484.80	22185.27	344042.69	344042.69	0.00	0.00	0.00	0.00	6.89	0.00
457	36.00	21.00	443.71	12484.80	22185.27	344042.69	344042.69	0.00	0.00	0.00	0.00	6.77	0.00
458	37.00	21.00	443.71	12484.80	22185.27	344042.69	344042.69	0.00	0.00	0.00	0.00	6.65	0.00
459	38.00	21.00	443.71	12484.80	22185.27	344042.69	344042.69	0.00	0.00	0.00	0.00	6.54	0.00
460	39.00	21.00	443.71	12484.80	22185.27	344042.69	344042.69	0.00	0.00	0.00	0.00	6.43	0.00
461	40.00	21.00	443.71	12484.80	22185.27	344042.69	344042.69	0.00	0.00	0.00	0.00	6.33	0.00
462	41.00	21.00	443.71	12484.80	22185.27	344042.69	344042.69	0.00	0.00	0.00	0.00	6.22	0.00
463	42.00	21.00	443.71	12484.80	22185.27	344042.69	344042.69	0.00	0.00	0.00	0.00	6.13	0.00
464	43.00	21.00	443.71	12484.80	22185.27	344042.69	344042.69	0.00	0.00	0.00	0.00	6.03	0.00
465	43.00	22.00	443.71	12484.80	22185.27	344042.69	344042.69	0.00	0.00	0.00	0.00	6.05	0.00
466	44.00	22.00	443.71	12484.80	22185.27	344042.69	344042.69	0.00	0.00	0.00	0.00	5.96	0.00
467	45.00	22.00	443.71	12484.80	22185.27	344042.69	344042.69	0.00	0.00	0.00	0.00	5.87	0.00
468	46.00	22.00	443.71	12484.80	22185.27	344042.69	344042.69	0.00	0.00	0.00	0.00	5.78	0.00
469	47.00	22.00	443.71	12484.80	22185.27	344042.69	344042.69	0.00	0.00	0.00	0.00	5.70	0.00
470	48.00	22.00	443.71	12484.80	22185.27	344042.69	344042.69	0.00	0.00	0.00	0.00	5.62	0.00
471	49.00	22.00	443.71	12484.80	22185.27	344042.69	344042.69	0.00	0.00	0.00	0.00	5.54	0.00
472	50.00	22.00	443.71	12484.80	22185.27	344042.69	344042.69	0.00	0.00	0.00	0.00	5.46	0.00
473	51.00	22.00	443.71	12484.80	22185.27	344042.69	344042.69	0.00	0.00	0.00	0.00	5.39	0.00
474	52.00	22.00	443.71	12484.80	22185.27	344042.69	344042.69	0.00	0.00	0.00	0.00	5.31	0.00
475	53.00	22.00	443.71	12484.80	22185.27	344042.69	344042.69	0.00	0.00	0.00	0.00	5.24	0.00
476	54.00	22.00	443.71	12484.80	22185.27	344042.69	344042.69	0.00	0.00	0.00	0.00	5.17	0.00
477	55.00	22.00	443.71	12484.80	22185.27	344042.69	344042.69	0.00	0.00	0.00	0.00	5.11	0.00
478	56.00	22.00	443.71	12484.80	22185.27	344042.69	344042.69	0.00	0.00	0.00	0.00	5.04	0.00
479	57.00	22.00	443.71	12484.80	22185.27	344042.69	344042.69	0.00	0.00	0.00	0.00	4.98	0.00
480	58.00	22.00	443.71	12484.80	22185.27	344042.69	344042.69	0.00	0.00	0.00	0.00	4.92	0.00
481	59.00	22.00	443.71	12484.80	22185.27	344042.69	344042.69	0.00	0.00	0.00	0.00	4.85	0.00
482	59.00	23.00	443.71	12484.80	22185.27	344042.69	344042.69	0.00	0.00	0.00	0.00	4.88	0.00
483	60.00	23.00	443.71	12484.80	22185.27	344042.69	344042.69	0.00	0.00	0.00	0.00	4.83	0.00
484	61.00	23.00	443.71	12484.80	22185.27	344042.69	344042.69	0.00	0.00	0.00	0.00	4.77	0.00
485	62.00	23.00	443.71	12484.80	22185.27	344042.69	344042.69	0.00	0.00	0.00	0.00	4.71	0.00
486	63.00	23.00	443.71	12484.80	22185.27	344042.69	344042.69	0.00	0.00	0.00	0.00	4.66	0.00
487	64.00	23.00	443.71	12484.80	22185.27	344042.69	344042.69	0.00	0.00	0.00	0.00	4.60	0.00
488	65.00	23.00	443.71	12484.80	22185.27	344042.69	344042.69	0.00	0.00	0.00	0.00	4.55	0.00
489	66.00	23.00	443.71	12484.80	22185.27	344042.69	344042.69	0.00	0.00	0.00	0.00	4.50	0.00
490	67.00	23.00	443.71	12484.80	22185.27	344042.69	344042.69	0.00	0.00	0.00	0.00	4.45	0.00
491	68.00	23.00	443.71	12484.80	22185.27	344042.69	344042.69	0.00	0.00	0.00	0.00	4.40	0.00
492	69.00	23.00	443.71	12484.80	22185.27	344042.69	344042.69	0.00	0.00	0.00	0.00	4.35	0.00
493	70.00	23.00	443.71	12484.80	22185.27	344042.69	344042.69	0.00	0.00	0.00	0.00	4.31	0.00
494	71.00	23.00	443.71	12484.80	22185.27	344042.69	344042.69	0.00	0.00	0.00	0.00	4.26	0.00
495	72.00	23.00	443.71	12484.80	22185.27	344042.69	344042.69	0.00	0.00	0.00	0.00	4.22	0.00
496	73.00	23.00	443.71	12484.80	22185.27	344042.69	344042.69	0.00	0.00	0.00	0.00	4.17	0.00
497	74.00	23.00	443.71	12484.80	22185.27	344042.69	344042.69	0.00	0.00	0.00	0.00	4.13	0.00
498	25.00	23.00	443.71	12484.80	22185.27	344042.69	344042.69	0.00	0.00	0.00	0.00	8.34	0.00
499	26.00	23.00	443.71	12484.80	22185.27	344042.69	344042.69	0.00	0.00	0.00	0.00	8.17	0.00
500	27.00	23.00	443.71	12484.80	22185.27	344042.69	344042.69	0.00	0.00	0.00	0.00	8.01	0.00
501	28.00	23.00	377.15	14981.76	18857.48	344042.69	344042.69	0.00	0.00	0.00	0.00	7.85	0.00
502	29.00	23.00	377.15	14981.76	18857.48	344042.69	344042.69	0.00	0.00	0.00	0.00	7.70	0.00
503	30.00	23.00	377.15	14981.76	18857.48	344042.69	344042.69	0.00	0.00	0.00	0.00	7.56	0.00
504	31.00	23.00	377.15	14981.76	18857.48	344042.69	344042.69	0.00	0.00	0.00	0.00	7.42	0.00
505	32.00	23.00	377.15	14981.76	18857.48	344042.69	344042.69	0.00	0.00	0.00	0.00	7.28	0.00
506	33.00	23.00	377.15	14981.76	18857.48	344042.69	344042.69	0.00	0.00	0.00	0.00	7.15	0.00
507	34.00	23.00	377.15	14981.76	18857.48	344042.69	344042.69	0.00	0.00	0.00	0.00	7.03	0.00
508	35.00	23.00	377.15	14981.76	18857.48	344042.69	344042.69	0.00	0.00	0.00	0.00	6.91	0.00
509	36.00	23.00	377.15	14981.76	18857.48	344042.69	344042.69	0.00	0.00	0.00	0.00	6.79	0.00
510	37.00	23.00	377.15	14981.76	18857.48	344042.69	344042.69	0.00	0.00	0.00	0.00	6.68	0.00
511	38.00	23.00	377.15	14981.76	18857.48	344042.69	344042.69	0.00	0.00	0.00	0.00	6.57	0.00
512	39.00	23.00	377.15	14981.76	18857.48	344042.69	344042.69	0.00	0.00	0.00	0.00	6.46	0.00
513	40.00	23.00	377.15	14981.76	18857.48	344042.69	344042.69	0.00	0.00	0.00	0.00	6.36	0.00
514	41.00	23.00	377.15	14981.76	18857.48	344042.69	344042.69	0.00	0.00	0.00	0.00	6.26	0.00
515	42.00	23.00	377.15	14981.76	18857.48	344042.69	344042.69	0.00	0.00	0.00	0.00	6.16	0.00
516	43.00	23.00	377.15	14981.76	18857.48	344042.69	344042.69	0.00	0.00	0.00	0.00	6.07	0.00
517	44.00	23.00	377.15	14981.76	18857.48	344042.69	344042.69	0.00	0.00	0.00	0.00	5.98	0.00
518	45.00	23.00	377.15	14981.76	18857.48	344042.69	344042.69	0.00	0.00	0.00	0.00	5.89	0.00
519	46.00	23.00	377.15	14981.76	18857.48	344042.69	344042.69	0.00	0.00	0.00	0.00	5.81	0.00
520	47.00	23.00	377.15	14981.76	18857.48	344042.69	344042.69	0.00	0.00	0.00	0.00	5.72	0.00
521	48.00	23.00	377.15	14981.76	18857.48	344042.69	344042.69	0.00	0.00	0.00	0.00	5.64	0.00
522	49.00	23.00	377.15	14981.76	18857.48	344042.69	344042.69	0.00	0.00	0.00	0.00	5.56	0.00
523	50.00	23.00	377.15	14981.76	18857.48	344042.69	344042.69	0.00	0.00	0.00	0.00	5.49	0.00
524	51.00	23.00	377.15	14981.76	18857.48	344042.69	344042.69	0.00	0.00	0.00	0.00	5.41	0.00
525	52.00	23.00	377.15	14981.76	18857.48	344042.69	344042.69	0.00	0.00	0.00	0.00	5.34	0.00
526	53.00	23.00	377.15	14981.76	18857.48	344042.69	344042.69	0.00	0.00	0.00	0.00	5.27	0.00
527	54.00	23.00	377.15	14981.76	18857.48	344042.69	344042.69	0.00	0.00	0.00	0.00	5.20	0.00
528	55.00	23.00	377.15	14981.76	18857.48	344042.69	344042.69	0.00	0.00	0.00	0.00	5.14	0.00
529	56.00	23.00	377.15	14981.76	18857.48	344042.69	344042.69	0.00	0.00	0.00	0.00	5.07	0.00
530	57.00	23.00	377.15	14981.76	18857.48	344042.69	344042.69	0.00	0.00	0.00	0.00	5.01	0.00
531	58.00	23.00	377.15	14981.76	18857.48	344042.69	344042.69	0.00	0.00	0.00	0.00	4.95	0.00
532	59.00	23.00	377.15	14981.76	18857.48	344042.69	344042.69	0.00	0.00	0.00	0.00	4.88	0.00
533	60.00	23.00	377.15	14981.76	18857.48	344042.69	344042.69	0.00	0.00	0.00	0.00	4.83	0.00
534	61.00	23.00	377.15	14981.76	18857.48	344042.69	344042.69	0.00	0.00	0.00	0.00	4.77	0.00
535	62.00	23.00	377.15	14981.76	18857.48	344042.69	344042.69	0.00	0.00	0.00	0.00	4.71	0.00
536	63.00	23.00	377.15	14981.76	18857.48	344042.69	344042.69	0.00	0.00	0.00	0.00	4.66	0.00
537	64.00	23.00	377.15	14981.76	18857.48	344042.69	344042.69	0.00	0.00	0.00	0.00	4.60	0.00
538	65.00	23.00	377.15	14981.76	18857.48	344042.69	344042.69	0.00	0.00	0.00	0.00	4.55	0.00
539	65.00	24.00	377.15	14981.76	18857.48	344042.69	344042.69	0.00	0.00	0.00	0.00	4.58	0.00
540	66.00	24.00	377.15	14981.76	18857.48	344042.69	344042.69	0.00	0.00	0.00	0.00	4.53	0.00
541	67.00	24.00	377.15	14981.76	18857.48	344042.69	344042.69	0.00	0.00	0.00	0.00	4.48	0.00
542	68.00	24.00	377.15	14981.76	18857.48	344042.69	344042.69	0.00	0.00	0.00	0.00	4.43	0.00
543	69.00	24.00	377.15	14981.76	18857.48	344042.69	344042.69	0.00	0.00	0.00	0.00	4.39	0.00
544	70.00	24.00	377.15	14981.76	18857.48	344042.69	344042.69	0.00	0.00	0.00	0.00	4.34	0.00
545	71.00	24.00	377.15	14981.76	18857.48	344042.69	344042.69	0.00	0.00	0.00	0.00	4.29	0.00
546	72.00	24.00	377.15	14981.76	18857.48	344042.69	344042.69	0.00	0.00	0.00	0.00	4.25	0.00
547	73.00	24.00	377.15	14981.76	18857.48	344042.69	344042.69	0.00	0.00	0.00	0.00	4.20	0.00
548	74.00	24.00	377.15	14981.76	18857.48	344042.69	344042.69	0.00	0.00	0.00	0.00	4.16	0.00
549	25.00	24.00	377.15	14981.76	18857.48	344042.69	344042.69	0.00	0.00	0.00	0.00	8.32	0.00
550	26.00	24.00	377.15	14981.76	18857.48	344042.69	344042.69	0.00	0.00	0.00	0.00	8.16	0.00
551	27.00	24.00	377.15	14981.76	18857.48	344042.69	344042.69	0.00	0.00	0.00	0.00	8.00	0.00
552	28.00	24.00	377.15	14981.76	18857.48	344042.69	344042.69	0.00	0.00	0.00	0.00	7.84	0.00
553	29.00	24.00	377.15	14981.76	18857.48	344042.69	344042.69	0.00	0.00	0.00	0.00	7.70	0.00
554	30.00	24.00	377.15	14981.76	18857.48	344042.69	344042.69	0.00	0.00	0.00	0.00	7.55	0.00
555	31.00	24.00	377.15	14981.76	18857.48	344042.69	344042.69	0.00	0.00	0.00	0.00	7.42	0.00
556	32.00	24.00	377.15	14981.76	18857.48	344042.69	344042.69	0.00	0.00	0.00	0.00	7.28	0.00
557	33.00	24.00	377.15	14981.76	18857.48	344042.69	344042.69	0.00	0.00	0.00	0.00	7.16	0.00
558	34.00	24.00	377.15	14981.76	18857.48	344042.69	344042.69	0.00	0.00	0.00	0.00	7.03	0.00
559	35.00	24.00	377.15	14981.76	18857.48	344042.69	344042.69	0.00	0.00	0.00	0.00	6.91	0.00
560	36.00	24.00	377.15	14981.76	18857.48	344042.69	344042.69	0.00	0.00	0.00	0.00	6.80	0.00
561	37.00	24.00	377.15	14981.76	18857.48	344042.69	344042.69	0.00	0.00	0.00	0.00	6.69	0.00
562	38.00	24.00	377.15	14981.76	18857.48	344042.69	344042.69	0.00	0.00	0.00	0.00	6.58	0.00
563	39.00	24.00	377.15	14981.76	18857.48	344042.69	344042.69	0.00	0.00	0.00	0.00	6.47	0.00
564	40.00	24.00	377.15	14981.76	18857.48	344042.69	344042.69	0.00	0.00	0.00	0.00	6.37	0.00
565	40.00	25.00	377.15	14981.76	18857.48	344042.69	344042.69	0.00	0.00	0.00	0.00	6.49	0.00
566	41.00	25.00	377.15	14981.76	18857.48	344042.69	344042.69	0.00	0.00	0.00	0.00	6.39	0.00
567	42.00	25.00	377.15	14981.76	18857.48	344042.69	344042.69	0.00	0.00	0.00	0.00	6.29	0.00
568	43.00	25.00	377.15	14981.76	18857.48	344042.69	344042.69	0.00	0.00	0.00	0.00	6.20	0.00
569	44.00	25.00	377.15	14981.76	18857.48	344042.69	344042.69	0.00	0.00	0.00	0.00	6.11	0.00
570	45.00	25.00	377.15	14981.76	18857.48	344042.69	344042.69	0.00	0.00	0.00	0.00	6.02	0.00
571	46.00	25.00	377.15	14981.76	18857.48	344042.69	344042.69	0.00	0.00	0.00	0.00	5.94	0.00
572	47.00	25.00	377.15	14981.76	18857.48	344042.69	344042.69	0.00	0.00	0.00	0.00	5.85	0.00
573	48.00	25.00	377.15	14981.76	18857.48	344042.69	344042.69	0.00	0.00	0.00	0.00	5.77	0.00
574	49.00	25.00	377.15	14981.76	18857.48	344042.69	344042.69	0.00	0.00	0.00	0.00	5.70	0.00
575	50.00	25.00	377.15	14981.76	18857.48	344042.69	344042.69	0.00	0.00	0.00	0.00	5.62	0.00
576	51.00	25.00	377.15	14981.76	18857.48	344042.69	344042.69	0.00	0.00	0.00	0.00	5.55	0.00
577	51.00	26.00	377.15	14981.76	18857.48	344042.69	344042.69	0.00	0.00	0.00	0.00	5.94	0.00
578	52.00	26.00	377.15	14981.76	18857.48	344042.69	344042.69	0.00	0.00	0.00	0.00	5.86	0.00
579	53.00	26.00	377.15	14981.76	18857.48	344042.69	344042.69	0.00	0.00	0.00	0.00	5.79	0.00
580	54.00	26.00	377.15	14981.76	18857.48	344042.69	344042.69	0.00	0.00	0.00	0.00	5.71	0.00
581	55.00	26.00	377.15	14981.76	18857.48	344042.69	344042.69	0.00	0.00	0.00	0.00	5.64	0.00
582	56.00	26.00	377.15	14981.76	18857.48	344042.69	344042.69	0.00	0.00	0.00	0.00	5.57	0.00
583	57.00	26.00	377.15	14981.76	18857.48	344042.69	344042.69	0.00	0.00	0.00	0.00	5.51	0.00
584	58.00	26.00	377.15	14981.76	18857.48	344042.69	344042.69	0.00	0.00	0.00	0.00	5.44	0.00
585	59.00	26.00	377.15	14981.76	18857.48	344042.69	344042.69	0.00	0.00	0.00	0.00	5.38	0.00
586	60.00	26.00	377.15	14981.76	18857.48	344042.69	344042.69	0.00	0.00	0.00	0.00	5.31	0.00
587	61.00	26.00	377.15	14981.76	18857.48	344042.69	344042.69	0.00	0.00	0.00	0.00	5.25	0.00
588	62.00	26.00	377.15	14981.76	18857.48	344042.69	344042.69	0.00	0.00	0.00	0.00	5.19	0.00
589	63.00	26.00	377.15	14981.76	18857.48	344042.69	344042.69	0.00	0.00	0.00	0.00	5.14	0.00
590	64.00	26.00	377.15	14981.76	18857.48	344042.69	344042.69	0.00	0.00	0.00	0.00	5.08	0.00
591	65.00	26.00	377.15	14981.76	18857.48	344042.69	344042.69	0.00	0.00	0.00	0.00	5.02	0.00
592	66.00	26.00	377.15	14981.76	18857.48	344042.69	344042.69	0.00	0.00	0.00	0.00	4.97	0.00
593	67.00	26.00	377.15	14981.76	18857.48	344042.69	344042.69	0.00	0.00	0.00	0.00	4.91	0.00
594	68.00	26.00	377.15	14981.76	18857.48	344042.69	344042.69	0.00	0.00	0.00	0.00	4.86	0.00
595	69.00	26.00	377.15	14981.76	18857.48	344042.69	344042.69	0.00	0.00	0.00	0.00	4.81	0.00
596	70.00	26.00	377.15	14981.76	18857.48	344042.69	344042.69	0.00	0.00	0.00	0.00	4.76	0.00
597	71.00	26.00	377.15	14981.76	18857.48	344042.69	344042.69	0.00	0.00	0.00	0.00	4.71	0.00
598	72.00	26.00	377.15	14981.76	18857.48	344042.69	344042.69	0.00	0.00	0.00	0.00	4.66	0.00
599	73.00	26.00	377.15	14981.76	18857.48	344042.69	344042.69	0.00	0.00	0.00	0.00	4.62	0.00
600	74.00	26.00	377.15	14981.76	18857.48	344042.69	344042.69	0.00	0.00	0.00	0.00	4.57	0.00
601	25.00	26.00	320.58	17978.11	16028.85	344042.69	344042.69	0.00	0.00	0.00	0.00	8.96	0.00
602	25.00	27.00	320.58	17978.11	16028.85	344042.69	344042.69	0.00	0.00	0.00	0.00	8.93	0.00
603	26.00	27.00	320.58	17978.11	16028.85	344042.69	344042.69	0.00	0.00	0.00	0.00	8.76	0.00
604	27.00	27.00	320.58	17978.11	16028.85	344042.69	344042.69	0.00	0.00	0.00	0.00	8.60	0.00
605	28.00	27.00	320.58	17978.11	16028.85	344042.69	344042.69	0.00	0.00	0.00	0.00	8.44	0.00
606	29.00	27.00	320.58	17978.11	16028.85	344042.69	344042.69	0.00	0.00	0.00	0.00	8.29	0.00
607	30.00	27.00	320.58	17978.11	16028.85	344042.69	344042.69	0.00	0.00	0.00	0.00	8.15	0.00
608	31.00	27.00	320.58	17978.11	16028.85	344042.69	344042.69	0.00	0.00	0.00	0.00	8.01	0.00
609	32.00	27.00	320.58	17978.11	16028.85	344042.69	344042.69	0.00	0.00	0.00	0.00	7.87	0.00
610	33.00	27.00	320.58	17978.11	16028.85	344042.69	344042.69	0.00	0.00	0.00	0.00	7.74	0.00
611	34.00	27.00	320.58	17978.11	16028.85	344042.69	344042.69	0.00	0.00	0.00	0.00	7.61	0.00
612	35.00	27.00	320.58	17978.11	16028.85	344042.69	344042.69	0.00	0.00	0.00	0.00	7.49	0.00
613	36.00	27.00	320.58	17978.11	16028.85	344042.69	344042.69	0.00	0.00	0.00	0.00	7.37	0.00
614	37.00	27.00	320.58	17978.11	16028.85	344042.69	344042.69	0.00	0.00	0.00	0.00	7.26	0.00
615	38.00	27.00	320.58	17978.11	16028.85	344042.69	344042.69	0.00	0.00	0.00	0.00	7.14	0.00
616	39.00	27.00	320.58	17978.11	16028.85	344042.69	344042.69	0.00	0.00	0.00	0.00	7.04	0.00
617	40.00	27.00	320.58	17978.11	16028.85	344042.69	344042.69	0.00	0.00	0.00	0.00	6.93	0.00
618	41.00	27.00	320.58	17978.11	16028.85	344042.69	344042.69	0.00	0.00	0.00	0.00	6.83	0.00
619	42.00	27.00	320.58	17978.11	16028.85	344042.69	344042.69	0.00	0.00	0.00	0.00	6.73	0.00
620	43.00	27.00	320.58	17978.11	16028.85	344042.69	344042.69	0.00	0.00	0.00	0.00	6.63	0.00
621	44.00	27.00	320.58	17978.11	16028.85	344042.69	344042.69	0.00	0.00	0.00	0.00	6.54	0.00
622	45.00	27.00	320.58	17978.11	16028.85	344042.69	344042.69	0.00	0.00	0.00	0.00	6.45	0.00
623	46.00	27.00	320.58	17978.11	16028.85	344042.69	344042.69	0.00	0.00	0.00	0.00	6.36	0.00
624	47.00	27.00	320.58	17978.11	16028.85	344042.69	344042.69	0.00	0.00	0.00	0.00	6.28	0.00
625	48.00	27.00	320.58	17978.11	16028.85	344042.69	344042.69	0.00	0.00	0.00	0.00	6.19	0.00
626	49.00	27.00	320.58	17978.11	16028.85	344042.69	344042.69	0.00	0.00	0.00	0.00	6.11	0.00
627	50.00	27.00	320.58	17978.11	16028.85	344042.69	344042.69	0.00	0.00	0.00	0.00	6.03	0.00
628	51.00	27.00	320.58	17978.11	16028.85	344042.69	344042.69	0.00	0.00	0.00	0.00	5.95	0.00
629	52.00	27.00	320.58	17978.11	16028.85	344042.69	344042.69	0.00	0.00	0.00	0.00	5.88	0.00
630	53.00	27.00	320.58	17978.11	16028.85	344042.69	344042.69	0.00	0.00	0.00	0.00	5.80	0.00
631	54.00	27.00	320.58	17978.11	16028.85	344042.69	344042.69	0.00	0.00	0.00	0.00	5.73	0.00
632	55.00	27.00	320.58	17978.11	16028.85	344042.69	344042.69	0.00	0.00	0.00	0.00	5.66	0.00
633	56.00	27.00	320.58	17978.11	16028.85	344042.69	344042.69	0.00	0.00	0.00	0.00	5.59	0.00
634	57.00	27.00	320.58	17978.11	16028.85	344042.69	344042.69	0.00	0.00	0.00	0.00	5.53	0.00
635	58.00	27.00	320.58	17978.11	16028.85	344042.69	344042.69	0.00	0.00	0.00	0.00	5.46	0.00
636	59.00	27.00	320.58	17978.11	16028.85	344042.69	344042.69	0.00	0.00	0.00	0.00	5.40	0.00
637	60.00	27.00	320.58	17978.11	16028.85	344042.69	344042.69	0.00	0.00	0.00	0.00	5.34	0.00
638	61.00	27.00	320.58	17978.11	16028.85	344042.69	344042.69	0.00	0.00	0.00	0.00	5.28	0.00
639	62.00	27.00	320.58	17978.11	16028.85	344042.69	344042.69	0.00	0.00	0.00	0.00	5.22	0.00
640	63.00	27.00	320.58	17978.11	16028.85	344042.69	344042.69	0.00	0.00	0.00	0.00	5.16	0.00
641	64.00	27.00	320.58	17978.11	16028.85	344042.69	344042.69	0.00	0.00	0.00	0.00	5.10	0.00
642	65.00	27.00	320.58	17978.11	16028.85	344042.69	344042.69	0.00	0.00	0.00	0.00	5.05	0.00
643	66.00	27.00	320.58	17978.11	16028.85	344042.69	344042.69	0.00	0.00	0.00	0.00	4.99	0.00
644	66.00	28.00	320.58	17978.11	16028.85	344042.69	344042.69	0.00	0.00	0.00	0.00	5.13	0.00
645	67.00	28.00	320.58	17978.11	16028.85	344042.69	344042.69	0.00	0.00	0.00	0.00	5.08	0.00
646	68.00	28.00	320.58	17978.11	16028.85	344042.69	344042.69	0.00	0.00	0.00	0.00	5.02	0.00
647	69.00	28.00	320.58	17978.11	16028.85	344042.69	344042.69	0.00	0.00	0.00	0.00	4.97	0.00
648	70.00	28.00	320.58	17978.11	16028.85	344042.69	344042.69	0.00	0.00	0.00	0.00	4.92	0.00
649	71.00	28.00	320.58	17978.11	16028.85	344042.69	344042.69	0.00	0.00	0.00	0.00	4.87	0.00
650	72.00	28.00	320.58	17978.11	16028.85	344042.69	344042.69	0.00	0.00	0.00	0.00	4.82	0.00
651	73.00	28.00	320.58	17978.11	16028.85	344042.69	344042.69	0.00	0.00	0.00	0.00	4.77	0.00
652	74.00	28.00	320.58	17978.11	16028.85	344042.69	344042.69	0.00	0.00	0.00	0.00	4.73	0.00
653	25.00	28.00	320.58	17978.11	16028.85	344042.69	344042.69	0.00	0.00	0.00	0.00	9.10	0.00
654	26.00	28.00	320.58	17978.11	16028.85	344042.69	344042.69	0.00	0.00	0.00	0.00	8.93	0.00
655	27.00	28.00	320.58	17978.11	16028.85	344042.69	344042.69	0.00	0.00	0.00	0.00	8.77	0.00
656	28.00	28.00	320.58	17978.11	16028.85	344042.69	344042.69	0.00	0.00	0.00	0.00	8.61	0.00
657	29.00	28.00	320.58	17978.11	16028.85	344042.69	344042.69	0.00	0.00	0.00	0.00	8.46	0.00
658	30.00	28.00	320.58	17978.11	16028.85	344042.69	344042.69	0.00	0.00	0.00	0.00	8.31	0.00
659	31.00	28.00	320.58	17978.11	16028.85	344042.69	344042.69	0.00	0.00	0.00	0.00	8.17	0.00
660	32.00	28.00	320.58	17978.11	16028.85	344042.69	344042.69	0.00	0.00	0.00	0.00	8.04	0.00
661	33.00	28.00	320.58	17978.11	16028.85	344042.69	344042.69	0.00	0.00	0.00	0.00	7.91	0.00
662	34.00	28.00	320.58	17978.11	16028.85	344042.69	344042.69	0.00	0.00	0.00	0.00	7.78	0.00
663	35.00	28.00	320.58	17978.11	16028.85	344042.69	344042.69	0.00	0.00	0.00	0.00	7.66	0.00
664	36.00	28.00	320.58	17978.11	16028.85	344042.69	344042.69	0.00	0.00	0.00	0.00	7.54	0.00
665	37.00	28.00	320.58	17978.11	16028.85	344042.69	344042.69	0.00	0.00	0.00	0.00	7.42	0.00
666	38.00	28.00	320.58	17978.11	16028.85	344042.69	344042.69	0.00	0.00	0.00	0.00	7.31	0.00
667	39.00	28.00	320.58	17978.11	16028.85	344042.69	344042.69	0.00	0.00	0.00	0.00	7.20	0.00
668	40.00	28.00	320.58	17978.11	16028.85	344042.69	344042.69	0.00	0.00	0.00	0.00	7.09	0.00
669	41.00	28.00	320.58	17978.11	16028.85	344042.69	344042.69	0.00	0.00	0.00	0.00	6.99	0.00
670	42.00	28.00	320.58	17978.11	16028.85	344042.69	344042.69	0.00	0.00	0.00	0.00	6.89	0.00
671	43.00	28.00	320.58	17978.11	16028.85	344042.69	344042.69	0.00	0.00	0.00	0.00	6.79	0.00
672	44.00	28.00	320.58	17978.11	16028.85	344042.69	344042.69	0.00	0.00	0.00	0.00	6.70	0.00
673	45.00	28.00	320.58	17978.11	16028.85	344042.69	344042.69	0.00	0.00	0.00	0.00	6.61	0.00
674	46.00	28.00	320.58	17978.11	16028.85	344042.69	344042.69	0.00	0.00	0.00	0.00	6.52	0.00
675	47.00	28.00	320.58	17978.11	16028.85	344042.69	344042.69	0.00	0.00	0.00	0.00	6.43	0.00
676	48.00	28.00	272.49	21573.73	13624.53	344042.69	344042.69	0.00	0.00	0.00	0.00	6.35	0.00
677	49.00	28.00	272.49	21573.73	13624.53	344042.69	344042.69	0.00	0.00	0.00	0.00	6.26	0.00
678	50.00	28.00	272.49	21573.73	13624.53	344042.69	344042.69	0.00	0.00	0.00	0.00	6.18	0.00
679	51.00	28.00	272.49	21573.73	13624.53	344042.69	344042.69	0.00	0.00	0.00	0.00	6.10	0.00
680	52.00	28.00	272.49	21573.73	13624.53	344042.69	344042.69	0.00	0.00	0.00	0.00	6.03	0.00
681	52.00	29.00	272.49	21573.73	13624.53	344042.69	344042.69	0.00	0.00	0.00	0.00	6.04	0.00
682	53.00	29.00	272.49	21573.73	13624.53	344042.69	344042.69	0.00	0.00	0.00	0.00	5.97	0.00
683	54.00	29.00	272.49	21573.73	13624.53	344042.69	344042.69	0.00	0.00	0.00	0.00	5.90	0.00
684	55.00	29.00	272.49	21573.73	13624.53	344042.69	344042.69	0.00	0.00	0.00	0.00	5.83	0.00
685	56.00	29.00	272.49	21573.73	13624.53	344042.69	344042.69	0.00	0.00	0.00	0.00	5.76	0.00
686	57.00	29.00	272.49	21573.73	13624.53	344042.69	344042.69	0.00	0.00	0.00	0.00	5.69	0.00
687	58.00	29.00	272.49	21573.73	13624.53	344042.69	344042.69	0.00	0.00	0.00	0.00	5.63	0.00
688	59.00	29.00	272.49	21573.73	13624.53	344042.69	344042.69	0.00	0.00	0.00	0.00	5.56	0.00
689	60.00	29.00	272.49	21573.73	13624.53	344042.69	344042.69	0.00	0.00	0.00	0.00	5.50	0.00
690	61.00	29.00	272.49	21573.73	13624.53	344042.69	344042.69	0.00	0.00	0.00	0.00	5.44	0.00
691	62.00	29.00	272.49	21573.73	13624.53	344042.69	344042.69	0.00	0.00	0.00	0.00	5.38	0.00
692	63.00	29.00	272.49	21573.73	13624.53	344042.69	344042.69	0.00	0.00	0.00	0.00	5.32	0.00
693	64.00	29.00	272.49	21573.73	13624.53	344042.69	344042.69	0.00	0.00	0.00	0.00	5.26	0.00
694	65.00	29.00	272.49	21573.73	13624.53	344042.69	344042.69	0.00	0.00	0.00	0.00	5.21	0.00
695	66.00	29.00	272.49	21573.73	13624.53	344042.69	344042.69	0.00	0.00	0.00	0.00	5.15	0.00
696	67.00	29.00	272.49	21573.73	13624.53	344042.69	344042.69	0.00	0.00	0.00	0.00	5.10	0.00
697	68.00	29.00	272.49	21573.73	13624.53	344042.69	344042.69	0.00	0.00	0.00	0.00	5.05	0.00
698	69.00	29.00	272.49	21573.73	13624.53	344042.69	344042.69	0.00	0.00	0.00	0.00	5.00	0.00
699	70.00	29.00	272.49	21573.73	13624.53	344042.69	344042.69	0.00	0.00	0.00	0.00	4.95	0.00
700	71.00	29.00	272.49	21573.73	13624.53	344042.69	344042.69	0.00	0.00	0.00	0.00	4.90	0.00
701	72.00	29.00	272.49	21573.73	13624.53	344042.69	344042.69	0.00	0.00	0.00	0.00	4.85	0.00
702	72.00	30.00	272.49	21573.73	13624.53	344042.69	344042.69	0.00	0.00	0.00	0.00	5.00	0.00
703	73.00	30.00	272.49	21573.73	13624.53	344042.69	344042.69	0.00	0.00	0.00	0.00	4.95	0.00
704	74.00	30.00	272.49	21573.73	13624.53	344042.69	344042.69	0.00	0.00	0.00	0.00	4.90	0.00
705	25.00	30.00	272.49	21573.73	13624.53	344042.69	344042.69	0.00	0.00	0.00	0.00	9.27	0.00
706	26.00	30.00	272.49	21573.73	13624.53	344042.69	344042.69	0.00	0.00	0.00	0.00	9.11	0.00
707	27.00	30.00	272.49	21573.73	13624.53	344042.69	344042.69	0.00	0.00	0.00	0.00	8.95	0.00
708	27.00	31.00	272.49	21573.73	13624.53	344042.69	344042.69	0.00	0.00	0.00	0.00	8.97	0.00
709	28.00	31.00	272.49	21573.73	13624.53	344042.69	344042.69	0.00	0.00	0.00	0.00	8.82	0.00
710	29.00	31.00	272.49	21573.73	13624.53	344042.69	344042.69	0.00	0.00	0.00	0.00	8.67	0.00
711	30.00	31.00	272.49	21573.73	13624.53	344042.69	344042.69	0.00	0.00	0.00	0.00	8.53	0.00
712	31.00	31.00	272.49	21573.73	13624.53	344042.69	344042.69	0.00	0.00	0.00	0.00	8.39	0.00
713	32.00	31.00	272.49	21573.73	13624.53	344042.69	344042.69	0.00	0.00	0.00	0.00	8.26	0.00
714	33.00	31.00	272.49	21573.73	13624.53	344042.69	344042.69	0.00	0.00	0.00	0.00	8.13	0.00
715	34.00	31.00	272.49	21573.73	13624.53	344042.69	344042.69	0.00	0.00	0.00	0.00	8.01	0.00
716	35.00	31.00	272.49	21573.73	13624.53	344042.69	344042.69	0.00	0.00	0.00	0.00	7.88	0.00
717	36.00	31.00	272.49	21573.73	13624.53	344042.69	344042.69	0.00	0.00	0.00	0.00	7.77	0.00
718	37.00	31.00	272.49	21573.73	13624.53	344042.69	344042.69	0.00	0.00	0.00	0.00	7.65	0.00
719	38.00	31.00	272.49	21573.73	13624.53	344042.69	344042.69	0.00	0.00	0.00	0.00	7.54	0.00
720	39.00	31.00	272.49	21573.73	13624.53	344042.69	344042.69	0.00	0.00	0.00	0.00	7.43	0.00
721	40.00	31.00	272.49	21573.73	13624.53	344042.69	344042.69	0.00	0.00	0.00	0.00	7.33	0.00
722	41.00	31.00	272.49	21573.73	13624.53	344042.69	344042.69	0.00	0.00	0.00	0.00	7.23	0.00
723	42.00	31.00	272.49	21573.73	13624.53	344042.69	344042.69	0.00	0.00	0.00	0.00	7.13	0.00
724	42.00	32.00	272.49	21573.73	13624.53	344042.69	344042.69	0.00	0.00	0.00	0.00	7.16	0.00
725	43.00	32.00	272.49	21573.73	13624.53	344042.69	344042.69	0.00	0.00	0.00	0.00	7.06	0.00
726	44.00	32.00	272.49	21573.73	13624.53	344042.69	344042.69	0.00	0.00	0.00	0.00	6.97	0.00
727	45.00	32.00	272.49	21573.73	13624.53	344042.69	344042.69	0.00	0.00	0.00	0.00	6.88	0.00
728	46.00	32.00	272.49	21573.73	13624.53	344042.69	344042.69	0.00	0.00	0.00	0.00	6.79	0.00
729	47.00	32.00	272.49	21573.73	13624.53	344042.69	344042.69	0.00	0.00	0.00	0.00	6.70	0.00
730	48.00	32.00	272.49	21573.73	13624.53	344042.69	344042.69	0.00	0.00	0.00	0.00	6.62	0.00
731	49.00	32.00	272.49	21573.73	13624.53	344042.69	344042.69	0.00	0.00	0.00	0.00	6.54	0.00
732	50.00	32.00	272.49	21573.73	13624.53	344042.69	344042.69	0.00	0.00	0.00	0.00	6.46	0.00
733	51.00	32.00	272.49	21573.73	13624.53	344042.69	344042.69	0.00	0.00	0.00	0.00	6.38	0.00
734	52.00	32.00	272.49	21573.73	13624.53	344042.69	344042.69	0.00	0.00	0.00	0.00	6.31	0.00
735	53.00	32.00	272.49	21573.73	13624.53	344042.69	344042.69	0.00	0.00	0.00	0.00	6.23	0.00
736	54.00	32.00	272.49	21573.73	13624.53	344042.69	344042.69	0.00	0.00	0.00	0.00	6.16	0.00
737	55.00	32.00	272.49	21573.73	13624.53	344042.69	344042.69	0.00	0.00	0.00	0.00	6.09	0.00
738	56.00	32.00	272.49	21573.73	13624.53	344042.69	344042.69	0.00	0.00	0.00	0.00	6.02	0.00
739	57.00	32.00	272.49	21573.73	13624.53	344042.69	344042.69	0.00	0.00	0.00	0.00	5.95	0.00
740	58.00	32.00	272.49	21573.73	13624.53	344042.69	344042.69	0.00	0.00	0.00	0.00	5.89	0.00
741	59.00	32.00	272.49	21573.73	13624.53	344042.69	344042.69	0.00	0.00	0.00	0.00	5.82	0.00
742	60.00	32.00	272.49	21573.73	13624.53	344042.69	344042.69	0.00	0.00	0.00	0.00	5.76	0.00
743	61.00	32.00	272.49	21573.73	13624.53	344042.69	344042.69	0.00	0.00	0.00	0.00	5.70	0.00
744	62.00	32.00	272.49	21573.73	13624.53	344042.69	344042.69	0.00	0.00	0.00	0.00	5.63	0.00
745	63.00	32.00	272.49	21573.73	13624.53	344042.69	344042.69	0.00	0.00	0.00	0.00	5.58	0.00
746	64.00	32.00	272.49	21573.73	13624.53	344042.69	344042.69	0.00	0.00	0.00	0.00	5.52	0.00
747	65.00	32.00	272.49	21573.73	13624.53	344042.69	344042.69	0.00	0.00	0.00	0.00	5.46	0.00
748	66.00	32.00	272.49	21573.73	13624.53	344042.69	344042.69	0.00	0.00	0.00	0.00	5.40	0.00
749	67.00	32.00	272.49	21573.73	13624.53	344042.69	344042.69	0.00	0.00	0.00	0.00	5.35	0.00
750	68.00	32.00	272.49	21573.73	13624.53	344042.69	344042.69	0.00	0.00	0.00	0.00	5.30	0.00
751	69.00	32.00	272.49	21573.73	13624.53	344042.69	344042.69	0.00	0.00	0.00	0.00	5.24	0.00
752	69.00	33.00	272.49	21573.73	13624.53	344042.69	344042.69	0.00	0.00	0.00	0.00	5.67	0.00
753	70.00	33.00	272.49	21573.73	13624.53	344042.69	344042.69	0.00	0.00	0.00	0.00	5.62	0.00
754	71.00	33.00	272.49	21573.73	13624.53	344042.69	344042.69	0.00	0.00	0.00	0.00	5.56	0.00
755	72.00	33.00	272.49	21573.73	13624.53	344042.69	344042.69	0.00	0.00	0.00	0.00	5.51	0.00
756	73.00	33.00	272.49	21573.73	13624.53	344042.69	344042.69	0.00	0.00	0.00	0.00	5.46	0.00
757	74.00	33.00	272.49	21573.73	13624.53	344042.69	344042.69	0.00	0.00	0.00	0.00	5.41	0.00
758	25.00	33.00	272.49	21573.73	13624.53	344042.69	344042.69	0.00	0.00	0.00	0.00	9.98	0.00
759	26.00	33.00	272.49	21573.73	13624.53	344042.69	344042.69	0.00	0.00	0.00	0.00	9.81	0.00
760	27.00	33.00	272.49	21573.73	13624.53	344042.69	344042.69	0.00	0.00	0.00	0.00	9.65	0.00
761	28.00	33.00	272.49	21573.73	13624.53	344042.69	344042.69	0.00	0.00	0.00	0.00	9.49	0.00
762	28.00	34.00	272.49	21573.73	13624.53	344042.69	344042.69	0.00	0.00	0.00	0.00	9.50	0.00
763	29.00	34.00	272.49	21573.73	13624.53	344042.69	344042.69	0.00	0.00	0.00	0.00	9.35	0.00
764	30.00	34.00	272.49	21573.73	13624.53	344042.69	344042.69	0.00	0.00	0.00	0.00	9.20	0.00
765	31.00	34.00	272.49	21573.73	13624.53	344042.69	344042.69	0.00	0.00	0.00	0.00	9.06	0.00
766	32.00	34.00	272.49	21573.73	13624.53	344042.69	344042.69	0.00	0.00	0.00	0.00	8.92	0.00
767	33.00	34.00	272.49	21573.73	13624.53	344042.69	344042.69	0.00	0.00	0.00	0.00	8.79	0.00
768	34.00	34.00	272.49	21573.73	13624.53	344042.69	344042.69	0.00	0.00	0.00	0.00	8.66	0.00
769	35.00	34.00	272.49	21573.73	13624.53	344042.69	344042.69	0.00	0.00	0.00	0.00	8.54	0.00
770	35.00	35.00	272.49	21573.73	13624.53	344042.69	344042.69	0.00	0.00	0.00	0.00	8.56	0.00
771	36.00	35.00	272.49	21573.73	13624.53	344042.69	344042.69	0.00	0.00	0.00	0.00	8.44	0.00
772	37.00	35.00	272.49	21573.73	13624.53	344042.69	344042.69	0.00	0.00	0.00	0.00	8.32	0.00
773	38.00	35.00	272.49	21573.73	13624.53	344042.69	344042.69	0.00	0.00	0.00	0.00	8.21	0.00
774	39.00	35.00	272.49	21573.73	13624.53	344042.69	344042.69	0.00	0.00	0.00	0.00	8.10	0.00
775	40.00	35.00	272.49	21573.73	13624.53	344042.69	344042.69	0.00	0.00	0.00	0.00	7.99	0.00
776	41.00	35.00	231.62	25888.48	11580.85	344042.69	344042.69	0.00	0.00	0.00	0.00	7.88	0.00
777	42.00	35.00	231.62	25888.48	11580.85	344042.69	344042.69	0.00	0.00	0.00	0.00	7.78	0.00
778	43.00	35.00	231.62	25888.48	11580.85	344042.69	344042.69	0.00	0.00	0.00	0.00	7.68	0.00
779	44.00	35.00	231.62	25888.48	11580.85	344042.69	344042.69	0.00	0.00	0.00	0.00	7.59	0.00
780	45.00	35.00	231.62	25888.48	11580.85	344042.69	344042.69	0.00	0.00	0.00	0.00	7.49	0.00
781	46.00	35.00	231.62	25888.48	11580.85	344042.69	344042.69	0.00	0.00	0.00	0.00	7.40	0.00
782	47.00	35.00	231.62	25888.48	11580.85	344042.69	344042.69	0.00	0.00	0.00	0.00	7.31	0.00
783	48.00	35.00	231.62	25888.48	11580.85	344042.69	344042.69	0.00	0.00	0.00	0.00	7.22	0.00
784	49.00	35.00	231.62	25888.48	11580.85	344042.69	344042.69	0.00	0.00	0.00	0.00	7.13	0.00
785	50.00	35.00	231.62	25888.48	11580.85	344042.69	344042.69	0.00	0.00	0.00	0.00	7.05	0.00
786	51.00	35.00	231.62	25888.48	11580.85	344042.69	344042.69	0.00	0.00	0.00	0.00	6.97	0.00
787	52.00	35.00	231.62	25888.48	11580.85	344042.69	344042.69	0.00	0.00	0.00	0.00	6.89	0.00
788	53.00	35.00	231.62	25888.48	11580.85	344042.69	344042.69	0.00	0.00	0.00	0.00	6.81	0.00
789	54.00	35.00	231.62	25888.48	11580.85	344042.69	344042.69	0.00	0.00	0.00	0.00	6.73	0.00
790	55.00	35.00	231.62	25888.48	11580.85	344042.69	344042.69	0.00	0.00	0.00	0.00	6.66	0.00
791	56.00	35.00	231.62	25888.48	11580.85	344042.69	344042.69	0.00	0.00	0.00	0.00	6.59	0.00
792	57.00	35.00	231.62	25888.48	11580.85	344042.69	344042.69	0.00	0.00	0.00	0.00	6.51	0.00
793	58.00	35.00	231.62	25888.48	11580.85	344042.69	344042.69	0.00	0.00	0.00	0.00	6.44	0.00
794	59.00	35.00	231.62	25888.48	11580.85	344042.69	344042.69	0.00	0.00	0.00	0.00	6.37	0.00
795	60.00	35.00	231.62	25888.48	11580.85	344042.69	344042.69	0.00	0.00	0.00	0.00	6.31	0.00
796	61.00	35.00	231.62	25888.48	11580.85	344042.69	344042.69	0.00	0.00	0.00	0.00	6.24	0.00
797	62.00	35.00	231.62	25888.48	11580.85	344042.69	344042.69	0.00	0.00	0.00	0.00	6.18	0.00
798	63.00	35.00	231.62	25888.48	11580.85	344042.69	344042.69	0.00	0.00	0.00	0.00	6.11	0.00
799	64.00	35.00	231.62	25888.48	11580.85	344042.69	344042.69	0.00	0.00	0.00	0.00	6.05	0.00
800	65.00	35.00	231.62	25888.48	11580.85	344042.69	344042.69	0.00	0.00	0.00	0.00	5.99	0.00
801	66.00	35.00	231.62	25888.48	11580.85	344042.69	344042.69	0.00	0.00	0.00	0.00	5.93	0.00
802	67.00	35.00	231.62	25888.48	11580.85	344042.69	344042.69	0.00	0.00	0.00	0.00	5.87	0.00
803	68.00	35.00	231.62	25888.48	11580.85	344042.69	344042.69	0.00	0.00	0.00	0.00	5.82	0.00
804	69.00	35.00	231.62	25888.48	11580.85	344042.69	344042.69	0.00	0.00	0.00	0.00	5.76	0.00
805	70.00	35.00	231.62	25888.48	11580.85	344042.69	344042.69	0.00	0.00	0.00	0.00	5.71	0.00
806	71.00	35.00	231.62	25888.48	11580.85	344042.69	344042.69	0.00	0.00	0.00	0.00	5.65	0.00
807	72.00	35.00	231.62	25888.48	11580.85	344042.69	344042.69	0.00	0.00	0.00	0.00	5.60	0.00
808	73.00	35.00	231.62	25888.48	11580.85	344042.69	344042.69	0.00	0.00	0.00	0.00	5.55	0.00
809	74.00	35.00	231.62	25888.48	11580.85	344042.69	344042.69	0.00	0.00	0.00	0.00	5.50	0.00
810	25.00	35.00	231.62	25888.48	11580.85	344042.69	344042.69	0.00	0.00	0.00	0.00	9.99	0.00
811	26.00	35.00	231.62	25888.48	11580.85	344042.69	344042.69	0.00	0.00	0.00	0.00	9.82	0.00
812	27.00	35.00	231.62	25888.48	11580.85	344042.69	344042.69	0.00	0.00	0.00	0.00	9.67	0.00
813	28.00	35.00	231.62	25888.48	11580.85	344042.69	344042.69	0.00	0.00	0.00	0.00	9.51	0.00
814	29.00	35.00	231.62	25888.48	11580.85	344042.69	344042.69	0.00	0.00	0.00	0.00	9.36	0.00
815	30.00	35.00	231.62	25888.48	11580.85	344042.69	344042.69	0.00	0.00	0.00	0.00	9.22	0.00
816	31.00	35.00	231.62	25888.48	11580.85	344042.69	344042.69	0.00	0.00	0.00	0.00	9.08	0.00
817	32.00	35.00	231.62	25888.48	11580.85	344042.69	344042.69	0.00	0.00	0.00	0.00	8.94	0.00
818	33.00	35.00	231.62	25888.48	11580.85	344042.69	344042.69	0.00	0.00	0.00	0.00	8.81	0.00
819	34.00	35.00	231.62	25888.48	11580.85	344042.69	344042.69	0.00	0.00	0.00	0.00	8.68	0.00
820	35.00	35.00	231.62	25888.48	11580.85	344042.69	344042.69	0.00	0.00	0.00	0.00	8.56	0.00
821	36.00	35.00	231.62	25888.48	11580.85	344042.69	344042.69	0.00	0.00	0.00	0.00	8.44	0.00
822	37.00	35.00	231.62	25888.48	11580.85	344042.69	344042.69	0.00	0.00	0.00	0.00	8.32	0.00
823	38.00	35.00	231.62	25888.48	11580.85	344042.69	344042.69	0.00	0.00	0.00	0.00	8.21	0.00
824	39.00	35.00	231.62	25888.48	11580.85	344042.69	344042.69	0.00	0.00	0.00	0.00	8.10	0.00
825	40.00	35.00	231.62	25888.48	11580.85	344042.69	344042.69	0.00	0.00	0.00	0.00	7.99	0.00
826	41.00	35.00	231.62	25888.48	11580.85	344042.69	344042.69	0.00	0.00	0.00	0.00	7.88	0.00
827	42.00	35.00	231.62	25888.48	11580.85	344042.69	344042.69	0.00	0.00	0.00	0.00	7.78	0.00
828	42.00	36.00	231.62	25888.48	11580.85	344042.69	344042.69	0.00	0.00	0.00	0.00	7.81	0.00
829	43.00	36.00	231.62	25888.48	11580.85	344042.69	344042.69	0.00	0.00	0.00	0.00	7.72	0.00
830	44.00	36.00	231.62	25888.48	11580.85	344042.69	344042.69	0.00	0.00	0.00	0.00	7.62	0.00
831	45.00	36.00	231.62	25888.48	11580.85	344042.69	344042.69	0.00	0.00	0.00	0.00	7.52	0.00
832	46.00	36.00	231.62	25888.48	11580.85	344042.69	344042.69	0.00	0.00	0.00	0.00	7.43	0.00
833	46.00	37.00	231.62	25888.48	11580.85	344042.69	344042.69	0.00	0.00	0.00	0.00	7.47	0.00
834	47.00	37.00	231.62	25888.48	11580.85	344042.69	344042.69	0.00	0.00	0.00	0.00	7.38	0.00
835	48.00	37.00	231.62	25888.48	11580.85	344042.69	344042.69	0.00	0.00	0.00	0.00	7.29	0.00
836	49.00	37.00	231.62	25888.48	11580.85	344042.69	344042.69	0.00	0.00	0.00	0.00	7.21	0.00
837	49.00	38.00	231.62	25888.48	11580.85	344042.69	344042.69	0.00	0.00	0.00	0.00	7.28	0.00
838	50.00	38.00	231.62	25888.48	11580.85	344042.69	344042.69	0.00	0.00	0.00	0.00	7.20	0.00
839	51.00	38.00	231.62	25888.48	11580.85	344042.69	344042.69	0.00	0.00	0.00	0.00	7.12	0.00
840	52.00	38.00	231.62	25888.48	11580.85	344042.69	344042.69	0.00	0.00	0.00	0.00	7.04	0.00
841	53.00	38.00	231.62	25888.48	11580.85	344042.69	344042.69	0.00	0.00	0.00	0.00	6.96	0.00
842	54.00	38.00	231.62	25888.48	11580.85	344042.69	344042.69	0.00	0.00	0.00	0.00	6.88	0.00
843	55.00	38.00	231.62	25888.48	11580.85	344042.69	344042.69	0.00	0.00	0.00	0.00	6.81	0.00
844	56.00	38.00	231.62	25888.48	11580.85	344042.69	344042.69	0.00	0.00	0.00	0.00	6.74	0.00
845	57.00	38.00	231.62	25888.48	11580.85	344042.69	344042.69	0.00	0.00	0.00	0.00	6.67	0.00
846	58.00	38.00	231.62	25888.48	11580.85	344042.69	344042.69	0.00	0.00	0.00	0.00	6.60	0.00
847	59.00	38.00	231.62	25888.48	11580.85	344042.69	344042.69	0.00	0.00	0.00	0.00	6.53	0.00
848	60.00	38.00	231.62	25888.48	11580.85	344042.69	344042.69	0.00	0.00	0.00	0.00	6.46	0.00
849	61.00	38.00	231.62	25888.48	11580.85	344042.69	344042.69	0.00	0.00	0.00	0.00	6.40	0.00
850	62.00	38.00	231.62	25888.48	11580.85	344042.69	344042.69	0.00	0.00	0.00	0.00	6.33	0.00
851	63.00	38.00	231.62	25888.48	11580.85	344042.69	344042.69	0.00	0.00	0.00	0.00	6.27	0.00
852	64.00	38.00	231.62	25888.48	11580.85	344042.69	344042.69	0.00	0.00	0.00	0.00	6.21	0.00
853	65.00	38.00	231.62	25888.48	11580.85	344042.69	344042.69	0.00	0.00	0.00	0.00	6.15	0.00
854	66.00	38.00	231.62	25888.48	11580.85	344042.69	344042.69	0.00	0.00	0.00	0.00	6.09	0.00
855	67.00	38.00	231.62	25888.48	11580.85	344042.69	344042.69	0.00	0.00	0.00	0.00	6.03	0.00
856	68.00	38.00	231.62	25888.48	11580.85	344042.69	344042.69	0.00	0.00	0.00	0.00	5.98	0.00
857	69.00	38.00	231.62	25888.48	11580.85	344042.69	344042.69	0.00	0.00	0.00	0.00	5.92	0.00
858	70.00	38.00	231.62	25888.48	11580.85	344042.69	344042.69	0.00	0.00	0.00	0.00	5.86	0.00
859	70.00	39.00	231.62	25888.48	11580.85	344042.69	344042.69	0.00	0.00	0.00	0.00	5.90	0.00
860	70.00	40.00	231.62	25888.48	11580.85	344042.69	344042.69	0.00	0.00	0.00	0.00	5.98	0.00
861	71.00	40.00	231.62	25888.48	11580.85	344042.69	344042.69	0.00	0.00	0.00	0.00	5.92	0.00
862	71.00	41.00	231.62	25888.48	11580.85	344042.69	344042.69	0.00	0.00	0.00	0.00	5.95	0.00
863	72.00	41.00	231.62	25888.48	11580.85	344042.69	344042.69	0.00	0.00	0.00	0.00	5.90	0.00
864	73.00	41.00	231.62	25888.48	11580.85	344042.69	344042.69	0.00	0.00	0.00	0.00	5.85	0.00
865	74.00	41.00	231.62	25888.48	11580.85	344042.69	344042.69	0.00	0.00	0.00	0.00	5.80	0.00
866	25.00	41.00	231.62	25888.48	11580.85	344042.69	344042.69	0.00	0.00	0.00	0.00	10.10	0.00
867	26.00	41.00	231.62	25888.48	11580.85	344042.69	344042.69	0.00	0.00	0.00	0.00	9.95	0.00
868	27.00	41.00	231.62	25888.48	11580.85	344042.69	344042.69	0.00	0.00	0.00	0.00	9.80	0.00
869	28.00	41.00	231.62	25888.48	11580.85	344042.69	344042.69	0.00	0.00	0.00	0.00	9.66	0.00
870	29.00	41.00	231.62	25888.48	11580.85	344042.69	344042.69	0.00	0.00	0.00	0.00	9.52	0.00
871	30.00	41.00	231.62	25888.48	11580.85	344042.69	344042.69	0.00	0.00	0.00	0.00	9.39	0.00
872	31.00	41.00	231.62	25888.48	11580.85	344042.69	344042.69	0.00	0.00	0.00	0.00	9.26	0.00
873	32.00	41.00	231.62	25888.48	11580.85	344042.69	344042.69	0.00	0.00	0.00	0.00	9.13	0.00
874	33.00	41.00	231.62	25888.48	11580.85	344042.69	344042.69	0.00	0.00	0.00	0.00	9.01	0.00
875	34.00	41.00	231.62	25888.48	11580.85	344042.69	344042.69	0.00	0.00	0.00	0.00	8.89	0.00
876	35.00	41.00	196.87	31066.18	9843.72	344042.69	344042.69	0.00	0.00	0.00	0.00	8.77	0.00
877	36.00	41.00	196.87	31066.18	9843.72	344042.69	344042.69	0.00	0.00	0.00	0.00	8.66	0.00
878	37.00	41.00	196.87	31066.18	9843.72	344042.69	344042.69	0.00	0.00	0.00	0.00	8.55	0.00
879	38.00	41.00	196.87	31066.18	9843.72	344042.69	344042.69	0.00	0.00	0.00	0.00	8.44	0.00
880	39.00	41.00	196.87	31066.18	9843.72	344042.69	344042.69	0.00	0.00	0.00	0.00	8.33	0.00
881	40.00	41.00	196.87	31066.18	9843.72	344042.69	344042.69	0.00	0.00	0.00	0.00	8.23	0.00
882	41.00	41.00	196.87	31066.18	9843.72	344042.69	344042.69	0.00	0.00	0.00	0.00	8.13	0.00
883	42.00	41.00	196.87	31066.18	9843.72	344042.69	344042.69	0.00	0.00	0.00	0.00	8.03	0.00
884	43.00	41.00	196.87	31066.18	9843.72	344042.69	344042.69	0.00	0.00	0.00	0.00	7.94	0.00
885	43.00	42.00	196.87	31066.18	9843.72	344042.69	344042.69	0.00	0.00	0.00	0.00	8.01	0.00
886	44.00	42.00	196.87	31066.18	9843.72	344042.69	344042.69	0.00	0.00	0.00	0.00	7.92	0.00
887	45.00	42.00	196.87	31066.18	9843.72	344042.69	344042.69	0.00	0.00	0.00	0.00	7.83	0.00
888	46.00	42.00	196.87	31066.18	9843.72	344042.69	344042.69	0.00	0.00	0.00	0.00	7.74	0.00
889	47.00	42.00	196.87	31066.18	9843.72	344042.69	344042.69	0.00	0.00	0.00	0.00	7.65	0.00
890	48.00	42.00	196.87	31066.18	9843.72	344042.69	344042.69	0.00	0.00	0.00	0.00	7.57	0.00
891	49.00	42.00	196.87	31066.18	9843.72	344042.69	344042.69	0.00	0.00	0.00	0.00	7.49	0.00
892	50.00	42.00	196.87	31066.18	9843.72	344042.69	344042.69	0.00	0.00	0.00	0.00	7.40	0.00
893	51.00	42.00	196.87	31066.18	9843.72	344042.69	344042.69	0.00	0.00	0.00	0.00	7.33	0.00
894	52.00	42.00	196.87	31066.18	9843.72	344042.69	344042.69	0.00	0.00	0.00	0.00	7.25	0.00
895	53.00	42.00	196.87	31066.18	9843.72	344042.69	344042.69	0.00	0.00	0.00	0.00	7.17	0.00
896	54.00	42.00	196.87	31066.18	9843.72	344042.69	344042.69	0.00	0.00	0.00	0.00	7.10	0.00
897	55.00	42.00	196.87	31066.18	9843.72	344042.69	344042.69	0.00	0.00	0.00	0.00	7.02	0.00
898	56.00	42.00	196.87	31066.18	9843.72	344042.69	344042.69	0.00	0.00	0.00	0.00	6.95	0.00
899	57.00	42.00	196.87	31066.18	9843.72	344042.69	344042.69	0.00	0.00	0.00	0.00	6.88	0.00
900	58.00	42.00	196.87	31066.18	9843.72	344042.69	344042.69	0.00	0.00	0.00	0.00	6.81	0.00
901	59.00	42.00	196.87	31066.18	9843.72	344042.69	344042.69	0.00	0.00	0.00	0.00	6.74	0.00
902	60.00	42.00	196.87	31066.18	9843.72	344042.69	344042.69	0.00	0.00	0.00	0.00	6.68	0.00
903	61.00	42.00	196.87	31066.18	9843.72	344042.69	344042.69	0.00	0.00	0.00	0.00	6.61	0.00
904	62.00	42.00	196.87	31066.18	9843.72	344042.69	344042.69	0.00	0.00	0.00	0.00	6.55	0.00
905	63.00	42.00	196.87	31066.18	9843.72	344042.69	344042.69	0.00	0.00	0.00	0.00	6.49	0.00
906	64.00	42.00	196.87	31066.18	9843.72	344042.69	344042.69	0.00	0.00	0.00	0.00	6.43	0.00
907	65.00	42.00	196.87	31066.18	9843.72	344042.69	344042.69	0.00	0.00	0.00	0.00	6.37	0.00
908	65.00	43.00	196.87	31066.18	9843.72	344042.69	344042.69	0.00	0.00	0.00	0.00	6.39	0.00
909	66.00	43.00	196.87	31066.18	9843.72	344042.69	344042.69	0.00	0.00	0.00	0.00	6.34	0.00
910	67.00	43.00	196.87	31066.18	9843.72	344042.69	344042.69	0.00	0.00	0.00	0.00	6.28	0.00
911	68.00	43.00	196.87	31066.18	9843.72	344042.69	344042.69	0.00	0.00	0.00	0.00	6.22	0.00
912	69.00	43.00	196.87	31066.18	9843.72	344042.69	344042.69	0.00	0.00	0.00	0.00	6.17	0.00
913	70.00	43.00	196.87	31066.18	9843.72	344042.69	344042.69	0.00	0.00	0.00	0.00	6.11	0.00
914	71.00	43.00	196.87	31066.18	9843.72	344042.69	344042.69	0.00	0.00	0.00	0.00	6.06	0.00
915	72.00	43.00	196.87	31066.18	9843.72	344042.69	344042.69	0.00	0.00	0.00	0.00	6.00	0.00
916	73.00	43.00	196.87	31066.18	9843.72	344042.69	344042.69	0.00	0.00	0.00	0.00	5.95	0.00
917	74.00	43.00	196.87	31066.18	9843.72	344042.69	344042.69	0.00	0.00	0.00	0.00	5.90	0.00
918	25.00	43.00	196.87	31066.18	9843.72	344042.69	344042.69	0.00	0.00	0.00	0.00	10.16	0.00
919	26.00	43.00	196.87	31066.18	9843.72	344042.69	344042.69	0.00	0.00	0.00	0.00	10.01	0.00
920	27.00	43.00	196.87	31066.18	9843.72	344042.69	344042.69	0.00	0.00	0.00	0.00	9.87	0.00
921	28.00	43.00	196.87	31066.18	9843.72	344042.69	344042.69	0.00	0.00	0.00	0.00	9.73	0.00
922	29.00	43.00	196.87	31066.18	9843.72	344042.69	344042.69	0.00	0.00	0.00	0.00	9.59	0.00
923	30.00	43.00	196.87	31066.18	9843.72	344042.69	344042.69	0.00	0.00	0.00	0.00	9.46	0.00
924	31.00	43.00	196.87	31066.18	9843.72	344042.69	344042.69	0.00	0.00	0.00	0.00	9.33	0.00
925	32.00	43.00	196.87	31066.18	9843.72	344042.69	344042.69	0.00	0.00	0.00	0.00	9.21	0.00
926	33.00	43.00	196.87	31066.18	9843.72	344042.69	344042.69	0.00	0.00	0.00	0.00	9.09	0.00
927	34.00	43.00	196.87	31066.18	9843.72	344042.69	344042.69	0.00	0.00	0.00	0.00	8.97	0.00
928	35.00	43.00	196.87	31066.18	9843.72	344042.69	344042.69	0.00	0.00	0.00	0.00	8.85	0.00
929	36.00	43.00	196.87	31066.18	9843.72	344042.69	344042.69	0.00	0.00	0.00	0.00	8.74	0.00
930	37.00	43.00	196.87	31066.18	9843.72	344042.69	344042.69	0.00	0.00	0.00	0.00	8.63	0.00
931	38.00	43.00	196.87	31066.18	9843.72	344042.69	344042.69	0.00	0.00	0.00	0.00	8.53	0.00
932	39.00	43.00	196.87	31066.18	9843.72	344042.69	344042.69	0.00	0.00	0.00	0.00	8.42	0.00
933	40.00	43.00	196.87	31066.18	9843.72	344042.69	344042.69	0.00	0.00	0.00	0.00	8.32	0.00
934	41.00	43.00	196.87	31066.18	9843.72	344042.69	344042.69	0.00	0.00	0.00	0.00	8.22	0.00
935	42.00	43.00	196.87	31066.18	9843.72	344042.69	344042.69	0.00	0.00	0.00	0.00	8.12	0.00
936	43.00	43.00	196.87	31066.18	9843.72	344042.69	344042.69	0.00	0.00	0.00	0.00	8.03	0.00
937	44.00	43.00	196.87	31066.18	9843.72	344042.69	344042.69	0.00	0.00	0.00	0.00	7.94	0.00
938	45.00	43.00	196.87	31066.18	9843.72	344042.69	344042.69	0.00	0.00	0.00	0.00	7.85	0.00
939	46.00	43.00	196.87	31066.18	9843.72	344042.69	344042.69	0.00	0.00	0.00	0.00	7.76	0.00
940	47.00	43.00	196.87	31066.18	9843.72	344042.69	344042.69	0.00	0.00	0.00	0.00	7.67	0.00
941	48.00	43.00	196.87	31066.18	9843.72	344042.69	344042.69	0.00	0.00	0.00	0.00	7.59	0.00
942	49.00	43.00	196.87	31066.18	9843.72	344042.69	344042.69	0.00	0.00	0.00	0.00	7.51	0.00
943	50.00	43.00	196.87	31066.18	9843.72	344042.69	344042.69	0.00	0.00	0.00	0.00	7.43	0.00
944	51.00	43.00	196.87	31066.18	9843.72	344042.69	344042.69	0.00	0.00	0.00	0.00	7.35	0.00
945	51.00	44.00	196.87	31066.18	9843.72	344042.69	344042.69	0.00	0.00	0.00	0.00	7.46	0.00
946	52.00	44.00	196.87	31066.18	9843.72	344042.69	344042.69	0.00	0.00	0.00	0.00	7.38	0.00
947	53.00	44.00	196.87	31066.18	9843.72	344042.69	344042.69	0.00	0.00	0.00	0.00	7.30	0.00
948	54.00	44.00	196.87	31066.18	9843.72	344042.69	344042.69	0.00	0.00	0.00	0.00	7.23	0.00
949	55.00	44.00	196.87	31066.18	9843.72	344042.69	344042.69	0.00	0.00	0.00	0.00	7.16	0.00
950	56.00	44.00	196.87	31066.18	9843.72	344042.69	344042.69	0.00	0.00	0.00	0.00	7.08	0.00
951	57.00	44.00	196.87	31066.18	9843.72	344042.69	344042.69	0.00	0.00	0.00	0.00	7.01	0.00
952	58.00	44.00	196.87	31066.18	9843.72	344042.69	344042.69	0.00	0.00	0.00	0.00	6.95	0.00
953	59.00	44.00	196.87	31066.18	9843.72	344042.69	344042.69	0.00	0.00	0.00	0.00	6.88	0.00
954	59.00	45.00	196.87	31066.18	9843.72	344042.69	344042.69	0.00	0.00	0.00	0.00	6.95	0.00
955	60.00	45.00	196.87	31066.18	9843.72	344042.69	344042.69	0.00	0.00	0.00	0.00	6.89	0.00
956	61.00	45.00	196.87	31066.18	9843.72	344042.69	344042.69	0.00	0.00	0.00	0.00	6.82	0.00
957	62.00	45.00	196.87	31066.18	9843.72	344042.69	344042.69	0.00	0.00	0.00	0.00	6.76	0.00
958	63.00	45.00	196.87	31066.18	9843.72	344042.69	344042.69	0.00	0.00	0.00	0.00	6.69	0.00
959	64.00	45.00	196.87	31066.18	9843.72	344042.69	344042.69	0.00	0.00	0.00	0.00	6.63	0.00
960	65.00	45.00	196.87	31066.18	9843.72	344042.69	344042.69	0.00	0.00	0.00	0.00	6.57	0.00
961	66.00	45.00	196.87	31066.18	9843.72	344042.69	344042.69	0.00	0.00	0.00	0.00	6.51	0.00
962	67.00	45.00	196.87	31066.18	9843.72	344042.69	344042.69	0.00	0.00	0.00	0.00	6.46	0.00
963	68.00	45.00	196.87	31066.18	9843.72	344042.69	344042.69	0.00	0.00	0.00	0.00	6.40	0.00
964	69.00	45.00	196.87	31066.18	9843.72	344042.69	344042.69	0.00	0.00	0.00	0.00	6.34	0.00
965	70.00	45.00	196.87	31066.18	9843.72	344042.69	344042.69	0.00	0.00	0.00	0.00	6.29	0.00
966	71.00	45.00	196.87	31066.18	9843.72	344042.69	344042.69	0.00	0.00	0.00	0.00	6.23	0.00
967	72.00	45.00	196.87	31066.18	9843.72	344042.69	344042.69	0.00	0.00	0.00	0.00	6.18	0.00
968	72.00	46.00	196.87	31066.18	9843.72	344042.69	344042.69	0.00	0.00	0.00	0.00	6.28	0.00
969	73.00	46.00	196.87	31066.18	9843.72	344042.69	344042.69	0.00	0.00	0.00	0.00	6.23	0.00
970	74.00	46.00	196.87	31066.18	9843.72	344042.69	344042.69	0.00	0.00	0.00	0.00	6.17	0.00
971	25.00	46.00	196.87	31066.18	9843.72	344042.69	344042.69	0.00	0.00	0.00	0.00	10.44	0.00
972	26.00	46.00	196.87	31066.18	9843.72	344042.69	344042.69	0.00	0.00	0.00	0.00	10.29	0.00
973	27.00	46.00	196.87	31066.18	9843.72	344042.69	344042.69	0.00	0.00	0.00	0.00	10.15	0.00
974	28.00	46.00	196.87	31066.18	9843.72	344042.69	344042.69	0.00	0.00	0.00	0.00	10.01	0.00
975	29.00	46.00	196.87	31066.18	9843.72	344042.69	344042.69	0.00	0.00	0.00	0.00	9.88	0.00
976	30.00	46.00	167.34	37279.41	8367.16	344042.69	344042.69	0.00	0.00	0.00	0.00	9.75	0.00
977	31.00	46.00	167.34	37279.41	8367.16	344042.69	344042.69	0.00	0.00	0.00	0.00	9.62	0.00
978	32.00	46.00	167.34	37279.41	8367.16	344042.69	344042.69	0.00	0.00	0.00	0.00	9.50	0.00
979	33.00	46.00	167.34	37279.41	8367.16	344042.69	344042.69	0.00	0.00	0.00	0.00	9.38	0.00
980	34.00	46.00	167.34	37279.41	8367.16	344042.69	344042.69	0.00	0.00	0.00	0.00	9.26	0.00
981	35.00	46.00	167.34	37279.41	8367.16	344042.69	344042.69	0.00	0.00	0.00	0.00	9.15	0.00
982	36.00	46.00	167.34	37279.41	8367.16	344042.69	344042.69	0.00	0.00	0.00	0.00	9.04	0.00
983	37.00	46.00	167.34	37279.41	8367.16	344042.69	344042.69	0.00	0.00	0.00	0.00	8.93	0.00
984	38.00	46.00	167.34	37279.41	8367.16	344042.69	344042.69	0.00	0.00	0.00	0.00	8.82	0.00
985	39.00	46.00	167.34	37279.41	8367.16	344042.69	344042.69	0.00	0.00	0.00	0.00	8.72	0.00
986	40.00	46.00	167.34	37279.41	8367.16	344042.69	344042.69	0.00	0.00	0.00	0.00	8.62	0.00
987	41.00	46.00	167.34	37279.41	8367.16	344042.69	344042.69	0.00	0.00	0.00	0.00	8.52	0.00
988	42.00	46.00	167.34	37279.41	8367.16	344042.69	344042.69	0.00	0.00	0.00	0.00	8.42	0.00
989	42.00	47.00	167.34	37279.41	8367.16	344042.69	344042.69	0.00	0.00	0.00	0.00	8.44	0.00
990	43.00	47.00	167.34	37279.41	8367.16	344042.69	344042.69	0.00	0.00	0.00	0.00	8.35	0.00
991	44.00	47.00	167.34	37279.41	8367.16	344042.69	344042.69	0.00	0.00	0.00	0.00	8.26	0.00
992	45.00	47.00	167.34	37279.41	8367.16	344042.69	344042.69	0.00	0.00	0.00	0.00	8.17	0.00
993	46.00	47.00	167.34	37279.41	8367.16	344042.69	344042.69	0.00	0.00	0.00	0.00	8.08	0.00
994	47.00	47.00	167.34	37279.41	8367.16	344042.69	344042.69	0.00	0.00	0.00	0.00	7.99	0.00
995	48.00	47.00	167.34	37279.41	8367.16	344042.69	344042.69	0.00	0.00	0.00	0.00	7.91	0.00
996	49.00	47.00	167.34	37279.41	8367.16	344042.69	344042.69	0.00	0.00	0.00	0.00	7.83	0.00
997	50.00	47.00	167.34	37279.41	8367.16	344042.69	344042.69	0.00	0.00	0.00	0.00	7.74	0.00
998	51.00	47.00	167.34	37279.41	8367.16	344042.69	344042.69	0.00	0.00	0.00	0.00	7.67	0.00
999	52.00	47.00	167.34	37279.41	8367.16	344042.69	344042.69	0.00	0.00	0.00	0.00	7.59	0.00
1000	53.00	47.00	167.34	37279.41	8367.16	344042.69	344042.69	0.00	0.00	0.00	0.00	7.51	0.00
