Skip number of rows: 48
Time used: 23,09 seconds

Problem instance parameters: 
Problem size = 9
Time windows = false
Maximum duration = 3
Best known sailing cost = 615212
Minimum number of installations = 1
Length of planning period = 7
Load factor = 1,2
Total charter cost of fleet = 589000
Maximum number of installations = 8
Dataset sheet = 1
Minimum duration = 2

Heuristic parameters: 
Number of installations violation penalty = 1
Fitness evaluation protocol = standard
Initial population heuristic = aimed
Reference proportion of feasible individuals = 0,2
Survivor selection protocol = standard
Diversification protocol = standard
Repair protocol = standard
Gap from best known solution = 0
Capacity constraint violation penalty = 1
Proportion of elite individuals = 0,4
Education rate = 1
Iterations before diversify = 400
Genotype to phenotype converter protocol = standard
Education protocol = standard
Proportion of individuals considered for distance evaluation = 0,2
Reproduction protocol = standard
Population size = 25
Parent selection protocol = binary tournament
Number of offspring in a generation = 50
Granularity threshold in RI = 0,4
Max iterations = 1000
Duration constraint violation penalty = 1
Repair rate = 0,5

Number of iterations: 1000
Diversifaction happened at iterations: [412, 812]
Number of crossover restarts: 100
Number of construction heuristic restarts: 270

No feasible solution!
Gen.	# feasible solutions	# infeasible solutions	cap. penality	dur. penality	num. penality	best penalized cost	best feasible cost	best cap. violation	best dur. violation	best num. violation	avg cap. violation	avg dur. violation	avg num. violation	gap from BKS	best visits pr voyage	avg visits pr voyage
0	0.00	50.00	1.00	1.00	1.00	615298.75	0.00	0.00	86.72	0.00	136.06	82.63	0.00	0.00	7.00	7.00
1	0.00	51.00	1.20	1.20	0.85	615316.09	0.00	0.00	86.72	0.00	136.00	82.50	0.00	0.00	7.00	7.00
2	0.00	52.00	1.20	1.20	0.85	615316.09	0.00	0.00	86.72	0.00	135.41	81.92	0.00	0.00	7.00	7.00
3	0.00	53.00	1.20	1.20	0.85	615316.09	0.00	0.00	86.72	0.00	134.84	81.82	0.00	0.00	7.00	7.00
4	0.00	54.00	1.20	1.20	0.85	615316.09	0.00	0.00	86.72	0.00	134.29	81.71	0.00	0.00	7.00	7.00
5	0.00	55.00	1.20	1.20	0.85	615316.09	0.00	0.00	86.72	0.00	133.76	81.49	0.00	0.00	7.00	7.00
6	0.00	56.00	1.20	1.20	0.85	615316.09	0.00	0.00	86.72	0.00	131.87	81.39	0.00	0.00	7.00	7.00
7	0.00	57.00	1.20	1.20	0.85	615316.09	0.00	0.00	86.72	0.00	129.55	81.48	0.00	0.00	7.00	7.00
8	0.00	58.00	1.20	1.20	0.85	615316.09	0.00	0.00	86.72	0.00	127.32	81.57	0.00	0.00	7.00	7.00
9	0.00	59.00	1.20	1.20	0.85	615316.09	0.00	0.00	86.72	0.00	125.34	81.66	0.00	0.00	7.00	7.00
10	0.00	60.00	1.20	1.20	0.85	615316.09	0.00	0.00	86.72	0.00	128.17	81.56	0.00	0.00	7.00	7.00
11	0.00	61.00	1.20	1.20	0.85	615316.09	0.00	0.00	86.72	0.00	127.80	81.85	0.00	0.00	7.00	7.00
12	0.00	62.00	1.20	1.20	0.85	615316.09	0.00	0.00	86.72	0.00	125.73	82.14	0.00	0.00	7.00	7.00
13	0.00	63.00	1.20	1.20	0.85	615245.18	0.00	0.00	27.63	0.00	123.74	81.28	0.00	0.00	7.00	7.00
14	0.00	64.00	1.20	1.20	0.85	615245.18	0.00	0.00	27.63	0.00	124.14	81.19	0.00	0.00	7.00	7.00
15	0.00	65.00	1.20	1.20	0.85	615245.18	0.00	0.00	27.63	0.00	122.23	80.36	0.00	0.00	7.00	7.00
16	0.00	66.00	1.20	1.20	0.85	615245.18	0.00	0.00	27.63	0.00	124.85	80.10	0.00	0.00	7.00	7.00
17	0.00	67.00	1.20	1.20	0.85	615245.18	0.00	0.00	27.63	0.00	122.99	80.19	0.00	0.00	7.00	7.00
18	0.00	68.00	1.20	1.20	0.85	615245.18	0.00	0.00	27.63	0.00	122.73	80.16	0.00	0.00	7.00	7.00
19	0.00	69.00	1.20	1.20	0.85	615245.18	0.00	0.00	27.63	0.00	120.95	80.12	0.00	0.00	7.00	7.00
20	0.00	70.00	1.20	1.20	0.85	615245.18	0.00	0.00	27.63	0.00	119.22	80.09	0.00	0.00	7.00	7.00
21	0.00	71.00	1.20	1.20	0.85	615245.18	0.00	0.00	27.63	0.00	119.02	80.03	0.00	0.00	7.00	7.00
22	0.00	72.00	1.20	1.20	0.85	615245.18	0.00	0.00	27.63	0.00	118.83	79.63	0.00	0.00	7.00	7.00
23	0.00	73.00	1.20	1.20	0.85	615245.18	0.00	0.00	27.63	0.00	117.20	79.46	0.00	0.00	7.00	7.00
24	0.00	74.00	1.20	1.20	0.85	615245.18	0.00	0.00	27.63	0.00	117.04	78.91	0.00	0.00	7.00	7.00
25	0.00	25.00	1.20	1.20	0.85	615245.18	0.00	0.00	27.63	0.00	62.95	78.96	0.00	0.00	7.00	7.00
26	0.00	26.00	1.20	1.20	0.85	615245.18	0.00	0.00	27.63	0.00	66.27	78.84	0.00	0.00	7.00	7.00
27	0.00	27.00	1.20	1.20	0.85	615245.18	0.00	0.00	27.63	0.00	63.82	79.13	0.00	0.00	7.00	7.00
28	0.00	28.00	1.20	1.20	0.85	615245.18	0.00	0.00	27.63	0.00	65.30	79.86	0.00	0.00	7.00	7.00
29	0.00	29.00	1.20	1.20	0.85	615245.18	0.00	0.00	27.63	0.00	63.05	80.54	0.00	0.00	7.00	7.00
30	0.00	30.00	1.20	1.20	0.85	615245.18	0.00	0.00	27.63	0.00	61.29	80.75	0.00	0.00	7.00	7.00
31	0.00	31.00	1.20	1.20	0.85	615245.18	0.00	0.00	27.63	0.00	59.31	81.36	0.00	0.00	7.00	7.00
32	0.00	32.00	1.20	1.20	0.85	615245.18	0.00	0.00	27.63	0.00	57.46	81.52	0.00	0.00	7.00	7.00
33	0.00	33.00	1.20	1.20	0.85	615245.18	0.00	0.00	27.63	0.00	55.72	80.98	0.00	0.00	7.00	7.00
34	0.00	34.00	1.20	1.20	0.85	615245.18	0.00	0.00	27.63	0.00	54.96	81.86	0.00	0.00	7.00	7.00
35	0.00	35.00	1.20	1.20	0.85	615245.18	0.00	0.00	27.63	0.00	53.68	82.43	0.00	0.00	7.00	7.00
36	0.00	36.00	1.20	1.20	0.85	615245.18	0.00	0.00	27.63	0.00	55.12	82.91	0.00	0.00	7.00	7.00
37	0.00	37.00	1.20	1.20	0.85	615245.18	0.00	0.00	27.63	0.00	53.63	83.36	0.00	0.00	7.00	7.00
38	0.00	38.00	1.20	1.20	0.85	615245.18	0.00	0.00	27.63	0.00	52.22	82.85	0.00	0.00	7.00	7.00
39	0.00	39.00	1.20	1.20	0.85	615245.18	0.00	0.00	27.63	0.00	51.14	83.28	0.00	0.00	7.00	7.00
40	0.00	40.00	1.20	1.20	0.85	615245.18	0.00	0.00	27.63	0.00	49.87	83.37	0.00	0.00	7.00	7.00
41	0.00	41.00	1.20	1.20	0.85	615245.18	0.00	0.00	27.63	0.00	48.65	83.45	0.00	0.00	7.00	7.00
42	0.00	42.00	1.20	1.20	0.85	615245.18	0.00	0.00	27.63	0.00	47.49	83.53	0.00	0.00	7.00	7.00
43	0.00	43.00	1.20	1.20	0.85	615245.18	0.00	0.00	27.63	0.00	46.39	83.90	0.00	0.00	7.00	7.00
44	0.00	44.00	1.20	1.20	0.85	615245.18	0.00	0.00	27.63	0.00	45.33	82.62	0.00	0.00	7.00	7.00
45	0.00	45.00	1.20	1.20	0.85	615245.18	0.00	0.00	27.63	0.00	44.33	83.00	0.00	0.00	7.00	7.00
46	0.00	46.00	1.20	1.20	0.85	615245.18	0.00	0.00	27.63	0.00	44.20	83.20	0.00	0.00	7.00	7.00
47	0.00	47.00	1.20	1.20	0.85	615245.18	0.00	0.00	27.63	0.00	43.26	82.25	0.00	0.00	7.00	7.00
48	0.00	48.00	1.20	1.20	0.85	615245.18	0.00	0.00	27.63	0.00	44.55	81.95	0.00	0.00	7.00	7.00
49	0.00	49.00	1.20	1.20	0.85	615245.18	0.00	0.00	27.63	0.00	46.90	82.33	0.00	0.00	7.00	7.00
50	0.00	50.00	1.20	1.20	0.85	615245.18	0.00	0.00	27.63	0.00	45.96	82.70	0.00	0.00	7.00	7.00
51	0.00	51.00	1.20	1.20	0.85	615245.18	0.00	0.00	27.63	0.00	47.99	83.03	0.00	0.00	7.00	7.00
52	0.00	52.00	1.20	1.20	0.85	615245.18	0.00	0.00	27.63	0.00	47.06	83.14	0.00	0.00	7.00	7.00
53	0.00	53.00	1.20	1.20	0.85	615245.18	0.00	0.00	27.63	0.00	46.18	83.21	0.00	0.00	7.00	7.00
54	0.00	54.00	1.20	1.20	0.85	615245.18	0.00	0.00	27.63	0.00	45.32	83.11	0.00	0.00	7.00	7.00
55	0.00	55.00	1.20	1.20	0.85	615245.18	0.00	0.00	27.63	0.00	46.41	82.56	0.00	0.00	7.00	7.00
56	0.00	56.00	1.20	1.20	0.85	615245.18	0.00	0.00	27.63	0.00	45.58	82.43	0.00	0.00	7.00	7.00
57	0.00	57.00	1.20	1.20	0.85	615245.18	0.00	0.00	27.63	0.00	44.78	82.67	0.00	0.00	7.00	7.00
58	0.00	58.00	1.20	1.20	0.85	615245.18	0.00	0.00	27.63	0.00	44.01	82.77	0.00	0.00	7.00	7.00
59	0.00	59.00	1.20	1.20	0.85	615245.18	0.00	0.00	27.63	0.00	43.26	82.65	0.00	0.00	7.00	7.00
60	0.00	60.00	1.20	1.20	0.85	615245.18	0.00	0.00	27.63	0.00	44.30	81.94	0.00	0.00	7.00	7.00
61	0.00	61.00	1.20	1.20	0.85	615245.18	0.00	0.00	27.63	0.00	43.70	81.84	0.00	0.00	7.00	7.00
62	0.00	62.00	1.20	1.20	0.85	615245.18	0.00	0.00	27.63	0.00	47.76	82.01	0.00	0.00	7.00	7.00
63	0.00	63.00	1.20	1.20	0.85	615245.18	0.00	0.00	27.63	0.00	47.00	82.29	0.00	0.00	7.00	7.00
64	0.00	64.00	1.20	1.20	0.85	615245.18	0.00	0.00	27.63	0.00	47.92	82.36	0.00	0.00	7.00	6.98
65	0.00	65.00	1.20	1.20	0.85	615245.18	0.00	0.00	27.63	0.00	47.18	82.06	0.00	0.00	7.00	6.98
66	0.00	66.00	1.20	1.20	0.85	615245.18	0.00	0.00	27.63	0.00	46.62	82.13	0.00	0.00	7.00	6.98
67	0.00	67.00	1.20	1.20	0.85	615245.18	0.00	0.00	27.63	0.00	46.05	82.28	0.00	0.00	7.00	6.99
68	0.00	68.00	1.20	1.20	0.85	615245.18	0.00	0.00	27.63	0.00	45.37	82.55	0.00	0.00	7.00	6.99
69	0.00	69.00	1.20	1.20	0.85	615245.18	0.00	0.00	27.63	0.00	44.71	82.98	0.00	0.00	7.00	6.99
70	0.00	70.00	1.20	1.20	0.85	615245.18	0.00	0.00	27.63	0.00	44.07	83.04	0.00	0.00	7.00	6.99
71	0.00	71.00	1.20	1.20	0.85	615245.18	0.00	0.00	27.63	0.00	43.87	83.43	0.00	0.00	7.00	6.99
72	0.00	72.00	1.20	1.20	0.85	615245.18	0.00	0.00	27.63	0.00	43.26	83.49	0.00	0.00	7.00	6.99
73	0.00	73.00	1.20	1.20	0.85	615245.18	0.00	0.00	27.63	0.00	42.67	83.56	0.00	0.00	7.00	6.99
74	0.00	74.00	1.20	1.20	0.85	615245.18	0.00	0.00	27.63	0.00	43.73	83.60	0.00	0.00	7.00	6.99
75	0.00	25.00	1.20	1.20	0.85	615245.18	0.00	0.00	27.63	0.00	7.13	82.42	0.00	0.00	7.00	7.00
76	0.00	26.00	1.20	1.20	0.85	615245.18	0.00	0.00	27.63	0.00	6.86	80.31	0.00	0.00	7.00	7.00
77	0.00	27.00	1.20	1.20	0.85	615245.18	0.00	0.00	27.63	0.00	6.60	79.74	0.00	0.00	7.00	7.00
78	0.00	28.00	1.20	1.20	0.85	615245.18	0.00	0.00	27.63	0.00	6.37	79.99	0.00	0.00	7.00	7.00
79	0.00	29.00	1.20	1.20	0.85	615245.18	0.00	0.00	27.63	0.00	6.15	80.67	0.00	0.00	7.00	7.00
80	0.00	30.00	1.20	1.20	0.85	615245.18	0.00	0.00	27.63	0.00	5.94	80.94	0.00	0.00	7.00	7.00
81	0.00	31.00	1.20	1.20	0.85	615245.18	0.00	0.00	27.63	0.00	5.75	80.77	0.00	0.00	7.00	7.00
82	0.00	32.00	1.20	1.20	0.85	615245.18	0.00	0.00	27.63	0.00	5.57	81.02	0.00	0.00	7.00	7.00
83	0.00	33.00	1.20	1.20	0.85	615245.18	0.00	0.00	27.63	0.00	5.40	79.46	0.00	0.00	7.00	7.00
84	0.00	34.00	1.20	1.20	0.85	615245.18	0.00	0.00	27.63	0.00	8.15	79.35	0.00	0.00	7.00	7.00
85	0.00	35.00	1.20	1.20	0.85	615245.18	0.00	0.00	27.63	0.00	11.38	79.59	0.00	0.00	7.00	7.00
86	0.00	36.00	1.20	1.20	0.85	615245.18	0.00	0.00	27.63	0.00	11.06	79.12	0.00	0.00	7.00	7.00
87	0.00	37.00	1.20	1.20	0.85	615245.18	0.00	0.00	27.63	0.00	10.77	77.76	0.00	0.00	7.00	7.00
88	0.00	38.00	1.20	1.20	0.85	615245.18	0.00	0.00	27.63	0.00	10.48	77.70	0.00	0.00	7.00	7.00
89	0.00	39.00	1.20	1.20	0.85	615245.18	0.00	0.00	27.63	0.00	10.21	77.93	0.00	0.00	7.00	7.00
90	0.00	40.00	1.20	1.20	0.85	615245.18	0.00	0.00	27.63	0.00	9.96	76.71	0.00	0.00	7.00	7.00
91	0.00	41.00	1.20	1.20	0.85	615245.18	0.00	0.00	27.63	0.00	9.72	76.68	0.00	0.00	7.00	7.00
92	0.00	42.00	1.20	1.20	0.85	615245.18	0.00	0.00	27.63	0.00	13.04	77.23	0.00	0.00	7.00	7.00
93	0.00	43.00	1.20	1.20	0.85	615245.18	0.00	0.00	27.63	0.00	12.73	77.75	0.00	0.00	7.00	7.00
94	0.00	44.00	1.20	1.20	0.85	615245.18	0.00	0.00	27.63	0.00	12.45	77.51	0.00	0.00	7.00	7.00
95	0.00	45.00	1.20	1.20	0.85	615245.18	0.00	0.00	27.63	0.00	12.17	77.53	0.00	0.00	7.00	7.00
96	0.00	46.00	1.20	1.20	0.85	615245.18	0.00	0.00	27.63	0.00	11.90	77.49	0.00	0.00	7.00	7.00
97	0.00	47.00	1.20	1.20	0.85	615245.18	0.00	0.00	27.63	0.00	11.65	78.20	0.00	0.00	7.00	7.00
98	0.00	48.00	1.20	1.20	0.85	615245.18	0.00	0.00	27.63	0.00	11.41	78.15	0.00	0.00	7.00	7.00
99	0.00	49.00	1.20	1.20	0.85	615245.18	0.00	0.00	27.63	0.00	11.34	77.40	0.00	0.00	7.00	7.00
100	0.00	50.00	1.20	1.20	0.85	615245.18	0.00	0.00	27.63	0.00	14.10	77.19	0.00	0.00	7.00	7.00
101	0.00	51.00	1.02	1.44	0.72	615251.81	0.00	0.00	27.63	0.00	15.58	76.69	0.00	0.00	7.00	7.00
102	0.00	52.00	1.02	1.44	0.72	615251.81	0.00	0.00	27.63	0.00	18.15	76.67	0.00	0.00	7.00	7.00
103	0.00	53.00	1.02	1.44	0.72	615251.81	0.00	0.00	27.63	0.00	17.81	77.10	0.00	0.00	7.00	7.00
104	0.00	54.00	1.02	1.44	0.72	615251.81	0.00	0.00	27.63	0.00	17.48	77.08	0.00	0.00	7.00	7.00
105	0.00	55.00	1.02	1.44	0.72	615251.81	0.00	0.00	27.63	0.00	17.16	77.25	0.00	0.00	7.00	7.00
106	0.00	56.00	1.02	1.44	0.72	615251.81	0.00	0.00	27.63	0.00	16.85	76.99	0.00	0.00	7.00	7.00
107	0.00	57.00	1.02	1.44	0.72	615251.81	0.00	0.00	27.63	0.00	18.41	77.60	0.00	0.00	7.00	7.00
108	0.00	58.00	1.02	1.44	0.72	615251.81	0.00	0.00	27.63	0.00	18.09	76.95	0.00	0.00	7.00	7.00
109	0.00	59.00	1.02	1.44	0.72	615251.81	0.00	0.00	27.63	0.00	17.78	76.93	0.00	0.00	7.00	7.00
110	0.00	60.00	1.02	1.44	0.72	615251.81	0.00	0.00	27.63	0.00	17.49	76.10	0.00	0.00	7.00	7.00
111	0.00	61.00	1.02	1.44	0.72	615251.81	0.00	0.00	27.63	0.00	17.20	75.31	0.00	0.00	7.00	7.00
112	0.00	62.00	1.02	1.44	0.72	615251.81	0.00	0.00	27.63	0.00	20.58	75.32	0.00	0.00	7.00	7.00
113	0.00	63.00	1.02	1.44	0.72	615251.81	0.00	0.00	27.63	0.00	20.25	75.32	0.00	0.00	7.00	7.00
114	0.00	64.00	1.02	1.44	0.72	615251.81	0.00	0.00	27.63	0.00	19.93	75.12	0.00	0.00	7.00	7.00
115	0.00	65.00	1.02	1.44	0.72	615251.81	0.00	0.00	27.63	0.00	19.75	74.66	0.00	0.00	7.00	7.00
116	0.00	66.00	1.02	1.44	0.72	615251.81	0.00	0.00	27.63	0.00	19.45	74.84	0.00	0.00	7.00	7.00
117	0.00	67.00	1.02	1.44	0.72	615251.81	0.00	0.00	27.63	0.00	19.28	74.67	0.00	0.00	7.00	7.00
118	0.00	68.00	1.02	1.44	0.72	615251.81	0.00	0.00	27.63	0.00	19.00	74.85	0.00	0.00	7.00	7.00
119	0.00	69.00	1.02	1.44	0.72	615251.81	0.00	0.00	27.63	0.00	18.73	74.89	0.00	0.00	7.00	7.00
120	0.00	70.00	1.02	1.44	0.72	615251.81	0.00	0.00	27.63	0.00	18.46	74.93	0.00	0.00	7.00	7.00
121	0.00	71.00	1.02	1.44	0.72	615251.81	0.00	0.00	27.63	0.00	18.20	74.82	0.00	0.00	7.00	7.00
122	0.00	72.00	1.02	1.44	0.72	615251.81	0.00	0.00	27.63	0.00	17.94	74.71	0.00	0.00	7.00	7.00
123	0.00	73.00	1.02	1.44	0.72	615251.81	0.00	0.00	27.63	0.00	17.70	74.61	0.00	0.00	7.00	7.00
124	0.00	74.00	1.02	1.44	0.72	615251.81	0.00	0.00	27.63	0.00	17.46	74.77	0.00	0.00	7.00	7.00
125	0.00	25.00	1.02	1.44	0.72	615251.81	0.00	0.00	27.63	0.00	6.80	76.38	0.00	0.00	7.00	7.00
126	0.00	26.00	1.02	1.44	0.72	615251.81	0.00	0.00	27.63	0.00	6.54	75.85	0.00	0.00	7.00	7.00
127	0.00	27.00	1.02	1.44	0.72	615251.81	0.00	0.00	27.63	0.00	6.30	76.25	0.00	0.00	7.00	7.00
128	0.00	28.00	1.02	1.44	0.72	615251.81	0.00	0.00	27.63	0.00	6.45	76.63	0.00	0.00	7.00	7.00
129	0.00	29.00	1.02	1.44	0.72	615251.81	0.00	0.00	27.63	0.00	6.22	76.30	0.00	0.00	7.00	7.00
130	0.00	30.00	1.02	1.44	0.72	615251.81	0.00	0.00	27.63	0.00	6.02	76.65	0.00	0.00	7.00	7.00
131	0.00	31.00	1.02	1.44	0.72	615251.81	0.00	0.00	27.63	0.00	5.82	75.06	0.00	0.00	7.00	7.00
132	0.00	32.00	1.02	1.44	0.72	615251.81	0.00	0.00	27.63	0.00	5.64	75.08	0.00	0.00	7.00	7.00
133	0.00	33.00	1.02	1.44	0.72	615251.81	0.00	0.00	27.63	0.00	5.47	73.64	0.00	0.00	7.00	7.00
134	0.00	34.00	1.02	1.44	0.72	615251.81	0.00	0.00	27.63	0.00	5.31	73.35	0.00	0.00	7.00	7.00
135	0.00	35.00	1.02	1.44	0.72	615251.81	0.00	0.00	27.63	0.00	5.16	73.48	0.00	0.00	7.00	7.00
136	0.00	36.00	1.02	1.44	0.72	615251.81	0.00	0.00	27.63	0.00	5.01	73.54	0.00	0.00	7.00	7.00
137	0.00	37.00	1.02	1.44	0.72	615251.81	0.00	0.00	27.63	0.00	4.88	73.95	0.00	0.00	7.00	7.00
138	0.00	38.00	1.02	1.44	0.72	615251.81	0.00	0.00	27.63	0.00	4.75	73.72	0.00	0.00	7.00	7.00
139	0.00	39.00	1.02	1.44	0.72	615251.81	0.00	0.00	27.63	0.00	7.33	73.81	0.00	0.00	7.00	7.00
140	0.00	40.00	1.02	1.44	0.72	615251.81	0.00	0.00	27.63	0.00	8.10	73.88	0.00	0.00	7.00	7.00
141	0.00	41.00	1.02	1.44	0.72	615251.81	0.00	0.00	27.63	0.00	7.91	72.75	0.00	0.00	7.00	7.00
142	0.00	42.00	1.02	1.44	0.72	615251.81	0.00	0.00	27.63	0.00	7.72	72.62	0.00	0.00	7.00	7.00
143	0.00	43.00	1.02	1.44	0.72	615251.81	0.00	0.00	27.63	0.00	7.54	72.13	0.00	0.00	7.00	7.00
144	0.00	44.00	1.02	1.44	0.72	615251.81	0.00	0.00	27.63	0.00	7.37	71.12	0.00	0.00	7.00	7.00
145	0.00	45.00	1.02	1.44	0.72	615251.81	0.00	0.00	27.63	0.00	7.20	71.58	0.00	0.00	7.00	7.00
146	0.00	46.00	1.02	1.44	0.72	615251.81	0.00	0.00	27.63	0.00	7.05	70.87	0.00	0.00	7.00	7.00
147	0.00	47.00	1.02	1.44	0.72	615251.81	0.00	0.00	27.63	0.00	7.53	70.73	0.00	0.00	7.00	7.00
148	0.00	48.00	1.02	1.44	0.72	615251.81	0.00	0.00	27.63	0.00	7.38	71.58	0.00	0.00	7.00	7.00
149	0.00	49.00	1.02	1.44	0.72	615251.81	0.00	0.00	27.63	0.00	7.22	72.00	0.00	0.00	7.00	7.00
150	0.00	50.00	1.02	1.44	0.72	615251.81	0.00	0.00	27.63	0.00	9.19	71.13	0.00	0.00	7.00	7.00
151	0.00	51.00	1.02	1.44	0.72	615251.81	0.00	0.00	27.63	0.00	9.01	70.97	0.00	0.00	7.00	7.00
152	0.00	52.00	1.02	1.44	0.72	615251.81	0.00	0.00	27.63	0.00	8.83	70.64	0.00	0.00	7.00	7.00
153	0.00	53.00	1.02	1.44	0.72	615251.81	0.00	0.00	27.63	0.00	8.67	70.57	0.00	0.00	7.00	7.00
154	0.00	54.00	1.02	1.44	0.72	615251.81	0.00	0.00	27.63	0.00	10.72	71.11	0.00	0.00	7.00	7.00
155	0.00	55.00	1.02	1.44	0.72	615251.81	0.00	0.00	27.63	0.00	10.53	71.43	0.00	0.00	7.00	7.00
156	0.00	56.00	1.02	1.44	0.72	615251.81	0.00	0.00	27.63	0.00	10.49	71.28	0.00	0.00	7.00	7.00
157	0.00	57.00	1.02	1.44	0.72	615251.81	0.00	0.00	27.63	0.00	10.30	70.72	0.00	0.00	7.00	7.00
158	0.00	58.00	1.02	1.44	0.72	615251.81	0.00	0.00	27.63	0.00	10.12	71.07	0.00	0.00	7.00	7.00
159	0.00	59.00	1.02	1.44	0.72	615251.81	0.00	0.00	27.63	0.00	9.95	71.43	0.00	0.00	7.00	7.00
160	0.00	60.00	1.02	1.44	0.72	615251.81	0.00	0.00	27.63	0.00	9.79	71.10	0.00	0.00	7.00	7.00
161	0.00	61.00	1.02	1.44	0.72	615251.81	0.00	0.00	27.63	0.00	9.63	71.46	0.00	0.00	7.00	7.00
162	0.00	62.00	1.02	1.44	0.72	615251.81	0.00	0.00	27.63	0.00	9.47	71.91	0.00	0.00	7.00	7.00
163	0.00	63.00	1.02	1.44	0.72	615251.81	0.00	0.00	27.63	0.00	11.69	71.97	0.00	0.00	7.00	7.00
164	0.00	64.00	1.02	1.44	0.72	615251.81	0.00	0.00	27.63	0.00	11.51	71.89	0.00	0.00	7.00	7.00
165	0.00	65.00	1.02	1.44	0.72	615251.81	0.00	0.00	27.63	0.00	11.33	71.95	0.00	0.00	7.00	7.00
166	0.00	66.00	1.02	1.44	0.72	615251.81	0.00	0.00	27.63	0.00	11.16	72.24	0.00	0.00	7.00	7.00
167	0.00	67.00	1.02	1.44	0.72	615251.81	0.00	0.00	27.63	0.00	11.44	72.45	0.00	0.00	7.00	7.00
168	0.00	68.00	1.02	1.44	0.72	615251.81	0.00	0.00	27.63	0.00	11.27	72.31	0.00	0.00	7.00	7.00
169	0.00	69.00	1.02	1.44	0.72	615251.81	0.00	0.00	27.63	0.00	11.11	72.37	0.00	0.00	7.00	7.00
170	0.00	70.00	1.02	1.44	0.72	615251.81	0.00	0.00	27.63	0.00	10.95	72.76	0.00	0.00	7.00	7.00
171	0.00	71.00	1.02	1.44	0.72	615251.81	0.00	0.00	27.63	0.00	12.67	73.14	0.00	0.00	7.00	7.00
172	0.00	72.00	1.02	1.44	0.72	615251.81	0.00	0.00	27.63	0.00	15.69	72.51	0.01	0.00	7.00	7.00
173	0.00	73.00	1.02	1.44	0.72	615251.81	0.00	0.00	27.63	0.00	15.48	72.43	0.01	0.00	7.00	7.00
174	0.00	74.00	1.02	1.44	0.72	615251.81	0.00	0.00	27.63	0.00	15.27	72.48	0.01	0.00	7.00	7.00
175	0.00	25.00	1.02	1.44	0.72	615251.81	0.00	0.00	27.63	0.00	1.52	68.55	0.00	0.00	7.00	7.00
176	0.00	26.00	1.02	1.44	0.72	615251.81	0.00	0.00	27.63	0.00	1.78	68.33	0.00	0.00	7.00	7.00
177	0.00	27.00	1.02	1.44	0.72	615251.81	0.00	0.00	27.63	0.00	1.71	66.82	0.00	0.00	7.00	7.00
178	0.00	28.00	1.02	1.44	0.72	615251.81	0.00	0.00	27.63	0.00	1.65	66.79	0.00	0.00	7.00	7.00
179	0.00	29.00	1.02	1.44	0.72	615251.81	0.00	0.00	27.63	0.00	1.59	65.82	0.00	0.00	7.00	7.00
180	0.00	30.00	1.02	1.44	0.72	615251.81	0.00	0.00	27.63	0.00	9.09	67.00	0.00	0.00	7.00	7.00
181	0.00	31.00	1.02	1.44	0.72	615251.81	0.00	0.00	27.63	0.00	8.80	66.86	0.00	0.00	7.00	7.00
182	0.00	32.00	1.02	1.44	0.72	615251.81	0.00	0.00	27.63	0.00	8.52	67.48	0.00	0.00	7.00	7.00
183	0.00	33.00	1.02	1.44	0.72	615251.81	0.00	0.00	27.63	0.00	8.26	67.34	0.00	0.00	7.00	7.00
184	0.00	34.00	1.02	1.44	0.72	615251.81	0.00	0.00	27.63	0.00	8.02	67.58	0.00	0.00	7.00	7.00
185	0.00	35.00	1.02	1.44	0.72	615251.81	0.00	0.00	27.63	0.00	7.79	67.81	0.00	0.00	7.00	7.00
186	0.00	36.00	1.02	1.44	0.72	615251.81	0.00	0.00	27.63	0.00	10.50	67.67	0.00	0.00	7.00	7.00
187	0.00	37.00	1.02	1.44	0.72	615251.81	0.00	0.00	27.63	0.00	10.22	66.92	0.00	0.00	7.00	7.00
188	0.00	38.00	1.02	1.44	0.72	615251.81	0.00	0.00	27.63	0.00	9.95	67.44	0.00	0.00	7.00	7.00
189	0.00	39.00	1.02	1.44	0.72	615251.81	0.00	0.00	27.63	0.00	9.69	67.96	0.00	0.00	7.00	7.00
190	0.00	40.00	1.02	1.44	0.72	615251.81	0.00	0.00	27.63	0.00	13.18	68.18	0.00	0.00	7.00	7.00
191	0.00	41.00	1.02	1.44	0.72	615251.81	0.00	0.00	27.63	0.00	12.86	67.83	0.00	0.00	7.00	7.00
192	0.00	42.00	1.02	1.44	0.72	615251.81	0.00	0.00	27.63	0.00	12.55	68.59	0.00	0.00	7.00	7.00
193	0.00	43.00	1.02	1.44	0.72	615251.81	0.00	0.00	27.63	0.00	12.26	68.25	0.00	0.00	7.00	7.00
194	0.00	44.00	1.02	1.44	0.72	615251.81	0.00	0.00	27.63	0.00	11.98	67.57	0.00	0.00	7.00	7.00
195	0.00	45.00	1.02	1.44	0.72	615251.81	0.00	0.00	27.63	0.00	11.72	67.78	0.00	0.00	7.00	7.00
196	0.00	46.00	1.02	1.44	0.72	615251.81	0.00	0.00	27.63	0.00	11.46	67.47	0.00	0.00	7.00	7.00
197	0.00	47.00	1.02	1.44	0.72	615251.81	0.00	0.00	27.63	0.00	11.22	68.16	0.00	0.00	7.00	7.00
198	0.00	48.00	1.02	1.44	0.72	615251.81	0.00	0.00	27.63	0.00	10.98	68.15	0.00	0.00	7.00	7.00
199	0.00	49.00	1.02	1.44	0.72	615251.81	0.00	0.00	27.63	0.00	10.76	68.15	0.00	0.00	7.00	7.00
200	0.00	50.00	1.02	1.44	0.72	615251.81	0.00	0.00	27.63	0.00	10.55	68.07	0.00	0.00	7.00	7.00
201	0.00	51.00	0.87	1.73	0.61	615259.77	0.00	0.00	27.63	0.00	10.34	67.27	0.00	0.00	7.00	7.00
202	0.00	52.00	0.87	1.73	0.61	615259.77	0.00	0.00	27.63	0.00	10.14	67.27	0.00	0.00	7.00	7.00
203	0.00	53.00	0.87	1.73	0.61	615259.77	0.00	0.00	27.63	0.00	9.95	67.45	0.00	0.00	7.00	7.00
204	0.00	54.00	0.87	1.73	0.61	615259.77	0.00	0.00	27.63	0.00	9.76	67.60	0.00	0.00	7.00	7.00
205	0.00	55.00	0.87	1.73	0.61	615259.77	0.00	0.00	27.63	0.00	9.59	67.07	0.00	0.00	7.00	7.00
206	0.00	56.00	0.87	1.73	0.61	615259.77	0.00	0.00	27.63	0.00	10.92	67.23	0.00	0.00	7.00	7.00
207	0.00	57.00	0.87	1.73	0.61	615259.77	0.00	0.00	27.63	0.00	10.73	66.99	0.00	0.00	7.00	7.00
208	0.00	58.00	0.87	1.73	0.61	615259.77	0.00	0.00	27.63	0.00	10.54	67.14	0.00	0.00	7.00	7.00
209	0.00	59.00	0.87	1.73	0.61	615259.77	0.00	0.00	27.63	0.00	10.37	66.47	0.00	0.00	7.00	7.00
210	0.00	60.00	0.87	1.73	0.61	615259.77	0.00	0.00	27.63	0.00	11.95	66.25	0.00	0.00	7.00	7.00
211	0.00	61.00	0.87	1.73	0.61	615259.77	0.00	0.00	27.63	0.00	11.75	67.01	0.00	0.00	7.00	7.00
212	0.00	62.00	0.87	1.73	0.61	615259.77	0.00	0.00	27.63	0.00	11.56	66.94	0.00	0.00	7.00	7.00
213	0.00	63.00	0.87	1.73	0.61	615259.77	0.00	0.00	27.63	0.00	11.38	66.94	0.00	0.00	7.00	7.00
214	0.00	64.00	0.87	1.73	0.61	615259.77	0.00	0.00	27.63	0.00	12.85	66.70	0.00	0.00	7.00	7.00
215	0.00	65.00	0.87	1.73	0.61	615259.77	0.00	0.00	27.63	0.00	12.65	67.09	0.00	0.00	7.00	7.00
216	0.00	66.00	0.87	1.73	0.61	615259.77	0.00	0.00	27.63	0.00	14.05	67.22	0.00	0.00	7.00	7.00
217	0.00	67.00	0.87	1.73	0.61	615259.77	0.00	0.00	27.63	0.00	13.84	67.22	0.00	0.00	7.00	7.00
218	0.00	68.00	0.87	1.73	0.61	615259.77	0.00	0.00	27.63	0.00	13.64	67.51	0.00	0.00	7.00	7.00
219	0.00	69.00	0.87	1.73	0.61	615259.77	0.00	0.00	27.63	0.00	13.56	67.67	0.00	0.00	7.00	6.99
220	0.00	70.00	0.87	1.73	0.61	615259.77	0.00	0.00	27.63	0.00	17.23	67.44	0.00	0.00	7.00	6.99
221	0.00	71.00	0.87	1.73	0.61	615259.77	0.00	0.00	27.63	0.00	17.13	67.73	0.00	0.00	7.00	6.99
222	0.00	72.00	0.87	1.73	0.61	615259.77	0.00	0.00	27.63	0.00	16.90	67.73	0.00	0.00	7.00	6.99
223	0.00	73.00	0.87	1.73	0.61	615259.77	0.00	0.00	27.63	0.00	16.66	67.21	0.00	0.00	7.00	6.99
224	0.00	74.00	0.87	1.73	0.61	615259.77	0.00	0.00	27.63	0.00	16.44	67.00	0.00	0.00	7.00	6.99
225	0.00	25.00	0.87	1.73	0.61	615259.77	0.00	0.00	27.63	0.00	9.39	66.69	0.00	0.00	7.00	7.00
226	0.00	26.00	0.87	1.73	0.61	615259.77	0.00	0.00	27.63	0.00	13.08	66.20	0.00	0.00	7.00	7.00
227	0.00	27.00	0.87	1.73	0.61	615259.77	0.00	0.00	27.63	0.00	12.59	66.12	0.00	0.00	7.00	7.00
228	0.00	28.00	0.87	1.73	0.61	615259.77	0.00	0.00	27.63	0.00	12.14	66.46	0.00	0.00	7.00	7.00
229	0.00	29.00	0.87	1.73	0.61	615259.77	0.00	0.00	27.63	0.00	16.15	65.95	0.00	0.00	7.00	7.00
230	0.00	30.00	0.87	1.73	0.61	615259.77	0.00	0.00	27.63	0.00	15.61	64.73	0.00	0.00	7.00	7.00
231	0.00	31.00	0.87	1.73	0.61	615259.77	0.00	0.00	27.63	0.00	18.50	64.31	0.00	0.00	7.00	7.00
232	0.00	32.00	0.87	1.73	0.61	615259.77	0.00	0.00	27.63	0.00	18.25	65.01	0.00	0.00	7.00	7.00
233	0.00	33.00	0.87	1.73	0.61	615259.77	0.00	0.00	27.63	0.00	17.70	64.97	0.00	0.00	7.00	7.00
234	0.00	34.00	0.87	1.73	0.61	615259.77	0.00	0.00	27.63	0.00	17.18	63.87	0.00	0.00	7.00	7.00
235	0.00	35.00	0.87	1.73	0.61	615259.77	0.00	0.00	27.63	0.00	23.28	62.84	0.03	0.00	7.00	7.00
236	0.00	36.00	0.87	1.73	0.61	615259.77	0.00	0.00	27.63	0.00	22.63	62.87	0.03	0.00	7.00	7.00
237	0.00	37.00	0.87	1.73	0.61	615259.77	0.00	0.00	27.63	0.00	22.02	63.22	0.03	0.00	7.00	7.00
238	0.00	38.00	0.87	1.73	0.61	615259.77	0.00	0.00	27.63	0.00	21.44	63.97	0.03	0.00	7.00	7.00
239	0.00	39.00	0.87	1.73	0.61	615259.77	0.00	0.00	27.63	0.00	20.89	64.27	0.03	0.00	7.00	7.00
240	0.00	40.00	0.87	1.73	0.61	615259.77	0.00	0.00	27.63	0.00	20.37	64.86	0.03	0.00	7.00	7.00
241	0.00	41.00	0.87	1.73	0.61	615259.77	0.00	0.00	27.63	0.00	19.87	65.18	0.02	0.00	7.00	7.00
242	0.00	42.00	0.87	1.73	0.61	615259.77	0.00	0.00	27.63	0.00	19.40	66.26	0.02	0.00	7.00	7.00
243	0.00	43.00	0.87	1.73	0.61	615259.77	0.00	0.00	27.63	0.00	18.95	66.28	0.02	0.00	7.00	7.00
244	0.00	44.00	0.87	1.73	0.61	615259.77	0.00	0.00	27.63	0.00	18.51	65.40	0.02	0.00	7.00	7.00
245	0.00	45.00	0.87	1.73	0.61	615259.77	0.00	0.00	27.63	0.00	18.10	65.87	0.02	0.00	7.00	7.00
246	0.00	46.00	0.87	1.73	0.61	615259.77	0.00	0.00	27.63	0.00	17.71	66.09	0.02	0.00	7.00	7.00
247	0.00	47.00	0.87	1.73	0.61	615259.77	0.00	0.00	27.63	0.00	17.33	66.29	0.02	0.00	7.00	7.00
248	0.00	48.00	0.87	1.73	0.61	615259.77	0.00	0.00	27.63	0.00	17.19	66.71	0.02	0.00	7.00	7.00
249	0.00	49.00	0.87	1.73	0.61	615259.77	0.00	0.00	27.63	0.00	17.05	67.12	0.02	0.00	7.00	7.00
250	0.00	50.00	0.87	1.73	0.61	615259.77	0.00	0.00	27.63	0.00	16.71	66.33	0.02	0.00	7.00	7.00
251	0.00	51.00	0.87	1.73	0.61	615259.77	0.00	0.00	27.63	0.00	18.45	66.39	0.02	0.00	7.00	7.00
252	0.00	52.00	0.87	1.73	0.61	615259.77	0.00	0.00	27.63	0.00	18.09	65.85	0.02	0.00	7.00	7.00
253	0.00	53.00	0.87	1.73	0.61	615259.77	0.00	0.00	27.63	0.00	17.75	65.90	0.02	0.00	7.00	7.00
254	0.00	54.00	0.87	1.73	0.61	615259.77	0.00	0.00	27.63	0.00	19.80	65.63	0.02	0.00	7.00	7.00
255	0.00	55.00	0.87	1.73	0.61	615259.77	0.00	0.00	27.63	0.00	19.94	65.70	0.02	0.00	7.00	7.00
256	0.00	56.00	0.87	1.73	0.61	615259.77	0.00	0.00	27.63	0.00	19.58	65.65	0.02	0.00	7.00	7.00
257	0.00	57.00	0.87	1.73	0.61	615259.77	0.00	0.00	27.63	0.00	23.21	65.30	0.02	0.00	7.00	7.00
258	0.00	58.00	0.87	1.73	0.61	615259.77	0.00	0.00	27.63	0.00	22.81	65.11	0.02	0.00	7.00	7.00
259	0.00	59.00	0.87	1.73	0.61	615259.77	0.00	0.00	27.63	0.00	22.43	64.47	0.02	0.00	7.00	7.00
260	0.00	60.00	0.87	1.73	0.61	615259.77	0.00	0.00	27.63	0.00	25.83	64.16	0.02	0.00	7.00	7.00
261	0.00	61.00	0.87	1.73	0.61	615259.77	0.00	0.00	27.63	0.00	27.13	63.96	0.02	0.00	7.00	7.00
262	0.00	62.00	0.87	1.73	0.61	615259.77	0.00	0.00	27.63	0.00	26.69	63.99	0.02	0.00	7.00	7.00
263	0.00	63.00	0.87	1.73	0.61	615259.77	0.00	0.00	27.63	0.00	26.44	64.17	0.02	0.00	7.00	7.00
264	0.00	64.00	0.87	1.73	0.61	615259.77	0.00	0.00	27.63	0.00	26.02	63.79	0.02	0.00	7.00	7.00
265	0.00	65.00	0.87	1.73	0.61	615259.77	0.00	0.00	27.63	0.00	25.62	63.99	0.02	0.00	7.00	7.00
266	0.00	66.00	0.87	1.73	0.61	615259.77	0.00	0.00	27.63	0.00	25.39	64.33	0.02	0.00	7.00	7.00
267	0.00	67.00	0.87	1.73	0.61	615259.77	0.00	0.00	27.63	0.00	25.13	64.32	0.01	0.00	7.00	7.00
268	0.00	68.00	0.87	1.73	0.61	615259.77	0.00	0.00	27.63	0.00	24.77	64.36	0.01	0.00	7.00	7.00
269	0.00	69.00	0.87	1.73	0.61	615259.77	0.00	0.00	27.63	0.00	24.41	64.53	0.01	0.00	7.00	7.00
270	0.00	70.00	0.87	1.73	0.61	615259.77	0.00	0.00	27.63	0.00	24.06	64.92	0.01	0.00	7.00	7.00
271	0.00	71.00	0.87	1.73	0.61	615259.77	0.00	0.00	27.63	0.00	23.72	64.95	0.01	0.00	7.00	7.00
272	0.00	72.00	0.87	1.73	0.61	615259.77	0.00	0.00	27.63	0.00	25.31	64.92	0.01	0.00	7.00	7.00
273	0.00	73.00	0.87	1.73	0.61	615259.77	0.00	0.00	27.63	0.00	24.97	65.22	0.01	0.00	7.00	7.00
274	0.00	74.00	0.87	1.73	0.61	615259.77	0.00	0.00	27.63	0.00	26.05	65.68	0.01	0.00	7.00	7.00
275	0.00	25.00	0.87	1.73	0.61	615259.77	0.00	0.00	27.63	0.00	9.72	61.52	0.00	0.00	7.00	7.00
276	0.00	26.00	0.87	1.73	0.61	615259.77	0.00	0.00	27.63	0.00	9.34	61.61	0.00	0.00	7.00	7.00
277	0.00	27.00	0.87	1.73	0.61	615259.77	0.00	0.00	27.63	0.00	9.00	62.13	0.00	0.00	7.00	7.00
278	0.00	28.00	0.87	1.73	0.61	615259.77	0.00	0.00	27.63	0.00	8.67	61.30	0.00	0.00	7.00	7.00
279	0.00	29.00	0.87	1.73	0.61	615259.77	0.00	0.00	27.63	0.00	8.38	61.49	0.00	0.00	7.00	7.00
280	0.00	30.00	0.87	1.73	0.61	615259.77	0.00	0.00	27.63	0.00	8.44	61.97	0.00	0.00	7.00	7.00
281	0.00	31.00	0.87	1.73	0.61	615259.77	0.00	0.00	27.63	0.00	8.17	62.76	0.00	0.00	7.00	7.00
282	0.00	32.00	0.87	1.73	0.61	615259.77	0.00	0.00	27.63	0.00	7.91	62.01	0.00	0.00	7.00	7.00
283	0.00	33.00	0.87	1.73	0.61	615259.77	0.00	0.00	27.63	0.00	11.60	61.70	0.00	0.00	7.00	7.00
284	0.00	34.00	0.87	1.73	0.61	615259.77	0.00	0.00	27.63	0.00	11.26	62.11	0.00	0.00	7.00	7.00
285	0.00	35.00	0.87	1.73	0.61	615259.77	0.00	0.00	27.63	0.00	19.37	62.49	0.00	0.00	7.00	7.00
286	0.00	36.00	0.87	1.73	0.61	615259.77	0.00	0.00	27.63	0.00	21.76	62.67	0.00	0.00	7.00	7.00
287	0.00	37.00	0.87	1.73	0.61	615259.77	0.00	0.00	27.63	0.00	21.17	62.06	0.00	0.00	7.00	7.00
288	0.00	38.00	0.87	1.73	0.61	615259.77	0.00	0.00	27.63	0.00	26.57	62.73	0.00	0.00	7.00	7.00
289	0.00	39.00	0.87	1.73	0.61	615259.77	0.00	0.00	27.63	0.00	25.89	63.35	0.00	0.00	7.00	7.00
290	0.00	40.00	0.87	1.73	0.61	615259.77	0.00	0.00	27.63	0.00	25.25	62.46	0.00	0.00	7.00	7.00
291	0.00	41.00	0.87	1.73	0.61	615259.77	0.00	0.00	27.63	0.00	24.63	61.61	0.00	0.00	7.00	7.00
292	0.00	42.00	0.87	1.73	0.61	615259.77	0.00	0.00	27.63	0.00	24.04	62.54	0.00	0.00	7.00	7.00
293	0.00	43.00	0.87	1.73	0.61	615259.77	0.00	0.00	27.63	0.00	23.48	63.12	0.00	0.00	7.00	7.00
294	0.00	44.00	0.87	1.73	0.61	615259.77	0.00	0.00	27.63	0.00	23.19	63.16	0.00	0.00	7.00	7.00
295	0.00	45.00	0.87	1.73	0.61	615259.77	0.00	0.00	27.63	0.00	23.34	63.47	0.00	0.00	7.00	7.00
296	0.00	46.00	0.87	1.73	0.61	615259.77	0.00	0.00	27.63	0.00	23.01	63.48	0.00	0.00	7.00	7.00
297	0.00	47.00	0.87	1.73	0.61	615259.77	0.00	0.00	27.63	0.00	22.52	63.46	0.00	0.00	7.00	7.00
298	0.00	48.00	0.87	1.73	0.61	615259.77	0.00	0.00	27.63	0.00	22.22	63.02	0.00	0.00	7.00	7.00
299	0.00	49.00	0.87	1.73	0.61	615259.77	0.00	0.00	27.63	0.00	24.12	63.77	0.00	0.00	7.00	7.00
300	0.00	50.00	0.87	1.73	0.61	615259.77	0.00	0.00	27.63	0.00	26.63	63.75	0.00	0.00	7.00	7.00
301	0.00	51.00	0.74	2.07	0.52	615269.32	0.00	0.00	27.63	0.00	26.11	63.04	0.00	0.00	7.00	7.00
302	0.00	52.00	0.74	2.07	0.52	615269.32	0.00	0.00	27.63	0.00	25.60	62.38	0.00	0.00	7.00	7.00
303	0.00	53.00	0.74	2.07	0.52	615269.32	0.00	0.00	27.63	0.00	25.27	62.39	0.00	0.00	7.00	7.00
304	0.00	54.00	0.74	2.07	0.52	615269.32	0.00	0.00	27.63	0.00	24.81	61.74	0.00	0.00	7.00	7.00
305	0.00	55.00	0.74	2.07	0.52	615269.32	0.00	0.00	27.63	0.00	24.35	62.29	0.00	0.00	7.00	7.00
306	0.00	56.00	0.74	2.07	0.52	615269.32	0.00	0.00	27.63	0.00	23.92	61.90	0.00	0.00	7.00	7.00
307	0.00	57.00	0.74	2.07	0.52	615269.32	0.00	0.00	27.63	0.00	23.50	61.30	0.00	0.00	7.00	7.00
308	0.00	58.00	0.74	2.07	0.52	615269.32	0.00	0.00	27.63	0.00	23.10	61.73	0.00	0.00	7.00	7.00
309	0.00	59.00	0.74	2.07	0.52	615269.32	0.00	0.00	27.63	0.00	22.70	62.38	0.00	0.00	7.00	7.00
310	0.00	60.00	0.74	2.07	0.52	615269.32	0.00	0.00	27.63	0.00	22.33	61.80	0.00	0.00	7.00	7.00
311	0.00	61.00	0.74	2.07	0.52	615269.32	0.00	0.00	27.63	0.00	21.96	61.63	0.00	0.00	7.00	7.00
312	0.00	62.00	0.74	2.07	0.52	615269.32	0.00	0.00	27.63	0.00	21.61	61.08	0.00	0.00	7.00	7.00
313	0.00	63.00	0.74	2.07	0.52	615269.32	0.00	0.00	27.63	0.00	21.26	61.33	0.00	0.00	7.00	7.00
314	0.00	64.00	0.74	2.07	0.52	615269.32	0.00	0.00	27.63	0.00	20.93	61.55	0.00	0.00	7.00	7.00
315	0.00	65.00	0.74	2.07	0.52	615269.32	0.00	0.00	27.63	0.00	20.61	62.14	0.00	0.00	7.00	7.00
316	0.00	66.00	0.74	2.07	0.52	615269.32	0.00	0.00	27.63	0.00	22.43	62.34	0.00	0.00	7.00	7.00
317	0.00	67.00	0.74	2.07	0.52	615269.32	0.00	0.00	27.63	0.00	23.66	62.57	0.00	0.00	7.00	7.00
318	0.00	68.00	0.74	2.07	0.52	615269.32	0.00	0.00	27.63	0.00	23.32	62.41	0.00	0.00	7.00	7.00
319	0.00	69.00	0.74	2.07	0.52	615269.32	0.00	0.00	27.63	0.00	22.98	62.07	0.00	0.00	7.00	7.00
320	0.00	70.00	0.74	2.07	0.52	615269.32	0.00	0.00	27.63	0.00	22.65	61.92	0.00	0.00	7.00	7.00
321	0.00	71.00	0.74	2.07	0.52	615269.32	0.00	0.00	27.63	0.00	22.33	61.93	0.00	0.00	7.00	7.00
322	0.00	72.00	0.74	2.07	0.52	615269.32	0.00	0.00	27.63	0.00	22.02	61.61	0.00	0.00	7.00	7.00
323	0.00	73.00	0.74	2.07	0.52	615269.32	0.00	0.00	27.63	0.00	21.72	61.16	0.00	0.00	7.00	7.00
324	0.00	74.00	0.74	2.07	0.52	615269.32	0.00	0.00	27.63	0.00	22.85	61.35	0.00	0.00	7.00	7.00
325	0.00	25.00	0.74	2.07	0.52	615269.32	0.00	0.00	27.63	0.00	1.85	55.55	0.00	0.00	7.00	7.00
326	0.00	26.00	0.74	2.07	0.52	615269.32	0.00	0.00	27.63	0.00	1.78	54.94	0.00	0.00	7.00	7.00
327	0.00	27.00	0.74	2.07	0.52	615269.32	0.00	0.00	27.63	0.00	1.71	55.28	0.00	0.00	7.00	7.00
328	0.00	28.00	0.74	2.07	0.52	615269.32	0.00	0.00	27.63	0.00	1.65	54.29	0.00	0.00	7.00	7.00
329	0.00	29.00	0.74	2.07	0.52	615269.32	0.00	0.00	27.63	0.00	1.59	55.03	0.00	0.00	7.00	7.00
330	0.00	30.00	0.74	2.07	0.52	615269.32	0.00	0.00	27.63	0.00	1.54	54.48	0.00	0.00	7.00	7.00
331	0.00	31.00	0.74	2.07	0.52	615269.32	0.00	0.00	27.63	0.00	1.75	55.52	0.00	0.00	7.00	7.00
332	0.00	32.00	0.74	2.07	0.52	615269.32	0.00	0.00	27.63	0.00	8.78	56.53	0.00	0.00	7.00	7.00
333	0.00	33.00	0.74	2.07	0.52	615269.32	0.00	0.00	27.63	0.00	8.51	55.65	0.00	0.00	7.00	7.00
334	0.00	34.00	0.74	2.07	0.52	615269.32	0.00	0.00	27.63	0.00	11.36	55.95	0.00	0.00	7.00	7.00
335	0.00	35.00	0.74	2.07	0.52	615269.32	0.00	0.00	27.63	0.00	11.03	55.14	0.00	0.00	7.00	7.00
336	0.00	36.00	0.74	2.07	0.52	615269.32	0.00	0.00	27.63	0.00	10.73	55.04	0.00	0.00	7.00	7.00
337	0.00	37.00	0.74	2.07	0.52	615269.32	0.00	0.00	27.63	0.00	10.44	55.37	0.00	0.00	7.00	7.00
338	0.00	38.00	0.74	2.07	0.52	615269.32	0.00	0.00	27.63	0.00	10.95	55.94	0.00	0.00	7.00	7.00
339	0.00	39.00	0.74	2.07	0.52	615269.32	0.00	0.00	27.63	0.00	10.67	55.22	0.00	0.00	7.00	7.00
340	0.00	40.00	0.74	2.07	0.52	615269.32	0.00	0.00	27.63	0.00	10.40	55.40	0.00	0.00	7.00	7.00
341	0.00	41.00	0.74	2.07	0.52	615269.32	0.00	0.00	27.63	0.00	10.15	55.62	0.00	0.00	7.00	7.00
342	0.00	42.00	0.74	2.07	0.52	615269.32	0.00	0.00	27.63	0.00	9.90	56.67	0.00	0.00	7.00	7.00
343	0.00	43.00	0.74	2.07	0.52	615269.32	0.00	0.00	27.63	0.00	12.46	56.55	0.00	0.00	7.00	7.00
344	0.00	44.00	0.74	2.07	0.52	615269.32	0.00	0.00	27.63	0.00	12.18	55.89	0.00	0.00	7.00	7.00
345	0.00	45.00	0.74	2.07	0.52	615269.32	0.00	0.00	27.63	0.00	11.91	56.05	0.00	0.00	7.00	7.00
346	0.00	46.00	0.74	2.07	0.52	615269.32	0.00	0.00	27.63	0.00	11.65	55.95	0.00	0.00	7.00	7.00
347	0.00	47.00	0.74	2.07	0.52	615269.32	0.00	0.00	27.63	0.00	11.40	56.09	0.00	0.00	7.00	7.00
348	0.00	48.00	0.74	2.07	0.52	615269.32	0.00	0.00	27.63	0.00	11.16	55.50	0.00	0.00	7.00	7.00
349	0.00	49.00	0.74	2.07	0.52	615269.32	0.00	0.00	27.63	0.00	10.93	55.68	0.00	0.00	7.00	7.00
350	0.00	50.00	0.74	2.07	0.52	615269.32	0.00	0.00	27.63	0.00	10.72	55.62	0.00	0.00	7.00	7.00
351	0.00	51.00	0.74	2.07	0.52	615269.32	0.00	0.00	27.63	0.00	10.51	55.58	0.00	0.00	7.00	7.00
352	0.00	52.00	0.74	2.07	0.52	615269.32	0.00	0.00	27.63	0.00	10.30	55.97	0.00	0.00	7.00	7.00
353	0.00	53.00	0.74	2.07	0.52	615269.32	0.00	0.00	27.63	0.00	10.11	55.64	0.00	0.00	7.00	7.00
354	0.00	54.00	0.74	2.07	0.52	615269.32	0.00	0.00	27.63	0.00	9.92	55.57	0.00	0.00	7.00	7.00
355	0.00	55.00	0.74	2.07	0.52	615269.32	0.00	0.00	27.63	0.00	9.74	55.75	0.00	0.00	7.00	7.00
356	0.00	56.00	0.74	2.07	0.52	615269.32	0.00	0.00	27.63	0.00	9.57	55.70	0.00	0.00	7.00	7.00
357	0.00	57.00	0.74	2.07	0.52	615269.32	0.00	0.00	27.63	0.00	9.40	55.21	0.00	0.00	7.00	7.00
358	0.00	58.00	0.74	2.07	0.52	615269.32	0.00	0.00	27.63	0.00	9.38	55.75	0.00	0.00	7.00	7.00
359	0.00	59.00	0.74	2.07	0.52	615269.32	0.00	0.00	27.63	0.00	9.22	55.87	0.00	0.00	7.00	7.00
360	0.00	60.00	0.74	2.07	0.52	615269.32	0.00	0.00	27.63	0.00	9.07	56.20	0.00	0.00	7.00	7.00
361	0.00	61.00	0.74	2.07	0.52	615269.32	0.00	0.00	27.63	0.00	8.92	56.32	0.00	0.00	7.00	7.00
362	0.00	62.00	0.74	2.07	0.52	615269.32	0.00	0.00	27.63	0.00	8.77	56.25	0.00	0.00	7.00	7.00
363	0.00	63.00	0.74	2.07	0.52	615269.32	0.00	0.00	27.63	0.00	8.63	56.73	0.00	0.00	7.00	7.00
364	0.00	64.00	0.74	2.07	0.52	615269.32	0.00	0.00	27.63	0.00	8.50	56.29	0.00	0.00	7.00	7.00
365	0.00	65.00	0.74	2.07	0.52	615269.32	0.00	0.00	27.63	0.00	8.37	56.04	0.00	0.00	7.00	7.00
366	0.00	66.00	0.74	2.07	0.52	615269.32	0.00	0.00	27.63	0.00	9.84	56.70	0.00	0.00	7.00	7.00
367	0.00	67.00	0.74	2.07	0.52	615269.32	0.00	0.00	27.63	0.00	9.69	56.27	0.00	0.00	7.00	7.00
368	0.00	68.00	0.74	2.07	0.52	615269.32	0.00	0.00	27.63	0.00	9.99	56.59	0.00	0.00	7.00	7.00
369	0.00	69.00	0.74	2.07	0.52	615269.32	0.00	0.00	27.63	0.00	9.84	56.17	0.00	0.00	7.00	7.00
370	0.00	70.00	0.74	2.07	0.52	615269.32	0.00	0.00	27.63	0.00	9.70	56.11	0.00	0.00	7.00	7.00
371	0.00	71.00	0.74	2.07	0.52	615269.32	0.00	0.00	27.63	0.00	11.05	56.72	0.00	0.00	7.00	7.00
372	0.00	72.00	0.74	2.07	0.52	615269.32	0.00	0.00	27.63	0.00	10.89	57.14	0.00	0.00	7.00	7.00
373	0.00	73.00	0.74	2.07	0.52	615269.32	0.00	0.00	27.63	0.00	14.79	57.41	0.00	0.00	7.00	7.00
374	0.00	74.00	0.74	2.07	0.52	615269.32	0.00	0.00	27.63	0.00	14.59	58.13	0.00	0.00	7.00	7.00
375	0.00	25.00	0.74	2.07	0.52	615269.32	0.00	0.00	27.63	0.00	1.85	53.18	0.00	0.00	7.00	7.00
376	0.00	26.00	0.74	2.07	0.52	615269.32	0.00	0.00	27.63	0.00	1.78	53.60	0.00	0.00	7.00	7.00
377	0.00	27.00	0.74	2.07	0.52	615269.32	0.00	0.00	27.63	0.00	1.71	52.64	0.00	0.00	7.00	7.00
378	0.00	28.00	0.74	2.07	0.52	615269.32	0.00	0.00	27.63	0.00	1.94	53.00	0.00	0.00	7.00	7.00
379	0.00	29.00	0.74	2.07	0.52	615269.32	0.00	0.00	27.63	0.00	2.19	53.78	0.00	0.00	7.00	7.00
380	0.00	30.00	0.74	2.07	0.52	615269.32	0.00	0.00	27.63	0.00	2.12	54.12	0.00	0.00	7.00	7.00
381	0.00	31.00	0.74	2.07	0.52	615269.32	0.00	0.00	27.63	0.00	3.01	53.63	0.00	0.00	7.00	7.00
382	0.00	32.00	0.74	2.07	0.52	615269.32	0.00	0.00	27.63	0.00	2.92	53.95	0.00	0.00	7.00	7.00
383	0.00	33.00	0.74	2.07	0.52	615269.32	0.00	0.00	27.63	0.00	2.83	53.95	0.00	0.00	7.00	7.00
384	0.00	34.00	0.74	2.07	0.52	615269.32	0.00	0.00	27.63	0.00	2.99	54.20	0.00	0.00	7.00	7.00
385	0.00	35.00	0.74	2.07	0.52	615269.32	0.00	0.00	27.63	0.00	3.20	54.13	0.00	0.00	7.00	7.00
386	0.00	36.00	0.74	2.07	0.52	615269.32	0.00	0.00	27.63	0.00	3.11	54.41	0.00	0.00	7.00	7.00
387	0.00	37.00	0.74	2.07	0.52	615269.32	0.00	0.00	27.63	0.00	3.83	53.98	0.00	0.00	7.00	7.00
388	0.00	38.00	0.74	2.07	0.52	615269.32	0.00	0.00	27.63	0.00	3.73	54.55	0.00	0.00	7.00	7.00
389	0.00	39.00	0.74	2.07	0.52	615269.32	0.00	0.00	27.63	0.00	3.64	54.48	0.00	0.00	7.00	7.00
390	0.00	40.00	0.74	2.07	0.52	615269.32	0.00	0.00	27.63	0.00	3.54	54.68	0.00	0.00	7.00	7.00
391	0.00	41.00	0.74	2.07	0.52	615269.32	0.00	0.00	27.63	0.00	3.46	54.88	0.00	0.00	7.00	7.00
392	0.00	42.00	0.74	2.07	0.52	615269.32	0.00	0.00	27.63	0.00	3.38	54.80	0.00	0.00	7.00	7.00
393	0.00	43.00	0.74	2.07	0.52	615269.32	0.00	0.00	27.63	0.00	3.30	54.73	0.00	0.00	7.00	7.00
394	0.00	44.00	0.74	2.07	0.52	615269.32	0.00	0.00	27.63	0.00	3.46	54.66	0.00	0.00	7.00	7.00
395	0.00	45.00	0.74	2.07	0.52	615269.32	0.00	0.00	27.63	0.00	3.38	54.06	0.00	0.00	7.00	7.00
396	0.00	46.00	0.74	2.07	0.52	615269.32	0.00	0.00	27.63	0.00	3.31	55.05	0.00	0.00	7.00	7.00
397	0.00	47.00	0.74	2.07	0.52	615269.32	0.00	0.00	27.63	0.00	3.24	54.98	0.00	0.00	7.00	7.00
398	0.00	48.00	0.74	2.07	0.52	615269.32	0.00	0.00	27.63	0.00	3.17	54.91	0.00	0.00	7.00	7.00
399	0.00	49.00	0.74	2.07	0.52	615269.32	0.00	0.00	27.63	0.00	3.11	54.38	0.00	0.00	7.00	7.00
400	0.00	50.00	0.74	2.07	0.52	615269.32	0.00	0.00	27.63	0.00	3.04	55.02	0.00	0.00	7.00	7.00
401	0.00	51.00	0.63	2.49	0.44	615280.78	0.00	0.00	27.63	0.00	2.98	54.96	0.00	0.00	7.00	7.00
402	0.00	52.00	0.63	2.49	0.44	615280.78	0.00	0.00	27.63	0.00	2.93	54.46	0.00	0.00	7.00	7.00
403	0.00	53.00	0.63	2.49	0.44	615280.78	0.00	0.00	27.63	0.00	2.87	53.97	0.00	0.00	7.00	7.00
404	0.00	54.00	0.63	2.49	0.44	615280.78	0.00	0.00	27.63	0.00	2.82	53.48	0.00	0.00	7.00	7.00
405	0.00	55.00	0.63	2.49	0.44	615280.78	0.00	0.00	27.63	0.00	3.47	53.90	0.00	0.00	7.00	7.00
406	0.00	56.00	0.63	2.49	0.44	615280.78	0.00	0.00	27.63	0.00	3.40	53.43	0.00	0.00	7.00	7.00
407	0.00	57.00	0.63	2.49	0.44	615280.78	0.00	0.00	27.63	0.00	3.34	53.40	0.00	0.00	7.00	7.00
408	0.00	58.00	0.63	2.49	0.44	615280.78	0.00	0.00	27.63	0.00	3.29	52.96	0.00	0.00	7.00	7.00
409	0.00	59.00	0.63	2.49	0.44	615280.78	0.00	0.00	27.63	0.00	3.23	52.55	0.00	0.00	7.00	7.00
410	0.00	60.00	0.63	2.49	0.44	615280.78	0.00	0.00	27.63	0.00	3.18	52.14	0.00	0.00	7.00	7.00
411	0.00	61.00	0.63	2.49	0.44	615280.78	0.00	0.00	27.63	0.00	3.12	52.52	0.00	0.00	7.00	7.00
412	0.00	62.00	0.63	2.49	0.44	615251.99	0.00	0.00	16.06	0.00	92.81	62.05	0.00	0.00	7.00	7.00
413	0.00	63.00	0.63	2.99	0.38	615259.98	0.00	0.00	16.06	0.00	91.77	61.88	0.00	0.00	7.00	7.00
414	0.00	64.00	0.63	2.99	0.38	615259.98	0.00	0.00	16.06	0.00	91.98	61.60	0.00	0.00	7.00	7.00
415	0.00	65.00	0.63	2.99	0.38	615259.98	0.00	0.00	16.06	0.00	95.11	62.18	0.00	0.00	7.00	7.00
416	0.00	66.00	0.63	2.99	0.38	615259.98	0.00	0.00	16.06	0.00	95.26	62.39	0.00	0.00	7.00	7.00
417	0.00	67.00	0.63	2.99	0.38	615259.98	0.00	0.00	16.06	0.00	93.84	61.88	0.00	0.00	7.00	7.00
418	0.00	68.00	0.63	2.99	0.38	615259.98	0.00	0.00	16.06	0.00	92.90	62.25	0.00	0.00	7.00	7.00
419	0.00	69.00	0.63	2.99	0.38	615259.98	0.00	0.00	16.06	0.00	91.99	62.46	0.00	0.00	7.00	7.00
420	0.00	70.00	0.63	2.99	0.38	615259.98	0.00	0.00	16.06	0.00	90.67	62.12	0.00	0.00	7.00	6.99
421	0.00	71.00	0.63	2.99	0.38	615259.98	0.00	0.00	16.06	0.00	91.22	62.31	0.00	0.00	7.00	6.99
422	0.00	72.00	0.63	2.99	0.38	615259.98	0.00	0.00	16.06	0.00	91.41	62.50	0.00	0.00	7.00	6.99
423	0.00	73.00	0.63	2.99	0.38	615259.98	0.00	0.00	16.06	0.00	91.60	63.01	0.00	0.00	7.00	6.99
424	0.00	74.00	0.63	2.99	0.38	615259.98	0.00	0.00	16.06	0.00	90.77	62.68	0.00	0.00	7.00	6.99
425	0.00	25.00	0.63	2.99	0.38	615259.98	0.00	0.00	16.06	0.00	19.82	41.75	0.00	0.00	7.00	7.00
426	0.00	26.00	0.63	2.99	0.38	615259.98	0.00	0.00	16.06	0.00	19.06	42.18	0.00	0.00	7.00	7.00
427	0.00	27.00	0.63	2.99	0.38	615259.98	0.00	0.00	16.06	0.00	18.36	42.99	0.00	0.00	7.00	7.00
428	0.00	28.00	0.63	2.99	0.38	615259.98	0.00	0.00	16.06	0.00	29.31	43.36	0.00	0.00	7.00	7.00
429	0.00	29.00	0.63	2.99	0.38	615259.98	0.00	0.00	16.06	0.00	28.58	44.10	0.00	0.00	7.00	7.00
430	0.00	30.00	0.63	2.99	0.38	615259.98	0.00	0.00	16.06	0.00	28.62	43.60	0.00	0.00	7.00	7.00
431	0.00	31.00	0.63	2.99	0.38	615259.98	0.00	0.00	16.06	0.00	27.70	43.58	0.00	0.00	7.00	7.00
432	0.00	32.00	0.63	2.99	0.38	615259.98	0.00	0.00	16.06	0.00	26.84	42.75	0.00	0.00	7.00	7.00
433	0.00	33.00	0.63	2.99	0.38	615259.98	0.00	0.00	16.06	0.00	26.02	42.33	0.00	0.00	7.00	7.00
434	0.00	34.00	0.63	2.99	0.38	615259.98	0.00	0.00	16.06	0.00	29.23	42.65	0.00	0.00	7.00	7.00
435	0.00	35.00	0.63	2.99	0.38	615259.98	0.00	0.00	16.06	0.00	28.40	42.22	0.00	0.00	7.00	7.00
436	0.00	36.00	0.63	2.99	0.38	615259.98	0.00	0.00	16.06	0.00	27.61	41.50	0.00	0.00	7.00	7.00
437	0.00	37.00	0.63	2.99	0.38	615259.98	0.00	0.00	16.06	0.00	30.90	41.12	0.00	0.00	7.00	7.00
438	0.00	38.00	0.63	2.99	0.38	615259.98	0.00	0.00	16.06	0.00	30.08	40.82	0.00	0.00	7.00	7.00
439	0.00	39.00	0.63	2.99	0.38	615259.98	0.00	0.00	16.06	0.00	29.31	40.52	0.00	0.00	7.00	7.00
440	0.00	40.00	0.63	2.99	0.38	615259.98	0.00	0.00	16.06	0.00	29.32	42.27	0.00	0.00	7.00	7.00
441	0.00	41.00	0.63	2.99	0.38	615259.98	0.00	0.00	16.06	0.00	28.61	42.77	0.00	0.00	7.00	7.00
442	0.00	42.00	0.63	2.99	0.38	615259.98	0.00	0.00	16.06	0.00	33.42	42.82	0.02	0.00	7.00	7.00
443	0.00	43.00	0.63	2.99	0.38	615259.98	0.00	0.00	16.06	0.00	32.64	43.30	0.02	0.00	7.00	7.00
444	0.00	44.00	0.63	2.99	0.38	615259.98	0.00	0.00	16.06	0.00	32.58	43.20	0.02	0.00	7.00	7.00
445	0.00	45.00	0.63	2.99	0.38	615259.98	0.00	0.00	16.06	0.00	31.86	42.85	0.02	0.00	7.00	7.00
446	0.00	46.00	0.63	2.99	0.38	615259.98	0.00	0.00	16.06	0.00	31.16	42.33	0.02	0.00	7.00	7.00
447	0.00	47.00	0.63	2.99	0.38	615259.98	0.00	0.00	16.06	0.00	30.72	42.53	0.02	0.00	7.00	7.00
448	0.00	48.00	0.63	2.99	0.38	615259.98	0.00	0.00	16.06	0.00	30.70	42.47	0.02	0.00	7.00	7.00
449	0.00	49.00	0.63	2.99	0.38	615259.98	0.00	0.00	16.06	0.00	32.22	41.97	0.02	0.00	7.00	7.00
450	0.00	50.00	0.63	2.99	0.38	615259.98	0.00	0.00	16.06	0.00	31.58	41.47	0.02	0.00	7.00	7.00
451	0.00	51.00	0.63	2.99	0.38	615259.98	0.00	0.00	16.06	0.00	33.89	41.92	0.02	0.00	7.00	7.00
452	0.00	52.00	0.63	2.99	0.38	615259.98	0.00	0.00	16.06	0.00	33.24	41.43	0.02	0.00	7.00	7.00
453	0.00	53.00	0.63	2.99	0.38	615259.98	0.00	0.00	16.06	0.00	32.61	41.01	0.02	0.00	7.00	7.00
454	0.00	54.00	0.63	2.99	0.38	615259.98	0.00	0.00	16.06	0.00	32.01	40.56	0.02	0.00	7.00	7.00
455	0.00	55.00	0.63	2.99	0.38	615259.98	0.00	0.00	16.06	0.00	31.97	41.83	0.02	0.00	7.00	7.00
456	0.00	56.00	0.63	2.99	0.38	615259.98	0.00	0.00	16.06	0.00	31.39	41.58	0.02	0.00	7.00	7.00
457	0.00	57.00	0.63	2.99	0.38	615259.98	0.00	0.00	16.06	0.00	30.84	41.34	0.02	0.00	7.00	7.00
458	0.00	58.00	0.63	2.99	0.38	615259.98	0.00	0.00	16.06	0.00	30.31	41.12	0.02	0.00	7.00	7.00
459	0.00	59.00	0.63	2.99	0.38	615259.98	0.00	0.00	16.06	0.00	29.80	40.70	0.02	0.00	7.00	7.00
460	0.00	60.00	0.63	2.99	0.38	615259.98	0.00	0.00	16.06	0.00	29.30	41.09	0.02	0.00	7.00	7.00
461	0.00	61.00	0.63	2.99	0.38	615259.98	0.00	0.00	16.06	0.00	28.82	41.05	0.02	0.00	7.00	7.00
462	0.00	62.00	0.63	2.99	0.38	615259.98	0.00	0.00	16.06	0.00	30.05	41.25	0.02	0.00	7.00	7.00
463	0.00	63.00	0.63	2.99	0.38	615259.98	0.00	0.00	16.06	0.00	29.58	41.04	0.02	0.00	7.00	7.00
464	0.00	64.00	0.63	2.99	0.38	615259.98	0.00	0.00	16.06	0.00	29.12	40.65	0.02	0.00	7.00	7.00
465	0.00	65.00	0.63	2.99	0.38	615259.98	0.00	0.00	16.06	0.00	28.67	40.27	0.02	0.00	7.00	7.00
466	0.00	66.00	0.63	2.99	0.38	615259.98	0.00	0.00	16.06	0.00	28.23	40.44	0.02	0.00	7.00	7.00
467	0.00	67.00	0.63	2.99	0.38	615259.98	0.00	0.00	16.06	0.00	27.81	40.79	0.01	0.00	7.00	7.00
468	0.00	68.00	0.63	2.99	0.38	615259.98	0.00	0.00	16.06	0.00	27.40	40.79	0.01	0.00	7.00	7.00
469	0.00	69.00	0.63	2.99	0.38	615259.98	0.00	0.00	16.06	0.00	27.01	40.43	0.01	0.00	7.00	7.00
470	0.00	70.00	0.63	2.99	0.38	615259.98	0.00	0.00	16.06	0.00	26.62	40.13	0.01	0.00	7.00	7.00
471	0.00	71.00	0.63	2.99	0.38	615259.98	0.00	0.00	16.06	0.00	26.25	40.46	0.01	0.00	7.00	7.00
472	0.00	72.00	0.63	2.99	0.38	615259.98	0.00	0.00	16.06	0.00	25.88	40.12	0.01	0.00	7.00	7.00
473	0.00	73.00	0.63	2.99	0.38	615259.98	0.00	0.00	16.06	0.00	25.53	39.81	0.01	0.00	7.00	7.00
474	0.00	74.00	0.63	2.99	0.38	615259.98	0.00	0.00	16.06	0.00	25.18	39.64	0.01	0.00	7.00	7.00
475	0.00	25.00	0.63	2.99	0.38	615259.98	0.00	0.00	16.06	0.00	9.88	31.55	0.00	0.00	7.00	7.00
476	0.00	26.00	0.63	2.99	0.38	615259.98	0.00	0.00	16.06	0.00	9.50	30.99	0.00	0.00	7.00	7.00
477	0.00	27.00	0.63	2.99	0.38	615259.98	0.00	0.00	16.06	0.00	9.15	30.46	0.00	0.00	7.00	7.00
478	0.00	28.00	0.63	2.99	0.38	615259.98	0.00	0.00	16.06	0.00	8.82	29.94	0.00	0.00	7.00	7.00
479	0.00	29.00	0.63	2.99	0.38	615259.98	0.00	0.00	16.06	0.00	8.52	29.87	0.00	0.00	7.00	7.00
480	0.00	30.00	0.63	2.99	0.38	615259.98	0.00	0.00	16.06	0.00	8.23	29.79	0.00	0.00	7.00	7.00
481	0.00	31.00	0.63	2.99	0.38	615259.98	0.00	0.00	16.06	0.00	7.97	29.35	0.00	0.00	7.00	7.00
482	0.00	32.00	0.63	2.99	0.38	615259.98	0.00	0.00	16.06	0.00	7.72	28.93	0.00	0.00	7.00	7.00
483	0.00	33.00	0.63	2.99	0.38	615259.98	0.00	0.00	16.06	0.00	7.48	30.38	0.00	0.00	7.00	7.00
484	0.00	34.00	0.63	2.99	0.38	615259.98	0.00	0.00	16.06	0.00	7.26	30.62	0.00	0.00	7.00	7.00
485	0.00	35.00	0.63	2.99	0.38	615259.98	0.00	0.00	16.06	0.00	7.06	30.21	0.00	0.00	7.00	7.00
486	0.00	36.00	0.63	2.99	0.38	615259.98	0.00	0.00	16.06	0.00	13.15	31.15	0.00	0.00	7.00	7.00
487	0.00	37.00	0.63	2.99	0.38	615259.98	0.00	0.00	16.06	0.00	12.80	30.74	0.00	0.00	7.00	7.00
488	0.00	38.00	0.63	2.99	0.38	615259.98	0.00	0.00	16.06	0.00	12.46	30.66	0.00	0.00	7.00	7.00
489	0.00	39.00	0.63	2.99	0.38	615259.98	0.00	0.00	16.06	0.00	12.14	30.61	0.00	0.00	7.00	7.00
490	0.00	40.00	0.63	2.99	0.38	615259.98	0.00	0.00	16.06	0.00	11.84	30.56	0.00	0.00	7.00	7.00
491	0.00	41.00	0.63	2.99	0.38	615259.98	0.00	0.00	16.06	0.00	11.55	30.21	0.00	0.00	7.00	7.00
492	0.00	42.00	0.63	2.99	0.38	615259.98	0.00	0.00	16.06	0.00	11.27	30.15	0.00	0.00	7.00	7.00
493	0.00	43.00	0.63	2.99	0.38	615259.98	0.00	0.00	16.06	0.00	11.01	29.89	0.00	0.00	7.00	7.00
494	0.00	44.00	0.63	2.99	0.38	615259.98	0.00	0.00	16.06	0.00	10.76	30.64	0.00	0.00	7.00	7.00
495	0.00	45.00	0.63	2.99	0.38	615259.98	0.00	0.00	16.06	0.00	10.52	30.33	0.00	0.00	7.00	7.00
496	0.00	46.00	0.63	2.99	0.38	615259.98	0.00	0.00	16.06	0.00	10.29	30.02	0.00	0.00	7.00	7.00
497	0.00	47.00	0.63	2.99	0.38	615259.98	0.00	0.00	16.06	0.00	10.07	29.97	0.00	0.00	7.00	7.00
498	0.00	48.00	0.63	2.99	0.38	615259.98	0.00	0.00	16.06	0.00	9.86	29.68	0.00	0.00	7.00	7.00
499	0.00	49.00	0.63	2.99	0.38	615259.98	0.00	0.00	16.06	0.00	9.66	29.40	0.00	0.00	7.00	7.00
500	0.00	50.00	0.63	2.99	0.38	615259.98	0.00	0.00	16.06	0.00	9.47	29.36	0.00	0.00	7.00	7.00
501	0.00	51.00	0.63	2.99	0.38	615259.98	0.00	0.00	16.06	0.00	9.28	29.33	0.00	0.00	7.00	7.00
502	0.00	52.00	0.63	2.99	0.38	615259.98	0.00	0.00	16.06	0.00	9.11	29.07	0.00	0.00	7.00	7.00
503	0.00	53.00	0.63	2.99	0.38	615259.98	0.00	0.00	16.06	0.00	8.93	29.04	0.00	0.00	7.00	7.00
504	0.00	54.00	0.63	2.99	0.38	615259.98	0.00	0.00	16.06	0.00	8.77	30.11	0.00	0.00	7.00	7.00
505	0.00	55.00	0.63	2.99	0.38	615259.98	0.00	0.00	16.06	0.00	8.61	29.86	0.00	0.00	7.00	7.00
506	0.00	56.00	0.63	2.99	0.38	615259.98	0.00	0.00	16.06	0.00	8.46	29.62	0.00	0.00	7.00	7.00
507	0.00	57.00	0.63	2.99	0.38	615259.98	0.00	0.00	16.06	0.00	8.31	29.59	0.00	0.00	7.00	7.00
508	0.00	58.00	0.63	2.99	0.38	615259.98	0.00	0.00	16.06	0.00	8.16	29.35	0.00	0.00	7.00	7.00
509	0.00	59.00	0.63	2.99	0.38	615259.98	0.00	0.00	16.06	0.00	8.03	29.13	0.00	0.00	7.00	7.00
510	0.00	60.00	0.63	2.99	0.38	615259.98	0.00	0.00	16.06	0.00	8.03	29.69	0.00	0.00	7.00	7.00
511	0.00	61.00	0.63	2.99	0.38	615259.98	0.00	0.00	16.06	0.00	7.90	30.23	0.00	0.00	7.00	7.00
512	0.00	62.00	0.63	2.99	0.38	615259.98	0.00	0.00	16.06	0.00	7.77	30.01	0.00	0.00	7.00	7.00
513	0.00	63.00	0.53	3.58	0.32	615269.57	0.00	0.00	16.06	0.00	7.65	29.80	0.00	0.00	7.00	7.00
514	0.00	64.00	0.53	3.58	0.32	615269.57	0.00	0.00	16.06	0.00	7.53	29.60	0.00	0.00	7.00	7.00
515	0.00	65.00	0.53	3.58	0.32	615269.57	0.00	0.00	16.06	0.00	7.41	29.39	0.00	0.00	7.00	7.00
516	0.00	66.00	0.53	3.58	0.32	615269.57	0.00	0.00	16.06	0.00	7.30	29.19	0.00	0.00	7.00	7.00
517	0.00	67.00	0.53	3.58	0.32	615269.57	0.00	0.00	16.06	0.00	7.19	28.99	0.00	0.00	7.00	7.00
518	0.00	68.00	0.53	3.58	0.32	615269.57	0.00	0.00	16.06	0.00	7.08	29.01	0.00	0.00	7.00	7.00
519	0.00	69.00	0.53	3.58	0.32	615269.57	0.00	0.00	16.06	0.00	6.98	28.83	0.00	0.00	7.00	7.00
520	0.00	70.00	0.53	3.58	0.32	615269.57	0.00	0.00	16.06	0.00	6.88	28.97	0.00	0.00	7.00	7.00
521	0.00	71.00	0.53	3.58	0.32	615269.57	0.00	0.00	16.06	0.00	6.78	28.95	0.00	0.00	7.00	7.00
522	0.00	72.00	0.53	3.58	0.32	615269.57	0.00	0.00	16.06	0.00	6.69	29.09	0.00	0.00	7.00	7.00
523	0.00	73.00	0.53	3.58	0.32	615269.57	0.00	0.00	16.06	0.00	7.12	29.72	0.00	0.00	7.00	7.00
524	0.00	74.00	0.53	3.58	0.32	615269.57	0.00	0.00	16.06	0.00	7.40	29.90	0.00	0.00	7.00	7.00
525	0.00	25.00	0.53	3.58	0.32	615269.57	0.00	0.00	16.06	0.00	9.55	27.68	0.00	0.00	7.00	7.00
526	0.00	26.00	0.53	3.58	0.32	615269.57	0.00	0.00	16.06	0.00	9.18	27.30	0.00	0.00	7.00	7.00
527	0.00	27.00	0.53	3.58	0.32	615269.57	0.00	0.00	16.06	0.00	8.84	26.92	0.00	0.00	7.00	7.00
528	0.00	28.00	0.53	3.58	0.32	615269.57	0.00	0.00	16.06	0.00	8.53	27.34	0.00	0.00	7.00	7.00
529	0.00	29.00	0.53	3.58	0.32	615269.57	0.00	0.00	16.06	0.00	8.23	27.38	0.00	0.00	7.00	7.00
530	0.00	30.00	0.53	3.58	0.32	615269.57	0.00	0.00	16.06	0.00	7.96	27.39	0.00	0.00	7.00	7.00
531	0.00	31.00	0.53	3.58	0.32	615269.57	0.00	0.00	16.06	0.00	8.67	27.45	0.00	0.00	7.00	7.00
532	0.00	32.00	0.53	3.58	0.32	615269.57	0.00	0.00	16.06	0.00	13.12	29.30	0.00	0.00	7.00	7.00
533	0.00	33.00	0.53	3.58	0.32	615269.57	0.00	0.00	16.06	0.00	12.72	28.89	0.00	0.00	7.00	7.00
534	0.00	34.00	0.53	3.58	0.32	615269.57	0.00	0.00	16.06	0.00	12.35	29.31	0.00	0.00	7.00	7.00
535	0.00	35.00	0.53	3.58	0.32	615269.57	0.00	0.00	16.06	0.00	11.99	29.26	0.00	0.00	7.00	7.00
536	0.00	36.00	0.53	3.58	0.32	615269.57	0.00	0.00	16.06	0.00	11.66	29.21	0.00	0.00	7.00	7.00
537	0.00	37.00	0.53	3.58	0.32	615269.57	0.00	0.00	16.06	0.00	11.34	29.17	0.00	0.00	7.00	7.00
538	0.00	38.00	0.53	3.58	0.32	615269.57	0.00	0.00	16.06	0.00	11.05	28.84	0.00	0.00	7.00	7.00
539	0.00	39.00	0.53	3.58	0.32	615269.57	0.00	0.00	16.06	0.00	10.76	28.81	0.00	0.00	7.00	7.00
540	0.00	40.00	0.53	3.58	0.32	615269.57	0.00	0.00	16.06	0.00	10.49	28.51	0.00	0.00	7.00	7.00
541	0.00	41.00	0.53	3.58	0.32	615269.57	0.00	0.00	16.06	0.00	10.24	28.20	0.00	0.00	7.00	7.00
542	0.00	42.00	0.53	3.58	0.32	615269.57	0.00	0.00	16.06	0.00	9.99	28.19	0.00	0.00	7.00	7.00
543	0.00	43.00	0.53	3.58	0.32	615269.57	0.00	0.00	16.06	0.00	9.76	28.18	0.00	0.00	7.00	7.00
544	0.00	44.00	0.53	3.58	0.32	615269.57	0.00	0.00	16.06	0.00	9.54	28.47	0.00	0.00	7.00	7.00
545	0.00	45.00	0.53	3.58	0.32	615269.57	0.00	0.00	16.06	0.00	9.33	28.49	0.00	0.00	7.00	7.00
546	0.00	46.00	0.53	3.58	0.32	615269.57	0.00	0.00	16.06	0.00	9.13	28.48	0.00	0.00	7.00	7.00
547	0.00	47.00	0.53	3.58	0.32	615269.57	0.00	0.00	16.06	0.00	8.93	28.22	0.00	0.00	7.00	7.00
548	0.00	48.00	0.53	3.58	0.32	615269.57	0.00	0.00	16.06	0.00	8.75	28.23	0.00	0.00	7.00	7.00
549	0.00	49.00	0.53	3.58	0.32	615269.57	0.00	0.00	16.06	0.00	8.57	27.98	0.00	0.00	7.00	7.00
550	0.00	50.00	0.53	3.58	0.32	615269.57	0.00	0.00	16.06	0.00	13.01	28.02	0.02	0.00	7.00	7.00
551	0.00	51.00	0.53	3.58	0.32	615269.57	0.00	0.00	16.06	0.00	12.75	28.25	0.02	0.00	7.00	7.00
552	0.00	52.00	0.53	3.58	0.32	615269.57	0.00	0.00	16.06	0.00	12.51	28.02	0.02	0.00	7.00	7.00
553	0.00	53.00	0.53	3.58	0.32	615269.57	0.00	0.00	16.06	0.00	12.27	27.79	0.02	0.00	7.00	7.00
554	0.00	54.00	0.53	3.58	0.32	615269.57	0.00	0.00	16.06	0.00	12.05	27.58	0.02	0.00	7.00	7.00
555	0.00	55.00	0.53	3.58	0.32	615269.57	0.00	0.00	16.06	0.00	11.83	27.58	0.02	0.00	7.00	7.00
556	0.00	56.00	0.53	3.58	0.32	615269.57	0.00	0.00	16.06	0.00	11.62	28.44	0.02	0.00	7.00	7.00
557	0.00	57.00	0.53	3.58	0.32	615269.57	0.00	0.00	16.06	0.00	11.41	28.22	0.02	0.00	7.00	7.00
558	0.00	58.00	0.53	3.58	0.32	615269.57	0.00	0.00	16.06	0.00	11.21	28.21	0.02	0.00	7.00	7.00
559	0.00	59.00	0.53	3.58	0.32	615269.57	0.00	0.00	16.06	0.00	11.02	28.00	0.02	0.00	7.00	7.00
560	0.00	60.00	0.53	3.58	0.32	615269.57	0.00	0.00	16.06	0.00	10.84	27.79	0.02	0.00	7.00	7.00
561	0.00	61.00	0.53	3.58	0.32	615269.57	0.00	0.00	16.06	0.00	10.66	27.59	0.02	0.00	7.00	7.00
562	0.00	62.00	0.53	3.58	0.32	615269.57	0.00	0.00	16.06	0.00	10.49	27.98	0.02	0.00	7.00	7.00
563	0.00	63.00	0.53	3.58	0.32	615269.57	0.00	0.00	16.06	0.00	10.32	27.98	0.02	0.00	7.00	7.00
564	0.00	64.00	0.53	3.58	0.32	615269.57	0.00	0.00	16.06	0.00	10.16	27.79	0.02	0.00	7.00	7.00
565	0.00	65.00	0.53	3.58	0.32	615269.57	0.00	0.00	16.06	0.00	10.15	28.33	0.02	0.00	7.00	7.00
566	0.00	66.00	0.53	3.58	0.32	615269.57	0.00	0.00	16.06	0.00	10.00	28.14	0.02	0.00	7.00	7.00
567	0.00	67.00	0.53	3.58	0.32	615269.57	0.00	0.00	16.06	0.00	14.25	28.13	0.01	0.00	7.00	7.00
568	0.00	68.00	0.53	3.58	0.32	615269.57	0.00	0.00	16.06	0.00	14.04	27.97	0.01	0.00	7.00	7.00
569	0.00	69.00	0.53	3.58	0.32	615269.57	0.00	0.00	16.06	0.00	13.96	27.79	0.01	0.00	7.00	7.00
570	0.00	70.00	0.53	3.58	0.32	615269.57	0.00	0.00	16.06	0.00	13.76	27.79	0.01	0.00	7.00	7.00
571	0.00	71.00	0.53	3.58	0.32	615269.57	0.00	0.00	16.06	0.00	13.57	27.63	0.01	0.00	7.00	7.00
572	0.00	72.00	0.53	3.58	0.32	615269.57	0.00	0.00	16.06	0.00	13.38	27.47	0.01	0.00	7.00	7.00
573	0.00	73.00	0.53	3.58	0.32	615269.57	0.00	0.00	16.06	0.00	13.19	27.47	0.01	0.00	7.00	7.00
574	0.00	74.00	0.53	3.58	0.32	615269.57	0.00	0.00	16.06	0.00	13.02	27.32	0.01	0.00	7.00	7.00
575	0.00	25.00	0.53	3.58	0.32	615269.57	0.00	0.00	16.06	0.00	9.55	27.16	0.00	0.00	7.00	7.00
576	0.00	26.00	0.53	3.58	0.32	615269.57	0.00	0.00	16.06	0.00	9.18	27.18	0.00	0.00	7.00	7.00
577	0.00	27.00	0.53	3.58	0.32	615269.57	0.00	0.00	16.06	0.00	9.15	27.79	0.00	0.00	7.00	7.00
578	0.00	28.00	0.53	3.58	0.32	615269.57	0.00	0.00	16.06	0.00	12.58	29.15	0.00	0.00	7.00	7.00
579	0.00	29.00	0.53	3.58	0.32	615269.57	0.00	0.00	16.06	0.00	12.15	29.92	0.00	0.00	7.00	7.00
580	0.00	30.00	0.53	3.58	0.32	615269.57	0.00	0.00	16.06	0.00	11.74	29.48	0.00	0.00	7.00	7.00
581	0.00	31.00	0.53	3.58	0.32	615269.57	0.00	0.00	16.06	0.00	11.36	31.33	0.00	0.00	7.00	7.00
582	0.00	32.00	0.53	3.58	0.32	615269.57	0.00	0.00	16.06	0.00	11.01	31.21	0.00	0.00	7.00	7.00
583	0.00	33.00	0.53	3.58	0.32	615269.57	0.00	0.00	16.06	0.00	13.86	32.89	0.00	0.00	7.00	7.00
584	0.00	34.00	0.53	3.58	0.32	615269.57	0.00	0.00	16.06	0.00	13.46	32.40	0.00	0.00	7.00	7.00
585	0.00	35.00	0.53	3.58	0.32	615269.57	0.00	0.00	16.06	0.00	16.08	33.64	0.00	0.00	7.00	7.00
586	0.00	36.00	0.53	3.58	0.32	615269.57	0.00	0.00	16.06	0.00	15.63	33.50	0.00	0.00	7.00	7.00
587	0.00	37.00	0.53	3.58	0.32	615269.57	0.00	0.00	16.06	0.00	15.21	33.03	0.00	0.00	7.00	7.00
588	0.00	38.00	0.53	3.58	0.32	615269.57	0.00	0.00	16.06	0.00	14.81	32.89	0.00	0.00	7.00	7.00
589	0.00	39.00	0.53	3.58	0.32	615269.57	0.00	0.00	16.06	0.00	15.20	34.27	0.00	0.00	7.00	7.00
590	0.00	40.00	0.53	3.58	0.32	615269.57	0.00	0.00	16.06	0.00	14.82	33.85	0.00	0.00	7.00	7.00
591	0.00	41.00	0.53	3.58	0.32	615269.57	0.00	0.00	16.06	0.00	14.45	33.72	0.00	0.00	7.00	7.00
592	0.00	42.00	0.53	3.58	0.32	615269.57	0.00	0.00	16.06	0.00	14.11	33.31	0.00	0.00	7.00	7.00
593	0.00	43.00	0.53	3.58	0.32	615269.57	0.00	0.00	16.06	0.00	13.78	33.74	0.00	0.00	7.00	7.00
594	0.00	44.00	0.53	3.58	0.32	615269.57	0.00	0.00	16.06	0.00	14.15	33.89	0.00	0.00	7.00	7.00
595	0.00	45.00	0.53	3.58	0.32	615269.57	0.00	0.00	16.06	0.00	13.83	34.53	0.00	0.00	7.00	7.00
596	0.00	46.00	0.53	3.58	0.32	615269.57	0.00	0.00	16.06	0.00	13.53	35.42	0.00	0.00	7.00	7.00
597	0.00	47.00	0.53	3.58	0.32	615269.57	0.00	0.00	16.06	0.00	13.24	35.02	0.00	0.00	7.00	7.00
598	0.00	48.00	0.53	3.58	0.32	615269.57	0.00	0.00	16.06	0.00	12.97	34.87	0.00	0.00	7.00	7.00
599	0.00	49.00	0.53	3.58	0.32	615269.57	0.00	0.00	16.06	0.00	12.70	34.48	0.00	0.00	7.00	7.00
600	0.00	50.00	0.53	3.58	0.32	615269.57	0.00	0.00	16.06	0.00	12.61	34.11	0.00	0.00	7.00	7.00
601	0.00	51.00	0.53	3.58	0.32	615269.57	0.00	0.00	16.06	0.00	12.37	33.98	0.00	0.00	7.00	7.00
602	0.00	52.00	0.53	3.58	0.32	615269.57	0.00	0.00	16.06	0.00	12.13	33.64	0.00	0.00	7.00	7.00
603	0.00	53.00	0.53	3.58	0.32	615269.57	0.00	0.00	16.06	0.00	11.90	33.30	0.00	0.00	7.00	7.00
604	0.00	54.00	0.53	3.58	0.32	615269.57	0.00	0.00	16.06	0.00	11.68	33.00	0.00	0.00	7.00	7.00
605	0.00	55.00	0.53	3.58	0.32	615269.57	0.00	0.00	16.06	0.00	11.47	32.90	0.00	0.00	7.00	7.00
606	0.00	56.00	0.53	3.58	0.32	615269.57	0.00	0.00	16.06	0.00	11.26	32.61	0.00	0.00	7.00	7.00
607	0.00	57.00	0.53	3.58	0.32	615269.57	0.00	0.00	16.06	0.00	11.06	32.34	0.00	0.00	7.00	7.00
608	0.00	58.00	0.53	3.58	0.32	615269.57	0.00	0.00	16.06	0.00	11.01	32.06	0.00	0.00	7.00	7.00
609	0.00	59.00	0.53	3.58	0.32	615269.57	0.00	0.00	16.06	0.00	10.83	31.98	0.00	0.00	7.00	7.00
610	0.00	60.00	0.53	3.58	0.32	615269.57	0.00	0.00	16.06	0.00	10.65	32.50	0.00	0.00	7.00	7.00
611	0.00	61.00	0.53	3.58	0.32	615269.57	0.00	0.00	16.06	0.00	10.47	32.23	0.00	0.00	7.00	7.00
612	0.00	62.00	0.53	3.58	0.32	615269.57	0.00	0.00	16.06	0.00	10.30	33.11	0.00	0.00	7.00	7.00
613	0.00	63.00	0.45	4.30	0.27	615281.08	0.00	0.00	16.06	0.00	10.14	33.04	0.00	0.00	7.00	7.00
614	0.00	64.00	0.45	4.30	0.27	615281.08	0.00	0.00	16.06	0.00	9.98	32.96	0.00	0.00	7.00	7.00
615	0.00	65.00	0.45	4.30	0.27	615281.08	0.00	0.00	16.06	0.00	9.83	32.88	0.00	0.00	7.00	7.00
616	0.00	66.00	0.45	4.30	0.27	615281.08	0.00	0.00	16.06	0.00	9.68	32.81	0.00	0.00	7.00	7.00
617	0.00	67.00	0.45	4.30	0.27	615281.08	0.00	0.00	16.06	0.00	9.98	32.92	0.00	0.00	7.00	7.00
618	0.00	68.00	0.45	4.30	0.27	615281.08	0.00	0.00	16.06	0.00	10.24	33.06	0.00	0.00	7.00	7.00
619	0.00	69.00	0.45	4.30	0.27	615281.08	0.00	0.00	16.06	0.00	10.09	33.33	0.00	0.00	7.00	7.00
620	0.00	70.00	0.45	4.30	0.27	615281.08	0.00	0.00	16.06	0.00	9.95	33.25	0.00	0.00	7.00	7.00
621	0.00	71.00	0.45	4.30	0.27	615281.08	0.00	0.00	16.06	0.00	9.81	33.01	0.00	0.00	7.00	7.00
622	0.00	72.00	0.45	4.30	0.27	615281.08	0.00	0.00	16.06	0.00	9.67	32.78	0.00	0.00	7.00	7.00
623	0.00	73.00	0.45	4.30	0.27	615281.08	0.00	0.00	16.06	0.00	9.54	32.71	0.00	0.00	7.00	7.00
624	0.00	74.00	0.45	4.30	0.27	615281.08	0.00	0.00	16.06	0.00	11.43	32.64	0.00	0.00	7.00	7.00
625	0.00	25.00	0.45	4.30	0.27	615281.08	0.00	0.00	16.06	0.00	10.20	24.64	0.00	0.00	7.00	7.00
626	0.00	26.00	0.45	4.30	0.27	615281.08	0.00	0.00	16.06	0.00	18.68	24.75	0.04	0.00	7.00	7.00
627	0.00	27.00	0.45	4.30	0.27	615281.08	0.00	0.00	16.06	0.00	19.10	24.92	0.04	0.00	7.00	7.00
628	0.00	28.00	0.45	4.30	0.27	615281.08	0.00	0.00	16.06	0.00	18.42	24.64	0.04	0.00	7.00	7.00
629	0.00	29.00	0.45	4.30	0.27	615281.08	0.00	0.00	16.06	0.00	17.78	24.36	0.03	0.00	7.00	7.00
630	0.00	30.00	0.45	4.30	0.27	615281.08	0.00	0.00	16.06	0.00	17.19	24.11	0.03	0.00	7.00	7.00
631	0.00	31.00	0.45	4.30	0.27	615281.08	0.00	0.00	16.06	0.00	16.63	23.86	0.03	0.00	7.00	7.00
632	0.00	32.00	0.45	4.30	0.27	615281.08	0.00	0.00	16.06	0.00	16.11	24.02	0.03	0.00	7.00	7.00
633	0.00	33.00	0.45	4.30	0.27	615281.08	0.00	0.00	16.06	0.00	15.63	23.80	0.03	0.00	7.00	7.00
634	0.00	34.00	0.45	4.30	0.27	615281.08	0.00	0.00	16.06	0.00	15.17	23.57	0.03	0.00	7.00	7.00
635	0.00	35.00	0.45	4.30	0.27	615281.08	0.00	0.00	16.06	0.00	14.73	23.36	0.03	0.00	7.00	7.00
636	0.00	36.00	0.45	4.30	0.27	615281.08	0.00	0.00	16.06	0.00	14.55	23.15	0.03	0.00	7.00	7.00
637	0.00	37.00	0.45	4.30	0.27	615281.08	0.00	0.00	16.06	0.00	14.38	22.95	0.03	0.00	7.00	7.00
638	0.00	38.00	0.45	4.30	0.27	615281.08	0.00	0.00	16.06	0.00	14.00	22.78	0.03	0.00	7.00	7.00
639	0.00	39.00	0.45	4.30	0.27	615281.08	0.00	0.00	16.06	0.00	13.64	22.60	0.03	0.00	7.00	7.00
640	0.00	40.00	0.45	4.30	0.27	615281.08	0.00	0.00	16.06	0.00	13.50	22.43	0.03	0.00	7.00	7.00
641	0.00	41.00	0.45	4.30	0.27	615281.08	0.00	0.00	16.06	0.00	13.17	22.56	0.02	0.00	7.00	7.00
642	0.00	42.00	0.45	4.30	0.27	615281.08	0.00	0.00	16.06	0.00	12.86	22.41	0.02	0.00	7.00	7.00
643	0.00	43.00	0.45	4.30	0.27	615281.08	0.00	0.00	16.06	0.00	12.56	22.27	0.02	0.00	7.00	7.00
644	0.00	44.00	0.45	4.30	0.27	615281.08	0.00	0.00	16.06	0.00	12.46	22.12	0.02	0.00	7.00	7.00
645	0.00	45.00	0.45	4.30	0.27	615281.08	0.00	0.00	16.06	0.00	12.18	21.99	0.02	0.00	7.00	7.00
646	0.00	46.00	0.45	4.30	0.27	615281.08	0.00	0.00	16.06	0.00	11.92	21.86	0.02	0.00	7.00	7.00
647	0.00	47.00	0.45	4.30	0.27	615281.08	0.00	0.00	16.06	0.00	11.84	21.73	0.02	0.00	7.00	7.00
648	0.00	48.00	0.45	4.30	0.27	615281.08	0.00	0.00	16.06	0.00	11.59	21.61	0.02	0.00	7.00	7.00
649	0.00	49.00	0.45	4.30	0.27	615281.08	0.00	0.00	16.06	0.00	11.36	21.50	0.02	0.00	7.00	7.00
650	0.00	50.00	0.45	4.30	0.27	615281.08	0.00	0.00	16.06	0.00	11.29	21.39	0.02	0.00	7.00	7.00
651	0.00	51.00	0.45	4.30	0.27	615281.08	0.00	0.00	16.06	0.00	11.07	21.51	0.02	0.00	7.00	7.00
652	0.00	52.00	0.45	4.30	0.27	615281.08	0.00	0.00	16.06	0.00	11.01	21.40	0.02	0.00	7.00	7.00
653	0.00	53.00	0.45	4.30	0.27	615281.08	0.00	0.00	16.06	0.00	10.81	21.31	0.02	0.00	7.00	7.00
654	0.00	54.00	0.45	4.30	0.27	615281.08	0.00	0.00	16.06	0.00	10.76	21.21	0.02	0.00	7.00	7.00
655	0.00	55.00	0.45	4.30	0.27	615281.08	0.00	0.00	16.06	0.00	10.56	21.13	0.02	0.00	7.00	7.00
656	0.00	56.00	0.45	4.30	0.27	615281.08	0.00	0.00	16.06	0.00	15.65	21.07	0.02	0.00	7.00	7.00
657	0.00	57.00	0.45	4.30	0.27	615281.08	0.00	0.00	16.06	0.00	15.37	20.98	0.02	0.00	7.00	7.00
658	0.00	58.00	0.45	4.30	0.27	615281.08	0.00	0.00	16.06	0.00	15.62	21.12	0.02	0.00	7.00	7.00
659	0.00	59.00	0.45	4.30	0.27	615281.08	0.00	0.00	16.06	0.00	17.14	22.05	0.02	0.00	7.00	7.00
660	0.00	60.00	0.45	4.30	0.27	615281.08	0.00	0.00	16.06	0.00	18.61	22.14	0.02	0.00	7.00	7.00
661	0.00	61.00	0.45	4.30	0.27	615281.08	0.00	0.00	16.06	0.00	18.30	22.05	0.02	0.00	7.00	7.00
662	0.00	62.00	0.45	4.30	0.27	615281.08	0.00	0.00	16.06	0.00	18.01	22.74	0.02	0.00	7.00	6.98
663	0.00	63.00	0.45	4.30	0.27	615281.08	0.00	0.00	16.06	0.00	17.72	22.64	0.02	0.00	7.00	6.98
664	0.00	64.00	0.45	4.30	0.27	615281.08	0.00	0.00	16.06	0.00	17.45	22.56	0.02	0.00	7.00	6.98
665	0.00	65.00	0.45	4.30	0.27	615281.08	0.00	0.00	16.06	0.00	17.18	22.47	0.02	0.00	7.00	6.98
666	0.00	66.00	0.45	4.30	0.27	615281.08	0.00	0.00	16.06	0.00	16.92	22.55	0.02	0.00	7.00	6.98
667	0.00	67.00	0.45	4.30	0.27	615281.08	0.00	0.00	16.06	0.00	18.24	23.35	0.01	0.00	7.00	6.99
668	0.00	68.00	0.45	4.30	0.27	615281.08	0.00	0.00	16.06	0.00	17.97	23.25	0.01	0.00	7.00	6.99
669	0.00	69.00	0.45	4.30	0.27	615281.08	0.00	0.00	16.06	0.00	17.71	23.33	0.01	0.00	7.00	6.99
670	0.00	70.00	0.45	4.30	0.27	615281.08	0.00	0.00	16.06	0.00	17.57	23.22	0.01	0.00	7.00	6.99
671	0.00	71.00	0.45	4.30	0.27	615281.08	0.00	0.00	16.06	0.00	17.32	23.28	0.01	0.00	7.00	6.99
672	0.00	72.00	0.45	4.30	0.27	615281.08	0.00	0.00	16.06	0.00	17.08	23.18	0.01	0.00	7.00	6.99
673	0.00	73.00	0.45	4.30	0.27	615281.08	0.00	0.00	16.06	0.00	16.85	23.26	0.01	0.00	7.00	6.99
674	0.00	74.00	0.45	4.30	0.27	615281.08	0.00	0.00	16.06	0.00	16.62	23.16	0.01	0.00	7.00	6.99
675	0.00	25.00	0.45	4.30	0.27	615281.08	0.00	0.00	16.06	0.00	13.22	24.20	0.00	0.00	7.00	7.00
676	0.00	26.00	0.45	4.30	0.27	615281.08	0.00	0.00	16.06	0.00	12.71	26.21	0.00	0.00	7.00	7.00
677	0.00	27.00	0.45	4.30	0.27	615281.08	0.00	0.00	16.06	0.00	16.14	26.26	0.00	0.00	7.00	7.00
678	0.00	28.00	0.45	4.30	0.27	615281.08	0.00	0.00	16.06	0.00	21.23	27.17	0.00	0.00	7.00	7.00
679	0.00	29.00	0.45	4.30	0.27	615281.08	0.00	0.00	16.06	0.00	20.50	27.22	0.00	0.00	7.00	7.00
680	0.00	30.00	0.45	4.30	0.27	615281.08	0.00	0.00	16.06	0.00	19.81	26.87	0.00	0.00	7.00	7.00
681	0.00	31.00	0.45	4.30	0.27	615281.08	0.00	0.00	16.06	0.00	19.17	26.54	0.00	0.00	7.00	7.00
682	0.00	32.00	0.45	4.30	0.27	615281.08	0.00	0.00	16.06	0.00	18.57	26.21	0.00	0.00	7.00	7.00
683	0.00	33.00	0.45	4.30	0.27	615281.08	0.00	0.00	16.06	0.00	18.01	25.90	0.00	0.00	7.00	7.00
684	0.00	34.00	0.45	4.30	0.27	615281.08	0.00	0.00	16.06	0.00	25.44	26.69	0.00	0.00	7.00	7.00
685	0.00	35.00	0.45	4.30	0.27	615281.08	0.00	0.00	16.06	0.00	24.71	26.39	0.00	0.00	7.00	7.00
686	0.00	36.00	0.45	4.30	0.27	615281.08	0.00	0.00	16.06	0.00	24.25	26.09	0.00	0.00	7.00	7.00
687	0.00	37.00	0.45	4.30	0.27	615281.08	0.00	0.00	16.06	0.00	23.82	25.81	0.00	0.00	7.00	7.00
688	0.00	38.00	0.45	4.30	0.27	615281.08	0.00	0.00	16.06	0.00	23.19	25.89	0.00	0.00	7.00	7.00
689	0.00	39.00	0.45	4.30	0.27	615281.08	0.00	0.00	16.06	0.00	22.60	25.65	0.00	0.00	7.00	7.00
690	0.00	40.00	0.45	4.30	0.27	615281.08	0.00	0.00	16.06	0.00	22.03	25.41	0.00	0.00	7.00	7.00
691	0.00	41.00	0.45	4.30	0.27	615281.08	0.00	0.00	16.06	0.00	21.49	25.47	0.00	0.00	7.00	7.00
692	0.00	42.00	0.45	4.30	0.27	615281.08	0.00	0.00	16.06	0.00	20.98	25.52	0.00	0.00	7.00	7.00
693	0.00	43.00	0.45	4.30	0.27	615281.08	0.00	0.00	16.06	0.00	23.97	25.42	0.00	0.00	7.00	7.00
694	0.00	44.00	0.45	4.30	0.27	615281.08	0.00	0.00	16.06	0.00	23.61	25.20	0.00	0.00	7.00	7.00
695	0.00	45.00	0.45	4.30	0.27	615281.08	0.00	0.00	16.06	0.00	23.08	25.02	0.00	0.00	7.00	7.00
696	0.00	46.00	0.45	4.30	0.27	615281.08	0.00	0.00	16.06	0.00	22.58	24.83	0.00	0.00	7.00	7.00
697	0.00	47.00	0.45	4.30	0.27	615281.08	0.00	0.00	16.06	0.00	25.24	25.40	0.00	0.00	7.00	7.00
698	0.00	48.00	0.45	4.30	0.27	615281.08	0.00	0.00	16.06	0.00	24.72	25.22	0.00	0.00	7.00	7.00
699	0.00	49.00	0.45	4.30	0.27	615281.08	0.00	0.00	16.06	0.00	30.24	25.27	0.00	0.00	7.00	7.00
700	0.00	50.00	0.45	4.30	0.27	615281.08	0.00	0.00	16.06	0.00	29.64	25.09	0.00	0.00	7.00	7.00
701	0.00	51.00	0.45	4.30	0.27	615281.08	0.00	0.00	16.06	0.00	29.05	25.14	0.00	0.00	7.00	7.00
702	0.00	52.00	0.45	4.30	0.27	615281.08	0.00	0.00	16.06	0.00	28.50	24.97	0.00	0.00	7.00	7.00
703	0.00	53.00	0.45	4.30	0.27	615281.08	0.00	0.00	16.06	0.00	29.94	26.17	0.00	0.00	7.00	7.00
704	0.00	54.00	0.45	4.30	0.27	615281.08	0.00	0.00	16.06	0.00	29.39	25.98	0.00	0.00	7.00	7.00
705	0.00	55.00	0.45	4.30	0.27	615281.08	0.00	0.00	16.06	0.00	34.22	26.01	0.00	0.00	7.00	7.00
706	0.00	56.00	0.45	4.30	0.27	615281.08	0.00	0.00	16.06	0.00	33.61	25.89	0.00	0.00	7.00	7.00
707	0.00	57.00	0.45	4.30	0.27	615281.08	0.00	0.00	16.06	0.00	38.20	25.92	0.00	0.00	7.00	7.00
708	0.00	58.00	0.45	4.30	0.27	615281.08	0.00	0.00	16.06	0.00	37.69	25.75	0.00	0.00	7.00	7.00
709	0.00	59.00	0.45	4.30	0.27	615281.08	0.00	0.00	16.06	0.00	37.05	25.60	0.00	0.00	7.00	7.00
710	0.00	60.00	0.45	4.30	0.27	615281.08	0.00	0.00	16.06	0.00	36.43	25.63	0.00	0.00	7.00	7.00
711	0.00	61.00	0.45	4.30	0.27	615281.08	0.00	0.00	16.06	0.00	35.83	25.48	0.00	0.00	7.00	7.00
712	0.00	62.00	0.45	4.30	0.27	615281.08	0.00	0.00	16.06	0.00	35.25	25.33	0.00	0.00	7.00	7.00
713	0.00	63.00	0.38	5.16	0.23	615294.89	0.00	0.00	16.06	0.00	34.69	25.19	0.00	0.00	7.00	7.00
714	0.00	64.00	0.38	5.16	0.23	615294.89	0.00	0.00	16.06	0.00	34.15	25.25	0.00	0.00	7.00	7.00
715	0.00	65.00	0.38	5.16	0.23	615294.89	0.00	0.00	16.06	0.00	33.63	25.12	0.00	0.00	7.00	7.00
716	0.00	66.00	0.38	5.16	0.23	615294.89	0.00	0.00	16.06	0.00	33.12	24.98	0.00	0.00	7.00	7.00
717	0.00	67.00	0.38	5.16	0.23	615294.89	0.00	0.00	16.06	0.00	32.62	24.85	0.00	0.00	7.00	7.00
718	0.00	68.00	0.38	5.16	0.23	615294.89	0.00	0.00	16.06	0.00	32.14	24.73	0.00	0.00	7.00	7.00
719	0.00	69.00	0.38	5.16	0.23	615294.89	0.00	0.00	16.06	0.00	31.68	24.77	0.00	0.00	7.00	7.00
720	0.00	70.00	0.38	5.16	0.23	615294.89	0.00	0.00	16.06	0.00	31.23	24.65	0.00	0.00	7.00	7.00
721	0.00	71.00	0.38	5.16	0.23	615294.89	0.00	0.00	16.06	0.00	30.79	24.70	0.00	0.00	7.00	7.00
722	0.00	72.00	0.38	5.16	0.23	615294.89	0.00	0.00	16.06	0.00	30.36	24.60	0.00	0.00	7.00	7.00
723	0.00	73.00	0.38	5.16	0.23	615294.89	0.00	0.00	16.06	0.00	29.94	24.49	0.00	0.00	7.00	7.00
724	0.00	74.00	0.38	5.16	0.23	615294.89	0.00	0.00	16.06	0.00	32.65	24.53	0.01	0.00	7.00	7.00
725	0.00	25.00	0.38	5.16	0.23	615294.89	0.00	0.00	16.06	0.00	28.95	23.85	0.00	0.00	7.00	7.00
726	0.00	26.00	0.38	5.16	0.23	615294.89	0.00	0.00	16.06	0.00	27.84	23.55	0.00	0.00	7.00	7.00
727	0.00	27.00	0.38	5.16	0.23	615294.89	0.00	0.00	16.06	0.00	26.81	23.80	0.00	0.00	7.00	7.00
728	0.00	28.00	0.38	5.16	0.23	615294.89	0.00	0.00	16.06	0.00	26.18	23.54	0.00	0.00	7.00	7.00
729	0.00	29.00	0.38	5.16	0.23	615294.89	0.00	0.00	16.06	0.00	25.28	23.39	0.00	0.00	7.00	7.00
730	0.00	30.00	0.38	5.16	0.23	615294.89	0.00	0.00	16.06	0.00	28.94	23.58	0.00	0.00	7.00	7.00
731	0.00	31.00	0.38	5.16	0.23	615294.89	0.00	0.00	16.06	0.00	28.01	23.71	0.00	0.00	7.00	7.00
732	0.00	32.00	0.38	5.16	0.23	615294.89	0.00	0.00	16.06	0.00	27.13	23.54	0.00	0.00	7.00	7.00
733	0.00	33.00	0.38	5.16	0.23	615294.89	0.00	0.00	16.06	0.00	31.11	23.49	0.00	0.00	7.00	7.00
734	0.00	34.00	0.38	5.16	0.23	615294.89	0.00	0.00	16.06	0.00	30.20	23.27	0.00	0.00	7.00	7.00
735	0.00	35.00	0.38	5.16	0.23	615294.89	0.00	0.00	16.06	0.00	29.57	23.06	0.00	0.00	7.00	7.00
736	0.00	36.00	0.38	5.16	0.23	615294.89	0.00	0.00	16.06	0.00	28.97	22.91	0.00	0.00	7.00	7.00
737	0.00	37.00	0.38	5.16	0.23	615294.89	0.00	0.00	16.06	0.00	28.44	22.74	0.00	0.00	7.00	7.00
738	0.00	38.00	0.38	5.16	0.23	615294.89	0.00	0.00	16.06	0.00	27.69	22.55	0.00	0.00	7.00	7.00
739	0.00	39.00	0.38	5.16	0.23	615294.89	0.00	0.00	16.06	0.00	26.98	22.73	0.00	0.00	7.00	7.00
740	0.00	40.00	0.38	5.16	0.23	615294.89	0.00	0.00	16.06	0.00	26.31	23.15	0.00	0.00	7.00	7.00
741	0.00	41.00	0.38	5.16	0.23	615294.89	0.00	0.00	16.06	0.00	25.86	22.97	0.00	0.00	7.00	7.00
742	0.00	42.00	0.38	5.16	0.23	615294.89	0.00	0.00	16.06	0.00	25.44	22.80	0.00	0.00	7.00	7.00
743	0.00	43.00	0.38	5.16	0.23	615294.89	0.00	0.00	16.06	0.00	24.85	22.65	0.00	0.00	7.00	7.00
744	0.00	44.00	0.38	5.16	0.23	615294.89	0.00	0.00	16.06	0.00	24.29	22.50	0.00	0.00	7.00	7.00
745	0.00	45.00	0.38	5.16	0.23	615294.89	0.00	0.00	16.06	0.00	23.75	22.36	0.00	0.00	7.00	7.00
746	0.00	46.00	0.38	5.16	0.23	615294.89	0.00	0.00	16.06	0.00	23.41	22.22	0.00	0.00	7.00	7.00
747	0.00	47.00	0.38	5.16	0.23	615294.89	0.00	0.00	16.06	0.00	22.91	22.08	0.00	0.00	7.00	7.00
748	0.00	48.00	0.38	5.16	0.23	615294.89	0.00	0.00	16.06	0.00	22.60	21.95	0.00	0.00	7.00	7.00
749	0.00	49.00	0.38	5.16	0.23	615294.89	0.00	0.00	16.06	0.00	22.14	21.83	0.00	0.00	7.00	7.00
750	0.00	50.00	0.38	5.16	0.23	615294.89	0.00	0.00	16.06	0.00	21.70	21.72	0.00	0.00	7.00	7.00
751	0.00	51.00	0.38	5.16	0.23	615294.89	0.00	0.00	16.06	0.00	21.27	21.61	0.00	0.00	7.00	7.00
752	0.00	52.00	0.38	5.16	0.23	615294.89	0.00	0.00	16.06	0.00	20.86	21.51	0.00	0.00	7.00	7.00
753	0.00	53.00	0.38	5.16	0.23	615294.89	0.00	0.00	16.06	0.00	20.47	21.40	0.00	0.00	7.00	7.00
754	0.00	54.00	0.38	5.16	0.23	615294.89	0.00	0.00	16.06	0.00	20.09	21.30	0.00	0.00	7.00	7.00
755	0.00	55.00	0.38	5.16	0.23	615294.89	0.00	0.00	16.06	0.00	19.73	21.42	0.00	0.00	7.00	7.00
756	0.00	56.00	0.38	5.16	0.23	615294.89	0.00	0.00	16.06	0.00	19.37	21.32	0.00	0.00	7.00	7.00
757	0.00	57.00	0.38	5.16	0.23	615294.89	0.00	0.00	16.06	0.00	19.18	21.23	0.00	0.00	7.00	7.00
758	0.00	58.00	0.38	5.16	0.23	615294.89	0.00	0.00	16.06	0.00	19.00	21.15	0.00	0.00	7.00	7.00
759	0.00	59.00	0.38	5.16	0.23	615294.89	0.00	0.00	16.06	0.00	19.15	22.49	0.00	0.00	7.00	7.00
760	0.00	60.00	0.38	5.16	0.23	615294.89	0.00	0.00	16.06	0.00	23.75	22.42	0.00	0.00	7.00	7.00
761	0.00	61.00	0.38	5.16	0.23	615294.89	0.00	0.00	16.06	0.00	23.36	22.32	0.00	0.00	7.00	7.00
762	0.00	62.00	0.38	5.16	0.23	615294.89	0.00	0.00	16.06	0.00	22.99	22.21	0.00	0.00	7.00	7.00
763	0.00	63.00	0.38	5.16	0.23	615294.89	0.00	0.00	16.06	0.00	22.62	22.13	0.00	0.00	7.00	7.00
764	0.00	64.00	0.38	5.16	0.23	615294.89	0.00	0.00	16.06	0.00	22.27	22.04	0.00	0.00	7.00	7.00
765	0.00	65.00	0.38	5.16	0.23	615294.89	0.00	0.00	16.06	0.00	21.93	21.95	0.00	0.00	7.00	7.00
766	0.00	66.00	0.38	5.16	0.23	615294.89	0.00	0.00	16.06	0.00	21.59	21.86	0.00	0.00	7.00	7.00
767	0.00	67.00	0.38	5.16	0.23	615294.89	0.00	0.00	16.06	0.00	21.41	21.78	0.00	0.00	7.00	7.00
768	0.00	68.00	0.38	5.16	0.23	615294.89	0.00	0.00	16.06	0.00	21.10	21.71	0.00	0.00	7.00	7.00
769	0.00	69.00	0.38	5.16	0.23	615294.89	0.00	0.00	16.06	0.00	20.91	21.62	0.00	0.00	7.00	7.00
770	0.00	70.00	0.38	5.16	0.23	615294.89	0.00	0.00	16.06	0.00	20.73	21.54	0.00	0.00	7.00	7.00
771	0.00	71.00	0.38	5.16	0.23	615294.89	0.00	0.00	16.06	0.00	20.55	21.46	0.00	0.00	7.00	7.00
772	0.00	72.00	0.38	5.16	0.23	615294.89	0.00	0.00	16.06	0.00	22.34	21.41	0.00	0.00	7.00	7.00
773	0.00	73.00	0.38	5.16	0.23	615294.89	0.00	0.00	16.06	0.00	22.03	21.34	0.00	0.00	7.00	7.00
774	0.00	74.00	0.38	5.16	0.23	615294.89	0.00	0.00	16.06	0.00	21.73	21.27	0.00	0.00	7.00	7.00
775	0.00	25.00	0.38	5.16	0.23	615294.89	0.00	0.00	16.06	0.00	23.87	22.52	0.00	0.00	7.00	7.00
776	0.00	26.00	0.38	5.16	0.23	615294.89	0.00	0.00	16.06	0.00	22.96	22.27	0.00	0.00	7.00	7.00
777	0.00	27.00	0.38	5.16	0.23	615294.89	0.00	0.00	16.06	0.00	22.11	22.50	0.00	0.00	7.00	7.00
778	0.00	28.00	0.38	5.16	0.23	615294.89	0.00	0.00	16.06	0.00	21.32	22.27	0.00	0.00	7.00	7.00
779	0.00	29.00	0.38	5.16	0.23	615294.89	0.00	0.00	16.06	0.00	20.58	22.09	0.00	0.00	7.00	7.00
780	0.00	30.00	0.38	5.16	0.23	615294.89	0.00	0.00	16.06	0.00	20.17	21.89	0.00	0.00	7.00	7.00
781	0.00	31.00	0.38	5.16	0.23	615294.89	0.00	0.00	16.06	0.00	24.33	21.75	0.00	0.00	7.00	7.00
782	0.00	32.00	0.38	5.16	0.23	615294.89	0.00	0.00	16.06	0.00	23.86	21.67	0.00	0.00	7.00	7.00
783	0.00	33.00	0.38	5.16	0.23	615294.89	0.00	0.00	16.06	0.00	23.38	21.49	0.00	0.00	7.00	7.00
784	0.00	34.00	0.38	5.16	0.23	615294.89	0.00	0.00	16.06	0.00	22.70	21.35	0.00	0.00	7.00	7.00
785	0.00	35.00	0.38	5.16	0.23	615294.89	0.00	0.00	16.06	0.00	22.05	21.20	0.00	0.00	7.00	7.00
786	0.00	36.00	0.38	5.16	0.23	615294.89	0.00	0.00	16.06	0.00	21.44	21.05	0.00	0.00	7.00	7.00
787	0.00	37.00	0.38	5.16	0.23	615294.89	0.00	0.00	16.06	0.00	21.08	20.91	0.00	0.00	7.00	7.00
788	0.00	38.00	0.38	5.16	0.23	615294.89	0.00	0.00	16.06	0.00	20.52	20.78	0.00	0.00	7.00	7.00
789	0.00	39.00	0.38	5.16	0.23	615294.89	0.00	0.00	16.06	0.00	20.26	21.60	0.00	0.00	7.00	7.00
790	0.00	40.00	0.38	5.16	0.23	615294.89	0.00	0.00	16.06	0.00	19.76	21.46	0.00	0.00	7.00	7.00
791	0.00	41.00	0.38	5.16	0.23	615294.89	0.00	0.00	16.06	0.00	19.27	21.32	0.00	0.00	7.00	7.00
792	0.00	42.00	0.38	5.16	0.23	615294.89	0.00	0.00	16.06	0.00	18.82	21.20	0.00	0.00	7.00	7.00
793	0.00	43.00	0.38	5.16	0.23	615294.89	0.00	0.00	16.06	0.00	18.57	21.07	0.00	0.00	7.00	7.00
794	0.00	44.00	0.38	5.16	0.23	615294.89	0.00	0.00	16.06	0.00	20.54	21.22	0.00	0.00	7.00	7.00
795	0.00	45.00	0.38	5.16	0.23	615294.89	0.00	0.00	16.06	0.00	20.08	21.10	0.00	0.00	7.00	7.00
796	0.00	46.00	0.38	5.16	0.23	615294.89	0.00	0.00	16.06	0.00	19.65	21.05	0.00	0.00	7.00	7.00
797	0.00	47.00	0.38	5.16	0.23	615294.89	0.00	0.00	16.06	0.00	19.23	20.96	0.00	0.00	7.00	7.00
798	0.00	48.00	0.38	5.16	0.23	615294.89	0.00	0.00	16.06	0.00	19.00	20.85	0.00	0.00	7.00	7.00
799	0.00	49.00	0.38	5.16	0.23	615294.89	0.00	0.00	16.06	0.00	18.80	20.77	0.00	0.00	7.00	7.00
800	0.00	50.00	0.38	5.16	0.23	615294.89	0.00	0.00	16.06	0.00	18.42	20.90	0.00	0.00	7.00	7.00
801	0.00	51.00	0.38	5.16	0.23	615294.89	0.00	0.00	16.06	0.00	18.06	20.80	0.00	0.00	7.00	7.00
802	0.00	52.00	0.38	5.16	0.23	615294.89	0.00	0.00	16.06	0.00	17.71	20.71	0.00	0.00	7.00	7.00
803	0.00	53.00	0.38	5.16	0.23	615294.89	0.00	0.00	16.06	0.00	17.38	20.63	0.00	0.00	7.00	7.00
804	0.00	54.00	0.38	5.16	0.23	615294.89	0.00	0.00	16.06	0.00	17.06	20.59	0.00	0.00	7.00	7.00
805	0.00	55.00	0.38	5.16	0.23	615294.89	0.00	0.00	16.06	0.00	16.91	20.52	0.00	0.00	7.00	7.00
806	0.00	56.00	0.38	5.16	0.23	615294.89	0.00	0.00	16.06	0.00	16.61	20.44	0.00	0.00	7.00	7.00
807	0.00	57.00	0.38	5.16	0.23	615294.89	0.00	0.00	16.06	0.00	16.32	20.36	0.00	0.00	7.00	7.00
808	0.00	58.00	0.38	5.16	0.23	615294.89	0.00	0.00	16.06	0.00	16.04	20.29	0.00	0.00	7.00	7.00
809	0.00	59.00	0.38	5.16	0.23	615294.89	0.00	0.00	16.06	0.00	17.55	20.28	0.00	0.00	7.00	7.00
810	0.00	60.00	0.38	5.16	0.23	615294.89	0.00	0.00	16.06	0.00	17.26	20.41	0.00	0.00	7.00	7.00
811	0.00	61.00	0.38	5.16	0.23	615294.89	0.00	0.00	16.06	0.00	17.13	20.38	0.00	0.00	7.00	7.00
812	0.00	62.00	0.38	5.16	0.23	615294.89	0.00	0.00	16.06	0.00	108.65	57.49	0.00	0.00	7.00	6.98
813	0.00	63.00	0.33	6.19	0.20	615311.47	0.00	0.00	16.06	0.00	107.07	57.65	0.00	0.00	7.00	6.98
814	0.00	64.00	0.33	6.19	0.20	615311.47	0.00	0.00	16.06	0.00	105.40	57.00	0.00	0.00	7.00	6.98
815	0.00	65.00	0.33	6.19	0.20	615311.47	0.00	0.00	16.06	0.00	103.90	56.36	0.00	0.00	7.00	6.98
816	0.00	66.00	0.33	6.19	0.20	615311.47	0.00	0.00	16.06	0.00	103.92	56.65	0.00	0.00	7.00	6.98
817	0.00	67.00	0.33	6.19	0.20	615311.47	0.00	0.00	16.06	0.00	102.37	56.58	0.00	0.00	7.00	6.99
818	0.00	68.00	0.33	6.19	0.20	615311.47	0.00	0.00	16.06	0.00	103.58	56.15	0.00	0.00	7.00	6.99
819	0.00	69.00	0.33	6.19	0.20	615311.47	0.00	0.00	16.06	0.00	103.60	55.90	0.00	0.00	7.00	6.99
820	0.00	70.00	0.33	6.19	0.20	615311.47	0.00	0.00	16.06	0.00	102.12	56.18	0.00	0.00	7.00	6.99
821	0.00	71.00	0.33	6.19	0.20	615311.47	0.00	0.00	16.06	0.00	102.31	56.47	0.00	0.00	7.00	6.99
822	0.00	72.00	0.33	6.19	0.20	615311.47	0.00	0.00	16.06	0.00	100.89	55.91	0.00	0.00	7.00	6.99
823	0.00	73.00	0.33	6.19	0.20	615311.47	0.00	0.00	16.06	0.00	99.64	55.40	0.00	0.00	7.00	6.99
824	0.00	74.00	0.33	6.19	0.20	615311.47	0.00	0.00	16.06	0.00	99.71	56.00	0.00	0.00	7.00	6.99
825	0.00	25.00	0.33	6.19	0.20	615311.47	0.00	0.00	16.06	0.00	21.89	23.20	0.00	0.00	7.00	7.00
826	0.00	26.00	0.33	6.19	0.20	615311.47	0.00	0.00	16.06	0.00	31.61	23.37	0.04	0.00	7.00	7.00
827	0.00	27.00	0.33	6.19	0.20	615311.47	0.00	0.00	16.06	0.00	30.44	23.12	0.04	0.00	7.00	7.00
828	0.00	28.00	0.33	6.19	0.20	615311.47	0.00	0.00	16.06	0.00	29.35	22.88	0.04	0.00	7.00	7.00
829	0.00	29.00	0.33	6.19	0.20	615311.47	0.00	0.00	16.06	0.00	28.62	22.63	0.03	0.00	7.00	7.00
830	0.00	30.00	0.33	6.19	0.20	615311.47	0.00	0.00	16.06	0.00	31.18	22.40	0.03	0.00	7.00	7.00
831	0.00	31.00	0.33	6.19	0.20	615311.47	0.00	0.00	16.06	0.00	33.90	23.35	0.03	0.00	7.00	7.00
832	0.00	32.00	0.33	6.19	0.20	615311.47	0.00	0.00	16.06	0.00	36.63	24.98	0.03	0.00	7.00	7.00
833	0.00	33.00	0.33	6.19	0.20	615311.47	0.00	0.00	16.06	0.00	38.71	25.06	0.03	0.00	7.00	7.00
834	0.00	34.00	0.33	6.19	0.20	615311.47	0.00	0.00	16.06	0.00	40.67	24.79	0.03	0.00	7.00	7.00
835	0.00	35.00	0.33	6.19	0.20	615311.47	0.00	0.00	16.06	0.00	39.51	24.55	0.03	0.00	7.00	7.00
836	0.00	36.00	0.33	6.19	0.20	615311.47	0.00	0.00	16.06	0.00	38.64	24.30	0.03	0.00	7.00	7.00
837	0.00	37.00	0.33	6.19	0.20	615311.47	0.00	0.00	16.06	0.00	37.59	24.43	0.03	0.00	7.00	7.00
838	0.00	38.00	0.33	6.19	0.20	615311.47	0.00	0.00	16.06	0.00	36.82	24.20	0.03	0.00	7.00	7.00
839	0.00	39.00	0.33	6.19	0.20	615311.47	0.00	0.00	16.06	0.00	36.08	23.99	0.03	0.00	7.00	7.00
840	0.00	40.00	0.33	6.19	0.20	615311.47	0.00	0.00	16.06	0.00	35.18	24.09	0.03	0.00	7.00	7.00
841	0.00	41.00	0.33	6.19	0.20	615311.47	0.00	0.00	16.06	0.00	34.52	23.88	0.02	0.00	7.00	7.00
842	0.00	42.00	0.33	6.19	0.20	615311.47	0.00	0.00	16.06	0.00	33.90	23.69	0.02	0.00	7.00	7.00
843	0.00	43.00	0.33	6.19	0.20	615311.47	0.00	0.00	16.06	0.00	33.30	23.51	0.02	0.00	7.00	7.00
844	0.00	44.00	0.33	6.19	0.20	615311.47	0.00	0.00	16.06	0.00	32.54	23.34	0.02	0.00	7.00	7.00
845	0.00	45.00	0.33	6.19	0.20	615311.47	0.00	0.00	16.06	0.00	34.16	24.50	0.02	0.00	7.00	7.00
846	0.00	46.00	0.33	6.19	0.20	615311.47	0.00	0.00	16.06	0.00	36.88	25.63	0.02	0.00	7.00	7.00
847	0.00	47.00	0.33	6.19	0.20	615311.47	0.00	0.00	16.06	0.00	36.29	25.49	0.02	0.00	7.00	7.00
848	0.00	48.00	0.33	6.19	0.20	615311.47	0.00	0.00	16.06	0.00	38.64	25.54	0.02	0.00	7.00	7.00
849	0.00	49.00	0.33	6.19	0.20	615311.47	0.00	0.00	16.06	0.00	38.02	25.34	0.02	0.00	7.00	7.00
850	0.00	50.00	0.33	6.19	0.20	615311.47	0.00	0.00	16.06	0.00	37.26	25.17	0.02	0.00	7.00	7.00
851	0.00	51.00	0.33	6.19	0.20	615311.47	0.00	0.00	16.06	0.00	36.69	24.98	0.02	0.00	7.00	7.00
852	0.00	52.00	0.33	6.19	0.20	615311.47	0.00	0.00	16.06	0.00	39.05	25.96	0.02	0.00	7.00	7.00
853	0.00	53.00	0.33	6.19	0.20	615311.47	0.00	0.00	16.06	0.00	38.31	25.77	0.02	0.00	7.00	7.00
854	0.00	54.00	0.33	6.19	0.20	615311.47	0.00	0.00	16.06	0.00	37.75	25.59	0.02	0.00	7.00	7.00
855	0.00	55.00	0.33	6.19	0.20	615311.47	0.00	0.00	16.06	0.00	37.07	25.42	0.02	0.00	7.00	7.00
856	0.00	56.00	0.33	6.19	0.20	615311.47	0.00	0.00	16.06	0.00	36.40	25.25	0.02	0.00	7.00	7.00
857	0.00	57.00	0.33	6.19	0.20	615311.47	0.00	0.00	16.06	0.00	35.76	25.10	0.02	0.00	7.00	7.00
858	0.00	58.00	0.33	6.19	0.20	615311.47	0.00	0.00	16.06	0.00	35.29	24.94	0.02	0.00	7.00	7.00
859	0.00	59.00	0.33	6.19	0.20	615311.47	0.00	0.00	16.06	0.00	36.48	24.82	0.02	0.00	7.00	7.00
860	0.00	60.00	0.33	6.19	0.20	615311.47	0.00	0.00	16.06	0.00	36.00	24.67	0.02	0.00	7.00	7.00
861	0.00	61.00	0.33	6.19	0.20	615311.47	0.00	0.00	16.06	0.00	37.14	24.55	0.02	0.00	7.00	7.00
862	0.00	62.00	0.33	6.19	0.20	615311.47	0.00	0.00	16.06	0.00	36.54	24.42	0.02	0.00	7.00	7.00
863	0.00	63.00	0.33	6.19	0.20	615311.47	0.00	0.00	16.06	0.00	36.09	24.28	0.02	0.00	7.00	7.00
864	0.00	64.00	0.33	6.19	0.20	615311.47	0.00	0.00	16.06	0.00	35.53	24.16	0.02	0.00	7.00	7.00
865	0.00	65.00	0.33	6.19	0.20	615311.47	0.00	0.00	16.06	0.00	35.10	24.03	0.02	0.00	7.00	7.00
866	0.00	66.00	0.33	6.19	0.20	615311.47	0.00	0.00	16.06	0.00	34.71	23.92	0.02	0.00	7.00	7.00
867	0.00	67.00	0.33	6.19	0.20	615311.47	0.00	0.00	16.06	0.00	34.32	23.79	0.01	0.00	7.00	7.00
868	0.00	68.00	0.33	6.19	0.20	615311.47	0.00	0.00	16.06	0.00	33.81	23.68	0.01	0.00	7.00	7.00
869	0.00	69.00	0.33	6.19	0.20	615311.47	0.00	0.00	16.06	0.00	33.44	23.57	0.01	0.00	7.00	7.00
870	0.00	70.00	0.33	6.19	0.20	615311.47	0.00	0.00	16.06	0.00	32.96	23.46	0.01	0.00	7.00	7.00
871	0.00	71.00	0.33	6.19	0.20	615311.47	0.00	0.00	16.06	0.00	32.61	23.35	0.01	0.00	7.00	7.00
872	0.00	72.00	0.33	6.19	0.20	615311.47	0.00	0.00	16.06	0.00	32.27	23.25	0.01	0.00	7.00	7.00
873	0.00	73.00	0.33	6.19	0.20	615311.47	0.00	0.00	16.06	0.00	31.83	23.15	0.01	0.00	7.00	7.00
874	0.00	74.00	0.33	6.19	0.20	615311.47	0.00	0.00	16.06	0.00	31.51	23.05	0.01	0.00	7.00	7.00
875	0.00	25.00	0.33	6.19	0.20	615311.47	0.00	0.00	16.06	0.00	29.94	20.35	0.00	0.00	7.00	7.00
876	0.00	26.00	0.33	6.19	0.20	615311.47	0.00	0.00	16.06	0.00	28.79	20.19	0.00	0.00	7.00	7.00
877	0.00	27.00	0.33	6.19	0.20	615311.47	0.00	0.00	16.06	0.00	27.72	20.04	0.00	0.00	7.00	7.00
878	0.00	28.00	0.33	6.19	0.20	615311.47	0.00	0.00	16.06	0.00	30.49	20.03	0.00	0.00	7.00	7.00
879	0.00	29.00	0.33	6.19	0.20	615311.47	0.00	0.00	16.06	0.00	33.07	19.95	0.00	0.00	7.00	7.00
880	0.00	30.00	0.33	6.19	0.20	615311.47	0.00	0.00	16.06	0.00	35.48	19.81	0.00	0.00	7.00	7.00
881	0.00	31.00	0.33	6.19	0.20	615311.47	0.00	0.00	16.06	0.00	34.33	19.71	0.00	0.00	7.00	7.00
882	0.00	32.00	0.33	6.19	0.20	615311.47	0.00	0.00	16.06	0.00	33.26	19.96	0.00	0.00	7.00	7.00
883	0.00	33.00	0.33	6.19	0.20	615311.47	0.00	0.00	16.06	0.00	32.50	19.84	0.00	0.00	7.00	7.00
884	0.00	34.00	0.33	6.19	0.20	615311.47	0.00	0.00	16.06	0.00	31.54	19.73	0.00	0.00	7.00	7.00
885	0.00	35.00	0.33	6.19	0.20	615311.47	0.00	0.00	16.06	0.00	30.64	19.95	0.00	0.00	7.00	7.00
886	0.00	36.00	0.33	6.19	0.20	615311.47	0.00	0.00	16.06	0.00	32.72	20.47	0.00	0.00	7.00	7.00
887	0.00	37.00	0.33	6.19	0.20	615311.47	0.00	0.00	16.06	0.00	31.83	20.35	0.00	0.00	7.00	7.00
888	0.00	38.00	0.33	6.19	0.20	615311.47	0.00	0.00	16.06	0.00	30.99	20.27	0.00	0.00	7.00	7.00
889	0.00	39.00	0.33	6.19	0.20	615311.47	0.00	0.00	16.06	0.00	32.90	20.46	0.00	0.00	7.00	7.00
890	0.00	40.00	0.33	6.19	0.20	615311.47	0.00	0.00	16.06	0.00	34.71	20.34	0.00	0.00	7.00	7.00
891	0.00	41.00	0.33	6.19	0.20	615311.47	0.00	0.00	16.06	0.00	36.43	20.24	0.00	0.00	7.00	7.00
892	0.00	42.00	0.33	6.19	0.20	615311.47	0.00	0.00	16.06	0.00	42.59	21.01	0.00	0.00	7.00	7.00
893	0.00	43.00	0.33	6.19	0.20	615311.47	0.00	0.00	16.06	0.00	44.05	21.20	0.00	0.00	7.00	7.00
894	0.00	44.00	0.33	6.19	0.20	615311.47	0.00	0.00	16.06	0.00	43.05	21.34	0.00	0.00	7.00	7.00
895	0.00	45.00	0.33	6.19	0.20	615311.47	0.00	0.00	16.06	0.00	44.43	21.29	0.00	0.00	7.00	7.00
896	0.00	46.00	0.33	6.19	0.20	615311.47	0.00	0.00	16.06	0.00	43.47	21.42	0.00	0.00	7.00	7.00
897	0.00	47.00	0.33	6.19	0.20	615311.47	0.00	0.00	16.06	0.00	42.54	21.31	0.00	0.00	7.00	7.00
898	0.00	48.00	0.33	6.19	0.20	615311.47	0.00	0.00	16.06	0.00	41.66	21.20	0.00	0.00	7.00	7.00
899	0.00	49.00	0.33	6.19	0.20	615311.47	0.00	0.00	16.06	0.00	40.80	21.36	0.00	0.00	7.00	7.00
900	0.00	50.00	0.33	6.19	0.20	615311.47	0.00	0.00	16.06	0.00	39.99	21.25	0.00	0.00	7.00	7.00
901	0.00	51.00	0.33	6.19	0.20	615311.47	0.00	0.00	16.06	0.00	39.20	21.16	0.00	0.00	7.00	7.00
902	0.00	52.00	0.33	6.19	0.20	615311.47	0.00	0.00	16.06	0.00	38.61	21.06	0.00	0.00	7.00	7.00
903	0.00	53.00	0.33	6.19	0.20	615311.47	0.00	0.00	16.06	0.00	37.88	20.96	0.00	0.00	7.00	7.00
904	0.00	54.00	0.33	6.19	0.20	615311.47	0.00	0.00	16.06	0.00	40.03	21.99	0.00	0.00	7.00	7.00
905	0.00	55.00	0.33	6.19	0.20	615311.47	0.00	0.00	16.06	0.00	39.30	21.89	0.00	0.00	7.00	7.00
906	0.00	56.00	0.33	6.19	0.20	615311.47	0.00	0.00	16.06	0.00	38.60	21.80	0.00	0.00	7.00	7.00
907	0.00	57.00	0.33	6.19	0.20	615311.47	0.00	0.00	16.06	0.00	39.77	21.70	0.00	0.00	7.00	7.00
908	0.00	58.00	0.33	6.19	0.20	615311.47	0.00	0.00	16.06	0.00	39.09	21.60	0.00	0.00	7.00	7.00
909	0.00	59.00	0.33	6.19	0.20	615311.47	0.00	0.00	16.06	0.00	38.42	21.71	0.00	0.00	7.00	7.00
910	0.00	60.00	0.33	6.19	0.20	615311.47	0.00	0.00	16.06	0.00	37.78	21.66	0.00	0.00	7.00	7.00
911	0.00	61.00	0.33	6.19	0.20	615311.47	0.00	0.00	16.06	0.00	37.16	21.57	0.00	0.00	7.00	7.00
912	0.00	62.00	0.33	6.19	0.20	615311.47	0.00	0.00	16.06	0.00	36.57	21.50	0.00	0.00	7.00	7.00
913	0.00	63.00	0.28	7.43	0.17	615331.35	0.00	0.00	16.06	0.00	36.11	21.41	0.00	0.00	7.00	7.00
914	0.00	64.00	0.28	7.43	0.17	615331.35	0.00	0.00	16.06	0.00	35.55	21.33	0.00	0.00	7.00	7.00
915	0.00	65.00	0.28	7.43	0.17	615331.35	0.00	0.00	16.06	0.00	36.78	21.42	0.00	0.00	7.00	7.00
916	0.00	66.00	0.28	7.43	0.17	615331.35	0.00	0.00	16.06	0.00	36.35	21.34	0.00	0.00	7.00	7.00
917	0.00	67.00	0.28	7.43	0.17	615331.35	0.00	0.00	16.06	0.00	37.38	21.32	0.00	0.00	7.00	7.00
918	0.00	68.00	0.28	7.43	0.17	615331.35	0.00	0.00	16.06	0.00	36.83	21.41	0.00	0.00	7.00	7.00
919	0.00	69.00	0.28	7.43	0.17	615331.35	0.00	0.00	16.06	0.00	38.46	21.52	0.00	0.00	7.00	7.00
920	0.00	70.00	0.28	7.43	0.17	615331.35	0.00	0.00	16.06	0.00	37.91	21.44	0.00	0.00	7.00	7.00
921	0.00	71.00	0.28	7.43	0.17	615331.35	0.00	0.00	16.06	0.00	38.86	21.39	0.00	0.00	7.00	7.00
922	0.00	72.00	0.28	7.43	0.17	615331.35	0.00	0.00	16.06	0.00	38.32	21.34	0.00	0.00	7.00	7.00
923	0.00	73.00	0.28	7.43	0.17	615331.35	0.00	0.00	16.06	0.00	37.79	21.27	0.00	0.00	7.00	7.00
924	0.00	74.00	0.28	7.43	0.17	615331.35	0.00	0.00	16.06	0.00	37.39	21.20	0.00	0.00	7.00	7.00
925	0.00	25.00	0.28	7.43	0.17	615331.35	0.00	0.00	16.06	0.00	28.79	19.40	0.00	0.00	7.00	7.00
926	0.00	26.00	0.28	7.43	0.17	615331.35	0.00	0.00	16.06	0.00	28.00	19.26	0.00	0.00	7.00	7.00
927	0.00	27.00	0.28	7.43	0.17	615331.35	0.00	0.00	16.06	0.00	30.86	19.20	0.00	0.00	7.00	7.00
928	0.00	28.00	0.28	7.43	0.17	615331.35	0.00	0.00	16.06	0.00	30.05	19.07	0.00	0.00	7.00	7.00
929	0.00	29.00	0.28	7.43	0.17	615331.35	0.00	0.00	16.06	0.00	29.01	18.97	0.00	0.00	7.00	7.00
930	0.00	30.00	0.28	7.43	0.17	615331.35	0.00	0.00	16.06	0.00	28.05	18.87	0.00	0.00	7.00	7.00
931	0.00	31.00	0.28	7.43	0.17	615331.35	0.00	0.00	16.06	0.00	27.41	18.78	0.00	0.00	7.00	7.00
932	0.00	32.00	0.28	7.43	0.17	615331.35	0.00	0.00	16.06	0.00	26.80	18.69	0.00	0.00	7.00	7.00
933	0.00	33.00	0.28	7.43	0.17	615331.35	0.00	0.00	16.06	0.00	26.24	18.61	0.00	0.00	7.00	7.00
934	0.00	34.00	0.28	7.43	0.17	615331.35	0.00	0.00	16.06	0.00	25.47	18.54	0.00	0.00	7.00	7.00
935	0.00	35.00	0.28	7.43	0.17	615331.35	0.00	0.00	16.06	0.00	25.00	18.55	0.00	0.00	7.00	7.00
936	0.00	36.00	0.28	7.43	0.17	615331.35	0.00	0.00	16.06	0.00	24.31	18.48	0.00	0.00	7.00	7.00
937	0.00	37.00	0.28	7.43	0.17	615331.35	0.00	0.00	16.06	0.00	23.65	18.42	0.00	0.00	7.00	7.00
938	0.00	38.00	0.28	7.43	0.17	615331.35	0.00	0.00	16.06	0.00	23.03	18.66	0.00	0.00	7.00	7.00
939	0.00	39.00	0.28	7.43	0.17	615331.35	0.00	0.00	16.06	0.00	22.44	18.59	0.00	0.00	7.00	7.00
940	0.00	40.00	0.28	7.43	0.17	615331.35	0.00	0.00	16.06	0.00	21.88	18.53	0.00	0.00	7.00	7.00
941	0.00	41.00	0.28	7.43	0.17	615331.35	0.00	0.00	16.06	0.00	21.34	18.47	0.00	0.00	7.00	7.00
942	0.00	42.00	0.28	7.43	0.17	615331.35	0.00	0.00	16.06	0.00	23.34	18.50	0.00	0.00	7.00	7.00
943	0.00	43.00	0.28	7.43	0.17	615331.35	0.00	0.00	16.06	0.00	25.25	18.53	0.00	0.00	7.00	7.00
944	0.00	44.00	0.28	7.43	0.17	615329.50	0.00	0.00	15.81	0.00	24.67	18.47	0.00	0.00	7.00	7.00
945	0.00	45.00	0.28	7.43	0.17	615329.50	0.00	0.00	15.81	0.00	24.13	18.41	0.00	0.00	7.00	7.00
946	0.00	46.00	0.28	7.43	0.17	615329.50	0.00	0.00	15.81	0.00	23.78	18.36	0.00	0.00	7.00	7.00
947	0.00	47.00	0.28	7.43	0.17	615329.50	0.00	0.00	15.81	0.00	23.27	18.40	0.00	0.00	7.00	7.00
948	0.00	48.00	0.28	7.43	0.17	615329.50	0.00	0.00	15.81	0.00	22.79	18.62	0.00	0.00	7.00	7.00
949	0.00	49.00	0.28	7.43	0.17	615329.50	0.00	0.00	15.81	0.00	22.32	18.58	0.00	0.00	7.00	7.00
950	0.00	50.00	0.28	7.43	0.17	615329.50	0.00	0.00	15.81	0.00	21.88	18.53	0.00	0.00	7.00	7.00
951	0.00	51.00	0.28	7.43	0.17	615329.50	0.00	0.00	15.81	0.00	21.45	18.48	0.00	0.00	7.00	7.00
952	0.00	52.00	0.28	7.43	0.17	615329.50	0.00	0.00	15.81	0.00	21.19	18.43	0.00	0.00	7.00	7.00
953	0.00	53.00	0.28	7.43	0.17	615329.50	0.00	0.00	15.81	0.00	20.79	18.38	0.00	0.00	7.00	7.00
954	0.00	54.00	0.28	7.43	0.17	615329.50	0.00	0.00	15.81	0.00	20.41	18.58	0.00	0.00	7.00	7.00
955	0.00	55.00	0.28	7.43	0.17	615329.50	0.00	0.00	15.81	0.00	20.04	18.53	0.00	0.00	7.00	7.00
956	0.00	56.00	0.28	7.43	0.17	615329.50	0.00	0.00	15.81	0.00	19.82	18.71	0.00	0.00	7.00	7.00
957	0.00	57.00	0.28	7.43	0.17	615329.50	0.00	0.00	15.81	0.00	23.45	19.71	0.00	0.00	7.00	7.00
958	0.00	58.00	0.28	7.43	0.17	615329.50	0.00	0.00	15.81	0.00	23.05	19.68	0.00	0.00	7.00	7.00
959	0.00	59.00	0.28	7.43	0.17	615329.50	0.00	0.00	15.81	0.00	22.66	19.62	0.00	0.00	7.00	7.00
960	0.00	60.00	0.28	7.43	0.17	615329.50	0.00	0.00	15.81	0.00	26.79	19.64	0.00	0.00	7.00	7.00
961	0.00	61.00	0.28	7.43	0.17	615329.50	0.00	0.00	15.81	0.00	28.34	19.57	0.00	0.00	7.00	7.00
962	0.00	62.00	0.28	7.43	0.17	615329.50	0.00	0.00	15.81	0.00	27.88	19.52	0.00	0.00	7.00	7.00
963	0.00	63.00	0.28	7.43	0.17	615329.50	0.00	0.00	15.81	0.00	27.44	19.46	0.00	0.00	7.00	7.00
964	0.00	64.00	0.28	7.43	0.17	615329.50	0.00	0.00	15.81	0.00	27.01	19.41	0.00	0.00	7.00	7.00
965	0.00	65.00	0.28	7.43	0.17	615329.50	0.00	0.00	15.81	0.00	26.59	19.36	0.00	0.00	7.00	7.00
966	0.00	66.00	0.28	7.43	0.17	615329.50	0.00	0.00	15.81	0.00	26.19	19.32	0.00	0.00	7.00	7.00
967	0.00	67.00	0.28	7.43	0.17	615329.50	0.00	0.00	15.81	0.00	25.80	19.27	0.00	0.00	7.00	7.00
968	0.00	68.00	0.28	7.43	0.17	615329.50	0.00	0.00	15.81	0.00	25.42	19.24	0.00	0.00	7.00	7.00
969	0.00	69.00	0.28	7.43	0.17	615329.50	0.00	0.00	15.81	0.00	25.05	19.19	0.00	0.00	7.00	7.00
970	0.00	70.00	0.28	7.43	0.17	615329.50	0.00	0.00	15.81	0.00	24.69	19.31	0.00	0.00	7.00	7.00
971	0.00	71.00	0.28	7.43	0.17	615329.50	0.00	0.00	15.81	0.00	24.35	19.27	0.00	0.00	7.00	7.00
972	0.00	72.00	0.28	7.43	0.17	615329.50	0.00	0.00	15.81	0.00	24.01	19.22	0.00	0.00	7.00	7.00
973	0.00	73.00	0.28	7.43	0.17	615329.50	0.00	0.00	15.81	0.00	23.68	19.18	0.00	0.00	7.00	7.00
974	0.00	74.00	0.28	7.43	0.17	615329.50	0.00	0.00	15.81	0.00	23.36	19.29	0.00	0.00	7.00	7.00
975	0.00	25.00	0.28	7.43	0.17	615329.50	0.00	0.00	15.81	0.00	39.20	17.74	0.00	0.00	7.00	7.00
976	0.00	26.00	0.28	7.43	0.17	615329.50	0.00	0.00	15.81	0.00	41.74	17.77	0.00	0.00	7.00	7.00
977	0.00	27.00	0.28	7.43	0.17	615329.50	0.00	0.00	15.81	0.00	40.19	17.71	0.00	0.00	7.00	7.00
978	0.00	28.00	0.28	7.43	0.17	615329.50	0.00	0.00	15.81	0.00	38.76	17.65	0.00	0.00	7.00	7.00
979	0.00	29.00	0.28	7.43	0.17	615329.50	0.00	0.00	15.81	0.00	37.42	17.59	0.00	0.00	7.00	7.00
980	0.00	30.00	0.28	7.43	0.17	615329.50	0.00	0.00	15.81	0.00	36.45	17.93	0.00	0.00	7.00	7.00
981	0.00	31.00	0.28	7.43	0.17	615329.50	0.00	0.00	15.81	0.00	35.27	17.87	0.00	0.00	7.00	7.00
982	0.00	32.00	0.28	7.43	0.17	615329.50	0.00	0.00	15.81	0.00	34.17	18.17	0.00	0.00	7.00	7.00
983	0.00	33.00	0.28	7.43	0.17	615329.50	0.00	0.00	15.81	0.00	33.13	18.11	0.00	0.00	7.00	7.00
984	0.00	34.00	0.28	7.43	0.17	615329.50	0.00	0.00	15.81	0.00	38.82	18.10	0.00	0.00	7.00	7.00
985	0.00	35.00	0.28	7.43	0.17	615329.50	0.00	0.00	15.81	0.00	37.71	18.04	0.00	0.00	7.00	7.00
986	0.00	36.00	0.28	7.43	0.17	615329.50	0.00	0.00	15.81	0.00	36.67	17.98	0.00	0.00	7.00	7.00
987	0.00	37.00	0.28	7.43	0.17	615329.50	0.00	0.00	15.81	0.00	35.67	17.93	0.00	0.00	7.00	7.00
988	0.00	38.00	0.28	7.43	0.17	615329.50	0.00	0.00	15.81	0.00	34.74	17.89	0.00	0.00	7.00	7.00
989	0.00	39.00	0.28	7.43	0.17	615329.50	0.00	0.00	15.81	0.00	33.85	18.17	0.00	0.00	7.00	7.00
990	0.00	40.00	0.28	7.43	0.17	615329.50	0.00	0.00	15.81	0.00	40.02	18.41	0.00	0.00	7.00	7.00
991	0.00	41.00	0.28	7.43	0.17	615329.50	0.00	0.00	15.81	0.00	41.61	18.35	0.00	0.00	7.00	7.00
992	0.00	42.00	0.28	7.43	0.17	615329.50	0.00	0.00	15.81	0.00	40.62	18.57	0.00	0.00	7.00	7.00
993	0.00	43.00	0.28	7.43	0.17	615329.50	0.00	0.00	15.81	0.00	39.68	18.51	0.00	0.00	7.00	7.00
994	0.00	44.00	0.28	7.43	0.17	615329.50	0.00	0.00	15.81	0.00	38.78	18.45	0.00	0.00	7.00	7.00
995	0.00	45.00	0.28	7.43	0.17	615329.50	0.00	0.00	15.81	0.00	37.92	18.40	0.00	0.00	7.00	7.00
996	0.00	46.00	0.28	7.43	0.17	615329.50	0.00	0.00	15.81	0.00	39.38	18.34	0.00	0.00	7.00	7.00
997	0.00	47.00	0.28	7.43	0.17	615329.50	0.00	0.00	15.81	0.00	38.54	18.30	0.00	0.00	7.00	7.00
998	0.00	48.00	0.28	7.43	0.17	615329.50	0.00	0.00	15.81	0.00	37.74	18.25	0.00	0.00	7.00	7.00
999	0.00	49.00	0.28	7.43	0.17	615329.50	0.00	0.00	15.81	0.00	36.97	18.20	0.00	0.00	7.00	7.00
1000	0.00	50.00	0.28	7.43	0.17	615329.50	0.00	0.00	15.81	0.00	36.23	18.16	0.00	0.00	7.00	7.00
