some parameters
Gen.	# feasible solutions	# infeasible solutions	cap. penality	dur. penality	num. penality	best penalized cost	best feasible cost	best cap. violation	best dur. violation	best num. violation	avg cap. violation	avg dur. violation	avg num. violation
1	51.00	0.00	850.00	8500.00	42500.00	348890.41	348890.41	0.00	0.00	0.00	0.00	0.00	0.00
2	52.00	0.00	850.00	8500.00	42500.00	348890.41	348890.41	0.00	0.00	0.00	0.00	0.00	0.00
3	53.00	0.00	850.00	8500.00	42500.00	348890.41	348890.41	0.00	0.00	0.00	0.00	0.00	0.00
4	54.00	0.00	850.00	8500.00	42500.00	348890.41	348890.41	0.00	0.00	0.00	0.00	0.00	0.00
5	55.00	0.00	850.00	8500.00	42500.00	346466.55	346466.55	0.00	0.00	0.00	0.00	0.00	0.00
6	56.00	0.00	850.00	8500.00	42500.00	346466.55	346466.55	0.00	0.00	0.00	0.00	0.00	0.00
7	57.00	0.00	850.00	8500.00	42500.00	346466.55	346466.55	0.00	0.00	0.00	0.00	0.00	0.00
8	58.00	0.00	850.00	8500.00	42500.00	346466.55	346466.55	0.00	0.00	0.00	0.00	0.00	0.00
9	59.00	0.00	850.00	8500.00	42500.00	346466.55	346466.55	0.00	0.00	0.00	0.00	0.00	0.00
10	60.00	0.00	850.00	8500.00	42500.00	346466.55	346466.55	0.00	0.00	0.00	0.00	0.00	0.00
11	61.00	0.00	850.00	8500.00	42500.00	346466.55	346466.55	0.00	0.00	0.00	0.00	0.00	0.00
12	62.00	0.00	850.00	8500.00	42500.00	346466.55	346466.55	0.00	0.00	0.00	0.00	0.00	0.00
13	63.00	0.00	850.00	8500.00	42500.00	346466.55	346466.55	0.00	0.00	0.00	0.00	0.00	0.00
14	64.00	0.00	850.00	8500.00	42500.00	346466.55	346466.55	0.00	0.00	0.00	0.00	0.00	0.00
15	65.00	0.00	850.00	8500.00	42500.00	346466.55	346466.55	0.00	0.00	0.00	0.00	0.00	0.00
16	66.00	0.00	850.00	8500.00	42500.00	346466.55	346466.55	0.00	0.00	0.00	0.00	0.00	0.00
17	67.00	0.00	850.00	8500.00	42500.00	346466.55	346466.55	0.00	0.00	0.00	0.00	0.00	0.00
18	68.00	0.00	850.00	8500.00	42500.00	346466.55	346466.55	0.00	0.00	0.00	0.00	0.00	0.00
19	69.00	0.00	850.00	8500.00	42500.00	346466.55	346466.55	0.00	0.00	0.00	0.00	0.00	0.00
20	70.00	0.00	850.00	8500.00	42500.00	346466.55	346466.55	0.00	0.00	0.00	0.00	0.00	0.00
21	71.00	0.00	850.00	8500.00	42500.00	346466.55	346466.55	0.00	0.00	0.00	0.00	0.00	0.00
22	72.00	0.00	850.00	8500.00	42500.00	346466.55	346466.55	0.00	0.00	0.00	0.00	0.00	0.00
23	73.00	0.00	850.00	8500.00	42500.00	346466.55	346466.55	0.00	0.00	0.00	0.00	0.00	0.00
24	74.00	0.00	850.00	8500.00	42500.00	346466.55	346466.55	0.00	0.00	0.00	0.00	0.00	0.00
25	25.00	0.00	850.00	8500.00	42500.00	346466.55	346466.55	0.00	0.00	0.00	0.00	0.00	0.00
26	26.00	0.00	850.00	8500.00	42500.00	346466.55	346466.55	0.00	0.00	0.00	0.00	0.00	0.00
27	27.00	0.00	850.00	8500.00	42500.00	346466.55	346466.55	0.00	0.00	0.00	0.00	0.00	0.00
28	28.00	0.00	850.00	8500.00	42500.00	346466.55	346466.55	0.00	0.00	0.00	0.00	0.00	0.00
29	29.00	0.00	850.00	8500.00	42500.00	346466.55	346466.55	0.00	0.00	0.00	0.00	0.00	0.00
30	30.00	0.00	850.00	8500.00	42500.00	346466.55	346466.55	0.00	0.00	0.00	0.00	0.00	0.00
31	31.00	0.00	850.00	8500.00	42500.00	346466.55	346466.55	0.00	0.00	0.00	0.00	0.00	0.00
32	32.00	0.00	850.00	8500.00	42500.00	346466.55	346466.55	0.00	0.00	0.00	0.00	0.00	0.00
33	33.00	0.00	850.00	8500.00	42500.00	346466.55	346466.55	0.00	0.00	0.00	0.00	0.00	0.00
34	34.00	0.00	850.00	8500.00	42500.00	346466.55	346466.55	0.00	0.00	0.00	0.00	0.00	0.00
35	35.00	0.00	850.00	8500.00	42500.00	346466.55	346466.55	0.00	0.00	0.00	0.00	0.00	0.00
36	36.00	0.00	850.00	8500.00	42500.00	346466.55	346466.55	0.00	0.00	0.00	0.00	0.00	0.00
37	37.00	0.00	850.00	8500.00	42500.00	346466.55	346466.55	0.00	0.00	0.00	0.00	0.00	0.00
38	38.00	0.00	850.00	8500.00	42500.00	346466.55	346466.55	0.00	0.00	0.00	0.00	0.00	0.00
39	39.00	0.00	850.00	8500.00	42500.00	346466.55	346466.55	0.00	0.00	0.00	0.00	0.00	0.00
40	40.00	0.00	850.00	8500.00	42500.00	346466.55	346466.55	0.00	0.00	0.00	0.00	0.00	0.00
41	41.00	0.00	850.00	8500.00	42500.00	346466.55	346466.55	0.00	0.00	0.00	0.00	0.00	0.00
42	42.00	0.00	850.00	8500.00	42500.00	346466.55	346466.55	0.00	0.00	0.00	0.00	0.00	0.00
43	43.00	0.00	850.00	8500.00	42500.00	346466.55	346466.55	0.00	0.00	0.00	0.00	0.00	0.00
44	44.00	0.00	850.00	8500.00	42500.00	346466.55	346466.55	0.00	0.00	0.00	0.00	0.00	0.00
45	45.00	0.00	850.00	8500.00	42500.00	346466.55	346466.55	0.00	0.00	0.00	0.00	0.00	0.00
46	46.00	0.00	850.00	8500.00	42500.00	346466.55	346466.55	0.00	0.00	0.00	0.00	0.00	0.00
47	47.00	0.00	850.00	8500.00	42500.00	346466.55	346466.55	0.00	0.00	0.00	0.00	0.00	0.00
48	48.00	0.00	850.00	8500.00	42500.00	346466.55	346466.55	0.00	0.00	0.00	0.00	0.00	0.00
49	49.00	0.00	850.00	8500.00	42500.00	346466.55	346466.55	0.00	0.00	0.00	0.00	0.00	0.00
50	50.00	0.00	850.00	8500.00	42500.00	346466.55	346466.55	0.00	0.00	0.00	0.00	0.00	0.00
51	51.00	0.00	850.00	8500.00	42500.00	346466.55	346466.55	0.00	0.00	0.00	0.00	0.00	0.00
52	52.00	0.00	850.00	8500.00	42500.00	346466.55	346466.55	0.00	0.00	0.00	0.00	0.00	0.00
53	53.00	0.00	850.00	8500.00	42500.00	346466.55	346466.55	0.00	0.00	0.00	0.00	0.00	0.00
54	54.00	0.00	850.00	8500.00	42500.00	346466.55	346466.55	0.00	0.00	0.00	0.00	0.00	0.00
55	55.00	0.00	850.00	8500.00	42500.00	346466.55	346466.55	0.00	0.00	0.00	0.00	0.00	0.00
56	56.00	0.00	850.00	8500.00	42500.00	346466.55	346466.55	0.00	0.00	0.00	0.00	0.00	0.00
57	57.00	0.00	850.00	8500.00	42500.00	346466.55	346466.55	0.00	0.00	0.00	0.00	0.00	0.00
58	58.00	0.00	850.00	8500.00	42500.00	344042.69	344042.69	0.00	0.00	0.00	0.00	0.00	0.00
59	59.00	0.00	850.00	8500.00	42500.00	344042.69	344042.69	0.00	0.00	0.00	0.00	0.00	0.00
60	60.00	0.00	850.00	8500.00	42500.00	344042.69	344042.69	0.00	0.00	0.00	0.00	0.00	0.00
61	61.00	0.00	850.00	8500.00	42500.00	344042.69	344042.69	0.00	0.00	0.00	0.00	0.00	0.00
62	62.00	0.00	850.00	8500.00	42500.00	344042.69	344042.69	0.00	0.00	0.00	0.00	0.00	0.00
63	63.00	0.00	850.00	8500.00	42500.00	344042.69	344042.69	0.00	0.00	0.00	0.00	0.00	0.00
64	64.00	0.00	850.00	8500.00	42500.00	344042.69	344042.69	0.00	0.00	0.00	0.00	0.00	0.00
65	65.00	0.00	850.00	8500.00	42500.00	344042.69	344042.69	0.00	0.00	0.00	0.00	0.00	0.00
66	66.00	0.00	850.00	8500.00	42500.00	344042.69	344042.69	0.00	0.00	0.00	0.00	0.00	0.00
67	67.00	0.00	850.00	8500.00	42500.00	344042.69	344042.69	0.00	0.00	0.00	0.00	0.00	0.00
68	68.00	0.00	850.00	8500.00	42500.00	344042.69	344042.69	0.00	0.00	0.00	0.00	0.00	0.00
69	69.00	0.00	850.00	8500.00	42500.00	344042.69	344042.69	0.00	0.00	0.00	0.00	0.00	0.00
70	69.00	1.00	850.00	8500.00	42500.00	344042.69	344042.69	0.00	0.00	0.00	0.00	0.13	0.00
71	70.00	1.00	850.00	8500.00	42500.00	344042.69	344042.69	0.00	0.00	0.00	0.00	0.13	0.00
72	71.00	1.00	850.00	8500.00	42500.00	344042.69	344042.69	0.00	0.00	0.00	0.00	0.13	0.00
73	72.00	1.00	850.00	8500.00	42500.00	344042.69	344042.69	0.00	0.00	0.00	0.00	0.13	0.00
74	73.00	1.00	850.00	8500.00	42500.00	344042.69	344042.69	0.00	0.00	0.00	0.00	0.13	0.00
75	74.00	1.00	850.00	8500.00	42500.00	344042.69	344042.69	0.00	0.00	0.00	0.00	0.12	0.00
76	25.00	1.00	850.00	8500.00	42500.00	344042.69	344042.69	0.00	0.00	0.00	0.00	0.36	0.00
77	26.00	1.00	850.00	8500.00	42500.00	344042.69	344042.69	0.00	0.00	0.00	0.00	0.35	0.00
78	27.00	1.00	850.00	8500.00	42500.00	344042.69	344042.69	0.00	0.00	0.00	0.00	0.33	0.00
79	28.00	1.00	850.00	8500.00	42500.00	344042.69	344042.69	0.00	0.00	0.00	0.00	0.32	0.00
80	29.00	1.00	850.00	8500.00	42500.00	344042.69	344042.69	0.00	0.00	0.00	0.00	0.31	0.00
81	30.00	1.00	850.00	8500.00	42500.00	344042.69	344042.69	0.00	0.00	0.00	0.00	0.30	0.00
82	31.00	1.00	850.00	8500.00	42500.00	344042.69	344042.69	0.00	0.00	0.00	0.00	0.29	0.00
83	32.00	1.00	850.00	8500.00	42500.00	344042.69	344042.69	0.00	0.00	0.00	0.00	0.28	0.00
84	33.00	1.00	850.00	8500.00	42500.00	344042.69	344042.69	0.00	0.00	0.00	0.00	0.27	0.00
85	34.00	1.00	850.00	8500.00	42500.00	344042.69	344042.69	0.00	0.00	0.00	0.00	0.27	0.00
86	35.00	1.00	850.00	8500.00	42500.00	344042.69	344042.69	0.00	0.00	0.00	0.00	0.26	0.00
87	36.00	1.00	850.00	8500.00	42500.00	344042.69	344042.69	0.00	0.00	0.00	0.00	0.25	0.00
88	37.00	1.00	850.00	8500.00	42500.00	344042.69	344042.69	0.00	0.00	0.00	0.00	0.25	0.00
89	38.00	1.00	850.00	8500.00	42500.00	344042.69	344042.69	0.00	0.00	0.00	0.00	0.24	0.00
90	39.00	1.00	850.00	8500.00	42500.00	344042.69	344042.69	0.00	0.00	0.00	0.00	0.23	0.00
91	40.00	1.00	850.00	8500.00	42500.00	344042.69	344042.69	0.00	0.00	0.00	0.00	0.23	0.00
92	41.00	1.00	850.00	8500.00	42500.00	344042.69	344042.69	0.00	0.00	0.00	0.00	0.22	0.00
93	42.00	1.00	850.00	8500.00	42500.00	344042.69	344042.69	0.00	0.00	0.00	0.00	0.22	0.00
94	43.00	1.00	850.00	8500.00	42500.00	344042.69	344042.69	0.00	0.00	0.00	0.00	0.21	0.00
95	44.00	1.00	850.00	8500.00	42500.00	344042.69	344042.69	0.00	0.00	0.00	0.00	0.21	0.00
96	45.00	1.00	850.00	8500.00	42500.00	344042.69	344042.69	0.00	0.00	0.00	0.00	0.20	0.00
97	46.00	1.00	850.00	8500.00	42500.00	344042.69	344042.69	0.00	0.00	0.00	0.00	0.20	0.00
98	47.00	1.00	850.00	8500.00	42500.00	344042.69	344042.69	0.00	0.00	0.00	0.00	0.19	0.00
99	48.00	1.00	850.00	8500.00	42500.00	344042.69	344042.69	0.00	0.00	0.00	0.00	0.19	0.00
100	49.00	1.00	850.00	8500.00	42500.00	344042.69	344042.69	0.00	0.00	0.00	0.00	0.19	0.00
101	50.00	1.00	722.50	10200.00	36125.00	344042.69	344042.69	0.00	0.00	0.00	0.00	0.18	0.00
102	51.00	1.00	722.50	10200.00	36125.00	344042.69	344042.69	0.00	0.00	0.00	0.00	0.18	0.00
103	52.00	1.00	722.50	10200.00	36125.00	344042.69	344042.69	0.00	0.00	0.00	0.00	0.18	0.00
104	53.00	1.00	722.50	10200.00	36125.00	344042.69	344042.69	0.00	0.00	0.00	0.00	0.17	0.00
105	54.00	1.00	722.50	10200.00	36125.00	344042.69	344042.69	0.00	0.00	0.00	0.00	0.17	0.00
106	55.00	1.00	722.50	10200.00	36125.00	344042.69	344042.69	0.00	0.00	0.00	0.00	0.17	0.00
107	56.00	1.00	722.50	10200.00	36125.00	344042.69	344042.69	0.00	0.00	0.00	0.00	0.16	0.00
108	57.00	1.00	722.50	10200.00	36125.00	344042.69	344042.69	0.00	0.00	0.00	0.00	0.16	0.00
109	58.00	1.00	722.50	10200.00	36125.00	344042.69	344042.69	0.00	0.00	0.00	0.00	0.16	0.00
110	59.00	1.00	722.50	10200.00	36125.00	344042.69	344042.69	0.00	0.00	0.00	0.00	0.16	0.00
111	60.00	1.00	722.50	10200.00	36125.00	344042.69	344042.69	0.00	0.00	0.00	0.00	0.15	0.00
112	61.00	1.00	722.50	10200.00	36125.00	344042.69	344042.69	0.00	0.00	0.00	0.00	0.15	0.00
113	62.00	1.00	722.50	10200.00	36125.00	344042.69	344042.69	0.00	0.00	0.00	0.00	0.15	0.00
114	63.00	1.00	722.50	10200.00	36125.00	344042.69	344042.69	0.00	0.00	0.00	0.00	0.15	0.00
115	64.00	1.00	722.50	10200.00	36125.00	344042.69	344042.69	0.00	0.00	0.00	0.00	0.14	0.00
116	65.00	1.00	722.50	10200.00	36125.00	344042.69	344042.69	0.00	0.00	0.00	0.00	0.14	0.00
117	66.00	1.00	722.50	10200.00	36125.00	344042.69	344042.69	0.00	0.00	0.00	0.00	0.14	0.00
118	67.00	1.00	722.50	10200.00	36125.00	344042.69	344042.69	0.00	0.00	0.00	0.00	0.14	0.00
119	68.00	1.00	722.50	10200.00	36125.00	344042.69	344042.69	0.00	0.00	0.00	0.00	0.14	0.00
120	69.00	1.00	722.50	10200.00	36125.00	344042.69	344042.69	0.00	0.00	0.00	0.00	0.13	0.00
121	70.00	1.00	722.50	10200.00	36125.00	344042.69	344042.69	0.00	0.00	0.00	0.00	0.13	0.00
122	71.00	1.00	722.50	10200.00	36125.00	344042.69	344042.69	0.00	0.00	0.00	0.00	0.13	0.00
123	71.00	2.00	722.50	10200.00	36125.00	344042.69	344042.69	0.00	0.00	0.00	0.00	0.95	0.00
124	72.00	2.00	722.50	10200.00	36125.00	344042.69	344042.69	0.00	0.00	0.00	0.00	0.93	0.00
125	73.00	2.00	722.50	10200.00	36125.00	344042.69	344042.69	0.00	0.00	0.00	0.00	0.92	0.00
126	73.00	3.00	722.50	10200.00	36125.00	344042.69	344042.69	0.00	0.00	0.00	0.00	1.04	0.00
127	74.00	3.00	722.50	10200.00	36125.00	344042.69	344042.69	0.00	0.00	0.00	0.00	1.03	0.00
128	25.00	3.00	722.50	10200.00	36125.00	344042.69	344042.69	0.00	0.00	0.00	0.00	2.83	0.00
129	26.00	3.00	722.50	10200.00	36125.00	344042.69	344042.69	0.00	0.00	0.00	0.00	2.73	0.00
130	27.00	3.00	722.50	10200.00	36125.00	344042.69	344042.69	0.00	0.00	0.00	0.00	2.64	0.00
131	28.00	3.00	722.50	10200.00	36125.00	344042.69	344042.69	0.00	0.00	0.00	0.00	2.56	0.00
132	29.00	3.00	722.50	10200.00	36125.00	344042.69	344042.69	0.00	0.00	0.00	0.00	2.48	0.00
133	30.00	3.00	722.50	10200.00	36125.00	344042.69	344042.69	0.00	0.00	0.00	0.00	2.40	0.00
134	31.00	3.00	722.50	10200.00	36125.00	344042.69	344042.69	0.00	0.00	0.00	0.00	2.33	0.00
135	32.00	3.00	722.50	10200.00	36125.00	344042.69	344042.69	0.00	0.00	0.00	0.00	2.27	0.00
136	33.00	3.00	722.50	10200.00	36125.00	344042.69	344042.69	0.00	0.00	0.00	0.00	2.20	0.00
137	34.00	3.00	722.50	10200.00	36125.00	344042.69	344042.69	0.00	0.00	0.00	0.00	2.14	0.00
138	35.00	3.00	722.50	10200.00	36125.00	344042.69	344042.69	0.00	0.00	0.00	0.00	2.09	0.00
139	36.00	3.00	722.50	10200.00	36125.00	344042.69	344042.69	0.00	0.00	0.00	0.00	2.03	0.00
140	37.00	3.00	722.50	10200.00	36125.00	344042.69	344042.69	0.00	0.00	0.00	0.00	1.98	0.00
141	38.00	3.00	722.50	10200.00	36125.00	344042.69	344042.69	0.00	0.00	0.00	0.00	1.93	0.00
142	39.00	3.00	722.50	10200.00	36125.00	344042.69	344042.69	0.00	0.00	0.00	0.00	1.89	0.00
143	40.00	3.00	722.50	10200.00	36125.00	344042.69	344042.69	0.00	0.00	0.00	0.00	1.84	0.00
144	41.00	3.00	722.50	10200.00	36125.00	344042.69	344042.69	0.00	0.00	0.00	0.00	1.80	0.00
145	42.00	3.00	722.50	10200.00	36125.00	344042.69	344042.69	0.00	0.00	0.00	0.00	1.76	0.00
146	43.00	3.00	722.50	10200.00	36125.00	344042.69	344042.69	0.00	0.00	0.00	0.00	1.72	0.00
147	44.00	3.00	722.50	10200.00	36125.00	344042.69	344042.69	0.00	0.00	0.00	0.00	1.69	0.00
148	45.00	3.00	722.50	10200.00	36125.00	344042.69	344042.69	0.00	0.00	0.00	0.00	1.65	0.00
149	46.00	3.00	722.50	10200.00	36125.00	344042.69	344042.69	0.00	0.00	0.00	0.00	1.62	0.00
150	46.00	4.00	722.50	10200.00	36125.00	344042.69	344042.69	0.00	0.00	0.00	0.00	1.77	0.00
151	47.00	4.00	722.50	10200.00	36125.00	344042.69	344042.69	0.00	0.00	0.00	0.00	1.74	0.00
152	47.00	5.00	722.50	10200.00	36125.00	344042.69	344042.69	0.00	0.00	0.00	0.00	2.05	0.00
153	48.00	5.00	722.50	10200.00	36125.00	344042.69	344042.69	0.00	0.00	0.00	0.00	2.01	0.00
154	49.00	5.00	722.50	10200.00	36125.00	344042.69	344042.69	0.00	0.00	0.00	0.00	1.97	0.00
155	50.00	5.00	722.50	10200.00	36125.00	344042.69	344042.69	0.00	0.00	0.00	0.00	1.94	0.00
156	51.00	5.00	722.50	10200.00	36125.00	344042.69	344042.69	0.00	0.00	0.00	0.00	1.90	0.00
157	52.00	5.00	722.50	10200.00	36125.00	344042.69	344042.69	0.00	0.00	0.00	0.00	1.87	0.00
158	53.00	5.00	722.50	10200.00	36125.00	344042.69	344042.69	0.00	0.00	0.00	0.00	1.84	0.00
159	54.00	5.00	722.50	10200.00	36125.00	344042.69	344042.69	0.00	0.00	0.00	0.00	1.81	0.00
160	55.00	5.00	722.50	10200.00	36125.00	344042.69	344042.69	0.00	0.00	0.00	0.00	1.78	0.00
161	55.00	6.00	722.50	10200.00	36125.00	344042.69	344042.69	0.00	0.00	0.00	0.00	1.90	0.00
162	56.00	6.00	722.50	10200.00	36125.00	344042.69	344042.69	0.00	0.00	0.00	0.00	1.87	0.00
163	57.00	6.00	722.50	10200.00	36125.00	344042.69	344042.69	0.00	0.00	0.00	0.00	1.84	0.00
164	58.00	6.00	722.50	10200.00	36125.00	344042.69	344042.69	0.00	0.00	0.00	0.00	1.81	0.00
165	58.00	7.00	722.50	10200.00	36125.00	344042.69	344042.69	0.00	0.00	0.00	0.00	1.94	0.00
166	59.00	7.00	722.50	10200.00	36125.00	344042.69	344042.69	0.00	0.00	0.00	0.00	1.91	0.00
167	59.00	8.00	722.50	10200.00	36125.00	344042.69	344042.69	0.00	0.00	0.00	0.00	2.15	0.00
168	60.00	8.00	722.50	10200.00	36125.00	344042.69	344042.69	0.00	0.00	0.00	0.00	2.12	0.00
169	61.00	8.00	722.50	10200.00	36125.00	344042.69	344042.69	0.00	0.00	0.00	0.00	2.09	0.00
170	62.00	8.00	722.50	10200.00	36125.00	344042.69	344042.69	0.00	0.00	0.00	0.00	2.06	0.00
171	63.00	8.00	722.50	10200.00	36125.00	344042.69	344042.69	0.00	0.00	0.00	0.00	2.03	0.00
172	64.00	8.00	722.50	10200.00	36125.00	344042.69	344042.69	0.00	0.00	0.00	0.00	2.00	0.00
173	65.00	8.00	722.50	10200.00	36125.00	344042.69	344042.69	0.00	0.00	0.00	0.00	1.97	0.00
174	66.00	8.00	722.50	10200.00	36125.00	344042.69	344042.69	0.00	0.00	0.00	0.00	1.95	0.00
175	67.00	8.00	722.50	10200.00	36125.00	344042.69	344042.69	0.00	0.00	0.00	0.00	1.92	0.00
176	68.00	8.00	722.50	10200.00	36125.00	344042.69	344042.69	0.00	0.00	0.00	0.00	1.90	0.00
177	69.00	8.00	722.50	10200.00	36125.00	344042.69	344042.69	0.00	0.00	0.00	0.00	1.87	0.00
178	70.00	8.00	722.50	10200.00	36125.00	344042.69	344042.69	0.00	0.00	0.00	0.00	1.85	0.00
179	71.00	8.00	722.50	10200.00	36125.00	344042.69	344042.69	0.00	0.00	0.00	0.00	1.82	0.00
180	72.00	8.00	722.50	10200.00	36125.00	344042.69	344042.69	0.00	0.00	0.00	0.00	1.80	0.00
181	73.00	8.00	722.50	10200.00	36125.00	344042.69	344042.69	0.00	0.00	0.00	0.00	1.78	0.00
182	73.00	9.00	722.50	10200.00	36125.00	344042.69	344042.69	0.00	0.00	0.00	0.00	1.87	0.00
183	74.00	9.00	722.50	10200.00	36125.00	344042.69	344042.69	0.00	0.00	0.00	0.00	1.85	0.00
184	25.00	9.00	722.50	10200.00	36125.00	344042.69	344042.69	0.00	0.00	0.00	0.00	4.51	0.00
185	25.00	10.00	722.50	10200.00	36125.00	344042.69	344042.69	0.00	0.00	0.00	0.00	4.65	0.00
186	26.00	10.00	722.50	10200.00	36125.00	344042.69	344042.69	0.00	0.00	0.00	0.00	4.52	0.00
187	27.00	10.00	722.50	10200.00	36125.00	344042.69	344042.69	0.00	0.00	0.00	0.00	4.40	0.00
188	28.00	10.00	722.50	10200.00	36125.00	344042.69	344042.69	0.00	0.00	0.00	0.00	4.28	0.00
189	29.00	10.00	722.50	10200.00	36125.00	344042.69	344042.69	0.00	0.00	0.00	0.00	4.17	0.00
190	30.00	10.00	722.50	10200.00	36125.00	344042.69	344042.69	0.00	0.00	0.00	0.00	4.07	0.00
191	31.00	10.00	722.50	10200.00	36125.00	344042.69	344042.69	0.00	0.00	0.00	0.00	3.97	0.00
192	32.00	10.00	722.50	10200.00	36125.00	344042.69	344042.69	0.00	0.00	0.00	0.00	3.87	0.00
193	33.00	10.00	722.50	10200.00	36125.00	344042.69	344042.69	0.00	0.00	0.00	0.00	3.78	0.00
194	34.00	10.00	722.50	10200.00	36125.00	344042.69	344042.69	0.00	0.00	0.00	0.00	3.70	0.00
195	35.00	10.00	722.50	10200.00	36125.00	344042.69	344042.69	0.00	0.00	0.00	0.00	3.62	0.00
196	36.00	10.00	722.50	10200.00	36125.00	344042.69	344042.69	0.00	0.00	0.00	0.00	3.54	0.00
197	37.00	10.00	722.50	10200.00	36125.00	344042.69	344042.69	0.00	0.00	0.00	0.00	3.46	0.00
198	38.00	10.00	722.50	10200.00	36125.00	344042.69	344042.69	0.00	0.00	0.00	0.00	3.39	0.00
199	39.00	10.00	722.50	10200.00	36125.00	344042.69	344042.69	0.00	0.00	0.00	0.00	3.32	0.00
200	40.00	10.00	722.50	10200.00	36125.00	344042.69	344042.69	0.00	0.00	0.00	0.00	3.25	0.00
201	41.00	10.00	614.12	12240.00	30706.25	344042.69	344042.69	0.00	0.00	0.00	0.00	3.19	0.00
202	42.00	10.00	614.12	12240.00	30706.25	344042.69	344042.69	0.00	0.00	0.00	0.00	3.13	0.00
203	43.00	10.00	614.12	12240.00	30706.25	344042.69	344042.69	0.00	0.00	0.00	0.00	3.07	0.00
204	44.00	10.00	614.12	12240.00	30706.25	344042.69	344042.69	0.00	0.00	0.00	0.00	3.01	0.00
205	45.00	10.00	614.12	12240.00	30706.25	344042.69	344042.69	0.00	0.00	0.00	0.00	2.96	0.00
206	46.00	10.00	614.12	12240.00	30706.25	344042.69	344042.69	0.00	0.00	0.00	0.00	2.91	0.00
207	47.00	10.00	614.12	12240.00	30706.25	344042.69	344042.69	0.00	0.00	0.00	0.00	2.85	0.00
208	48.00	10.00	614.12	12240.00	30706.25	344042.69	344042.69	0.00	0.00	0.00	0.00	2.81	0.00
209	49.00	10.00	614.12	12240.00	30706.25	344042.69	344042.69	0.00	0.00	0.00	0.00	2.76	0.00
210	50.00	10.00	614.12	12240.00	30706.25	344042.69	344042.69	0.00	0.00	0.00	0.00	2.71	0.00
211	51.00	10.00	614.12	12240.00	30706.25	344042.69	344042.69	0.00	0.00	0.00	0.00	2.67	0.00
212	52.00	10.00	614.12	12240.00	30706.25	344042.69	344042.69	0.00	0.00	0.00	0.00	2.62	0.00
213	53.00	10.00	614.12	12240.00	30706.25	344042.69	344042.69	0.00	0.00	0.00	0.00	2.58	0.00
214	54.00	10.00	614.12	12240.00	30706.25	344042.69	344042.69	0.00	0.00	0.00	0.00	2.54	0.00
215	55.00	10.00	614.12	12240.00	30706.25	344042.69	344042.69	0.00	0.00	0.00	0.00	2.50	0.00
216	56.00	10.00	614.12	12240.00	30706.25	344042.69	344042.69	0.00	0.00	0.00	0.00	2.47	0.00
217	56.00	11.00	614.12	12240.00	30706.25	344042.69	344042.69	0.00	0.00	0.00	0.00	2.90	0.00
218	57.00	11.00	614.12	12240.00	30706.25	344042.69	344042.69	0.00	0.00	0.00	0.00	2.86	0.00
219	58.00	11.00	614.12	12240.00	30706.25	344042.69	344042.69	0.00	0.00	0.00	0.00	2.82	0.00
220	58.00	12.00	614.12	12240.00	30706.25	344042.69	344042.69	0.00	0.00	0.00	0.00	3.03	0.00
221	59.00	12.00	614.12	12240.00	30706.25	344042.69	344042.69	0.00	0.00	0.00	0.00	2.99	0.00
222	60.00	12.00	614.12	12240.00	30706.25	344042.69	344042.69	0.00	0.00	0.00	0.00	2.95	0.00
223	61.00	12.00	614.12	12240.00	30706.25	344042.69	344042.69	0.00	0.00	0.00	0.00	2.91	0.00
224	62.00	12.00	614.12	12240.00	30706.25	344042.69	344042.69	0.00	0.00	0.00	0.00	2.87	0.00
225	63.00	12.00	614.12	12240.00	30706.25	344042.69	344042.69	0.00	0.00	0.00	0.00	2.83	0.00
226	64.00	12.00	614.12	12240.00	30706.25	344042.69	344042.69	0.00	0.00	0.00	0.00	2.79	0.00
227	65.00	12.00	614.12	12240.00	30706.25	344042.69	344042.69	0.00	0.00	0.00	0.00	2.76	0.00
228	66.00	12.00	614.12	12240.00	30706.25	344042.69	344042.69	0.00	0.00	0.00	0.00	2.72	0.00
229	67.00	12.00	614.12	12240.00	30706.25	344042.69	344042.69	0.00	0.00	0.00	0.00	2.69	0.00
230	67.00	13.00	614.12	12240.00	30706.25	344042.69	344042.69	0.00	0.00	0.00	0.00	3.17	0.00
231	68.00	13.00	614.12	12240.00	30706.25	344042.69	344042.69	0.00	0.00	0.00	0.00	3.14	0.00
232	69.00	13.00	614.12	12240.00	30706.25	344042.69	344042.69	0.00	0.00	0.00	0.00	3.10	0.00
233	70.00	13.00	614.12	12240.00	30706.25	344042.69	344042.69	0.00	0.00	0.00	0.00	3.06	0.00
234	71.00	13.00	614.12	12240.00	30706.25	344042.69	344042.69	0.00	0.00	0.00	0.00	3.02	0.00
235	72.00	13.00	614.12	12240.00	30706.25	344042.69	344042.69	0.00	0.00	0.00	0.00	2.99	0.00
236	73.00	13.00	614.12	12240.00	30706.25	344042.69	344042.69	0.00	0.00	0.00	0.00	2.95	0.00
237	74.00	13.00	614.12	12240.00	30706.25	344042.69	344042.69	0.00	0.00	0.00	0.00	2.92	0.00
238	25.00	13.00	614.12	12240.00	30706.25	344042.69	344042.69	0.00	0.00	0.00	0.00	6.68	0.00
239	26.00	13.00	614.12	12240.00	30706.25	344042.69	344042.69	0.00	0.00	0.00	0.00	6.51	0.00
240	27.00	13.00	614.12	12240.00	30706.25	344042.69	344042.69	0.00	0.00	0.00	0.00	6.35	0.00
241	28.00	13.00	614.12	12240.00	30706.25	344042.69	344042.69	0.00	0.00	0.00	0.00	6.20	0.00
242	29.00	13.00	614.12	12240.00	30706.25	344042.69	344042.69	0.00	0.00	0.00	0.00	6.05	0.00
243	30.00	13.00	614.12	12240.00	30706.25	344042.69	344042.69	0.00	0.00	0.00	0.00	5.91	0.00
244	31.00	13.00	614.12	12240.00	30706.25	344042.69	344042.69	0.00	0.00	0.00	0.00	5.77	0.00
245	32.00	13.00	614.12	12240.00	30706.25	344042.69	344042.69	0.00	0.00	0.00	0.00	5.64	0.00
246	33.00	13.00	614.12	12240.00	30706.25	344042.69	344042.69	0.00	0.00	0.00	0.00	5.52	0.00
247	34.00	13.00	614.12	12240.00	30706.25	344042.69	344042.69	0.00	0.00	0.00	0.00	5.40	0.00
248	35.00	13.00	614.12	12240.00	30706.25	344042.69	344042.69	0.00	0.00	0.00	0.00	5.29	0.00
249	36.00	13.00	614.12	12240.00	30706.25	344042.69	344042.69	0.00	0.00	0.00	0.00	5.18	0.00
250	37.00	13.00	614.12	12240.00	30706.25	344042.69	344042.69	0.00	0.00	0.00	0.00	5.08	0.00
251	38.00	13.00	614.12	12240.00	30706.25	344042.69	344042.69	0.00	0.00	0.00	0.00	4.98	0.00
252	39.00	13.00	614.12	12240.00	30706.25	344042.69	344042.69	0.00	0.00	0.00	0.00	4.88	0.00
253	40.00	13.00	614.12	12240.00	30706.25	344042.69	344042.69	0.00	0.00	0.00	0.00	4.79	0.00
254	41.00	13.00	614.12	12240.00	30706.25	344042.69	344042.69	0.00	0.00	0.00	0.00	4.70	0.00
255	41.00	14.00	614.12	12240.00	30706.25	344042.69	344042.69	0.00	0.00	0.00	0.00	4.87	0.00
256	42.00	14.00	614.12	12240.00	30706.25	344042.69	344042.69	0.00	0.00	0.00	0.00	4.78	0.00
257	42.00	15.00	614.12	12240.00	30706.25	344042.69	344042.69	0.00	0.00	0.00	0.00	4.88	0.00
258	43.00	15.00	614.12	12240.00	30706.25	344042.69	344042.69	0.00	0.00	0.00	0.00	4.79	0.00
259	44.00	15.00	614.12	12240.00	30706.25	344042.69	344042.69	0.00	0.00	0.00	0.00	4.71	0.00
260	45.00	15.00	614.12	12240.00	30706.25	344042.69	344042.69	0.00	0.00	0.00	0.00	4.63	0.00
261	46.00	15.00	614.12	12240.00	30706.25	344042.69	344042.69	0.00	0.00	0.00	0.00	4.56	0.00
262	47.00	15.00	614.12	12240.00	30706.25	344042.69	344042.69	0.00	0.00	0.00	0.00	4.48	0.00
263	47.00	16.00	614.12	12240.00	30706.25	344042.69	344042.69	0.00	0.00	0.00	0.00	4.57	0.00
264	48.00	16.00	614.12	12240.00	30706.25	344042.69	344042.69	0.00	0.00	0.00	0.00	4.50	0.00
265	49.00	16.00	614.12	12240.00	30706.25	344042.69	344042.69	0.00	0.00	0.00	0.00	4.43	0.00
266	50.00	16.00	614.12	12240.00	30706.25	344042.69	344042.69	0.00	0.00	0.00	0.00	4.37	0.00
267	51.00	16.00	614.12	12240.00	30706.25	344042.69	344042.69	0.00	0.00	0.00	0.00	4.30	0.00
268	52.00	16.00	614.12	12240.00	30706.25	344042.69	344042.69	0.00	0.00	0.00	0.00	4.24	0.00
269	53.00	16.00	614.12	12240.00	30706.25	344042.69	344042.69	0.00	0.00	0.00	0.00	4.18	0.00
270	53.00	17.00	614.12	12240.00	30706.25	344042.69	344042.69	0.00	0.00	0.00	0.00	4.22	0.00
271	54.00	17.00	614.12	12240.00	30706.25	344042.69	344042.69	0.00	0.00	0.00	0.00	4.16	0.00
272	55.00	17.00	614.12	12240.00	30706.25	344042.69	344042.69	0.00	0.00	0.00	0.00	4.10	0.00
273	56.00	17.00	614.12	12240.00	30706.25	344042.69	344042.69	0.00	0.00	0.00	0.00	4.05	0.00
274	57.00	17.00	614.12	12240.00	30706.25	344042.69	344042.69	0.00	0.00	0.00	0.00	3.99	0.00
275	58.00	17.00	614.12	12240.00	30706.25	344042.69	344042.69	0.00	0.00	0.00	0.00	3.94	0.00
276	59.00	17.00	614.12	12240.00	30706.25	344042.69	344042.69	0.00	0.00	0.00	0.00	3.89	0.00
277	60.00	17.00	614.12	12240.00	30706.25	344042.69	344042.69	0.00	0.00	0.00	0.00	3.84	0.00
278	61.00	17.00	614.12	12240.00	30706.25	344042.69	344042.69	0.00	0.00	0.00	0.00	3.79	0.00
279	62.00	17.00	614.12	12240.00	30706.25	344042.69	344042.69	0.00	0.00	0.00	0.00	3.74	0.00
280	63.00	17.00	614.12	12240.00	30706.25	344042.69	344042.69	0.00	0.00	0.00	0.00	3.69	0.00
281	64.00	17.00	614.12	12240.00	30706.25	344042.69	344042.69	0.00	0.00	0.00	0.00	3.65	0.00
282	65.00	17.00	614.12	12240.00	30706.25	344042.69	344042.69	0.00	0.00	0.00	0.00	3.60	0.00
283	66.00	17.00	614.12	12240.00	30706.25	344042.69	344042.69	0.00	0.00	0.00	0.00	3.56	0.00
284	67.00	17.00	614.12	12240.00	30706.25	344042.69	344042.69	0.00	0.00	0.00	0.00	3.52	0.00
285	68.00	17.00	614.12	12240.00	30706.25	344042.69	344042.69	0.00	0.00	0.00	0.00	3.48	0.00
286	69.00	17.00	614.12	12240.00	30706.25	344042.69	344042.69	0.00	0.00	0.00	0.00	3.44	0.00
287	70.00	17.00	614.12	12240.00	30706.25	344042.69	344042.69	0.00	0.00	0.00	0.00	3.40	0.00
288	71.00	17.00	614.12	12240.00	30706.25	344042.69	344042.69	0.00	0.00	0.00	0.00	3.36	0.00
289	72.00	17.00	614.12	12240.00	30706.25	344042.69	344042.69	0.00	0.00	0.00	0.00	3.32	0.00
290	73.00	17.00	614.12	12240.00	30706.25	344042.69	344042.69	0.00	0.00	0.00	0.00	3.28	0.00
291	74.00	17.00	614.12	12240.00	30706.25	344042.69	344042.69	0.00	0.00	0.00	0.00	3.25	0.00
292	25.00	17.00	614.12	12240.00	30706.25	344042.69	344042.69	0.00	0.00	0.00	0.00	7.04	0.00
293	26.00	17.00	614.12	12240.00	30706.25	344042.69	344042.69	0.00	0.00	0.00	0.00	6.87	0.00
294	27.00	17.00	614.12	12240.00	30706.25	344042.69	344042.69	0.00	0.00	0.00	0.00	6.72	0.00
295	28.00	17.00	614.12	12240.00	30706.25	344042.69	344042.69	0.00	0.00	0.00	0.00	6.57	0.00
296	29.00	17.00	614.12	12240.00	30706.25	344042.69	344042.69	0.00	0.00	0.00	0.00	6.42	0.00
297	30.00	17.00	614.12	12240.00	30706.25	344042.69	344042.69	0.00	0.00	0.00	0.00	6.29	0.00
298	31.00	17.00	614.12	12240.00	30706.25	344042.69	344042.69	0.00	0.00	0.00	0.00	6.16	0.00
299	32.00	17.00	614.12	12240.00	30706.25	344042.69	344042.69	0.00	0.00	0.00	0.00	6.03	0.00
300	33.00	17.00	614.12	12240.00	30706.25	344042.69	344042.69	0.00	0.00	0.00	0.00	5.91	0.00
301	34.00	17.00	522.01	14688.00	26100.31	344042.69	344042.69	0.00	0.00	0.00	0.00	5.79	0.00
302	35.00	17.00	522.01	14688.00	26100.31	344042.69	344042.69	0.00	0.00	0.00	0.00	5.68	0.00
303	35.00	18.00	522.01	14688.00	26100.31	344042.69	344042.69	0.00	0.00	0.00	0.00	5.75	0.00
304	36.00	18.00	522.01	14688.00	26100.31	344042.69	344042.69	0.00	0.00	0.00	0.00	5.64	0.00
305	37.00	18.00	522.01	14688.00	26100.31	344042.69	344042.69	0.00	0.00	0.00	0.00	5.54	0.00
306	38.00	18.00	522.01	14688.00	26100.31	344042.69	344042.69	0.00	0.00	0.00	0.00	5.44	0.00
307	38.00	19.00	522.01	14688.00	26100.31	344042.69	344042.69	0.00	0.00	0.00	0.00	5.66	0.00
308	38.00	20.00	522.01	14688.00	26100.31	344042.69	344042.69	0.00	0.00	0.00	0.00	5.72	0.00
309	39.00	20.00	522.01	14688.00	26100.31	344042.69	344042.69	0.00	0.00	0.00	0.00	5.62	0.00
310	40.00	20.00	522.01	14688.00	26100.31	344042.69	344042.69	0.00	0.00	0.00	0.00	5.53	0.00
311	41.00	20.00	522.01	14688.00	26100.31	344042.69	344042.69	0.00	0.00	0.00	0.00	5.44	0.00
312	41.00	21.00	522.01	14688.00	26100.31	344042.69	344042.69	0.00	0.00	0.00	0.00	5.47	0.00
313	42.00	21.00	522.01	14688.00	26100.31	344042.69	344042.69	0.00	0.00	0.00	0.00	5.38	0.00
314	43.00	21.00	522.01	14688.00	26100.31	344042.69	344042.69	0.00	0.00	0.00	0.00	5.30	0.00
315	44.00	21.00	522.01	14688.00	26100.31	344042.69	344042.69	0.00	0.00	0.00	0.00	5.22	0.00
316	45.00	21.00	522.01	14688.00	26100.31	344042.69	344042.69	0.00	0.00	0.00	0.00	5.14	0.00
317	46.00	21.00	522.01	14688.00	26100.31	344042.69	344042.69	0.00	0.00	0.00	0.00	5.06	0.00
318	47.00	21.00	522.01	14688.00	26100.31	344042.69	344042.69	0.00	0.00	0.00	0.00	4.99	0.00
319	48.00	21.00	522.01	14688.00	26100.31	344042.69	344042.69	0.00	0.00	0.00	0.00	4.91	0.00
320	49.00	21.00	522.01	14688.00	26100.31	344042.69	344042.69	0.00	0.00	0.00	0.00	4.84	0.00
321	50.00	21.00	522.01	14688.00	26100.31	344042.69	344042.69	0.00	0.00	0.00	0.00	4.78	0.00
322	51.00	21.00	522.01	14688.00	26100.31	344042.69	344042.69	0.00	0.00	0.00	0.00	4.71	0.00
323	52.00	21.00	522.01	14688.00	26100.31	344042.69	344042.69	0.00	0.00	0.00	0.00	4.64	0.00
324	53.00	21.00	522.01	14688.00	26100.31	344042.69	344042.69	0.00	0.00	0.00	0.00	4.58	0.00
325	54.00	21.00	522.01	14688.00	26100.31	344042.69	344042.69	0.00	0.00	0.00	0.00	4.52	0.00
326	55.00	21.00	522.01	14688.00	26100.31	344042.69	344042.69	0.00	0.00	0.00	0.00	4.46	0.00
327	56.00	21.00	522.01	14688.00	26100.31	344042.69	344042.69	0.00	0.00	0.00	0.00	4.40	0.00
328	57.00	21.00	522.01	14688.00	26100.31	344042.69	344042.69	0.00	0.00	0.00	0.00	4.35	0.00
329	58.00	21.00	522.01	14688.00	26100.31	344042.69	344042.69	0.00	0.00	0.00	0.00	4.29	0.00
330	59.00	21.00	522.01	14688.00	26100.31	344042.69	344042.69	0.00	0.00	0.00	0.00	4.24	0.00
331	59.00	22.00	522.01	14688.00	26100.31	344042.69	344042.69	0.00	0.00	0.00	0.00	4.37	0.00
332	60.00	22.00	522.01	14688.00	26100.31	344042.69	344042.69	0.00	0.00	0.00	0.00	4.31	0.00
333	61.00	22.00	522.01	14688.00	26100.31	344042.69	344042.69	0.00	0.00	0.00	0.00	4.26	0.00
334	62.00	22.00	522.01	14688.00	26100.31	344042.69	344042.69	0.00	0.00	0.00	0.00	4.21	0.00
335	63.00	22.00	522.01	14688.00	26100.31	344042.69	344042.69	0.00	0.00	0.00	0.00	4.16	0.00
336	64.00	22.00	522.01	14688.00	26100.31	344042.69	344042.69	0.00	0.00	0.00	0.00	4.11	0.00
337	65.00	22.00	522.01	14688.00	26100.31	344042.69	344042.69	0.00	0.00	0.00	0.00	4.06	0.00
338	66.00	22.00	522.01	14688.00	26100.31	344042.69	344042.69	0.00	0.00	0.00	0.00	4.02	0.00
339	67.00	22.00	522.01	14688.00	26100.31	344042.69	344042.69	0.00	0.00	0.00	0.00	3.97	0.00
340	68.00	22.00	522.01	14688.00	26100.31	344042.69	344042.69	0.00	0.00	0.00	0.00	3.93	0.00
341	69.00	22.00	522.01	14688.00	26100.31	344042.69	344042.69	0.00	0.00	0.00	0.00	3.89	0.00
342	70.00	22.00	522.01	14688.00	26100.31	344042.69	344042.69	0.00	0.00	0.00	0.00	3.84	0.00
343	71.00	22.00	522.01	14688.00	26100.31	344042.69	344042.69	0.00	0.00	0.00	0.00	3.80	0.00
344	72.00	22.00	522.01	14688.00	26100.31	344042.69	344042.69	0.00	0.00	0.00	0.00	3.76	0.00
345	73.00	22.00	522.01	14688.00	26100.31	344042.69	344042.69	0.00	0.00	0.00	0.00	3.72	0.00
346	74.00	22.00	522.01	14688.00	26100.31	344042.69	344042.69	0.00	0.00	0.00	0.00	3.68	0.00
347	25.00	22.00	522.01	14688.00	26100.31	344042.69	344042.69	0.00	0.00	0.00	0.00	7.52	0.00
348	26.00	22.00	522.01	14688.00	26100.31	344042.69	344042.69	0.00	0.00	0.00	0.00	7.37	0.00
349	27.00	22.00	522.01	14688.00	26100.31	344042.69	344042.69	0.00	0.00	0.00	0.00	7.22	0.00
350	28.00	22.00	522.01	14688.00	26100.31	344042.69	344042.69	0.00	0.00	0.00	0.00	7.07	0.00
351	29.00	22.00	522.01	14688.00	26100.31	344042.69	344042.69	0.00	0.00	0.00	0.00	6.93	0.00
352	29.00	23.00	522.01	14688.00	26100.31	344042.69	344042.69	0.00	0.00	0.00	0.00	6.98	0.00
353	30.00	23.00	522.01	14688.00	26100.31	344042.69	344042.69	0.00	0.00	0.00	0.00	6.85	0.00
354	31.00	23.00	522.01	14688.00	26100.31	344042.69	344042.69	0.00	0.00	0.00	0.00	6.72	0.00
355	32.00	23.00	522.01	14688.00	26100.31	344042.69	344042.69	0.00	0.00	0.00	0.00	6.60	0.00
356	33.00	23.00	522.01	14688.00	26100.31	344042.69	344042.69	0.00	0.00	0.00	0.00	6.48	0.00
357	34.00	23.00	522.01	14688.00	26100.31	344042.69	344042.69	0.00	0.00	0.00	0.00	6.37	0.00
358	35.00	23.00	522.01	14688.00	26100.31	344042.69	344042.69	0.00	0.00	0.00	0.00	6.26	0.00
359	36.00	23.00	522.01	14688.00	26100.31	344042.69	344042.69	0.00	0.00	0.00	0.00	6.15	0.00
360	37.00	23.00	522.01	14688.00	26100.31	344042.69	344042.69	0.00	0.00	0.00	0.00	6.05	0.00
361	38.00	23.00	522.01	14688.00	26100.31	344042.69	344042.69	0.00	0.00	0.00	0.00	5.95	0.00
362	39.00	23.00	522.01	14688.00	26100.31	344042.69	344042.69	0.00	0.00	0.00	0.00	5.85	0.00
363	40.00	23.00	522.01	14688.00	26100.31	344042.69	344042.69	0.00	0.00	0.00	0.00	5.76	0.00
364	41.00	23.00	522.01	14688.00	26100.31	344042.69	344042.69	0.00	0.00	0.00	0.00	5.67	0.00
365	42.00	23.00	522.01	14688.00	26100.31	344042.69	344042.69	0.00	0.00	0.00	0.00	5.58	0.00
366	42.00	24.00	522.01	14688.00	26100.31	344042.69	344042.69	0.00	0.00	0.00	0.00	5.61	0.00
367	43.00	24.00	522.01	14688.00	26100.31	344042.69	344042.69	0.00	0.00	0.00	0.00	5.53	0.00
368	44.00	24.00	522.01	14688.00	26100.31	344042.69	344042.69	0.00	0.00	0.00	0.00	5.45	0.00
369	45.00	24.00	522.01	14688.00	26100.31	344042.69	344042.69	0.00	0.00	0.00	0.00	5.37	0.00
370	46.00	24.00	522.01	14688.00	26100.31	344042.69	344042.69	0.00	0.00	0.00	0.00	5.29	0.00
371	47.00	24.00	522.01	14688.00	26100.31	344042.69	344042.69	0.00	0.00	0.00	0.00	5.22	0.00
372	48.00	24.00	522.01	14688.00	26100.31	344042.69	344042.69	0.00	0.00	0.00	0.00	5.14	0.00
373	49.00	24.00	522.01	14688.00	26100.31	344042.69	344042.69	0.00	0.00	0.00	0.00	5.07	0.00
374	49.00	25.00	522.01	14688.00	26100.31	344042.69	344042.69	0.00	0.00	0.00	0.00	5.13	0.00
375	50.00	25.00	522.01	14688.00	26100.31	344042.69	344042.69	0.00	0.00	0.00	0.00	5.06	0.00
376	51.00	25.00	522.01	14688.00	26100.31	344042.69	344042.69	0.00	0.00	0.00	0.00	5.00	0.00
377	51.00	26.00	522.01	14688.00	26100.31	344042.69	344042.69	0.00	0.00	0.00	0.00	5.06	0.00
378	51.00	27.00	522.01	14688.00	26100.31	344042.69	344042.69	0.00	0.00	0.00	0.00	5.12	0.00
379	52.00	27.00	522.01	14688.00	26100.31	344042.69	344042.69	0.00	0.00	0.00	0.00	5.05	0.00
380	53.00	27.00	522.01	14688.00	26100.31	344042.69	344042.69	0.00	0.00	0.00	0.00	4.99	0.00
381	54.00	27.00	522.01	14688.00	26100.31	344042.69	344042.69	0.00	0.00	0.00	0.00	4.93	0.00
382	55.00	27.00	522.01	14688.00	26100.31	344042.69	344042.69	0.00	0.00	0.00	0.00	4.87	0.00
383	56.00	27.00	522.01	14688.00	26100.31	344042.69	344042.69	0.00	0.00	0.00	0.00	4.81	0.00
384	57.00	27.00	522.01	14688.00	26100.31	344042.69	344042.69	0.00	0.00	0.00	0.00	4.75	0.00
385	58.00	27.00	522.01	14688.00	26100.31	344042.69	344042.69	0.00	0.00	0.00	0.00	4.70	0.00
386	59.00	27.00	522.01	14688.00	26100.31	344042.69	344042.69	0.00	0.00	0.00	0.00	4.64	0.00
387	60.00	27.00	522.01	14688.00	26100.31	344042.69	344042.69	0.00	0.00	0.00	0.00	4.59	0.00
388	61.00	27.00	522.01	14688.00	26100.31	344042.69	344042.69	0.00	0.00	0.00	0.00	4.54	0.00
389	62.00	27.00	522.01	14688.00	26100.31	344042.69	344042.69	0.00	0.00	0.00	0.00	4.49	0.00
390	63.00	27.00	522.01	14688.00	26100.31	344042.69	344042.69	0.00	0.00	0.00	0.00	4.44	0.00
391	64.00	27.00	522.01	14688.00	26100.31	344042.69	344042.69	0.00	0.00	0.00	0.00	4.39	0.00
392	65.00	27.00	522.01	14688.00	26100.31	344042.69	344042.69	0.00	0.00	0.00	0.00	4.34	0.00
393	66.00	27.00	522.01	14688.00	26100.31	344042.69	344042.69	0.00	0.00	0.00	0.00	4.29	0.00
394	67.00	27.00	522.01	14688.00	26100.31	344042.69	344042.69	0.00	0.00	0.00	0.00	4.25	0.00
395	68.00	27.00	522.01	14688.00	26100.31	344042.69	344042.69	0.00	0.00	0.00	0.00	4.20	0.00
396	69.00	27.00	522.01	14688.00	26100.31	344042.69	344042.69	0.00	0.00	0.00	0.00	4.16	0.00
397	70.00	27.00	522.01	14688.00	26100.31	344042.69	344042.69	0.00	0.00	0.00	0.00	4.12	0.00
398	71.00	27.00	522.01	14688.00	26100.31	344042.69	344042.69	0.00	0.00	0.00	0.00	4.07	0.00
399	72.00	27.00	522.01	14688.00	26100.31	344042.69	344042.69	0.00	0.00	0.00	0.00	4.03	0.00
400	73.00	27.00	522.01	14688.00	26100.31	344042.69	344042.69	0.00	0.00	0.00	0.00	3.99	0.00
401	74.00	27.00	443.71	17625.60	22185.27	344042.69	344042.69	0.00	0.00	0.00	0.00	3.95	0.00
402	25.00	27.00	443.71	17625.60	22185.27	344042.69	344042.69	0.00	0.00	0.00	0.00	7.68	0.00
403	26.00	27.00	443.71	17625.60	22185.27	344042.69	344042.69	0.00	0.00	0.00	0.00	7.53	0.00
404	27.00	27.00	443.71	17625.60	22185.27	344042.69	344042.69	0.00	0.00	0.00	0.00	7.39	0.00
405	28.00	27.00	443.71	17625.60	22185.27	344042.69	344042.69	0.00	0.00	0.00	0.00	7.26	0.00
406	29.00	27.00	443.71	17625.60	22185.27	344042.69	344042.69	0.00	0.00	0.00	0.00	7.13	0.00
407	29.00	28.00	443.71	17625.60	22185.27	344042.69	344042.69	0.00	0.00	0.00	0.00	7.24	0.00
408	30.00	28.00	443.71	17625.60	22185.27	344042.69	344042.69	0.00	0.00	0.00	0.00	7.12	0.00
409	31.00	28.00	443.71	17625.60	22185.27	344042.69	344042.69	0.00	0.00	0.00	0.00	7.00	0.00
410	32.00	28.00	443.71	17625.60	22185.27	344042.69	344042.69	0.00	0.00	0.00	0.00	6.88	0.00
411	33.00	28.00	443.71	17625.60	22185.27	344042.69	344042.69	0.00	0.00	0.00	0.00	6.77	0.00
412	34.00	28.00	443.71	17625.60	22185.27	344042.69	344042.69	0.00	0.00	0.00	0.00	6.66	0.00
413	35.00	28.00	443.71	17625.60	22185.27	344042.69	344042.69	0.00	0.00	0.00	0.00	6.55	0.00
414	36.00	28.00	443.71	17625.60	22185.27	344042.69	344042.69	0.00	0.00	0.00	0.00	6.45	0.00
415	37.00	28.00	443.71	17625.60	22185.27	344042.69	344042.69	0.00	0.00	0.00	0.00	6.35	0.00
416	38.00	28.00	443.71	17625.60	22185.27	344042.69	344042.69	0.00	0.00	0.00	0.00	6.25	0.00
417	39.00	28.00	443.71	17625.60	22185.27	344042.69	344042.69	0.00	0.00	0.00	0.00	6.16	0.00
418	39.00	29.00	443.71	17625.60	22185.27	344042.69	344042.69	0.00	0.00	0.00	0.00	6.21	0.00
419	40.00	29.00	443.71	17625.60	22185.27	344042.69	344042.69	0.00	0.00	0.00	0.00	6.12	0.00
420	41.00	29.00	443.71	17625.60	22185.27	344042.69	344042.69	0.00	0.00	0.00	0.00	6.03	0.00
421	42.00	29.00	443.71	17625.60	22185.27	344042.69	344042.69	0.00	0.00	0.00	0.00	5.95	0.00
422	43.00	29.00	443.71	17625.60	22185.27	344042.69	344042.69	0.00	0.00	0.00	0.00	5.86	0.00
423	44.00	29.00	443.71	17625.60	22185.27	344042.69	344042.69	0.00	0.00	0.00	0.00	5.78	0.00
424	45.00	29.00	443.71	17625.60	22185.27	344042.69	344042.69	0.00	0.00	0.00	0.00	5.70	0.00
425	46.00	29.00	443.71	17625.60	22185.27	344042.69	344042.69	0.00	0.00	0.00	0.00	5.63	0.00
426	47.00	29.00	443.71	17625.60	22185.27	344042.69	344042.69	0.00	0.00	0.00	0.00	5.55	0.00
427	48.00	29.00	443.71	17625.60	22185.27	344042.69	344042.69	0.00	0.00	0.00	0.00	5.48	0.00
428	49.00	29.00	443.71	17625.60	22185.27	344042.69	344042.69	0.00	0.00	0.00	0.00	5.41	0.00
429	49.00	30.00	443.71	17625.60	22185.27	344042.69	344042.69	0.00	0.00	0.00	0.00	5.46	0.00
430	50.00	30.00	443.71	17625.60	22185.27	344042.69	344042.69	0.00	0.00	0.00	0.00	5.39	0.00
431	51.00	30.00	443.71	17625.60	22185.27	344042.69	344042.69	0.00	0.00	0.00	0.00	5.33	0.00
432	52.00	30.00	443.71	17625.60	22185.27	344042.69	344042.69	0.00	0.00	0.00	0.00	5.26	0.00
433	53.00	30.00	443.71	17625.60	22185.27	344042.69	344042.69	0.00	0.00	0.00	0.00	5.20	0.00
434	54.00	30.00	443.71	17625.60	22185.27	344042.69	344042.69	0.00	0.00	0.00	0.00	5.14	0.00
435	55.00	30.00	443.71	17625.60	22185.27	344042.69	344042.69	0.00	0.00	0.00	0.00	5.08	0.00
436	56.00	30.00	443.71	17625.60	22185.27	344042.69	344042.69	0.00	0.00	0.00	0.00	5.02	0.00
437	57.00	30.00	443.71	17625.60	22185.27	344042.69	344042.69	0.00	0.00	0.00	0.00	4.96	0.00
438	57.00	31.00	443.71	17625.60	22185.27	344042.69	344042.69	0.00	0.00	0.00	0.00	5.02	0.00
439	58.00	31.00	443.71	17625.60	22185.27	344042.69	344042.69	0.00	0.00	0.00	0.00	4.96	0.00
440	59.00	31.00	443.71	17625.60	22185.27	344042.69	344042.69	0.00	0.00	0.00	0.00	4.91	0.00
441	60.00	31.00	443.71	17625.60	22185.27	344042.69	344042.69	0.00	0.00	0.00	0.00	4.85	0.00
442	61.00	31.00	443.71	17625.60	22185.27	344042.69	344042.69	0.00	0.00	0.00	0.00	4.80	0.00
443	62.00	31.00	443.71	17625.60	22185.27	344042.69	344042.69	0.00	0.00	0.00	0.00	4.75	0.00
444	63.00	31.00	443.71	17625.60	22185.27	344042.69	344042.69	0.00	0.00	0.00	0.00	4.70	0.00
445	64.00	31.00	443.71	17625.60	22185.27	344042.69	344042.69	0.00	0.00	0.00	0.00	4.65	0.00
446	65.00	31.00	443.71	17625.60	22185.27	344042.69	344042.69	0.00	0.00	0.00	0.00	4.60	0.00
447	66.00	31.00	443.71	17625.60	22185.27	344042.69	344042.69	0.00	0.00	0.00	0.00	4.55	0.00
448	67.00	31.00	443.71	17625.60	22185.27	344042.69	344042.69	0.00	0.00	0.00	0.00	4.51	0.00
449	68.00	31.00	443.71	17625.60	22185.27	344042.69	344042.69	0.00	0.00	0.00	0.00	4.46	0.00
450	69.00	31.00	443.71	17625.60	22185.27	344042.69	344042.69	0.00	0.00	0.00	0.00	4.42	0.00
451	70.00	31.00	443.71	17625.60	22185.27	344042.69	344042.69	0.00	0.00	0.00	0.00	4.37	0.00
452	71.00	31.00	443.71	17625.60	22185.27	344042.69	344042.69	0.00	0.00	0.00	0.00	4.33	0.00
453	72.00	31.00	443.71	17625.60	22185.27	344042.69	344042.69	0.00	0.00	0.00	0.00	4.29	0.00
454	73.00	31.00	443.71	17625.60	22185.27	344042.69	344042.69	0.00	0.00	0.00	0.00	4.25	0.00
455	74.00	31.00	443.71	17625.60	22185.27	344042.69	344042.69	0.00	0.00	0.00	0.00	4.21	0.00
456	74.00	32.00	443.71	17625.60	22185.27	344042.69	344042.69	0.00	0.00	0.00	0.00	4.25	0.00
457	25.00	32.00	443.71	17625.60	22185.27	344042.69	344042.69	0.00	0.00	0.00	0.00	7.91	0.00
458	26.00	32.00	377.15	21150.72	18857.48	344042.69	344042.69	0.00	0.00	0.00	0.00	7.78	0.00
459	27.00	32.00	377.15	21150.72	18857.48	344042.69	344042.69	0.00	0.00	0.00	0.00	7.64	0.00
460	28.00	32.00	377.15	21150.72	18857.48	344042.69	344042.69	0.00	0.00	0.00	0.00	7.52	0.00
461	29.00	32.00	377.15	21150.72	18857.48	344042.69	344042.69	0.00	0.00	0.00	0.00	7.39	0.00
462	30.00	32.00	377.15	21150.72	18857.48	344042.69	344042.69	0.00	0.00	0.00	0.00	7.27	0.00
463	31.00	32.00	377.15	21150.72	18857.48	344042.69	344042.69	0.00	0.00	0.00	0.00	7.16	0.00
464	32.00	32.00	377.15	21150.72	18857.48	344042.69	344042.69	0.00	0.00	0.00	0.00	7.05	0.00
465	33.00	32.00	377.15	21150.72	18857.48	344042.69	344042.69	0.00	0.00	0.00	0.00	6.94	0.00
466	34.00	32.00	377.15	21150.72	18857.48	344042.69	344042.69	0.00	0.00	0.00	0.00	6.83	0.00
467	35.00	32.00	377.15	21150.72	18857.48	344042.69	344042.69	0.00	0.00	0.00	0.00	6.73	0.00
468	36.00	32.00	377.15	21150.72	18857.48	344042.69	344042.69	0.00	0.00	0.00	0.00	6.63	0.00
469	37.00	32.00	377.15	21150.72	18857.48	344042.69	344042.69	0.00	0.00	0.00	0.00	6.54	0.00
470	38.00	32.00	377.15	21150.72	18857.48	344042.69	344042.69	0.00	0.00	0.00	0.00	6.44	0.00
471	39.00	32.00	377.15	21150.72	18857.48	344042.69	344042.69	0.00	0.00	0.00	0.00	6.35	0.00
472	39.00	33.00	377.15	21150.72	18857.48	344042.69	344042.69	0.00	0.00	0.00	0.00	6.39	0.00
473	40.00	33.00	377.15	21150.72	18857.48	344042.69	344042.69	0.00	0.00	0.00	0.00	6.31	0.00
474	40.00	34.00	377.15	21150.72	18857.48	344042.69	344042.69	0.00	0.00	0.00	0.00	6.35	0.00
475	41.00	34.00	377.15	21150.72	18857.48	344042.69	344042.69	0.00	0.00	0.00	0.00	6.26	0.00
476	42.00	34.00	377.15	21150.72	18857.48	344042.69	344042.69	0.00	0.00	0.00	0.00	6.18	0.00
477	43.00	34.00	377.15	21150.72	18857.48	344042.69	344042.69	0.00	0.00	0.00	0.00	6.10	0.00
478	44.00	34.00	377.15	21150.72	18857.48	344042.69	344042.69	0.00	0.00	0.00	0.00	6.02	0.00
479	45.00	34.00	377.15	21150.72	18857.48	344042.69	344042.69	0.00	0.00	0.00	0.00	5.95	0.00
480	46.00	34.00	377.15	21150.72	18857.48	344042.69	344042.69	0.00	0.00	0.00	0.00	5.87	0.00
481	47.00	34.00	377.15	21150.72	18857.48	344042.69	344042.69	0.00	0.00	0.00	0.00	5.80	0.00
482	48.00	34.00	377.15	21150.72	18857.48	344042.69	344042.69	0.00	0.00	0.00	0.00	5.73	0.00
483	49.00	34.00	377.15	21150.72	18857.48	344042.69	344042.69	0.00	0.00	0.00	0.00	5.66	0.00
484	50.00	34.00	377.15	21150.72	18857.48	344042.69	344042.69	0.00	0.00	0.00	0.00	5.59	0.00
485	51.00	34.00	377.15	21150.72	18857.48	344042.69	344042.69	0.00	0.00	0.00	0.00	5.53	0.00
486	52.00	34.00	377.15	21150.72	18857.48	344042.69	344042.69	0.00	0.00	0.00	0.00	5.46	0.00
487	53.00	34.00	377.15	21150.72	18857.48	344042.69	344042.69	0.00	0.00	0.00	0.00	5.40	0.00
488	54.00	34.00	377.15	21150.72	18857.48	344042.69	344042.69	0.00	0.00	0.00	0.00	5.34	0.00
489	55.00	34.00	377.15	21150.72	18857.48	344042.69	344042.69	0.00	0.00	0.00	0.00	5.28	0.00
490	56.00	34.00	377.15	21150.72	18857.48	344042.69	344042.69	0.00	0.00	0.00	0.00	5.22	0.00
491	57.00	34.00	377.15	21150.72	18857.48	344042.69	344042.69	0.00	0.00	0.00	0.00	5.16	0.00
492	58.00	34.00	377.15	21150.72	18857.48	344042.69	344042.69	0.00	0.00	0.00	0.00	5.11	0.00
493	59.00	34.00	377.15	21150.72	18857.48	344042.69	344042.69	0.00	0.00	0.00	0.00	5.05	0.00
494	60.00	34.00	377.15	21150.72	18857.48	344042.69	344042.69	0.00	0.00	0.00	0.00	5.00	0.00
495	61.00	34.00	377.15	21150.72	18857.48	344042.69	344042.69	0.00	0.00	0.00	0.00	4.94	0.00
496	62.00	34.00	377.15	21150.72	18857.48	344042.69	344042.69	0.00	0.00	0.00	0.00	4.89	0.00
497	63.00	34.00	377.15	21150.72	18857.48	344042.69	344042.69	0.00	0.00	0.00	0.00	4.84	0.00
498	64.00	34.00	377.15	21150.72	18857.48	344042.69	344042.69	0.00	0.00	0.00	0.00	4.79	0.00
499	65.00	34.00	377.15	21150.72	18857.48	344042.69	344042.69	0.00	0.00	0.00	0.00	4.74	0.00
500	66.00	34.00	377.15	21150.72	18857.48	344042.69	344042.69	0.00	0.00	0.00	0.00	4.70	0.00
501	67.00	34.00	377.15	21150.72	18857.48	344042.69	344042.69	0.00	0.00	0.00	0.00	4.65	0.00
502	68.00	34.00	377.15	21150.72	18857.48	344042.69	344042.69	0.00	0.00	0.00	0.00	4.60	0.00
503	69.00	34.00	377.15	21150.72	18857.48	344042.69	344042.69	0.00	0.00	0.00	0.00	4.56	0.00
504	70.00	34.00	377.15	21150.72	18857.48	344042.69	344042.69	0.00	0.00	0.00	0.00	4.52	0.00
505	71.00	34.00	377.15	21150.72	18857.48	344042.69	344042.69	0.00	0.00	0.00	0.00	4.47	0.00
506	72.00	34.00	377.15	21150.72	18857.48	344042.69	344042.69	0.00	0.00	0.00	0.00	4.43	0.00
507	73.00	34.00	377.15	21150.72	18857.48	344042.69	344042.69	0.00	0.00	0.00	0.00	4.39	0.00
508	74.00	34.00	377.15	21150.72	18857.48	344042.69	344042.69	0.00	0.00	0.00	0.00	4.35	0.00
509	25.00	34.00	377.15	21150.72	18857.48	344042.69	344042.69	0.00	0.00	0.00	0.00	7.96	0.00
510	26.00	34.00	377.15	21150.72	18857.48	344042.69	344042.69	0.00	0.00	0.00	0.00	7.83	0.00
511	27.00	34.00	377.15	21150.72	18857.48	344042.69	344042.69	0.00	0.00	0.00	0.00	7.70	0.00
512	28.00	34.00	377.15	21150.72	18857.48	344042.69	344042.69	0.00	0.00	0.00	0.00	7.58	0.00
513	29.00	34.00	377.15	21150.72	18857.48	344042.69	344042.69	0.00	0.00	0.00	0.00	7.46	0.00
514	30.00	34.00	377.15	21150.72	18857.48	344042.69	344042.69	0.00	0.00	0.00	0.00	7.34	0.00
515	31.00	34.00	377.15	21150.72	18857.48	344042.69	344042.69	0.00	0.00	0.00	0.00	7.23	0.00
516	32.00	34.00	377.15	21150.72	18857.48	344042.69	344042.69	0.00	0.00	0.00	0.00	7.12	0.00
517	33.00	34.00	377.15	21150.72	18857.48	344042.69	344042.69	0.00	0.00	0.00	0.00	7.01	0.00
518	34.00	34.00	377.15	21150.72	18857.48	344042.69	344042.69	0.00	0.00	0.00	0.00	6.91	0.00
519	35.00	34.00	377.15	21150.72	18857.48	344042.69	344042.69	0.00	0.00	0.00	0.00	6.81	0.00
520	36.00	34.00	377.15	21150.72	18857.48	344042.69	344042.69	0.00	0.00	0.00	0.00	6.71	0.00
521	37.00	34.00	377.15	21150.72	18857.48	344042.69	344042.69	0.00	0.00	0.00	0.00	6.62	0.00
522	38.00	34.00	377.15	21150.72	18857.48	344042.69	344042.69	0.00	0.00	0.00	0.00	6.52	0.00
523	38.00	35.00	377.15	21150.72	18857.48	344042.69	344042.69	0.00	0.00	0.00	0.00	6.68	0.00
524	39.00	35.00	377.15	21150.72	18857.48	344042.69	344042.69	0.00	0.00	0.00	0.00	6.59	0.00
525	40.00	35.00	377.15	21150.72	18857.48	344042.69	344042.69	0.00	0.00	0.00	0.00	6.50	0.00
526	41.00	35.00	377.15	21150.72	18857.48	344042.69	344042.69	0.00	0.00	0.00	0.00	6.42	0.00
527	42.00	35.00	377.15	21150.72	18857.48	344042.69	344042.69	0.00	0.00	0.00	0.00	6.33	0.00
528	43.00	35.00	377.15	21150.72	18857.48	344042.69	344042.69	0.00	0.00	0.00	0.00	6.25	0.00
529	44.00	35.00	377.15	21150.72	18857.48	344042.69	344042.69	0.00	0.00	0.00	0.00	6.17	0.00
530	45.00	35.00	377.15	21150.72	18857.48	344042.69	344042.69	0.00	0.00	0.00	0.00	6.09	0.00
531	46.00	35.00	377.15	21150.72	18857.48	344042.69	344042.69	0.00	0.00	0.00	0.00	6.02	0.00
532	47.00	35.00	377.15	21150.72	18857.48	344042.69	344042.69	0.00	0.00	0.00	0.00	5.95	0.00
533	47.00	36.00	377.15	21150.72	18857.48	344042.69	344042.69	0.00	0.00	0.00	0.00	5.99	0.00
534	48.00	36.00	377.15	21150.72	18857.48	344042.69	344042.69	0.00	0.00	0.00	0.00	5.92	0.00
535	49.00	36.00	377.15	21150.72	18857.48	344042.69	344042.69	0.00	0.00	0.00	0.00	5.85	0.00
536	50.00	36.00	377.15	21150.72	18857.48	344042.69	344042.69	0.00	0.00	0.00	0.00	5.78	0.00
537	51.00	36.00	377.15	21150.72	18857.48	344042.69	344042.69	0.00	0.00	0.00	0.00	5.71	0.00
538	52.00	36.00	377.15	21150.72	18857.48	344042.69	344042.69	0.00	0.00	0.00	0.00	5.65	0.00
539	53.00	36.00	377.15	21150.72	18857.48	344042.69	344042.69	0.00	0.00	0.00	0.00	5.58	0.00
540	54.00	36.00	377.15	21150.72	18857.48	344042.69	344042.69	0.00	0.00	0.00	0.00	5.52	0.00
541	55.00	36.00	377.15	21150.72	18857.48	344042.69	344042.69	0.00	0.00	0.00	0.00	5.46	0.00
542	56.00	36.00	377.15	21150.72	18857.48	344042.69	344042.69	0.00	0.00	0.00	0.00	5.40	0.00
543	57.00	36.00	377.15	21150.72	18857.48	344042.69	344042.69	0.00	0.00	0.00	0.00	5.34	0.00
544	58.00	36.00	377.15	21150.72	18857.48	344042.69	344042.69	0.00	0.00	0.00	0.00	5.29	0.00
545	59.00	36.00	377.15	21150.72	18857.48	344042.69	344042.69	0.00	0.00	0.00	0.00	5.23	0.00
546	60.00	36.00	377.15	21150.72	18857.48	344042.69	344042.69	0.00	0.00	0.00	0.00	5.18	0.00
547	61.00	36.00	377.15	21150.72	18857.48	344042.69	344042.69	0.00	0.00	0.00	0.00	5.12	0.00
548	62.00	36.00	377.15	21150.72	18857.48	344042.69	344042.69	0.00	0.00	0.00	0.00	5.07	0.00
549	63.00	36.00	377.15	21150.72	18857.48	344042.69	344042.69	0.00	0.00	0.00	0.00	5.02	0.00
550	64.00	36.00	377.15	21150.72	18857.48	344042.69	344042.69	0.00	0.00	0.00	0.00	4.97	0.00
551	65.00	36.00	377.15	21150.72	18857.48	344042.69	344042.69	0.00	0.00	0.00	0.00	4.92	0.00
552	66.00	36.00	377.15	21150.72	18857.48	344042.69	344042.69	0.00	0.00	0.00	0.00	4.87	0.00
553	67.00	36.00	377.15	21150.72	18857.48	344042.69	344042.69	0.00	0.00	0.00	0.00	4.82	0.00
554	68.00	36.00	377.15	21150.72	18857.48	344042.69	344042.69	0.00	0.00	0.00	0.00	4.78	0.00
555	69.00	36.00	377.15	21150.72	18857.48	344042.69	344042.69	0.00	0.00	0.00	0.00	4.73	0.00
556	70.00	36.00	377.15	21150.72	18857.48	344042.69	344042.69	0.00	0.00	0.00	0.00	4.69	0.00
557	71.00	36.00	377.15	21150.72	18857.48	344042.69	344042.69	0.00	0.00	0.00	0.00	4.64	0.00
558	72.00	36.00	320.58	25380.86	16028.85	344042.69	344042.69	0.00	0.00	0.00	0.00	4.60	0.00
559	73.00	36.00	320.58	25380.86	16028.85	344042.69	344042.69	0.00	0.00	0.00	0.00	4.56	0.00
560	74.00	36.00	320.58	25380.86	16028.85	344042.69	344042.69	0.00	0.00	0.00	0.00	4.52	0.00
561	74.00	37.00	320.58	25380.86	16028.85	344042.69	344042.69	0.00	0.00	0.00	0.00	4.73	0.00
562	25.00	37.00	320.58	25380.86	16028.85	344042.69	344042.69	0.00	0.00	0.00	0.00	8.47	0.00
563	26.00	37.00	320.58	25380.86	16028.85	344042.69	344042.69	0.00	0.00	0.00	0.00	8.33	0.00
564	27.00	37.00	320.58	25380.86	16028.85	344042.69	344042.69	0.00	0.00	0.00	0.00	8.20	0.00
565	27.00	38.00	320.58	25380.86	16028.85	344042.69	344042.69	0.00	0.00	0.00	0.00	8.51	0.00
566	28.00	38.00	320.58	25380.86	16028.85	344042.69	344042.69	0.00	0.00	0.00	0.00	8.38	0.00
567	29.00	38.00	320.58	25380.86	16028.85	344042.69	344042.69	0.00	0.00	0.00	0.00	8.26	0.00
568	29.00	39.00	320.58	25380.86	16028.85	344042.69	344042.69	0.00	0.00	0.00	0.00	8.27	0.00
569	30.00	39.00	320.58	25380.86	16028.85	344042.69	344042.69	0.00	0.00	0.00	0.00	8.15	0.00
570	31.00	39.00	320.58	25380.86	16028.85	344042.69	344042.69	0.00	0.00	0.00	0.00	8.04	0.00
571	32.00	39.00	320.58	25380.86	16028.85	344042.69	344042.69	0.00	0.00	0.00	0.00	7.92	0.00
572	33.00	39.00	320.58	25380.86	16028.85	344042.69	344042.69	0.00	0.00	0.00	0.00	7.81	0.00
573	34.00	39.00	320.58	25380.86	16028.85	344042.69	344042.69	0.00	0.00	0.00	0.00	7.71	0.00
574	35.00	39.00	320.58	25380.86	16028.85	344042.69	344042.69	0.00	0.00	0.00	0.00	7.60	0.00
575	35.00	40.00	320.58	25380.86	16028.85	344042.69	344042.69	0.00	0.00	0.00	0.00	7.63	0.00
576	36.00	40.00	320.58	25380.86	16028.85	344042.69	344042.69	0.00	0.00	0.00	0.00	7.53	0.00
577	37.00	40.00	320.58	25380.86	16028.85	344042.69	344042.69	0.00	0.00	0.00	0.00	7.43	0.00
578	38.00	40.00	320.58	25380.86	16028.85	344042.69	344042.69	0.00	0.00	0.00	0.00	7.33	0.00
579	39.00	40.00	320.58	25380.86	16028.85	344042.69	344042.69	0.00	0.00	0.00	0.00	7.24	0.00
580	40.00	40.00	320.58	25380.86	16028.85	344042.69	344042.69	0.00	0.00	0.00	0.00	7.15	0.00
581	41.00	40.00	320.58	25380.86	16028.85	344042.69	344042.69	0.00	0.00	0.00	0.00	7.06	0.00
582	42.00	40.00	320.58	25380.86	16028.85	344042.69	344042.69	0.00	0.00	0.00	0.00	6.97	0.00
583	43.00	40.00	320.58	25380.86	16028.85	344042.69	344042.69	0.00	0.00	0.00	0.00	6.89	0.00
584	44.00	40.00	320.58	25380.86	16028.85	344042.69	344042.69	0.00	0.00	0.00	0.00	6.81	0.00
585	45.00	40.00	320.58	25380.86	16028.85	344042.69	344042.69	0.00	0.00	0.00	0.00	6.73	0.00
586	46.00	40.00	320.58	25380.86	16028.85	344042.69	344042.69	0.00	0.00	0.00	0.00	6.65	0.00
587	47.00	40.00	320.58	25380.86	16028.85	344042.69	344042.69	0.00	0.00	0.00	0.00	6.57	0.00
588	48.00	40.00	320.58	25380.86	16028.85	344042.69	344042.69	0.00	0.00	0.00	0.00	6.50	0.00
589	49.00	40.00	320.58	25380.86	16028.85	344042.69	344042.69	0.00	0.00	0.00	0.00	6.43	0.00
590	50.00	40.00	320.58	25380.86	16028.85	344042.69	344042.69	0.00	0.00	0.00	0.00	6.35	0.00
591	51.00	40.00	320.58	25380.86	16028.85	344042.69	344042.69	0.00	0.00	0.00	0.00	6.28	0.00
592	52.00	40.00	320.58	25380.86	16028.85	344042.69	344042.69	0.00	0.00	0.00	0.00	6.22	0.00
593	53.00	40.00	320.58	25380.86	16028.85	344042.69	344042.69	0.00	0.00	0.00	0.00	6.15	0.00
594	54.00	40.00	320.58	25380.86	16028.85	344042.69	344042.69	0.00	0.00	0.00	0.00	6.08	0.00
595	55.00	40.00	320.58	25380.86	16028.85	344042.69	344042.69	0.00	0.00	0.00	0.00	6.02	0.00
596	56.00	40.00	320.58	25380.86	16028.85	344042.69	344042.69	0.00	0.00	0.00	0.00	5.96	0.00
597	57.00	40.00	320.58	25380.86	16028.85	344042.69	344042.69	0.00	0.00	0.00	0.00	5.90	0.00
598	58.00	40.00	320.58	25380.86	16028.85	344042.69	344042.69	0.00	0.00	0.00	0.00	5.84	0.00
599	59.00	40.00	320.58	25380.86	16028.85	344042.69	344042.69	0.00	0.00	0.00	0.00	5.78	0.00
600	60.00	40.00	320.58	25380.86	16028.85	344042.69	344042.69	0.00	0.00	0.00	0.00	5.72	0.00
601	61.00	40.00	320.58	25380.86	16028.85	344042.69	344042.69	0.00	0.00	0.00	0.00	5.66	0.00
602	62.00	40.00	320.58	25380.86	16028.85	344042.69	344042.69	0.00	0.00	0.00	0.00	5.61	0.00
603	62.00	41.00	320.58	25380.86	16028.85	344042.69	344042.69	0.00	0.00	0.00	0.00	5.64	0.00
604	63.00	41.00	320.58	25380.86	16028.85	344042.69	344042.69	0.00	0.00	0.00	0.00	5.59	0.00
605	64.00	41.00	320.58	25380.86	16028.85	344042.69	344042.69	0.00	0.00	0.00	0.00	5.54	0.00
606	64.00	42.00	320.58	25380.86	16028.85	344042.69	344042.69	0.00	0.00	0.00	0.00	5.57	0.00
607	65.00	42.00	320.58	25380.86	16028.85	344042.69	344042.69	0.00	0.00	0.00	0.00	5.52	0.00
608	66.00	42.00	320.58	25380.86	16028.85	344042.69	344042.69	0.00	0.00	0.00	0.00	5.47	0.00
609	67.00	42.00	320.58	25380.86	16028.85	344042.69	344042.69	0.00	0.00	0.00	0.00	5.42	0.00
610	68.00	42.00	320.58	25380.86	16028.85	344042.69	344042.69	0.00	0.00	0.00	0.00	5.37	0.00
611	69.00	42.00	320.58	25380.86	16028.85	344042.69	344042.69	0.00	0.00	0.00	0.00	5.32	0.00
612	70.00	42.00	320.58	25380.86	16028.85	344042.69	344042.69	0.00	0.00	0.00	0.00	5.27	0.00
613	71.00	42.00	320.58	25380.86	16028.85	344042.69	344042.69	0.00	0.00	0.00	0.00	5.23	0.00
614	72.00	42.00	320.58	25380.86	16028.85	344042.69	344042.69	0.00	0.00	0.00	0.00	5.18	0.00
615	73.00	42.00	320.58	25380.86	16028.85	344042.69	344042.69	0.00	0.00	0.00	0.00	5.14	0.00
616	74.00	42.00	320.58	25380.86	16028.85	344042.69	344042.69	0.00	0.00	0.00	0.00	5.09	0.00
617	25.00	42.00	320.58	25380.86	16028.85	344042.69	344042.69	0.00	0.00	0.00	0.00	8.81	0.00
618	26.00	42.00	320.58	25380.86	16028.85	344042.69	344042.69	0.00	0.00	0.00	0.00	8.68	0.00
619	27.00	42.00	320.58	25380.86	16028.85	344042.69	344042.69	0.00	0.00	0.00	0.00	8.56	0.00
620	28.00	42.00	320.58	25380.86	16028.85	344042.69	344042.69	0.00	0.00	0.00	0.00	8.44	0.00
621	29.00	42.00	320.58	25380.86	16028.85	344042.69	344042.69	0.00	0.00	0.00	0.00	8.32	0.00
622	30.00	42.00	320.58	25380.86	16028.85	344042.69	344042.69	0.00	0.00	0.00	0.00	8.20	0.00
623	31.00	42.00	320.58	25380.86	16028.85	344042.69	344042.69	0.00	0.00	0.00	0.00	8.09	0.00
624	32.00	42.00	320.58	25380.86	16028.85	344042.69	344042.69	0.00	0.00	0.00	0.00	7.98	0.00
625	33.00	42.00	320.58	25380.86	16028.85	344042.69	344042.69	0.00	0.00	0.00	0.00	7.87	0.00
626	34.00	42.00	320.58	25380.86	16028.85	344042.69	344042.69	0.00	0.00	0.00	0.00	7.77	0.00
627	35.00	42.00	320.58	25380.86	16028.85	344042.69	344042.69	0.00	0.00	0.00	0.00	7.67	0.00
628	36.00	42.00	320.58	25380.86	16028.85	344042.69	344042.69	0.00	0.00	0.00	0.00	7.57	0.00
629	37.00	42.00	320.58	25380.86	16028.85	344042.69	344042.69	0.00	0.00	0.00	0.00	7.48	0.00
630	38.00	42.00	320.58	25380.86	16028.85	344042.69	344042.69	0.00	0.00	0.00	0.00	7.38	0.00
631	39.00	42.00	320.58	25380.86	16028.85	344042.69	344042.69	0.00	0.00	0.00	0.00	7.29	0.00
632	40.00	42.00	320.58	25380.86	16028.85	344042.69	344042.69	0.00	0.00	0.00	0.00	7.20	0.00
633	41.00	42.00	320.58	25380.86	16028.85	344042.69	344042.69	0.00	0.00	0.00	0.00	7.12	0.00
634	42.00	42.00	320.58	25380.86	16028.85	344042.69	344042.69	0.00	0.00	0.00	0.00	7.03	0.00
635	43.00	42.00	320.58	25380.86	16028.85	344042.69	344042.69	0.00	0.00	0.00	0.00	6.95	0.00
636	44.00	42.00	320.58	25380.86	16028.85	344042.69	344042.69	0.00	0.00	0.00	0.00	6.87	0.00
637	45.00	42.00	320.58	25380.86	16028.85	344042.69	344042.69	0.00	0.00	0.00	0.00	6.79	0.00
638	46.00	42.00	320.58	25380.86	16028.85	344042.69	344042.69	0.00	0.00	0.00	0.00	6.71	0.00
639	47.00	42.00	320.58	25380.86	16028.85	344042.69	344042.69	0.00	0.00	0.00	0.00	6.64	0.00
640	48.00	42.00	320.58	25380.86	16028.85	344042.69	344042.69	0.00	0.00	0.00	0.00	6.56	0.00
641	49.00	42.00	320.58	25380.86	16028.85	344042.69	344042.69	0.00	0.00	0.00	0.00	6.49	0.00
642	50.00	42.00	320.58	25380.86	16028.85	344042.69	344042.69	0.00	0.00	0.00	0.00	6.42	0.00
643	51.00	42.00	320.58	25380.86	16028.85	344042.69	344042.69	0.00	0.00	0.00	0.00	6.35	0.00
644	52.00	42.00	320.58	25380.86	16028.85	344042.69	344042.69	0.00	0.00	0.00	0.00	6.28	0.00
645	53.00	42.00	320.58	25380.86	16028.85	344042.69	344042.69	0.00	0.00	0.00	0.00	6.22	0.00
646	54.00	42.00	320.58	25380.86	16028.85	344042.69	344042.69	0.00	0.00	0.00	0.00	6.15	0.00
647	55.00	42.00	320.58	25380.86	16028.85	344042.69	344042.69	0.00	0.00	0.00	0.00	6.09	0.00
648	56.00	42.00	320.58	25380.86	16028.85	344042.69	344042.69	0.00	0.00	0.00	0.00	6.03	0.00
649	57.00	42.00	320.58	25380.86	16028.85	344042.69	344042.69	0.00	0.00	0.00	0.00	5.97	0.00
650	58.00	42.00	320.58	25380.86	16028.85	344042.69	344042.69	0.00	0.00	0.00	0.00	5.91	0.00
651	59.00	42.00	320.58	25380.86	16028.85	344042.69	344042.69	0.00	0.00	0.00	0.00	5.85	0.00
652	60.00	42.00	320.58	25380.86	16028.85	344042.69	344042.69	0.00	0.00	0.00	0.00	5.79	0.00
653	61.00	42.00	320.58	25380.86	16028.85	344042.69	344042.69	0.00	0.00	0.00	0.00	5.73	0.00
654	61.00	43.00	320.58	25380.86	16028.85	344042.69	344042.69	0.00	0.00	0.00	0.00	5.77	0.00
655	61.00	44.00	320.58	25380.86	16028.85	344042.69	344042.69	0.00	0.00	0.00	0.00	5.88	0.00
656	62.00	44.00	320.58	25380.86	16028.85	344042.69	344042.69	0.00	0.00	0.00	0.00	5.83	0.00
657	63.00	44.00	320.58	25380.86	16028.85	344042.69	344042.69	0.00	0.00	0.00	0.00	5.77	0.00
658	64.00	44.00	272.49	30457.04	13624.53	344042.69	344042.69	0.00	0.00	0.00	0.00	5.72	0.00
659	65.00	44.00	272.49	30457.04	13624.53	344042.69	344042.69	0.00	0.00	0.00	0.00	5.66	0.00
660	66.00	44.00	272.49	30457.04	13624.53	344042.69	344042.69	0.00	0.00	0.00	0.00	5.61	0.00
661	67.00	44.00	272.49	30457.04	13624.53	344042.69	344042.69	0.00	0.00	0.00	0.00	5.56	0.00
662	68.00	44.00	272.49	30457.04	13624.53	344042.69	344042.69	0.00	0.00	0.00	0.00	5.51	0.00
663	69.00	44.00	272.49	30457.04	13624.53	344042.69	344042.69	0.00	0.00	0.00	0.00	5.46	0.00
664	70.00	44.00	272.49	30457.04	13624.53	344042.69	344042.69	0.00	0.00	0.00	0.00	5.42	0.00
665	71.00	44.00	272.49	30457.04	13624.53	344042.69	344042.69	0.00	0.00	0.00	0.00	5.37	0.00
666	72.00	44.00	272.49	30457.04	13624.53	344042.69	344042.69	0.00	0.00	0.00	0.00	5.32	0.00
667	73.00	44.00	272.49	30457.04	13624.53	344042.69	344042.69	0.00	0.00	0.00	0.00	5.28	0.00
668	74.00	44.00	272.49	30457.04	13624.53	344042.69	344042.69	0.00	0.00	0.00	0.00	5.23	0.00
669	25.00	44.00	272.49	30457.04	13624.53	344042.69	344042.69	0.00	0.00	0.00	0.00	8.95	0.00
670	26.00	44.00	272.49	30457.04	13624.53	344042.69	344042.69	0.00	0.00	0.00	0.00	8.82	0.00
671	27.00	44.00	272.49	30457.04	13624.53	344042.69	344042.69	0.00	0.00	0.00	0.00	8.70	0.00
672	28.00	44.00	272.49	30457.04	13624.53	344042.69	344042.69	0.00	0.00	0.00	0.00	8.58	0.00
673	28.00	45.00	272.49	30457.04	13624.53	344042.69	344042.69	0.00	0.00	0.00	0.00	8.60	0.00
674	29.00	45.00	272.49	30457.04	13624.53	344042.69	344042.69	0.00	0.00	0.00	0.00	8.48	0.00
675	30.00	45.00	272.49	30457.04	13624.53	344042.69	344042.69	0.00	0.00	0.00	0.00	8.37	0.00
676	31.00	45.00	272.49	30457.04	13624.53	344042.69	344042.69	0.00	0.00	0.00	0.00	8.26	0.00
677	32.00	45.00	272.49	30457.04	13624.53	344042.69	344042.69	0.00	0.00	0.00	0.00	8.15	0.00
678	33.00	45.00	272.49	30457.04	13624.53	344042.69	344042.69	0.00	0.00	0.00	0.00	8.05	0.00
679	34.00	45.00	272.49	30457.04	13624.53	344042.69	344042.69	0.00	0.00	0.00	0.00	7.95	0.00
680	35.00	45.00	272.49	30457.04	13624.53	344042.69	344042.69	0.00	0.00	0.00	0.00	7.85	0.00
681	36.00	45.00	272.49	30457.04	13624.53	344042.69	344042.69	0.00	0.00	0.00	0.00	7.75	0.00
682	37.00	45.00	272.49	30457.04	13624.53	344042.69	344042.69	0.00	0.00	0.00	0.00	7.66	0.00
683	38.00	45.00	272.49	30457.04	13624.53	344042.69	344042.69	0.00	0.00	0.00	0.00	7.56	0.00
684	39.00	45.00	272.49	30457.04	13624.53	344042.69	344042.69	0.00	0.00	0.00	0.00	7.47	0.00
685	40.00	45.00	272.49	30457.04	13624.53	344042.69	344042.69	0.00	0.00	0.00	0.00	7.39	0.00
686	41.00	45.00	272.49	30457.04	13624.53	344042.69	344042.69	0.00	0.00	0.00	0.00	7.30	0.00
687	42.00	45.00	272.49	30457.04	13624.53	344042.69	344042.69	0.00	0.00	0.00	0.00	7.22	0.00
688	43.00	45.00	272.49	30457.04	13624.53	344042.69	344042.69	0.00	0.00	0.00	0.00	7.13	0.00
689	44.00	45.00	272.49	30457.04	13624.53	344042.69	344042.69	0.00	0.00	0.00	0.00	7.05	0.00
690	45.00	45.00	272.49	30457.04	13624.53	344042.69	344042.69	0.00	0.00	0.00	0.00	6.97	0.00
691	46.00	45.00	272.49	30457.04	13624.53	344042.69	344042.69	0.00	0.00	0.00	0.00	6.90	0.00
692	47.00	45.00	272.49	30457.04	13624.53	344042.69	344042.69	0.00	0.00	0.00	0.00	6.82	0.00
693	48.00	45.00	272.49	30457.04	13624.53	344042.69	344042.69	0.00	0.00	0.00	0.00	6.75	0.00
694	49.00	45.00	272.49	30457.04	13624.53	344042.69	344042.69	0.00	0.00	0.00	0.00	6.68	0.00
695	50.00	45.00	272.49	30457.04	13624.53	344042.69	344042.69	0.00	0.00	0.00	0.00	6.61	0.00
696	51.00	45.00	272.49	30457.04	13624.53	344042.69	344042.69	0.00	0.00	0.00	0.00	6.54	0.00
697	52.00	45.00	272.49	30457.04	13624.53	344042.69	344042.69	0.00	0.00	0.00	0.00	6.47	0.00
698	53.00	45.00	272.49	30457.04	13624.53	344042.69	344042.69	0.00	0.00	0.00	0.00	6.41	0.00
699	54.00	45.00	272.49	30457.04	13624.53	344042.69	344042.69	0.00	0.00	0.00	0.00	6.34	0.00
700	55.00	45.00	272.49	30457.04	13624.53	344042.69	344042.69	0.00	0.00	0.00	0.00	6.28	0.00
701	56.00	45.00	272.49	30457.04	13624.53	344042.69	344042.69	0.00	0.00	0.00	0.00	6.22	0.00
702	57.00	45.00	272.49	30457.04	13624.53	344042.69	344042.69	0.00	0.00	0.00	0.00	6.15	0.00
703	58.00	45.00	272.49	30457.04	13624.53	344042.69	344042.69	0.00	0.00	0.00	0.00	6.09	0.00
704	59.00	45.00	272.49	30457.04	13624.53	344042.69	344042.69	0.00	0.00	0.00	0.00	6.04	0.00
705	60.00	45.00	272.49	30457.04	13624.53	344042.69	344042.69	0.00	0.00	0.00	0.00	5.98	0.00
706	61.00	45.00	272.49	30457.04	13624.53	344042.69	344042.69	0.00	0.00	0.00	0.00	5.92	0.00
707	62.00	45.00	272.49	30457.04	13624.53	344042.69	344042.69	0.00	0.00	0.00	0.00	5.87	0.00
708	63.00	45.00	272.49	30457.04	13624.53	344042.69	344042.69	0.00	0.00	0.00	0.00	5.81	0.00
709	64.00	45.00	272.49	30457.04	13624.53	344042.69	344042.69	0.00	0.00	0.00	0.00	5.76	0.00
710	65.00	45.00	272.49	30457.04	13624.53	344042.69	344042.69	0.00	0.00	0.00	0.00	5.71	0.00
711	66.00	45.00	272.49	30457.04	13624.53	344042.69	344042.69	0.00	0.00	0.00	0.00	5.66	0.00
712	67.00	45.00	272.49	30457.04	13624.53	344042.69	344042.69	0.00	0.00	0.00	0.00	5.60	0.00
713	68.00	45.00	272.49	30457.04	13624.53	344042.69	344042.69	0.00	0.00	0.00	0.00	5.56	0.00
714	69.00	45.00	272.49	30457.04	13624.53	344042.69	344042.69	0.00	0.00	0.00	0.00	5.51	0.00
715	70.00	45.00	272.49	30457.04	13624.53	344042.69	344042.69	0.00	0.00	0.00	0.00	5.46	0.00
716	71.00	45.00	272.49	30457.04	13624.53	344042.69	344042.69	0.00	0.00	0.00	0.00	5.41	0.00
717	72.00	45.00	272.49	30457.04	13624.53	344042.69	344042.69	0.00	0.00	0.00	0.00	5.37	0.00
718	73.00	45.00	272.49	30457.04	13624.53	344042.69	344042.69	0.00	0.00	0.00	0.00	5.32	0.00
719	74.00	45.00	272.49	30457.04	13624.53	344042.69	344042.69	0.00	0.00	0.00	0.00	5.28	0.00
720	74.00	46.00	272.49	30457.04	13624.53	344042.69	344042.69	0.00	0.00	0.00	0.00	5.38	0.00
721	25.00	46.00	272.49	30457.04	13624.53	344042.69	344042.69	0.00	0.00	0.00	0.00	9.09	0.00
722	26.00	46.00	272.49	30457.04	13624.53	344042.69	344042.69	0.00	0.00	0.00	0.00	8.96	0.00
723	27.00	46.00	272.49	30457.04	13624.53	344042.69	344042.69	0.00	0.00	0.00	0.00	8.84	0.00
724	28.00	46.00	272.49	30457.04	13624.53	344042.69	344042.69	0.00	0.00	0.00	0.00	8.72	0.00
725	29.00	46.00	272.49	30457.04	13624.53	344042.69	344042.69	0.00	0.00	0.00	0.00	8.60	0.00
726	30.00	46.00	272.49	30457.04	13624.53	344042.69	344042.69	0.00	0.00	0.00	0.00	8.49	0.00
727	31.00	46.00	272.49	30457.04	13624.53	344042.69	344042.69	0.00	0.00	0.00	0.00	8.38	0.00
728	32.00	46.00	272.49	30457.04	13624.53	344042.69	344042.69	0.00	0.00	0.00	0.00	8.27	0.00
729	33.00	46.00	272.49	30457.04	13624.53	344042.69	344042.69	0.00	0.00	0.00	0.00	8.17	0.00
730	34.00	46.00	272.49	30457.04	13624.53	344042.69	344042.69	0.00	0.00	0.00	0.00	8.07	0.00
731	35.00	46.00	272.49	30457.04	13624.53	344042.69	344042.69	0.00	0.00	0.00	0.00	7.97	0.00
732	36.00	46.00	272.49	30457.04	13624.53	344042.69	344042.69	0.00	0.00	0.00	0.00	7.87	0.00
733	37.00	46.00	272.49	30457.04	13624.53	344042.69	344042.69	0.00	0.00	0.00	0.00	7.77	0.00
734	38.00	46.00	272.49	30457.04	13624.53	344042.69	344042.69	0.00	0.00	0.00	0.00	7.68	0.00
735	39.00	46.00	272.49	30457.04	13624.53	344042.69	344042.69	0.00	0.00	0.00	0.00	7.59	0.00
736	40.00	46.00	272.49	30457.04	13624.53	344042.69	344042.69	0.00	0.00	0.00	0.00	7.50	0.00
737	41.00	46.00	272.49	30457.04	13624.53	344042.69	344042.69	0.00	0.00	0.00	0.00	7.42	0.00
738	42.00	46.00	272.49	30457.04	13624.53	344042.69	344042.69	0.00	0.00	0.00	0.00	7.33	0.00
739	43.00	46.00	272.49	30457.04	13624.53	344042.69	344042.69	0.00	0.00	0.00	0.00	7.25	0.00
740	44.00	46.00	272.49	30457.04	13624.53	344042.69	344042.69	0.00	0.00	0.00	0.00	7.17	0.00
741	45.00	46.00	272.49	30457.04	13624.53	344042.69	344042.69	0.00	0.00	0.00	0.00	7.09	0.00
742	46.00	46.00	272.49	30457.04	13624.53	344042.69	344042.69	0.00	0.00	0.00	0.00	7.01	0.00
743	47.00	46.00	272.49	30457.04	13624.53	344042.69	344042.69	0.00	0.00	0.00	0.00	6.94	0.00
744	47.00	47.00	272.49	30457.04	13624.53	344042.69	344042.69	0.00	0.00	0.00	0.00	6.96	0.00
745	47.00	48.00	272.49	30457.04	13624.53	344042.69	344042.69	0.00	0.00	0.00	0.00	7.08	0.00
746	48.00	48.00	272.49	30457.04	13624.53	344042.69	344042.69	0.00	0.00	0.00	0.00	7.01	0.00
747	49.00	48.00	272.49	30457.04	13624.53	344042.69	344042.69	0.00	0.00	0.00	0.00	6.93	0.00
748	50.00	48.00	272.49	30457.04	13624.53	344042.69	344042.69	0.00	0.00	0.00	0.00	6.86	0.00
749	51.00	48.00	272.49	30457.04	13624.53	344042.69	344042.69	0.00	0.00	0.00	0.00	6.79	0.00
750	52.00	48.00	272.49	30457.04	13624.53	344042.69	344042.69	0.00	0.00	0.00	0.00	6.73	0.00
751	53.00	48.00	272.49	30457.04	13624.53	344042.69	344042.69	0.00	0.00	0.00	0.00	6.66	0.00
752	54.00	48.00	272.49	30457.04	13624.53	344042.69	344042.69	0.00	0.00	0.00	0.00	6.59	0.00
753	55.00	48.00	272.49	30457.04	13624.53	344042.69	344042.69	0.00	0.00	0.00	0.00	6.53	0.00
754	56.00	48.00	272.49	30457.04	13624.53	344042.69	344042.69	0.00	0.00	0.00	0.00	6.47	0.00
755	57.00	48.00	272.49	30457.04	13624.53	344042.69	344042.69	0.00	0.00	0.00	0.00	6.41	0.00
756	57.00	49.00	272.49	30457.04	13624.53	344042.69	344042.69	0.00	0.00	0.00	0.00	6.68	0.00
757	58.00	49.00	272.49	30457.04	13624.53	344042.69	344042.69	0.00	0.00	0.00	0.00	6.62	0.00
758	58.00	50.00	231.62	36548.44	11580.85	344042.69	344042.69	0.00	0.00	0.00	0.00	6.65	0.00
759	59.00	50.00	231.62	36548.44	11580.85	344042.69	344042.69	0.00	0.00	0.00	0.00	6.58	0.00
760	60.00	50.00	231.62	36548.44	11580.85	344042.69	344042.69	0.00	0.00	0.00	0.00	6.52	0.00
761	61.00	50.00	231.62	36548.44	11580.85	344042.69	344042.69	0.00	0.00	0.00	0.00	6.47	0.00
762	62.00	50.00	231.62	36548.44	11580.85	344042.69	344042.69	0.00	0.00	0.00	0.00	6.41	0.00
763	63.00	50.00	231.62	36548.44	11580.85	344042.69	344042.69	0.00	0.00	0.00	0.00	6.35	0.00
764	64.00	50.00	231.62	36548.44	11580.85	344042.69	344042.69	0.00	0.00	0.00	0.00	6.30	0.00
765	65.00	50.00	231.62	36548.44	11580.85	344042.69	344042.69	0.00	0.00	0.00	0.00	6.24	0.00
766	66.00	50.00	231.62	36548.44	11580.85	344042.69	344042.69	0.00	0.00	0.00	0.00	6.19	0.00
767	67.00	50.00	231.62	36548.44	11580.85	344042.69	344042.69	0.00	0.00	0.00	0.00	6.13	0.00
768	68.00	50.00	231.62	36548.44	11580.85	344042.69	344042.69	0.00	0.00	0.00	0.00	6.08	0.00
769	69.00	50.00	231.62	36548.44	11580.85	344042.69	344042.69	0.00	0.00	0.00	0.00	6.03	0.00
770	70.00	50.00	231.62	36548.44	11580.85	344042.69	344042.69	0.00	0.00	0.00	0.00	5.98	0.00
771	70.00	51.00	231.62	36548.44	11580.85	344042.69	344042.69	0.00	0.00	0.00	0.00	5.99	0.00
772	71.00	51.00	231.62	36548.44	11580.85	344042.69	344042.69	0.00	0.00	0.00	0.00	5.94	0.00
773	72.00	51.00	231.62	36548.44	11580.85	344042.69	344042.69	0.00	0.00	0.00	0.00	5.89	0.00
774	73.00	51.00	231.62	36548.44	11580.85	344042.69	344042.69	0.00	0.00	0.00	0.00	5.85	0.00
775	74.00	51.00	231.62	36548.44	11580.85	344042.69	344042.69	0.00	0.00	0.00	0.00	5.80	0.00
776	25.00	51.00	231.62	36548.44	11580.85	344042.69	344042.69	0.00	0.00	0.00	0.00	9.54	0.00
777	26.00	51.00	231.62	36548.44	11580.85	344042.69	344042.69	0.00	0.00	0.00	0.00	9.42	0.00
778	27.00	51.00	231.62	36548.44	11580.85	344042.69	344042.69	0.00	0.00	0.00	0.00	9.30	0.00
779	28.00	51.00	231.62	36548.44	11580.85	344042.69	344042.69	0.00	0.00	0.00	0.00	9.18	0.00
780	29.00	51.00	231.62	36548.44	11580.85	344042.69	344042.69	0.00	0.00	0.00	0.00	9.06	0.00
781	29.00	52.00	231.62	36548.44	11580.85	344042.69	344042.69	0.00	0.00	0.00	0.00	9.17	0.00
782	30.00	52.00	231.62	36548.44	11580.85	344042.69	344042.69	0.00	0.00	0.00	0.00	9.06	0.00
783	31.00	52.00	231.62	36548.44	11580.85	344042.69	344042.69	0.00	0.00	0.00	0.00	8.95	0.00
784	32.00	52.00	231.62	36548.44	11580.85	344042.69	344042.69	0.00	0.00	0.00	0.00	8.84	0.00
785	33.00	52.00	231.62	36548.44	11580.85	344042.69	344042.69	0.00	0.00	0.00	0.00	8.74	0.00
786	34.00	52.00	231.62	36548.44	11580.85	344042.69	344042.69	0.00	0.00	0.00	0.00	8.64	0.00
787	35.00	52.00	231.62	36548.44	11580.85	344042.69	344042.69	0.00	0.00	0.00	0.00	8.54	0.00
788	36.00	52.00	231.62	36548.44	11580.85	344042.69	344042.69	0.00	0.00	0.00	0.00	8.44	0.00
789	37.00	52.00	231.62	36548.44	11580.85	344042.69	344042.69	0.00	0.00	0.00	0.00	8.35	0.00
790	38.00	52.00	231.62	36548.44	11580.85	344042.69	344042.69	0.00	0.00	0.00	0.00	8.25	0.00
791	39.00	52.00	231.62	36548.44	11580.85	344042.69	344042.69	0.00	0.00	0.00	0.00	8.16	0.00
792	40.00	52.00	231.62	36548.44	11580.85	344042.69	344042.69	0.00	0.00	0.00	0.00	8.08	0.00
793	40.00	53.00	231.62	36548.44	11580.85	344042.69	344042.69	0.00	0.00	0.00	0.00	8.14	0.00
794	41.00	53.00	231.62	36548.44	11580.85	344042.69	344042.69	0.00	0.00	0.00	0.00	8.05	0.00
795	42.00	53.00	231.62	36548.44	11580.85	344042.69	344042.69	0.00	0.00	0.00	0.00	7.96	0.00
796	43.00	53.00	231.62	36548.44	11580.85	344042.69	344042.69	0.00	0.00	0.00	0.00	7.88	0.00
797	44.00	53.00	231.62	36548.44	11580.85	344042.69	344042.69	0.00	0.00	0.00	0.00	7.80	0.00
798	45.00	53.00	231.62	36548.44	11580.85	344042.69	344042.69	0.00	0.00	0.00	0.00	7.72	0.00
799	46.00	53.00	231.62	36548.44	11580.85	344042.69	344042.69	0.00	0.00	0.00	0.00	7.64	0.00
800	47.00	53.00	231.62	36548.44	11580.85	344042.69	344042.69	0.00	0.00	0.00	0.00	7.57	0.00
801	47.00	54.00	231.62	36548.44	11580.85	344042.69	344042.69	0.00	0.00	0.00	0.00	7.56	0.00
802	48.00	54.00	231.62	36548.44	11580.85	344042.69	344042.69	0.00	0.00	0.00	0.00	7.49	0.00
803	49.00	54.00	231.62	36548.44	11580.85	344042.69	344042.69	0.00	0.00	0.00	0.00	7.42	0.00
804	50.00	54.00	231.62	36548.44	11580.85	344042.69	344042.69	0.00	0.00	0.00	0.00	7.35	0.00
805	51.00	54.00	231.62	36548.44	11580.85	344042.69	344042.69	0.00	0.00	0.00	0.00	7.28	0.00
806	52.00	54.00	231.62	36548.44	11580.85	344042.69	344042.69	0.00	0.00	0.00	0.00	7.21	0.00
807	53.00	54.00	231.62	36548.44	11580.85	344042.69	344042.69	0.00	0.00	0.00	0.00	7.14	0.00
808	54.00	54.00	231.62	36548.44	11580.85	344042.69	344042.69	0.00	0.00	0.00	0.00	7.07	0.00
809	54.00	55.00	231.62	36548.44	11580.85	344042.69	344042.69	0.00	0.00	0.00	0.00	7.35	0.00
810	55.00	55.00	231.62	36548.44	11580.85	344042.69	344042.69	0.00	0.00	0.00	0.00	7.29	0.00
811	56.00	55.00	231.62	36548.44	11580.85	344042.69	344042.69	0.00	0.00	0.00	0.00	7.22	0.00
812	57.00	55.00	231.62	36548.44	11580.85	344042.69	344042.69	0.00	0.00	0.00	0.00	7.16	0.00
813	58.00	55.00	231.62	36548.44	11580.85	344042.69	344042.69	0.00	0.00	0.00	0.00	7.09	0.00
814	59.00	55.00	231.62	36548.44	11580.85	344042.69	344042.69	0.00	0.00	0.00	0.00	7.03	0.00
815	60.00	55.00	231.62	36548.44	11580.85	344042.69	344042.69	0.00	0.00	0.00	0.00	6.97	0.00
816	60.00	56.00	231.62	36548.44	11580.85	344042.69	344042.69	0.00	0.00	0.00	0.00	7.06	0.00
817	61.00	56.00	231.62	36548.44	11580.85	344042.69	344042.69	0.00	0.00	0.00	0.00	7.00	0.00
818	62.00	56.00	231.62	36548.44	11580.85	344042.69	344042.69	0.00	0.00	0.00	0.00	6.94	0.00
819	63.00	56.00	231.62	36548.44	11580.85	344042.69	344042.69	0.00	0.00	0.00	0.00	6.88	0.00
820	64.00	56.00	231.62	36548.44	11580.85	344042.69	344042.69	0.00	0.00	0.00	0.00	6.83	0.00
821	65.00	56.00	231.62	36548.44	11580.85	344042.69	344042.69	0.00	0.00	0.00	0.00	6.77	0.00
822	66.00	56.00	231.62	36548.44	11580.85	344042.69	344042.69	0.00	0.00	0.00	0.00	6.71	0.00
823	67.00	56.00	231.62	36548.44	11580.85	344042.69	344042.69	0.00	0.00	0.00	0.00	6.66	0.00
824	68.00	56.00	231.62	36548.44	11580.85	344042.69	344042.69	0.00	0.00	0.00	0.00	6.61	0.00
825	69.00	56.00	231.62	36548.44	11580.85	344042.69	344042.69	0.00	0.00	0.00	0.00	6.55	0.00
826	70.00	56.00	231.62	36548.44	11580.85	344042.69	344042.69	0.00	0.00	0.00	0.00	6.50	0.00
827	71.00	56.00	231.62	36548.44	11580.85	344042.69	344042.69	0.00	0.00	0.00	0.00	6.45	0.00
828	72.00	56.00	231.62	36548.44	11580.85	344042.69	344042.69	0.00	0.00	0.00	0.00	6.40	0.00
829	73.00	56.00	231.62	36548.44	11580.85	344042.69	344042.69	0.00	0.00	0.00	0.00	6.35	0.00
830	74.00	56.00	231.62	36548.44	11580.85	344042.69	344042.69	0.00	0.00	0.00	0.00	6.30	0.00
831	25.00	56.00	231.62	36548.44	11580.85	344042.69	344042.69	0.00	0.00	0.00	0.00	10.11	0.00
832	25.00	57.00	231.62	36548.44	11580.85	344042.69	344042.69	0.00	0.00	0.00	0.00	10.08	0.00
833	26.00	57.00	231.62	36548.44	11580.85	344042.69	344042.69	0.00	0.00	0.00	0.00	9.96	0.00
834	27.00	57.00	231.62	36548.44	11580.85	344042.69	344042.69	0.00	0.00	0.00	0.00	9.84	0.00
835	28.00	57.00	231.62	36548.44	11580.85	344042.69	344042.69	0.00	0.00	0.00	0.00	9.72	0.00
836	29.00	57.00	231.62	36548.44	11580.85	344042.69	344042.69	0.00	0.00	0.00	0.00	9.61	0.00
837	30.00	57.00	231.62	36548.44	11580.85	344042.69	344042.69	0.00	0.00	0.00	0.00	9.50	0.00
838	31.00	57.00	231.62	36548.44	11580.85	344042.69	344042.69	0.00	0.00	0.00	0.00	9.39	0.00
839	32.00	57.00	231.62	36548.44	11580.85	344042.69	344042.69	0.00	0.00	0.00	0.00	9.29	0.00
840	33.00	57.00	231.62	36548.44	11580.85	344042.69	344042.69	0.00	0.00	0.00	0.00	9.18	0.00
841	34.00	57.00	231.62	36548.44	11580.85	344042.69	344042.69	0.00	0.00	0.00	0.00	9.08	0.00
842	35.00	57.00	231.62	36548.44	11580.85	344042.69	344042.69	0.00	0.00	0.00	0.00	8.98	0.00
843	36.00	57.00	231.62	36548.44	11580.85	344042.69	344042.69	0.00	0.00	0.00	0.00	8.89	0.00
844	37.00	57.00	231.62	36548.44	11580.85	344042.69	344042.69	0.00	0.00	0.00	0.00	8.79	0.00
845	38.00	57.00	231.62	36548.44	11580.85	344042.69	344042.69	0.00	0.00	0.00	0.00	8.70	0.00
846	39.00	57.00	231.62	36548.44	11580.85	344042.69	344042.69	0.00	0.00	0.00	0.00	8.61	0.00
847	39.00	58.00	231.62	36548.44	11580.85	344042.69	344042.69	0.00	0.00	0.00	0.00	8.63	0.00
848	40.00	58.00	231.62	36548.44	11580.85	344042.69	344042.69	0.00	0.00	0.00	0.00	8.54	0.00
849	40.00	59.00	231.62	36548.44	11580.85	344042.69	344042.69	0.00	0.00	0.00	0.00	8.63	0.00
850	41.00	59.00	231.62	36548.44	11580.85	344042.69	344042.69	0.00	0.00	0.00	0.00	8.55	0.00
851	42.00	59.00	231.62	36548.44	11580.85	344042.69	344042.69	0.00	0.00	0.00	0.00	8.46	0.00
852	43.00	59.00	231.62	36548.44	11580.85	344042.69	344042.69	0.00	0.00	0.00	0.00	8.38	0.00
853	44.00	59.00	231.62	36548.44	11580.85	344042.69	344042.69	0.00	0.00	0.00	0.00	8.30	0.00
854	45.00	59.00	231.62	36548.44	11580.85	344042.69	344042.69	0.00	0.00	0.00	0.00	8.22	0.00
855	46.00	59.00	231.62	36548.44	11580.85	344042.69	344042.69	0.00	0.00	0.00	0.00	8.14	0.00
856	47.00	59.00	231.62	36548.44	11580.85	344042.69	344042.69	0.00	0.00	0.00	0.00	8.06	0.00
857	48.00	59.00	231.62	36548.44	11580.85	344042.69	344042.69	0.00	0.00	0.00	0.00	7.99	0.00
858	49.00	59.00	196.87	43858.13	9843.72	344042.69	344042.69	0.00	0.00	0.00	0.00	7.91	0.00
859	50.00	59.00	196.87	43858.13	9843.72	344042.69	344042.69	0.00	0.00	0.00	0.00	7.84	0.00
860	51.00	59.00	196.87	43858.13	9843.72	344042.69	344042.69	0.00	0.00	0.00	0.00	7.77	0.00
861	52.00	59.00	196.87	43858.13	9843.72	344042.69	344042.69	0.00	0.00	0.00	0.00	7.70	0.00
862	53.00	59.00	196.87	43858.13	9843.72	344042.69	344042.69	0.00	0.00	0.00	0.00	7.63	0.00
863	54.00	59.00	196.87	43858.13	9843.72	344042.69	344042.69	0.00	0.00	0.00	0.00	7.56	0.00
864	55.00	59.00	196.87	43858.13	9843.72	344042.69	344042.69	0.00	0.00	0.00	0.00	7.50	0.00
865	55.00	60.00	196.87	43858.13	9843.72	344042.69	344042.69	0.00	0.00	0.00	0.00	7.56	0.00
866	56.00	60.00	196.87	43858.13	9843.72	344042.69	344042.69	0.00	0.00	0.00	0.00	7.49	0.00
867	57.00	60.00	196.87	43858.13	9843.72	344042.69	344042.69	0.00	0.00	0.00	0.00	7.43	0.00
868	58.00	60.00	196.87	43858.13	9843.72	344042.69	344042.69	0.00	0.00	0.00	0.00	7.37	0.00
869	59.00	60.00	196.87	43858.13	9843.72	344042.69	344042.69	0.00	0.00	0.00	0.00	7.30	0.00
870	60.00	60.00	196.87	43858.13	9843.72	344042.69	344042.69	0.00	0.00	0.00	0.00	7.24	0.00
871	61.00	60.00	196.87	43858.13	9843.72	344042.69	344042.69	0.00	0.00	0.00	0.00	7.18	0.00
872	62.00	60.00	196.87	43858.13	9843.72	344042.69	344042.69	0.00	0.00	0.00	0.00	7.12	0.00
873	63.00	60.00	196.87	43858.13	9843.72	344042.69	344042.69	0.00	0.00	0.00	0.00	7.07	0.00
874	64.00	60.00	196.87	43858.13	9843.72	344042.69	344042.69	0.00	0.00	0.00	0.00	7.01	0.00
875	65.00	60.00	196.87	43858.13	9843.72	344042.69	344042.69	0.00	0.00	0.00	0.00	6.95	0.00
876	66.00	60.00	196.87	43858.13	9843.72	344042.69	344042.69	0.00	0.00	0.00	0.00	6.90	0.00
877	67.00	60.00	196.87	43858.13	9843.72	344042.69	344042.69	0.00	0.00	0.00	0.00	6.84	0.00
878	68.00	60.00	196.87	43858.13	9843.72	344042.69	344042.69	0.00	0.00	0.00	0.00	6.79	0.00
879	69.00	60.00	196.87	43858.13	9843.72	344042.69	344042.69	0.00	0.00	0.00	0.00	6.74	0.00
880	69.00	61.00	196.87	43858.13	9843.72	344042.69	344042.69	0.00	0.00	0.00	0.00	6.76	0.00
881	70.00	61.00	196.87	43858.13	9843.72	344042.69	344042.69	0.00	0.00	0.00	0.00	6.71	0.00
882	71.00	61.00	196.87	43858.13	9843.72	344042.69	344042.69	0.00	0.00	0.00	0.00	6.66	0.00
883	72.00	61.00	196.87	43858.13	9843.72	344042.69	344042.69	0.00	0.00	0.00	0.00	6.61	0.00
884	72.00	62.00	196.87	43858.13	9843.72	344042.69	344042.69	0.00	0.00	0.00	0.00	6.77	0.00
885	73.00	62.00	196.87	43858.13	9843.72	344042.69	344042.69	0.00	0.00	0.00	0.00	6.72	0.00
886	74.00	62.00	196.87	43858.13	9843.72	344042.69	344042.69	0.00	0.00	0.00	0.00	6.67	0.00
887	74.00	63.00	196.87	43858.13	9843.72	344042.69	344042.69	0.00	0.00	0.00	0.00	6.72	0.00
888	25.00	63.00	196.87	43858.13	9843.72	344042.69	344042.69	0.00	0.00	0.00	0.00	10.46	0.00
889	26.00	63.00	196.87	43858.13	9843.72	344042.69	344042.69	0.00	0.00	0.00	0.00	10.34	0.00
890	27.00	63.00	196.87	43858.13	9843.72	344042.69	344042.69	0.00	0.00	0.00	0.00	10.22	0.00
891	28.00	63.00	196.87	43858.13	9843.72	344042.69	344042.69	0.00	0.00	0.00	0.00	10.11	0.00
892	29.00	63.00	196.87	43858.13	9843.72	344042.69	344042.69	0.00	0.00	0.00	0.00	10.00	0.00
893	30.00	63.00	196.87	43858.13	9843.72	344042.69	344042.69	0.00	0.00	0.00	0.00	9.89	0.00
894	31.00	63.00	196.87	43858.13	9843.72	344042.69	344042.69	0.00	0.00	0.00	0.00	9.79	0.00
895	32.00	63.00	196.87	43858.13	9843.72	344042.69	344042.69	0.00	0.00	0.00	0.00	9.69	0.00
896	33.00	63.00	196.87	43858.13	9843.72	344042.69	344042.69	0.00	0.00	0.00	0.00	9.59	0.00
897	34.00	63.00	196.87	43858.13	9843.72	344042.69	344042.69	0.00	0.00	0.00	0.00	9.49	0.00
898	34.00	64.00	196.87	43858.13	9843.72	344042.69	344042.69	0.00	0.00	0.00	0.00	9.63	0.00
899	35.00	64.00	196.87	43858.13	9843.72	344042.69	344042.69	0.00	0.00	0.00	0.00	9.54	0.00
900	36.00	64.00	196.87	43858.13	9843.72	344042.69	344042.69	0.00	0.00	0.00	0.00	9.44	0.00
901	37.00	64.00	196.87	43858.13	9843.72	344042.69	344042.69	0.00	0.00	0.00	0.00	9.35	0.00
902	38.00	64.00	196.87	43858.13	9843.72	344042.69	344042.69	0.00	0.00	0.00	0.00	9.26	0.00
903	38.00	65.00	196.87	43858.13	9843.72	344042.69	344042.69	0.00	0.00	0.00	0.00	9.26	0.00
904	39.00	65.00	196.87	43858.13	9843.72	344042.69	344042.69	0.00	0.00	0.00	0.00	9.17	0.00
905	40.00	65.00	196.87	43858.13	9843.72	344042.69	344042.69	0.00	0.00	0.00	0.00	9.08	0.00
906	41.00	65.00	196.87	43858.13	9843.72	344042.69	344042.69	0.00	0.00	0.00	0.00	8.99	0.00
907	42.00	65.00	196.87	43858.13	9843.72	344042.69	344042.69	0.00	0.00	0.00	0.00	8.91	0.00
908	43.00	65.00	196.87	43858.13	9843.72	344042.69	344042.69	0.00	0.00	0.00	0.00	8.83	0.00
909	44.00	65.00	196.87	43858.13	9843.72	344042.69	344042.69	0.00	0.00	0.00	0.00	8.75	0.00
910	45.00	65.00	196.87	43858.13	9843.72	344042.69	344042.69	0.00	0.00	0.00	0.00	8.67	0.00
911	46.00	65.00	196.87	43858.13	9843.72	344042.69	344042.69	0.00	0.00	0.00	0.00	8.59	0.00
912	47.00	65.00	196.87	43858.13	9843.72	344042.69	344042.69	0.00	0.00	0.00	0.00	8.51	0.00
913	48.00	65.00	196.87	43858.13	9843.72	344042.69	344042.69	0.00	0.00	0.00	0.00	8.44	0.00
914	48.00	66.00	196.87	43858.13	9843.72	344042.69	344042.69	0.00	0.00	0.00	0.00	8.52	0.00
915	49.00	66.00	196.87	43858.13	9843.72	344042.69	344042.69	0.00	0.00	0.00	0.00	8.45	0.00
916	50.00	66.00	196.87	43858.13	9843.72	344042.69	344042.69	0.00	0.00	0.00	0.00	8.37	0.00
917	51.00	66.00	196.87	43858.13	9843.72	344042.69	344042.69	0.00	0.00	0.00	0.00	8.30	0.00
918	52.00	66.00	196.87	43858.13	9843.72	344042.69	344042.69	0.00	0.00	0.00	0.00	8.23	0.00
919	53.00	66.00	196.87	43858.13	9843.72	344042.69	344042.69	0.00	0.00	0.00	0.00	8.16	0.00
920	54.00	66.00	196.87	43858.13	9843.72	344042.69	344042.69	0.00	0.00	0.00	0.00	8.09	0.00
921	55.00	66.00	196.87	43858.13	9843.72	344042.69	344042.69	0.00	0.00	0.00	0.00	8.03	0.00
922	56.00	66.00	196.87	43858.13	9843.72	344042.69	344042.69	0.00	0.00	0.00	0.00	7.96	0.00
923	57.00	66.00	196.87	43858.13	9843.72	344042.69	344042.69	0.00	0.00	0.00	0.00	7.90	0.00
924	58.00	66.00	196.87	43858.13	9843.72	344042.69	344042.69	0.00	0.00	0.00	0.00	7.83	0.00
925	59.00	66.00	196.87	43858.13	9843.72	344042.69	344042.69	0.00	0.00	0.00	0.00	7.77	0.00
926	60.00	66.00	196.87	43858.13	9843.72	344042.69	344042.69	0.00	0.00	0.00	0.00	7.71	0.00
927	61.00	66.00	196.87	43858.13	9843.72	344042.69	344042.69	0.00	0.00	0.00	0.00	7.65	0.00
928	62.00	66.00	196.87	43858.13	9843.72	344042.69	344042.69	0.00	0.00	0.00	0.00	7.59	0.00
929	63.00	66.00	196.87	43858.13	9843.72	344042.69	344042.69	0.00	0.00	0.00	0.00	7.53	0.00
930	64.00	66.00	196.87	43858.13	9843.72	344042.69	344042.69	0.00	0.00	0.00	0.00	7.47	0.00
931	65.00	66.00	196.87	43858.13	9843.72	344042.69	344042.69	0.00	0.00	0.00	0.00	7.42	0.00
932	66.00	66.00	196.87	43858.13	9843.72	344042.69	344042.69	0.00	0.00	0.00	0.00	7.36	0.00
933	67.00	66.00	196.87	43858.13	9843.72	344042.69	344042.69	0.00	0.00	0.00	0.00	7.30	0.00
934	68.00	66.00	196.87	43858.13	9843.72	344042.69	344042.69	0.00	0.00	0.00	0.00	7.25	0.00
935	69.00	66.00	196.87	43858.13	9843.72	344042.69	344042.69	0.00	0.00	0.00	0.00	7.20	0.00
936	70.00	66.00	196.87	43858.13	9843.72	344042.69	344042.69	0.00	0.00	0.00	0.00	7.14	0.00
937	71.00	66.00	196.87	43858.13	9843.72	344042.69	344042.69	0.00	0.00	0.00	0.00	7.09	0.00
938	72.00	66.00	196.87	43858.13	9843.72	344042.69	344042.69	0.00	0.00	0.00	0.00	7.04	0.00
939	73.00	66.00	196.87	43858.13	9843.72	344042.69	344042.69	0.00	0.00	0.00	0.00	6.99	0.00
940	74.00	66.00	196.87	43858.13	9843.72	344042.69	344042.69	0.00	0.00	0.00	0.00	6.94	0.00
941	25.00	66.00	196.87	43858.13	9843.72	344042.69	344042.69	0.00	0.00	0.00	0.00	10.67	0.00
942	26.00	66.00	196.87	43858.13	9843.72	344042.69	344042.69	0.00	0.00	0.00	0.00	10.56	0.00
943	27.00	66.00	196.87	43858.13	9843.72	344042.69	344042.69	0.00	0.00	0.00	0.00	10.44	0.00
944	28.00	66.00	196.87	43858.13	9843.72	344042.69	344042.69	0.00	0.00	0.00	0.00	10.33	0.00
945	29.00	66.00	196.87	43858.13	9843.72	344042.69	344042.69	0.00	0.00	0.00	0.00	10.22	0.00
946	30.00	66.00	196.87	43858.13	9843.72	344042.69	344042.69	0.00	0.00	0.00	0.00	10.12	0.00
947	31.00	66.00	196.87	43858.13	9843.72	344042.69	344042.69	0.00	0.00	0.00	0.00	10.01	0.00
948	32.00	66.00	196.87	43858.13	9843.72	344042.69	344042.69	0.00	0.00	0.00	0.00	9.91	0.00
949	33.00	66.00	196.87	43858.13	9843.72	344042.69	344042.69	0.00	0.00	0.00	0.00	9.81	0.00
950	34.00	66.00	196.87	43858.13	9843.72	344042.69	344042.69	0.00	0.00	0.00	0.00	9.71	0.00
951	35.00	66.00	196.87	43858.13	9843.72	344042.69	344042.69	0.00	0.00	0.00	0.00	9.62	0.00
952	36.00	66.00	196.87	43858.13	9843.72	344042.69	344042.69	0.00	0.00	0.00	0.00	9.52	0.00
953	37.00	66.00	196.87	43858.13	9843.72	344042.69	344042.69	0.00	0.00	0.00	0.00	9.43	0.00
954	38.00	66.00	196.87	43858.13	9843.72	344042.69	344042.69	0.00	0.00	0.00	0.00	9.34	0.00
955	39.00	66.00	196.87	43858.13	9843.72	344042.69	344042.69	0.00	0.00	0.00	0.00	9.25	0.00
956	39.00	67.00	196.87	43858.13	9843.72	344042.69	344042.69	0.00	0.00	0.00	0.00	9.33	0.00
957	40.00	67.00	196.87	43858.13	9843.72	344042.69	344042.69	0.00	0.00	0.00	0.00	9.25	0.00
958	41.00	67.00	167.34	52629.76	8367.16	344042.69	344042.69	0.00	0.00	0.00	0.00	9.16	0.00
959	42.00	67.00	167.34	52629.76	8367.16	344042.69	344042.69	0.00	0.00	0.00	0.00	9.08	0.00
960	43.00	67.00	167.34	52629.76	8367.16	344042.69	344042.69	0.00	0.00	0.00	0.00	8.99	0.00
961	44.00	67.00	167.34	52629.76	8367.16	344042.69	344042.69	0.00	0.00	0.00	0.00	8.91	0.00
962	44.00	68.00	167.34	52629.76	8367.16	344042.69	344042.69	0.00	0.00	0.00	0.00	8.92	0.00
963	45.00	68.00	167.34	52629.76	8367.16	344042.69	344042.69	0.00	0.00	0.00	0.00	8.84	0.00
964	46.00	68.00	167.34	52629.76	8367.16	344042.69	344042.69	0.00	0.00	0.00	0.00	8.76	0.00
965	47.00	68.00	167.34	52629.76	8367.16	344042.69	344042.69	0.00	0.00	0.00	0.00	8.68	0.00
966	48.00	68.00	167.34	52629.76	8367.16	344042.69	344042.69	0.00	0.00	0.00	0.00	8.61	0.00
967	49.00	68.00	167.34	52629.76	8367.16	344042.69	344042.69	0.00	0.00	0.00	0.00	8.54	0.00
968	50.00	68.00	167.34	52629.76	8367.16	344042.69	344042.69	0.00	0.00	0.00	0.00	8.46	0.00
969	51.00	68.00	167.34	52629.76	8367.16	344042.69	344042.69	0.00	0.00	0.00	0.00	8.39	0.00
970	52.00	68.00	167.34	52629.76	8367.16	344042.69	344042.69	0.00	0.00	0.00	0.00	8.32	0.00
971	53.00	68.00	167.34	52629.76	8367.16	344042.69	344042.69	0.00	0.00	0.00	0.00	8.25	0.00
972	53.00	69.00	167.34	52629.76	8367.16	344042.69	344042.69	0.00	0.00	0.00	0.00	8.33	0.00
973	54.00	69.00	167.34	52629.76	8367.16	344042.69	344042.69	0.00	0.00	0.00	0.00	8.26	0.00
974	55.00	69.00	167.34	52629.76	8367.16	344042.69	344042.69	0.00	0.00	0.00	0.00	8.20	0.00
975	56.00	69.00	167.34	52629.76	8367.16	344042.69	344042.69	0.00	0.00	0.00	0.00	8.13	0.00
976	57.00	69.00	167.34	52629.76	8367.16	344042.69	344042.69	0.00	0.00	0.00	0.00	8.07	0.00
977	58.00	69.00	167.34	52629.76	8367.16	344042.69	344042.69	0.00	0.00	0.00	0.00	8.00	0.00
978	59.00	69.00	167.34	52629.76	8367.16	344042.69	344042.69	0.00	0.00	0.00	0.00	7.94	0.00
979	60.00	69.00	167.34	52629.76	8367.16	344042.69	344042.69	0.00	0.00	0.00	0.00	7.88	0.00
980	61.00	69.00	167.34	52629.76	8367.16	344042.69	344042.69	0.00	0.00	0.00	0.00	7.82	0.00
981	62.00	69.00	167.34	52629.76	8367.16	344042.69	344042.69	0.00	0.00	0.00	0.00	7.76	0.00
982	62.00	70.00	167.34	52629.76	8367.16	344042.69	344042.69	0.00	0.00	0.00	0.00	7.77	0.00
983	63.00	70.00	167.34	52629.76	8367.16	344042.69	344042.69	0.00	0.00	0.00	0.00	7.71	0.00
984	64.00	70.00	167.34	52629.76	8367.16	344042.69	344042.69	0.00	0.00	0.00	0.00	7.66	0.00
985	65.00	70.00	167.34	52629.76	8367.16	344042.69	344042.69	0.00	0.00	0.00	0.00	7.60	0.00
986	66.00	70.00	167.34	52629.76	8367.16	344042.69	344042.69	0.00	0.00	0.00	0.00	7.54	0.00
987	67.00	70.00	167.34	52629.76	8367.16	344042.69	344042.69	0.00	0.00	0.00	0.00	7.49	0.00
988	68.00	70.00	167.34	52629.76	8367.16	344042.69	344042.69	0.00	0.00	0.00	0.00	7.43	0.00
989	69.00	70.00	167.34	52629.76	8367.16	344042.69	344042.69	0.00	0.00	0.00	0.00	7.38	0.00
990	69.00	71.00	167.34	52629.76	8367.16	344042.69	344042.69	0.00	0.00	0.00	0.00	7.46	0.00
991	70.00	71.00	167.34	52629.76	8367.16	344042.69	344042.69	0.00	0.00	0.00	0.00	7.40	0.00
992	70.00	72.00	167.34	52629.76	8367.16	344042.69	344042.69	0.00	0.00	0.00	0.00	7.40	0.00
993	71.00	72.00	167.34	52629.76	8367.16	344042.69	344042.69	0.00	0.00	0.00	0.00	7.35	0.00
994	72.00	72.00	167.34	52629.76	8367.16	344042.69	344042.69	0.00	0.00	0.00	0.00	7.30	0.00
995	73.00	72.00	167.34	52629.76	8367.16	344042.69	344042.69	0.00	0.00	0.00	0.00	7.25	0.00
996	74.00	72.00	167.34	52629.76	8367.16	344042.69	344042.69	0.00	0.00	0.00	0.00	7.20	0.00
997	25.00	72.00	167.34	52629.76	8367.16	344042.69	344042.69	0.00	0.00	0.00	0.00	10.84	0.00
998	26.00	72.00	167.34	52629.76	8367.16	344042.69	344042.69	0.00	0.00	0.00	0.00	10.73	0.00
999	27.00	72.00	167.34	52629.76	8367.16	344042.69	344042.69	0.00	0.00	0.00	0.00	10.62	0.00
1000	28.00	72.00	167.34	52629.76	8367.16	344042.69	344042.69	0.00	0.00	0.00	0.00	10.51	0.00
