some parameters
Gen.	# feasible solutions	# infeasible solutions	cap. penality	dur. penality	num. penality	best penalized cost	best feasible cost	best cap. violation	best dur. violation	best num. violation	avg cap. violation	avg dur. violation	avg num. violation
1	1.00	50.00	1200.00	12000.00	42500.00	667022.03	667022.03	0.00	0.00	0.00	13.70	26.33	0.00
2	1.00	51.00	1200.00	12000.00	42500.00	667022.03	667022.03	0.00	0.00	0.00	13.43	26.03	0.00
3	1.00	52.00	1200.00	12000.00	42500.00	667022.03	667022.03	0.00	0.00	0.00	13.18	25.60	0.00
4	1.00	53.00	1200.00	12000.00	42500.00	667022.03	667022.03	0.00	0.00	0.00	12.94	25.59	0.00
5	1.00	54.00	1200.00	12000.00	42500.00	667022.03	667022.03	0.00	0.00	0.00	12.70	25.64	0.00
6	1.00	55.00	1200.00	12000.00	42500.00	667022.03	667022.03	0.00	0.00	0.00	12.47	25.31	0.00
7	1.00	56.00	1200.00	12000.00	42500.00	667022.03	667022.03	0.00	0.00	0.00	12.26	25.41	0.00
8	1.00	57.00	1200.00	12000.00	42500.00	667022.03	667022.03	0.00	0.00	0.00	12.04	25.29	0.00
9	1.00	58.00	1200.00	12000.00	42500.00	667022.03	667022.03	0.00	0.00	0.00	11.84	25.06	0.00
10	1.00	59.00	1200.00	12000.00	42500.00	667022.03	667022.03	0.00	0.00	0.00	11.64	24.97	0.00
11	1.00	60.00	1200.00	12000.00	42500.00	667022.03	667022.03	0.00	0.00	0.00	11.45	24.95	0.00
12	1.00	61.00	1200.00	12000.00	42500.00	667022.03	667022.03	0.00	0.00	0.00	11.27	24.83	0.00
13	1.00	62.00	1200.00	12000.00	42500.00	667022.03	667022.03	0.00	0.00	0.00	11.09	24.96	0.00
14	1.00	63.00	1200.00	12000.00	42500.00	667022.03	667022.03	0.00	0.00	0.00	10.92	24.75	0.00
15	1.00	64.00	1200.00	12000.00	42500.00	667022.03	667022.03	0.00	0.00	0.00	10.75	24.79	0.00
16	1.00	65.00	1200.00	12000.00	42500.00	667022.03	667022.03	0.00	0.00	0.00	10.58	24.77	0.00
17	1.00	66.00	1200.00	12000.00	42500.00	667022.03	667022.03	0.00	0.00	0.00	10.43	24.77	0.00
18	1.00	67.00	1200.00	12000.00	42500.00	667022.03	667022.03	0.00	0.00	0.00	10.27	24.67	0.00
19	1.00	68.00	1200.00	12000.00	42500.00	667022.03	667022.03	0.00	0.00	0.00	10.12	24.49	0.00
20	1.00	69.00	1200.00	12000.00	42500.00	667022.03	667022.03	0.00	0.00	0.00	9.98	24.61	0.00
21	1.00	70.00	1200.00	12000.00	42500.00	667022.03	667022.03	0.00	0.00	0.00	11.25	24.27	0.00
22	1.00	71.00	1200.00	12000.00	42500.00	667022.03	667022.03	0.00	0.00	0.00	11.09	24.19	0.00
23	1.00	72.00	1200.00	12000.00	42500.00	667022.03	667022.03	0.00	0.00	0.00	10.94	24.26	0.00
24	1.00	73.00	1200.00	12000.00	42500.00	667022.03	667022.03	0.00	0.00	0.00	10.79	24.06	0.00
25	1.00	74.00	1200.00	12000.00	42500.00	667022.03	667022.03	0.00	0.00	0.00	10.65	23.97	0.00
26	1.00	25.00	1200.00	12000.00	42500.00	667022.03	667022.03	0.00	0.00	0.00	11.52	14.84	0.00
27	1.00	26.00	1200.00	12000.00	42500.00	667022.03	667022.03	0.00	0.00	0.00	11.09	14.91	0.00
28	1.00	27.00	1200.00	12000.00	42500.00	667022.03	667022.03	0.00	0.00	0.00	10.69	15.34	0.00
29	1.00	28.00	1200.00	12000.00	42500.00	667022.03	667022.03	0.00	0.00	0.00	10.32	15.66	0.00
30	1.00	29.00	1200.00	12000.00	42500.00	667022.03	667022.03	0.00	0.00	0.00	9.98	15.79	0.00
31	2.00	29.00	1200.00	12000.00	42500.00	667022.03	667022.03	0.00	0.00	0.00	9.66	15.28	0.00
32	2.00	30.00	1200.00	12000.00	42500.00	667022.03	667022.03	0.00	0.00	0.00	9.36	15.05	0.00
33	2.00	31.00	1200.00	12000.00	42500.00	667022.03	667022.03	0.00	0.00	0.00	9.07	15.16	0.00
34	2.00	32.00	1200.00	12000.00	42500.00	667022.03	667022.03	0.00	0.00	0.00	8.81	15.49	0.00
35	2.00	33.00	1200.00	12000.00	42500.00	667022.03	667022.03	0.00	0.00	0.00	8.55	16.91	0.00
36	2.00	34.00	1200.00	12000.00	42500.00	667022.03	667022.03	0.00	0.00	0.00	8.32	17.13	0.00
37	2.00	35.00	1200.00	12000.00	42500.00	667022.03	667022.03	0.00	0.00	0.00	8.09	16.89	0.00
38	2.00	36.00	1200.00	12000.00	42500.00	667022.03	667022.03	0.00	0.00	0.00	7.88	16.63	0.00
39	2.00	37.00	1200.00	12000.00	42500.00	667022.03	667022.03	0.00	0.00	0.00	7.68	16.71	0.00
40	2.00	38.00	1200.00	12000.00	42500.00	667022.03	667022.03	0.00	0.00	0.00	7.48	16.63	0.00
41	2.00	39.00	1200.00	12000.00	42500.00	667022.03	667022.03	0.00	0.00	0.00	7.30	16.51	0.00
42	2.00	40.00	1200.00	12000.00	42500.00	667022.03	667022.03	0.00	0.00	0.00	9.50	16.11	0.00
43	3.00	40.00	1200.00	12000.00	42500.00	667022.03	667022.03	0.00	0.00	0.00	9.28	15.74	0.00
44	3.00	41.00	1200.00	12000.00	42500.00	667022.03	667022.03	0.00	0.00	0.00	9.07	15.84	0.00
45	3.00	42.00	1200.00	12000.00	42500.00	667022.03	667022.03	0.00	0.00	0.00	11.09	15.49	0.00
46	3.00	43.00	1200.00	12000.00	42500.00	667022.03	667022.03	0.00	0.00	0.00	10.85	15.60	0.00
47	3.00	44.00	1200.00	12000.00	42500.00	667022.03	667022.03	0.00	0.00	0.00	10.62	15.45	0.00
48	4.00	44.00	1200.00	12000.00	42500.00	667022.03	667022.03	0.00	0.00	0.00	10.40	15.13	0.00
49	4.00	45.00	1200.00	12000.00	42500.00	667022.03	667022.03	0.00	0.00	0.00	10.18	15.16	0.00
50	4.00	46.00	1200.00	12000.00	42500.00	667022.03	667022.03	0.00	0.00	0.00	9.98	14.98	0.00
51	4.00	47.00	1200.00	12000.00	42500.00	667022.03	667022.03	0.00	0.00	0.00	9.78	14.90	0.00
52	4.00	48.00	1200.00	12000.00	42500.00	667022.03	667022.03	0.00	0.00	0.00	11.52	14.61	0.00
53	4.00	49.00	1200.00	12000.00	42500.00	667022.03	667022.03	0.00	0.00	0.00	11.30	14.81	0.00
54	4.00	50.00	1200.00	12000.00	42500.00	667022.03	667022.03	0.00	0.00	0.00	11.09	14.90	0.00
55	4.00	51.00	1200.00	12000.00	42500.00	667022.03	667022.03	0.00	0.00	0.00	10.89	14.99	0.00
56	4.00	52.00	1200.00	12000.00	42500.00	667022.03	667022.03	0.00	0.00	0.00	10.69	15.17	0.00
57	4.00	53.00	1200.00	12000.00	42500.00	667022.03	667022.03	0.00	0.00	0.00	12.26	14.95	0.00
58	4.00	54.00	1200.00	12000.00	42500.00	667022.03	667022.03	0.00	0.00	0.00	13.77	14.69	0.00
59	4.00	55.00	1200.00	12000.00	42500.00	667022.03	667022.03	0.00	0.00	0.00	15.22	14.64	0.00
60	4.00	56.00	1200.00	12000.00	42500.00	667022.03	667022.03	0.00	0.00	0.00	14.97	15.48	0.00
61	4.00	57.00	1200.00	12000.00	42500.00	667022.03	667022.03	0.00	0.00	0.00	14.72	15.41	0.00
62	5.00	57.00	1200.00	12000.00	42500.00	667022.03	667022.03	0.00	0.00	0.00	14.49	15.16	0.00
63	5.00	58.00	1200.00	12000.00	42500.00	667022.03	667022.03	0.00	0.00	0.00	14.26	15.88	0.00
64	5.00	59.00	1200.00	12000.00	42500.00	667022.03	667022.03	0.00	0.00	0.00	14.03	15.90	0.00
65	6.00	59.00	1200.00	12000.00	42500.00	667022.03	667022.03	0.00	0.00	0.00	13.82	15.65	0.00
66	6.00	60.00	1200.00	12000.00	42500.00	667022.03	667022.03	0.00	0.00	0.00	13.61	15.85	0.00
67	7.00	60.00	1200.00	12000.00	42500.00	667022.03	667022.03	0.00	0.00	0.00	13.41	15.61	0.00
68	7.00	61.00	1200.00	12000.00	42500.00	667022.03	667022.03	0.00	0.00	0.00	13.21	15.53	0.00
69	7.00	62.00	1200.00	12000.00	42500.00	667022.03	667022.03	0.00	0.00	0.00	13.02	15.52	0.00
70	8.00	62.00	1200.00	12000.00	42500.00	667022.03	667022.03	0.00	0.00	0.00	12.83	15.30	0.00
71	8.00	63.00	1200.00	12000.00	42500.00	667022.03	667022.03	0.00	0.00	0.00	14.06	15.25	0.00
72	9.00	63.00	1200.00	12000.00	42500.00	667022.03	667022.03	0.00	0.00	0.00	13.86	15.04	0.00
73	9.00	64.00	1200.00	12000.00	42500.00	667022.03	667022.03	0.00	0.00	0.00	13.67	15.13	0.00
74	9.00	65.00	1200.00	12000.00	42500.00	667022.03	667022.03	0.00	0.00	0.00	13.49	15.46	0.00
75	9.00	66.00	1200.00	12000.00	42500.00	667022.03	667022.03	0.00	0.00	0.00	13.31	15.45	0.00
76	9.00	67.00	1200.00	12000.00	42500.00	667022.03	667022.03	0.00	0.00	0.00	13.13	15.37	0.00
77	9.00	68.00	1200.00	12000.00	42500.00	667022.03	667022.03	0.00	0.00	0.00	12.96	15.57	0.00
78	10.00	68.00	1200.00	12000.00	42500.00	613697.11	613697.11	0.00	0.00	0.00	12.79	15.37	0.00
79	11.00	68.00	1200.00	12000.00	42500.00	613697.11	613697.11	0.00	0.00	0.00	12.63	15.17	0.00
80	11.00	69.00	1200.00	12000.00	42500.00	613697.11	613697.11	0.00	0.00	0.00	13.72	15.40	0.00
81	11.00	70.00	1200.00	12000.00	42500.00	613697.11	613697.11	0.00	0.00	0.00	13.55	15.36	0.00
82	11.00	71.00	1200.00	12000.00	42500.00	613697.11	613697.11	0.00	0.00	0.00	13.39	15.27	0.00
83	11.00	72.00	1200.00	12000.00	42500.00	613697.11	613697.11	0.00	0.00	0.00	13.23	15.12	0.00
84	11.00	73.00	1200.00	12000.00	42500.00	613697.11	613697.11	0.00	0.00	0.00	13.07	15.24	0.00
85	11.00	74.00	1200.00	12000.00	42500.00	613697.11	613697.11	0.00	0.00	0.00	12.92	15.36	0.00
86	11.00	25.00	1200.00	12000.00	42500.00	613697.11	613697.11	0.00	0.00	0.00	13.86	8.18	0.00
87	11.00	26.00	1200.00	12000.00	42500.00	613697.11	613697.11	0.00	0.00	0.00	13.49	8.73	0.00
88	11.00	27.00	1200.00	12000.00	42500.00	613697.11	613697.11	0.00	0.00	0.00	13.13	8.83	0.00
89	11.00	28.00	1200.00	12000.00	42500.00	613697.11	613697.11	0.00	0.00	0.00	12.79	9.03	0.00
90	11.00	29.00	1200.00	12000.00	42500.00	613697.11	613697.11	0.00	0.00	0.00	12.47	9.01	0.00
91	11.00	30.00	1200.00	12000.00	42500.00	613697.11	613697.11	0.00	0.00	0.00	12.17	8.99	0.00
92	11.00	31.00	1200.00	12000.00	42500.00	613697.11	613697.11	0.00	0.00	0.00	11.88	9.24	0.00
93	11.00	32.00	1200.00	12000.00	42500.00	613697.11	613697.11	0.00	0.00	0.00	11.60	9.65	0.00
94	11.00	33.00	1200.00	12000.00	42500.00	613697.11	613697.11	0.00	0.00	0.00	13.61	9.43	0.00
95	12.00	33.00	1200.00	12000.00	42500.00	613697.11	613697.11	0.00	0.00	0.00	13.31	9.22	0.00
96	13.00	33.00	1200.00	12000.00	42500.00	613697.11	613697.11	0.00	0.00	0.00	13.02	9.02	0.00
97	13.00	34.00	1200.00	12000.00	42500.00	613697.11	613697.11	0.00	0.00	0.00	12.74	9.00	0.00
98	13.00	35.00	1200.00	12000.00	42500.00	613697.11	613697.11	0.00	0.00	0.00	12.47	8.87	0.00
99	13.00	36.00	1200.00	12000.00	42500.00	613697.11	613697.11	0.00	0.00	0.00	12.22	8.75	0.00
100	13.00	37.00	1200.00	12000.00	42500.00	613697.11	613697.11	0.00	0.00	0.00	11.98	10.55	0.00
101	13.00	38.00	1440.00	14400.00	36125.00	613697.11	613697.11	0.00	0.00	0.00	11.74	10.41	0.00
102	13.00	39.00	1440.00	14400.00	36125.00	613697.11	613697.11	0.00	0.00	0.00	11.52	10.43	0.00
103	14.00	39.00	1440.00	14400.00	36125.00	613697.11	613697.11	0.00	0.00	0.00	11.30	10.24	0.00
104	14.00	40.00	1440.00	14400.00	36125.00	613697.11	613697.11	0.00	0.00	0.00	11.09	10.20	0.00
105	14.00	41.00	1440.00	14400.00	36125.00	613697.11	613697.11	0.00	0.00	0.00	10.89	10.07	0.00
106	14.00	42.00	1440.00	14400.00	36125.00	613697.11	613697.11	0.00	0.00	0.00	10.69	10.09	0.00
107	14.00	43.00	1440.00	14400.00	36125.00	613697.11	613697.11	0.00	0.00	0.00	10.51	10.47	0.00
108	14.00	44.00	1440.00	14400.00	36125.00	613697.11	613697.11	0.00	0.00	0.00	10.32	10.65	0.00
109	14.00	45.00	1440.00	14400.00	36125.00	613697.11	613697.11	0.00	0.00	0.00	10.15	10.58	0.00
110	14.00	46.00	1440.00	14400.00	36125.00	613697.11	613697.11	0.00	0.00	0.00	9.98	10.61	0.00
111	14.00	47.00	1440.00	14400.00	36125.00	613697.11	613697.11	0.00	0.00	0.00	11.45	10.89	0.00
112	15.00	47.00	1440.00	14400.00	36125.00	613697.11	613697.11	0.00	0.00	0.00	11.27	10.71	0.00
113	15.00	48.00	1440.00	14400.00	36125.00	613697.11	613697.11	0.00	0.00	0.00	11.09	10.67	0.00
114	15.00	49.00	1440.00	14400.00	36125.00	613697.11	613697.11	0.00	0.00	0.00	10.92	10.63	0.00
115	15.00	50.00	1440.00	14400.00	36125.00	613697.11	613697.11	0.00	0.00	0.00	10.75	10.80	0.00
116	15.00	51.00	1440.00	14400.00	36125.00	613697.11	613697.11	0.00	0.00	0.00	10.58	10.74	0.00
117	15.00	52.00	1440.00	14400.00	36125.00	613697.11	613697.11	0.00	0.00	0.00	10.43	10.62	0.00
118	15.00	53.00	1440.00	14400.00	36125.00	613697.11	613697.11	0.00	0.00	0.00	10.27	10.51	0.00
119	15.00	54.00	1440.00	14400.00	36125.00	613697.11	613697.11	0.00	0.00	0.00	10.12	10.64	0.00
120	15.00	55.00	1440.00	14400.00	36125.00	613697.11	613697.11	0.00	0.00	0.00	11.41	10.75	0.00
121	15.00	56.00	1440.00	14400.00	36125.00	613697.11	613697.11	0.00	0.00	0.00	11.25	10.63	0.00
122	15.00	57.00	1440.00	14400.00	36125.00	613697.11	613697.11	0.00	0.00	0.00	11.09	10.53	0.00
123	15.00	58.00	1440.00	14400.00	36125.00	613697.11	613697.11	0.00	0.00	0.00	10.94	10.65	0.00
124	15.00	59.00	1440.00	14400.00	36125.00	613697.11	613697.11	0.00	0.00	0.00	10.79	10.62	0.00
125	15.00	60.00	1440.00	14400.00	36125.00	613697.11	613697.11	0.00	0.00	0.00	10.65	10.96	0.00
126	15.00	61.00	1440.00	14400.00	36125.00	613697.11	613697.11	0.00	0.00	0.00	10.51	10.92	0.00
127	15.00	62.00	1440.00	14400.00	36125.00	613697.11	613697.11	0.00	0.00	0.00	10.37	11.05	0.00
128	15.00	63.00	1440.00	14400.00	36125.00	613697.11	613697.11	0.00	0.00	0.00	10.24	11.14	0.00
129	15.00	64.00	1440.00	14400.00	36125.00	613697.11	613697.11	0.00	0.00	0.00	10.11	11.10	0.00
130	15.00	65.00	1440.00	14400.00	36125.00	613697.11	613697.11	0.00	0.00	0.00	9.98	11.19	0.00
131	15.00	66.00	1440.00	14400.00	36125.00	613697.11	613697.11	0.00	0.00	0.00	9.86	11.38	0.00
132	15.00	67.00	1440.00	14400.00	36125.00	613697.11	613697.11	0.00	0.00	0.00	9.74	11.36	0.00
133	15.00	68.00	1440.00	14400.00	36125.00	613697.11	613697.11	0.00	0.00	0.00	9.62	11.43	0.00
134	16.00	68.00	1440.00	14400.00	36125.00	613697.11	613697.11	0.00	0.00	0.00	9.50	11.30	0.00
135	16.00	69.00	1440.00	14400.00	36125.00	613697.11	613697.11	0.00	0.00	0.00	9.39	11.54	0.00
136	16.00	70.00	1440.00	14400.00	36125.00	613697.11	613697.11	0.00	0.00	0.00	9.28	11.60	0.00
137	17.00	70.00	1440.00	14400.00	36125.00	613697.11	613697.11	0.00	0.00	0.00	9.18	11.46	0.00
138	17.00	71.00	1440.00	14400.00	36125.00	613697.11	613697.11	0.00	0.00	0.00	9.07	11.59	0.00
139	17.00	72.00	1440.00	14400.00	36125.00	613697.11	613697.11	0.00	0.00	0.00	8.97	12.10	0.00
140	17.00	73.00	1440.00	14400.00	36125.00	613697.11	613697.11	0.00	0.00	0.00	8.87	12.26	0.00
141	17.00	74.00	1440.00	14400.00	36125.00	613697.11	613697.11	0.00	0.00	0.00	8.77	12.25	0.00
142	18.00	74.00	1440.00	14400.00	36125.00	613697.11	613697.11	0.00	0.00	0.00	8.68	12.12	0.00
143	18.00	25.00	1440.00	14400.00	36125.00	613697.11	613697.11	0.00	0.00	0.00	6.96	8.88	0.00
144	18.00	26.00	1440.00	14400.00	36125.00	613697.11	613697.11	0.00	0.00	0.00	6.80	9.24	0.00
145	18.00	27.00	1440.00	14400.00	36125.00	613697.11	613697.11	0.00	0.00	0.00	6.65	9.40	0.00
146	19.00	27.00	1440.00	14400.00	36125.00	613697.11	613697.11	0.00	0.00	0.00	6.51	9.20	0.00
147	19.00	28.00	1440.00	14400.00	36125.00	613697.11	613697.11	0.00	0.00	0.00	6.37	9.06	0.00
148	19.00	29.00	1440.00	14400.00	36125.00	613697.11	613697.11	0.00	0.00	0.00	6.24	9.17	0.00
149	19.00	30.00	1440.00	14400.00	36125.00	613697.11	613697.11	0.00	0.00	0.00	6.11	9.32	0.00
150	19.00	31.00	1440.00	14400.00	36125.00	613697.11	613697.11	0.00	0.00	0.00	5.99	9.42	0.00
151	19.00	32.00	1440.00	14400.00	36125.00	613697.11	613697.11	0.00	0.00	0.00	5.87	9.56	0.00
152	19.00	33.00	1440.00	14400.00	36125.00	613697.11	613697.11	0.00	0.00	0.00	5.76	9.53	0.00
153	20.00	33.00	1440.00	14400.00	36125.00	613697.11	613697.11	0.00	0.00	0.00	5.65	9.35	0.00
154	20.00	34.00	1440.00	14400.00	36125.00	613697.11	613697.11	0.00	0.00	0.00	5.54	9.49	0.00
155	20.00	35.00	1440.00	14400.00	36125.00	613697.11	613697.11	0.00	0.00	0.00	5.44	9.35	0.00
156	20.00	36.00	1440.00	14400.00	36125.00	613697.11	613697.11	0.00	0.00	0.00	5.35	9.49	0.00
157	20.00	37.00	1440.00	14400.00	36125.00	613697.11	613697.11	0.00	0.00	0.00	5.25	9.72	0.00
158	20.00	38.00	1440.00	14400.00	36125.00	613697.11	613697.11	0.00	0.00	0.00	5.16	9.69	0.00
159	20.00	39.00	1440.00	14400.00	36125.00	613697.11	613697.11	0.00	0.00	0.00	5.07	9.72	0.00
160	20.00	40.00	1440.00	14400.00	36125.00	613697.11	613697.11	0.00	0.00	0.00	4.99	9.74	0.00
161	20.00	41.00	1440.00	14400.00	36125.00	613697.11	613697.11	0.00	0.00	0.00	4.91	9.86	0.00
162	20.00	42.00	1440.00	14400.00	36125.00	613697.11	613697.11	0.00	0.00	0.00	4.83	10.00	0.00
163	20.00	43.00	1440.00	14400.00	36125.00	613697.11	613697.11	0.00	0.00	0.00	4.75	10.02	0.00
164	20.00	44.00	1440.00	14400.00	36125.00	613697.11	613697.11	0.00	0.00	0.00	4.68	10.00	0.00
165	20.00	45.00	1440.00	14400.00	36125.00	613697.11	613697.11	0.00	0.00	0.00	4.61	10.02	0.00
166	21.00	45.00	1440.00	14400.00	36125.00	594306.23	594306.23	0.00	0.00	0.00	4.54	9.87	0.00
167	21.00	46.00	1440.00	14400.00	36125.00	594306.23	594306.23	0.00	0.00	0.00	4.47	9.93	0.00
168	21.00	47.00	1440.00	14400.00	36125.00	594306.23	594306.23	0.00	0.00	0.00	4.40	10.11	0.00
169	21.00	48.00	1440.00	14400.00	36125.00	594306.23	594306.23	0.00	0.00	0.00	4.66	10.25	0.00
170	21.00	49.00	1440.00	14400.00	36125.00	594306.23	594306.23	0.00	0.00	0.00	4.59	10.26	0.00
171	21.00	50.00	1440.00	14400.00	36125.00	594306.23	594306.23	0.00	0.00	0.00	4.52	12.14	0.00
172	21.00	51.00	1440.00	14400.00	36125.00	594306.23	594306.23	0.00	0.00	0.00	4.46	12.01	0.00
173	21.00	52.00	1440.00	14400.00	36125.00	594306.23	594306.23	0.00	0.00	0.00	4.40	12.21	0.00
174	21.00	53.00	1440.00	14400.00	36125.00	594306.23	594306.23	0.00	0.00	0.00	4.34	12.08	0.00
175	21.00	54.00	1440.00	14400.00	36125.00	594306.23	594306.23	0.00	0.00	0.00	4.28	12.62	0.00
176	21.00	55.00	1440.00	14400.00	36125.00	594306.23	594306.23	0.00	0.00	0.00	4.23	12.60	0.00
177	22.00	55.00	1440.00	14400.00	36125.00	594306.23	594306.23	0.00	0.00	0.00	4.17	12.44	0.00
178	22.00	56.00	1440.00	14400.00	36125.00	594306.23	594306.23	0.00	0.00	0.00	4.12	13.34	0.00
179	22.00	57.00	1440.00	14400.00	36125.00	594306.23	594306.23	0.00	0.00	0.00	4.07	13.40	0.00
180	22.00	58.00	1440.00	14400.00	36125.00	594306.23	594306.23	0.00	0.00	0.00	4.01	13.69	0.00
181	22.00	59.00	1440.00	14400.00	36125.00	594306.23	594306.23	0.00	0.00	0.00	3.97	13.66	0.00
182	23.00	59.00	1440.00	14400.00	36125.00	594306.23	594306.23	0.00	0.00	0.00	3.92	13.49	0.00
183	23.00	60.00	1440.00	14400.00	36125.00	594306.23	594306.23	0.00	0.00	0.00	3.87	13.47	0.00
184	23.00	61.00	1440.00	14400.00	36125.00	594306.23	594306.23	0.00	0.00	0.00	3.82	13.61	0.00
185	23.00	62.00	1440.00	14400.00	36125.00	594306.23	594306.23	0.00	0.00	0.00	3.78	13.55	0.00
186	23.00	63.00	1440.00	14400.00	36125.00	594306.23	594306.23	0.00	0.00	0.00	3.73	13.52	0.00
187	23.00	64.00	1440.00	14400.00	36125.00	594306.23	594306.23	0.00	0.00	0.00	3.69	13.58	0.00
188	23.00	65.00	1440.00	14400.00	36125.00	594306.23	594306.23	0.00	0.00	0.00	3.65	13.71	0.00
189	23.00	66.00	1440.00	14400.00	36125.00	594306.23	594306.23	0.00	0.00	0.00	3.61	14.45	0.00
190	23.00	67.00	1440.00	14400.00	36125.00	594306.23	594306.23	0.00	0.00	0.00	3.57	14.42	0.00
191	23.00	68.00	1440.00	14400.00	36125.00	594306.23	594306.23	0.00	0.00	0.00	3.53	14.35	0.00
192	24.00	68.00	1440.00	14400.00	36125.00	594306.23	594306.23	0.00	0.00	0.00	3.49	14.19	0.00
193	24.00	69.00	1440.00	14400.00	36125.00	594306.23	594306.23	0.00	0.00	0.00	3.45	14.32	0.00
194	24.00	70.00	1440.00	14400.00	36125.00	594306.23	594306.23	0.00	0.00	0.00	3.42	14.35	0.00
195	24.00	71.00	1440.00	14400.00	36125.00	594306.23	594306.23	0.00	0.00	0.00	3.38	14.34	0.00
196	24.00	72.00	1440.00	14400.00	36125.00	594306.23	594306.23	0.00	0.00	0.00	4.39	14.34	0.00
197	24.00	73.00	1440.00	14400.00	36125.00	594306.23	594306.23	0.00	0.00	0.00	4.34	14.69	0.00
198	24.00	74.00	1440.00	14400.00	36125.00	594306.23	594306.23	0.00	0.00	0.00	4.30	14.66	0.00
199	24.00	25.00	1440.00	14400.00	36125.00	594306.23	594306.23	0.00	0.00	0.00	4.07	4.11	0.00
200	24.00	26.00	1440.00	14400.00	36125.00	594306.23	594306.23	0.00	0.00	0.00	3.99	4.55	0.00
201	25.00	26.00	1728.00	17280.00	30706.25	594306.23	594306.23	0.00	0.00	0.00	3.91	4.46	0.00
202	25.00	27.00	1728.00	17280.00	30706.25	594306.23	594306.23	0.00	0.00	0.00	5.76	4.60	0.00
203	25.00	28.00	1728.00	17280.00	30706.25	594306.23	594306.23	0.00	0.00	0.00	5.65	5.87	0.00
204	25.00	29.00	1728.00	17280.00	30706.25	594306.23	594306.23	0.00	0.00	0.00	5.54	6.26	0.00
205	25.00	30.00	1728.00	17280.00	30706.25	594306.23	594306.23	0.00	0.00	0.00	5.44	7.14	0.00
206	25.00	31.00	1728.00	17280.00	30706.25	594306.23	594306.23	0.00	0.00	0.00	7.13	7.01	0.00
207	25.00	32.00	1728.00	17280.00	30706.25	594306.23	594306.23	0.00	0.00	0.00	7.00	7.25	0.00
208	25.00	33.00	1728.00	17280.00	30706.25	594306.23	594306.23	0.00	0.00	0.00	6.88	7.32	0.00
209	25.00	34.00	1728.00	17280.00	30706.25	594306.23	594306.23	0.00	0.00	0.00	6.77	8.03	0.00
210	25.00	35.00	1728.00	17280.00	30706.25	594306.23	594306.23	0.00	0.00	0.00	6.65	7.95	0.00
211	25.00	36.00	1728.00	17280.00	30706.25	594306.23	594306.23	0.00	0.00	0.00	8.18	7.82	0.00
212	25.00	37.00	1728.00	17280.00	30706.25	594306.23	594306.23	0.00	0.00	0.00	8.05	7.78	0.00
213	26.00	37.00	1728.00	17280.00	30706.25	594306.23	594306.23	0.00	0.00	0.00	7.92	7.66	0.00
214	26.00	38.00	1728.00	17280.00	30706.25	594306.23	594306.23	0.00	0.00	0.00	7.80	7.80	0.00
215	26.00	39.00	1728.00	17280.00	30706.25	594306.23	594306.23	0.00	0.00	0.00	7.68	7.98	0.00
216	27.00	39.00	1728.00	17280.00	30706.25	594306.23	594306.23	0.00	0.00	0.00	7.56	7.86	0.00
217	27.00	40.00	1728.00	17280.00	30706.25	594306.23	594306.23	0.00	0.00	0.00	7.45	7.86	0.00
218	27.00	41.00	1728.00	17280.00	30706.25	594306.23	594306.23	0.00	0.00	0.00	7.34	8.09	0.00
219	27.00	42.00	1728.00	17280.00	30706.25	594306.23	594306.23	0.00	0.00	0.00	7.23	8.37	0.00
220	27.00	43.00	1728.00	17280.00	30706.25	594306.23	594306.23	0.00	0.00	0.00	7.13	8.67	0.00
221	27.00	44.00	1728.00	17280.00	30706.25	594306.23	594306.23	0.00	0.00	0.00	7.03	8.78	0.00
222	27.00	45.00	1728.00	17280.00	30706.25	594306.23	594306.23	0.00	0.00	0.00	6.93	9.03	0.00
223	27.00	46.00	1728.00	17280.00	30706.25	594306.23	594306.23	0.00	0.00	0.00	6.84	9.14	0.00
224	28.00	46.00	1728.00	17280.00	30706.25	594306.23	594306.23	0.00	0.00	0.00	6.74	9.01	0.00
225	28.00	47.00	1728.00	17280.00	30706.25	594306.23	594306.23	0.00	0.00	0.00	7.98	8.93	0.00
226	28.00	48.00	1728.00	17280.00	30706.25	594306.23	594306.23	0.00	0.00	0.00	7.88	9.00	0.00
227	28.00	49.00	1728.00	17280.00	30706.25	594306.23	594306.23	0.00	0.00	0.00	7.78	8.99	0.00
228	28.00	50.00	1728.00	17280.00	30706.25	594306.23	594306.23	0.00	0.00	0.00	7.68	9.30	0.00
229	28.00	51.00	1728.00	17280.00	30706.25	594306.23	594306.23	0.00	0.00	0.00	7.58	9.39	0.00
230	29.00	51.00	1728.00	17280.00	30706.25	594306.23	594306.23	0.00	0.00	0.00	7.48	9.28	0.00
231	29.00	52.00	1728.00	17280.00	30706.25	594306.23	594306.23	0.00	0.00	0.00	7.39	9.27	0.00
232	29.00	53.00	1728.00	17280.00	30706.25	594306.23	594306.23	0.00	0.00	0.00	7.30	9.23	0.00
233	29.00	54.00	1728.00	17280.00	30706.25	594306.23	594306.23	0.00	0.00	0.00	7.21	9.26	0.00
234	29.00	55.00	1728.00	17280.00	30706.25	594306.23	594306.23	0.00	0.00	0.00	7.13	9.28	0.00
235	29.00	56.00	1728.00	17280.00	30706.25	594306.23	594306.23	0.00	0.00	0.00	7.04	9.25	0.00
236	29.00	57.00	1728.00	17280.00	30706.25	594306.23	594306.23	0.00	0.00	0.00	6.96	9.48	0.00
237	29.00	58.00	1728.00	17280.00	30706.25	594306.23	594306.23	0.00	0.00	0.00	6.88	10.06	0.00
238	29.00	59.00	1728.00	17280.00	30706.25	594306.23	594306.23	0.00	0.00	0.00	7.94	9.97	0.00
239	29.00	60.00	1728.00	17280.00	30706.25	594306.23	594306.23	0.00	0.00	0.00	7.85	10.19	0.00
240	29.00	61.00	1728.00	17280.00	30706.25	594306.23	594306.23	0.00	0.00	0.00	7.76	10.32	0.00
241	30.00	61.00	1728.00	17280.00	30706.25	594306.23	594306.23	0.00	0.00	0.00	7.68	10.21	0.00
242	30.00	62.00	1728.00	17280.00	30706.25	594306.23	594306.23	0.00	0.00	0.00	7.59	10.43	0.00
243	30.00	63.00	1728.00	17280.00	30706.25	594306.23	594306.23	0.00	0.00	0.00	7.51	10.54	0.00
244	30.00	64.00	1728.00	17280.00	30706.25	594306.23	594306.23	0.00	0.00	0.00	7.43	10.51	0.00
245	30.00	65.00	1728.00	17280.00	30706.25	594306.23	594306.23	0.00	0.00	0.00	7.35	10.51	0.00
246	30.00	66.00	1728.00	17280.00	30706.25	594306.23	594306.23	0.00	0.00	0.00	7.28	10.70	0.00
247	30.00	67.00	1728.00	17280.00	30706.25	594306.23	594306.23	0.00	0.00	0.00	7.20	10.67	0.00
248	30.00	68.00	1728.00	17280.00	30706.25	594306.23	594306.23	0.00	0.00	0.00	7.13	10.93	0.00
249	30.00	69.00	1728.00	17280.00	30706.25	594306.23	594306.23	0.00	0.00	0.00	7.06	10.85	0.00
250	30.00	70.00	1728.00	17280.00	30706.25	594306.23	594306.23	0.00	0.00	0.00	6.99	11.26	0.00
251	30.00	71.00	1728.00	17280.00	30706.25	594306.23	594306.23	0.00	0.00	0.00	7.90	11.54	0.00
252	30.00	72.00	1728.00	17280.00	30706.25	594306.23	594306.23	0.00	0.00	0.00	7.83	11.63	0.00
253	30.00	73.00	1728.00	17280.00	30706.25	594306.23	594306.23	0.00	0.00	0.00	7.75	11.89	0.00
254	30.00	74.00	1728.00	17280.00	30706.25	594306.23	594306.23	0.00	0.00	0.00	7.68	11.88	0.00
255	30.00	25.00	1728.00	17280.00	30706.25	594306.23	594306.23	0.00	0.00	0.00	3.63	3.54	0.00
256	30.00	26.00	1728.00	17280.00	30706.25	594306.23	594306.23	0.00	0.00	0.00	3.56	4.58	0.00
257	30.00	27.00	1728.00	17280.00	30706.25	594306.23	594306.23	0.00	0.00	0.00	3.50	5.04	0.00
258	30.00	28.00	1728.00	17280.00	30706.25	594306.23	594306.23	0.00	0.00	0.00	3.44	5.09	0.00
259	30.00	29.00	1728.00	17280.00	30706.25	594306.23	594306.23	0.00	0.00	0.00	3.38	5.67	0.00
260	30.00	30.00	1728.00	17280.00	30706.25	594306.23	594306.23	0.00	0.00	0.00	3.33	5.90	0.00
261	30.00	31.00	1728.00	17280.00	30706.25	594306.23	594306.23	0.00	0.00	0.00	3.27	5.99	0.00
262	30.00	32.00	1728.00	17280.00	30706.25	594306.23	594306.23	0.00	0.00	0.00	3.22	6.89	0.00
263	31.00	32.00	1728.00	17280.00	30706.25	594306.23	594306.23	0.00	0.00	0.00	3.17	6.78	0.00
264	31.00	33.00	1728.00	17280.00	30706.25	594306.23	594306.23	0.00	0.00	0.00	3.12	6.72	0.00
265	31.00	34.00	1728.00	17280.00	30706.25	594306.23	594306.23	0.00	0.00	0.00	3.07	6.71	0.00
266	31.00	35.00	1728.00	17280.00	30706.25	594306.23	594306.23	0.00	0.00	0.00	3.02	6.78	0.00
267	31.00	36.00	1728.00	17280.00	30706.25	594306.23	594306.23	0.00	0.00	0.00	2.98	6.80	0.00
268	32.00	36.00	1728.00	17280.00	30706.25	594306.23	594306.23	0.00	0.00	0.00	2.94	6.70	0.00
269	32.00	37.00	1728.00	17280.00	30706.25	594306.23	594306.23	0.00	0.00	0.00	2.89	6.86	0.00
270	32.00	38.00	1728.00	17280.00	30706.25	594306.23	594306.23	0.00	0.00	0.00	2.85	7.20	0.00
271	32.00	39.00	1728.00	17280.00	30706.25	594306.23	594306.23	0.00	0.00	0.00	2.81	7.39	0.00
272	33.00	39.00	1728.00	17280.00	30706.25	594306.23	594306.23	0.00	0.00	0.00	2.77	7.29	0.00
273	33.00	40.00	1728.00	17280.00	30706.25	594306.23	594306.23	0.00	0.00	0.00	2.73	7.64	0.00
274	33.00	41.00	1728.00	17280.00	30706.25	594306.23	594306.23	0.00	0.00	0.00	2.70	8.06	0.00
275	33.00	42.00	1728.00	17280.00	30706.25	594306.23	594306.23	0.00	0.00	0.00	2.66	8.28	0.00
276	33.00	43.00	1728.00	17280.00	30706.25	594306.23	594306.23	0.00	0.00	0.00	2.63	8.28	0.00
277	33.00	44.00	1728.00	17280.00	30706.25	594306.23	594306.23	0.00	0.00	0.00	2.59	8.69	0.00
278	33.00	45.00	1728.00	17280.00	30706.25	594306.23	594306.23	0.00	0.00	0.00	2.56	8.83	0.00
279	33.00	46.00	1728.00	17280.00	30706.25	594306.23	594306.23	0.00	0.00	0.00	2.53	8.87	0.00
280	34.00	46.00	1728.00	17280.00	30706.25	594306.23	594306.23	0.00	0.00	0.00	2.49	8.75	0.00
281	34.00	47.00	1728.00	17280.00	30706.25	594306.23	594306.23	0.00	0.00	0.00	2.46	8.69	0.00
282	34.00	48.00	1728.00	17280.00	30706.25	594306.23	594306.23	0.00	0.00	0.00	2.43	8.73	0.00
283	34.00	49.00	1728.00	17280.00	30706.25	594306.23	594306.23	0.00	0.00	0.00	2.40	8.76	0.00
284	34.00	50.00	1728.00	17280.00	30706.25	594306.23	594306.23	0.00	0.00	0.00	2.38	8.85	0.00
285	35.00	50.00	1728.00	17280.00	30706.25	594306.23	594306.23	0.00	0.00	0.00	2.35	8.75	0.00
286	35.00	51.00	1728.00	17280.00	30706.25	594306.23	594306.23	0.00	0.00	0.00	2.32	8.84	0.00
287	35.00	52.00	1728.00	17280.00	30706.25	594306.23	594306.23	0.00	0.00	0.00	2.29	8.83	0.00
288	35.00	53.00	1728.00	17280.00	30706.25	594306.23	594306.23	0.00	0.00	0.00	2.27	8.86	0.00
289	36.00	53.00	1728.00	17280.00	30706.25	594306.23	594306.23	0.00	0.00	0.00	2.24	8.76	0.00
290	36.00	54.00	1728.00	17280.00	30706.25	594306.23	594306.23	0.00	0.00	0.00	2.22	8.74	0.00
291	36.00	55.00	1728.00	17280.00	30706.25	594306.23	594306.23	0.00	0.00	0.00	2.19	8.73	0.00
292	36.00	56.00	1728.00	17280.00	30706.25	594306.23	594306.23	0.00	0.00	0.00	2.17	8.67	0.00
293	36.00	57.00	1728.00	17280.00	30706.25	594306.23	594306.23	0.00	0.00	0.00	2.15	8.65	0.00
294	36.00	58.00	1728.00	17280.00	30706.25	594306.23	594306.23	0.00	0.00	0.00	2.12	8.70	0.00
295	36.00	59.00	1728.00	17280.00	30706.25	594306.23	594306.23	0.00	0.00	0.00	2.10	8.76	0.00
296	36.00	60.00	1728.00	17280.00	30706.25	594306.23	594306.23	0.00	0.00	0.00	2.08	8.80	0.00
297	36.00	61.00	1728.00	17280.00	30706.25	594306.23	594306.23	0.00	0.00	0.00	2.06	8.94	0.00
298	36.00	62.00	1728.00	17280.00	30706.25	594306.23	594306.23	0.00	0.00	0.00	2.04	9.05	0.00
299	36.00	63.00	1728.00	17280.00	30706.25	594306.23	594306.23	0.00	0.00	0.00	2.02	9.11	0.00
300	36.00	64.00	1728.00	17280.00	30706.25	594306.23	594306.23	0.00	0.00	0.00	2.00	9.12	0.00
301	36.00	65.00	2073.60	20736.00	26100.31	594306.23	594306.23	0.00	0.00	0.00	1.98	9.29	0.00
302	37.00	65.00	2073.60	20736.00	26100.31	594306.23	594306.23	0.00	0.00	0.00	1.96	9.20	0.00
303	37.00	66.00	2073.60	20736.00	26100.31	594306.23	594306.23	0.00	0.00	0.00	1.94	9.30	0.00
304	38.00	66.00	2073.60	20736.00	26100.31	594306.23	594306.23	0.00	0.00	0.00	1.92	9.21	0.00
305	38.00	67.00	2073.60	20736.00	26100.31	594306.23	594306.23	0.00	0.00	0.00	1.90	9.24	0.00
306	39.00	67.00	2073.60	20736.00	26100.31	594306.23	594306.23	0.00	0.00	0.00	1.88	9.15	0.00
307	39.00	68.00	2073.60	20736.00	26100.31	594306.23	594306.23	0.00	0.00	0.00	1.87	9.14	0.00
308	39.00	69.00	2073.60	20736.00	26100.31	594306.23	594306.23	0.00	0.00	0.00	1.85	9.68	0.00
309	39.00	70.00	2073.60	20736.00	26100.31	594306.23	594306.23	0.00	0.00	0.00	1.83	9.84	0.00
310	39.00	71.00	2073.60	20736.00	26100.31	594306.23	594306.23	0.00	0.00	0.00	1.81	9.90	0.00
311	40.00	71.00	2073.60	20736.00	26100.31	594306.23	594306.23	0.00	0.00	0.00	1.80	9.81	0.00
312	40.00	72.00	2073.60	20736.00	26100.31	594306.23	594306.23	0.00	0.00	0.00	1.78	9.75	0.00
313	40.00	73.00	2073.60	20736.00	26100.31	594306.23	594306.23	0.00	0.00	0.00	1.77	9.69	0.00
314	41.00	73.00	2073.60	20736.00	26100.31	594306.23	594306.23	0.00	0.00	0.00	1.75	9.60	0.00
315	42.00	73.00	2073.60	20736.00	26100.31	594306.23	594306.23	0.00	0.00	0.00	1.74	9.52	0.00
316	42.00	74.00	2073.60	20736.00	26100.31	594306.23	594306.23	0.00	0.00	0.00	1.72	9.62	0.00
317	42.00	25.00	2073.60	20736.00	26100.31	594306.23	594306.23	0.00	0.00	0.00	1.49	3.62	0.00
318	43.00	25.00	2073.60	20736.00	26100.31	594306.23	594306.23	0.00	0.00	0.00	1.47	3.56	0.00
319	43.00	26.00	2073.60	20736.00	26100.31	594306.23	594306.23	0.00	0.00	0.00	1.45	3.73	0.00
320	44.00	26.00	2073.60	20736.00	26100.31	594306.23	594306.23	0.00	0.00	0.00	1.43	3.68	0.00
321	45.00	26.00	2073.60	20736.00	26100.31	594306.23	594306.23	0.00	0.00	0.00	1.41	3.63	0.00
322	46.00	26.00	2073.60	20736.00	26100.31	550676.75	550676.75	0.00	0.00	0.00	1.39	3.58	0.00
