Skip number of rows: 48
Time used: 21,79 seconds

Problem instance parameters: 
Problem size = 9
Time windows = false
Maximum duration = 3
Best known sailing cost = 615212
Minimum number of installations = 1
Length of planning period = 7
Load factor = 1,2
Total charter cost of fleet = 589000
Maximum number of installations = 8
Dataset sheet = 1
Minimum duration = 2

Heuristic parameters: 
Number of installations violation penalty = 1
Fitness evaluation protocol = standard
Initial population heuristic = aimed
Reference proportion of feasible individuals = 0,2
Survivor selection protocol = standard
Diversification protocol = standard
Repair protocol = standard
Gap from best known solution = 0
Capacity constraint violation penalty = 1
Proportion of elite individuals = 0,4
Education rate = 1
Iterations before diversify = 400
Genotype to phenotype converter protocol = standard
Education protocol = standard
Proportion of individuals considered for distance evaluation = 0,2
Reproduction protocol = standard
Population size = 25
Parent selection protocol = binary tournament
Number of offspring in a generation = 50
Granularity threshold in RI = 0,4
Max iterations = 1000
Duration constraint violation penalty = 1
Repair rate = 0,5

Number of iterations: 1000
Diversifaction happened at iterations: [400, 800]
Number of crossover restarts: 176
Number of construction heuristic restarts: 292

No feasible solution!
Gen.	# feasible solutions	# infeasible solutions	cap. penality	dur. penality	num. penality	best penalized cost	best feasible cost	best cap. violation	best dur. violation	best num. violation	avg cap. violation	avg dur. violation	avg num. violation	gap from BKS	best visits pr voyage	avg visits pr voyage
0	0.00	50.00	1.00	1.00	1.00	615228.09	0.00	0.00	16.06	0.00	108.33	75.07	0.00	0.00	7.00	7.00
1	0.00	51.00	1.20	1.20	0.85	615231.30	0.00	0.00	16.06	0.00	106.20	74.65	0.00	0.00	7.00	7.00
2	0.00	52.00	1.20	1.20	0.85	615231.30	0.00	0.00	16.06	0.00	104.32	74.06	0.00	0.00	7.00	7.00
3	0.00	53.00	1.20	1.20	0.85	615231.30	0.00	0.00	16.06	0.00	104.33	73.25	0.00	0.00	7.00	7.00
4	0.00	54.00	1.20	1.20	0.85	615231.30	0.00	0.00	16.06	0.00	106.60	72.41	0.00	0.00	7.00	7.00
5	0.00	55.00	1.20	1.20	0.85	615231.30	0.00	0.00	16.06	0.00	105.00	72.37	0.00	0.00	7.00	7.00
6	0.00	56.00	1.20	1.20	0.85	615231.30	0.00	0.00	16.06	0.00	103.62	72.69	0.00	0.00	7.00	7.00
7	0.00	57.00	1.20	1.20	0.85	615231.30	0.00	0.00	16.06	0.00	106.98	71.79	0.00	0.00	7.00	7.00
8	0.00	58.00	1.20	1.20	0.85	615231.30	0.00	0.00	16.06	0.00	106.95	71.72	0.00	0.00	7.00	7.00
9	0.00	59.00	1.20	1.20	0.85	615231.30	0.00	0.00	16.06	0.00	106.92	71.57	0.00	0.00	7.00	7.00
10	0.00	60.00	1.20	1.20	0.85	615231.30	0.00	0.00	16.06	0.00	106.89	71.42	0.00	0.00	7.00	7.00
11	0.00	61.00	1.20	1.20	0.85	615231.30	0.00	0.00	16.06	0.00	106.87	71.76	0.00	0.00	7.00	7.00
12	0.00	62.00	1.20	1.20	0.85	615231.30	0.00	0.00	16.06	0.00	106.84	71.86	0.00	0.00	7.00	7.00
13	0.00	63.00	1.20	1.20	0.85	615231.30	0.00	0.00	16.06	0.00	109.83	71.06	0.00	0.00	7.00	7.00
14	0.00	64.00	1.20	1.20	0.85	615231.30	0.00	0.00	16.06	0.00	108.24	70.63	0.00	0.00	7.00	7.00
15	0.00	65.00	1.20	1.20	0.85	615231.30	0.00	0.00	16.06	0.00	108.44	70.73	0.00	0.00	7.00	7.00
16	0.00	66.00	1.20	1.20	0.85	615231.30	0.00	0.00	16.06	0.00	109.35	70.63	0.00	0.00	7.00	7.00
17	0.00	67.00	1.20	1.20	0.85	615231.30	0.00	0.00	16.06	0.00	108.06	70.36	0.00	0.00	7.00	7.00
18	0.00	68.00	1.20	1.20	0.85	615231.30	0.00	0.00	16.06	0.00	106.47	70.44	0.00	0.00	7.00	7.00
19	0.00	69.00	1.20	1.20	0.85	615231.30	0.00	0.00	16.06	0.00	109.21	70.53	0.00	0.00	7.00	7.00
20	0.00	70.00	1.20	1.20	0.85	615231.30	0.00	0.00	16.06	0.00	109.38	70.60	0.00	0.00	7.00	7.00
21	0.00	71.00	1.20	1.20	0.85	615231.30	0.00	0.00	16.06	0.00	112.00	71.24	0.00	0.00	7.00	7.00
22	0.00	72.00	1.20	1.20	0.85	615231.30	0.00	0.00	16.06	0.00	110.44	71.55	0.00	0.00	7.00	7.00
23	0.00	73.00	1.20	1.20	0.85	615231.30	0.00	0.00	16.06	0.00	109.04	71.18	0.00	0.00	7.00	7.00
24	0.00	74.00	1.20	1.20	0.85	615231.30	0.00	0.00	16.06	0.00	108.99	70.83	0.00	0.00	7.00	7.00
25	0.00	25.00	1.20	1.20	0.85	615231.30	0.00	0.00	16.06	0.00	89.28	64.34	0.00	0.00	7.00	7.00
26	0.00	26.00	1.20	1.20	0.85	615231.30	0.00	0.00	16.06	0.00	86.91	62.97	0.00	0.00	7.00	7.00
27	0.00	27.00	1.20	1.20	0.85	615231.30	0.00	0.00	16.06	0.00	83.69	61.74	0.00	0.00	7.00	7.00
28	0.00	28.00	1.20	1.20	0.85	615231.30	0.00	0.00	16.06	0.00	80.71	62.24	0.00	0.00	7.00	7.00
29	0.00	29.00	1.20	1.20	0.85	615231.30	0.00	0.00	16.06	0.00	78.88	63.56	0.00	0.00	7.00	7.00
30	0.00	30.00	1.20	1.20	0.85	615231.30	0.00	0.00	16.06	0.00	76.25	63.96	0.00	0.00	7.00	7.00
31	0.00	31.00	1.20	1.20	0.85	615231.30	0.00	0.00	16.06	0.00	74.52	64.12	0.00	0.00	7.00	7.00
32	0.00	32.00	1.20	1.20	0.85	615231.30	0.00	0.00	16.06	0.00	73.06	64.95	0.00	0.00	7.00	7.00
33	0.00	33.00	1.20	1.20	0.85	615231.30	0.00	0.00	16.06	0.00	70.84	65.27	0.00	0.00	7.00	7.00
34	0.00	34.00	1.20	1.20	0.85	615231.30	0.00	0.00	16.06	0.00	71.86	65.20	0.00	0.00	7.00	7.00
35	0.00	35.00	1.20	1.20	0.85	615231.30	0.00	0.00	16.06	0.00	69.80	65.19	0.00	0.00	7.00	7.00
36	0.00	36.00	1.20	1.20	0.85	615231.30	0.00	0.00	16.06	0.00	71.08	64.65	0.00	0.00	7.00	7.00
37	0.00	37.00	1.20	1.20	0.85	615231.30	0.00	0.00	16.06	0.00	69.16	64.66	0.00	0.00	7.00	7.00
38	0.00	38.00	1.20	1.20	0.85	615231.30	0.00	0.00	16.06	0.00	70.11	63.42	0.00	0.00	7.00	7.00
39	0.00	39.00	1.20	1.20	0.85	615231.30	0.00	0.00	16.06	0.00	72.14	63.74	0.00	0.00	7.00	7.00
40	0.00	40.00	1.20	1.20	0.85	615231.30	0.00	0.00	16.06	0.00	70.54	63.24	0.00	0.00	7.00	7.00
41	0.00	41.00	1.20	1.20	0.85	615231.30	0.00	0.00	16.06	0.00	69.49	63.91	0.00	0.00	7.00	7.00
42	0.00	42.00	1.20	1.20	0.85	615231.30	0.00	0.00	16.06	0.00	67.84	63.98	0.00	0.00	7.00	7.00
43	0.00	43.00	1.20	1.20	0.85	615231.30	0.00	0.00	16.06	0.00	66.26	65.07	0.00	0.00	7.00	7.00
44	0.00	44.00	1.20	1.20	0.85	615231.30	0.00	0.00	16.06	0.00	64.75	65.85	0.00	0.00	7.00	7.00
45	0.00	45.00	1.20	1.20	0.85	615231.30	0.00	0.00	16.06	0.00	66.63	66.07	0.00	0.00	7.00	7.00
46	0.00	46.00	1.20	1.20	0.85	615231.30	0.00	0.00	16.06	0.00	65.18	66.80	0.00	0.00	7.00	7.00
47	0.00	47.00	1.20	1.20	0.85	615231.30	0.00	0.00	16.06	0.00	63.80	66.99	0.00	0.00	7.00	7.00
48	0.00	48.00	1.20	1.20	0.85	615231.30	0.00	0.00	16.06	0.00	62.47	67.67	0.00	0.00	7.00	7.00
49	0.00	49.00	1.20	1.20	0.85	615231.30	0.00	0.00	16.06	0.00	61.19	66.61	0.00	0.00	7.00	7.00
50	0.00	50.00	1.20	1.20	0.85	615231.30	0.00	0.00	16.06	0.00	62.07	66.14	0.00	0.00	7.00	7.00
51	0.00	51.00	1.20	1.20	0.85	615231.30	0.00	0.00	16.06	0.00	61.44	66.55	0.00	0.00	7.00	7.00
52	0.00	52.00	1.20	1.20	0.85	615231.30	0.00	0.00	16.06	0.00	62.75	67.50	0.00	0.00	7.00	7.00
53	0.00	53.00	1.20	1.20	0.85	615231.30	0.00	0.00	16.06	0.00	61.57	66.95	0.00	0.00	7.00	7.00
54	0.00	54.00	1.20	1.20	0.85	615231.30	0.00	0.00	16.06	0.00	65.44	67.11	0.00	0.00	7.00	7.00
55	0.00	55.00	1.20	1.20	0.85	615231.30	0.00	0.00	16.06	0.00	64.25	67.27	0.00	0.00	7.00	7.00
56	0.00	56.00	1.20	1.20	0.85	615231.30	0.00	0.00	16.06	0.00	64.98	67.71	0.00	0.00	7.00	7.00
57	0.00	57.00	1.20	1.20	0.85	615231.30	0.00	0.00	16.06	0.00	63.84	67.66	0.00	0.00	7.00	7.00
58	0.00	58.00	1.20	1.20	0.85	615231.30	0.00	0.00	16.06	0.00	62.74	67.61	0.00	0.00	7.00	7.00
59	0.00	59.00	1.20	1.20	0.85	615231.30	0.00	0.00	16.06	0.00	63.46	67.75	0.00	0.00	7.00	7.00
60	0.00	60.00	1.20	1.20	0.85	615231.30	0.00	0.00	16.06	0.00	64.16	68.15	0.00	0.00	7.00	7.00
61	0.00	61.00	1.20	1.20	0.85	615231.30	0.00	0.00	16.06	0.00	64.83	67.93	0.00	0.00	7.00	7.00
62	0.00	62.00	1.20	1.20	0.85	615231.30	0.00	0.00	16.06	0.00	65.48	68.06	0.00	0.00	7.00	7.00
63	0.00	63.00	1.20	1.20	0.85	615231.30	0.00	0.00	16.06	0.00	64.44	68.56	0.00	0.00	7.00	7.00
64	0.00	64.00	1.20	1.20	0.85	615231.30	0.00	0.00	16.06	0.00	65.08	68.70	0.00	0.00	7.00	7.00
65	0.00	65.00	1.20	1.20	0.85	615231.30	0.00	0.00	16.06	0.00	65.70	69.06	0.00	0.00	7.00	7.00
66	0.00	66.00	1.20	1.20	0.85	615231.30	0.00	0.00	16.06	0.00	64.70	69.36	0.00	0.00	7.00	7.00
67	0.00	67.00	1.20	1.20	0.85	615231.30	0.00	0.00	16.06	0.00	65.31	69.64	0.00	0.00	7.00	7.00
68	0.00	68.00	1.20	1.20	0.85	615231.30	0.00	0.00	16.06	0.00	65.90	69.63	0.00	0.00	7.00	7.00
69	0.00	69.00	1.20	1.20	0.85	615231.30	0.00	0.00	16.06	0.00	68.86	70.06	0.00	0.00	7.00	7.00
70	0.00	70.00	1.20	1.20	0.85	615231.30	0.00	0.00	16.06	0.00	70.01	70.14	0.00	0.00	7.00	7.00
71	0.00	71.00	1.20	1.20	0.85	615231.30	0.00	0.00	16.06	0.00	69.03	70.46	0.00	0.00	7.00	7.00
72	0.00	72.00	1.20	1.20	0.85	615231.30	0.00	0.00	16.06	0.00	68.07	70.54	0.00	0.00	7.00	7.00
73	0.00	73.00	1.20	1.20	0.85	615231.30	0.00	0.00	16.06	0.00	67.14	70.13	0.00	0.00	7.00	7.00
74	0.00	74.00	1.20	1.20	0.85	615231.30	0.00	0.00	16.06	0.00	67.65	69.88	0.00	0.00	7.00	7.00
75	0.00	25.00	1.20	1.20	0.85	615231.30	0.00	0.00	16.06	0.00	13.45	72.34	0.00	0.00	7.00	7.00
76	0.00	26.00	1.20	1.20	0.85	615231.30	0.00	0.00	16.06	0.00	14.41	71.25	0.00	0.00	7.00	7.00
77	0.00	27.00	1.20	1.20	0.85	615231.30	0.00	0.00	16.06	0.00	19.40	69.63	0.00	0.00	7.00	7.00
78	0.00	28.00	1.20	1.20	0.85	615231.30	0.00	0.00	16.06	0.00	23.33	69.85	0.00	0.00	7.00	7.00
79	0.00	29.00	1.20	1.20	0.85	615231.30	0.00	0.00	16.06	0.00	23.48	69.73	0.00	0.00	7.00	7.00
80	0.00	30.00	1.20	1.20	0.85	615231.30	0.00	0.00	16.06	0.00	22.70	69.55	0.00	0.00	7.00	7.00
81	0.00	31.00	1.20	1.20	0.85	615231.30	0.00	0.00	16.06	0.00	21.97	70.14	0.00	0.00	7.00	7.00
82	0.00	32.00	1.20	1.20	0.85	615231.30	0.00	0.00	16.06	0.00	21.28	70.38	0.00	0.00	7.00	7.00
83	0.00	33.00	1.20	1.20	0.85	615231.30	0.00	0.00	16.06	0.00	20.64	70.26	0.00	0.00	7.00	7.00
84	0.00	34.00	1.20	1.20	0.85	615231.30	0.00	0.00	16.06	0.00	20.03	69.33	0.00	0.00	7.00	7.00
85	0.00	35.00	1.20	1.20	0.85	615231.30	0.00	0.00	16.06	0.00	19.46	68.46	0.00	0.00	7.00	7.00
86	0.00	36.00	1.20	1.20	0.85	615231.30	0.00	0.00	16.06	0.00	18.92	68.72	0.00	0.00	7.00	7.00
87	0.00	37.00	1.20	1.20	0.85	615231.30	0.00	0.00	16.06	0.00	18.41	68.67	0.00	0.00	7.00	7.00
88	0.00	38.00	1.20	1.20	0.85	615231.30	0.00	0.00	16.06	0.00	17.92	68.85	0.00	0.00	7.00	7.00
89	0.00	39.00	1.20	1.20	0.85	615231.30	0.00	0.00	16.06	0.00	17.46	69.03	0.00	0.00	7.00	7.00
90	0.00	40.00	1.20	1.20	0.85	615231.30	0.00	0.00	16.06	0.00	17.03	68.27	0.00	0.00	7.00	7.00
91	0.00	41.00	1.20	1.20	0.85	615231.30	0.00	0.00	16.06	0.00	17.34	68.49	0.00	0.00	7.00	7.00
92	0.00	42.00	1.20	1.20	0.85	615231.30	0.00	0.00	16.06	0.00	16.93	68.35	0.00	0.00	7.00	7.00
93	0.00	43.00	1.20	1.20	0.85	615231.30	0.00	0.00	16.06	0.00	16.53	68.25	0.00	0.00	7.00	7.00
94	0.00	44.00	1.20	1.20	0.85	615231.30	0.00	0.00	16.06	0.00	16.79	68.96	0.00	0.00	7.00	7.00
95	0.00	45.00	1.20	1.20	0.85	615231.30	0.00	0.00	16.06	0.00	19.29	68.58	0.00	0.00	7.00	7.00
96	0.00	46.00	1.20	1.20	0.85	615231.30	0.00	0.00	16.06	0.00	18.87	68.99	0.00	0.00	7.00	7.00
97	0.00	47.00	1.20	1.20	0.85	615231.30	0.00	0.00	16.06	0.00	18.47	68.65	0.00	0.00	7.00	7.00
98	0.00	48.00	1.20	1.20	0.85	615231.30	0.00	0.00	16.06	0.00	18.08	68.55	0.00	0.00	7.00	7.00
99	0.00	49.00	1.20	1.20	0.85	615231.30	0.00	0.00	16.06	0.00	17.71	67.94	0.00	0.00	7.00	7.00
100	0.00	50.00	1.20	1.20	0.85	615231.30	0.00	0.00	16.06	0.00	17.36	67.86	0.00	0.00	7.00	7.00
101	0.00	51.00	1.02	1.44	0.72	615235.15	0.00	0.00	16.06	0.00	17.18	67.40	0.00	0.00	7.00	7.00
102	0.00	52.00	1.02	1.44	0.72	615235.15	0.00	0.00	16.06	0.00	16.85	66.65	0.00	0.00	7.00	7.00
103	0.00	53.00	1.02	1.44	0.72	615235.15	0.00	0.00	16.06	0.00	16.53	65.75	0.00	0.00	7.00	7.00
104	0.00	54.00	1.02	1.44	0.72	615235.15	0.00	0.00	16.06	0.00	16.94	65.09	0.00	0.00	7.00	7.00
105	0.00	55.00	1.02	1.44	0.72	615235.15	0.00	0.00	16.06	0.00	16.63	65.28	0.00	0.00	7.00	7.00
106	0.00	56.00	1.02	1.44	0.72	615235.15	0.00	0.00	16.06	0.00	17.02	65.52	0.00	0.00	7.00	7.00
107	0.00	57.00	1.02	1.44	0.72	615235.15	0.00	0.00	16.06	0.00	16.72	64.65	0.00	0.00	7.00	7.00
108	0.00	58.00	1.02	1.44	0.72	615235.15	0.00	0.00	16.06	0.00	16.43	64.90	0.00	0.00	7.00	7.00
109	0.00	59.00	1.02	1.44	0.72	615235.15	0.00	0.00	16.06	0.00	18.86	65.08	0.00	0.00	7.00	7.00
110	0.00	60.00	1.02	1.44	0.72	615235.15	0.00	0.00	16.06	0.00	19.01	65.50	0.00	0.00	7.00	7.00
111	0.00	61.00	1.02	1.44	0.72	615235.15	0.00	0.00	16.06	0.00	18.69	65.87	0.00	0.00	7.00	7.00
112	0.00	62.00	1.02	1.44	0.72	615235.15	0.00	0.00	16.06	0.00	20.09	65.93	0.00	0.00	7.00	7.00
113	0.00	63.00	1.02	1.44	0.72	615235.15	0.00	0.00	16.06	0.00	19.77	66.08	0.00	0.00	7.00	7.00
114	0.00	64.00	1.02	1.44	0.72	615235.15	0.00	0.00	16.06	0.00	21.54	65.88	0.00	0.00	7.00	7.00
115	0.00	65.00	1.02	1.44	0.72	615235.15	0.00	0.00	16.06	0.00	21.21	65.16	0.00	0.00	7.00	7.00
116	0.00	66.00	1.02	1.44	0.72	615235.15	0.00	0.00	16.06	0.00	20.89	64.83	0.00	0.00	7.00	7.00
117	0.00	67.00	1.02	1.44	0.72	615235.15	0.00	0.00	16.06	0.00	20.58	64.65	0.00	0.00	7.00	7.00
118	0.00	68.00	1.02	1.44	0.72	615235.15	0.00	0.00	16.06	0.00	20.84	64.34	0.00	0.00	7.00	7.00
119	0.00	69.00	1.02	1.44	0.72	615235.15	0.00	0.00	16.06	0.00	20.54	63.97	0.00	0.00	7.00	7.00
120	0.00	70.00	1.02	1.44	0.72	615235.15	0.00	0.00	16.06	0.00	20.24	63.61	0.00	0.00	7.00	7.00
121	0.00	71.00	1.02	1.44	0.72	615235.15	0.00	0.00	16.06	0.00	20.38	63.46	0.00	0.00	7.00	7.00
122	0.00	72.00	1.02	1.44	0.72	615235.15	0.00	0.00	16.06	0.00	20.09	63.52	0.00	0.00	7.00	6.99
123	0.00	73.00	1.02	1.44	0.72	615235.15	0.00	0.00	16.06	0.00	19.82	63.03	0.00	0.00	7.00	6.99
124	0.00	74.00	1.02	1.44	0.72	615235.15	0.00	0.00	16.06	0.00	20.07	62.77	0.00	0.00	7.00	6.99
125	0.00	25.00	1.02	1.44	0.72	615235.15	0.00	0.00	16.06	0.00	8.70	58.06	0.00	0.00	7.00	7.00
126	0.00	26.00	1.02	1.44	0.72	615235.15	0.00	0.00	16.06	0.00	11.61	58.74	0.00	0.00	7.00	7.00
127	0.00	27.00	1.02	1.44	0.72	615235.15	0.00	0.00	16.06	0.00	11.18	58.93	0.00	0.00	7.00	7.00
128	0.00	28.00	1.02	1.44	0.72	615235.15	0.00	0.00	16.06	0.00	10.78	59.12	0.00	0.00	7.00	7.00
129	0.00	29.00	1.02	1.44	0.72	615235.15	0.00	0.00	16.06	0.00	10.69	58.59	0.00	0.00	7.00	7.00
130	0.00	30.00	1.02	1.44	0.72	615235.15	0.00	0.00	16.06	0.00	10.33	58.08	0.00	0.00	7.00	7.00
131	0.00	31.00	1.02	1.44	0.72	615235.15	0.00	0.00	16.06	0.00	10.00	59.42	0.00	0.00	7.00	7.00
132	0.00	32.00	1.02	1.44	0.72	615235.15	0.00	0.00	16.06	0.00	12.98	59.52	0.00	0.00	7.00	7.00
133	0.00	33.00	1.02	1.44	0.72	615235.15	0.00	0.00	16.06	0.00	12.58	59.02	0.00	0.00	7.00	7.00
134	0.00	34.00	1.02	1.44	0.72	615235.15	0.00	0.00	16.06	0.00	12.21	59.96	0.00	0.00	7.00	7.00
135	0.00	35.00	1.02	1.44	0.72	615235.15	0.00	0.00	16.06	0.00	14.87	58.88	0.00	0.00	7.00	7.00
136	0.00	36.00	1.02	1.44	0.72	615235.15	0.00	0.00	16.06	0.00	17.38	57.85	0.00	0.00	7.00	7.00
137	0.00	37.00	1.02	1.44	0.72	615235.15	0.00	0.00	16.06	0.00	19.76	56.88	0.00	0.00	7.00	7.00
138	0.00	38.00	1.02	1.44	0.72	615235.15	0.00	0.00	16.06	0.00	19.45	56.56	0.00	0.00	7.00	7.00
139	0.00	39.00	1.02	1.44	0.72	615235.15	0.00	0.00	16.06	0.00	18.95	57.05	0.00	0.00	7.00	7.00
140	0.00	40.00	1.02	1.44	0.72	615235.15	0.00	0.00	16.06	0.00	18.48	56.70	0.00	0.00	7.00	7.00
141	0.00	41.00	1.02	1.44	0.72	615235.15	0.00	0.00	16.06	0.00	21.67	57.75	0.00	0.00	7.00	7.00
142	0.00	42.00	1.02	1.44	0.72	615235.15	0.00	0.00	16.06	0.00	21.16	56.76	0.00	0.00	7.00	7.00
143	0.00	43.00	1.02	1.44	0.72	615235.15	0.00	0.00	16.06	0.00	20.66	56.92	0.00	0.00	7.00	7.00
144	0.00	44.00	1.02	1.44	0.72	615235.15	0.00	0.00	16.06	0.00	20.19	57.15	0.00	0.00	7.00	7.00
145	0.00	45.00	1.02	1.44	0.72	615235.15	0.00	0.00	16.06	0.00	19.93	56.86	0.00	0.00	7.00	7.00
146	0.00	46.00	1.02	1.44	0.72	615235.15	0.00	0.00	16.06	0.00	19.49	57.05	0.00	0.00	7.00	7.00
147	0.00	47.00	1.02	1.44	0.72	615235.15	0.00	0.00	16.06	0.00	21.66	57.20	0.00	0.00	7.00	7.00
148	0.00	48.00	1.02	1.44	0.72	615235.15	0.00	0.00	16.06	0.00	21.21	57.41	0.00	0.00	7.00	7.00
149	0.00	49.00	1.02	1.44	0.72	615235.15	0.00	0.00	16.06	0.00	23.25	58.31	0.00	0.00	7.00	7.00
150	0.00	50.00	1.02	1.44	0.72	615235.15	0.00	0.00	16.06	0.00	24.47	58.66	0.00	0.00	7.00	7.00
151	0.00	51.00	1.02	1.44	0.72	615235.15	0.00	0.00	16.06	0.00	23.99	57.83	0.00	0.00	7.00	7.00
152	0.00	52.00	1.02	1.44	0.72	615235.15	0.00	0.00	16.06	0.00	23.53	57.95	0.00	0.00	7.00	7.00
153	0.00	53.00	1.02	1.44	0.72	615235.15	0.00	0.00	16.06	0.00	25.53	57.85	0.00	0.00	7.00	7.00
154	0.00	54.00	1.02	1.44	0.72	615235.15	0.00	0.00	16.06	0.00	30.52	58.18	0.00	0.00	7.00	7.00
155	0.00	55.00	1.02	1.44	0.72	615235.15	0.00	0.00	16.06	0.00	29.97	58.54	0.00	0.00	7.00	7.00
156	0.00	56.00	1.02	1.44	0.72	615235.15	0.00	0.00	16.06	0.00	31.31	58.45	0.00	0.00	7.00	7.00
157	0.00	57.00	1.02	1.44	0.72	615235.15	0.00	0.00	16.06	0.00	30.76	58.75	0.00	0.00	7.00	7.00
158	0.00	58.00	1.02	1.44	0.72	615235.15	0.00	0.00	16.06	0.00	30.23	58.02	0.00	0.00	7.00	7.00
159	0.00	59.00	1.02	1.44	0.72	615235.15	0.00	0.00	16.06	0.00	29.72	57.50	0.00	0.00	7.00	7.00
160	0.00	60.00	1.02	1.44	0.72	615235.15	0.00	0.00	16.06	0.00	29.23	57.84	0.00	0.00	7.00	7.00
161	0.00	61.00	1.02	1.44	0.72	615235.15	0.00	0.00	16.06	0.00	29.20	58.37	0.00	0.00	7.00	7.00
162	0.00	62.00	1.02	1.44	0.72	615235.15	0.00	0.00	16.06	0.00	28.73	58.65	0.00	0.00	7.00	7.00
163	0.00	63.00	1.02	1.44	0.72	615235.15	0.00	0.00	16.06	0.00	28.88	58.19	0.00	0.00	7.00	7.00
164	0.00	64.00	1.02	1.44	0.72	615235.15	0.00	0.00	16.06	0.00	30.08	58.37	0.00	0.00	7.00	7.00
165	0.00	65.00	1.02	1.44	0.72	615235.15	0.00	0.00	16.06	0.00	29.61	58.67	0.00	0.00	7.00	7.00
166	0.00	66.00	1.02	1.44	0.72	615235.15	0.00	0.00	16.06	0.00	30.98	59.09	0.00	0.00	7.00	7.00
167	0.00	67.00	1.02	1.44	0.72	615235.15	0.00	0.00	16.06	0.00	30.52	58.85	0.00	0.00	7.00	7.00
168	0.00	68.00	1.02	1.44	0.72	615235.15	0.00	0.00	16.06	0.00	30.07	59.13	0.00	0.00	7.00	7.00
169	0.00	69.00	1.02	1.44	0.72	615235.15	0.00	0.00	16.06	0.00	29.63	59.21	0.00	0.00	7.00	7.00
170	0.00	70.00	1.02	1.44	0.72	615235.15	0.00	0.00	16.06	0.00	29.21	58.60	0.00	0.00	7.00	7.00
171	0.00	71.00	1.02	1.44	0.72	615235.15	0.00	0.00	16.06	0.00	29.04	58.50	0.00	0.00	7.00	7.00
172	0.00	72.00	1.02	1.44	0.72	615235.15	0.00	0.00	16.06	0.00	28.64	57.92	0.00	0.00	7.00	7.00
173	0.00	73.00	1.02	1.44	0.72	615235.15	0.00	0.00	16.06	0.00	28.25	57.50	0.00	0.00	7.00	7.00
174	0.00	74.00	1.02	1.44	0.72	615235.15	0.00	0.00	16.06	0.00	27.87	56.98	0.00	0.00	7.00	7.00
175	0.00	25.00	1.02	1.44	0.72	615235.15	0.00	0.00	16.06	0.00	9.07	48.47	0.00	0.00	7.00	7.00
176	0.00	26.00	1.02	1.44	0.72	615235.15	0.00	0.00	16.06	0.00	8.72	49.60	0.00	0.00	7.00	7.00
177	0.00	27.00	1.02	1.44	0.72	615235.15	0.00	0.00	16.06	0.00	12.89	50.64	0.00	0.00	7.00	7.00
178	0.00	28.00	1.02	1.44	0.72	615235.15	0.00	0.00	16.06	0.00	12.43	51.53	0.00	0.00	7.00	7.00
179	0.00	29.00	1.02	1.44	0.72	615235.15	0.00	0.00	16.06	0.00	16.78	51.16	0.00	0.00	7.00	7.00
180	0.00	30.00	1.02	1.44	0.72	615235.15	0.00	0.00	16.06	0.00	16.22	51.97	0.00	0.00	7.00	7.00
181	0.00	31.00	1.02	1.44	0.72	615235.15	0.00	0.00	16.06	0.00	15.70	53.54	0.00	0.00	7.00	7.00
182	0.00	32.00	1.02	1.44	0.72	615235.15	0.00	0.00	16.06	0.00	15.21	54.30	0.00	0.00	7.00	7.00
183	0.00	33.00	1.02	1.44	0.72	615235.15	0.00	0.00	16.06	0.00	14.75	53.96	0.00	0.00	7.00	7.00
184	0.00	34.00	1.02	1.44	0.72	615235.15	0.00	0.00	16.06	0.00	17.36	55.30	0.00	0.00	7.00	7.00
185	0.00	35.00	1.02	1.44	0.72	615235.15	0.00	0.00	16.06	0.00	16.87	55.88	0.00	0.00	7.00	7.00
186	0.00	36.00	1.02	1.44	0.72	615235.15	0.00	0.00	16.06	0.00	19.32	56.46	0.00	0.00	7.00	7.00
187	0.00	37.00	1.02	1.44	0.72	615235.15	0.00	0.00	16.06	0.00	18.80	57.63	0.00	0.00	7.00	7.00
188	0.00	38.00	1.02	1.44	0.72	615235.15	0.00	0.00	16.06	0.00	18.31	56.61	0.00	0.00	7.00	7.00
189	0.00	39.00	1.02	1.44	0.72	615235.15	0.00	0.00	16.06	0.00	17.84	56.88	0.00	0.00	7.00	7.00
190	0.00	40.00	1.02	1.44	0.72	615235.15	0.00	0.00	16.06	0.00	17.39	56.15	0.00	0.00	7.00	7.00
191	0.00	41.00	1.02	1.44	0.72	615235.15	0.00	0.00	16.06	0.00	16.97	55.83	0.00	0.00	7.00	7.00
192	0.00	42.00	1.02	1.44	0.72	615235.15	0.00	0.00	16.06	0.00	16.56	55.16	0.00	0.00	7.00	7.00
193	0.00	43.00	1.02	1.44	0.72	615235.15	0.00	0.00	16.06	0.00	16.18	55.36	0.00	0.00	7.00	7.00
194	0.00	44.00	1.02	1.44	0.72	615235.15	0.00	0.00	16.06	0.00	15.81	54.48	0.00	0.00	7.00	7.00
195	0.00	45.00	1.02	1.44	0.72	615235.15	0.00	0.00	16.06	0.00	22.02	54.43	0.00	0.00	7.00	7.00
196	0.00	46.00	1.02	1.44	0.72	615235.15	0.00	0.00	16.06	0.00	21.54	53.85	0.00	0.00	7.00	7.00
197	0.00	47.00	1.02	1.44	0.72	615235.15	0.00	0.00	16.06	0.00	21.08	54.83	0.00	0.00	7.00	7.00
198	0.00	48.00	1.02	1.44	0.72	615235.15	0.00	0.00	16.06	0.00	20.64	54.49	0.00	0.00	7.00	7.00
199	0.00	49.00	1.02	1.44	0.72	615235.15	0.00	0.00	16.06	0.00	20.22	53.73	0.00	0.00	7.00	7.00
200	0.00	50.00	1.02	1.44	0.72	615235.15	0.00	0.00	16.06	0.00	19.82	53.93	0.00	0.00	7.00	7.00
201	0.00	51.00	0.87	1.73	0.61	615239.78	0.00	0.00	16.06	0.00	19.43	54.19	0.00	0.00	7.00	7.00
202	0.00	52.00	0.87	1.73	0.61	615239.78	0.00	0.00	16.06	0.00	19.06	53.46	0.00	0.00	7.00	7.00
203	0.00	53.00	0.87	1.73	0.61	615239.78	0.00	0.00	16.06	0.00	18.70	53.88	0.00	0.00	7.00	7.00
204	0.00	54.00	0.87	1.73	0.61	615239.78	0.00	0.00	16.06	0.00	18.35	54.32	0.00	0.00	7.00	7.00
205	0.00	55.00	0.87	1.73	0.61	615239.78	0.00	0.00	16.06	0.00	18.02	55.15	0.00	0.00	7.00	7.00
206	0.00	56.00	0.87	1.73	0.61	615239.78	0.00	0.00	16.06	0.00	17.70	55.77	0.00	0.00	7.00	7.00
207	0.00	57.00	0.87	1.73	0.61	615239.78	0.00	0.00	16.06	0.00	17.39	55.07	0.00	0.00	7.00	7.00
208	0.00	58.00	0.87	1.73	0.61	615239.78	0.00	0.00	16.06	0.00	18.90	54.70	0.00	0.00	7.00	7.00
209	0.00	59.00	0.87	1.73	0.61	615239.78	0.00	0.00	16.06	0.00	18.58	54.91	0.00	0.00	7.00	7.00
210	0.00	60.00	0.87	1.73	0.61	615239.78	0.00	0.00	16.06	0.00	18.27	54.45	0.00	0.00	7.00	7.00
211	0.00	61.00	0.87	1.73	0.61	615239.78	0.00	0.00	16.06	0.00	17.97	53.82	0.00	0.00	7.00	7.00
212	0.00	62.00	0.87	1.73	0.61	615239.78	0.00	0.00	16.06	0.00	17.68	53.22	0.00	0.00	7.00	7.00
213	0.00	63.00	0.87	1.73	0.61	615239.78	0.00	0.00	16.06	0.00	17.40	53.37	0.00	0.00	7.00	7.00
214	0.00	64.00	0.87	1.73	0.61	615239.78	0.00	0.00	16.06	0.00	17.13	54.09	0.00	0.00	7.00	7.00
215	0.00	65.00	0.87	1.73	0.61	615239.78	0.00	0.00	16.06	0.00	16.87	54.42	0.00	0.00	7.00	7.00
216	0.00	66.00	0.87	1.73	0.61	615239.78	0.00	0.00	16.06	0.00	16.61	54.03	0.00	0.00	7.00	7.00
217	0.00	67.00	0.87	1.73	0.61	615239.78	0.00	0.00	16.06	0.00	17.93	54.27	0.00	0.00	7.00	7.00
218	0.00	68.00	0.87	1.73	0.61	615239.78	0.00	0.00	16.06	0.00	19.22	53.75	0.00	0.00	7.00	7.00
219	0.00	69.00	0.87	1.73	0.61	615239.78	0.00	0.00	16.06	0.00	20.46	54.08	0.00	0.00	7.00	7.00
220	0.00	70.00	0.87	1.73	0.61	615239.78	0.00	0.00	16.06	0.00	21.68	53.73	0.00	0.00	7.00	7.00
221	0.00	71.00	0.87	1.73	0.61	615239.78	0.00	0.00	16.06	0.00	21.91	53.88	0.00	0.00	7.00	7.00
222	0.00	72.00	0.87	1.73	0.61	615239.78	0.00	0.00	16.06	0.00	21.72	53.75	0.00	0.00	7.00	7.00
223	0.00	73.00	0.87	1.73	0.61	615239.78	0.00	0.00	16.06	0.00	21.42	54.07	0.00	0.00	7.00	7.00
224	0.00	74.00	0.87	1.73	0.61	615239.78	0.00	0.00	16.06	0.00	21.54	54.06	0.00	0.00	7.00	7.00
225	0.00	25.00	0.87	1.73	0.61	615239.78	0.00	0.00	16.06	0.00	13.28	45.87	0.00	0.00	7.00	7.00
226	0.00	26.00	0.87	1.73	0.61	615239.78	0.00	0.00	16.06	0.00	12.77	44.84	0.00	0.00	7.00	7.00
227	0.00	27.00	0.87	1.73	0.61	615239.78	0.00	0.00	16.06	0.00	12.30	47.28	0.00	0.00	7.00	7.00
228	0.00	28.00	0.87	1.73	0.61	615239.78	0.00	0.00	16.06	0.00	11.86	46.16	0.00	0.00	7.00	7.00
229	0.00	29.00	0.87	1.73	0.61	615239.78	0.00	0.00	16.06	0.00	11.45	45.91	0.00	0.00	7.00	7.00
230	0.00	30.00	0.87	1.73	0.61	615239.78	0.00	0.00	16.06	0.00	11.07	44.91	0.00	0.00	7.00	7.00
231	0.00	31.00	0.87	1.73	0.61	615239.78	0.00	0.00	16.06	0.00	10.71	43.98	0.00	0.00	7.00	7.00
232	0.00	32.00	0.87	1.73	0.61	615239.78	0.00	0.00	16.06	0.00	11.58	43.54	0.00	0.00	7.00	7.00
233	0.00	33.00	0.87	1.73	0.61	615239.78	0.00	0.00	16.06	0.00	11.23	42.70	0.00	0.00	7.00	7.00
234	0.00	34.00	0.87	1.73	0.61	615239.78	0.00	0.00	16.06	0.00	10.90	42.01	0.00	0.00	7.00	7.00
235	0.00	35.00	0.87	1.73	0.61	615239.78	0.00	0.00	16.06	0.00	10.58	41.26	0.00	0.00	7.00	7.00
236	0.00	36.00	0.87	1.73	0.61	615239.78	0.00	0.00	16.06	0.00	10.29	42.24	0.00	0.00	7.00	7.00
237	0.00	37.00	0.87	1.73	0.61	615239.78	0.00	0.00	16.06	0.00	10.01	41.85	0.00	0.00	7.00	7.00
238	0.00	38.00	0.87	1.73	0.61	615239.78	0.00	0.00	16.06	0.00	9.75	41.47	0.00	0.00	7.00	7.00
239	0.00	39.00	0.87	1.73	0.61	615239.78	0.00	0.00	16.06	0.00	9.71	40.91	0.00	0.00	7.00	7.00
240	0.00	40.00	0.87	1.73	0.61	615239.78	0.00	0.00	16.06	0.00	9.46	40.29	0.00	0.00	7.00	7.00
241	0.00	41.00	0.87	1.73	0.61	615239.78	0.00	0.00	16.06	0.00	9.23	40.89	0.00	0.00	7.00	7.00
242	0.00	42.00	0.87	1.73	0.61	615239.78	0.00	0.00	16.06	0.00	9.01	41.77	0.00	0.00	7.00	7.00
243	0.00	43.00	0.87	1.73	0.61	615239.78	0.00	0.00	16.06	0.00	8.80	42.29	0.00	0.00	7.00	7.00
244	0.00	44.00	0.87	1.73	0.61	615239.78	0.00	0.00	16.06	0.00	8.60	41.73	0.00	0.00	7.00	7.00
245	0.00	45.00	0.87	1.73	0.61	615239.78	0.00	0.00	16.06	0.00	10.75	42.53	0.00	0.00	7.00	7.00
246	0.00	46.00	0.87	1.73	0.61	615239.78	0.00	0.00	16.06	0.00	10.52	41.95	0.00	0.00	7.00	7.00
247	0.00	47.00	0.87	1.73	0.61	615239.78	0.00	0.00	16.06	0.00	10.30	41.43	0.00	0.00	7.00	7.00
248	0.00	48.00	0.87	1.73	0.61	615239.78	0.00	0.00	16.06	0.00	10.08	42.64	0.00	0.00	7.00	7.00
249	0.00	49.00	0.87	1.73	0.61	615239.78	0.00	0.00	16.06	0.00	9.88	42.09	0.00	0.00	7.00	7.00
250	0.00	50.00	0.87	1.73	0.61	615239.78	0.00	0.00	16.06	0.00	9.68	41.58	0.00	0.00	7.00	7.00
251	0.00	51.00	0.87	1.73	0.61	615239.78	0.00	0.00	16.06	0.00	9.49	42.29	0.00	0.00	7.00	7.00
252	0.00	52.00	0.87	1.73	0.61	615239.78	0.00	0.00	16.06	0.00	9.31	42.01	0.00	0.00	7.00	7.00
253	0.00	53.00	0.87	1.73	0.61	615239.78	0.00	0.00	16.06	0.00	11.12	42.04	0.00	0.00	7.00	7.00
254	0.00	54.00	0.87	1.73	0.61	615239.78	0.00	0.00	16.06	0.00	10.91	42.45	0.00	0.00	7.00	7.00
255	0.00	55.00	0.87	1.73	0.61	615239.78	0.00	0.00	16.06	0.00	10.86	42.48	0.00	0.00	7.00	7.00
256	0.00	56.00	0.87	1.73	0.61	615239.78	0.00	0.00	16.06	0.00	10.67	42.88	0.00	0.00	7.00	7.00
257	0.00	57.00	0.87	1.73	0.61	615239.78	0.00	0.00	16.06	0.00	10.48	43.28	0.00	0.00	7.00	7.00
258	0.00	58.00	0.87	1.73	0.61	615239.78	0.00	0.00	16.06	0.00	10.30	42.81	0.00	0.00	7.00	7.00
259	0.00	59.00	0.87	1.73	0.61	615239.78	0.00	0.00	16.06	0.00	12.18	43.17	0.00	0.00	7.00	7.00
260	0.00	60.00	0.87	1.73	0.61	615239.78	0.00	0.00	16.06	0.00	12.27	43.31	0.00	0.00	7.00	7.00
261	0.00	61.00	0.87	1.73	0.61	615239.78	0.00	0.00	16.06	0.00	12.07	44.23	0.00	0.00	7.00	7.00
262	0.00	62.00	0.87	1.73	0.61	615239.78	0.00	0.00	16.06	0.00	12.49	44.00	0.00	0.00	7.00	7.00
263	0.00	63.00	0.87	1.73	0.61	615239.78	0.00	0.00	16.06	0.00	12.29	43.55	0.00	0.00	7.00	7.00
264	0.00	64.00	0.87	1.73	0.61	615239.78	0.00	0.00	16.06	0.00	12.10	43.12	0.00	0.00	7.00	7.00
265	0.00	65.00	0.87	1.73	0.61	615239.78	0.00	0.00	16.06	0.00	11.91	42.92	0.00	0.00	7.00	7.00
266	0.00	66.00	0.87	1.73	0.61	615239.78	0.00	0.00	16.06	0.00	13.69	43.05	0.00	0.00	7.00	7.00
267	0.00	67.00	0.87	1.73	0.61	615239.78	0.00	0.00	16.06	0.00	17.53	43.20	0.00	0.00	7.00	7.00
268	0.00	68.00	0.87	1.73	0.61	615239.78	0.00	0.00	16.06	0.00	19.05	43.50	0.00	0.00	7.00	7.00
269	0.00	69.00	0.87	1.73	0.61	615239.78	0.00	0.00	16.06	0.00	18.78	44.32	0.00	0.00	7.00	7.00
270	0.00	70.00	0.87	1.73	0.61	615239.78	0.00	0.00	16.06	0.00	18.51	43.96	0.00	0.00	7.00	7.00
271	0.00	71.00	0.87	1.73	0.61	615239.78	0.00	0.00	16.06	0.00	19.73	44.43	0.00	0.00	7.00	7.00
272	0.00	72.00	0.87	1.73	0.61	615239.78	0.00	0.00	16.06	0.00	19.87	44.89	0.00	0.00	7.00	7.00
273	0.00	73.00	0.87	1.73	0.61	615239.78	0.00	0.00	16.06	0.00	19.60	45.19	0.00	0.00	7.00	7.00
274	0.00	74.00	0.87	1.73	0.61	615239.78	0.00	0.00	16.06	0.00	20.76	44.80	0.00	0.00	7.00	7.00
275	0.00	25.00	0.87	1.73	0.61	615239.78	0.00	0.00	16.06	0.00	12.17	34.73	0.00	0.00	7.00	7.00
276	0.00	26.00	0.87	1.73	0.61	615239.78	0.00	0.00	16.06	0.00	11.71	34.13	0.00	0.00	7.00	7.00
277	0.00	27.00	0.87	1.73	0.61	615239.78	0.00	0.00	16.06	0.00	11.27	33.46	0.00	0.00	7.00	7.00
278	0.00	28.00	0.87	1.73	0.61	615239.78	0.00	0.00	16.06	0.00	10.87	32.84	0.00	0.00	7.00	7.00
279	0.00	29.00	0.87	1.73	0.61	615239.78	0.00	0.00	16.06	0.00	10.50	33.19	0.00	0.00	7.00	7.00
280	0.00	30.00	0.87	1.73	0.61	615239.78	0.00	0.00	16.06	0.00	10.42	32.64	0.00	0.00	7.00	7.00
281	0.00	31.00	0.87	1.73	0.61	615239.78	0.00	0.00	16.06	0.00	10.42	34.03	0.00	0.00	7.00	7.00
282	0.00	32.00	0.87	1.73	0.61	615239.78	0.00	0.00	16.06	0.00	10.09	33.47	0.00	0.00	7.00	7.00
283	0.00	33.00	0.87	1.73	0.61	615239.78	0.00	0.00	16.06	0.00	12.98	33.02	0.00	0.00	7.00	7.00
284	0.00	34.00	0.87	1.73	0.61	615239.78	0.00	0.00	16.06	0.00	12.59	34.02	0.00	0.00	7.00	7.00
285	0.00	35.00	0.87	1.73	0.61	615239.78	0.00	0.00	16.06	0.00	12.23	33.51	0.00	0.00	7.00	7.00
286	0.00	36.00	0.87	1.73	0.61	615239.78	0.00	0.00	16.06	0.00	12.96	33.04	0.00	0.00	7.00	7.00
287	0.00	37.00	0.87	1.73	0.61	615239.78	0.00	0.00	16.06	0.00	15.28	34.21	0.00	0.00	7.00	7.00
288	0.00	38.00	0.87	1.73	0.61	615239.78	0.00	0.00	16.06	0.00	14.88	34.04	0.00	0.00	7.00	7.00
289	0.00	39.00	0.87	1.73	0.61	615239.78	0.00	0.00	16.06	0.00	14.50	33.58	0.00	0.00	7.00	7.00
290	0.00	40.00	0.87	1.73	0.61	615239.78	0.00	0.00	16.06	0.00	14.13	34.31	0.00	0.00	7.00	6.97
291	0.00	41.00	0.87	1.73	0.61	615239.78	0.00	0.00	16.06	0.00	16.36	33.90	0.00	0.00	7.00	6.98
292	0.00	42.00	0.87	1.73	0.61	615239.78	0.00	0.00	16.06	0.00	15.97	33.75	0.00	0.00	7.00	6.98
293	0.00	43.00	0.87	1.73	0.61	615239.78	0.00	0.00	16.06	0.00	16.49	34.04	0.00	0.00	7.00	6.98
294	0.00	44.00	0.87	1.73	0.61	615239.78	0.00	0.00	16.06	0.00	16.12	33.63	0.00	0.00	7.00	6.98
295	0.00	45.00	0.87	1.73	0.61	615239.78	0.00	0.00	16.06	0.00	18.63	34.03	0.00	0.00	7.00	6.98
296	0.00	46.00	0.87	1.73	0.61	615239.78	0.00	0.00	16.06	0.00	18.61	34.41	0.00	0.00	7.00	6.98
297	0.00	47.00	0.87	1.73	0.61	615239.78	0.00	0.00	16.06	0.00	18.21	34.03	0.00	0.00	7.00	6.98
298	0.00	48.00	0.87	1.73	0.61	615239.78	0.00	0.00	16.06	0.00	17.83	33.66	0.00	0.00	7.00	6.98
299	0.00	49.00	0.87	1.73	0.61	615239.78	0.00	0.00	16.06	0.00	17.47	33.30	0.00	0.00	7.00	6.98
300	0.00	50.00	0.87	1.73	0.61	615239.78	0.00	0.00	16.06	0.00	17.12	32.95	0.00	0.00	7.00	6.98
301	0.00	51.00	0.74	2.07	0.52	615245.33	0.00	0.00	16.06	0.00	16.78	32.85	0.00	0.00	7.00	6.98
302	0.00	52.00	0.74	2.07	0.52	615245.33	0.00	0.00	16.06	0.00	17.20	32.53	0.00	0.00	7.00	6.98
303	0.00	53.00	0.74	2.07	0.52	615245.33	0.00	0.00	16.06	0.00	16.87	32.23	0.00	0.00	7.00	6.98
304	0.00	54.00	0.74	2.07	0.52	615245.33	0.00	0.00	16.06	0.00	16.56	32.18	0.00	0.00	7.00	6.98
305	0.00	55.00	0.74	2.07	0.52	615245.33	0.00	0.00	16.06	0.00	16.26	31.89	0.00	0.00	7.00	6.98
306	0.00	56.00	0.74	2.07	0.52	615245.33	0.00	0.00	16.06	0.00	15.97	32.47	0.00	0.00	7.00	6.98
307	0.00	57.00	0.74	2.07	0.52	615245.33	0.00	0.00	16.06	0.00	15.69	33.01	0.00	0.00	7.00	6.98
308	0.00	58.00	0.74	2.07	0.52	615245.33	0.00	0.00	16.06	0.00	15.42	32.94	0.00	0.00	7.00	6.98
309	0.00	59.00	0.74	2.07	0.52	615245.33	0.00	0.00	16.06	0.00	15.33	33.89	0.00	0.00	7.00	6.98
310	0.00	60.00	0.74	2.07	0.52	615245.33	0.00	0.00	16.06	0.00	15.08	33.59	0.00	0.00	7.00	6.98
311	0.00	61.00	0.74	2.07	0.52	615245.33	0.00	0.00	16.06	0.00	14.83	34.31	0.00	0.00	7.00	6.98
312	0.00	62.00	0.74	2.07	0.52	615245.33	0.00	0.00	16.06	0.00	16.29	34.88	0.00	0.00	7.00	6.98
313	0.00	63.00	0.74	2.07	0.52	615245.33	0.00	0.00	16.06	0.00	16.03	34.59	0.00	0.00	7.00	6.98
314	0.00	64.00	0.74	2.07	0.52	615245.33	0.00	0.00	16.06	0.00	15.78	34.48	0.00	0.00	7.00	6.98
315	0.00	65.00	0.74	2.07	0.52	615245.33	0.00	0.00	16.06	0.00	15.54	34.21	0.00	0.00	7.00	6.98
316	0.00	66.00	0.74	2.07	0.52	615245.33	0.00	0.00	16.06	0.00	15.30	34.14	0.00	0.00	7.00	6.98
317	0.00	67.00	0.74	2.07	0.52	615245.33	0.00	0.00	16.06	0.00	15.52	34.78	0.00	0.00	7.00	6.99
318	0.00	68.00	0.74	2.07	0.52	615245.33	0.00	0.00	16.06	0.00	15.29	34.51	0.00	0.00	7.00	6.99
319	0.00	69.00	0.74	2.07	0.52	615245.33	0.00	0.00	16.06	0.00	15.07	34.24	0.00	0.00	7.00	6.99
320	0.00	70.00	0.74	2.07	0.52	615245.33	0.00	0.00	16.06	0.00	14.85	33.99	0.00	0.00	7.00	6.99
321	0.00	71.00	0.74	2.07	0.52	615245.33	0.00	0.00	16.06	0.00	14.79	34.40	0.00	0.00	7.00	6.99
322	0.00	72.00	0.74	2.07	0.52	615245.33	0.00	0.00	16.06	0.00	14.59	34.14	0.00	0.00	7.00	6.99
323	0.00	73.00	0.74	2.07	0.52	615245.33	0.00	0.00	16.06	0.00	14.39	34.08	0.00	0.00	7.00	6.99
324	0.00	74.00	0.74	2.07	0.52	615245.33	0.00	0.00	16.06	0.00	14.43	34.32	0.00	0.00	7.00	6.99
325	0.00	25.00	0.74	2.07	0.52	615245.33	0.00	0.00	16.06	0.00	15.19	28.08	0.00	0.00	7.00	7.00
326	0.00	26.00	0.74	2.07	0.52	615245.33	0.00	0.00	16.06	0.00	14.61	28.14	0.00	0.00	7.00	7.00
327	0.00	27.00	0.74	2.07	0.52	615245.33	0.00	0.00	16.06	0.00	18.86	29.01	0.00	0.00	7.00	7.00
328	0.00	28.00	0.74	2.07	0.52	615245.33	0.00	0.00	16.06	0.00	21.95	28.60	0.00	0.00	7.00	7.00
329	0.00	29.00	0.74	2.07	0.52	615245.33	0.00	0.00	16.06	0.00	21.19	28.19	0.00	0.00	7.00	7.00
330	0.00	30.00	0.74	2.07	0.52	615245.33	0.00	0.00	16.06	0.00	20.48	28.25	0.00	0.00	7.00	7.00
331	0.00	31.00	0.74	2.07	0.52	615245.33	0.00	0.00	16.06	0.00	19.82	28.26	0.00	0.00	7.00	7.00
332	0.00	32.00	0.74	2.07	0.52	615245.33	0.00	0.00	16.06	0.00	22.49	28.03	0.00	0.00	7.00	6.97
333	0.00	33.00	0.74	2.07	0.52	615245.33	0.00	0.00	16.06	0.00	25.49	29.48	0.00	0.00	7.00	6.97
334	0.00	34.00	0.74	2.07	0.52	615245.33	0.00	0.00	16.06	0.00	24.74	29.10	0.00	0.00	7.00	6.97
335	0.00	35.00	0.74	2.07	0.52	615245.33	0.00	0.00	16.06	0.00	24.03	29.06	0.00	0.00	7.00	6.97
336	0.00	36.00	0.74	2.07	0.52	615245.33	0.00	0.00	16.06	0.00	23.59	29.47	0.00	0.00	7.00	6.97
337	0.00	37.00	0.74	2.07	0.52	615245.33	0.00	0.00	16.06	0.00	25.80	30.10	0.00	0.00	7.00	6.97
338	0.00	38.00	0.74	2.07	0.52	615245.33	0.00	0.00	16.06	0.00	25.12	29.73	0.00	0.00	7.00	6.97
339	0.00	39.00	0.74	2.07	0.52	615245.33	0.00	0.00	16.06	0.00	24.71	30.68	0.00	0.00	7.00	6.97
340	0.00	40.00	0.74	2.07	0.52	615245.33	0.00	0.00	16.06	0.00	24.09	30.32	0.00	0.00	7.00	6.97
341	0.00	41.00	0.74	2.07	0.52	615245.33	0.00	0.00	16.06	0.00	23.51	29.99	0.00	0.00	7.00	6.98
342	0.00	42.00	0.74	2.07	0.52	615245.33	0.00	0.00	16.06	0.00	22.95	29.73	0.00	0.00	7.00	6.98
343	0.00	43.00	0.74	2.07	0.52	615245.33	0.00	0.00	16.06	0.00	29.28	30.24	0.00	0.00	7.00	6.98
344	0.00	44.00	0.74	2.07	0.52	615245.33	0.00	0.00	16.06	0.00	28.61	29.94	0.00	0.00	7.00	6.98
345	0.00	45.00	0.74	2.07	0.52	615245.33	0.00	0.00	16.06	0.00	28.21	30.74	0.00	0.00	7.00	6.98
346	0.00	46.00	0.74	2.07	0.52	615245.33	0.00	0.00	16.06	0.00	27.60	30.42	0.00	0.00	7.00	6.98
347	0.00	47.00	0.74	2.07	0.52	615245.33	0.00	0.00	16.06	0.00	31.92	30.23	0.02	0.00	7.00	6.98
348	0.00	48.00	0.74	2.07	0.52	615245.33	0.00	0.00	16.06	0.00	34.14	30.40	0.02	0.00	7.00	6.98
349	0.00	49.00	0.74	2.07	0.52	615245.33	0.00	0.00	16.06	0.00	33.65	30.86	0.02	0.00	7.00	6.98
350	0.00	50.00	0.74	2.07	0.52	615245.33	0.00	0.00	16.06	0.00	32.98	30.56	0.02	0.00	7.00	6.98
351	0.00	51.00	0.74	2.07	0.52	615245.33	0.00	0.00	16.06	0.00	32.33	30.29	0.02	0.00	7.00	6.98
352	0.00	52.00	0.74	2.07	0.52	615245.33	0.00	0.00	16.06	0.00	33.61	31.47	0.02	0.00	7.00	6.98
353	0.00	53.00	0.74	2.07	0.52	615245.33	0.00	0.00	16.06	0.00	35.27	32.06	0.02	0.00	7.00	6.98
354	0.00	54.00	0.74	2.07	0.52	615245.33	0.00	0.00	16.06	0.00	34.81	32.66	0.02	0.00	7.00	6.98
355	0.00	55.00	0.74	2.07	0.52	615245.33	0.00	0.00	16.06	0.00	34.17	32.36	0.02	0.00	7.00	6.98
356	0.00	56.00	0.74	2.07	0.52	615245.33	0.00	0.00	16.06	0.00	33.56	32.90	0.02	0.00	7.00	6.98
357	0.00	57.00	0.74	2.07	0.52	615245.33	0.00	0.00	16.06	0.00	32.97	32.62	0.02	0.00	7.00	6.98
358	0.00	58.00	0.74	2.07	0.52	615245.33	0.00	0.00	16.06	0.00	32.41	32.34	0.02	0.00	7.00	6.98
359	0.00	59.00	0.74	2.07	0.52	615245.33	0.00	0.00	16.06	0.00	31.86	32.11	0.02	0.00	7.00	6.98
360	0.00	60.00	0.74	2.07	0.52	615245.33	0.00	0.00	16.06	0.00	31.33	32.07	0.02	0.00	7.00	6.98
361	0.00	61.00	0.74	2.07	0.52	615245.33	0.00	0.00	16.06	0.00	30.81	31.82	0.02	0.00	7.00	6.98
362	0.00	62.00	0.74	2.07	0.52	615245.33	0.00	0.00	16.06	0.00	30.32	31.57	0.02	0.00	7.00	6.98
363	0.00	63.00	0.74	2.07	0.52	615245.33	0.00	0.00	16.06	0.00	34.67	31.90	0.02	0.00	7.00	6.98
364	0.00	64.00	0.74	2.07	0.52	615245.33	0.00	0.00	16.06	0.00	36.46	31.72	0.02	0.00	7.00	6.98
365	0.00	65.00	0.74	2.07	0.52	615245.33	0.00	0.00	16.06	0.00	35.90	31.89	0.02	0.00	7.00	6.98
366	0.00	66.00	0.74	2.07	0.52	615245.33	0.00	0.00	16.06	0.00	35.35	31.83	0.02	0.00	7.00	6.98
367	0.00	67.00	0.74	2.07	0.52	615245.33	0.00	0.00	16.06	0.00	34.83	31.64	0.01	0.00	7.00	6.99
368	0.00	68.00	0.74	2.07	0.52	615245.33	0.00	0.00	16.06	0.00	36.10	32.45	0.01	0.00	7.00	6.99
369	0.00	69.00	0.74	2.07	0.52	615245.33	0.00	0.00	16.06	0.00	35.57	32.22	0.01	0.00	7.00	6.99
370	0.00	70.00	0.74	2.07	0.52	615245.33	0.00	0.00	16.06	0.00	35.07	32.00	0.01	0.00	7.00	6.99
371	0.00	71.00	0.74	2.07	0.52	615245.33	0.00	0.00	16.06	0.00	34.57	31.81	0.01	0.00	7.00	6.99
372	0.00	72.00	0.74	2.07	0.52	615245.33	0.00	0.00	16.06	0.00	34.09	31.60	0.01	0.00	7.00	6.99
373	0.00	73.00	0.74	2.07	0.52	615245.33	0.00	0.00	16.06	0.00	35.29	32.04	0.01	0.00	7.00	6.99
374	0.00	74.00	0.74	2.07	0.52	615245.33	0.00	0.00	16.06	0.00	34.81	31.82	0.01	0.00	7.00	6.99
375	0.00	25.00	0.74	2.07	0.52	615245.33	0.00	0.00	16.06	0.00	14.17	24.64	0.00	0.00	7.00	7.00
376	0.00	26.00	0.74	2.07	0.52	615245.33	0.00	0.00	16.06	0.00	13.62	24.29	0.00	0.00	7.00	7.00
377	0.00	27.00	0.74	2.07	0.52	615245.33	0.00	0.00	16.06	0.00	13.12	25.77	0.00	0.00	7.00	7.00
378	0.00	28.00	0.74	2.07	0.52	615245.33	0.00	0.00	16.06	0.00	12.65	27.13	0.00	0.00	7.00	7.00
379	0.00	29.00	0.74	2.07	0.52	615245.33	0.00	0.00	16.06	0.00	12.22	26.75	0.00	0.00	7.00	7.00
380	0.00	30.00	0.74	2.07	0.52	615245.33	0.00	0.00	16.06	0.00	15.85	28.00	0.00	0.00	7.00	7.00
381	0.00	31.00	0.74	2.07	0.52	615245.33	0.00	0.00	16.06	0.00	15.34	29.26	0.00	0.00	7.00	7.00
382	0.00	32.00	0.74	2.07	0.52	615245.33	0.00	0.00	16.06	0.00	14.86	28.84	0.00	0.00	7.00	7.00
383	0.00	33.00	0.74	2.07	0.52	615245.33	0.00	0.00	16.06	0.00	14.41	28.46	0.00	0.00	7.00	7.00
384	0.00	34.00	0.74	2.07	0.52	615245.33	0.00	0.00	16.06	0.00	13.99	28.47	0.00	0.00	7.00	7.00
385	0.00	35.00	0.74	2.07	0.52	615245.33	0.00	0.00	16.06	0.00	13.59	28.45	0.00	0.00	7.00	7.00
386	0.00	36.00	0.74	2.07	0.52	615245.33	0.00	0.00	16.06	0.00	13.21	28.42	0.00	0.00	7.00	7.00
387	0.00	37.00	0.74	2.07	0.52	615245.33	0.00	0.00	16.06	0.00	12.85	28.09	0.00	0.00	7.00	7.00
388	0.00	38.00	0.74	2.07	0.52	615245.33	0.00	0.00	16.06	0.00	12.51	27.78	0.00	0.00	7.00	7.00
389	0.00	39.00	0.74	2.07	0.52	615245.33	0.00	0.00	16.06	0.00	12.19	27.47	0.00	0.00	7.00	7.00
390	0.00	40.00	0.74	2.07	0.52	615245.33	0.00	0.00	16.06	0.00	11.89	27.19	0.00	0.00	7.00	7.00
391	0.00	41.00	0.74	2.07	0.52	615245.33	0.00	0.00	16.06	0.00	11.60	26.99	0.00	0.00	7.00	7.00
392	0.00	42.00	0.74	2.07	0.52	615245.33	0.00	0.00	16.06	0.00	11.32	26.80	0.00	0.00	7.00	7.00
393	0.00	43.00	0.74	2.07	0.52	615245.33	0.00	0.00	16.06	0.00	11.06	27.66	0.00	0.00	7.00	7.00
394	0.00	44.00	0.74	2.07	0.52	615245.33	0.00	0.00	16.06	0.00	13.20	27.40	0.00	0.00	7.00	7.00
395	0.00	45.00	0.74	2.07	0.52	615245.33	0.00	0.00	16.06	0.00	12.91	28.22	0.00	0.00	7.00	7.00
396	0.00	46.00	0.74	2.07	0.52	615245.33	0.00	0.00	16.06	0.00	15.87	28.22	0.00	0.00	7.00	7.00
397	0.00	47.00	0.74	2.07	0.52	615245.33	0.00	0.00	16.06	0.00	15.75	29.00	0.00	0.00	7.00	7.00
398	0.00	48.00	0.74	2.07	0.52	615245.33	0.00	0.00	16.06	0.00	15.43	28.73	0.00	0.00	7.00	7.00
399	0.00	49.00	0.74	2.07	0.52	615245.33	0.00	0.00	16.06	0.00	15.11	28.53	0.00	0.00	7.00	7.00
400	0.00	50.00	0.74	2.07	0.52	615245.33	0.00	0.00	16.06	0.00	70.24	53.16	0.00	0.00	7.00	7.00
401	0.00	51.00	0.63	2.49	0.44	615251.99	0.00	0.00	16.06	0.00	71.99	54.07	0.00	0.00	7.00	7.00
402	0.00	52.00	0.63	2.49	0.44	615251.99	0.00	0.00	16.06	0.00	70.61	53.34	0.00	0.00	7.00	7.00
403	0.00	53.00	0.63	2.49	0.44	615251.99	0.00	0.00	16.06	0.00	74.85	53.76	0.00	0.00	7.00	7.00
404	0.00	54.00	0.63	2.49	0.44	615251.99	0.00	0.00	16.06	0.00	76.22	54.16	0.00	0.00	7.00	7.00
405	0.00	55.00	0.63	2.49	0.44	615251.99	0.00	0.00	16.06	0.00	76.75	53.88	0.00	0.00	7.00	7.00
406	0.00	56.00	0.63	2.49	0.44	615251.99	0.00	0.00	16.06	0.00	80.21	53.86	0.00	0.00	7.00	7.00
407	0.00	57.00	0.63	2.49	0.44	615251.99	0.00	0.00	16.06	0.00	81.43	54.24	0.00	0.00	7.00	7.00
408	0.00	58.00	0.63	2.49	0.44	615251.99	0.00	0.00	16.06	0.00	81.84	53.98	0.00	0.00	7.00	7.00
409	0.00	59.00	0.63	2.49	0.44	615251.99	0.00	0.00	16.06	0.00	82.23	53.36	0.00	0.00	7.00	7.00
410	0.00	60.00	0.63	2.49	0.44	615251.99	0.00	0.00	16.06	0.00	80.86	52.73	0.00	0.00	7.00	7.00
411	0.00	61.00	0.63	2.49	0.44	615251.99	0.00	0.00	16.06	0.00	79.54	52.13	0.00	0.00	7.00	7.00
412	0.00	62.00	0.63	2.49	0.44	615251.99	0.00	0.00	16.06	0.00	78.25	51.75	0.00	0.00	7.00	7.00
413	0.00	63.00	0.63	2.49	0.44	615251.99	0.00	0.00	16.06	0.00	77.01	51.19	0.00	0.00	7.00	7.00
414	0.00	64.00	0.63	2.49	0.44	615251.99	0.00	0.00	16.06	0.00	75.81	50.65	0.00	0.00	7.00	7.00
415	0.00	65.00	0.63	2.49	0.44	615251.99	0.00	0.00	16.06	0.00	76.26	51.03	0.00	0.00	7.00	7.00
416	0.00	66.00	0.63	2.49	0.44	615251.99	0.00	0.00	16.06	0.00	76.70	51.04	0.00	0.00	7.00	7.00
417	0.00	67.00	0.63	2.49	0.44	615251.99	0.00	0.00	16.06	0.00	75.56	50.53	0.00	0.00	7.00	7.00
418	0.00	68.00	0.63	2.49	0.44	615251.99	0.00	0.00	16.06	0.00	75.99	50.78	0.00	0.00	7.00	7.00
419	0.00	69.00	0.63	2.49	0.44	615251.99	0.00	0.00	16.06	0.00	74.89	50.29	0.00	0.00	7.00	7.00
420	0.00	70.00	0.63	2.49	0.44	615251.99	0.00	0.00	16.06	0.00	73.82	49.80	0.00	0.00	7.00	7.00
421	0.00	71.00	0.63	2.49	0.44	615251.99	0.00	0.00	16.06	0.00	74.27	49.35	0.00	0.00	7.00	7.00
422	0.00	72.00	0.63	2.49	0.44	615251.99	0.00	0.00	16.06	0.00	73.23	48.89	0.00	0.00	7.00	7.00
423	0.00	73.00	0.63	2.49	0.44	615251.99	0.00	0.00	16.06	0.00	73.82	49.27	0.00	0.00	7.00	7.00
424	0.00	74.00	0.63	2.49	0.44	615251.99	0.00	0.00	16.06	0.00	72.82	48.82	0.00	0.00	7.00	7.00
425	0.00	25.00	0.63	2.49	0.44	615251.99	0.00	0.00	16.06	0.00	22.59	22.11	0.00	0.00	7.00	7.00
426	0.00	26.00	0.63	2.49	0.44	615251.99	0.00	0.00	16.06	0.00	21.72	22.36	0.00	0.00	7.00	7.00
427	0.00	27.00	0.63	2.49	0.44	615251.99	0.00	0.00	16.06	0.00	20.92	23.94	0.00	0.00	7.00	7.00
428	0.00	28.00	0.63	2.49	0.44	615251.99	0.00	0.00	16.06	0.00	20.17	23.68	0.00	0.00	7.00	7.00
429	0.00	29.00	0.63	2.49	0.44	615251.99	0.00	0.00	16.06	0.00	19.48	23.43	0.00	0.00	7.00	7.00
430	0.00	30.00	0.63	2.49	0.44	615251.99	0.00	0.00	16.06	0.00	18.83	23.19	0.00	0.00	7.00	7.00
431	0.00	31.00	0.63	2.49	0.44	615251.99	0.00	0.00	16.06	0.00	18.22	22.99	0.00	0.00	7.00	7.00
432	0.00	32.00	0.63	2.49	0.44	615251.99	0.00	0.00	16.06	0.00	17.65	23.13	0.00	0.00	7.00	7.00
433	0.00	33.00	0.63	2.49	0.44	615251.99	0.00	0.00	16.06	0.00	17.12	23.27	0.00	0.00	7.00	7.00
434	0.00	34.00	0.63	2.49	0.44	615251.99	0.00	0.00	16.06	0.00	16.61	24.55	0.00	0.00	7.00	7.00
435	0.00	35.00	0.63	2.49	0.44	615251.99	0.00	0.00	16.06	0.00	16.14	24.64	0.00	0.00	7.00	7.00
436	0.00	36.00	0.63	2.49	0.44	615251.99	0.00	0.00	16.06	0.00	15.69	25.73	0.00	0.00	7.00	7.00
437	0.00	37.00	0.63	2.49	0.44	615251.99	0.00	0.00	16.06	0.00	18.54	26.76	0.00	0.00	7.00	7.00
438	0.00	38.00	0.63	2.49	0.44	615251.99	0.00	0.00	16.06	0.00	18.05	27.75	0.00	0.00	7.00	7.00
439	0.00	39.00	0.63	2.49	0.44	615251.99	0.00	0.00	16.06	0.00	20.29	27.57	0.00	0.00	7.00	7.00
440	0.00	40.00	0.63	2.49	0.44	615251.99	0.00	0.00	16.06	0.00	19.78	27.58	0.00	0.00	7.00	7.00
441	0.00	41.00	0.63	2.49	0.44	615251.99	0.00	0.00	16.06	0.00	26.50	28.16	0.00	0.00	7.00	7.00
442	0.00	42.00	0.63	2.49	0.44	615251.99	0.00	0.00	16.06	0.00	25.87	28.17	0.00	0.00	7.00	7.00
443	0.00	43.00	0.63	2.49	0.44	615251.99	0.00	0.00	16.06	0.00	25.27	27.92	0.00	0.00	7.00	7.00
444	0.00	44.00	0.63	2.49	0.44	615251.99	0.00	0.00	16.06	0.00	24.70	27.64	0.00	0.00	7.00	7.00
445	0.00	45.00	0.63	2.49	0.44	615251.99	0.00	0.00	16.06	0.00	26.49	28.55	0.00	0.00	7.00	7.00
446	0.00	46.00	0.63	2.49	0.44	615251.99	0.00	0.00	16.06	0.00	25.91	28.28	0.00	0.00	7.00	7.00
447	0.00	47.00	0.63	2.49	0.44	615251.99	0.00	0.00	16.06	0.00	31.64	28.05	0.00	0.00	7.00	7.00
448	0.00	48.00	0.63	2.49	0.44	615251.99	0.00	0.00	16.06	0.00	30.98	28.07	0.00	0.00	7.00	7.00
449	0.00	49.00	0.63	2.49	0.44	615251.99	0.00	0.00	16.06	0.00	30.35	27.83	0.00	0.00	7.00	7.00
450	0.00	50.00	0.63	2.49	0.44	615251.99	0.00	0.00	16.06	0.00	31.85	28.56	0.00	0.00	7.00	7.00
451	0.00	51.00	0.63	2.49	0.44	615251.99	0.00	0.00	16.06	0.00	33.29	29.25	0.00	0.00	7.00	7.00
452	0.00	52.00	0.63	2.49	0.44	615251.99	0.00	0.00	16.06	0.00	32.65	29.01	0.00	0.00	7.00	7.00
453	0.00	53.00	0.63	2.49	0.44	615251.99	0.00	0.00	16.06	0.00	32.03	29.64	0.00	0.00	7.00	7.00
454	0.00	54.00	0.63	2.49	0.44	615251.99	0.00	0.00	16.06	0.00	31.44	29.45	0.00	0.00	7.00	7.00
455	0.00	55.00	0.63	2.49	0.44	615251.99	0.00	0.00	16.06	0.00	30.87	29.21	0.00	0.00	7.00	7.00
456	0.00	56.00	0.63	2.49	0.44	615251.99	0.00	0.00	16.06	0.00	30.32	28.98	0.00	0.00	7.00	7.00
457	0.00	57.00	0.63	2.49	0.44	615251.99	0.00	0.00	16.06	0.00	29.79	29.59	0.00	0.00	7.00	7.00
458	0.00	58.00	0.63	2.49	0.44	615251.99	0.00	0.00	16.06	0.00	31.09	30.18	0.00	0.00	7.00	7.00
459	0.00	59.00	0.63	2.49	0.44	615251.99	0.00	0.00	16.06	0.00	30.56	29.95	0.00	0.00	7.00	7.00
460	0.00	60.00	0.63	2.49	0.44	615251.99	0.00	0.00	16.06	0.00	30.05	29.72	0.00	0.00	7.00	7.00
461	0.00	61.00	0.63	2.49	0.44	615251.99	0.00	0.00	16.06	0.00	29.56	30.29	0.00	0.00	7.00	7.00
462	0.00	62.00	0.63	2.49	0.44	615251.99	0.00	0.00	16.06	0.00	30.78	30.83	0.00	0.00	7.00	7.00
463	0.00	63.00	0.63	2.49	0.44	615251.99	0.00	0.00	16.06	0.00	30.29	30.78	0.00	0.00	7.00	7.00
464	0.00	64.00	0.63	2.49	0.44	615251.99	0.00	0.00	16.06	0.00	33.36	31.11	0.00	0.00	7.00	7.00
465	0.00	65.00	0.63	2.49	0.44	615251.99	0.00	0.00	16.06	0.00	34.46	31.67	0.00	0.00	7.00	6.98
466	0.00	66.00	0.63	2.49	0.44	615251.99	0.00	0.00	16.06	0.00	35.78	32.34	0.00	0.00	7.00	6.98
467	0.00	67.00	0.63	2.49	0.44	615251.99	0.00	0.00	16.06	0.00	35.82	32.10	0.00	0.00	7.00	6.99
468	0.00	68.00	0.63	2.49	0.44	615251.99	0.00	0.00	16.06	0.00	35.44	32.58	0.00	0.00	7.00	6.99
469	0.00	69.00	0.63	2.49	0.44	615251.99	0.00	0.00	16.06	0.00	38.27	32.51	0.01	0.00	7.00	6.99
470	0.00	70.00	0.63	2.49	0.44	615251.99	0.00	0.00	16.06	0.00	37.88	32.94	0.01	0.00	7.00	6.99
471	0.00	71.00	0.63	2.49	0.44	615251.99	0.00	0.00	16.06	0.00	37.34	32.71	0.01	0.00	7.00	6.99
472	0.00	72.00	0.63	2.49	0.44	615251.99	0.00	0.00	16.06	0.00	36.82	32.49	0.01	0.00	7.00	6.99
473	0.00	73.00	0.63	2.49	0.44	615251.99	0.00	0.00	16.06	0.00	36.32	32.42	0.01	0.00	7.00	6.99
474	0.00	74.00	0.63	2.49	0.44	615251.99	0.00	0.00	16.06	0.00	37.25	32.20	0.01	0.00	7.00	6.99
475	0.00	25.00	0.63	2.49	0.44	615251.99	0.00	0.00	16.06	0.00	26.80	22.01	0.00	0.00	7.00	7.00
476	0.00	26.00	0.63	2.49	0.44	615251.99	0.00	0.00	16.06	0.00	30.38	24.07	0.00	0.00	7.00	7.00
477	0.00	27.00	0.63	2.49	0.44	615251.99	0.00	0.00	16.06	0.00	29.25	23.82	0.00	0.00	7.00	7.00
478	0.00	28.00	0.63	2.49	0.44	615251.99	0.00	0.00	16.06	0.00	28.21	23.96	0.00	0.00	7.00	7.00
479	0.00	29.00	0.63	2.49	0.44	615251.99	0.00	0.00	16.06	0.00	27.24	23.69	0.00	0.00	7.00	7.00
480	0.00	30.00	0.63	2.49	0.44	615251.99	0.00	0.00	16.06	0.00	26.33	25.79	0.00	0.00	7.00	7.00
481	0.00	31.00	0.63	2.49	0.44	615251.99	0.00	0.00	16.06	0.00	25.48	25.49	0.00	0.00	7.00	7.00
482	0.00	32.00	0.63	2.49	0.44	615251.99	0.00	0.00	16.06	0.00	28.47	26.65	0.00	0.00	7.00	7.00
483	0.00	33.00	0.63	2.49	0.44	615251.99	0.00	0.00	16.06	0.00	30.80	27.41	0.00	0.00	7.00	7.00
484	0.00	34.00	0.63	2.49	0.44	615251.99	0.00	0.00	16.06	0.00	29.90	27.08	0.00	0.00	7.00	7.00
485	0.00	35.00	0.63	2.49	0.44	615251.99	0.00	0.00	16.06	0.00	30.14	26.77	0.00	0.00	7.00	7.00
486	0.00	36.00	0.63	2.49	0.44	615251.99	0.00	0.00	16.06	0.00	32.23	26.47	0.00	0.00	7.00	7.00
487	0.00	37.00	0.63	2.49	0.44	615251.99	0.00	0.00	16.06	0.00	31.35	26.21	0.00	0.00	7.00	7.00
488	0.00	38.00	0.63	2.49	0.44	615251.99	0.00	0.00	16.06	0.00	33.30	26.10	0.00	0.00	7.00	7.00
489	0.00	39.00	0.63	2.49	0.44	615251.99	0.00	0.00	16.06	0.00	32.45	27.37	0.00	0.00	7.00	7.00
490	0.00	40.00	0.63	2.49	0.44	615251.99	0.00	0.00	16.06	0.00	31.64	27.08	0.00	0.00	7.00	7.00
491	0.00	41.00	0.63	2.49	0.44	615251.99	0.00	0.00	16.06	0.00	30.86	26.82	0.00	0.00	7.00	7.00
492	0.00	42.00	0.63	2.49	0.44	615251.99	0.00	0.00	16.06	0.00	30.13	26.84	0.00	0.00	7.00	7.00
493	0.00	43.00	0.63	2.49	0.44	615251.99	0.00	0.00	16.06	0.00	29.43	27.71	0.00	0.00	7.00	7.00
494	0.00	44.00	0.63	2.49	0.44	615251.99	0.00	0.00	16.06	0.00	28.76	27.45	0.00	0.00	7.00	7.00
495	0.00	45.00	0.63	2.49	0.44	615251.99	0.00	0.00	16.06	0.00	30.46	27.19	0.00	0.00	7.00	7.00
496	0.00	46.00	0.63	2.49	0.44	615251.99	0.00	0.00	16.06	0.00	36.22	27.20	0.00	0.00	7.00	7.00
497	0.00	47.00	0.63	2.49	0.44	615251.99	0.00	0.00	16.06	0.00	35.45	26.97	0.00	0.00	7.00	7.00
498	0.00	48.00	0.63	2.49	0.44	615251.99	0.00	0.00	16.06	0.00	34.71	26.74	0.00	0.00	7.00	7.00
499	0.00	49.00	0.63	2.49	0.44	615251.99	0.00	0.00	16.06	0.00	34.00	26.52	0.00	0.00	7.00	7.00
500	0.00	50.00	0.63	2.49	0.44	615251.99	0.00	0.00	16.06	0.00	33.32	26.31	0.00	0.00	7.00	7.00
501	0.00	51.00	0.53	2.99	0.38	615259.98	0.00	0.00	16.06	0.00	32.67	26.11	0.00	0.00	7.00	7.00
502	0.00	52.00	0.53	2.99	0.38	615259.98	0.00	0.00	16.06	0.00	32.04	25.92	0.00	0.00	7.00	7.00
503	0.00	53.00	0.53	2.99	0.38	615259.98	0.00	0.00	16.06	0.00	33.72	26.61	0.00	0.00	7.00	7.00
504	0.00	54.00	0.53	2.99	0.38	615259.98	0.00	0.00	16.06	0.00	35.05	26.41	0.00	0.00	7.00	7.00
505	0.00	55.00	0.53	2.99	0.38	615259.98	0.00	0.00	16.06	0.00	34.41	26.26	0.00	0.00	7.00	7.00
506	0.00	56.00	0.53	2.99	0.38	615259.98	0.00	0.00	16.06	0.00	35.67	26.97	0.00	0.00	7.00	7.00
507	0.00	57.00	0.53	2.99	0.38	615259.98	0.00	0.00	16.06	0.00	35.05	26.79	0.00	0.00	7.00	7.00
508	0.00	58.00	0.53	2.99	0.38	615259.98	0.00	0.00	16.06	0.00	34.62	27.44	0.00	0.00	7.00	7.00
509	0.00	59.00	0.53	2.99	0.38	615259.98	0.00	0.00	16.06	0.00	34.04	27.26	0.00	0.00	7.00	7.00
510	0.00	60.00	0.53	2.99	0.38	615259.98	0.00	0.00	16.06	0.00	35.61	27.15	0.00	0.00	7.00	7.00
511	0.00	61.00	0.53	2.99	0.38	615259.98	0.00	0.00	16.06	0.00	35.02	26.97	0.00	0.00	7.00	7.00
512	0.00	62.00	0.53	2.99	0.38	615259.98	0.00	0.00	16.06	0.00	34.46	26.79	0.00	0.00	7.00	7.00
513	0.00	63.00	0.53	2.99	0.38	615259.98	0.00	0.00	16.06	0.00	35.58	27.38	0.00	0.00	7.00	7.00
514	0.00	64.00	0.53	2.99	0.38	615259.98	0.00	0.00	16.06	0.00	35.03	27.96	0.00	0.00	7.00	7.00
515	0.00	65.00	0.53	2.99	0.38	615259.98	0.00	0.00	16.06	0.00	34.49	27.95	0.00	0.00	7.00	7.00
516	0.00	66.00	0.53	2.99	0.38	615259.98	0.00	0.00	16.06	0.00	33.97	27.82	0.00	0.00	7.00	7.00
517	0.00	67.00	0.53	2.99	0.38	615259.98	0.00	0.00	16.06	0.00	33.46	27.64	0.00	0.00	7.00	7.00
518	0.00	68.00	0.53	2.99	0.38	615259.98	0.00	0.00	16.06	0.00	37.31	27.99	0.00	0.00	7.00	7.00
519	0.00	69.00	0.53	2.99	0.38	615259.98	0.00	0.00	16.06	0.00	41.05	27.90	0.00	0.00	7.00	7.00
520	0.00	70.00	0.53	2.99	0.38	615259.98	0.00	0.00	16.06	0.00	40.46	27.77	0.00	0.00	7.00	7.00
521	0.00	71.00	0.53	2.99	0.38	615259.98	0.00	0.00	16.06	0.00	39.89	27.60	0.00	0.00	7.00	7.00
522	0.00	72.00	0.53	2.99	0.38	615259.98	0.00	0.00	16.06	0.00	41.56	27.94	0.00	0.00	7.00	7.00
523	0.00	73.00	0.53	2.99	0.38	615259.98	0.00	0.00	16.06	0.00	40.99	27.78	0.00	0.00	7.00	7.00
524	0.00	74.00	0.53	2.99	0.38	615259.98	0.00	0.00	16.06	0.00	40.43	27.62	0.00	0.00	7.00	7.00
525	0.00	25.00	0.53	2.99	0.38	615259.98	0.00	0.00	16.06	0.00	19.92	20.27	0.00	0.00	7.00	7.00
526	0.00	26.00	0.53	2.99	0.38	615259.98	0.00	0.00	16.06	0.00	19.15	20.11	0.00	0.00	7.00	7.00
527	0.00	27.00	0.53	2.99	0.38	615259.98	0.00	0.00	16.06	0.00	18.44	19.97	0.00	0.00	7.00	7.00
528	0.00	28.00	0.53	2.99	0.38	615259.98	0.00	0.00	16.06	0.00	17.78	19.85	0.00	0.00	7.00	7.00
529	0.00	29.00	0.53	2.99	0.38	615259.98	0.00	0.00	16.06	0.00	27.35	20.98	0.00	0.00	7.00	7.00
530	0.00	30.00	0.53	2.99	0.38	615259.98	0.00	0.00	16.06	0.00	26.71	22.37	0.00	0.00	7.00	7.00
531	0.00	31.00	0.53	2.99	0.38	615259.98	0.00	0.00	16.06	0.00	25.85	23.68	0.00	0.00	7.00	7.00
532	0.00	32.00	0.53	2.99	0.38	615259.98	0.00	0.00	16.06	0.00	25.04	23.46	0.00	0.00	7.00	7.00
533	0.00	33.00	0.53	2.99	0.38	615259.98	0.00	0.00	16.06	0.00	24.28	23.24	0.00	0.00	7.00	7.00
534	0.00	34.00	0.53	2.99	0.38	615259.98	0.00	0.00	16.06	0.00	23.57	23.03	0.00	0.00	7.00	7.00
535	0.00	35.00	0.53	2.99	0.38	615259.98	0.00	0.00	16.06	0.00	22.90	24.53	0.00	0.00	7.00	7.00
536	0.00	36.00	0.53	2.99	0.38	615259.98	0.00	0.00	16.06	0.00	22.26	24.34	0.00	0.00	7.00	7.00
537	0.00	37.00	0.53	2.99	0.38	615259.98	0.00	0.00	16.06	0.00	21.66	24.12	0.00	0.00	7.00	7.00
538	0.00	38.00	0.53	2.99	0.38	615259.98	0.00	0.00	16.06	0.00	21.09	23.93	0.00	0.00	7.00	7.00
539	0.00	39.00	0.53	2.99	0.38	615259.98	0.00	0.00	16.06	0.00	20.55	23.72	0.00	0.00	7.00	7.00
540	0.00	40.00	0.53	2.99	0.38	615259.98	0.00	0.00	16.06	0.00	20.03	23.55	0.00	0.00	7.00	7.00
541	0.00	41.00	0.53	2.99	0.38	615259.98	0.00	0.00	16.06	0.00	19.55	23.36	0.00	0.00	7.00	7.00
542	0.00	42.00	0.53	2.99	0.38	615259.98	0.00	0.00	16.06	0.00	19.08	23.47	0.00	0.00	7.00	7.00
543	0.00	43.00	0.53	2.99	0.38	615259.98	0.00	0.00	16.06	0.00	18.64	23.36	0.00	0.00	7.00	7.00
544	0.00	44.00	0.53	2.99	0.38	615259.98	0.00	0.00	16.06	0.00	20.61	23.19	0.00	0.00	7.00	7.00
545	0.00	45.00	0.53	2.99	0.38	615259.98	0.00	0.00	16.06	0.00	22.84	24.10	0.00	0.00	7.00	7.00
546	0.00	46.00	0.53	2.99	0.38	615259.98	0.00	0.00	16.06	0.00	24.98	25.22	0.00	0.00	7.00	7.00
547	0.00	47.00	0.53	2.99	0.38	615259.98	0.00	0.00	16.06	0.00	24.45	25.03	0.00	0.00	7.00	7.00
548	0.00	48.00	0.53	2.99	0.38	615259.98	0.00	0.00	16.06	0.00	23.94	24.83	0.00	0.00	7.00	7.00
549	0.00	49.00	0.53	2.99	0.38	615259.98	0.00	0.00	16.06	0.00	25.60	25.22	0.00	0.00	7.00	7.00
550	0.00	50.00	0.53	2.99	0.38	615259.98	0.00	0.00	16.06	0.00	25.09	25.04	0.00	0.00	7.00	7.00
551	0.00	51.00	0.53	2.99	0.38	615259.98	0.00	0.00	16.06	0.00	24.60	24.86	0.00	0.00	7.00	7.00
552	0.00	52.00	0.53	2.99	0.38	615259.98	0.00	0.00	16.06	0.00	24.12	24.71	0.00	0.00	7.00	7.00
553	0.00	53.00	0.53	2.99	0.38	615259.98	0.00	0.00	16.06	0.00	25.66	24.97	0.00	0.00	7.00	7.00
554	0.00	54.00	0.53	2.99	0.38	615259.98	0.00	0.00	16.06	0.00	25.18	24.81	0.00	0.00	7.00	7.00
555	0.00	55.00	0.53	2.99	0.38	615259.98	0.00	0.00	16.06	0.00	26.93	25.52	0.00	0.00	7.00	7.00
556	0.00	56.00	0.53	2.99	0.38	615259.98	0.00	0.00	16.06	0.00	28.33	25.76	0.00	0.00	7.00	7.00
557	0.00	57.00	0.53	2.99	0.38	615259.98	0.00	0.00	16.06	0.00	29.68	26.92	0.00	0.00	7.00	7.00
558	0.00	58.00	0.53	2.99	0.38	615259.98	0.00	0.00	16.06	0.00	29.17	26.93	0.00	0.00	7.00	7.00
559	0.00	59.00	0.53	2.99	0.38	615259.98	0.00	0.00	16.06	0.00	29.18	27.57	0.00	0.00	7.00	7.00
560	0.00	60.00	0.53	2.99	0.38	615259.98	0.00	0.00	16.06	0.00	28.69	27.38	0.00	0.00	7.00	7.00
561	0.00	61.00	0.53	2.99	0.38	615259.98	0.00	0.00	16.06	0.00	28.22	27.19	0.00	0.00	7.00	7.00
562	0.00	62.00	0.53	2.99	0.38	615259.98	0.00	0.00	16.06	0.00	27.77	27.01	0.00	0.00	7.00	7.00
563	0.00	63.00	0.53	2.99	0.38	615259.98	0.00	0.00	16.06	0.00	27.45	27.58	0.00	0.00	7.00	7.00
564	0.00	64.00	0.53	2.99	0.38	615259.98	0.00	0.00	16.06	0.00	28.67	28.58	0.00	0.00	7.00	7.00
565	0.00	65.00	0.53	2.99	0.38	615259.98	0.00	0.00	16.06	0.00	28.23	28.39	0.00	0.00	7.00	7.00
566	0.00	66.00	0.53	2.99	0.38	615259.98	0.00	0.00	16.06	0.00	27.80	28.21	0.00	0.00	7.00	7.00
567	0.00	67.00	0.53	2.99	0.38	615259.98	0.00	0.00	16.06	0.00	27.39	28.04	0.00	0.00	7.00	7.00
568	0.00	68.00	0.53	2.99	0.38	615259.98	0.00	0.00	16.06	0.00	26.98	28.03	0.00	0.00	7.00	7.00
569	0.00	69.00	0.53	2.99	0.38	615259.98	0.00	0.00	16.06	0.00	26.59	28.53	0.00	0.00	7.00	7.00
570	0.00	70.00	0.53	2.99	0.38	615259.98	0.00	0.00	16.06	0.00	26.21	28.36	0.00	0.00	7.00	7.00
571	0.00	71.00	0.53	2.99	0.38	615259.98	0.00	0.00	16.06	0.00	27.33	28.18	0.00	0.00	7.00	7.00
572	0.00	72.00	0.53	2.99	0.38	615259.98	0.00	0.00	16.06	0.00	31.05	28.68	0.00	0.00	7.00	7.00
573	0.00	73.00	0.53	2.99	0.38	615259.98	0.00	0.00	16.06	0.00	30.62	28.51	0.00	0.00	7.00	7.00
574	0.00	74.00	0.53	2.99	0.38	615259.98	0.00	0.00	16.06	0.00	33.86	29.17	0.00	0.00	7.00	7.00
575	0.00	25.00	0.53	2.99	0.38	615259.98	0.00	0.00	16.06	0.00	19.92	23.15	0.00	0.00	7.00	7.00
576	0.00	26.00	0.53	2.99	0.38	615259.98	0.00	0.00	16.06	0.00	19.15	23.32	0.00	0.00	7.00	7.00
577	0.00	27.00	0.53	2.99	0.38	615259.98	0.00	0.00	16.06	0.00	18.44	23.48	0.00	0.00	7.00	7.00
578	0.00	28.00	0.53	2.99	0.38	615259.98	0.00	0.00	16.06	0.00	17.78	23.21	0.00	0.00	7.00	7.00
579	0.00	29.00	0.53	2.99	0.38	615259.98	0.00	0.00	16.06	0.00	17.17	23.02	0.00	0.00	7.00	7.00
580	0.00	30.00	0.53	2.99	0.38	615259.98	0.00	0.00	16.06	0.00	16.60	22.80	0.00	0.00	7.00	7.00
581	0.00	31.00	0.53	2.99	0.38	615259.98	0.00	0.00	16.06	0.00	16.06	24.08	0.00	0.00	7.00	7.00
582	0.00	32.00	0.53	2.99	0.38	615259.98	0.00	0.00	16.06	0.00	15.56	23.85	0.00	0.00	7.00	7.00
583	0.00	33.00	0.53	2.99	0.38	615259.98	0.00	0.00	16.06	0.00	15.09	23.62	0.00	0.00	7.00	7.00
584	0.00	34.00	0.53	2.99	0.38	615259.98	0.00	0.00	16.06	0.00	14.95	24.77	0.00	0.00	7.00	7.00
585	0.00	35.00	0.53	2.99	0.38	615259.98	0.00	0.00	16.06	0.00	14.52	24.52	0.00	0.00	7.00	7.00
586	0.00	36.00	0.53	2.99	0.38	615259.98	0.00	0.00	16.06	0.00	14.41	25.63	0.00	0.00	7.00	7.00
587	0.00	37.00	0.53	2.99	0.38	615259.98	0.00	0.00	16.06	0.00	14.02	25.37	0.00	0.00	7.00	7.00
588	0.00	38.00	0.53	2.99	0.38	615259.98	0.00	0.00	16.06	0.00	13.65	25.77	0.00	0.00	7.00	7.00
589	0.00	39.00	0.53	2.99	0.38	615259.98	0.00	0.00	16.06	0.00	13.30	25.53	0.00	0.00	7.00	7.00
590	0.00	40.00	0.53	2.99	0.38	615259.98	0.00	0.00	16.06	0.00	12.97	25.61	0.00	0.00	7.00	7.00
591	0.00	41.00	0.53	2.99	0.38	615259.98	0.00	0.00	16.06	0.00	12.65	25.39	0.00	0.00	7.00	7.00
592	0.00	42.00	0.53	2.99	0.38	615259.98	0.00	0.00	16.06	0.00	12.35	26.28	0.00	0.00	7.00	6.98
593	0.00	43.00	0.53	2.99	0.38	615259.98	0.00	0.00	16.06	0.00	12.06	26.05	0.00	0.00	7.00	6.98
594	0.00	44.00	0.53	2.99	0.38	615259.98	0.00	0.00	16.06	0.00	11.79	26.88	0.00	0.00	7.00	6.98
595	0.00	45.00	0.53	2.99	0.38	615259.98	0.00	0.00	16.06	0.00	11.76	27.70	0.00	0.00	7.00	6.98
596	0.00	46.00	0.53	2.99	0.38	615259.98	0.00	0.00	16.06	0.00	11.50	27.46	0.00	0.00	7.00	6.98
597	0.00	47.00	0.53	2.99	0.38	615259.98	0.00	0.00	16.06	0.00	11.26	27.21	0.00	0.00	7.00	6.98
598	0.00	48.00	0.53	2.99	0.38	615259.98	0.00	0.00	16.06	0.00	13.52	28.22	0.00	0.00	7.00	6.98
599	0.00	49.00	0.53	2.99	0.38	615259.98	0.00	0.00	16.06	0.00	13.24	28.34	0.00	0.00	7.00	6.96
600	0.00	50.00	0.53	2.99	0.38	615259.98	0.00	0.00	16.06	0.00	12.98	28.09	0.00	0.00	7.00	6.96
601	0.00	51.00	0.45	3.58	0.32	615269.57	0.00	0.00	16.06	0.00	13.07	28.55	0.00	0.00	7.00	6.96
602	0.00	52.00	0.45	3.58	0.32	615269.57	0.00	0.00	16.06	0.00	13.01	29.21	0.00	0.00	7.00	6.96
603	0.00	53.00	0.45	3.58	0.32	615269.57	0.00	0.00	16.06	0.00	12.77	28.96	0.00	0.00	7.00	6.96
604	0.00	54.00	0.45	3.58	0.32	615269.57	0.00	0.00	16.06	0.00	12.53	29.83	0.00	0.00	7.00	6.96
605	0.00	55.00	0.45	3.58	0.32	615269.57	0.00	0.00	16.06	0.00	12.30	29.58	0.00	0.00	7.00	6.96
606	0.00	56.00	0.45	3.58	0.32	615269.57	0.00	0.00	16.06	0.00	12.08	29.34	0.00	0.00	7.00	6.96
607	0.00	57.00	0.45	3.58	0.32	615269.57	0.00	0.00	16.06	0.00	11.87	29.12	0.00	0.00	7.00	6.96
608	0.00	58.00	0.45	3.58	0.32	615269.57	0.00	0.00	16.06	0.00	11.67	28.90	0.00	0.00	7.00	6.97
609	0.00	59.00	0.45	3.58	0.32	615269.57	0.00	0.00	16.06	0.00	11.47	29.50	0.00	0.00	7.00	6.97
610	0.00	60.00	0.45	3.58	0.32	615269.57	0.00	0.00	16.06	0.00	11.28	30.05	0.00	0.00	7.00	6.97
611	0.00	61.00	0.45	3.58	0.32	615269.57	0.00	0.00	16.06	0.00	11.09	30.80	0.00	0.00	7.00	6.97
612	0.00	62.00	0.45	3.58	0.32	615269.57	0.00	0.00	16.06	0.00	10.91	30.75	0.00	0.00	7.00	6.97
613	0.00	63.00	0.45	3.58	0.32	615269.57	0.00	0.00	16.06	0.00	12.67	31.25	0.00	0.00	7.00	6.97
614	0.00	64.00	0.45	3.58	0.32	615269.57	0.00	0.00	16.06	0.00	12.47	32.32	0.00	0.00	7.00	6.97
615	0.00	65.00	0.45	3.58	0.32	615269.57	0.00	0.00	16.06	0.00	12.28	32.25	0.00	0.00	7.00	6.97
616	0.00	66.00	0.45	3.58	0.32	615269.57	0.00	0.00	16.06	0.00	12.35	32.54	0.00	0.00	7.00	6.97
617	0.00	67.00	0.45	3.58	0.32	615269.57	0.00	0.00	16.06	0.00	12.17	33.02	0.00	0.00	7.00	6.97
618	0.00	68.00	0.45	3.58	0.32	615269.57	0.00	0.00	16.06	0.00	11.99	32.94	0.00	0.00	7.00	6.97
619	0.00	69.00	0.45	3.58	0.32	615269.57	0.00	0.00	16.06	0.00	13.48	33.21	0.00	0.00	7.00	6.97
620	0.00	70.00	0.45	3.58	0.32	615269.57	0.00	0.00	16.06	0.00	13.28	32.96	0.00	0.00	7.00	6.97
621	0.00	71.00	0.45	3.58	0.32	615269.57	0.00	0.00	16.06	0.00	13.10	32.88	0.00	0.00	7.00	6.97
622	0.00	72.00	0.45	3.58	0.32	615269.57	0.00	0.00	16.06	0.00	12.92	32.65	0.00	0.00	7.00	6.97
623	0.00	73.00	0.45	3.58	0.32	615269.57	0.00	0.00	16.06	0.00	12.74	32.42	0.00	0.00	7.00	6.97
624	0.00	74.00	0.45	3.58	0.32	615269.57	0.00	0.00	16.06	0.00	12.57	32.20	0.00	0.00	7.00	6.97
625	0.00	25.00	0.45	3.58	0.32	615269.57	0.00	0.00	16.06	0.00	18.38	20.18	0.00	0.00	7.00	7.00
626	0.00	26.00	0.45	3.58	0.32	615269.57	0.00	0.00	16.06	0.00	17.67	20.02	0.00	0.00	7.00	7.00
627	0.00	27.00	0.45	3.58	0.32	615269.57	0.00	0.00	16.06	0.00	17.02	19.87	0.00	0.00	7.00	7.00
628	0.00	28.00	0.45	3.58	0.32	615269.57	0.00	0.00	16.06	0.00	16.41	19.74	0.00	0.00	7.00	7.00
629	0.00	29.00	0.45	3.58	0.32	615269.57	0.00	0.00	16.06	0.00	15.85	19.61	0.00	0.00	7.00	7.00
630	0.00	30.00	0.45	3.58	0.32	615269.57	0.00	0.00	16.06	0.00	15.32	19.88	0.00	0.00	7.00	7.00
631	0.00	31.00	0.45	3.58	0.32	615269.57	0.00	0.00	16.06	0.00	14.82	21.68	0.00	0.00	7.00	7.00
632	0.00	32.00	0.45	3.58	0.32	615269.57	0.00	0.00	16.06	0.00	14.90	21.62	0.00	0.00	7.00	7.00
633	0.00	33.00	0.45	3.58	0.32	615269.57	0.00	0.00	16.06	0.00	14.45	21.46	0.00	0.00	7.00	7.00
634	0.00	34.00	0.45	3.58	0.32	615269.57	0.00	0.00	16.06	0.00	17.83	22.71	0.00	0.00	7.00	7.00
635	0.00	35.00	0.45	3.58	0.32	615269.57	0.00	0.00	16.06	0.00	17.56	22.51	0.00	0.00	7.00	7.00
636	0.00	36.00	0.45	3.58	0.32	615269.57	0.00	0.00	16.06	0.00	17.30	22.33	0.00	0.00	7.00	7.00
637	0.00	37.00	0.45	3.58	0.32	615269.57	0.00	0.00	16.06	0.00	17.05	23.42	0.00	0.00	7.00	7.00
638	0.00	38.00	0.45	3.58	0.32	615269.57	0.00	0.00	16.06	0.00	16.60	23.23	0.00	0.00	7.00	7.00
639	0.00	39.00	0.45	3.58	0.32	615269.57	0.00	0.00	16.06	0.00	16.18	23.05	0.00	0.00	7.00	7.00
640	0.00	40.00	0.45	3.58	0.32	615269.57	0.00	0.00	16.06	0.00	15.77	22.87	0.00	0.00	7.00	7.00
641	0.00	41.00	0.45	3.58	0.32	615269.57	0.00	0.00	16.06	0.00	16.32	22.71	0.00	0.00	7.00	7.00
642	0.00	42.00	0.45	3.58	0.32	615269.57	0.00	0.00	16.06	0.00	15.93	22.56	0.00	0.00	7.00	7.00
643	0.00	43.00	0.45	3.58	0.32	615269.57	0.00	0.00	16.06	0.00	15.56	22.44	0.00	0.00	7.00	7.00
644	0.00	44.00	0.45	3.58	0.32	615269.57	0.00	0.00	16.06	0.00	16.08	22.30	0.00	0.00	7.00	7.00
645	0.00	45.00	0.45	3.58	0.32	615269.57	0.00	0.00	16.06	0.00	15.91	22.16	0.00	0.00	7.00	7.00
646	0.00	46.00	0.45	3.58	0.32	615269.57	0.00	0.00	16.06	0.00	20.49	22.12	0.00	0.00	7.00	7.00
647	0.00	47.00	0.45	3.58	0.32	615269.57	0.00	0.00	16.06	0.00	22.29	23.09	0.00	0.00	7.00	7.00
648	0.00	48.00	0.45	3.58	0.32	615269.57	0.00	0.00	16.06	0.00	22.04	23.91	0.00	0.00	7.00	7.00
649	0.00	49.00	0.45	3.58	0.32	615269.57	0.00	0.00	16.06	0.00	21.59	23.75	0.00	0.00	7.00	7.00
650	0.00	50.00	0.45	3.58	0.32	615269.57	0.00	0.00	16.06	0.00	21.32	23.67	0.00	0.00	7.00	7.00
651	0.00	51.00	0.45	3.58	0.32	615269.57	0.00	0.00	16.06	0.00	24.01	23.68	0.00	0.00	7.00	7.00
652	0.00	52.00	0.45	3.58	0.32	615269.57	0.00	0.00	16.06	0.00	24.29	23.54	0.00	0.00	7.00	7.00
653	0.00	53.00	0.45	3.58	0.32	615269.57	0.00	0.00	16.06	0.00	23.83	23.40	0.00	0.00	7.00	7.00
654	0.00	54.00	0.45	3.58	0.32	615269.57	0.00	0.00	16.06	0.00	23.56	23.27	0.00	0.00	7.00	7.00
655	0.00	55.00	0.45	3.58	0.32	615269.57	0.00	0.00	16.06	0.00	23.13	24.01	0.00	0.00	7.00	7.00
656	0.00	56.00	0.45	3.58	0.32	615269.57	0.00	0.00	16.06	0.00	22.72	24.08	0.00	0.00	7.00	7.00
657	0.00	57.00	0.45	3.58	0.32	615269.57	0.00	0.00	16.06	0.00	24.57	24.58	0.00	0.00	7.00	7.00
658	0.00	58.00	0.45	3.58	0.32	615269.57	0.00	0.00	16.06	0.00	26.38	25.25	0.00	0.00	7.00	7.00
659	0.00	59.00	0.45	3.58	0.32	615269.57	0.00	0.00	16.06	0.00	28.13	25.91	0.00	0.00	7.00	7.00
660	0.00	60.00	0.45	3.58	0.32	615269.57	0.00	0.00	16.06	0.00	27.66	25.75	0.00	0.00	7.00	7.00
661	0.00	61.00	0.45	3.58	0.32	615269.57	0.00	0.00	16.06	0.00	27.21	25.59	0.00	0.00	7.00	7.00
662	0.00	62.00	0.45	3.58	0.32	615269.57	0.00	0.00	16.06	0.00	28.46	26.19	0.00	0.00	7.00	7.00
663	0.00	63.00	0.45	3.58	0.32	615269.57	0.00	0.00	16.06	0.00	28.01	26.03	0.00	0.00	7.00	7.00
664	0.00	64.00	0.45	3.58	0.32	615269.57	0.00	0.00	16.06	0.00	27.57	25.88	0.00	0.00	7.00	7.00
665	0.00	65.00	0.45	3.58	0.32	615269.57	0.00	0.00	16.06	0.00	27.15	25.73	0.00	0.00	7.00	7.00
666	0.00	66.00	0.45	3.58	0.32	615269.57	0.00	0.00	16.06	0.00	26.74	26.12	0.00	0.00	7.00	7.00
667	0.00	67.00	0.45	3.58	0.32	615269.57	0.00	0.00	16.06	0.00	26.34	26.00	0.00	0.00	7.00	7.00
668	0.00	68.00	0.45	3.58	0.32	615269.57	0.00	0.00	16.06	0.00	25.95	25.85	0.00	0.00	7.00	7.00
669	0.00	69.00	0.45	3.58	0.32	615269.57	0.00	0.00	16.06	0.00	25.58	25.71	0.00	0.00	7.00	7.00
670	0.00	70.00	0.45	3.58	0.32	615269.57	0.00	0.00	16.06	0.00	25.21	25.58	0.00	0.00	7.00	7.00
671	0.00	71.00	0.45	3.58	0.32	615269.57	0.00	0.00	16.06	0.00	28.11	25.51	0.01	0.00	7.00	7.00
672	0.00	72.00	0.45	3.58	0.32	615269.57	0.00	0.00	16.06	0.00	27.71	25.40	0.01	0.00	7.00	7.00
673	0.00	73.00	0.45	3.58	0.32	615269.57	0.00	0.00	16.06	0.00	29.52	25.76	0.01	0.00	7.00	7.00
674	0.00	74.00	0.45	3.58	0.32	615269.57	0.00	0.00	16.06	0.00	29.12	25.78	0.01	0.00	7.00	7.00
675	0.00	25.00	0.45	3.58	0.32	615269.57	0.00	0.00	16.06	0.00	7.47	18.92	0.00	0.00	7.00	7.00
676	0.00	26.00	0.45	3.58	0.32	615269.57	0.00	0.00	16.06	0.00	8.66	18.86	0.00	0.00	7.00	7.00
677	0.00	27.00	0.45	3.58	0.32	615269.57	0.00	0.00	16.06	0.00	8.33	18.78	0.00	0.00	7.00	7.00
678	0.00	28.00	0.45	3.58	0.32	615269.57	0.00	0.00	16.06	0.00	8.04	18.69	0.00	0.00	7.00	7.00
679	0.00	29.00	0.45	3.58	0.32	615269.57	0.00	0.00	16.06	0.00	7.76	18.59	0.00	0.00	7.00	7.00
680	0.00	30.00	0.45	3.58	0.32	615269.57	0.00	0.00	16.06	0.00	7.81	18.61	0.00	0.00	7.00	7.00
681	0.00	31.00	0.45	3.58	0.32	615269.57	0.00	0.00	16.06	0.00	7.56	20.07	0.00	0.00	7.00	7.00
682	0.00	32.00	0.45	3.58	0.32	615269.57	0.00	0.00	16.06	0.00	7.32	21.40	0.00	0.00	7.00	7.00
683	0.00	33.00	0.45	3.58	0.32	615269.57	0.00	0.00	16.06	0.00	10.29	22.75	0.00	0.00	7.00	7.00
684	0.00	34.00	0.45	3.58	0.32	615269.57	0.00	0.00	16.06	0.00	9.99	23.96	0.00	0.00	7.00	7.00
685	0.00	35.00	0.45	3.58	0.32	615269.57	0.00	0.00	16.06	0.00	9.70	23.74	0.00	0.00	7.00	7.00
686	0.00	36.00	0.45	3.58	0.32	615269.57	0.00	0.00	16.06	0.00	15.84	23.66	0.03	0.00	7.00	7.00
687	0.00	37.00	0.45	3.58	0.32	615269.57	0.00	0.00	16.06	0.00	15.69	24.77	0.03	0.00	7.00	7.00
688	0.00	38.00	0.45	3.58	0.32	615269.57	0.00	0.00	16.06	0.00	15.28	24.56	0.03	0.00	7.00	7.00
689	0.00	39.00	0.45	3.58	0.32	615269.57	0.00	0.00	16.06	0.00	20.80	24.47	0.05	0.00	7.00	7.00
690	0.00	40.00	0.45	3.58	0.32	615269.57	0.00	0.00	16.06	0.00	20.28	24.27	0.05	0.00	7.00	7.00
691	0.00	41.00	0.45	3.58	0.32	615269.57	0.00	0.00	16.06	0.00	19.99	24.16	0.05	0.00	7.00	7.00
692	0.00	42.00	0.45	3.58	0.32	615269.57	0.00	0.00	16.06	0.00	19.51	24.24	0.05	0.00	7.00	7.00
693	0.00	43.00	0.45	3.58	0.32	615269.57	0.00	0.00	16.06	0.00	21.88	25.17	0.05	0.00	7.00	7.00
694	0.00	44.00	0.45	3.58	0.32	615269.57	0.00	0.00	16.06	0.00	21.38	24.97	0.05	0.00	7.00	7.00
695	0.00	45.00	0.45	3.58	0.32	615269.57	0.00	0.00	16.06	0.00	20.91	26.12	0.04	0.00	7.00	7.00
696	0.00	46.00	0.45	3.58	0.32	615269.57	0.00	0.00	16.06	0.00	20.45	26.15	0.04	0.00	7.00	7.00
697	0.00	47.00	0.45	3.58	0.32	615269.57	0.00	0.00	16.06	0.00	20.02	25.94	0.04	0.00	7.00	7.00
698	0.00	48.00	0.45	3.58	0.32	615269.57	0.00	0.00	16.06	0.00	19.60	26.75	0.04	0.00	7.00	7.00
699	0.00	49.00	0.45	3.58	0.32	615269.57	0.00	0.00	16.06	0.00	19.39	26.54	0.04	0.00	7.00	7.00
700	0.00	50.00	0.45	3.58	0.32	615269.57	0.00	0.00	16.06	0.00	21.27	27.04	0.04	0.00	7.00	7.00
701	0.00	51.00	0.38	4.30	0.27	615281.08	0.00	0.00	16.06	0.00	21.03	26.84	0.04	0.00	7.00	7.00
702	0.00	52.00	0.38	4.30	0.27	615281.08	0.00	0.00	16.06	0.00	22.96	27.55	0.04	0.00	7.00	7.00
703	0.00	53.00	0.38	4.30	0.27	615281.08	0.00	0.00	16.06	0.00	22.53	27.34	0.04	0.00	7.00	7.00
704	0.00	54.00	0.38	4.30	0.27	615281.08	0.00	0.00	16.06	0.00	22.26	27.12	0.04	0.00	7.00	7.00
705	0.00	55.00	0.38	4.30	0.27	615281.08	0.00	0.00	16.06	0.00	21.86	27.13	0.04	0.00	7.00	7.00
706	0.00	56.00	0.38	4.30	0.27	615281.08	0.00	0.00	16.06	0.00	21.61	26.93	0.04	0.00	7.00	7.00
707	0.00	57.00	0.38	4.30	0.27	615281.08	0.00	0.00	16.06	0.00	23.85	27.40	0.04	0.00	7.00	7.00
708	0.00	58.00	0.38	4.30	0.27	615281.08	0.00	0.00	16.06	0.00	23.62	28.01	0.03	0.00	7.00	7.00
709	0.00	59.00	0.38	4.30	0.27	615281.08	0.00	0.00	16.06	0.00	23.22	27.81	0.03	0.00	7.00	7.00
710	0.00	60.00	0.38	4.30	0.27	615281.08	0.00	0.00	16.06	0.00	24.59	27.61	0.03	0.00	7.00	7.00
711	0.00	61.00	0.38	4.30	0.27	615281.08	0.00	0.00	16.06	0.00	24.18	28.21	0.03	0.00	7.00	7.00
712	0.00	62.00	0.38	4.30	0.27	615281.08	0.00	0.00	16.06	0.00	23.79	28.85	0.03	0.00	7.00	7.00
713	0.00	63.00	0.38	4.30	0.27	615281.08	0.00	0.00	16.06	0.00	23.42	29.41	0.03	0.00	7.00	7.00
714	0.00	64.00	0.38	4.30	0.27	615281.08	0.00	0.00	16.06	0.00	23.32	29.75	0.03	0.00	7.00	7.00
715	0.00	65.00	0.38	4.30	0.27	615281.08	0.00	0.00	16.06	0.00	22.96	29.54	0.03	0.00	7.00	7.00
716	0.00	66.00	0.38	4.30	0.27	615281.08	0.00	0.00	16.06	0.00	22.62	29.34	0.03	0.00	7.00	7.00
717	0.00	67.00	0.38	4.30	0.27	615281.08	0.00	0.00	16.06	0.00	22.28	29.14	0.03	0.00	7.00	7.00
718	0.00	68.00	0.38	4.30	0.27	615281.08	0.00	0.00	16.06	0.00	22.07	28.95	0.03	0.00	7.00	7.00
719	0.00	69.00	0.38	4.30	0.27	615281.08	0.00	0.00	16.06	0.00	23.91	28.87	0.03	0.00	7.00	7.00
720	0.00	70.00	0.38	4.30	0.27	615281.08	0.00	0.00	16.06	0.00	23.69	28.69	0.03	0.00	7.00	7.00
721	0.00	71.00	0.38	4.30	0.27	615281.08	0.00	0.00	16.06	0.00	23.36	28.51	0.03	0.00	7.00	7.00
722	0.00	72.00	0.38	4.30	0.27	615281.08	0.00	0.00	16.06	0.00	23.03	28.34	0.03	0.00	7.00	7.00
723	0.00	73.00	0.38	4.30	0.27	615281.08	0.00	0.00	16.06	0.00	25.88	28.24	0.04	0.00	7.00	7.00
724	0.00	74.00	0.38	4.30	0.27	615281.08	0.00	0.00	16.06	0.00	25.53	28.76	0.04	0.00	7.00	7.00
725	0.00	25.00	0.38	4.30	0.27	615281.08	0.00	0.00	16.06	0.00	12.00	20.32	0.00	0.00	7.00	7.00
726	0.00	26.00	0.38	4.30	0.27	615281.08	0.00	0.00	16.06	0.00	15.59	20.29	0.00	0.00	7.00	7.00
727	0.00	27.00	0.38	4.30	0.27	615281.08	0.00	0.00	16.06	0.00	15.01	20.14	0.00	0.00	7.00	7.00
728	0.00	28.00	0.38	4.30	0.27	615281.08	0.00	0.00	16.06	0.00	14.48	20.03	0.00	0.00	7.00	7.00
729	0.00	29.00	0.38	4.30	0.27	615281.08	0.00	0.00	16.06	0.00	13.98	19.89	0.00	0.00	7.00	7.00
730	0.00	30.00	0.38	4.30	0.27	615281.08	0.00	0.00	16.06	0.00	17.33	20.95	0.00	0.00	7.00	7.00
731	0.00	31.00	0.38	4.30	0.27	615281.08	0.00	0.00	16.06	0.00	17.33	20.91	0.00	0.00	7.00	7.00
732	0.00	32.00	0.38	4.30	0.27	615281.08	0.00	0.00	16.06	0.00	16.79	20.85	0.00	0.00	7.00	7.00
733	0.00	33.00	0.38	4.30	0.27	615281.08	0.00	0.00	16.06	0.00	16.28	20.70	0.00	0.00	7.00	7.00
734	0.00	34.00	0.38	4.30	0.27	615281.08	0.00	0.00	16.06	0.00	15.80	20.94	0.00	0.00	7.00	7.00
735	0.00	35.00	0.38	4.30	0.27	615281.08	0.00	0.00	16.06	0.00	15.35	20.80	0.00	0.00	7.00	7.00
736	0.00	36.00	0.38	4.30	0.27	615281.08	0.00	0.00	16.06	0.00	15.21	21.99	0.00	0.00	7.00	7.00
737	0.00	37.00	0.38	4.30	0.27	615281.08	0.00	0.00	16.06	0.00	14.80	21.83	0.00	0.00	7.00	7.00
738	0.00	38.00	0.38	4.30	0.27	615281.08	0.00	0.00	16.06	0.00	14.41	23.25	0.00	0.00	7.00	7.00
739	0.00	39.00	0.38	4.30	0.27	615281.08	0.00	0.00	16.06	0.00	16.74	23.06	0.00	0.00	7.00	7.00
740	0.00	40.00	0.38	4.30	0.27	615281.08	0.00	0.00	16.06	0.00	16.32	22.88	0.00	0.00	7.00	7.00
741	0.00	41.00	0.38	4.30	0.27	615281.08	0.00	0.00	16.06	0.00	15.93	22.71	0.00	0.00	7.00	7.00
742	0.00	42.00	0.38	4.30	0.27	615281.08	0.00	0.00	16.06	0.00	15.55	22.56	0.00	0.00	7.00	7.00
743	0.00	43.00	0.38	4.30	0.27	615281.08	0.00	0.00	16.06	0.00	20.55	22.52	0.02	0.00	7.00	7.00
744	0.00	44.00	0.38	4.30	0.27	615281.08	0.00	0.00	16.06	0.00	20.08	22.37	0.02	0.00	7.00	7.00
745	0.00	45.00	0.38	4.30	0.27	615281.08	0.00	0.00	16.06	0.00	19.64	22.25	0.02	0.00	7.00	7.00
746	0.00	46.00	0.38	4.30	0.27	615281.08	0.00	0.00	16.06	0.00	21.50	23.26	0.02	0.00	7.00	7.00
747	0.00	47.00	0.38	4.30	0.27	615281.08	0.00	0.00	16.06	0.00	23.99	24.64	0.02	0.00	7.00	7.00
748	0.00	48.00	0.38	4.30	0.27	615281.08	0.00	0.00	16.06	0.00	23.49	24.46	0.02	0.00	7.00	7.00
749	0.00	49.00	0.38	4.30	0.27	615281.08	0.00	0.00	16.06	0.00	27.63	25.51	0.02	0.00	7.00	7.00
750	0.00	50.00	0.38	4.30	0.27	615281.08	0.00	0.00	16.06	0.00	27.08	25.32	0.02	0.00	7.00	7.00
751	0.00	51.00	0.38	4.30	0.27	615281.08	0.00	0.00	16.06	0.00	26.55	25.15	0.02	0.00	7.00	7.00
752	0.00	52.00	0.38	4.30	0.27	615281.08	0.00	0.00	16.06	0.00	28.24	25.20	0.02	0.00	7.00	7.00
753	0.00	53.00	0.38	4.30	0.27	615281.08	0.00	0.00	16.06	0.00	27.71	25.95	0.02	0.00	7.00	7.00
754	0.00	54.00	0.38	4.30	0.27	615281.08	0.00	0.00	16.06	0.00	27.20	25.76	0.02	0.00	7.00	7.00
755	0.00	55.00	0.38	4.30	0.27	615281.08	0.00	0.00	16.06	0.00	26.89	26.43	0.02	0.00	7.00	7.00
756	0.00	56.00	0.38	4.30	0.27	615281.08	0.00	0.00	16.06	0.00	26.41	26.24	0.02	0.00	7.00	7.00
757	0.00	57.00	0.38	4.30	0.27	615281.08	0.00	0.00	16.06	0.00	25.95	26.06	0.02	0.00	7.00	7.00
758	0.00	58.00	0.38	4.30	0.27	615281.08	0.00	0.00	16.06	0.00	27.59	26.70	0.02	0.00	7.00	7.00
759	0.00	59.00	0.38	4.30	0.27	615281.08	0.00	0.00	16.06	0.00	27.12	26.71	0.02	0.00	7.00	7.00
760	0.00	60.00	0.38	4.30	0.27	615281.08	0.00	0.00	16.06	0.00	26.67	26.73	0.02	0.00	7.00	7.00
761	0.00	61.00	0.38	4.30	0.27	615281.08	0.00	0.00	16.06	0.00	26.37	26.55	0.02	0.00	7.00	7.00
762	0.00	62.00	0.38	4.30	0.27	615281.08	0.00	0.00	16.06	0.00	25.94	26.38	0.02	0.00	7.00	7.00
763	0.00	63.00	0.38	4.30	0.27	615281.08	0.00	0.00	16.06	0.00	25.53	26.22	0.02	0.00	7.00	7.00
764	0.00	64.00	0.38	4.30	0.27	615281.08	0.00	0.00	16.06	0.00	25.13	26.06	0.02	0.00	7.00	7.00
765	0.00	65.00	0.38	4.30	0.27	615281.08	0.00	0.00	16.06	0.00	24.74	26.09	0.02	0.00	7.00	7.00
766	0.00	66.00	0.38	4.30	0.27	615281.08	0.00	0.00	16.06	0.00	24.37	25.98	0.02	0.00	7.00	7.00
767	0.00	67.00	0.38	4.30	0.27	615281.08	0.00	0.00	16.06	0.00	24.16	26.54	0.01	0.00	7.00	7.00
768	0.00	68.00	0.38	4.30	0.27	615281.08	0.00	0.00	16.06	0.00	23.81	26.39	0.01	0.00	7.00	7.00
769	0.00	69.00	0.38	4.30	0.27	615281.08	0.00	0.00	16.06	0.00	23.59	26.25	0.01	0.00	7.00	7.00
770	0.00	70.00	0.38	4.30	0.27	615281.08	0.00	0.00	16.06	0.00	23.81	26.50	0.01	0.00	7.00	7.00
771	0.00	71.00	0.38	4.30	0.27	615281.08	0.00	0.00	16.06	0.00	23.47	26.35	0.01	0.00	7.00	7.00
772	0.00	72.00	0.38	4.30	0.27	615281.08	0.00	0.00	16.06	0.00	23.14	26.21	0.01	0.00	7.00	7.00
773	0.00	73.00	0.38	4.30	0.27	615281.08	0.00	0.00	16.06	0.00	22.83	26.08	0.01	0.00	7.00	7.00
774	0.00	74.00	0.38	4.30	0.27	615281.08	0.00	0.00	16.06	0.00	22.64	26.10	0.01	0.00	7.00	7.00
775	0.00	25.00	0.38	4.30	0.27	615281.08	0.00	0.00	16.06	0.00	23.84	22.83	0.00	0.00	7.00	7.00
776	0.00	26.00	0.38	4.30	0.27	615281.08	0.00	0.00	16.06	0.00	24.40	22.58	0.00	0.00	7.00	7.00
777	0.00	27.00	0.38	4.30	0.27	615281.08	0.00	0.00	16.06	0.00	34.43	23.66	0.00	0.00	7.00	7.00
778	0.00	28.00	0.38	4.30	0.27	615281.08	0.00	0.00	16.06	0.00	36.96	25.28	0.00	0.00	7.00	7.00
779	0.00	29.00	0.38	4.30	0.27	615281.08	0.00	0.00	16.06	0.00	35.69	24.96	0.00	0.00	7.00	7.00
780	0.00	30.00	0.38	4.30	0.27	615281.08	0.00	0.00	16.06	0.00	38.01	24.66	0.00	0.00	7.00	7.00
781	0.00	31.00	0.38	4.30	0.27	615281.08	0.00	0.00	16.06	0.00	36.78	24.37	0.00	0.00	7.00	7.00
782	0.00	32.00	0.38	4.30	0.27	615281.08	0.00	0.00	16.06	0.00	38.92	25.70	0.00	0.00	7.00	7.00
783	0.00	33.00	0.38	4.30	0.27	615281.08	0.00	0.00	16.06	0.00	41.67	26.49	0.00	0.00	7.00	7.00
784	0.00	34.00	0.38	4.30	0.27	615281.08	0.00	0.00	16.06	0.00	40.44	26.17	0.00	0.00	7.00	7.00
785	0.00	35.00	0.38	4.30	0.27	615281.08	0.00	0.00	16.06	0.00	39.28	25.88	0.00	0.00	7.00	7.00
786	0.00	36.00	0.38	4.30	0.27	615281.08	0.00	0.00	16.06	0.00	41.56	26.91	0.00	0.00	7.00	7.00
787	0.00	37.00	0.38	4.30	0.27	615281.08	0.00	0.00	16.06	0.00	40.44	26.61	0.00	0.00	7.00	7.00
788	0.00	38.00	0.38	4.30	0.27	615281.08	0.00	0.00	16.06	0.00	39.65	27.56	0.00	0.00	7.00	7.00
789	0.00	39.00	0.38	4.30	0.27	615281.08	0.00	0.00	16.06	0.00	44.78	28.59	0.03	0.00	7.00	7.00
790	0.00	40.00	0.38	4.30	0.27	615281.08	0.00	0.00	16.06	0.00	43.66	28.28	0.03	0.00	7.00	7.00
791	0.00	41.00	0.38	4.30	0.27	615281.08	0.00	0.00	16.06	0.00	42.60	28.26	0.02	0.00	7.00	7.00
792	0.00	42.00	0.38	4.30	0.27	615281.08	0.00	0.00	16.06	0.00	42.00	28.06	0.02	0.00	7.00	7.00
793	0.00	43.00	0.38	4.30	0.27	615281.08	0.00	0.00	16.06	0.00	41.67	29.51	0.02	0.00	7.00	7.00
794	0.00	44.00	0.38	4.30	0.27	615281.08	0.00	0.00	16.06	0.00	40.72	29.21	0.02	0.00	7.00	7.00
795	0.00	45.00	0.38	4.30	0.27	615281.08	0.00	0.00	16.06	0.00	40.00	28.91	0.02	0.00	7.00	7.00
796	0.00	46.00	0.38	4.30	0.27	615281.08	0.00	0.00	16.06	0.00	39.33	28.64	0.02	0.00	7.00	7.00
797	0.00	47.00	0.38	4.30	0.27	615281.08	0.00	0.00	16.06	0.00	38.66	28.37	0.02	0.00	7.00	7.00
798	0.00	48.00	0.38	4.30	0.27	615281.08	0.00	0.00	16.06	0.00	40.38	29.11	0.02	0.00	7.00	7.00
799	0.00	49.00	0.38	4.30	0.27	615281.08	0.00	0.00	16.06	0.00	41.71	29.41	0.02	0.00	7.00	7.00
800	0.00	50.00	0.38	4.30	0.27	615281.08	0.00	0.00	16.06	0.00	91.13	45.58	0.02	0.00	7.00	6.96
801	0.00	51.00	0.33	5.16	0.23	615294.89	0.00	0.00	16.06	0.00	89.35	45.25	0.02	0.00	7.00	6.96
802	0.00	52.00	0.33	5.16	0.23	615294.89	0.00	0.00	16.06	0.00	87.63	44.91	0.02	0.00	7.00	6.96
803	0.00	53.00	0.33	5.16	0.23	615294.89	0.00	0.00	16.06	0.00	85.98	44.44	0.02	0.00	7.00	6.96
804	0.00	54.00	0.33	5.16	0.23	615294.89	0.00	0.00	16.06	0.00	86.33	43.98	0.02	0.00	7.00	6.96
805	0.00	55.00	0.33	5.16	0.23	615294.89	0.00	0.00	16.06	0.00	86.83	44.41	0.02	0.00	7.00	6.96
806	0.00	56.00	0.33	5.16	0.23	615294.89	0.00	0.00	16.06	0.00	85.28	43.91	0.02	0.00	7.00	6.96
807	0.00	57.00	0.33	5.16	0.23	615294.89	0.00	0.00	16.06	0.00	86.72	44.06	0.02	0.00	7.00	6.96
808	0.00	58.00	0.33	5.16	0.23	615294.89	0.00	0.00	16.06	0.00	87.80	44.19	0.02	0.00	7.00	6.97
809	0.00	59.00	0.33	5.16	0.23	615294.89	0.00	0.00	16.06	0.00	88.35	44.72	0.02	0.00	7.00	6.97
810	0.00	60.00	0.33	5.16	0.23	615294.89	0.00	0.00	16.06	0.00	86.87	44.24	0.02	0.00	7.00	6.97
811	0.00	61.00	0.33	5.16	0.23	615294.89	0.00	0.00	16.06	0.00	88.05	43.87	0.02	0.00	7.00	6.97
812	0.00	62.00	0.33	5.16	0.23	615294.89	0.00	0.00	16.06	0.00	88.33	44.39	0.02	0.00	7.00	6.97
813	0.00	63.00	0.33	5.16	0.23	615294.89	0.00	0.00	16.06	0.00	88.59	44.18	0.02	0.00	7.00	6.97
814	0.00	64.00	0.33	5.16	0.23	615294.89	0.00	0.00	16.06	0.00	87.21	43.77	0.02	0.00	7.00	6.97
815	0.00	65.00	0.33	5.16	0.23	615294.89	0.00	0.00	16.06	0.00	86.46	43.89	0.02	0.00	7.00	6.97
816	0.00	66.00	0.33	5.16	0.23	615294.89	0.00	0.00	16.06	0.00	85.29	43.48	0.02	0.00	7.00	6.97
817	0.00	67.00	0.33	5.16	0.23	615294.89	0.00	0.00	16.06	0.00	84.28	43.12	0.01	0.00	7.00	6.97
818	0.00	68.00	0.33	5.16	0.23	615294.89	0.00	0.00	16.06	0.00	84.58	43.28	0.01	0.00	7.00	6.97
819	0.00	69.00	0.33	5.16	0.23	615294.89	0.00	0.00	16.06	0.00	83.51	43.40	0.01	0.00	7.00	6.97
820	0.00	70.00	0.33	5.16	0.23	615294.89	0.00	0.00	16.06	0.00	83.82	43.53	0.01	0.00	7.00	6.97
821	0.00	71.00	0.33	5.16	0.23	615294.89	0.00	0.00	16.06	0.00	84.24	43.87	0.01	0.00	7.00	6.97
822	0.00	72.00	0.33	5.16	0.23	615294.89	0.00	0.00	16.06	0.00	85.01	44.31	0.01	0.00	7.00	6.97
823	0.00	73.00	0.33	5.16	0.23	615294.89	0.00	0.00	16.06	0.00	87.89	44.74	0.01	0.00	7.00	6.97
824	0.00	74.00	0.33	5.16	0.23	615294.89	0.00	0.00	16.06	0.00	88.13	44.40	0.01	0.00	7.00	6.97
825	0.00	25.00	0.33	5.16	0.23	615294.89	0.00	0.00	16.06	0.00	31.44	20.73	0.00	0.00	7.00	7.00
826	0.00	26.00	0.33	5.16	0.23	615294.89	0.00	0.00	16.06	0.00	41.94	20.69	0.00	0.00	7.00	7.00
827	0.00	27.00	0.33	5.16	0.23	615294.89	0.00	0.00	16.06	0.00	40.39	20.52	0.00	0.00	7.00	7.00
828	0.00	28.00	0.33	5.16	0.23	615294.89	0.00	0.00	16.06	0.00	38.95	20.36	0.00	0.00	7.00	7.00
829	0.00	29.00	0.33	5.16	0.23	615294.89	0.00	0.00	16.06	0.00	43.11	21.43	0.00	0.00	7.00	7.00
830	0.00	30.00	0.33	5.16	0.23	615294.89	0.00	0.00	16.06	0.00	41.95	21.25	0.00	0.00	7.00	7.00
831	0.00	31.00	0.33	5.16	0.23	615294.89	0.00	0.00	16.06	0.00	50.12	22.62	0.00	0.00	7.00	7.00
832	0.00	32.00	0.33	5.16	0.23	615294.89	0.00	0.00	16.06	0.00	51.84	22.53	0.00	0.00	7.00	7.00
833	0.00	33.00	0.33	5.16	0.23	615294.89	0.00	0.00	16.06	0.00	50.27	22.35	0.00	0.00	7.00	7.00
834	0.00	34.00	0.33	5.16	0.23	615294.89	0.00	0.00	16.06	0.00	51.89	23.21	0.00	0.00	7.00	7.00
835	0.00	35.00	0.33	5.16	0.23	615294.89	0.00	0.00	16.06	0.00	53.41	23.66	0.00	0.00	7.00	7.00
836	0.00	36.00	0.33	5.16	0.23	615294.89	0.00	0.00	16.06	0.00	51.93	23.44	0.00	0.00	7.00	7.00
837	0.00	37.00	0.33	5.16	0.23	615294.89	0.00	0.00	16.06	0.00	50.53	23.24	0.00	0.00	7.00	7.00
838	0.00	38.00	0.33	5.16	0.23	615294.89	0.00	0.00	16.06	0.00	52.39	24.33	0.00	0.00	7.00	7.00
839	0.00	39.00	0.33	5.16	0.23	615294.89	0.00	0.00	16.06	0.00	51.05	24.18	0.00	0.00	7.00	7.00
840	0.00	40.00	0.33	5.16	0.23	615294.89	0.00	0.00	16.06	0.00	49.77	23.99	0.00	0.00	7.00	7.00
841	0.00	41.00	0.33	5.16	0.23	615294.89	0.00	0.00	16.06	0.00	51.12	23.88	0.00	0.00	7.00	7.00
842	0.00	42.00	0.33	5.16	0.23	615294.89	0.00	0.00	16.06	0.00	49.91	23.97	0.00	0.00	7.00	7.00
843	0.00	43.00	0.33	5.16	0.23	615294.89	0.00	0.00	16.06	0.00	51.19	24.66	0.00	0.00	7.00	7.00
844	0.00	44.00	0.33	5.16	0.23	615294.89	0.00	0.00	16.06	0.00	50.03	24.47	0.00	0.00	7.00	7.00
845	0.00	45.00	0.33	5.16	0.23	615294.89	0.00	0.00	16.06	0.00	48.92	24.28	0.00	0.00	7.00	7.00
846	0.00	46.00	0.33	5.16	0.23	615294.89	0.00	0.00	16.06	0.00	48.06	24.12	0.00	0.00	7.00	7.00
847	0.00	47.00	0.33	5.16	0.23	615294.89	0.00	0.00	16.06	0.00	47.85	24.70	0.00	0.00	7.00	7.00
848	0.00	48.00	0.33	5.16	0.23	615294.89	0.00	0.00	16.06	0.00	46.85	24.54	0.00	0.00	7.00	7.00
849	0.00	49.00	0.33	5.16	0.23	615294.89	0.00	0.00	16.06	0.00	45.90	24.61	0.00	0.00	7.00	7.00
850	0.00	50.00	0.33	5.16	0.23	615294.89	0.00	0.00	16.06	0.00	44.98	24.67	0.00	0.00	7.00	7.00
851	0.00	51.00	0.33	5.16	0.23	615294.89	0.00	0.00	16.06	0.00	44.26	24.49	0.00	0.00	7.00	7.00
852	0.00	52.00	0.33	5.16	0.23	615294.89	0.00	0.00	16.06	0.00	43.41	24.33	0.00	0.00	7.00	7.00
853	0.00	53.00	0.33	5.16	0.23	615294.89	0.00	0.00	16.06	0.00	42.59	24.17	0.00	0.00	7.00	7.00
854	0.00	54.00	0.33	5.16	0.23	615294.89	0.00	0.00	16.06	0.00	44.04	25.13	0.00	0.00	7.00	7.00
855	0.00	55.00	0.33	5.16	0.23	615294.89	0.00	0.00	16.06	0.00	45.16	25.61	0.00	0.00	7.00	7.00
856	0.00	56.00	0.33	5.16	0.23	615294.89	0.00	0.00	16.06	0.00	44.35	25.44	0.00	0.00	7.00	7.00
857	0.00	57.00	0.33	5.16	0.23	615294.89	0.00	0.00	16.06	0.00	43.72	25.27	0.00	0.00	7.00	7.00
858	0.00	58.00	0.33	5.16	0.23	615294.89	0.00	0.00	16.06	0.00	42.96	25.11	0.00	0.00	7.00	7.00
859	0.00	59.00	0.33	5.16	0.23	615294.89	0.00	0.00	16.06	0.00	42.23	24.95	0.00	0.00	7.00	7.00
860	0.00	60.00	0.33	5.16	0.23	615294.89	0.00	0.00	16.06	0.00	41.53	24.80	0.00	0.00	7.00	7.00
861	0.00	61.00	0.33	5.16	0.23	615294.89	0.00	0.00	16.06	0.00	42.58	24.72	0.00	0.00	7.00	7.00
862	0.00	62.00	0.33	5.16	0.23	615294.89	0.00	0.00	16.06	0.00	41.89	24.58	0.00	0.00	7.00	7.00
863	0.00	63.00	0.33	5.16	0.23	615294.89	0.00	0.00	16.06	0.00	41.22	24.45	0.00	0.00	7.00	7.00
864	0.00	64.00	0.33	5.16	0.23	615294.89	0.00	0.00	16.06	0.00	42.22	24.38	0.00	0.00	7.00	7.00
865	0.00	65.00	0.33	5.16	0.23	615294.89	0.00	0.00	16.06	0.00	41.58	24.26	0.00	0.00	7.00	7.00
866	0.00	66.00	0.33	5.16	0.23	615294.89	0.00	0.00	16.06	0.00	43.36	24.67	0.00	0.00	7.00	7.00
867	0.00	67.00	0.33	5.16	0.23	615294.89	0.00	0.00	16.06	0.00	43.29	24.55	0.00	0.00	7.00	7.00
868	0.00	68.00	0.33	5.16	0.23	615294.89	0.00	0.00	16.06	0.00	42.65	24.42	0.00	0.00	7.00	7.00
869	0.00	69.00	0.33	5.16	0.23	615294.89	0.00	0.00	16.06	0.00	42.15	24.30	0.00	0.00	7.00	7.00
870	0.00	70.00	0.33	5.16	0.23	615294.89	0.00	0.00	16.06	0.00	41.68	24.22	0.00	0.00	7.00	7.00
871	0.00	71.00	0.33	5.16	0.23	615294.89	0.00	0.00	16.06	0.00	41.10	24.11	0.00	0.00	7.00	7.00
872	0.00	72.00	0.33	5.16	0.23	615294.89	0.00	0.00	16.06	0.00	40.64	23.99	0.00	0.00	7.00	7.00
873	0.00	73.00	0.33	5.16	0.23	615294.89	0.00	0.00	16.06	0.00	40.08	24.54	0.00	0.00	7.00	7.00
874	0.00	74.00	0.33	5.16	0.23	615294.89	0.00	0.00	16.06	0.00	40.06	24.90	0.00	0.00	7.00	7.00
875	0.00	25.00	0.33	5.16	0.23	615294.89	0.00	0.00	16.06	0.00	31.44	20.57	0.00	0.00	7.00	7.00
876	0.00	26.00	0.33	5.16	0.23	615294.89	0.00	0.00	16.06	0.00	30.54	20.39	0.00	0.00	7.00	7.00
877	0.00	27.00	0.33	5.16	0.23	615294.89	0.00	0.00	16.06	0.00	34.21	21.54	0.00	0.00	7.00	7.00
878	0.00	28.00	0.33	5.16	0.23	615294.89	0.00	0.00	16.06	0.00	36.75	23.47	0.00	0.00	7.00	7.00
879	0.00	29.00	0.33	5.16	0.23	615294.89	0.00	0.00	16.06	0.00	35.48	23.22	0.00	0.00	7.00	7.00
880	0.00	30.00	0.33	5.16	0.23	615294.89	0.00	0.00	16.06	0.00	34.30	22.99	0.00	0.00	7.00	7.00
881	0.00	31.00	0.33	5.16	0.23	615294.89	0.00	0.00	16.06	0.00	34.43	22.78	0.00	0.00	7.00	7.00
882	0.00	32.00	0.33	5.16	0.23	615294.89	0.00	0.00	16.06	0.00	33.35	22.58	0.00	0.00	7.00	7.00
883	0.00	33.00	0.33	5.16	0.23	615294.89	0.00	0.00	16.06	0.00	32.34	24.92	0.00	0.00	7.00	7.00
884	0.00	34.00	0.33	5.16	0.23	615294.89	0.00	0.00	16.06	0.00	31.63	24.65	0.00	0.00	7.00	7.00
885	0.00	35.00	0.33	5.16	0.23	615294.89	0.00	0.00	16.06	0.00	30.73	25.78	0.00	0.00	7.00	7.00
886	0.00	36.00	0.33	5.16	0.23	615294.89	0.00	0.00	16.06	0.00	29.87	25.51	0.00	0.00	7.00	7.00
887	0.00	37.00	0.33	5.16	0.23	615294.89	0.00	0.00	16.06	0.00	30.10	25.26	0.00	0.00	7.00	7.00
888	0.00	38.00	0.33	5.16	0.23	615294.89	0.00	0.00	16.06	0.00	29.53	25.01	0.00	0.00	7.00	7.00
889	0.00	39.00	0.33	5.16	0.23	615294.89	0.00	0.00	16.06	0.00	28.77	24.78	0.00	0.00	7.00	7.00
890	0.00	40.00	0.33	5.16	0.23	615294.89	0.00	0.00	16.06	0.00	29.01	24.57	0.00	0.00	7.00	7.00
891	0.00	41.00	0.33	5.16	0.23	615294.89	0.00	0.00	16.06	0.00	35.50	24.65	0.00	0.00	7.00	7.00
892	0.00	42.00	0.33	5.16	0.23	615294.89	0.00	0.00	16.06	0.00	34.66	24.45	0.00	0.00	7.00	7.00
893	0.00	43.00	0.33	5.16	0.23	615294.89	0.00	0.00	16.06	0.00	33.85	24.25	0.00	0.00	7.00	7.00
894	0.00	44.00	0.33	5.16	0.23	615294.89	0.00	0.00	16.06	0.00	36.03	24.88	0.00	0.00	7.00	7.00
895	0.00	45.00	0.33	5.16	0.23	615294.89	0.00	0.00	16.06	0.00	37.56	26.00	0.00	0.00	7.00	7.00
896	0.00	46.00	0.33	5.16	0.23	615294.89	0.00	0.00	16.06	0.00	37.15	26.58	0.00	0.00	7.00	7.00
897	0.00	47.00	0.33	5.16	0.23	615294.89	0.00	0.00	16.06	0.00	36.36	26.36	0.00	0.00	7.00	7.00
898	0.00	48.00	0.33	5.16	0.23	615294.89	0.00	0.00	16.06	0.00	38.71	27.88	0.00	0.00	7.00	7.00
899	0.00	49.00	0.33	5.16	0.23	615294.89	0.00	0.00	16.06	0.00	38.09	27.64	0.00	0.00	7.00	7.00
900	0.00	50.00	0.33	5.16	0.23	615294.89	0.00	0.00	16.06	0.00	37.51	27.42	0.00	0.00	7.00	7.00
901	0.00	51.00	0.28	6.19	0.20	615311.47	0.00	0.00	16.06	0.00	36.78	27.20	0.00	0.00	7.00	7.00
902	0.00	52.00	0.28	6.19	0.20	615311.47	0.00	0.00	16.06	0.00	36.25	27.02	0.00	0.00	7.00	7.00
903	0.00	53.00	0.28	6.19	0.20	615311.47	0.00	0.00	16.06	0.00	37.55	26.88	0.00	0.00	7.00	7.00
904	0.00	54.00	0.28	6.19	0.20	615311.47	0.00	0.00	16.06	0.00	36.85	26.68	0.00	0.00	7.00	7.00
905	0.00	55.00	0.28	6.19	0.20	615311.47	0.00	0.00	16.06	0.00	36.18	28.02	0.00	0.00	7.00	7.00
906	0.00	56.00	0.28	6.19	0.20	615311.47	0.00	0.00	16.06	0.00	37.42	28.44	0.00	0.00	7.00	7.00
907	0.00	57.00	0.28	6.19	0.20	615311.47	0.00	0.00	16.06	0.00	36.91	29.07	0.00	0.00	7.00	7.00
908	0.00	58.00	0.28	6.19	0.20	615311.47	0.00	0.00	16.06	0.00	36.41	28.84	0.00	0.00	7.00	7.00
909	0.00	59.00	0.28	6.19	0.20	615311.47	0.00	0.00	16.06	0.00	35.79	28.62	0.00	0.00	7.00	7.00
910	0.00	60.00	0.28	6.19	0.20	615311.47	0.00	0.00	16.06	0.00	35.20	28.42	0.00	0.00	7.00	7.00
911	0.00	61.00	0.28	6.19	0.20	615311.47	0.00	0.00	16.06	0.00	34.77	28.23	0.00	0.00	7.00	7.00
912	0.00	62.00	0.28	6.19	0.20	615311.47	0.00	0.00	16.06	0.00	34.21	28.10	0.00	0.00	7.00	7.00
913	0.00	63.00	0.28	6.19	0.20	615311.47	0.00	0.00	16.06	0.00	35.34	27.93	0.00	0.00	7.00	7.00
914	0.00	64.00	0.28	6.19	0.20	615311.47	0.00	0.00	16.06	0.00	37.12	29.05	0.00	0.00	7.00	7.00
915	0.00	65.00	0.28	6.19	0.20	615311.47	0.00	0.00	16.06	0.00	36.67	28.85	0.00	0.00	7.00	7.00
916	0.00	66.00	0.28	6.19	0.20	615311.47	0.00	0.00	16.06	0.00	36.12	28.65	0.00	0.00	7.00	7.00
917	0.00	67.00	0.28	6.19	0.20	615311.47	0.00	0.00	16.06	0.00	39.02	28.54	0.01	0.00	7.00	7.00
918	0.00	68.00	0.28	6.19	0.20	615311.47	0.00	0.00	16.06	0.00	38.45	28.54	0.01	0.00	7.00	7.00
919	0.00	69.00	0.28	6.19	0.20	615311.47	0.00	0.00	16.06	0.00	39.57	29.22	0.01	0.00	7.00	7.00
920	0.00	70.00	0.28	6.19	0.20	615311.47	0.00	0.00	16.06	0.00	39.12	29.03	0.01	0.00	7.00	7.00
921	0.00	71.00	0.28	6.19	0.20	615311.47	0.00	0.00	16.06	0.00	38.68	28.84	0.01	0.00	7.00	7.00
922	0.00	72.00	0.28	6.19	0.20	615311.47	0.00	0.00	16.06	0.00	41.35	28.73	0.03	0.00	7.00	7.00
923	0.00	73.00	0.28	6.19	0.20	615311.47	0.00	0.00	16.06	0.00	42.97	28.73	0.03	0.00	7.00	7.00
924	0.00	74.00	0.28	6.19	0.20	615311.47	0.00	0.00	16.06	0.00	44.55	29.04	0.03	0.00	7.00	7.00
925	0.00	25.00	0.28	6.19	0.20	615311.47	0.00	0.00	16.06	0.00	42.93	24.15	0.04	0.00	7.00	7.00
926	0.00	26.00	0.28	6.19	0.20	615311.47	0.00	0.00	16.06	0.00	41.59	23.82	0.04	0.00	7.00	7.00
927	0.00	27.00	0.28	6.19	0.20	615311.47	0.00	0.00	16.06	0.00	43.95	25.54	0.04	0.00	7.00	7.00
928	0.00	28.00	0.28	6.19	0.20	615311.47	0.00	0.00	16.06	0.00	46.14	25.19	0.04	0.00	7.00	7.00
929	0.00	29.00	0.28	6.19	0.20	615311.47	0.00	0.00	16.06	0.00	44.55	26.53	0.03	0.00	7.00	7.00
930	0.00	30.00	0.28	6.19	0.20	615311.47	0.00	0.00	16.06	0.00	43.06	26.18	0.03	0.00	7.00	7.00
931	0.00	31.00	0.28	6.19	0.20	615311.47	0.00	0.00	16.06	0.00	41.94	25.85	0.03	0.00	7.00	7.00
932	0.00	32.00	0.28	6.19	0.20	615311.47	0.00	0.00	16.06	0.00	41.17	25.65	0.03	0.00	7.00	7.00
933	0.00	33.00	0.28	6.19	0.20	615311.47	0.00	0.00	16.06	0.00	39.92	26.83	0.03	0.00	7.00	7.00
934	0.00	34.00	0.28	6.19	0.20	615311.47	0.00	0.00	16.06	0.00	38.75	26.51	0.03	0.00	7.00	7.00
935	0.00	35.00	0.28	6.19	0.20	615311.47	0.00	0.00	16.06	0.00	40.65	26.32	0.03	0.00	7.00	7.00
936	0.00	36.00	0.28	6.19	0.20	615311.47	0.00	0.00	16.06	0.00	40.59	27.33	0.03	0.00	7.00	7.00
937	0.00	37.00	0.28	6.19	0.20	615311.47	0.00	0.00	16.06	0.00	42.34	27.34	0.03	0.00	7.00	7.00
938	0.00	38.00	0.28	6.19	0.20	615311.47	0.00	0.00	16.06	0.00	43.99	27.97	0.03	0.00	7.00	7.00
939	0.00	39.00	0.28	6.19	0.20	615311.47	0.00	0.00	16.06	0.00	43.10	27.68	0.03	0.00	7.00	7.00
940	0.00	40.00	0.28	6.19	0.20	615311.47	0.00	0.00	16.06	0.00	47.79	27.52	0.05	0.00	7.00	7.00
941	0.00	41.00	0.28	6.19	0.20	615311.47	0.00	0.00	16.06	0.00	46.82	28.38	0.05	0.00	7.00	7.00
942	0.00	42.00	0.28	6.19	0.20	615311.47	0.00	0.00	16.06	0.00	48.22	30.07	0.05	0.00	7.00	7.00
943	0.00	43.00	0.28	6.19	0.20	615311.47	0.00	0.00	16.06	0.00	47.09	30.02	0.05	0.00	7.00	7.00
944	0.00	44.00	0.28	6.19	0.20	615311.47	0.00	0.00	16.06	0.00	46.02	29.70	0.05	0.00	7.00	7.00
945	0.00	45.00	0.28	6.19	0.20	615311.47	0.00	0.00	16.06	0.00	45.00	30.47	0.04	0.00	7.00	7.00
946	0.00	46.00	0.28	6.19	0.20	615311.47	0.00	0.00	16.06	0.00	50.44	30.95	0.04	0.00	7.00	7.00
947	0.00	47.00	0.28	6.19	0.20	615311.47	0.00	0.00	16.06	0.00	52.54	30.88	0.04	0.00	7.00	7.00
948	0.00	48.00	0.28	6.19	0.20	615311.47	0.00	0.00	16.06	0.00	51.45	32.31	0.04	0.00	7.00	7.00
949	0.00	49.00	0.28	6.19	0.20	615311.47	0.00	0.00	16.06	0.00	52.55	32.95	0.04	0.00	7.00	7.00
950	0.00	50.00	0.28	6.19	0.20	615311.47	0.00	0.00	16.06	0.00	51.50	32.61	0.04	0.00	7.00	7.00
951	0.00	51.00	0.28	6.19	0.20	615311.47	0.00	0.00	16.06	0.00	50.83	32.36	0.04	0.00	7.00	7.00
952	0.00	52.00	0.28	6.19	0.20	615311.47	0.00	0.00	16.06	0.00	49.85	32.05	0.04	0.00	7.00	7.00
953	0.00	53.00	0.28	6.19	0.20	615311.47	0.00	0.00	16.06	0.00	50.90	32.87	0.04	0.00	7.00	7.00
954	0.00	54.00	0.28	6.19	0.20	615311.47	0.00	0.00	16.06	0.00	50.67	33.42	0.04	0.00	7.00	7.00
955	0.00	55.00	0.28	6.19	0.20	615311.47	0.00	0.00	16.06	0.00	53.94	33.20	0.05	0.00	7.00	7.00
956	0.00	56.00	0.28	6.19	0.20	615311.47	0.00	0.00	16.06	0.00	54.86	32.89	0.05	0.00	7.00	7.00
957	0.00	57.00	0.28	6.19	0.20	615311.47	0.00	0.00	16.06	0.00	53.89	32.59	0.05	0.00	7.00	7.00
958	0.00	58.00	0.28	6.19	0.20	615311.47	0.00	0.00	16.06	0.00	53.10	32.32	0.05	0.00	7.00	7.00
959	0.00	59.00	0.28	6.19	0.20	615311.47	0.00	0.00	16.06	0.00	53.99	32.11	0.05	0.00	7.00	7.00
960	0.00	60.00	0.28	6.19	0.20	615311.47	0.00	0.00	16.06	0.00	53.09	32.03	0.05	0.00	7.00	7.00
961	0.00	61.00	0.28	6.19	0.20	615311.47	0.00	0.00	16.06	0.00	56.00	31.85	0.07	0.00	7.00	7.00
962	0.00	62.00	0.28	6.19	0.20	615311.47	0.00	0.00	16.06	0.00	55.40	32.56	0.06	0.00	7.00	7.00
963	0.00	63.00	0.28	6.19	0.20	615311.47	0.00	0.00	16.06	0.00	55.13	32.86	0.06	0.00	7.00	7.00
964	0.00	64.00	0.28	6.19	0.20	615311.47	0.00	0.00	16.06	0.00	54.27	33.35	0.06	0.00	7.00	7.00
965	0.00	65.00	0.28	6.19	0.20	615311.47	0.00	0.00	16.06	0.00	53.43	34.37	0.06	0.00	7.00	7.00
966	0.00	66.00	0.28	6.19	0.20	615311.47	0.00	0.00	16.06	0.00	54.22	34.15	0.06	0.00	7.00	7.00
967	0.00	67.00	0.28	6.19	0.20	615311.47	0.00	0.00	16.06	0.00	55.12	34.41	0.06	0.00	7.00	7.00
968	0.00	68.00	0.28	6.19	0.20	615311.47	0.00	0.00	16.06	0.00	54.44	34.19	0.06	0.00	7.00	7.00
969	0.00	69.00	0.28	6.19	0.20	615311.47	0.00	0.00	16.06	0.00	53.65	33.93	0.06	0.00	7.00	7.00
970	0.00	70.00	0.28	6.19	0.20	615311.47	0.00	0.00	16.06	0.00	54.39	33.75	0.06	0.00	7.00	7.00
971	0.00	71.00	0.28	6.19	0.20	615311.47	0.00	0.00	16.06	0.00	55.11	33.56	0.06	0.00	7.00	7.00
972	0.00	72.00	0.28	6.19	0.20	615311.47	0.00	0.00	16.06	0.00	54.45	33.31	0.06	0.00	7.00	7.00
973	0.00	73.00	0.28	6.19	0.20	615311.47	0.00	0.00	16.06	0.00	53.71	33.08	0.05	0.00	7.00	7.00
974	0.00	74.00	0.28	6.19	0.20	615311.47	0.00	0.00	16.06	0.00	52.98	32.86	0.05	0.00	7.00	7.00
975	0.00	25.00	0.28	6.19	0.20	615311.47	0.00	0.00	16.06	0.00	58.12	19.16	0.08	0.00	7.00	7.00
976	0.00	26.00	0.28	6.19	0.20	615311.47	0.00	0.00	16.06	0.00	56.56	19.18	0.08	0.00	7.00	7.00
977	0.00	27.00	0.28	6.19	0.20	615311.47	0.00	0.00	16.06	0.00	54.46	19.07	0.07	0.00	7.00	7.00
978	0.00	28.00	0.28	6.19	0.20	615311.47	0.00	0.00	16.06	0.00	52.85	18.98	0.07	0.00	7.00	7.00
979	0.00	29.00	0.28	6.19	0.20	615311.47	0.00	0.00	16.06	0.00	51.03	18.88	0.07	0.00	7.00	7.00
980	0.00	30.00	0.28	6.19	0.20	615311.47	0.00	0.00	16.06	0.00	52.83	20.01	0.07	0.00	7.00	7.00
981	0.00	31.00	0.28	6.19	0.20	615311.47	0.00	0.00	16.06	0.00	58.57	20.07	0.10	0.00	7.00	7.00
982	0.00	32.00	0.28	6.19	0.20	615311.47	0.00	0.00	16.06	0.00	60.03	20.06	0.09	0.00	7.00	7.00
983	0.00	33.00	0.28	6.19	0.20	615311.47	0.00	0.00	16.06	0.00	61.40	20.52	0.09	0.00	7.00	6.97
984	0.00	34.00	0.28	6.19	0.20	615311.47	0.00	0.00	16.06	0.00	59.60	20.38	0.09	0.00	7.00	6.97
985	0.00	35.00	0.28	6.19	0.20	615311.47	0.00	0.00	16.06	0.00	57.89	20.26	0.09	0.00	7.00	6.97
986	0.00	36.00	0.28	6.19	0.20	615311.47	0.00	0.00	16.06	0.00	56.54	21.44	0.08	0.00	7.00	6.97
987	0.00	37.00	0.28	6.19	0.20	615311.47	0.00	0.00	16.06	0.00	55.01	21.38	0.08	0.00	7.00	6.97
988	0.00	38.00	0.28	6.19	0.20	615311.47	0.00	0.00	16.06	0.00	59.64	21.37	0.11	0.00	7.00	6.97
989	0.00	39.00	0.28	6.19	0.20	615311.47	0.00	0.00	16.06	0.00	58.11	21.23	0.10	0.00	7.00	6.97
990	0.00	40.00	0.28	6.19	0.20	615311.47	0.00	0.00	16.06	0.00	56.65	21.10	0.10	0.00	7.00	6.97
991	0.00	41.00	0.28	6.19	0.20	615311.47	0.00	0.00	16.06	0.00	57.84	20.97	0.10	0.00	7.00	6.98
992	0.00	42.00	0.28	6.19	0.20	615311.47	0.00	0.00	16.06	0.00	56.46	20.86	0.10	0.00	7.00	6.98
993	0.00	43.00	0.28	6.19	0.20	615311.47	0.00	0.00	16.06	0.00	55.15	20.74	0.09	0.00	7.00	6.98
994	0.00	44.00	0.28	6.19	0.20	615311.47	0.00	0.00	16.06	0.00	53.90	20.68	0.09	0.00	7.00	6.98
995	0.00	45.00	0.28	6.19	0.20	615311.47	0.00	0.00	16.06	0.00	55.04	21.62	0.09	0.00	7.00	6.98
996	0.00	46.00	0.28	6.19	0.20	615311.47	0.00	0.00	16.06	0.00	56.13	21.58	0.09	0.00	7.00	6.98
997	0.00	47.00	0.28	6.19	0.20	615311.47	0.00	0.00	16.06	0.00	54.94	21.46	0.09	0.00	7.00	6.98
998	0.00	48.00	0.28	6.19	0.20	615311.47	0.00	0.00	16.06	0.00	55.99	21.34	0.08	0.00	7.00	6.98
999	0.00	49.00	0.28	6.19	0.20	615311.47	0.00	0.00	16.06	0.00	56.99	21.23	0.08	0.00	7.00	6.98
1000	0.00	50.00	0.28	6.19	0.20	615311.47	0.00	0.00	16.06	0.00	56.22	22.32	0.08	0.00	7.00	6.98
