some parameters
Gen.	# feasible solutions	# infeasible solutions	cap. penality	dur. penality	num. penality	best penalized cost	best feasible cost	best cap. violation	best dur. violation	best num. violation	avg cap. violation	avg dur. violation	avg num. violation
1	0.00	51.00	1200.00	12000.00	42500.00	892575.55	0.00	0.00	16.65	0.00	42.57	43.19	0.00
2	0.00	52.00	1200.00	12000.00	42500.00	892575.55	0.00	0.00	16.65	0.00	45.27	43.17	0.00
3	0.00	53.00	1200.00	12000.00	42500.00	892575.55	0.00	0.00	16.65	0.00	44.58	42.98	0.00
4	0.00	54.00	1200.00	12000.00	42500.00	796861.87	0.00	0.00	6.25	0.00	43.75	42.30	0.00
5	0.00	55.00	1200.00	12000.00	42500.00	796861.87	0.00	0.00	6.25	0.00	42.96	41.87	0.00
6	0.00	56.00	1200.00	12000.00	42500.00	796861.87	0.00	0.00	6.25	0.00	42.19	41.52	0.00
7	0.00	57.00	1200.00	12000.00	42500.00	796861.87	0.00	0.00	6.25	0.00	41.45	41.16	0.00
8	1.00	57.00	1200.00	12000.00	42500.00	736405.03	736405.03	0.00	0.00	0.00	40.73	40.45	0.00
9	1.00	58.00	1200.00	12000.00	42500.00	736405.03	736405.03	0.00	0.00	0.00	40.04	40.24	0.00
10	1.00	59.00	1200.00	12000.00	42500.00	736405.03	736405.03	0.00	0.00	0.00	41.63	39.97	0.00
11	1.00	60.00	1200.00	12000.00	42500.00	736405.03	736405.03	0.00	0.00	0.00	40.95	40.42	0.00
12	1.00	61.00	1200.00	12000.00	42500.00	736405.03	736405.03	0.00	0.00	0.00	40.29	40.04	0.00
13	1.00	62.00	1200.00	12000.00	42500.00	736405.03	736405.03	0.00	0.00	0.00	39.65	39.63	0.00
14	1.00	63.00	1200.00	12000.00	42500.00	736405.03	736405.03	0.00	0.00	0.00	39.03	39.39	0.00
15	1.00	64.00	1200.00	12000.00	42500.00	736405.03	736405.03	0.00	0.00	0.00	40.51	38.81	0.00
16	1.00	65.00	1200.00	12000.00	42500.00	736405.03	736405.03	0.00	0.00	0.00	39.90	38.43	0.00
17	1.00	66.00	1200.00	12000.00	42500.00	736405.03	736405.03	0.00	0.00	0.00	41.32	38.47	0.00
18	1.00	67.00	1200.00	12000.00	42500.00	736405.03	736405.03	0.00	0.00	0.00	40.71	38.44	0.00
19	1.00	68.00	1200.00	12000.00	42500.00	736405.03	736405.03	0.00	0.00	0.00	40.12	38.66	0.00
20	1.00	69.00	1200.00	12000.00	42500.00	736405.03	736405.03	0.00	0.00	0.00	39.55	38.75	0.00
21	1.00	70.00	1200.00	12000.00	42500.00	736405.03	736405.03	0.00	0.00	0.00	40.90	38.51	0.00
22	1.00	71.00	1200.00	12000.00	42500.00	736405.03	736405.03	0.00	0.00	0.00	40.33	38.56	0.00
23	1.00	72.00	1200.00	12000.00	42500.00	736405.03	736405.03	0.00	0.00	0.00	41.63	38.34	0.00
24	1.00	73.00	1200.00	12000.00	42500.00	736405.03	736405.03	0.00	0.00	0.00	41.07	37.83	0.00
25	1.00	74.00	1200.00	12000.00	42500.00	736405.03	736405.03	0.00	0.00	0.00	40.52	37.79	0.00
26	1.00	25.00	1200.00	12000.00	42500.00	736405.03	736405.03	0.00	0.00	0.00	21.35	22.71	0.00
27	1.00	26.00	1200.00	12000.00	42500.00	736405.03	736405.03	0.00	0.00	0.00	20.56	22.13	0.00
28	1.00	27.00	1200.00	12000.00	42500.00	736405.03	736405.03	0.00	0.00	0.00	19.83	22.04	0.00
29	1.00	28.00	1200.00	12000.00	42500.00	736405.03	736405.03	0.00	0.00	0.00	19.14	21.50	0.00
30	1.00	29.00	1200.00	12000.00	42500.00	736405.03	736405.03	0.00	0.00	0.00	18.51	22.26	0.00
31	1.00	30.00	1200.00	12000.00	42500.00	736405.03	736405.03	0.00	0.00	0.00	17.91	22.03	0.00
32	1.00	31.00	1200.00	12000.00	42500.00	736405.03	736405.03	0.00	0.00	0.00	17.35	22.33	0.00
33	1.00	32.00	1200.00	12000.00	42500.00	736405.03	736405.03	0.00	0.00	0.00	16.82	22.93	0.00
34	1.00	33.00	1200.00	12000.00	42500.00	736405.03	736405.03	0.00	0.00	0.00	16.33	23.34	0.00
35	1.00	34.00	1200.00	12000.00	42500.00	736405.03	736405.03	0.00	0.00	0.00	19.73	23.03	0.00
36	1.00	35.00	1200.00	12000.00	42500.00	736405.03	736405.03	0.00	0.00	0.00	19.18	22.64	0.00
37	1.00	36.00	1200.00	12000.00	42500.00	736405.03	736405.03	0.00	0.00	0.00	18.66	22.45	0.00
38	1.00	37.00	1200.00	12000.00	42500.00	736405.03	736405.03	0.00	0.00	0.00	18.85	21.95	0.00
39	1.00	38.00	1200.00	12000.00	42500.00	736405.03	736405.03	0.00	0.00	0.00	18.37	22.46	0.00
40	1.00	39.00	1200.00	12000.00	42500.00	736405.03	736405.03	0.00	0.00	0.00	17.91	22.85	0.00
41	1.00	40.00	1200.00	12000.00	42500.00	736405.03	736405.03	0.00	0.00	0.00	17.47	23.49	0.00
42	1.00	41.00	1200.00	12000.00	42500.00	736405.03	736405.03	0.00	0.00	0.00	17.06	23.46	0.00
43	1.00	42.00	1200.00	12000.00	42500.00	736405.03	736405.03	0.00	0.00	0.00	16.66	23.49	0.00
44	1.00	43.00	1200.00	12000.00	42500.00	736405.03	736405.03	0.00	0.00	0.00	16.28	24.13	0.00
45	1.00	44.00	1200.00	12000.00	42500.00	736405.03	736405.03	0.00	0.00	0.00	15.92	24.35	0.00
46	1.00	45.00	1200.00	12000.00	42500.00	736405.03	736405.03	0.00	0.00	0.00	15.57	24.33	0.00
47	1.00	46.00	1200.00	12000.00	42500.00	736405.03	736405.03	0.00	0.00	0.00	18.12	24.29	0.00
48	1.00	47.00	1200.00	12000.00	42500.00	736405.03	736405.03	0.00	0.00	0.00	17.74	24.13	0.00
49	1.00	48.00	1200.00	12000.00	42500.00	736405.03	736405.03	0.00	0.00	0.00	17.38	24.09	0.00
50	1.00	49.00	1200.00	12000.00	42500.00	736405.03	736405.03	0.00	0.00	0.00	17.03	24.00	0.00
51	1.00	50.00	1200.00	12000.00	42500.00	736405.03	736405.03	0.00	0.00	0.00	19.35	23.63	0.00
52	1.00	51.00	1200.00	12000.00	42500.00	736405.03	736405.03	0.00	0.00	0.00	18.98	23.83	0.00
53	1.00	52.00	1200.00	12000.00	42500.00	736405.03	736405.03	0.00	0.00	0.00	18.62	23.57	0.00
54	1.00	53.00	1200.00	12000.00	42500.00	736405.03	736405.03	0.00	0.00	0.00	18.28	23.66	0.00
55	1.00	54.00	1200.00	12000.00	42500.00	736405.03	736405.03	0.00	0.00	0.00	17.94	23.42	0.00
56	1.00	55.00	1200.00	12000.00	42500.00	736405.03	736405.03	0.00	0.00	0.00	17.62	23.85	0.00
57	1.00	56.00	1200.00	12000.00	42500.00	736405.03	736405.03	0.00	0.00	0.00	17.32	24.03	0.00
58	1.00	57.00	1200.00	12000.00	42500.00	736405.03	736405.03	0.00	0.00	0.00	17.02	23.75	0.00
59	1.00	58.00	1200.00	12000.00	42500.00	736405.03	736405.03	0.00	0.00	0.00	16.73	23.64	0.00
60	2.00	58.00	1200.00	12000.00	42500.00	736405.03	736405.03	0.00	0.00	0.00	16.45	23.25	0.00
61	2.00	59.00	1200.00	12000.00	42500.00	736405.03	736405.03	0.00	0.00	0.00	16.18	23.15	0.00
62	2.00	60.00	1200.00	12000.00	42500.00	736405.03	736405.03	0.00	0.00	0.00	15.92	23.22	0.00
63	2.00	61.00	1200.00	12000.00	42500.00	736405.03	736405.03	0.00	0.00	0.00	15.67	23.15	0.00
64	2.00	62.00	1200.00	12000.00	42500.00	736405.03	736405.03	0.00	0.00	0.00	15.42	24.17	0.00
65	3.00	62.00	1200.00	12000.00	42500.00	736405.03	736405.03	0.00	0.00	0.00	15.18	23.80	0.00
66	3.00	63.00	1200.00	12000.00	42500.00	736405.03	736405.03	0.00	0.00	0.00	14.95	24.02	0.00
67	3.00	64.00	1200.00	12000.00	42500.00	736405.03	736405.03	0.00	0.00	0.00	14.73	24.04	0.00
68	3.00	65.00	1200.00	12000.00	42500.00	736405.03	736405.03	0.00	0.00	0.00	14.51	24.16	0.00
69	3.00	66.00	1200.00	12000.00	42500.00	736405.03	736405.03	0.00	0.00	0.00	14.30	24.46	0.00
70	3.00	67.00	1200.00	12000.00	42500.00	736405.03	736405.03	0.00	0.00	0.00	14.10	24.55	0.00
71	3.00	68.00	1200.00	12000.00	42500.00	736405.03	736405.03	0.00	0.00	0.00	13.90	24.77	0.00
72	3.00	69.00	1200.00	12000.00	42500.00	736405.03	736405.03	0.00	0.00	0.00	13.71	24.75	0.00
73	3.00	70.00	1200.00	12000.00	42500.00	736405.03	736405.03	0.00	0.00	0.00	13.52	24.91	0.00
74	3.00	71.00	1200.00	12000.00	42500.00	736405.03	736405.03	0.00	0.00	0.00	13.34	25.05	0.00
75	3.00	72.00	1200.00	12000.00	42500.00	736405.03	736405.03	0.00	0.00	0.00	13.16	25.08	0.00
76	3.00	73.00	1200.00	12000.00	42500.00	736405.03	736405.03	0.00	0.00	0.00	14.50	25.30	0.00
77	3.00	74.00	1200.00	12000.00	42500.00	736405.03	736405.03	0.00	0.00	0.00	14.31	25.26	0.00
78	3.00	25.00	1200.00	12000.00	42500.00	736405.03	736405.03	0.00	0.00	0.00	19.83	16.63	0.00
79	3.00	26.00	1200.00	12000.00	42500.00	736405.03	736405.03	0.00	0.00	0.00	19.14	16.23	0.00
80	3.00	27.00	1200.00	12000.00	42500.00	736405.03	736405.03	0.00	0.00	0.00	18.51	15.87	0.00
81	3.00	28.00	1200.00	12000.00	42500.00	736405.03	736405.03	0.00	0.00	0.00	17.91	16.38	0.00
82	3.00	29.00	1200.00	12000.00	42500.00	736405.03	736405.03	0.00	0.00	0.00	17.35	18.07	0.00
83	3.00	30.00	1200.00	12000.00	42500.00	736405.03	736405.03	0.00	0.00	0.00	16.82	18.24	0.00
84	3.00	31.00	1200.00	12000.00	42500.00	736405.03	736405.03	0.00	0.00	0.00	16.33	18.24	0.00
85	3.00	32.00	1200.00	12000.00	42500.00	736405.03	736405.03	0.00	0.00	0.00	18.89	18.50	0.00
86	3.00	33.00	1200.00	12000.00	42500.00	736405.03	736405.03	0.00	0.00	0.00	18.37	18.22	0.00
87	3.00	34.00	1200.00	12000.00	42500.00	736405.03	736405.03	0.00	0.00	0.00	17.87	18.32	0.00
88	3.00	35.00	1200.00	12000.00	42500.00	736405.03	736405.03	0.00	0.00	0.00	17.40	19.69	0.00
89	3.00	36.00	1200.00	12000.00	42500.00	736405.03	736405.03	0.00	0.00	0.00	16.96	20.32	0.00
90	3.00	37.00	1200.00	12000.00	42500.00	736405.03	736405.03	0.00	0.00	0.00	20.28	20.73	0.00
91	3.00	38.00	1200.00	12000.00	42500.00	736405.03	736405.03	0.00	0.00	0.00	19.78	21.26	0.00
92	3.00	39.00	1200.00	12000.00	42500.00	736405.03	736405.03	0.00	0.00	0.00	19.31	20.91	0.00
93	3.00	40.00	1200.00	12000.00	42500.00	736405.03	736405.03	0.00	0.00	0.00	18.86	21.55	0.00
94	3.00	41.00	1200.00	12000.00	42500.00	736405.03	736405.03	0.00	0.00	0.00	21.51	21.07	0.00
95	3.00	42.00	1200.00	12000.00	42500.00	736405.03	736405.03	0.00	0.00	0.00	21.03	20.97	0.00
96	3.00	43.00	1200.00	12000.00	42500.00	736405.03	736405.03	0.00	0.00	0.00	20.76	21.50	0.00
97	3.00	44.00	1200.00	12000.00	42500.00	736405.03	736405.03	0.00	0.00	0.00	20.32	21.39	0.00
98	3.00	45.00	1200.00	12000.00	42500.00	736405.03	736405.03	0.00	0.00	0.00	19.90	21.42	0.00
99	3.00	46.00	1200.00	12000.00	42500.00	736405.03	736405.03	0.00	0.00	0.00	19.49	21.44	0.00
100	3.00	47.00	1200.00	12000.00	42500.00	736405.03	736405.03	0.00	0.00	0.00	19.10	21.53	0.00
101	3.00	48.00	1440.00	14400.00	36125.00	736405.03	736405.03	0.00	0.00	0.00	18.73	21.50	0.00
102	3.00	49.00	1440.00	14400.00	36125.00	736405.03	736405.03	0.00	0.00	0.00	18.37	21.27	0.00
103	3.00	50.00	1440.00	14400.00	36125.00	736405.03	736405.03	0.00	0.00	0.00	18.02	23.88	0.00
104	3.00	51.00	1440.00	14400.00	36125.00	736405.03	736405.03	0.00	0.00	0.00	17.69	23.77	0.00
105	4.00	51.00	1440.00	14400.00	36125.00	736405.03	736405.03	0.00	0.00	0.00	17.36	23.34	0.00
106	4.00	52.00	1440.00	14400.00	36125.00	736405.03	736405.03	0.00	0.00	0.00	17.05	23.05	0.00
107	4.00	53.00	1440.00	14400.00	36125.00	736405.03	736405.03	0.00	0.00	0.00	16.76	23.24	0.00
108	4.00	54.00	1440.00	14400.00	36125.00	736405.03	736405.03	0.00	0.00	0.00	16.47	22.94	0.00
109	4.00	55.00	1440.00	14400.00	36125.00	736405.03	736405.03	0.00	0.00	0.00	16.19	22.65	0.00
110	4.00	56.00	1440.00	14400.00	36125.00	736405.03	736405.03	0.00	0.00	0.00	15.92	22.58	0.00
111	4.00	57.00	1440.00	14400.00	36125.00	736405.03	736405.03	0.00	0.00	0.00	15.66	22.37	0.00
112	4.00	58.00	1440.00	14400.00	36125.00	736405.03	736405.03	0.00	0.00	0.00	15.40	22.06	0.00
113	4.00	59.00	1440.00	14400.00	36125.00	736405.03	736405.03	0.00	0.00	0.00	15.16	21.79	0.00
114	4.00	60.00	1440.00	14400.00	36125.00	736405.03	736405.03	0.00	0.00	0.00	14.92	21.91	0.00
115	4.00	61.00	1440.00	14400.00	36125.00	736405.03	736405.03	0.00	0.00	0.00	14.69	21.79	0.00
116	4.00	62.00	1440.00	14400.00	36125.00	736405.03	736405.03	0.00	0.00	0.00	14.47	23.18	0.00
117	4.00	63.00	1440.00	14400.00	36125.00	736405.03	736405.03	0.00	0.00	0.00	16.27	23.18	0.00
118	4.00	64.00	1440.00	14400.00	36125.00	736405.03	736405.03	0.00	0.00	0.00	16.03	23.09	0.00
119	4.00	65.00	1440.00	14400.00	36125.00	736405.03	736405.03	0.00	0.00	0.00	15.80	23.00	0.00
120	4.00	66.00	1440.00	14400.00	36125.00	736405.03	736405.03	0.00	0.00	0.00	15.58	23.27	0.00
121	4.00	67.00	1440.00	14400.00	36125.00	736405.03	736405.03	0.00	0.00	0.00	15.36	24.19	0.00
122	4.00	68.00	1440.00	14400.00	36125.00	736405.03	736405.03	0.00	0.00	0.00	15.14	23.96	0.00
123	4.00	69.00	1440.00	14400.00	36125.00	736405.03	736405.03	0.00	0.00	0.00	14.94	23.97	0.00
124	4.00	70.00	1440.00	14400.00	36125.00	736405.03	736405.03	0.00	0.00	0.00	14.73	23.89	0.00
125	4.00	71.00	1440.00	14400.00	36125.00	736405.03	736405.03	0.00	0.00	0.00	14.54	23.74	0.00
126	4.00	72.00	1440.00	14400.00	36125.00	736405.03	736405.03	0.00	0.00	0.00	14.35	23.45	0.00
127	4.00	73.00	1440.00	14400.00	36125.00	736405.03	736405.03	0.00	0.00	0.00	14.16	23.54	0.00
128	4.00	74.00	1440.00	14400.00	36125.00	736405.03	736405.03	0.00	0.00	0.00	13.98	25.17	0.00
129	4.00	25.00	1440.00	14400.00	36125.00	736405.03	736405.03	0.00	0.00	0.00	9.51	11.89	0.00
130	5.00	25.00	1440.00	14400.00	36125.00	736405.03	736405.03	0.00	0.00	0.00	9.20	11.49	0.00
131	5.00	26.00	1440.00	14400.00	36125.00	736405.03	736405.03	0.00	0.00	0.00	13.26	12.09	0.00
132	5.00	27.00	1440.00	14400.00	36125.00	736405.03	736405.03	0.00	0.00	0.00	12.85	11.95	0.00
133	5.00	28.00	1440.00	14400.00	36125.00	736405.03	736405.03	0.00	0.00	0.00	12.46	11.68	0.00
134	5.00	29.00	1440.00	14400.00	36125.00	736405.03	736405.03	0.00	0.00	0.00	15.47	12.57	0.00
135	5.00	30.00	1440.00	14400.00	36125.00	736405.03	736405.03	0.00	0.00	0.00	15.03	12.51	0.00
136	5.00	31.00	1440.00	14400.00	36125.00	736405.03	736405.03	0.00	0.00	0.00	14.61	13.94	0.00
137	5.00	32.00	1440.00	14400.00	36125.00	736405.03	736405.03	0.00	0.00	0.00	14.21	13.97	0.00
138	5.00	33.00	1440.00	14400.00	36125.00	736405.03	736405.03	0.00	0.00	0.00	13.84	13.70	0.00
139	5.00	34.00	1440.00	14400.00	36125.00	736405.03	736405.03	0.00	0.00	0.00	13.48	13.54	0.00
140	5.00	35.00	1440.00	14400.00	36125.00	736405.03	736405.03	0.00	0.00	0.00	13.15	13.38	0.00
141	5.00	36.00	1440.00	14400.00	36125.00	736405.03	736405.03	0.00	0.00	0.00	12.83	13.39	0.00
142	5.00	37.00	1440.00	14400.00	36125.00	736405.03	736405.03	0.00	0.00	0.00	12.52	16.39	0.00
143	6.00	37.00	1440.00	14400.00	36125.00	736405.03	736405.03	0.00	0.00	0.00	12.23	16.01	0.00
144	6.00	38.00	1440.00	14400.00	36125.00	736405.03	736405.03	0.00	0.00	0.00	11.95	15.93	0.00
145	6.00	39.00	1440.00	14400.00	36125.00	736405.03	736405.03	0.00	0.00	0.00	11.69	16.25	0.00
146	6.00	40.00	1440.00	14400.00	36125.00	736405.03	736405.03	0.00	0.00	0.00	11.43	15.92	0.00
147	6.00	41.00	1440.00	14400.00	36125.00	736405.03	736405.03	0.00	0.00	0.00	11.19	15.72	0.00
148	6.00	42.00	1440.00	14400.00	36125.00	736405.03	736405.03	0.00	0.00	0.00	10.96	15.59	0.00
149	6.00	43.00	1440.00	14400.00	36125.00	736405.03	736405.03	0.00	0.00	0.00	13.79	15.91	0.00
150	6.00	44.00	1440.00	14400.00	36125.00	736405.03	736405.03	0.00	0.00	0.00	13.51	15.92	0.00
151	6.00	45.00	1440.00	14400.00	36125.00	736405.03	736405.03	0.00	0.00	0.00	13.25	15.75	0.00
152	6.00	46.00	1440.00	14400.00	36125.00	736405.03	736405.03	0.00	0.00	0.00	12.99	15.51	0.00
153	6.00	47.00	1440.00	14400.00	36125.00	736405.03	736405.03	0.00	0.00	0.00	12.75	15.68	0.00
154	6.00	48.00	1440.00	14400.00	36125.00	736405.03	736405.03	0.00	0.00	0.00	15.02	16.51	0.00
155	6.00	49.00	1440.00	14400.00	36125.00	736405.03	736405.03	0.00	0.00	0.00	14.74	16.47	0.00
156	6.00	50.00	1440.00	14400.00	36125.00	736405.03	736405.03	0.00	0.00	0.00	14.48	16.92	0.00
157	6.00	51.00	1440.00	14400.00	36125.00	736405.03	736405.03	0.00	0.00	0.00	18.97	17.04	0.00
158	6.00	52.00	1440.00	14400.00	36125.00	736405.03	736405.03	0.00	0.00	0.00	18.65	17.36	0.00
159	6.00	53.00	1440.00	14400.00	36125.00	736405.03	736405.03	0.00	0.00	0.00	18.33	18.19	0.00
160	6.00	54.00	1440.00	14400.00	36125.00	736405.03	736405.03	0.00	0.00	0.00	18.03	18.43	0.00
161	6.00	55.00	1440.00	14400.00	36125.00	736405.03	736405.03	0.00	0.00	0.00	19.61	19.56	0.00
162	6.00	56.00	1440.00	14400.00	36125.00	736405.03	736405.03	0.00	0.00	0.00	19.29	19.42	0.00
163	6.00	57.00	1440.00	14400.00	36125.00	736405.03	736405.03	0.00	0.00	0.00	18.99	19.58	0.00
164	6.00	58.00	1440.00	14400.00	36125.00	736405.03	736405.03	0.00	0.00	0.00	18.69	19.47	0.00
165	6.00	59.00	1440.00	14400.00	36125.00	736405.03	736405.03	0.00	0.00	0.00	18.40	19.62	0.00
166	6.00	60.00	1440.00	14400.00	36125.00	736405.03	736405.03	0.00	0.00	0.00	18.12	20.09	0.00
167	6.00	61.00	1440.00	14400.00	36125.00	736405.03	736405.03	0.00	0.00	0.00	17.85	20.21	0.00
168	6.00	62.00	1440.00	14400.00	36125.00	736405.03	736405.03	0.00	0.00	0.00	18.43	20.46	0.00
169	6.00	63.00	1440.00	14400.00	36125.00	736405.03	736405.03	0.00	0.00	0.00	18.17	20.63	0.00
170	6.00	64.00	1440.00	14400.00	36125.00	736405.03	736405.03	0.00	0.00	0.00	17.91	21.34	0.00
171	6.00	65.00	1440.00	14400.00	36125.00	736405.03	736405.03	0.00	0.00	0.00	17.65	21.28	0.00
172	6.00	66.00	1440.00	14400.00	36125.00	736405.03	736405.03	0.00	0.00	0.00	17.41	21.82	0.00
173	6.00	67.00	1440.00	14400.00	36125.00	736405.03	736405.03	0.00	0.00	0.00	17.17	21.74	0.00
174	6.00	68.00	1440.00	14400.00	36125.00	736405.03	736405.03	0.00	0.00	0.00	16.94	21.53	0.00
175	6.00	69.00	1440.00	14400.00	36125.00	736405.03	736405.03	0.00	0.00	0.00	16.71	21.62	0.00
176	6.00	70.00	1440.00	14400.00	36125.00	736405.03	736405.03	0.00	0.00	0.00	16.49	21.80	0.00
177	6.00	71.00	1440.00	14400.00	36125.00	736405.03	736405.03	0.00	0.00	0.00	16.28	22.53	0.00
178	6.00	72.00	1440.00	14400.00	36125.00	736405.03	736405.03	0.00	0.00	0.00	16.07	22.29	0.00
179	6.00	73.00	1440.00	14400.00	36125.00	736405.03	736405.03	0.00	0.00	0.00	15.87	22.08	0.00
180	6.00	74.00	1440.00	14400.00	36125.00	736405.03	736405.03	0.00	0.00	0.00	15.67	21.83	0.00
181	6.00	25.00	1440.00	14400.00	36125.00	736405.03	736405.03	0.00	0.00	0.00	0.00	8.77	0.00
182	6.00	26.00	1440.00	14400.00	36125.00	736405.03	736405.03	0.00	0.00	0.00	0.00	10.11	0.00
183	6.00	27.00	1440.00	14400.00	36125.00	736405.03	736405.03	0.00	0.00	0.00	0.00	10.61	0.00
184	6.00	28.00	1440.00	14400.00	36125.00	736405.03	736405.03	0.00	0.00	0.00	0.00	10.78	0.00
185	6.00	29.00	1440.00	14400.00	36125.00	736405.03	736405.03	0.00	0.00	0.00	0.00	10.94	0.00
186	6.00	30.00	1440.00	14400.00	36125.00	736405.03	736405.03	0.00	0.00	0.00	0.00	10.81	0.00
187	6.00	31.00	1440.00	14400.00	36125.00	736405.03	736405.03	0.00	0.00	0.00	0.00	12.47	0.00
188	6.00	32.00	1440.00	14400.00	36125.00	736405.03	736405.03	0.00	0.00	0.00	0.00	12.19	0.00
189	6.00	33.00	1440.00	14400.00	36125.00	736405.03	736405.03	0.00	0.00	0.00	0.00	12.43	0.00
190	6.00	34.00	1440.00	14400.00	36125.00	736405.03	736405.03	0.00	0.00	0.00	0.00	12.32	0.00
191	6.00	35.00	1440.00	14400.00	36125.00	736405.03	736405.03	0.00	0.00	0.00	0.00	12.12	0.00
192	6.00	36.00	1440.00	14400.00	36125.00	736405.03	736405.03	0.00	0.00	0.00	0.00	12.52	0.00
193	6.00	37.00	1440.00	14400.00	36125.00	736405.03	736405.03	0.00	0.00	0.00	0.00	12.32	0.00
194	6.00	38.00	1440.00	14400.00	36125.00	736405.03	736405.03	0.00	0.00	0.00	0.00	12.71	0.00
195	6.00	39.00	1440.00	14400.00	36125.00	736405.03	736405.03	0.00	0.00	0.00	0.00	13.72	0.00
196	6.00	40.00	1440.00	14400.00	36125.00	736405.03	736405.03	0.00	0.00	0.00	0.00	13.53	0.00
197	6.00	41.00	1440.00	14400.00	36125.00	736405.03	736405.03	0.00	0.00	0.00	0.00	14.04	0.00
198	6.00	42.00	1440.00	14400.00	36125.00	736405.03	736405.03	0.00	0.00	0.00	0.00	13.78	0.00
199	6.00	43.00	1440.00	14400.00	36125.00	736405.03	736405.03	0.00	0.00	0.00	0.00	14.15	0.00
200	6.00	44.00	1440.00	14400.00	36125.00	736405.03	736405.03	0.00	0.00	0.00	0.00	14.26	0.00
201	6.00	45.00	1728.00	17280.00	30706.25	736405.03	736405.03	0.00	0.00	0.00	0.00	15.15	0.00
202	6.00	46.00	1728.00	17280.00	30706.25	736405.03	736405.03	0.00	0.00	0.00	2.88	15.57	0.00
203	6.00	47.00	1728.00	17280.00	30706.25	736405.03	736405.03	0.00	0.00	0.00	2.83	15.43	0.00
204	6.00	48.00	1728.00	17280.00	30706.25	736405.03	736405.03	0.00	0.00	0.00	2.77	18.34	0.00
205	6.00	49.00	1728.00	17280.00	30706.25	736405.03	736405.03	0.00	0.00	0.00	2.72	18.97	0.00
206	6.00	50.00	1728.00	17280.00	30706.25	736405.03	736405.03	0.00	0.00	0.00	2.67	18.94	0.00
207	6.00	51.00	1728.00	17280.00	30706.25	736405.03	736405.03	0.00	0.00	0.00	2.63	19.13	0.00
208	6.00	52.00	1728.00	17280.00	30706.25	736405.03	736405.03	0.00	0.00	0.00	2.58	19.13	0.00
209	6.00	53.00	1728.00	17280.00	30706.25	736405.03	736405.03	0.00	0.00	0.00	2.54	20.11	0.00
210	6.00	54.00	1728.00	17280.00	30706.25	736405.03	736405.03	0.00	0.00	0.00	2.50	20.04	0.00
211	6.00	55.00	1728.00	17280.00	30706.25	736405.03	736405.03	0.00	0.00	0.00	2.46	20.24	0.00
212	6.00	56.00	1728.00	17280.00	30706.25	736405.03	736405.03	0.00	0.00	0.00	2.42	20.68	0.00
213	6.00	57.00	1728.00	17280.00	30706.25	736405.03	736405.03	0.00	0.00	0.00	2.38	20.52	0.00
214	6.00	58.00	1728.00	17280.00	30706.25	736405.03	736405.03	0.00	0.00	0.00	2.34	20.21	0.00
215	6.00	59.00	1728.00	17280.00	30706.25	736405.03	736405.03	0.00	0.00	0.00	2.30	20.31	0.00
216	6.00	60.00	1728.00	17280.00	30706.25	736405.03	736405.03	0.00	0.00	0.00	2.27	20.17	0.00
217	6.00	61.00	1728.00	17280.00	30706.25	736405.03	736405.03	0.00	0.00	0.00	2.24	20.19	0.00
218	6.00	62.00	1728.00	17280.00	30706.25	736405.03	736405.03	0.00	0.00	0.00	2.20	21.43	0.00
219	6.00	63.00	1728.00	17280.00	30706.25	736405.03	736405.03	0.00	0.00	0.00	2.17	21.29	0.00
220	6.00	64.00	1728.00	17280.00	30706.25	736405.03	736405.03	0.00	0.00	0.00	2.14	21.37	0.00
221	6.00	65.00	1728.00	17280.00	30706.25	736405.03	736405.03	0.00	0.00	0.00	2.11	21.53	0.00
222	6.00	66.00	1728.00	17280.00	30706.25	736405.03	736405.03	0.00	0.00	0.00	2.08	21.32	0.00
223	6.00	67.00	1728.00	17280.00	30706.25	736405.03	736405.03	0.00	0.00	0.00	2.05	21.28	0.00
224	6.00	68.00	1728.00	17280.00	30706.25	736405.03	736405.03	0.00	0.00	0.00	2.02	21.23	0.00
225	6.00	69.00	1728.00	17280.00	30706.25	736405.03	736405.03	0.00	0.00	0.00	2.00	21.19	0.00
226	7.00	69.00	1728.00	17280.00	30706.25	736405.03	736405.03	0.00	0.00	0.00	1.97	20.91	0.00
227	7.00	70.00	1728.00	17280.00	30706.25	736405.03	736405.03	0.00	0.00	0.00	1.95	20.88	0.00
228	7.00	71.00	1728.00	17280.00	30706.25	736405.03	736405.03	0.00	0.00	0.00	1.92	20.98	0.00
229	7.00	72.00	1728.00	17280.00	30706.25	736405.03	736405.03	0.00	0.00	0.00	1.90	20.80	0.00
230	7.00	73.00	1728.00	17280.00	30706.25	736405.03	736405.03	0.00	0.00	0.00	1.87	20.70	0.00
231	7.00	74.00	1728.00	17280.00	30706.25	736405.03	736405.03	0.00	0.00	0.00	1.85	20.89	0.00
232	7.00	25.00	1728.00	17280.00	30706.25	736405.03	736405.03	0.00	0.00	0.00	0.00	7.00	0.00
233	7.00	26.00	1728.00	17280.00	30706.25	736405.03	736405.03	0.00	0.00	0.00	0.00	7.18	0.00
234	7.00	27.00	1728.00	17280.00	30706.25	736405.03	736405.03	0.00	0.00	0.00	0.00	7.95	0.00
235	7.00	28.00	1728.00	17280.00	30706.25	736405.03	736405.03	0.00	0.00	0.00	0.00	9.31	0.00
236	7.00	29.00	1728.00	17280.00	30706.25	736405.03	736405.03	0.00	0.00	0.00	0.00	9.22	0.00
237	8.00	29.00	1728.00	17280.00	30706.25	736405.03	736405.03	0.00	0.00	0.00	0.00	8.97	0.00
238	8.00	30.00	1728.00	17280.00	30706.25	736405.03	736405.03	0.00	0.00	0.00	0.00	8.79	0.00
239	8.00	31.00	1728.00	17280.00	30706.25	736405.03	736405.03	0.00	0.00	0.00	0.00	10.49	0.00
240	8.00	32.00	1728.00	17280.00	30706.25	736405.03	736405.03	0.00	0.00	0.00	0.00	10.41	0.00
241	8.00	33.00	1728.00	17280.00	30706.25	736405.03	736405.03	0.00	0.00	0.00	0.00	10.86	0.00
242	8.00	34.00	1728.00	17280.00	30706.25	736405.03	736405.03	0.00	0.00	0.00	9.77	11.24	0.00
243	8.00	35.00	1728.00	17280.00	30706.25	736405.03	736405.03	0.00	0.00	0.00	9.55	11.50	0.00
244	8.00	36.00	1728.00	17280.00	30706.25	736405.03	736405.03	0.00	0.00	0.00	9.33	12.14	0.00
245	8.00	37.00	1728.00	17280.00	30706.25	736405.03	736405.03	0.00	0.00	0.00	9.12	12.29	0.00
246	8.00	38.00	1728.00	17280.00	30706.25	736405.03	736405.03	0.00	0.00	0.00	8.92	13.21	0.00
247	8.00	39.00	1728.00	17280.00	30706.25	736405.03	736405.03	0.00	0.00	0.00	8.73	13.98	0.00
248	8.00	40.00	1728.00	17280.00	30706.25	736405.03	736405.03	0.00	0.00	0.00	8.55	21.12	0.00
249	8.00	41.00	1728.00	17280.00	30706.25	736405.03	736405.03	0.00	0.00	0.00	8.38	24.59	0.00
250	8.00	42.00	1728.00	17280.00	30706.25	736405.03	736405.03	0.00	0.00	0.00	8.21	24.69	0.00
251	8.00	43.00	1728.00	17280.00	30706.25	736405.03	736405.03	0.00	0.00	0.00	8.05	25.74	0.00
252	8.00	44.00	1728.00	17280.00	30706.25	736405.03	736405.03	0.00	0.00	0.00	7.89	26.72	0.00
253	8.00	45.00	1728.00	17280.00	30706.25	736405.03	736405.03	0.00	0.00	0.00	7.74	26.35	0.00
254	8.00	46.00	1728.00	17280.00	30706.25	736405.03	736405.03	0.00	0.00	0.00	7.60	26.03	0.00
255	8.00	47.00	1728.00	17280.00	30706.25	736405.03	736405.03	0.00	0.00	0.00	7.46	25.83	0.00
256	8.00	48.00	1728.00	17280.00	30706.25	736405.03	736405.03	0.00	0.00	0.00	7.33	25.72	0.00
257	8.00	49.00	1728.00	17280.00	30706.25	736405.03	736405.03	0.00	0.00	0.00	7.20	25.89	0.00
258	8.00	50.00	1728.00	17280.00	30706.25	736405.03	736405.03	0.00	0.00	0.00	7.08	27.57	0.00
259	8.00	51.00	1728.00	17280.00	30706.25	736405.03	736405.03	0.00	0.00	0.00	6.96	27.16	0.00
260	8.00	52.00	1728.00	17280.00	30706.25	736405.03	736405.03	0.00	0.00	0.00	6.84	26.78	0.00
261	8.00	53.00	1728.00	17280.00	30706.25	736405.03	736405.03	0.00	0.00	0.00	6.73	26.98	0.00
262	8.00	54.00	1728.00	17280.00	30706.25	736405.03	736405.03	0.00	0.00	0.00	6.62	27.22	0.00
263	9.00	54.00	1728.00	17280.00	30706.25	736405.03	736405.03	0.00	0.00	0.00	6.52	26.79	0.00
264	9.00	55.00	1728.00	17280.00	30706.25	736405.03	736405.03	0.00	0.00	0.00	6.41	29.57	0.00
265	9.00	56.00	1728.00	17280.00	30706.25	736405.03	736405.03	0.00	0.00	0.00	6.32	29.50	0.00
266	9.00	57.00	1728.00	17280.00	30706.25	736405.03	736405.03	0.00	0.00	0.00	6.22	29.59	0.00
267	9.00	58.00	1728.00	17280.00	30706.25	736405.03	736405.03	0.00	0.00	0.00	6.13	29.43	0.00
268	9.00	59.00	1728.00	17280.00	30706.25	736405.03	736405.03	0.00	0.00	0.00	6.04	29.24	0.00
269	9.00	60.00	1728.00	17280.00	30706.25	736405.03	736405.03	0.00	0.00	0.00	5.95	31.46	0.00
270	9.00	61.00	1728.00	17280.00	30706.25	736405.03	736405.03	0.00	0.00	0.00	5.86	31.69	0.00
271	9.00	62.00	1728.00	17280.00	30706.25	736405.03	736405.03	0.00	0.00	0.00	5.78	33.36	0.00
272	9.00	63.00	1728.00	17280.00	30706.25	736405.03	736405.03	0.00	0.00	0.00	5.70	34.00	0.00
273	9.00	64.00	1728.00	17280.00	30706.25	736405.03	736405.03	0.00	0.00	0.00	5.62	35.83	0.00
274	9.00	65.00	1728.00	17280.00	30706.25	736405.03	736405.03	0.00	0.00	0.00	7.57	36.29	0.00
275	9.00	66.00	1728.00	17280.00	30706.25	736405.03	736405.03	0.00	0.00	0.00	7.47	37.56	0.00
276	9.00	67.00	1728.00	17280.00	30706.25	736405.03	736405.03	0.00	0.00	0.00	7.37	38.72	0.00
277	10.00	67.00	1728.00	17280.00	30706.25	736405.03	736405.03	0.00	0.00	0.00	7.28	38.21	0.00
278	10.00	68.00	1728.00	17280.00	30706.25	736405.03	736405.03	0.00	0.00	0.00	7.18	38.36	0.00
279	10.00	69.00	1728.00	17280.00	30706.25	736405.03	736405.03	0.00	0.00	0.00	7.09	39.54	0.00
280	10.00	70.00	1728.00	17280.00	30706.25	736405.03	736405.03	0.00	0.00	0.00	7.00	39.36	0.00
281	10.00	71.00	1728.00	17280.00	30706.25	736405.03	736405.03	0.00	0.00	0.00	6.92	39.06	0.00
282	10.00	72.00	1728.00	17280.00	30706.25	736405.03	736405.03	0.00	0.00	0.00	6.83	38.96	0.00
283	10.00	73.00	1728.00	17280.00	30706.25	736405.03	736405.03	0.00	0.00	0.00	6.75	39.14	0.00
284	10.00	74.00	1728.00	17280.00	30706.25	736405.03	736405.03	0.00	0.00	0.00	6.67	39.39	0.00
285	10.00	25.00	1728.00	17280.00	30706.25	736405.03	736405.03	0.00	0.00	0.00	11.73	7.78	0.00
286	10.00	26.00	1728.00	17280.00	30706.25	736405.03	736405.03	0.00	0.00	0.00	11.40	7.91	0.00
287	10.00	27.00	1728.00	17280.00	30706.25	736405.03	736405.03	0.00	0.00	0.00	11.09	8.45	0.00
288	10.00	28.00	1728.00	17280.00	30706.25	736405.03	736405.03	0.00	0.00	0.00	10.80	9.22	0.00
289	10.00	29.00	1728.00	17280.00	30706.25	736405.03	736405.03	0.00	0.00	0.00	10.53	10.90	0.00
290	10.00	30.00	1728.00	17280.00	30706.25	736405.03	736405.03	0.00	0.00	0.00	10.26	11.05	0.00
291	10.00	31.00	1728.00	17280.00	30706.25	736405.03	736405.03	0.00	0.00	0.00	10.01	11.11	0.00
292	10.00	32.00	1728.00	17280.00	30706.25	736405.03	736405.03	0.00	0.00	0.00	9.77	11.16	0.00
293	10.00	33.00	1728.00	17280.00	30706.25	736405.03	736405.03	0.00	0.00	0.00	9.55	11.71	0.00
294	10.00	34.00	1728.00	17280.00	30706.25	736405.03	736405.03	0.00	0.00	0.00	10.63	11.99	0.00
295	10.00	35.00	1728.00	17280.00	30706.25	736405.03	736405.03	0.00	0.00	0.00	10.39	12.15	0.00
296	11.00	35.00	1728.00	17280.00	30706.25	736405.03	736405.03	0.00	0.00	0.00	10.17	11.89	0.00
297	11.00	36.00	1728.00	17280.00	30706.25	736405.03	736405.03	0.00	0.00	0.00	9.95	11.85	0.00
298	11.00	37.00	1728.00	17280.00	30706.25	736405.03	736405.03	0.00	0.00	0.00	9.74	11.65	0.00
299	11.00	38.00	1728.00	17280.00	30706.25	736405.03	736405.03	0.00	0.00	0.00	9.55	11.75	0.00
300	11.00	39.00	1728.00	17280.00	30706.25	736405.03	736405.03	0.00	0.00	0.00	9.36	12.05	0.00
301	11.00	40.00	2073.60	20736.00	26100.31	736405.03	736405.03	0.00	0.00	0.00	9.17	12.29	0.00
302	11.00	41.00	2073.60	20736.00	26100.31	736405.03	736405.03	0.00	0.00	0.00	9.00	12.47	0.00
303	11.00	42.00	2073.60	20736.00	26100.31	736405.03	736405.03	0.00	0.00	0.00	8.83	12.36	0.00
304	11.00	43.00	2073.60	20736.00	26100.31	736405.03	736405.03	0.00	0.00	0.00	8.66	13.43	0.00
305	11.00	44.00	2073.60	20736.00	26100.31	736405.03	736405.03	0.00	0.00	0.00	8.50	13.36	0.00
306	11.00	45.00	2073.60	20736.00	26100.31	736405.03	736405.03	0.00	0.00	0.00	8.35	14.40	0.00
307	11.00	46.00	2073.60	20736.00	26100.31	736405.03	736405.03	0.00	0.00	0.00	12.78	14.60	0.00
308	11.00	47.00	2073.60	20736.00	26100.31	736405.03	736405.03	0.00	0.00	0.00	13.55	14.76	0.00
309	11.00	48.00	2073.60	20736.00	26100.31	736405.03	736405.03	0.00	0.00	0.00	13.32	15.13	0.00
310	11.00	49.00	2073.60	20736.00	26100.31	736405.03	736405.03	0.00	0.00	0.00	13.10	14.93	0.00
311	11.00	50.00	2073.60	20736.00	26100.31	736405.03	736405.03	0.00	0.00	0.00	14.84	15.27	0.00
312	11.00	51.00	2073.60	20736.00	26100.31	736405.03	736405.03	0.00	0.00	0.00	14.60	15.63	0.00
313	11.00	52.00	2073.60	20736.00	26100.31	736405.03	736405.03	0.00	0.00	0.00	14.37	16.27	0.00
314	11.00	53.00	2073.60	20736.00	26100.31	736405.03	736405.03	0.00	0.00	0.00	14.14	21.06	0.00
315	11.00	54.00	2073.60	20736.00	26100.31	736405.03	736405.03	0.00	0.00	0.00	13.93	21.74	0.00
316	11.00	55.00	2073.60	20736.00	26100.31	736405.03	736405.03	0.00	0.00	0.00	13.72	21.97	0.00
317	11.00	56.00	2073.60	20736.00	26100.31	736405.03	736405.03	0.00	0.00	0.00	13.51	22.91	0.00
318	11.00	57.00	2073.60	20736.00	26100.31	736405.03	736405.03	0.00	0.00	0.00	13.31	22.75	0.00
319	12.00	57.00	2073.60	20736.00	26100.31	736405.03	736405.03	0.00	0.00	0.00	13.12	22.42	0.00
320	12.00	58.00	2073.60	20736.00	26100.31	736405.03	736405.03	0.00	0.00	0.00	12.93	23.47	0.00
321	12.00	59.00	2073.60	20736.00	26100.31	736405.03	736405.03	0.00	0.00	0.00	12.75	23.18	0.00
322	12.00	60.00	2073.60	20736.00	26100.31	736405.03	736405.03	0.00	0.00	0.00	12.57	23.46	0.00
323	12.00	61.00	2073.60	20736.00	26100.31	736405.03	736405.03	0.00	0.00	0.00	12.40	23.87	0.00
324	12.00	62.00	2073.60	20736.00	26100.31	736405.03	736405.03	0.00	0.00	0.00	12.23	23.65	0.00
325	12.00	63.00	2073.60	20736.00	26100.31	736405.03	736405.03	0.00	0.00	0.00	12.07	23.94	0.00
326	12.00	64.00	2073.60	20736.00	26100.31	736405.03	736405.03	0.00	0.00	0.00	11.91	25.05	0.00
327	13.00	64.00	2073.60	20736.00	26100.31	736405.03	736405.03	0.00	0.00	0.00	11.76	24.72	0.00
328	13.00	65.00	2073.60	20736.00	26100.31	736405.03	736405.03	0.00	0.00	0.00	11.61	24.67	0.00
329	13.00	66.00	2073.60	20736.00	26100.31	736405.03	736405.03	0.00	0.00	0.00	11.46	24.75	0.00
330	13.00	67.00	2073.60	20736.00	26100.31	736405.03	736405.03	0.00	0.00	0.00	11.32	25.16	0.00
331	13.00	68.00	2073.60	20736.00	26100.31	736405.03	736405.03	0.00	0.00	0.00	11.18	25.07	0.00
332	13.00	69.00	2073.60	20736.00	26100.31	736405.03	736405.03	0.00	0.00	0.00	11.04	24.89	0.00
333	13.00	70.00	2073.60	20736.00	26100.31	736405.03	736405.03	0.00	0.00	0.00	10.91	24.86	0.00
334	13.00	71.00	2073.60	20736.00	26100.31	736405.03	736405.03	0.00	0.00	0.00	10.78	24.67	0.00
335	13.00	72.00	2073.60	20736.00	26100.31	736405.03	736405.03	0.00	0.00	0.00	10.65	25.61	0.00
336	13.00	73.00	2073.60	20736.00	26100.31	736405.03	736405.03	0.00	0.00	0.00	10.53	25.92	0.00
337	13.00	74.00	2073.60	20736.00	26100.31	736405.03	736405.03	0.00	0.00	0.00	10.41	25.87	0.00
338	13.00	25.00	2073.60	20736.00	26100.31	736405.03	736405.03	0.00	0.00	0.00	0.00	4.98	0.00
339	13.00	26.00	2073.60	20736.00	26100.31	736405.03	736405.03	0.00	0.00	0.00	0.00	5.67	0.00
340	13.00	27.00	2073.60	20736.00	26100.31	736405.03	736405.03	0.00	0.00	0.00	0.00	6.17	0.00
341	13.00	28.00	2073.60	20736.00	26100.31	736405.03	736405.03	0.00	0.00	0.00	0.00	6.10	0.00
342	14.00	28.00	2073.60	20736.00	26100.31	736405.03	736405.03	0.00	0.00	0.00	0.00	5.96	0.00
343	14.00	29.00	2073.60	20736.00	26100.31	736405.03	736405.03	0.00	0.00	0.00	0.00	6.84	0.00
344	14.00	30.00	2073.60	20736.00	26100.31	736405.03	736405.03	0.00	0.00	0.00	0.00	7.73	0.00
345	14.00	31.00	2073.60	20736.00	26100.31	736405.03	736405.03	0.00	0.00	0.00	0.00	8.27	0.00
346	14.00	32.00	2073.60	20736.00	26100.31	736405.03	736405.03	0.00	0.00	0.00	0.00	8.60	0.00
347	14.00	33.00	2073.60	20736.00	26100.31	736405.03	736405.03	0.00	0.00	0.00	0.00	8.81	0.00
348	14.00	34.00	2073.60	20736.00	26100.31	736405.03	736405.03	0.00	0.00	0.00	0.00	8.96	0.00
349	14.00	35.00	2073.60	20736.00	26100.31	736405.03	736405.03	0.00	0.00	0.00	0.00	9.21	0.00
350	15.00	35.00	2073.60	20736.00	26100.31	736405.03	736405.03	0.00	0.00	0.00	0.00	9.03	0.00
351	15.00	36.00	2073.60	20736.00	26100.31	736405.03	736405.03	0.00	0.00	0.00	0.00	9.58	0.00
352	15.00	37.00	2073.60	20736.00	26100.31	736405.03	736405.03	0.00	0.00	0.00	0.00	9.42	0.00
353	15.00	38.00	2073.60	20736.00	26100.31	736405.03	736405.03	0.00	0.00	0.00	0.00	10.20	0.00
354	15.00	39.00	2073.60	20736.00	26100.31	736405.03	736405.03	0.00	0.00	0.00	0.00	13.09	0.00
355	15.00	40.00	2073.60	20736.00	26100.31	736405.03	736405.03	0.00	0.00	0.00	1.04	12.88	0.00
356	15.00	41.00	2073.60	20736.00	26100.31	736405.03	736405.03	0.00	0.00	0.00	1.02	13.27	0.00
357	15.00	42.00	2073.60	20736.00	26100.31	736405.03	736405.03	0.00	0.00	0.00	1.00	13.08	0.00
358	15.00	43.00	2073.60	20736.00	26100.31	736405.03	736405.03	0.00	0.00	0.00	0.99	13.63	0.00
359	16.00	43.00	2073.60	20736.00	26100.31	729133.45	729133.45	0.00	0.00	0.00	0.97	13.40	0.00
360	16.00	44.00	2073.60	20736.00	26100.31	729133.45	729133.45	0.00	0.00	0.00	0.95	13.45	0.00
361	16.00	45.00	2073.60	20736.00	26100.31	729133.45	729133.45	0.00	0.00	0.00	0.94	14.21	0.00
362	17.00	45.00	2073.60	20736.00	26100.31	687927.83	687927.83	0.00	0.00	0.00	0.92	13.98	0.00
363	18.00	45.00	2073.60	20736.00	26100.31	687927.83	687927.83	0.00	0.00	0.00	0.91	13.76	0.00
364	18.00	46.00	2073.60	20736.00	26100.31	687927.83	687927.83	0.00	0.00	0.00	3.75	14.02	0.00
365	18.00	47.00	2073.60	20736.00	26100.31	687927.83	687927.83	0.00	0.00	0.00	3.69	13.86	0.00
366	18.00	48.00	2073.60	20736.00	26100.31	687927.83	687927.83	0.00	0.00	0.00	3.64	13.79	0.00
367	18.00	49.00	2073.60	20736.00	26100.31	687927.83	687927.83	0.00	0.00	0.00	3.58	15.81	0.00
368	18.00	50.00	2073.60	20736.00	26100.31	687927.83	687927.83	0.00	0.00	0.00	3.53	16.23	0.00
369	18.00	51.00	2073.60	20736.00	26100.31	687927.83	687927.83	0.00	0.00	0.00	3.48	16.10	0.00
370	18.00	52.00	2073.60	20736.00	26100.31	687927.83	687927.83	0.00	0.00	0.00	3.43	16.18	0.00
371	18.00	53.00	2073.60	20736.00	26100.31	687927.83	687927.83	0.00	0.00	0.00	3.38	16.05	0.00
372	18.00	54.00	2073.60	20736.00	26100.31	687927.83	687927.83	0.00	0.00	0.00	3.33	18.07	0.00
373	18.00	55.00	2073.60	20736.00	26100.31	687927.83	687927.83	0.00	0.00	0.00	3.29	18.74	0.00
374	19.00	55.00	2073.60	20736.00	26100.31	687927.83	687927.83	0.00	0.00	0.00	3.24	18.49	0.00
375	20.00	55.00	2073.60	20736.00	26100.31	687927.83	687927.83	0.00	0.00	0.00	3.20	18.24	0.00
376	20.00	56.00	2073.60	20736.00	26100.31	687927.83	687927.83	0.00	0.00	0.00	5.56	18.41	0.00
377	20.00	57.00	2073.60	20736.00	26100.31	687927.83	687927.83	0.00	0.00	0.00	5.49	18.43	0.00
378	20.00	58.00	2073.60	20736.00	26100.31	687927.83	687927.83	0.00	0.00	0.00	5.42	18.59	0.00
379	20.00	59.00	2073.60	20736.00	26100.31	687927.83	687927.83	0.00	0.00	0.00	5.35	18.71	0.00
380	20.00	60.00	2073.60	20736.00	26100.31	687927.83	687927.83	0.00	0.00	0.00	5.28	18.72	0.00
381	21.00	60.00	2073.60	20736.00	26100.31	687927.83	687927.83	0.00	0.00	0.00	5.22	18.49	0.00
382	21.00	61.00	2073.60	20736.00	26100.31	687927.83	687927.83	0.00	0.00	0.00	5.15	18.34	0.00
383	21.00	62.00	2073.60	20736.00	26100.31	687927.83	687927.83	0.00	0.00	0.00	5.09	18.38	0.00
384	21.00	63.00	2073.60	20736.00	26100.31	687927.83	687927.83	0.00	0.00	0.00	7.21	18.52	0.00
385	21.00	64.00	2073.60	20736.00	26100.31	687927.83	687927.83	0.00	0.00	0.00	7.12	18.46	0.00
386	21.00	65.00	2073.60	20736.00	26100.31	687927.83	687927.83	0.00	0.00	0.00	7.04	18.28	0.00
387	21.00	66.00	2073.60	20736.00	26100.31	687927.83	687927.83	0.00	0.00	0.00	6.96	18.23	0.00
388	21.00	67.00	2073.60	20736.00	26100.31	687927.83	687927.83	0.00	0.00	0.00	6.88	18.15	0.00
389	22.00	67.00	2073.60	20736.00	26100.31	687927.83	687927.83	0.00	0.00	0.00	6.80	17.95	0.00
390	22.00	68.00	2073.60	20736.00	26100.31	687927.83	687927.83	0.00	0.00	0.00	6.73	18.01	0.00
391	22.00	69.00	2073.60	20736.00	26100.31	687927.83	687927.83	0.00	0.00	0.00	6.65	18.30	0.00
392	22.00	70.00	2073.60	20736.00	26100.31	687927.83	687927.83	0.00	0.00	0.00	6.58	18.55	0.00
393	22.00	71.00	2073.60	20736.00	26100.31	687927.83	687927.83	0.00	0.00	0.00	6.51	18.56	0.00
394	22.00	72.00	2073.60	20736.00	26100.31	687927.83	687927.83	0.00	0.00	0.00	6.44	18.77	0.00
395	22.00	73.00	2073.60	20736.00	26100.31	687927.83	687927.83	0.00	0.00	0.00	6.37	18.59	0.00
396	22.00	74.00	2073.60	20736.00	26100.31	687927.83	687927.83	0.00	0.00	0.00	6.31	19.10	0.00
397	22.00	25.00	2073.60	20736.00	26100.31	687927.83	687927.83	0.00	0.00	0.00	0.00	3.48	0.00
398	22.00	26.00	2073.60	20736.00	26100.31	687927.83	687927.83	0.00	0.00	0.00	0.00	4.58	0.00
399	23.00	26.00	2073.60	20736.00	26100.31	687927.83	687927.83	0.00	0.00	0.00	0.00	4.49	0.00
400	23.00	27.00	2073.60	20736.00	26100.31	687927.83	687927.83	0.00	0.00	0.00	0.00	4.57	0.00
401	23.00	28.00	2488.32	24883.20	22185.27	687927.83	687927.83	0.00	0.00	0.00	0.00	4.80	0.00
402	24.00	28.00	2488.32	24883.20	22185.27	687927.83	687927.83	0.00	0.00	0.00	0.00	4.70	0.00
403	24.00	29.00	2488.32	24883.20	22185.27	687927.83	687927.83	0.00	0.00	0.00	0.00	4.63	0.00
404	24.00	30.00	2488.32	24883.20	22185.27	687927.83	687927.83	0.00	0.00	0.00	0.00	5.00	0.00
405	24.00	31.00	2488.32	24883.20	22185.27	687927.83	687927.83	0.00	0.00	0.00	0.00	5.39	0.00
406	25.00	31.00	2488.32	24883.20	22185.27	687927.83	687927.83	0.00	0.00	0.00	0.00	5.30	0.00
407	25.00	32.00	2488.32	24883.20	22185.27	687927.83	687927.83	0.00	0.00	0.00	0.00	5.25	0.00
408	25.00	33.00	2488.32	24883.20	22185.27	687927.83	687927.83	0.00	0.00	0.00	0.00	5.65	0.00
409	25.00	34.00	2488.32	24883.20	22185.27	687927.83	687927.83	0.00	0.00	0.00	0.00	5.66	0.00
410	25.00	35.00	2488.32	24883.20	22185.27	687927.83	687927.83	0.00	0.00	0.00	0.00	5.58	0.00
411	26.00	35.00	2488.32	24883.20	22185.27	687927.83	687927.83	0.00	0.00	0.00	0.00	5.49	0.00
412	26.00	36.00	2488.32	24883.20	22185.27	687927.83	687927.83	0.00	0.00	0.00	0.00	6.09	0.00
413	27.00	36.00	2488.32	24883.20	22185.27	687927.83	687927.83	0.00	0.00	0.00	0.00	6.00	0.00
414	27.00	37.00	2488.32	24883.20	22185.27	687927.83	687927.83	0.00	0.00	0.00	0.00	6.06	0.00
415	27.00	38.00	2488.32	24883.20	22185.27	687927.83	687927.83	0.00	0.00	0.00	0.00	6.01	0.00
416	27.00	39.00	2488.32	24883.20	22185.27	687927.83	687927.83	0.00	0.00	0.00	0.00	6.14	0.00
417	28.00	39.00	2488.32	24883.20	22185.27	687927.83	687927.83	0.00	0.00	0.00	0.00	6.05	0.00
418	28.00	40.00	2488.32	24883.20	22185.27	687927.83	687927.83	0.00	0.00	0.00	0.00	7.10	0.00
419	28.00	41.00	2488.32	24883.20	22185.27	687927.83	687927.83	0.00	0.00	0.00	0.00	7.17	0.00
420	28.00	42.00	2488.32	24883.20	22185.27	687927.83	687927.83	0.00	0.00	0.00	0.00	7.32	0.00
421	28.00	43.00	2488.32	24883.20	22185.27	687927.83	687927.83	0.00	0.00	0.00	0.00	7.58	0.00
422	28.00	44.00	2488.32	24883.20	22185.27	687927.83	687927.83	0.00	0.00	0.00	0.00	8.03	0.00
423	28.00	45.00	2488.32	24883.20	22185.27	687927.83	687927.83	0.00	0.00	0.00	0.00	8.46	0.00
424	29.00	45.00	2488.32	24883.20	22185.27	687927.83	687927.83	0.00	0.00	0.00	0.00	8.35	0.00
425	29.00	46.00	2488.32	24883.20	22185.27	687927.83	687927.83	0.00	0.00	0.00	0.00	8.44	0.00
426	29.00	47.00	2488.32	24883.20	22185.27	687927.83	687927.83	0.00	0.00	0.00	0.00	10.32	0.00
427	29.00	48.00	2488.32	24883.20	22185.27	687927.83	687927.83	0.00	0.00	0.00	0.00	10.41	0.00
428	29.00	49.00	2488.32	24883.20	22185.27	687927.83	687927.83	0.00	0.00	0.00	0.00	10.66	0.00
429	29.00	50.00	2488.32	24883.20	22185.27	687927.83	687927.83	0.00	0.00	0.00	0.00	10.69	0.00
430	29.00	51.00	2488.32	24883.20	22185.27	687927.83	687927.83	0.00	0.00	0.00	0.00	11.17	0.00
431	29.00	52.00	2488.32	24883.20	22185.27	687927.83	687927.83	0.00	0.00	0.00	0.00	11.18	0.00
432	30.00	52.00	2488.32	24883.20	22185.27	687927.83	687927.83	0.00	0.00	0.00	0.00	11.04	0.00
433	30.00	53.00	2488.32	24883.20	22185.27	687927.83	687927.83	0.00	0.00	0.00	0.00	11.17	0.00
434	30.00	54.00	2488.32	24883.20	22185.27	687927.83	687927.83	0.00	0.00	0.00	0.00	11.29	0.00
435	30.00	55.00	2488.32	24883.20	22185.27	687927.83	687927.83	0.00	0.00	0.00	0.67	11.44	0.00
436	30.00	56.00	2488.32	24883.20	22185.27	687927.83	687927.83	0.00	0.00	0.00	0.67	11.71	0.00
437	30.00	57.00	2488.32	24883.20	22185.27	687927.83	687927.83	0.00	0.00	0.00	0.66	11.67	0.00
438	30.00	58.00	2488.32	24883.20	22185.27	687927.83	687927.83	0.00	0.00	0.00	0.65	11.57	0.00
439	30.00	59.00	2488.32	24883.20	22185.27	687927.83	687927.83	0.00	0.00	0.00	0.64	11.64	0.00
440	31.00	59.00	2488.32	24883.20	22185.27	687927.83	687927.83	0.00	0.00	0.00	0.64	11.51	0.00
441	31.00	60.00	2488.32	24883.20	22185.27	687927.83	687927.83	0.00	0.00	0.00	0.63	11.51	0.00
442	32.00	60.00	2488.32	24883.20	22185.27	687927.83	687927.83	0.00	0.00	0.00	0.62	11.39	0.00
443	32.00	61.00	2488.32	24883.20	22185.27	687927.83	687927.83	0.00	0.00	0.00	0.62	11.51	0.00
444	33.00	61.00	2488.32	24883.20	22185.27	687927.83	687927.83	0.00	0.00	0.00	0.61	11.39	0.00
445	33.00	62.00	2488.32	24883.20	22185.27	687927.83	687927.83	0.00	0.00	0.00	0.60	11.37	0.00
446	33.00	63.00	2488.32	24883.20	22185.27	687927.83	687927.83	0.00	0.00	0.00	0.60	11.26	0.00
447	34.00	63.00	2488.32	24883.20	22185.27	687927.83	687927.83	0.00	0.00	0.00	0.59	11.14	0.00
448	34.00	64.00	2488.32	24883.20	22185.27	687927.83	687927.83	0.00	0.00	0.00	0.58	11.04	0.00
449	34.00	65.00	2488.32	24883.20	22185.27	687927.83	687927.83	0.00	0.00	0.00	0.58	11.07	0.00
450	34.00	66.00	2488.32	24883.20	22185.27	687927.83	687927.83	0.00	0.00	0.00	0.57	11.04	0.00
451	34.00	67.00	2488.32	24883.20	22185.27	687927.83	687927.83	0.00	0.00	0.00	0.57	11.35	0.00
452	34.00	68.00	2488.32	24883.20	22185.27	687927.83	687927.83	0.00	0.00	0.00	0.56	11.49	0.00
453	34.00	69.00	2488.32	24883.20	22185.27	687927.83	687927.83	0.00	0.00	0.00	0.56	11.52	0.00
454	34.00	70.00	2488.32	24883.20	22185.27	687927.83	687927.83	0.00	0.00	0.00	0.55	11.62	0.00
455	34.00	71.00	2488.32	24883.20	22185.27	687927.83	687927.83	0.00	0.00	0.00	0.55	11.60	0.00
456	34.00	72.00	2488.32	24883.20	22185.27	687927.83	687927.83	0.00	0.00	0.00	0.54	11.57	0.00
457	34.00	73.00	2488.32	24883.20	22185.27	687927.83	687927.83	0.00	0.00	0.00	0.54	11.48	0.00
458	34.00	74.00	2488.32	24883.20	22185.27	687927.83	687927.83	0.00	0.00	0.00	0.53	11.39	0.00
459	34.00	25.00	2488.32	24883.20	22185.27	687927.83	687927.83	0.00	0.00	0.00	0.00	1.85	0.00
460	34.00	26.00	2488.32	24883.20	22185.27	687927.83	687927.83	0.00	0.00	0.00	0.00	3.33	0.00
461	34.00	27.00	2488.32	24883.20	22185.27	687927.83	687927.83	0.00	0.00	0.00	0.00	3.29	0.00
462	34.00	28.00	2488.32	24883.20	22185.27	687927.83	687927.83	0.00	0.00	0.00	0.00	3.57	0.00
463	34.00	29.00	2488.32	24883.20	22185.27	687927.83	687927.83	0.00	0.00	0.00	0.00	3.77	0.00
464	34.00	30.00	2488.32	24883.20	22185.27	687927.83	687927.83	0.00	0.00	0.00	0.00	3.97	0.00
465	34.00	31.00	2488.32	24883.20	22185.27	687927.83	687927.83	0.00	0.00	0.00	0.00	3.99	0.00
466	35.00	31.00	2488.32	24883.20	22185.27	687927.83	687927.83	0.00	0.00	0.00	0.00	3.93	0.00
467	35.00	32.00	2488.32	24883.20	22185.27	687927.83	687927.83	0.00	0.00	0.00	0.00	3.89	0.00
468	35.00	33.00	2488.32	24883.20	22185.27	687927.83	687927.83	0.00	0.00	0.00	0.00	4.11	0.00
469	35.00	34.00	2488.32	24883.20	22185.27	687927.83	687927.83	0.00	0.00	0.00	0.00	4.55	0.00
470	36.00	34.00	2488.32	24883.20	22185.27	687927.83	687927.83	0.00	0.00	0.00	0.00	4.48	0.00
471	36.00	35.00	2488.32	24883.20	22185.27	687927.83	687927.83	0.00	0.00	0.00	0.00	4.94	0.00
472	36.00	36.00	2488.32	24883.20	22185.27	687927.83	687927.83	0.00	0.00	0.00	0.00	5.20	0.00
473	36.00	37.00	2488.32	24883.20	22185.27	687927.83	687927.83	0.00	0.00	0.00	0.00	5.36	0.00
474	37.00	37.00	2488.32	24883.20	22185.27	687927.83	687927.83	0.00	0.00	0.00	0.00	5.29	0.00
475	37.00	38.00	2488.32	24883.20	22185.27	687927.83	687927.83	0.00	0.00	0.00	0.00	5.70	0.00
476	37.00	39.00	2488.32	24883.20	22185.27	687927.83	687927.83	0.00	0.00	0.00	0.00	5.92	0.00
477	37.00	40.00	2488.32	24883.20	22185.27	687927.83	687927.83	0.00	0.00	0.00	0.00	6.00	0.00
478	38.00	40.00	2488.32	24883.20	22185.27	687927.83	687927.83	0.00	0.00	0.00	0.00	5.92	0.00
479	38.00	41.00	2488.32	24883.20	22185.27	687927.83	687927.83	0.00	0.00	0.00	0.00	6.25	0.00
480	39.00	41.00	2488.32	24883.20	22185.27	687927.83	687927.83	0.00	0.00	0.00	0.00	6.17	0.00
481	39.00	42.00	2488.32	24883.20	22185.27	687927.83	687927.83	0.00	0.00	0.00	0.00	6.21	0.00
482	39.00	43.00	2488.32	24883.20	22185.27	687927.83	687927.83	0.00	0.00	0.00	0.00	6.17	0.00
483	39.00	44.00	2488.32	24883.20	22185.27	687927.83	687927.83	0.00	0.00	0.00	0.00	6.26	0.00
484	39.00	45.00	2488.32	24883.20	22185.27	687927.83	687927.83	0.00	0.00	0.00	0.00	6.70	0.00
485	40.00	45.00	2488.32	24883.20	22185.27	651569.93	651569.93	0.00	0.00	0.00	0.00	6.63	0.00
486	40.00	46.00	2488.32	24883.20	22185.27	651569.93	651569.93	0.00	0.00	0.00	0.00	6.64	0.00
487	41.00	46.00	2488.32	24883.20	22185.27	651569.93	651569.93	0.00	0.00	0.00	0.00	6.56	0.00
488	42.00	46.00	2488.32	24883.20	22185.27	651569.93	651569.93	0.00	0.00	0.00	0.00	6.49	0.00
489	43.00	46.00	2488.32	24883.20	22185.27	651569.93	651569.93	0.00	0.00	0.00	0.00	6.42	0.00
490	44.00	46.00	2488.32	24883.20	22185.27	651569.93	651569.93	0.00	0.00	0.00	0.00	6.35	0.00
491	45.00	46.00	2488.32	24883.20	22185.27	651569.93	651569.93	0.00	0.00	0.00	0.00	6.28	0.00
492	45.00	47.00	2488.32	24883.20	22185.27	651569.93	651569.93	0.00	0.00	0.00	0.00	6.51	0.00
493	45.00	48.00	2488.32	24883.20	22185.27	651569.93	651569.93	0.00	0.00	0.00	0.00	6.63	0.00
494	45.00	49.00	2488.32	24883.20	22185.27	651569.93	651569.93	0.00	0.00	0.00	0.00	6.57	0.00
495	45.00	50.00	2488.32	24883.20	22185.27	651569.93	651569.93	0.00	0.00	0.00	0.00	6.58	0.00
496	45.00	51.00	2488.32	24883.20	22185.27	651569.93	651569.93	0.00	0.00	0.00	0.00	6.76	0.00
497	46.00	51.00	2488.32	24883.20	22185.27	651569.93	651569.93	0.00	0.00	0.00	0.00	6.70	0.00
498	46.00	52.00	2488.32	24883.20	22185.27	651569.93	651569.93	0.00	0.00	0.00	0.00	6.64	0.00
499	47.00	52.00	2488.32	24883.20	22185.27	651569.93	651569.93	0.00	0.00	0.00	0.00	6.57	0.00
500	48.00	52.00	2488.32	24883.20	22185.27	651569.93	651569.93	0.00	0.00	0.00	0.00	6.50	0.00
501	48.00	53.00	2985.98	29859.84	18857.48	651569.93	651569.93	0.00	0.00	0.00	0.00	6.79	0.00
502	49.00	53.00	2985.98	29859.84	18857.48	651569.93	651569.93	0.00	0.00	0.00	0.00	6.73	0.00
503	49.00	54.00	2985.98	29859.84	18857.48	651569.93	651569.93	0.00	0.00	0.00	0.00	6.74	0.00
504	49.00	55.00	2985.98	29859.84	18857.48	651569.93	651569.93	0.00	0.00	0.00	0.00	6.86	0.00
505	49.00	56.00	2985.98	29859.84	18857.48	651569.93	651569.93	0.00	0.00	0.00	0.00	7.25	0.00
506	49.00	57.00	2985.98	29859.84	18857.48	651569.93	651569.93	0.00	0.00	0.00	0.00	7.19	0.00
507	49.00	58.00	2985.98	29859.84	18857.48	651569.93	651569.93	0.00	0.00	0.00	0.00	7.32	0.00
508	49.00	59.00	2985.98	29859.84	18857.48	651569.93	651569.93	0.00	0.00	0.00	0.00	7.61	0.00
509	49.00	60.00	2985.98	29859.84	18857.48	651569.93	651569.93	0.00	0.00	0.00	0.00	7.58	0.00
510	49.00	61.00	2985.98	29859.84	18857.48	651569.93	651569.93	0.00	0.00	0.00	0.00	7.52	0.00
511	50.00	61.00	2985.98	29859.84	18857.48	651569.93	651569.93	0.00	0.00	0.00	0.00	7.46	0.00
512	50.00	62.00	2985.98	29859.84	18857.48	651569.93	651569.93	0.00	0.00	0.00	0.00	7.56	0.00
513	50.00	63.00	2985.98	29859.84	18857.48	651569.93	651569.93	0.00	0.00	0.00	0.00	7.50	0.00
514	50.00	64.00	2985.98	29859.84	18857.48	651569.93	651569.93	0.00	0.00	0.00	0.00	7.46	0.00
515	50.00	65.00	2985.98	29859.84	18857.48	651569.93	651569.93	0.00	0.00	0.00	0.00	7.41	0.00
516	50.00	66.00	2985.98	29859.84	18857.48	651569.93	651569.93	0.00	0.00	0.00	0.00	7.41	0.00
517	50.00	67.00	2985.98	29859.84	18857.48	651569.93	651569.93	0.00	0.00	0.00	0.00	7.44	0.00
518	50.00	68.00	2985.98	29859.84	18857.48	651569.93	651569.93	0.00	0.00	0.00	0.00	8.50	0.00
519	50.00	69.00	2985.98	29859.84	18857.48	651569.93	651569.93	0.00	0.00	0.00	0.00	8.57	0.00
520	50.00	70.00	2985.98	29859.84	18857.48	651569.93	651569.93	0.00	0.00	0.00	0.00	8.62	0.00
521	50.00	71.00	2985.98	29859.84	18857.48	651569.93	651569.93	0.00	0.00	0.00	0.00	8.64	0.00
522	51.00	71.00	2985.98	29859.84	18857.48	651569.93	651569.93	0.00	0.00	0.00	0.00	8.57	0.00
523	51.00	72.00	2985.98	29859.84	18857.48	651569.93	651569.93	0.00	0.00	0.00	0.00	8.63	0.00
524	51.00	73.00	2985.98	29859.84	18857.48	651569.93	651569.93	0.00	0.00	0.00	0.00	8.57	0.00
525	51.00	74.00	2985.98	29859.84	18857.48	651569.93	651569.93	0.00	0.00	0.00	0.00	8.68	0.00
526	51.00	25.00	2985.98	29859.84	18857.48	651569.93	651569.93	0.00	0.00	0.00	0.00	1.67	0.00
527	52.00	25.00	2985.98	29859.84	18857.48	651569.93	651569.93	0.00	0.00	0.00	0.00	1.65	0.00
528	52.00	26.00	2985.98	29859.84	18857.48	651569.93	651569.93	0.00	0.00	0.00	0.00	2.30	0.00
529	52.00	27.00	2985.98	29859.84	18857.48	651569.93	651569.93	0.00	0.00	0.00	0.00	2.37	0.00
530	53.00	27.00	2985.98	29859.84	18857.48	651569.93	651569.93	0.00	0.00	0.00	0.00	2.34	0.00
531	54.00	27.00	2985.98	29859.84	18857.48	651569.93	651569.93	0.00	0.00	0.00	0.00	2.31	0.00
532	54.00	28.00	2985.98	29859.84	18857.48	651569.93	651569.93	0.00	0.00	0.00	0.00	2.93	0.00
533	54.00	29.00	2985.98	29859.84	18857.48	651569.93	651569.93	0.00	0.00	0.00	0.00	3.44	0.00
534	54.00	30.00	2985.98	29859.84	18857.48	651569.93	651569.93	0.00	0.00	0.00	0.00	3.68	0.00
535	54.00	31.00	2985.98	29859.84	18857.48	651569.93	651569.93	0.00	0.00	0.00	0.00	3.64	0.00
536	54.00	32.00	2985.98	29859.84	18857.48	651569.93	651569.93	0.00	0.00	0.00	0.00	3.66	0.00
537	55.00	32.00	2985.98	29859.84	18857.48	651569.93	651569.93	0.00	0.00	0.00	0.00	3.62	0.00
538	56.00	32.00	2985.98	29859.84	18857.48	651569.93	651569.93	0.00	0.00	0.00	0.00	3.58	0.00
539	57.00	32.00	2985.98	29859.84	18857.48	651569.93	651569.93	0.00	0.00	0.00	0.00	3.54	0.00
540	57.00	33.00	2985.98	29859.84	18857.48	651569.93	651569.93	0.00	0.00	0.00	0.00	4.21	0.00
541	58.00	33.00	2985.98	29859.84	18857.48	651569.93	651569.93	0.00	0.00	0.00	0.00	4.16	0.00
542	59.00	33.00	2985.98	29859.84	18857.48	651569.93	651569.93	0.00	0.00	0.00	0.00	4.12	0.00
543	59.00	34.00	2985.98	29859.84	18857.48	651569.93	651569.93	0.00	0.00	0.00	0.00	4.12	0.00
544	59.00	35.00	2985.98	29859.84	18857.48	651569.93	651569.93	0.00	0.00	0.00	0.00	4.12	0.00
545	59.00	36.00	2985.98	29859.84	18857.48	651569.93	651569.93	0.00	0.00	0.00	0.00	4.13	0.00
546	59.00	37.00	2985.98	29859.84	18857.48	651569.93	651569.93	0.00	0.00	0.00	0.00	4.45	0.00
547	59.00	38.00	2985.98	29859.84	18857.48	651569.93	651569.93	0.00	0.00	0.00	0.00	4.43	0.00
548	60.00	38.00	2985.98	29859.84	18857.48	651569.93	651569.93	0.00	0.00	0.00	0.00	4.38	0.00
549	61.00	38.00	2985.98	29859.84	18857.48	651569.93	651569.93	0.00	0.00	0.00	0.00	4.34	0.00
550	62.00	38.00	2985.98	29859.84	18857.48	651569.93	651569.93	0.00	0.00	0.00	0.00	4.30	0.00
551	62.00	39.00	2985.98	29859.84	18857.48	651569.93	651569.93	0.00	0.00	0.00	0.00	4.68	0.00
552	62.00	40.00	2985.98	29859.84	18857.48	651569.93	651569.93	0.00	0.00	0.00	0.00	6.02	0.00
553	62.00	41.00	2985.98	29859.84	18857.48	651569.93	651569.93	0.00	0.00	0.00	0.00	6.14	0.00
554	62.00	42.00	2985.98	29859.84	18857.48	651569.93	651569.93	0.00	0.00	0.00	0.00	6.31	0.00
555	62.00	43.00	2985.98	29859.84	18857.48	651569.93	651569.93	0.00	0.00	0.00	0.00	6.62	0.00
556	62.00	44.00	2985.98	29859.84	18857.48	651569.93	651569.93	0.00	0.00	0.00	0.00	6.70	0.00
557	62.00	45.00	2985.98	29859.84	18857.48	651569.93	651569.93	0.00	0.00	0.00	0.00	6.83	0.00
558	63.00	45.00	2985.98	29859.84	18857.48	651569.93	651569.93	0.00	0.00	0.00	0.00	6.76	0.00
559	63.00	46.00	2985.98	29859.84	18857.48	651569.93	651569.93	0.00	0.00	0.00	0.00	6.72	0.00
560	63.00	47.00	2985.98	29859.84	18857.48	651569.93	651569.93	0.00	0.00	0.00	0.00	6.68	0.00
561	64.00	47.00	2985.98	29859.84	18857.48	651569.93	651569.93	0.00	0.00	0.00	0.00	6.62	0.00
562	65.00	47.00	2985.98	29859.84	18857.48	651569.93	651569.93	0.00	0.00	0.00	0.00	6.56	0.00
563	66.00	47.00	2985.98	29859.84	18857.48	651569.93	651569.93	0.00	0.00	0.00	0.00	6.50	0.00
564	67.00	47.00	2985.98	29859.84	18857.48	651569.93	651569.93	0.00	0.00	0.00	0.00	6.45	0.00
565	67.00	48.00	2985.98	29859.84	18857.48	651569.93	651569.93	0.00	0.00	0.00	0.00	6.50	0.00
566	67.00	49.00	2985.98	29859.84	18857.48	651569.93	651569.93	0.00	0.00	0.00	0.00	6.65	0.00
567	67.00	50.00	2985.98	29859.84	18857.48	651569.93	651569.93	0.00	0.00	0.00	0.00	6.61	0.00
568	67.00	51.00	2985.98	29859.84	18857.48	651569.93	651569.93	0.00	0.00	0.00	0.00	6.94	0.00
569	67.00	52.00	2985.98	29859.84	18857.48	651569.93	651569.93	0.00	0.00	0.00	0.00	7.07	0.00
570	67.00	53.00	2985.98	29859.84	18857.48	651569.93	651569.93	0.00	0.00	0.00	0.00	7.23	0.00
571	67.00	54.00	2985.98	29859.84	18857.48	651569.93	651569.93	0.00	0.00	0.00	0.00	7.29	0.00
572	68.00	54.00	2985.98	29859.84	18857.48	651569.93	651569.93	0.00	0.00	0.00	0.00	7.23	0.00
573	68.00	55.00	2985.98	29859.84	18857.48	651569.93	651569.93	0.00	0.00	0.00	0.00	7.21	0.00
574	68.00	56.00	2985.98	29859.84	18857.48	651569.93	651569.93	0.00	0.00	0.00	0.00	7.21	0.00
575	68.00	57.00	2985.98	29859.84	18857.48	651569.93	651569.93	0.00	0.00	0.00	0.00	7.16	0.00
576	69.00	57.00	2985.98	29859.84	18857.48	651569.93	651569.93	0.00	0.00	0.00	0.00	7.10	0.00
577	70.00	57.00	2985.98	29859.84	18857.48	651569.93	651569.93	0.00	0.00	0.00	0.00	7.05	0.00
578	71.00	57.00	2985.98	29859.84	18857.48	651569.93	651569.93	0.00	0.00	0.00	0.00	6.99	0.00
579	71.00	58.00	2985.98	29859.84	18857.48	651569.93	651569.93	0.00	0.00	0.00	0.00	7.09	0.00
580	71.00	59.00	2985.98	29859.84	18857.48	651569.93	651569.93	0.00	0.00	0.00	0.00	7.19	0.00
581	72.00	59.00	2985.98	29859.84	18857.48	651569.93	651569.93	0.00	0.00	0.00	0.00	7.14	0.00
582	72.00	60.00	2985.98	29859.84	18857.48	651569.93	651569.93	0.00	0.00	0.00	0.00	7.25	0.00
583	73.00	60.00	2985.98	29859.84	18857.48	651569.93	651569.93	0.00	0.00	0.00	0.00	7.19	0.00
584	74.00	60.00	2985.98	29859.84	18857.48	651569.93	651569.93	0.00	0.00	0.00	0.00	7.14	0.00
585	74.00	61.00	2985.98	29859.84	18857.48	651569.93	651569.93	0.00	0.00	0.00	0.00	7.10	0.00
586	74.00	62.00	2985.98	29859.84	18857.48	651569.93	651569.93	0.00	0.00	0.00	0.00	7.36	0.00
587	25.00	62.00	2985.98	29859.84	18857.48	651569.93	651569.93	0.00	0.00	0.00	0.00	11.51	0.00
588	26.00	62.00	2985.98	29859.84	18857.48	651569.93	651569.93	0.00	0.00	0.00	0.00	11.38	0.00
589	26.00	63.00	2985.98	29859.84	18857.48	651569.93	651569.93	0.00	0.00	0.00	0.00	11.44	0.00
590	27.00	63.00	2985.98	29859.84	18857.48	651569.93	651569.93	0.00	0.00	0.00	0.00	11.31	0.00
591	27.00	64.00	2985.98	29859.84	18857.48	651569.93	651569.93	0.00	0.00	0.00	0.00	11.43	0.00
592	27.00	65.00	2985.98	29859.84	18857.48	651569.93	651569.93	0.00	0.00	0.00	0.62	11.63	0.00
593	28.00	65.00	2985.98	29859.84	18857.48	651569.93	651569.93	0.00	0.00	0.00	0.62	11.51	0.00
594	28.00	66.00	2985.98	29859.84	18857.48	651569.93	651569.93	0.00	0.00	0.00	0.61	11.40	0.00
595	28.00	67.00	2985.98	29859.84	18857.48	651569.93	651569.93	0.00	0.00	0.00	0.60	11.75	0.00
596	29.00	67.00	2985.98	29859.84	18857.48	651569.93	651569.93	0.00	0.00	0.00	0.60	11.63	0.00
597	29.00	68.00	2985.98	29859.84	18857.48	651569.93	651569.93	0.00	0.00	0.00	0.59	11.68	0.00
598	29.00	69.00	2985.98	29859.84	18857.48	651569.93	651569.93	0.00	0.00	0.00	0.58	11.62	0.00
599	29.00	70.00	2985.98	29859.84	18857.48	651569.93	651569.93	0.00	0.00	0.00	0.58	11.53	0.00
600	30.00	70.00	2985.98	29859.84	18857.48	651569.93	651569.93	0.00	0.00	0.00	0.57	11.41	0.00
601	30.00	71.00	3583.18	35831.81	16028.85	651569.93	651569.93	0.00	0.00	0.00	0.57	11.57	0.00
602	30.00	72.00	3583.18	35831.81	16028.85	651569.93	651569.93	0.00	0.00	0.00	0.56	11.90	0.00
603	31.00	72.00	3583.18	35831.81	16028.85	651569.93	651569.93	0.00	0.00	0.00	0.56	11.79	0.00
604	31.00	73.00	3583.18	35831.81	16028.85	651569.93	651569.93	0.00	0.00	0.00	0.55	11.76	0.00
605	31.00	74.00	3583.18	35831.81	16028.85	651569.93	651569.93	0.00	0.00	0.00	0.55	11.83	0.00
606	31.00	25.00	3583.18	35831.81	16028.85	651569.93	651569.93	0.00	0.00	0.00	0.00	5.81	0.00
607	32.00	25.00	3583.18	35831.81	16028.85	651569.93	651569.93	0.00	0.00	0.00	0.00	5.71	0.00
608	32.00	26.00	3583.18	35831.81	16028.85	651569.93	651569.93	0.00	0.00	0.00	0.00	5.67	0.00
609	32.00	27.00	3583.18	35831.81	16028.85	651569.93	651569.93	0.00	0.00	0.00	0.00	5.63	0.00
610	32.00	28.00	3583.18	35831.81	16028.85	651569.93	651569.93	0.00	0.00	0.00	0.00	5.63	0.00
611	33.00	28.00	3583.18	35831.81	16028.85	651569.93	651569.93	0.00	0.00	0.00	0.00	5.54	0.00
612	33.00	29.00	3583.18	35831.81	16028.85	651569.93	651569.93	0.00	0.00	0.00	0.00	5.75	0.00
613	33.00	30.00	3583.18	35831.81	16028.85	651569.93	651569.93	0.00	0.00	0.00	0.00	5.78	0.00
614	33.00	31.00	3583.18	35831.81	16028.85	651569.93	651569.93	0.00	0.00	0.00	0.00	5.99	0.00
615	33.00	32.00	3583.18	35831.81	16028.85	651569.93	651569.93	0.00	0.00	0.00	0.00	6.08	0.00
616	33.00	33.00	3583.18	35831.81	16028.85	651569.93	651569.93	0.00	0.00	0.00	0.00	6.56	0.00
617	33.00	34.00	3583.18	35831.81	16028.85	651569.93	651569.93	0.00	0.00	0.00	0.00	6.47	0.00
618	34.00	34.00	3583.18	35831.81	16028.85	651569.93	651569.93	0.00	0.00	0.00	0.00	6.38	0.00
619	34.00	35.00	3583.18	35831.81	16028.85	651569.93	651569.93	0.00	0.00	0.00	0.00	6.58	0.00
620	35.00	35.00	3583.18	35831.81	16028.85	651569.93	651569.93	0.00	0.00	0.00	0.00	6.49	0.00
621	35.00	36.00	3583.18	35831.81	16028.85	651569.93	651569.93	0.00	0.00	0.00	0.00	7.01	0.00
622	36.00	36.00	3583.18	35831.81	16028.85	651569.93	651569.93	0.00	0.00	0.00	0.00	6.91	0.00
623	36.00	37.00	3583.18	35831.81	16028.85	651569.93	651569.93	0.00	0.00	0.00	0.00	6.92	0.00
624	36.00	38.00	3583.18	35831.81	16028.85	651569.93	651569.93	0.00	0.00	0.00	0.00	7.04	0.00
625	37.00	38.00	3583.18	35831.81	16028.85	651569.93	651569.93	0.00	0.00	0.00	0.00	6.95	0.00
626	37.00	39.00	3583.18	35831.81	16028.85	651569.93	651569.93	0.00	0.00	0.00	0.00	9.77	0.00
627	37.00	40.00	3583.18	35831.81	16028.85	651569.93	651569.93	0.00	0.00	0.00	0.00	9.74	0.00
628	37.00	41.00	3583.18	35831.81	16028.85	651569.93	651569.93	0.00	0.00	0.00	0.00	9.77	0.00
629	37.00	42.00	3583.18	35831.81	16028.85	651569.93	651569.93	0.00	0.00	0.00	0.00	9.73	0.00
630	38.00	42.00	3583.18	35831.81	16028.85	651569.93	651569.93	0.00	0.00	0.00	0.00	9.60	0.00
631	38.00	43.00	3583.18	35831.81	16028.85	651569.93	651569.93	0.00	0.00	0.00	0.51	9.98	0.00
632	38.00	44.00	3583.18	35831.81	16028.85	651569.93	651569.93	0.00	0.00	0.00	0.55	9.89	0.00
633	38.00	45.00	3583.18	35831.81	16028.85	651569.93	651569.93	0.00	0.00	0.00	0.55	9.91	0.00
634	38.00	46.00	3583.18	35831.81	16028.85	651569.93	651569.93	0.00	0.00	0.00	0.54	9.93	0.00
635	39.00	46.00	3583.18	35831.81	16028.85	651569.93	651569.93	0.00	0.00	0.00	0.53	9.81	0.00
636	40.00	46.00	3583.18	35831.81	16028.85	651569.93	651569.93	0.00	0.00	0.00	0.53	9.70	0.00
637	40.00	47.00	3583.18	35831.81	16028.85	651569.93	651569.93	0.00	0.00	0.00	0.52	9.61	0.00
638	40.00	48.00	3583.18	35831.81	16028.85	651569.93	651569.93	0.00	0.00	0.00	0.52	9.58	0.00
639	41.00	48.00	3583.18	35831.81	16028.85	651569.93	651569.93	0.00	0.00	0.00	0.51	9.47	0.00
640	42.00	48.00	3583.18	35831.81	16028.85	651569.93	651569.93	0.00	0.00	0.00	0.50	9.37	0.00
641	43.00	48.00	3583.18	35831.81	16028.85	651569.93	651569.93	0.00	0.00	0.00	0.50	9.26	0.00
642	43.00	49.00	3583.18	35831.81	16028.85	651569.93	651569.93	0.00	0.00	0.00	0.49	9.36	0.00
643	43.00	50.00	3583.18	35831.81	16028.85	651569.93	651569.93	0.00	0.00	0.00	0.49	9.52	0.00
644	43.00	51.00	3583.18	35831.81	16028.85	651569.93	651569.93	0.00	0.00	0.00	0.48	9.68	0.00
645	43.00	52.00	3583.18	35831.81	16028.85	651569.93	651569.93	0.00	0.00	0.00	0.48	9.61	0.00
646	43.00	53.00	3583.18	35831.81	16028.85	651569.93	651569.93	0.00	0.00	0.00	0.47	9.55	0.00
647	43.00	54.00	3583.18	35831.81	16028.85	651569.93	651569.93	0.00	0.00	0.00	0.47	9.61	0.00
648	43.00	55.00	3583.18	35831.81	16028.85	651569.93	651569.93	0.00	0.00	0.00	0.46	9.71	0.00
649	43.00	56.00	3583.18	35831.81	16028.85	651569.93	651569.93	0.00	0.00	0.00	0.46	9.73	0.00
650	43.00	57.00	3583.18	35831.81	16028.85	651569.93	651569.93	0.00	0.00	0.00	0.45	9.64	0.00
651	43.00	58.00	3583.18	35831.81	16028.85	651569.93	651569.93	0.00	0.00	0.00	0.45	9.66	0.00
652	43.00	59.00	3583.18	35831.81	16028.85	651569.93	651569.93	0.00	0.00	0.00	0.44	9.71	0.00
653	44.00	59.00	3583.18	35831.81	16028.85	651569.93	651569.93	0.00	0.00	0.00	0.44	9.61	0.00
654	44.00	60.00	3583.18	35831.81	16028.85	651569.93	651569.93	0.00	0.00	0.00	0.44	9.72	0.00
655	44.00	61.00	3583.18	35831.81	16028.85	651569.93	651569.93	0.00	0.00	0.00	0.43	9.83	0.00
656	44.00	62.00	3583.18	35831.81	16028.85	651569.93	651569.93	0.00	0.00	0.00	0.43	9.78	0.00
657	44.00	63.00	3583.18	35831.81	16028.85	651569.93	651569.93	0.00	0.00	0.00	0.42	9.97	0.00
658	44.00	64.00	3583.18	35831.81	16028.85	651569.93	651569.93	0.00	0.00	0.00	0.42	9.97	0.00
659	44.00	65.00	3583.18	35831.81	16028.85	651569.93	651569.93	0.00	0.00	0.00	0.42	9.89	0.00
660	44.00	66.00	3583.18	35831.81	16028.85	651569.93	651569.93	0.00	0.00	0.00	0.41	9.97	0.00
661	45.00	66.00	3583.18	35831.81	16028.85	651569.93	651569.93	0.00	0.00	0.00	0.41	9.88	0.00
662	46.00	66.00	3583.18	35831.81	16028.85	651569.93	651569.93	0.00	0.00	0.00	0.40	9.79	0.00
663	46.00	67.00	3583.18	35831.81	16028.85	651569.93	651569.93	0.00	0.00	0.00	0.40	9.71	0.00
664	46.00	68.00	3583.18	35831.81	16028.85	651569.93	651569.93	0.00	0.00	0.00	0.40	9.75	0.00
665	46.00	69.00	3583.18	35831.81	16028.85	651569.93	651569.93	0.00	0.00	0.00	0.39	9.77	0.00
666	46.00	70.00	3583.18	35831.81	16028.85	651569.93	651569.93	0.00	0.00	0.00	0.39	10.14	0.00
667	46.00	71.00	3583.18	35831.81	16028.85	651569.93	651569.93	0.00	0.00	0.00	0.39	10.06	0.00
668	47.00	71.00	3583.18	35831.81	16028.85	651569.93	651569.93	0.00	0.00	0.00	0.38	9.98	0.00
669	47.00	72.00	3583.18	35831.81	16028.85	651569.93	651569.93	0.00	0.00	0.00	0.38	10.06	0.00
670	47.00	73.00	3583.18	35831.81	16028.85	651569.93	651569.93	0.00	0.00	0.00	0.38	10.19	0.00
671	48.00	73.00	3583.18	35831.81	16028.85	646722.21	646722.21	0.00	0.00	0.00	0.37	10.10	0.00
672	49.00	73.00	3583.18	35831.81	16028.85	646722.21	646722.21	0.00	0.00	0.00	0.37	10.02	0.00
673	50.00	73.00	3583.18	35831.81	16028.85	646722.21	646722.21	0.00	0.00	0.00	0.37	9.94	0.00
674	50.00	74.00	3583.18	35831.81	16028.85	646722.21	646722.21	0.00	0.00	0.00	0.37	9.87	0.00
675	50.00	25.00	3583.18	35831.81	16028.85	646722.21	646722.21	0.00	0.00	0.00	0.00	2.06	0.00
676	50.00	26.00	3583.18	35831.81	16028.85	646722.21	646722.21	0.00	0.00	0.00	0.00	2.35	0.00
677	50.00	27.00	3583.18	35831.81	16028.85	646722.21	646722.21	0.00	0.00	0.00	0.00	2.77	0.00
678	50.00	28.00	3583.18	35831.81	16028.85	646722.21	646722.21	0.00	0.00	0.00	0.00	2.98	0.00
679	50.00	29.00	3583.18	35831.81	16028.85	646722.21	646722.21	0.00	0.00	0.00	0.00	3.40	0.00
680	50.00	30.00	3583.18	35831.81	16028.85	646722.21	646722.21	0.00	0.00	0.00	0.00	3.70	0.00
681	50.00	31.00	3583.18	35831.81	16028.85	646722.21	646722.21	0.00	0.00	0.00	0.00	4.11	0.00
682	50.00	32.00	3583.18	35831.81	16028.85	646722.21	646722.21	0.00	0.00	0.00	0.00	4.07	0.00
683	50.00	33.00	3583.18	35831.81	16028.85	646722.21	646722.21	0.00	0.00	0.00	0.00	4.27	0.00
684	50.00	34.00	3583.18	35831.81	16028.85	646722.21	646722.21	0.00	0.00	0.00	0.00	5.03	0.00
685	51.00	34.00	3583.18	35831.81	16028.85	646722.21	646722.21	0.00	0.00	0.00	0.00	4.97	0.00
686	52.00	34.00	3583.18	35831.81	16028.85	646722.21	646722.21	0.00	0.00	0.00	0.00	4.91	0.00
687	52.00	35.00	3583.18	35831.81	16028.85	646722.21	646722.21	0.00	0.00	0.00	0.00	5.02	0.00
688	53.00	35.00	3583.18	35831.81	16028.85	646722.21	646722.21	0.00	0.00	0.00	0.00	4.96	0.00
689	53.00	36.00	3583.18	35831.81	16028.85	646722.21	646722.21	0.00	0.00	0.00	0.00	5.93	0.00
690	53.00	37.00	3583.18	35831.81	16028.85	646722.21	646722.21	0.00	0.00	0.00	0.00	6.18	0.00
691	53.00	38.00	3583.18	35831.81	16028.85	646722.21	646722.21	0.00	0.00	0.00	0.78	6.18	0.00
692	54.00	38.00	3583.18	35831.81	16028.85	646722.21	646722.21	0.00	0.00	0.00	0.77	6.11	0.00
693	55.00	38.00	3583.18	35831.81	16028.85	646722.21	646722.21	0.00	0.00	0.00	0.76	6.04	0.00
694	55.00	39.00	3583.18	35831.81	16028.85	646722.21	646722.21	0.00	0.00	0.00	0.75	6.04	0.00
695	55.00	40.00	3583.18	35831.81	16028.85	646722.21	646722.21	0.00	0.00	0.00	0.74	6.27	0.00
696	56.00	40.00	3583.18	35831.81	16028.85	646722.21	646722.21	0.00	0.00	0.00	0.74	6.20	0.00
697	56.00	41.00	3583.18	35831.81	16028.85	646722.21	646722.21	0.00	0.00	0.00	1.46	6.39	0.00
698	56.00	42.00	3583.18	35831.81	16028.85	646722.21	646722.21	0.00	0.00	0.00	1.44	6.51	0.00
699	57.00	42.00	3583.18	35831.81	16028.85	646722.21	646722.21	0.00	0.00	0.00	1.43	6.45	0.00
700	57.00	43.00	3583.18	35831.81	16028.85	646722.21	646722.21	0.00	0.00	0.00	1.41	6.57	0.00
701	57.00	44.00	4299.82	42998.17	13624.53	646722.21	646722.21	0.00	0.00	0.00	1.40	6.51	0.00
702	57.00	45.00	4299.82	42998.17	13624.53	646722.21	646722.21	0.00	0.00	0.00	1.39	6.79	0.00
703	58.00	45.00	4299.82	42998.17	13624.53	646722.21	646722.21	0.00	0.00	0.00	1.37	6.73	0.00
704	59.00	45.00	4299.82	42998.17	13624.53	646722.21	646722.21	0.00	0.00	0.00	1.36	6.66	0.00
705	59.00	46.00	4299.82	42998.17	13624.53	646722.21	646722.21	0.00	0.00	0.00	1.35	6.77	0.00
706	59.00	47.00	4299.82	42998.17	13624.53	646722.21	646722.21	0.00	0.00	0.00	1.33	7.31	0.00
707	59.00	48.00	4299.82	42998.17	13624.53	646722.21	646722.21	0.00	0.00	0.00	1.32	7.33	0.00
708	59.00	49.00	4299.82	42998.17	13624.53	646722.21	646722.21	0.00	0.00	0.00	1.31	7.35	0.00
709	60.00	49.00	4299.82	42998.17	13624.53	646722.21	646722.21	0.00	0.00	0.00	1.30	7.28	0.00
710	61.00	49.00	4299.82	42998.17	13624.53	646722.21	646722.21	0.00	0.00	0.00	1.29	7.22	0.00
711	61.00	50.00	4299.82	42998.17	13624.53	646722.21	646722.21	0.00	0.00	0.00	1.27	7.36	0.00
712	61.00	51.00	4299.82	42998.17	13624.53	646722.21	646722.21	0.00	0.00	0.00	1.26	7.32	0.00
713	62.00	51.00	4299.82	42998.17	13624.53	646722.21	646722.21	0.00	0.00	0.00	1.25	7.25	0.00
714	63.00	51.00	4299.82	42998.17	13624.53	646722.21	646722.21	0.00	0.00	0.00	1.24	7.19	0.00
715	64.00	51.00	4299.82	42998.17	13624.53	646722.21	646722.21	0.00	0.00	0.00	1.23	7.13	0.00
716	65.00	51.00	4299.82	42998.17	13624.53	646722.21	646722.21	0.00	0.00	0.00	1.22	7.07	0.00
717	66.00	51.00	4299.82	42998.17	13624.53	646722.21	646722.21	0.00	0.00	0.00	1.21	7.01	0.00
718	66.00	52.00	4299.82	42998.17	13624.53	646722.21	646722.21	0.00	0.00	0.00	1.20	7.16	0.00
719	66.00	53.00	4299.82	42998.17	13624.53	646722.21	646722.21	0.00	0.00	0.00	1.19	7.11	0.00
720	66.00	54.00	4299.82	42998.17	13624.53	646722.21	646722.21	0.00	0.00	0.00	1.18	7.14	0.00
721	66.00	55.00	4299.82	42998.17	13624.53	646722.21	646722.21	0.00	0.00	0.00	1.17	7.08	0.00
722	66.00	56.00	4299.82	42998.17	13624.53	646722.21	646722.21	0.00	0.00	0.00	1.16	7.03	0.00
723	66.00	57.00	4299.82	42998.17	13624.53	646722.21	646722.21	0.00	0.00	0.00	1.15	6.99	0.00
724	67.00	57.00	4299.82	42998.17	13624.53	646722.21	646722.21	0.00	0.00	0.00	1.14	6.93	0.00
725	68.00	57.00	4299.82	42998.17	13624.53	646722.21	646722.21	0.00	0.00	0.00	1.13	6.88	0.00
726	68.00	58.00	4299.82	42998.17	13624.53	646722.21	646722.21	0.00	0.00	0.00	1.12	6.95	0.00
727	68.00	59.00	4299.82	42998.17	13624.53	646722.21	646722.21	0.00	0.00	0.00	1.11	6.92	0.00
728	69.00	59.00	4299.82	42998.17	13624.53	646722.21	646722.21	0.00	0.00	0.00	1.10	6.87	0.00
729	69.00	60.00	4299.82	42998.17	13624.53	646722.21	646722.21	0.00	0.00	0.00	1.10	6.96	0.00
730	70.00	60.00	4299.82	42998.17	13624.53	646722.21	646722.21	0.00	0.00	0.00	1.09	6.90	0.00
731	70.00	61.00	4299.82	42998.17	13624.53	646722.21	646722.21	0.00	0.00	0.00	1.08	7.30	0.00
732	71.00	61.00	4299.82	42998.17	13624.53	646722.21	646722.21	0.00	0.00	0.00	1.07	7.25	0.00
733	72.00	61.00	4299.82	42998.17	13624.53	646722.21	646722.21	0.00	0.00	0.00	1.06	7.19	0.00
734	72.00	62.00	4299.82	42998.17	13624.53	646722.21	646722.21	0.00	0.00	0.00	1.05	7.29	0.00
735	72.00	63.00	4299.82	42998.17	13624.53	646722.21	646722.21	0.00	0.00	0.00	1.05	7.42	0.00
736	72.00	64.00	4299.82	42998.17	13624.53	646722.21	646722.21	0.00	0.00	0.00	1.04	7.56	0.00
737	72.00	65.00	4299.82	42998.17	13624.53	646722.21	646722.21	0.00	0.00	0.00	1.03	7.51	0.00
738	72.00	66.00	4299.82	42998.17	13624.53	646722.21	646722.21	0.00	0.00	0.00	1.02	7.49	0.00
739	73.00	66.00	4299.82	42998.17	13624.53	646722.21	646722.21	0.00	0.00	0.00	1.02	7.44	0.00
740	74.00	66.00	4299.82	42998.17	13624.53	646722.21	646722.21	0.00	0.00	0.00	1.01	7.39	0.00
741	74.00	67.00	4299.82	42998.17	13624.53	646722.21	646722.21	0.00	0.00	0.00	1.00	7.50	0.00
742	25.00	67.00	4299.82	42998.17	13624.53	646722.21	646722.21	0.00	0.00	0.00	1.54	11.50	0.00
743	25.00	68.00	4299.82	42998.17	13624.53	646722.21	646722.21	0.00	0.00	0.00	1.52	11.65	0.00
744	26.00	68.00	4299.82	42998.17	13624.53	646722.21	646722.21	0.00	0.00	0.00	1.50	11.53	0.00
745	26.00	69.00	4299.82	42998.17	13624.53	646722.21	646722.21	0.00	0.00	0.00	1.49	11.43	0.00
746	27.00	69.00	4299.82	42998.17	13624.53	646722.21	646722.21	0.00	0.00	0.00	1.47	11.32	0.00
747	27.00	70.00	4299.82	42998.17	13624.53	646722.21	646722.21	0.00	0.00	0.00	1.46	11.45	0.00
748	27.00	71.00	4299.82	42998.17	13624.53	646722.21	646722.21	0.00	0.00	0.00	1.44	11.84	0.00
749	27.00	72.00	4299.82	42998.17	13624.53	646722.21	646722.21	0.00	0.00	0.00	1.43	11.76	0.00
750	28.00	72.00	4299.82	42998.17	13624.53	646722.21	646722.21	0.00	0.00	0.00	1.41	11.64	0.00
751	28.00	73.00	4299.82	42998.17	13624.53	646722.21	646722.21	0.00	0.00	0.00	1.40	11.88	0.00
752	28.00	74.00	4299.82	42998.17	13624.53	646722.21	646722.21	0.00	0.00	0.00	1.39	11.94	0.00
753	28.00	25.00	4299.82	42998.17	13624.53	646722.21	646722.21	0.00	0.00	0.00	0.00	2.33	0.00
754	28.00	26.00	4299.82	42998.17	13624.53	646722.21	646722.21	0.00	0.00	0.00	0.00	3.40	0.00
755	28.00	27.00	4299.82	42998.17	13624.53	646722.21	646722.21	0.00	0.00	0.00	0.00	3.42	0.00
756	29.00	27.00	4299.82	42998.17	13624.53	646722.21	646722.21	0.00	0.00	0.00	0.00	3.36	0.00
757	29.00	28.00	4299.82	42998.17	13624.53	646722.21	646722.21	0.00	0.00	0.00	0.00	3.32	0.00
758	30.00	28.00	4299.82	42998.17	13624.53	646722.21	646722.21	0.00	0.00	0.00	0.00	3.26	0.00
759	31.00	28.00	4299.82	42998.17	13624.53	646722.21	646722.21	0.00	0.00	0.00	0.00	3.21	0.00
760	31.00	29.00	4299.82	42998.17	13624.53	646722.21	646722.21	0.00	0.00	0.00	0.00	3.75	0.00
761	32.00	29.00	4299.82	42998.17	13624.53	646722.21	646722.21	0.00	0.00	0.00	0.00	3.69	0.00
762	32.00	30.00	4299.82	42998.17	13624.53	646722.21	646722.21	0.00	0.00	0.00	0.00	7.53	0.00
763	32.00	31.00	4299.82	42998.17	13624.53	646722.21	646722.21	0.00	0.00	0.00	0.00	7.43	0.00
764	32.00	32.00	4299.82	42998.17	13624.53	646722.21	646722.21	0.00	0.00	0.00	0.00	7.46	0.00
765	32.00	33.00	4299.82	42998.17	13624.53	646722.21	646722.21	0.00	0.00	0.00	0.00	7.62	0.00
766	33.00	33.00	4299.82	42998.17	13624.53	646722.21	646722.21	0.00	0.00	0.00	0.00	7.50	0.00
767	33.00	34.00	4299.82	42998.17	13624.53	646722.21	646722.21	0.00	0.00	0.00	0.00	7.48	0.00
768	34.00	34.00	4299.82	42998.17	13624.53	646722.21	646722.21	0.00	0.00	0.00	0.00	7.37	0.00
769	35.00	34.00	4299.82	42998.17	13624.53	646722.21	646722.21	0.00	0.00	0.00	0.00	7.26	0.00
770	35.00	35.00	4299.82	42998.17	13624.53	646722.21	646722.21	0.00	0.00	0.00	0.00	9.84	0.00
771	36.00	35.00	4299.82	42998.17	13624.53	646722.21	646722.21	0.00	0.00	0.00	0.00	9.70	0.00
772	36.00	36.00	4299.82	42998.17	13624.53	646722.21	646722.21	0.00	0.00	0.00	0.00	9.89	0.00
773	36.00	37.00	4299.82	42998.17	13624.53	646722.21	646722.21	0.00	0.00	0.00	0.00	9.77	0.00
774	37.00	37.00	4299.82	42998.17	13624.53	646722.21	646722.21	0.00	0.00	0.00	0.00	9.64	0.00
775	38.00	37.00	4299.82	42998.17	13624.53	646722.21	646722.21	0.00	0.00	0.00	0.00	9.51	0.00
776	39.00	37.00	4299.82	42998.17	13624.53	646722.21	646722.21	0.00	0.00	0.00	0.00	9.39	0.00
777	39.00	38.00	4299.82	42998.17	13624.53	646722.21	646722.21	0.00	0.00	0.00	0.00	9.42	0.00
778	40.00	38.00	4299.82	42998.17	13624.53	646722.21	646722.21	0.00	0.00	0.00	0.00	9.30	0.00
779	41.00	38.00	4299.82	42998.17	13624.53	646722.21	646722.21	0.00	0.00	0.00	0.00	9.19	0.00
780	41.00	39.00	4299.82	42998.17	13624.53	646722.21	646722.21	0.00	0.00	0.00	0.00	9.08	0.00
781	42.00	39.00	4299.82	42998.17	13624.53	646722.21	646722.21	0.00	0.00	0.00	0.00	8.97	0.00
782	42.00	40.00	4299.82	42998.17	13624.53	646722.21	646722.21	0.00	0.00	0.00	0.00	9.02	0.00
783	42.00	41.00	4299.82	42998.17	13624.53	646722.21	646722.21	0.00	0.00	0.00	0.00	9.04	0.00
784	43.00	41.00	4299.82	42998.17	13624.53	646722.21	646722.21	0.00	0.00	0.00	0.00	8.93	0.00
785	43.00	42.00	4299.82	42998.17	13624.53	646722.21	646722.21	0.00	0.00	0.00	0.00	8.84	0.00
786	44.00	42.00	4299.82	42998.17	13624.53	646722.21	646722.21	0.00	0.00	0.00	0.00	8.74	0.00
787	45.00	42.00	4299.82	42998.17	13624.53	646722.21	646722.21	0.00	0.00	0.00	0.00	8.64	0.00
788	45.00	43.00	4299.82	42998.17	13624.53	646722.21	646722.21	0.00	0.00	0.00	0.00	8.55	0.00
789	46.00	43.00	4299.82	42998.17	13624.53	646722.21	646722.21	0.00	0.00	0.00	0.00	8.46	0.00
790	47.00	43.00	4299.82	42998.17	13624.53	646722.21	646722.21	0.00	0.00	0.00	0.00	8.36	0.00
791	47.00	44.00	4299.82	42998.17	13624.53	646722.21	646722.21	0.00	0.00	0.00	0.00	8.62	0.00
792	48.00	44.00	4299.82	42998.17	13624.53	646722.21	646722.21	0.00	0.00	0.00	0.00	8.53	0.00
793	49.00	44.00	4299.82	42998.17	13624.53	646722.21	646722.21	0.00	0.00	0.00	0.00	8.44	0.00
794	49.00	45.00	4299.82	42998.17	13624.53	646722.21	646722.21	0.00	0.00	0.00	0.00	8.60	0.00
795	49.00	46.00	4299.82	42998.17	13624.53	646722.21	646722.21	0.00	0.00	0.00	0.00	9.02	0.00
796	50.00	46.00	4299.82	42998.17	13624.53	646722.21	646722.21	0.00	0.00	0.00	0.00	8.93	0.00
797	50.00	47.00	4299.82	42998.17	13624.53	646722.21	646722.21	0.00	0.00	0.00	0.00	10.00	0.00
798	51.00	47.00	4299.82	42998.17	13624.53	646722.21	646722.21	0.00	0.00	0.00	0.00	9.90	0.00
799	52.00	47.00	4299.82	42998.17	13624.53	646722.21	646722.21	0.00	0.00	0.00	0.00	9.80	0.00
800	52.00	48.00	4299.82	42998.17	13624.53	646722.21	646722.21	0.00	0.00	0.00	0.00	9.94	0.00
801	53.00	48.00	3654.84	51597.80	11580.85	646722.21	646722.21	0.00	0.00	0.00	0.00	9.84	0.00
802	53.00	49.00	3654.84	51597.80	11580.85	646722.21	646722.21	0.00	0.00	0.00	0.00	9.76	0.00
803	53.00	50.00	3654.84	51597.80	11580.85	646722.21	646722.21	0.00	0.00	0.00	0.00	9.72	0.00
804	54.00	50.00	3654.84	51597.80	11580.85	646722.21	646722.21	0.00	0.00	0.00	0.00	9.63	0.00
805	54.00	51.00	3654.84	51597.80	11580.85	646722.21	646722.21	0.00	0.00	0.00	0.00	9.57	0.00
806	54.00	52.00	3654.84	51597.80	11580.85	646722.21	646722.21	0.00	0.00	0.00	0.00	9.48	0.00
807	55.00	52.00	3654.84	51597.80	11580.85	646722.21	646722.21	0.00	0.00	0.00	0.00	9.39	0.00
808	56.00	52.00	3654.84	51597.80	11580.85	646722.21	646722.21	0.00	0.00	0.00	0.00	9.31	0.00
809	57.00	52.00	3654.84	51597.80	11580.85	646722.21	646722.21	0.00	0.00	0.00	0.00	9.22	0.00
810	58.00	52.00	3654.84	51597.80	11580.85	646722.21	646722.21	0.00	0.00	0.00	0.00	9.14	0.00
811	58.00	53.00	3654.84	51597.80	11580.85	646722.21	646722.21	0.00	0.00	0.00	0.00	9.40	0.00
812	59.00	53.00	3654.84	51597.80	11580.85	646722.21	646722.21	0.00	0.00	0.00	0.00	9.32	0.00
813	59.00	54.00	3654.84	51597.80	11580.85	646722.21	646722.21	0.00	0.00	0.00	0.00	9.25	0.00
814	59.00	55.00	3654.84	51597.80	11580.85	646722.21	646722.21	0.00	0.00	0.00	0.00	9.33	0.00
815	60.00	55.00	3654.84	51597.80	11580.85	646722.21	646722.21	0.00	0.00	0.00	0.00	9.25	0.00
816	60.00	56.00	3654.84	51597.80	11580.85	646722.21	646722.21	0.00	0.00	0.00	0.74	9.19	0.00
817	60.00	57.00	3654.84	51597.80	11580.85	646722.21	646722.21	0.00	0.00	0.00	0.73	9.42	0.00
818	61.00	57.00	3654.84	51597.80	11580.85	646722.21	646722.21	0.00	0.00	0.00	0.72	9.34	0.00
819	61.00	58.00	3654.84	51597.80	11580.85	646722.21	646722.21	0.00	0.00	0.00	0.72	9.43	0.00
820	61.00	59.00	3654.84	51597.80	11580.85	646722.21	646722.21	0.00	0.00	0.00	0.71	9.72	0.00
821	62.00	59.00	3654.84	51597.80	11580.85	615212.03	615212.03	0.00	0.00	0.00	0.70	9.64	0.00
