some parameters
Gen.	# feasible solutions	# infeasible solutions	cap. penality	dur. penality	num. penality	best penalized cost	best feasible cost	best cap. violation	best dur. violation	best num. violation	avg cap. violation	avg dur. violation	avg num. violation	Gap from BKS
1	0.00	51.00	850.00	12000.00	42500.00	699113.95	0.00	0.00	8.33	0.00	0.00	22.28	0.00	0.00
2	0.00	52.00	850.00	12000.00	42500.00	699113.95	0.00	0.00	8.33	0.00	0.00	22.23	0.00	0.00
3	0.00	53.00	850.00	12000.00	42500.00	699113.95	0.00	0.00	8.33	0.00	0.00	22.60	0.00	0.00
4	0.00	54.00	850.00	12000.00	42500.00	699113.95	0.00	0.00	8.33	0.00	0.00	22.39	0.00	0.00
5	0.00	55.00	850.00	12000.00	42500.00	699113.95	0.00	0.00	8.33	0.00	0.00	22.34	0.00	0.00
6	0.00	56.00	850.00	12000.00	42500.00	699113.95	0.00	0.00	8.33	0.00	0.00	22.43	0.00	0.00
7	0.00	57.00	850.00	12000.00	42500.00	699113.95	0.00	0.00	8.33	0.00	0.00	22.19	0.00	0.00
8	0.00	58.00	850.00	12000.00	42500.00	699113.95	0.00	0.00	8.33	0.00	0.00	22.28	0.00	0.00
9	0.00	59.00	850.00	12000.00	42500.00	699113.95	0.00	0.00	8.33	0.00	0.00	21.95	0.00	0.00
10	0.00	60.00	850.00	12000.00	42500.00	699113.95	0.00	0.00	8.33	0.00	0.00	21.97	0.00	0.00
11	0.00	61.00	850.00	12000.00	42500.00	699113.95	0.00	0.00	8.33	0.00	0.00	21.82	0.00	0.00
12	0.00	62.00	850.00	12000.00	42500.00	699113.95	0.00	0.00	8.33	0.00	0.00	21.51	0.00	0.00
13	0.00	63.00	850.00	12000.00	42500.00	699113.95	0.00	0.00	8.33	0.00	0.00	21.48	0.00	0.00
14	0.00	64.00	850.00	12000.00	42500.00	699113.95	0.00	0.00	8.33	0.00	0.00	21.25	0.00	0.00
15	0.00	65.00	850.00	12000.00	42500.00	699113.95	0.00	0.00	8.33	0.00	0.00	21.16	0.00	0.00
16	0.00	66.00	850.00	12000.00	42500.00	699113.95	0.00	0.00	8.33	0.00	0.00	21.06	0.00	0.00
17	0.00	67.00	850.00	12000.00	42500.00	699113.95	0.00	0.00	8.33	0.00	0.00	20.96	0.00	0.00
18	0.00	68.00	850.00	12000.00	42500.00	699113.95	0.00	0.00	8.33	0.00	0.00	20.94	0.00	0.00
19	0.00	69.00	850.00	12000.00	42500.00	699113.95	0.00	0.00	8.33	0.00	0.00	21.00	0.00	0.00
20	0.00	70.00	850.00	12000.00	42500.00	699113.95	0.00	0.00	8.33	0.00	0.00	20.93	0.00	0.00
21	0.00	71.00	850.00	12000.00	42500.00	699113.95	0.00	0.00	8.33	0.00	0.00	20.88	0.00	0.00
22	0.00	72.00	850.00	12000.00	42500.00	699113.95	0.00	0.00	8.33	0.00	0.00	20.64	0.00	0.00
23	0.00	73.00	850.00	12000.00	42500.00	699113.95	0.00	0.00	8.33	0.00	0.00	20.77	0.00	0.00
24	0.00	74.00	850.00	12000.00	42500.00	699113.95	0.00	0.00	8.33	0.00	0.00	20.64	0.00	0.00
25	0.00	25.00	850.00	12000.00	42500.00	691286.59	0.00	0.00	2.83	0.00	0.00	12.67	0.00	0.00
26	1.00	25.00	850.00	12000.00	42500.00	684595.02	684595.02	0.00	0.00	0.00	0.00	12.18	0.00	0.43
27	1.00	26.00	850.00	12000.00	42500.00	684595.02	684595.02	0.00	0.00	0.00	0.00	12.26	0.00	0.43
28	1.00	27.00	850.00	12000.00	42500.00	684595.02	684595.02	0.00	0.00	0.00	0.00	12.81	0.00	0.43
29	2.00	27.00	850.00	12000.00	42500.00	684595.02	684595.02	0.00	0.00	0.00	0.00	12.37	0.00	0.43
30	2.00	28.00	850.00	12000.00	42500.00	684595.02	684595.02	0.00	0.00	0.00	0.00	12.05	0.00	0.43
31	3.00	28.00	850.00	12000.00	42500.00	684595.02	684595.02	0.00	0.00	0.00	0.00	11.66	0.00	0.43
32	3.00	29.00	850.00	12000.00	42500.00	684595.02	684595.02	0.00	0.00	0.00	0.00	11.55	0.00	0.43
33	3.00	30.00	850.00	12000.00	42500.00	684595.02	684595.02	0.00	0.00	0.00	0.00	11.61	0.00	0.43
34	3.00	31.00	850.00	12000.00	42500.00	684595.02	684595.02	0.00	0.00	0.00	0.00	11.54	0.00	0.43
35	4.00	31.00	850.00	12000.00	42500.00	540981.31	540981.31	0.00	0.00	0.00	0.00	11.21	0.00	0.13
36	4.00	32.00	850.00	12000.00	42500.00	540981.31	540981.31	0.00	0.00	0.00	0.00	11.10	0.00	0.13
37	4.00	33.00	850.00	12000.00	42500.00	540981.31	540981.31	0.00	0.00	0.00	0.00	11.05	0.00	0.13
38	4.00	34.00	850.00	12000.00	42500.00	540981.31	540981.31	0.00	0.00	0.00	0.00	11.57	0.00	0.13
39	5.00	34.00	850.00	12000.00	42500.00	540981.31	540981.31	0.00	0.00	0.00	0.00	11.27	0.00	0.13
40	6.00	34.00	850.00	12000.00	42500.00	540981.31	540981.31	0.00	0.00	0.00	0.00	10.99	0.00	0.13
41	6.00	35.00	850.00	12000.00	42500.00	540981.31	540981.31	0.00	0.00	0.00	0.00	10.79	0.00	0.13
42	6.00	36.00	850.00	12000.00	42500.00	540981.31	540981.31	0.00	0.00	0.00	0.00	11.06	0.00	0.13
43	6.00	37.00	850.00	12000.00	42500.00	540981.31	540981.31	0.00	0.00	0.00	0.00	10.87	0.00	0.13
44	7.00	37.00	850.00	12000.00	42500.00	540981.31	540981.31	0.00	0.00	0.00	0.00	10.62	0.00	0.13
45	7.00	38.00	850.00	12000.00	42500.00	540981.31	540981.31	0.00	0.00	0.00	0.00	10.66	0.00	0.13
46	7.00	39.00	850.00	12000.00	42500.00	540981.31	540981.31	0.00	0.00	0.00	0.00	10.60	0.00	0.13
47	8.00	39.00	850.00	12000.00	42500.00	540981.31	540981.31	0.00	0.00	0.00	0.00	10.38	0.00	0.13
48	8.00	40.00	850.00	12000.00	42500.00	540981.31	540981.31	0.00	0.00	0.00	0.00	10.68	0.00	0.13
49	8.00	41.00	850.00	12000.00	42500.00	540981.31	540981.31	0.00	0.00	0.00	0.00	10.71	0.00	0.13
50	8.00	42.00	850.00	12000.00	42500.00	540981.31	540981.31	0.00	0.00	0.00	0.00	10.72	0.00	0.13
51	8.00	43.00	850.00	12000.00	42500.00	540981.31	540981.31	0.00	0.00	0.00	0.00	10.57	0.00	0.13
52	8.00	44.00	850.00	12000.00	42500.00	540981.31	540981.31	0.00	0.00	0.00	0.00	13.14	0.00	0.13
53	8.00	45.00	850.00	12000.00	42500.00	540981.31	540981.31	0.00	0.00	0.00	0.00	13.26	0.00	0.13
54	8.00	46.00	850.00	12000.00	42500.00	540981.31	540981.31	0.00	0.00	0.00	0.00	13.27	0.00	0.13
55	8.00	47.00	850.00	12000.00	42500.00	540981.31	540981.31	0.00	0.00	0.00	0.00	13.24	0.00	0.13
56	8.00	48.00	850.00	12000.00	42500.00	540981.31	540981.31	0.00	0.00	0.00	0.00	13.15	0.00	0.13
57	8.00	49.00	850.00	12000.00	42500.00	540981.31	540981.31	0.00	0.00	0.00	0.00	12.97	0.00	0.13
58	9.00	49.00	850.00	12000.00	42500.00	540981.31	540981.31	0.00	0.00	0.00	0.00	12.74	0.00	0.13
59	9.00	50.00	850.00	12000.00	42500.00	540981.31	540981.31	0.00	0.00	0.00	0.00	12.81	0.00	0.13
60	9.00	51.00	850.00	12000.00	42500.00	540981.31	540981.31	0.00	0.00	0.00	0.00	12.94	0.00	0.13
61	9.00	52.00	850.00	12000.00	42500.00	540981.31	540981.31	0.00	0.00	0.00	0.00	13.50	0.00	0.13
62	9.00	53.00	850.00	12000.00	42500.00	540981.31	540981.31	0.00	0.00	0.00	0.00	13.64	0.00	0.13
63	9.00	54.00	850.00	12000.00	42500.00	540981.31	540981.31	0.00	0.00	0.00	0.00	13.56	0.00	0.13
64	9.00	55.00	850.00	12000.00	42500.00	540981.31	540981.31	0.00	0.00	0.00	0.00	13.39	0.00	0.13
65	9.00	56.00	850.00	12000.00	42500.00	540981.31	540981.31	0.00	0.00	0.00	0.00	13.52	0.00	0.13
66	9.00	57.00	850.00	12000.00	42500.00	540981.31	540981.31	0.00	0.00	0.00	0.00	13.61	0.00	0.13
67	10.00	57.00	850.00	12000.00	42500.00	540981.31	540981.31	0.00	0.00	0.00	0.00	13.41	0.00	0.13
68	10.00	58.00	850.00	12000.00	42500.00	540981.31	540981.31	0.00	0.00	0.00	0.00	13.66	0.00	0.13
69	10.00	59.00	850.00	12000.00	42500.00	540981.31	540981.31	0.00	0.00	0.00	0.00	13.75	0.00	0.13
70	10.00	60.00	850.00	12000.00	42500.00	540981.31	540981.31	0.00	0.00	0.00	0.00	13.59	0.00	0.13
71	10.00	61.00	850.00	12000.00	42500.00	540981.31	540981.31	0.00	0.00	0.00	0.00	13.64	0.00	0.13
72	10.00	62.00	850.00	12000.00	42500.00	540981.31	540981.31	0.00	0.00	0.00	0.00	13.64	0.00	0.13
73	11.00	62.00	850.00	12000.00	42500.00	540981.31	540981.31	0.00	0.00	0.00	0.00	13.45	0.00	0.13
74	11.00	63.00	850.00	12000.00	42500.00	540981.31	540981.31	0.00	0.00	0.00	0.00	13.50	0.00	0.13
75	12.00	63.00	850.00	12000.00	42500.00	540981.31	540981.31	0.00	0.00	0.00	0.00	13.32	0.00	0.13
76	13.00	63.00	850.00	12000.00	42500.00	540981.31	540981.31	0.00	0.00	0.00	0.00	13.14	0.00	0.13
77	13.00	64.00	850.00	12000.00	42500.00	540981.31	540981.31	0.00	0.00	0.00	0.00	13.15	0.00	0.13
78	13.00	65.00	850.00	12000.00	42500.00	540981.31	540981.31	0.00	0.00	0.00	0.00	13.19	0.00	0.13
79	13.00	66.00	850.00	12000.00	42500.00	540981.31	540981.31	0.00	0.00	0.00	0.00	13.21	0.00	0.13
80	13.00	67.00	850.00	12000.00	42500.00	540981.31	540981.31	0.00	0.00	0.00	0.00	13.14	0.00	0.13
81	13.00	68.00	850.00	12000.00	42500.00	540981.31	540981.31	0.00	0.00	0.00	0.00	13.20	0.00	0.13
82	13.00	69.00	850.00	12000.00	42500.00	540981.31	540981.31	0.00	0.00	0.00	0.00	13.08	0.00	0.13
83	13.00	70.00	850.00	12000.00	42500.00	540981.31	540981.31	0.00	0.00	0.00	0.00	13.06	0.00	0.13
84	13.00	71.00	850.00	12000.00	42500.00	540981.31	540981.31	0.00	0.00	0.00	0.00	12.93	0.00	0.13
85	13.00	72.00	850.00	12000.00	42500.00	540981.31	540981.31	0.00	0.00	0.00	0.00	13.03	0.00	0.13
86	14.00	72.00	850.00	12000.00	42500.00	540981.31	540981.31	0.00	0.00	0.00	0.00	12.88	0.00	0.13
87	14.00	73.00	850.00	12000.00	42500.00	540981.31	540981.31	0.00	0.00	0.00	0.00	12.86	0.00	0.13
88	14.00	74.00	850.00	12000.00	42500.00	540981.31	540981.31	0.00	0.00	0.00	0.00	13.01	0.00	0.13
89	14.00	25.00	850.00	12000.00	42500.00	540981.31	540981.31	0.00	0.00	0.00	0.00	6.37	0.00	0.13
90	14.00	26.00	850.00	12000.00	42500.00	540981.31	540981.31	0.00	0.00	0.00	0.00	6.28	0.00	0.13
91	14.00	27.00	850.00	12000.00	42500.00	540981.31	540981.31	0.00	0.00	0.00	0.00	6.54	0.00	0.13
92	14.00	28.00	850.00	12000.00	42500.00	540981.31	540981.31	0.00	0.00	0.00	0.00	7.14	0.00	0.13
93	15.00	28.00	850.00	12000.00	42500.00	540981.31	540981.31	0.00	0.00	0.00	0.00	6.97	0.00	0.13
94	16.00	28.00	850.00	12000.00	42500.00	540981.31	540981.31	0.00	0.00	0.00	0.00	6.81	0.00	0.13
95	16.00	29.00	850.00	12000.00	42500.00	540981.31	540981.31	0.00	0.00	0.00	0.00	6.98	0.00	0.13
96	17.00	29.00	850.00	12000.00	42500.00	540981.31	540981.31	0.00	0.00	0.00	0.00	6.83	0.00	0.13
97	18.00	29.00	850.00	12000.00	42500.00	540981.31	540981.31	0.00	0.00	0.00	0.00	6.68	0.00	0.13
98	18.00	30.00	850.00	12000.00	42500.00	540981.31	540981.31	0.00	0.00	0.00	0.00	6.60	0.00	0.13
99	18.00	31.00	850.00	12000.00	42500.00	540981.31	540981.31	0.00	0.00	0.00	0.00	7.08	0.00	0.13
100	18.00	32.00	850.00	12000.00	42500.00	540981.31	540981.31	0.00	0.00	0.00	0.00	7.23	0.00	0.13
101	18.00	33.00	722.50	14400.00	36125.00	540981.31	540981.31	0.00	0.00	0.00	0.00	7.70	0.00	0.13
102	18.00	34.00	722.50	14400.00	36125.00	540981.31	540981.31	0.00	0.00	0.00	0.00	7.83	0.00	0.13
103	19.00	34.00	722.50	14400.00	36125.00	540981.31	540981.31	0.00	0.00	0.00	0.00	7.68	0.00	0.13
104	19.00	35.00	722.50	14400.00	36125.00	540981.31	540981.31	0.00	0.00	0.00	0.00	9.89	0.00	0.13
105	19.00	36.00	722.50	14400.00	36125.00	540981.31	540981.31	0.00	0.00	0.00	0.00	9.90	0.00	0.13
106	19.00	37.00	722.50	14400.00	36125.00	540981.31	540981.31	0.00	0.00	0.00	0.00	9.96	0.00	0.13
107	20.00	37.00	722.50	14400.00	36125.00	540981.31	540981.31	0.00	0.00	0.00	0.00	9.78	0.00	0.13
108	21.00	37.00	722.50	14400.00	36125.00	540981.31	540981.31	0.00	0.00	0.00	0.00	9.61	0.00	0.13
109	21.00	38.00	722.50	14400.00	36125.00	540981.31	540981.31	0.00	0.00	0.00	0.00	9.50	0.00	0.13
110	21.00	39.00	722.50	14400.00	36125.00	540981.31	540981.31	0.00	0.00	0.00	0.00	9.72	0.00	0.13
111	21.00	40.00	722.50	14400.00	36125.00	540981.31	540981.31	0.00	0.00	0.00	0.00	10.50	0.00	0.13
112	22.00	40.00	722.50	14400.00	36125.00	540981.31	540981.31	0.00	0.00	0.00	0.00	10.33	0.00	0.13
113	23.00	40.00	722.50	14400.00	36125.00	540981.31	540981.31	0.00	0.00	0.00	0.00	10.16	0.00	0.13
114	23.00	41.00	722.50	14400.00	36125.00	540981.31	540981.31	0.00	0.00	0.00	0.00	10.28	0.00	0.13
115	23.00	42.00	722.50	14400.00	36125.00	540981.31	540981.31	0.00	0.00	0.00	0.00	10.61	0.00	0.13
116	23.00	43.00	722.50	14400.00	36125.00	540981.31	540981.31	0.00	0.00	0.00	0.00	10.56	0.00	0.13
117	23.00	44.00	722.50	14400.00	36125.00	540981.31	540981.31	0.00	0.00	0.00	0.00	10.49	0.00	0.13
118	24.00	44.00	722.50	14400.00	36125.00	540981.31	540981.31	0.00	0.00	0.00	0.00	10.33	0.00	0.13
119	25.00	44.00	722.50	14400.00	36125.00	540981.31	540981.31	0.00	0.00	0.00	0.00	10.18	0.00	0.13
120	25.00	45.00	722.50	14400.00	36125.00	540981.31	540981.31	0.00	0.00	0.00	0.00	10.36	0.00	0.13
121	25.00	46.00	722.50	14400.00	36125.00	540981.31	540981.31	0.00	0.00	0.00	0.00	10.32	0.00	0.13
122	25.00	47.00	722.50	14400.00	36125.00	540981.31	540981.31	0.00	0.00	0.00	0.00	10.31	0.00	0.13
123	25.00	48.00	722.50	14400.00	36125.00	540981.31	540981.31	0.00	0.00	0.00	0.00	11.39	0.00	0.13
124	25.00	49.00	722.50	14400.00	36125.00	540981.31	540981.31	0.00	0.00	0.00	0.00	11.59	0.00	0.13
125	25.00	50.00	722.50	14400.00	36125.00	540981.31	540981.31	0.00	0.00	0.00	0.00	11.77	0.00	0.13
126	25.00	51.00	722.50	14400.00	36125.00	540981.31	540981.31	0.00	0.00	0.00	0.00	11.76	0.00	0.13
127	25.00	52.00	722.50	14400.00	36125.00	540981.31	540981.31	0.00	0.00	0.00	0.00	12.12	0.00	0.13
128	25.00	53.00	722.50	14400.00	36125.00	540981.31	540981.31	0.00	0.00	0.00	0.00	12.01	0.00	0.13
129	25.00	54.00	722.50	14400.00	36125.00	540981.31	540981.31	0.00	0.00	0.00	0.00	12.10	0.00	0.13
130	25.00	55.00	722.50	14400.00	36125.00	540981.31	540981.31	0.00	0.00	0.00	0.00	12.15	0.00	0.13
131	25.00	56.00	722.50	14400.00	36125.00	540981.31	540981.31	0.00	0.00	0.00	0.00	12.35	0.00	0.13
132	25.00	57.00	722.50	14400.00	36125.00	540981.31	540981.31	0.00	0.00	0.00	0.00	12.24	0.00	0.13
133	25.00	58.00	722.50	14400.00	36125.00	540981.31	540981.31	0.00	0.00	0.00	0.00	12.18	0.00	0.13
134	26.00	58.00	722.50	14400.00	36125.00	540981.31	540981.31	0.00	0.00	0.00	0.00	12.23	0.00	0.13
135	26.00	59.00	614.12	17280.00	30706.25	540981.31	540981.31	0.00	0.00	0.00	0.00	12.60	0.00	0.13
136	26.00	60.00	614.12	17280.00	30706.25	540981.31	540981.31	0.00	0.00	0.00	0.00	12.59	0.00	0.13
137	26.00	61.00	614.12	17280.00	30706.25	540981.31	540981.31	0.00	0.00	0.00	0.00	12.57	0.00	0.13
138	27.00	61.00	614.12	17280.00	30706.25	540981.31	540981.31	0.00	0.00	0.00	0.00	12.43	0.00	0.13
139	28.00	61.00	614.12	17280.00	30706.25	540981.31	540981.31	0.00	0.00	0.00	0.00	12.29	0.00	0.13
140	29.00	61.00	614.12	17280.00	30706.25	540981.31	540981.31	0.00	0.00	0.00	0.00	12.15	0.00	0.13
141	30.00	61.00	614.12	17280.00	30706.25	540981.31	540981.31	0.00	0.00	0.00	0.00	12.02	0.00	0.13
142	31.00	61.00	614.12	17280.00	30706.25	540981.31	540981.31	0.00	0.00	0.00	0.00	11.89	0.00	0.13
143	31.00	62.00	614.12	17280.00	30706.25	540981.31	540981.31	0.00	0.00	0.00	0.00	11.91	0.00	0.13
144	31.00	63.00	614.12	17280.00	30706.25	540981.31	540981.31	0.00	0.00	0.00	0.00	11.99	0.00	0.13
145	31.00	64.00	614.12	17280.00	30706.25	540981.31	540981.31	0.00	0.00	0.00	0.00	11.96	0.00	0.13
146	31.00	65.00	614.12	17280.00	30706.25	540981.31	540981.31	0.00	0.00	0.00	0.00	11.92	0.00	0.13
147	31.00	66.00	614.12	17280.00	30706.25	540981.31	540981.31	0.00	0.00	0.00	0.00	12.13	0.00	0.13
148	31.00	67.00	614.12	17280.00	30706.25	540981.31	540981.31	0.00	0.00	0.00	0.00	12.13	0.00	0.13
149	32.00	67.00	614.12	17280.00	30706.25	540981.31	540981.31	0.00	0.00	0.00	0.00	12.00	0.00	0.13
150	32.00	68.00	614.12	17280.00	30706.25	540981.31	540981.31	0.00	0.00	0.00	0.00	12.00	0.00	0.13
151	32.00	69.00	614.12	17280.00	30706.25	540981.31	540981.31	0.00	0.00	0.00	0.00	11.92	0.00	0.13
152	33.00	69.00	614.12	17280.00	30706.25	540981.31	540981.31	0.00	0.00	0.00	0.00	11.80	0.00	0.13
153	34.00	69.00	614.12	17280.00	30706.25	540981.31	540981.31	0.00	0.00	0.00	0.00	11.68	0.00	0.13
154	35.00	69.00	614.12	17280.00	30706.25	540981.31	540981.31	0.00	0.00	0.00	0.00	11.57	0.00	0.13
155	36.00	69.00	614.12	17280.00	30706.25	540981.31	540981.31	0.00	0.00	0.00	0.00	11.46	0.00	0.13
156	36.00	70.00	614.12	17280.00	30706.25	540981.31	540981.31	0.00	0.00	0.00	0.00	11.48	0.00	0.13
157	36.00	71.00	614.12	17280.00	30706.25	540981.31	540981.31	0.00	0.00	0.00	0.00	11.45	0.00	0.13
158	36.00	72.00	614.12	17280.00	30706.25	540981.31	540981.31	0.00	0.00	0.00	0.00	11.47	0.00	0.13
159	36.00	73.00	614.12	17280.00	30706.25	540981.31	540981.31	0.00	0.00	0.00	0.00	11.43	0.00	0.13
160	37.00	73.00	614.12	17280.00	30706.25	540981.31	540981.31	0.00	0.00	0.00	0.00	11.32	0.00	0.13
161	37.00	74.00	614.12	17280.00	30706.25	540981.31	540981.31	0.00	0.00	0.00	0.00	11.60	0.00	0.13
162	37.00	25.00	614.12	17280.00	30706.25	540981.31	540981.31	0.00	0.00	0.00	0.00	3.29	0.00	0.13
163	37.00	26.00	614.12	17280.00	30706.25	540981.31	540981.31	0.00	0.00	0.00	0.00	3.50	0.00	0.13
164	38.00	26.00	614.12	17280.00	30706.25	540981.31	540981.31	0.00	0.00	0.00	0.00	3.45	0.00	0.13
165	38.00	27.00	614.12	17280.00	30706.25	540981.31	540981.31	0.00	0.00	0.00	0.00	3.60	0.00	0.13
166	38.00	28.00	614.12	17280.00	30706.25	540981.31	540981.31	0.00	0.00	0.00	0.00	3.59	0.00	0.13
167	38.00	29.00	614.12	17280.00	30706.25	540981.31	540981.31	0.00	0.00	0.00	0.00	4.30	0.00	0.13
168	38.00	30.00	614.12	17280.00	30706.25	540981.31	540981.31	0.00	0.00	0.00	0.00	4.48	0.00	0.13
169	38.00	31.00	614.12	17280.00	30706.25	540981.31	540981.31	0.00	0.00	0.00	0.00	4.72	0.00	0.13
170	38.00	32.00	614.12	17280.00	30706.25	540981.31	540981.31	0.00	0.00	0.00	0.00	5.11	0.00	0.13
171	38.00	33.00	614.12	17280.00	30706.25	540981.31	540981.31	0.00	0.00	0.00	0.00	5.31	0.00	0.13
172	38.00	34.00	614.12	17280.00	30706.25	540981.31	540981.31	0.00	0.00	0.00	0.00	5.46	0.00	0.13
173	38.00	35.00	614.12	17280.00	30706.25	540981.31	540981.31	0.00	0.00	0.00	0.00	5.54	0.00	0.13
174	39.00	35.00	614.12	17280.00	30706.25	540981.31	540981.31	0.00	0.00	0.00	0.00	5.47	0.00	0.13
175	39.00	36.00	614.12	17280.00	30706.25	540981.31	540981.31	0.00	0.00	0.00	0.00	5.42	0.00	0.13
176	40.00	36.00	614.12	17280.00	30706.25	540981.31	540981.31	0.00	0.00	0.00	0.00	5.35	0.00	0.13
177	40.00	37.00	614.12	17280.00	30706.25	540981.31	540981.31	0.00	0.00	0.00	0.00	5.68	0.00	0.13
178	41.00	37.00	614.12	17280.00	30706.25	540981.31	540981.31	0.00	0.00	0.00	0.00	5.61	0.00	0.13
179	42.00	37.00	614.12	17280.00	30706.25	540981.31	540981.31	0.00	0.00	0.00	0.00	5.54	0.00	0.13
180	42.00	38.00	614.12	17280.00	30706.25	540981.31	540981.31	0.00	0.00	0.00	0.00	5.61	0.00	0.13
181	42.00	39.00	614.12	17280.00	30706.25	540981.31	540981.31	0.00	0.00	0.00	0.00	5.72	0.00	0.13
182	43.00	39.00	614.12	17280.00	30706.25	540981.31	540981.31	0.00	0.00	0.00	0.00	5.65	0.00	0.13
183	43.00	40.00	614.12	17280.00	30706.25	540981.31	540981.31	0.00	0.00	0.00	0.00	5.67	0.00	0.13
184	44.00	40.00	614.12	17280.00	30706.25	540981.31	540981.31	0.00	0.00	0.00	0.00	5.60	0.00	0.13
185	44.00	41.00	614.12	17280.00	30706.25	540981.31	540981.31	0.00	0.00	0.00	0.00	5.70	0.00	0.13
186	44.00	42.00	614.12	17280.00	30706.25	540981.31	540981.31	0.00	0.00	0.00	0.00	5.77	0.00	0.13
187	44.00	43.00	614.12	17280.00	30706.25	540981.31	540981.31	0.00	0.00	0.00	0.00	5.92	0.00	0.13
188	45.00	43.00	614.12	17280.00	30706.25	540981.31	540981.31	0.00	0.00	0.00	0.00	5.85	0.00	0.13
189	45.00	44.00	614.12	17280.00	30706.25	540981.31	540981.31	0.00	0.00	0.00	0.00	5.82	0.00	0.13
190	46.00	44.00	614.12	17280.00	30706.25	540981.31	540981.31	0.00	0.00	0.00	0.00	5.75	0.00	0.13
191	46.00	45.00	614.12	17280.00	30706.25	540981.31	540981.31	0.00	0.00	0.00	0.00	5.82	0.00	0.13
192	46.00	46.00	614.12	17280.00	30706.25	540981.31	540981.31	0.00	0.00	0.00	0.00	5.79	0.00	0.13
193	46.00	47.00	614.12	17280.00	30706.25	540981.31	540981.31	0.00	0.00	0.00	0.00	5.76	0.00	0.13
194	46.00	48.00	614.12	17280.00	30706.25	540981.31	540981.31	0.00	0.00	0.00	0.00	5.94	0.00	0.13
195	47.00	48.00	614.12	17280.00	30706.25	540981.31	540981.31	0.00	0.00	0.00	0.00	5.88	0.00	0.13
196	48.00	48.00	614.12	17280.00	30706.25	540981.31	540981.31	0.00	0.00	0.00	0.00	5.82	0.00	0.13
197	48.00	49.00	614.12	17280.00	30706.25	540981.31	540981.31	0.00	0.00	0.00	0.00	6.04	0.00	0.13
198	48.00	50.00	614.12	17280.00	30706.25	540981.31	540981.31	0.00	0.00	0.00	0.00	6.01	0.00	0.13
199	48.00	51.00	614.12	17280.00	30706.25	540981.31	540981.31	0.00	0.00	0.00	0.00	6.08	0.00	0.13
200	48.00	52.00	614.12	17280.00	30706.25	540981.31	540981.31	0.00	0.00	0.00	0.00	6.04	0.00	0.13
201	49.00	52.00	614.12	17280.00	30706.25	540981.31	540981.31	0.00	0.00	0.00	0.00	5.99	0.00	0.13
202	49.00	53.00	614.12	17280.00	30706.25	540981.31	540981.31	0.00	0.00	0.00	0.00	6.42	0.00	0.13
203	49.00	54.00	614.12	17280.00	30706.25	540981.31	540981.31	0.00	0.00	0.00	0.00	6.64	0.00	0.13
204	50.00	54.00	614.12	17280.00	30706.25	540981.31	540981.31	0.00	0.00	0.00	0.00	6.58	0.00	0.13
205	50.00	55.00	614.12	17280.00	30706.25	540981.31	540981.31	0.00	0.00	0.00	0.00	6.80	0.00	0.13
206	50.00	56.00	614.12	17280.00	30706.25	540981.31	540981.31	0.00	0.00	0.00	0.00	6.76	0.00	0.13
207	50.00	57.00	614.12	17280.00	30706.25	540981.31	540981.31	0.00	0.00	0.00	0.00	6.83	0.00	0.13
208	50.00	58.00	614.12	17280.00	30706.25	540981.31	540981.31	0.00	0.00	0.00	0.00	7.20	0.00	0.13
209	50.00	59.00	614.12	17280.00	30706.25	540981.31	540981.31	0.00	0.00	0.00	0.00	7.36	0.00	0.13
210	50.00	60.00	614.12	17280.00	30706.25	540981.31	540981.31	0.00	0.00	0.00	0.00	7.43	0.00	0.13
211	50.00	61.00	614.12	17280.00	30706.25	540981.31	540981.31	0.00	0.00	0.00	0.00	7.72	0.00	0.13
212	50.00	62.00	614.12	17280.00	30706.25	540981.31	540981.31	0.00	0.00	0.00	0.00	7.75	0.00	0.13
213	50.00	63.00	614.12	17280.00	30706.25	540981.31	540981.31	0.00	0.00	0.00	0.00	7.84	0.00	0.13
214	51.00	63.00	614.12	17280.00	30706.25	540981.31	540981.31	0.00	0.00	0.00	0.00	7.77	0.00	0.13
215	52.00	63.00	614.12	17280.00	30706.25	540981.31	540981.31	0.00	0.00	0.00	0.00	7.71	0.00	0.13
216	52.00	64.00	614.12	17280.00	30706.25	540981.31	540981.31	0.00	0.00	0.00	0.00	8.04	0.00	0.13
217	52.00	65.00	614.12	17280.00	30706.25	540981.31	540981.31	0.00	0.00	0.00	0.00	8.04	0.00	0.13
218	53.00	65.00	614.12	17280.00	30706.25	540981.31	540981.31	0.00	0.00	0.00	0.00	7.97	0.00	0.13
219	54.00	65.00	614.12	17280.00	30706.25	540981.31	540981.31	0.00	0.00	0.00	0.00	7.91	0.00	0.13
220	54.00	66.00	614.12	17280.00	30706.25	540981.31	540981.31	0.00	0.00	0.00	0.00	7.94	0.00	0.13
221	54.00	67.00	614.12	17280.00	30706.25	540981.31	540981.31	0.00	0.00	0.00	0.00	8.01	0.00	0.13
222	55.00	67.00	614.12	17280.00	30706.25	540981.31	540981.31	0.00	0.00	0.00	0.00	7.95	0.00	0.13
223	55.00	68.00	614.12	17280.00	30706.25	540981.31	540981.31	0.00	0.00	0.00	0.00	7.99	0.00	0.13
224	55.00	69.00	614.12	17280.00	30706.25	540981.31	540981.31	0.00	0.00	0.00	0.00	8.51	0.00	0.13
225	56.00	69.00	614.12	17280.00	30706.25	540981.31	540981.31	0.00	0.00	0.00	0.00	8.44	0.00	0.13
226	56.00	70.00	614.12	17280.00	30706.25	540981.31	540981.31	0.00	0.00	0.00	0.00	8.49	0.00	0.13
227	57.00	70.00	614.12	17280.00	30706.25	540981.31	540981.31	0.00	0.00	0.00	0.00	8.42	0.00	0.13
228	57.00	71.00	614.12	17280.00	30706.25	540981.31	540981.31	0.00	0.00	0.00	0.00	8.51	0.00	0.13
229	57.00	72.00	614.12	17280.00	30706.25	540981.31	540981.31	0.00	0.00	0.00	0.00	8.64	0.00	0.13
230	57.00	73.00	614.12	17280.00	30706.25	540981.31	540981.31	0.00	0.00	0.00	0.00	8.68	0.00	0.13
231	57.00	74.00	614.12	17280.00	30706.25	540981.31	540981.31	0.00	0.00	0.00	0.00	8.72	0.00	0.13
232	58.00	74.00	614.12	17280.00	30706.25	540981.31	540981.31	0.00	0.00	0.00	0.00	8.66	0.00	0.13
233	58.00	25.00	614.12	17280.00	30706.25	540981.31	540981.31	0.00	0.00	0.00	0.00	2.88	0.00	0.13
234	61.00	73.00	614.12	17280.00	30706.25	540981.31	540981.31	0.00	0.00	0.00	0.00	12.40	0.00	0.13
235	61.00	74.00	522.01	20736.00	26100.31	540981.31	540981.31	0.00	0.00	0.00	0.00	12.33	0.00	0.13
236	62.00	74.00	522.01	20736.00	26100.31	540981.31	540981.31	0.00	0.00	0.00	0.00	12.24	0.00	0.13
237	62.00	25.00	522.01	20736.00	26100.31	540981.31	540981.31	0.00	0.00	0.00	0.00	4.38	0.00	0.13
238	63.00	25.00	522.01	20736.00	26100.31	540981.31	540981.31	0.00	0.00	0.00	0.00	4.33	0.00	0.13
239	64.00	25.00	522.01	20736.00	26100.31	540981.31	540981.31	0.00	0.00	0.00	0.00	4.29	0.00	0.13
240	65.00	25.00	522.01	20736.00	26100.31	540981.31	540981.31	0.00	0.00	0.00	0.00	4.24	0.00	0.13
241	65.00	26.00	522.01	20736.00	26100.31	540981.31	540981.31	0.00	0.00	0.00	0.00	4.50	0.00	0.13
242	65.00	27.00	522.01	20736.00	26100.31	540981.31	540981.31	0.00	0.00	0.00	0.00	4.48	0.00	0.13
243	65.00	28.00	522.01	20736.00	26100.31	540981.31	540981.31	0.00	0.00	0.00	0.00	4.73	0.00	0.13
244	66.00	28.00	522.01	20736.00	26100.31	540981.31	540981.31	0.00	0.00	0.00	0.00	4.68	0.00	0.13
245	66.00	29.00	522.01	20736.00	26100.31	540981.31	540981.31	0.00	0.00	0.00	0.00	4.86	0.00	0.13
246	66.00	30.00	522.01	20736.00	26100.31	540981.31	540981.31	0.00	0.00	0.00	0.00	4.93	0.00	0.13
247	66.00	31.00	522.01	20736.00	26100.31	540981.31	540981.31	0.00	0.00	0.00	0.00	4.91	0.00	0.13
248	66.00	32.00	522.01	20736.00	26100.31	540981.31	540981.31	0.00	0.00	0.00	0.00	5.07	0.00	0.13
249	67.00	32.00	522.01	20736.00	26100.31	540981.31	540981.31	0.00	0.00	0.00	0.00	5.02	0.00	0.13
250	68.00	32.00	522.01	20736.00	26100.31	540981.31	540981.31	0.00	0.00	0.00	0.00	4.97	0.00	0.13
251	69.00	32.00	522.01	20736.00	26100.31	540981.31	540981.31	0.00	0.00	0.00	0.00	4.92	0.00	0.13
252	70.00	32.00	522.01	20736.00	26100.31	540981.31	540981.31	0.00	0.00	0.00	0.00	4.88	0.00	0.13
253	71.00	32.00	522.01	20736.00	26100.31	540981.31	540981.31	0.00	0.00	0.00	0.00	4.83	0.00	0.13
254	72.00	32.00	522.01	20736.00	26100.31	540981.31	540981.31	0.00	0.00	0.00	0.00	4.78	0.00	0.13
255	72.00	33.00	522.01	20736.00	26100.31	540981.31	540981.31	0.00	0.00	0.00	0.00	4.77	0.00	0.13
256	73.00	33.00	522.01	20736.00	26100.31	538557.45	538557.45	0.00	0.00	0.00	0.00	4.72	0.00	0.12
257	74.00	33.00	522.01	20736.00	26100.31	538557.45	538557.45	0.00	0.00	0.00	0.00	4.68	0.00	0.12
258	74.00	34.00	522.01	20736.00	26100.31	538557.45	538557.45	0.00	0.00	0.00	0.00	4.79	0.00	0.12
259	25.00	34.00	522.01	20736.00	26100.31	538557.45	538557.45	0.00	0.00	0.00	0.00	8.77	0.00	0.12
260	25.00	35.00	522.01	20736.00	26100.31	538557.45	538557.45	0.00	0.00	0.00	0.00	8.98	0.00	0.12
261	25.00	36.00	522.01	20736.00	26100.31	538557.45	538557.45	0.00	0.00	0.00	0.00	8.94	0.00	0.12
262	25.00	37.00	522.01	20736.00	26100.31	538557.45	538557.45	0.00	0.00	0.00	0.00	8.96	0.00	0.12
263	26.00	37.00	522.01	20736.00	26100.31	538557.45	538557.45	0.00	0.00	0.00	0.00	8.82	0.00	0.12
264	26.00	38.00	522.01	20736.00	26100.31	538557.45	538557.45	0.00	0.00	0.00	0.00	9.02	0.00	0.12
265	27.00	38.00	522.01	20736.00	26100.31	538557.45	538557.45	0.00	0.00	0.00	0.00	8.88	0.00	0.12
266	27.00	39.00	522.01	20736.00	26100.31	538557.45	538557.45	0.00	0.00	0.00	0.00	8.79	0.00	0.12
267	28.00	39.00	522.01	20736.00	26100.31	538557.45	538557.45	0.00	0.00	0.00	0.00	8.65	0.00	0.12
268	29.00	39.00	522.01	20736.00	26100.31	538557.45	538557.45	0.00	0.00	0.00	0.00	8.53	0.00	0.12
269	29.00	40.00	522.01	20736.00	26100.31	538557.45	538557.45	0.00	0.00	0.00	0.00	8.99	0.00	0.12
270	29.00	41.00	522.01	20736.00	26100.31	538557.45	538557.45	0.00	0.00	0.00	0.00	9.23	0.00	0.12
271	29.00	42.00	522.01	20736.00	26100.31	538557.45	538557.45	0.00	0.00	0.00	0.00	9.21	0.00	0.12
272	30.00	42.00	522.01	20736.00	26100.31	538557.45	538557.45	0.00	0.00	0.00	0.00	9.08	0.00	0.12
273	31.00	42.00	522.01	20736.00	26100.31	538557.45	538557.45	0.00	0.00	0.00	0.00	8.96	0.00	0.12
274	31.00	43.00	522.01	20736.00	26100.31	538557.45	538557.45	0.00	0.00	0.00	0.00	9.27	0.00	0.12
275	32.00	43.00	522.01	20736.00	26100.31	538557.45	538557.45	0.00	0.00	0.00	0.00	9.15	0.00	0.12
276	33.00	43.00	522.01	20736.00	26100.31	538557.45	538557.45	0.00	0.00	0.00	0.00	9.03	0.00	0.12
277	34.00	43.00	522.01	20736.00	26100.31	538557.45	538557.45	0.00	0.00	0.00	0.00	8.91	0.00	0.12
278	35.00	43.00	522.01	20736.00	26100.31	538557.45	538557.45	0.00	0.00	0.00	0.00	8.80	0.00	0.12
279	36.00	43.00	522.01	20736.00	26100.31	538557.45	538557.45	0.00	0.00	0.00	0.00	8.69	0.00	0.12
280	37.00	43.00	522.01	20736.00	26100.31	538557.45	538557.45	0.00	0.00	0.00	0.00	8.58	0.00	0.12
281	38.00	43.00	522.01	20736.00	26100.31	538557.45	538557.45	0.00	0.00	0.00	0.00	8.47	0.00	0.12
282	39.00	43.00	522.01	20736.00	26100.31	538557.45	538557.45	0.00	0.00	0.00	0.00	8.37	0.00	0.12
283	40.00	43.00	522.01	20736.00	26100.31	538557.45	538557.45	0.00	0.00	0.00	0.00	8.27	0.00	0.12
284	40.00	44.00	522.01	20736.00	26100.31	538557.45	538557.45	0.00	0.00	0.00	0.00	8.30	0.00	0.12
285	40.00	45.00	522.01	20736.00	26100.31	538557.45	538557.45	0.00	0.00	0.00	0.00	8.34	0.00	0.12
286	41.00	45.00	522.01	20736.00	26100.31	538557.45	538557.45	0.00	0.00	0.00	0.00	8.24	0.00	0.12
287	42.00	45.00	522.01	20736.00	26100.31	538557.45	538557.45	0.00	0.00	0.00	0.00	8.15	0.00	0.12
288	42.00	46.00	522.01	20736.00	26100.31	538557.45	538557.45	0.00	0.00	0.00	0.00	8.14	0.00	0.12
289	42.00	47.00	522.01	20736.00	26100.31	538557.45	538557.45	0.00	0.00	0.00	0.00	8.13	0.00	0.12
290	42.00	48.00	522.01	20736.00	26100.31	538557.45	538557.45	0.00	0.00	0.00	0.00	8.12	0.00	0.12
291	42.00	49.00	522.01	20736.00	26100.31	538557.45	538557.45	0.00	0.00	0.00	0.00	8.12	0.00	0.12
292	43.00	49.00	522.01	20736.00	26100.31	538557.45	538557.45	0.00	0.00	0.00	0.00	8.03	0.00	0.12
293	44.00	49.00	522.01	20736.00	26100.31	538557.45	538557.45	0.00	0.00	0.00	0.00	7.94	0.00	0.12
294	44.00	50.00	522.01	20736.00	26100.31	538557.45	538557.45	0.00	0.00	0.00	0.00	7.98	0.00	0.12
295	45.00	50.00	522.01	20736.00	26100.31	538557.45	538557.45	0.00	0.00	0.00	0.00	7.89	0.00	0.12
296	46.00	50.00	522.01	20736.00	26100.31	538557.45	538557.45	0.00	0.00	0.00	0.00	7.81	0.00	0.12
297	46.00	51.00	522.01	20736.00	26100.31	538557.45	538557.45	0.00	0.00	0.00	0.00	7.76	0.00	0.12
298	46.00	52.00	522.01	20736.00	26100.31	538557.45	538557.45	0.00	0.00	0.00	0.00	8.56	0.00	0.12
299	47.00	52.00	522.01	20736.00	26100.31	538557.45	538557.45	0.00	0.00	0.00	0.00	8.47	0.00	0.12
300	48.00	52.00	522.01	20736.00	26100.31	538557.45	538557.45	0.00	0.00	0.00	0.00	8.39	0.00	0.12
301	49.00	52.00	522.01	20736.00	26100.31	538557.45	538557.45	0.00	0.00	0.00	0.00	8.30	0.00	0.12
302	49.00	53.00	522.01	20736.00	26100.31	538557.45	538557.45	0.00	0.00	0.00	0.00	8.26	0.00	0.12
303	50.00	53.00	522.01	20736.00	26100.31	538557.45	538557.45	0.00	0.00	0.00	0.00	8.18	0.00	0.12
304	50.00	54.00	522.01	20736.00	26100.31	538557.45	538557.45	0.00	0.00	0.00	0.00	8.52	0.00	0.12
305	51.00	54.00	522.01	20736.00	26100.31	538557.45	538557.45	0.00	0.00	0.00	0.00	8.44	0.00	0.12
306	52.00	54.00	522.01	20736.00	26100.31	538557.45	538557.45	0.00	0.00	0.00	0.00	8.36	0.00	0.12
307	53.00	54.00	522.01	20736.00	26100.31	538557.45	538557.45	0.00	0.00	0.00	0.00	8.28	0.00	0.12
308	54.00	54.00	522.01	20736.00	26100.31	538557.45	538557.45	0.00	0.00	0.00	0.00	8.21	0.00	0.12
309	54.00	55.00	522.01	20736.00	26100.31	538557.45	538557.45	0.00	0.00	0.00	0.00	8.16	0.00	0.12
310	55.00	55.00	522.01	20736.00	26100.31	538557.45	538557.45	0.00	0.00	0.00	0.00	8.08	0.00	0.12
311	55.00	56.00	522.01	20736.00	26100.31	538557.45	538557.45	0.00	0.00	0.00	0.00	8.38	0.00	0.12
312	56.00	56.00	522.01	20736.00	26100.31	538557.45	538557.45	0.00	0.00	0.00	0.00	8.31	0.00	0.12
313	56.00	57.00	522.01	20736.00	26100.31	538557.45	538557.45	0.00	0.00	0.00	0.00	8.26	0.00	0.12
314	57.00	57.00	522.01	20736.00	26100.31	538557.45	538557.45	0.00	0.00	0.00	0.00	8.19	0.00	0.12
315	58.00	57.00	522.01	20736.00	26100.31	538557.45	538557.45	0.00	0.00	0.00	0.00	8.11	0.00	0.12
316	58.00	58.00	522.01	20736.00	26100.31	538557.45	538557.45	0.00	0.00	0.00	0.00	8.47	0.00	0.12
317	58.00	59.00	522.01	20736.00	26100.31	538557.45	538557.45	0.00	0.00	0.00	0.00	8.42	0.00	0.12
318	58.00	60.00	522.01	20736.00	26100.31	538557.45	538557.45	0.00	0.00	0.00	0.00	8.57	0.00	0.12
319	58.00	61.00	522.01	20736.00	26100.31	538557.45	538557.45	0.00	0.00	0.00	0.00	8.57	0.00	0.12
320	58.00	62.00	522.01	20736.00	26100.31	538557.45	538557.45	0.00	0.00	0.00	0.00	8.58	0.00	0.12
321	58.00	63.00	522.01	20736.00	26100.31	538557.45	538557.45	0.00	0.00	0.00	0.00	8.54	0.00	0.12
322	59.00	63.00	522.01	20736.00	26100.31	538557.45	538557.45	0.00	0.00	0.00	0.00	8.47	0.00	0.12
323	60.00	63.00	522.01	20736.00	26100.31	538557.45	538557.45	0.00	0.00	0.00	0.00	8.40	0.00	0.12
324	61.00	63.00	522.01	20736.00	26100.31	538557.45	538557.45	0.00	0.00	0.00	0.00	8.33	0.00	0.12
325	62.00	63.00	522.01	20736.00	26100.31	538557.45	538557.45	0.00	0.00	0.00	0.00	8.26	0.00	0.12
326	63.00	63.00	522.01	20736.00	26100.31	538557.45	538557.45	0.00	0.00	0.00	0.00	8.20	0.00	0.12
327	64.00	63.00	522.01	20736.00	26100.31	538557.45	538557.45	0.00	0.00	0.00	0.00	8.13	0.00	0.12
328	64.00	64.00	522.01	20736.00	26100.31	538557.45	538557.45	0.00	0.00	0.00	0.00	8.19	0.00	0.12
329	65.00	64.00	522.01	20736.00	26100.31	538557.45	538557.45	0.00	0.00	0.00	0.00	8.13	0.00	0.12
330	66.00	64.00	522.01	20736.00	26100.31	538557.45	538557.45	0.00	0.00	0.00	0.00	8.07	0.00	0.12
331	66.00	65.00	522.01	20736.00	26100.31	538557.45	538557.45	0.00	0.00	0.00	0.00	8.03	0.00	0.12
332	66.00	66.00	522.01	20736.00	26100.31	538557.45	538557.45	0.00	0.00	0.00	0.00	7.99	0.00	0.12
333	66.00	67.00	522.01	20736.00	26100.31	538557.45	538557.45	0.00	0.00	0.00	0.00	8.00	0.00	0.12
334	66.00	68.00	522.01	20736.00	26100.31	538557.45	538557.45	0.00	0.00	0.00	0.00	7.96	0.00	0.12
335	66.00	69.00	443.71	24883.20	22185.27	538557.45	538557.45	0.00	0.00	0.00	0.00	8.03	0.00	0.12
336	66.00	70.00	443.71	24883.20	22185.27	538557.45	538557.45	0.00	0.00	0.00	0.00	8.24	0.00	0.12
337	67.00	70.00	443.71	24883.20	22185.27	538557.45	538557.45	0.00	0.00	0.00	0.00	8.18	0.00	0.12
338	67.00	71.00	443.71	24883.20	22185.27	538557.45	538557.45	0.00	0.00	0.00	0.00	8.32	0.00	0.12
339	67.00	72.00	443.71	24883.20	22185.27	538557.45	538557.45	0.00	0.00	0.00	0.00	8.28	0.00	0.12
340	67.00	73.00	443.71	24883.20	22185.27	538557.45	538557.45	0.00	0.00	0.00	0.00	8.40	0.00	0.12
341	67.00	74.00	443.71	24883.20	22185.27	538557.45	538557.45	0.00	0.00	0.00	0.00	8.36	0.00	0.12
342	67.00	25.00	443.71	24883.20	22185.27	538557.45	538557.45	0.00	0.00	0.00	0.00	4.52	0.00	0.12
343	68.00	25.00	443.71	24883.20	22185.27	538557.45	538557.45	0.00	0.00	0.00	0.00	4.47	0.00	0.12
344	68.00	26.00	443.71	24883.20	22185.27	538557.45	538557.45	0.00	0.00	0.00	0.00	4.63	0.00	0.12
345	69.00	26.00	443.71	24883.20	22185.27	538557.45	538557.45	0.00	0.00	0.00	0.00	4.58	0.00	0.12
346	70.00	26.00	443.71	24883.20	22185.27	538557.45	538557.45	0.00	0.00	0.00	0.00	4.54	0.00	0.12
347	71.00	26.00	443.71	24883.20	22185.27	538557.45	538557.45	0.00	0.00	0.00	0.00	4.49	0.00	0.12
348	72.00	26.00	443.71	24883.20	22185.27	538557.45	538557.45	0.00	0.00	0.00	0.00	4.44	0.00	0.12
349	72.00	27.00	443.71	24883.20	22185.27	538557.45	538557.45	0.00	0.00	0.00	0.00	4.43	0.00	0.12
350	72.00	28.00	443.71	24883.20	22185.27	538557.45	538557.45	0.00	0.00	0.00	0.00	4.47	0.00	0.12
351	73.00	28.00	443.71	24883.20	22185.27	538557.45	538557.45	0.00	0.00	0.00	0.00	4.42	0.00	0.12
352	73.00	29.00	443.71	24883.20	22185.27	538557.45	538557.45	0.00	0.00	0.00	0.00	4.56	0.00	0.12
353	73.00	30.00	443.71	24883.20	22185.27	538557.45	538557.45	0.00	0.00	0.00	0.00	4.63	0.00	0.12
354	73.00	31.00	443.71	24883.20	22185.27	538557.45	538557.45	0.00	0.00	0.00	0.00	4.69	0.00	0.12
355	25.00	30.00	443.71	24883.20	22185.27	538557.45	538557.45	0.00	0.00	0.00	0.00	9.41	0.00	0.12
356	25.00	31.00	377.15	29859.84	18857.48	538557.45	538557.45	0.00	0.00	0.00	0.00	9.29	0.00	0.12
357	26.00	31.00	377.15	29859.84	18857.48	538557.45	538557.45	0.00	0.00	0.00	0.00	9.13	0.00	0.12
358	26.00	32.00	377.15	29859.84	18857.48	538557.45	538557.45	0.00	0.00	0.00	0.00	9.21	0.00	0.12
359	27.00	32.00	377.15	29859.84	18857.48	538557.45	538557.45	0.00	0.00	0.00	0.00	9.05	0.00	0.12
360	27.00	33.00	377.15	29859.84	18857.48	538557.45	538557.45	0.00	0.00	0.00	0.00	9.09	0.00	0.12
361	27.00	34.00	377.15	29859.84	18857.48	538557.45	538557.45	0.00	0.00	0.00	0.00	9.22	0.00	0.12
362	28.00	34.00	377.15	29859.84	18857.48	538557.45	538557.45	0.00	0.00	0.00	0.00	9.07	0.00	0.12
363	29.00	34.00	377.15	29859.84	18857.48	538557.45	538557.45	0.00	0.00	0.00	0.00	8.93	0.00	0.12
364	29.00	35.00	377.15	29859.84	18857.48	538557.45	538557.45	0.00	0.00	0.00	0.00	9.05	0.00	0.12
365	29.00	36.00	377.15	29859.84	18857.48	538557.45	538557.45	0.00	0.00	0.00	0.00	9.02	0.00	0.12
366	29.00	37.00	377.15	29859.84	18857.48	538557.45	538557.45	0.00	0.00	0.00	0.00	8.96	0.00	0.12
367	29.00	38.00	377.15	29859.84	18857.48	538557.45	538557.45	0.00	0.00	0.00	0.00	8.91	0.00	0.12
368	30.00	38.00	377.15	29859.84	18857.48	538557.45	538557.45	0.00	0.00	0.00	0.00	8.78	0.00	0.12
369	30.00	39.00	377.15	29859.84	18857.48	538557.45	538557.45	0.00	0.00	0.00	0.00	8.74	0.00	0.12
370	30.00	40.00	377.15	29859.84	18857.48	538557.45	538557.45	0.00	0.00	0.00	0.00	8.77	0.00	0.12
371	31.00	40.00	377.15	29859.84	18857.48	538557.45	538557.45	0.00	0.00	0.00	0.00	8.65	0.00	0.12
372	31.00	41.00	377.15	29859.84	18857.48	538557.45	538557.45	0.00	0.00	0.00	0.00	9.10	0.00	0.12
373	31.00	42.00	377.15	29859.84	18857.48	538557.45	538557.45	0.00	0.00	0.00	0.00	9.07	0.00	0.12
374	31.00	43.00	377.15	29859.84	18857.48	538557.45	538557.45	0.00	0.00	0.00	0.00	9.10	0.00	0.12
375	31.00	44.00	377.15	29859.84	18857.48	538557.45	538557.45	0.00	0.00	0.00	0.00	9.23	0.00	0.12
376	32.00	44.00	377.15	29859.84	18857.48	538557.45	538557.45	0.00	0.00	0.00	0.00	9.11	0.00	0.12
377	32.00	45.00	377.15	29859.84	18857.48	538557.45	538557.45	0.00	0.00	0.00	0.00	9.34	0.00	0.12
378	33.00	45.00	377.15	29859.84	18857.48	538557.45	538557.45	0.00	0.00	0.00	0.00	9.22	0.00	0.12
379	33.00	46.00	377.15	29859.84	18857.48	538557.45	538557.45	0.00	0.00	0.00	0.00	9.19	0.00	0.12
380	34.00	46.00	377.15	29859.84	18857.48	538557.45	538557.45	0.00	0.00	0.00	0.00	9.07	0.00	0.12
381	34.00	47.00	377.15	29859.84	18857.48	538557.45	538557.45	0.00	0.00	0.00	0.00	8.99	0.00	0.12
382	35.00	47.00	377.15	29859.84	18857.48	538557.45	538557.45	0.00	0.00	0.00	0.00	8.88	0.00	0.12
383	36.00	47.00	377.15	29859.84	18857.48	538557.45	538557.45	0.00	0.00	0.00	0.00	8.78	0.00	0.12
384	36.00	48.00	377.15	29859.84	18857.48	538557.45	538557.45	0.00	0.00	0.00	0.00	9.25	0.00	0.12
385	37.00	48.00	377.15	29859.84	18857.48	538557.45	538557.45	0.00	0.00	0.00	0.00	9.14	0.00	0.12
386	37.00	49.00	377.15	29859.84	18857.48	538557.45	538557.45	0.00	0.00	0.00	0.00	9.13	0.00	0.12
387	37.00	50.00	377.15	29859.84	18857.48	538557.45	538557.45	0.00	0.00	0.00	0.00	9.20	0.00	0.12
388	37.00	51.00	377.15	29859.84	18857.48	538557.45	538557.45	0.00	0.00	0.00	0.00	9.37	0.00	0.12
389	37.00	52.00	377.15	29859.84	18857.48	538557.45	538557.45	0.00	0.00	0.00	0.00	9.30	0.00	0.12
390	37.00	53.00	377.15	29859.84	18857.48	538557.45	538557.45	0.00	0.00	0.00	0.00	9.27	0.00	0.12
391	38.00	53.00	377.15	29859.84	18857.48	538557.45	538557.45	0.00	0.00	0.00	0.00	9.17	0.00	0.12
392	38.00	54.00	377.15	29859.84	18857.48	538557.45	538557.45	0.00	0.00	0.00	0.00	9.43	0.00	0.12
393	38.00	55.00	377.15	29859.84	18857.48	538557.45	538557.45	0.00	0.00	0.00	0.00	9.36	0.00	0.12
394	39.00	55.00	377.15	29859.84	18857.48	538557.45	538557.45	0.00	0.00	0.00	0.00	9.26	0.00	0.12
395	40.00	55.00	377.15	29859.84	18857.48	538557.45	538557.45	0.00	0.00	0.00	0.00	9.16	0.00	0.12
396	41.00	55.00	377.15	29859.84	18857.48	538557.45	538557.45	0.00	0.00	0.00	0.00	9.07	0.00	0.12
397	41.00	56.00	377.15	29859.84	18857.48	538557.45	538557.45	0.00	0.00	0.00	0.00	9.06	0.00	0.12
398	41.00	57.00	377.15	29859.84	18857.48	538557.45	538557.45	0.00	0.00	0.00	0.00	9.07	0.00	0.12
399	41.00	58.00	377.15	29859.84	18857.48	538557.45	538557.45	0.00	0.00	0.00	0.00	9.04	0.00	0.12
400	41.00	59.00	377.15	29859.84	18857.48	538557.45	538557.45	0.00	0.00	0.00	0.00	9.07	0.00	0.12
401	42.00	59.00	377.15	29859.84	18857.48	538557.45	538557.45	0.00	0.00	0.00	0.00	8.98	0.00	0.12
402	43.00	59.00	377.15	29859.84	18857.48	538557.45	538557.45	0.00	0.00	0.00	0.00	8.89	0.00	0.12
403	44.00	59.00	377.15	29859.84	18857.48	538557.45	538557.45	0.00	0.00	0.00	0.00	8.81	0.00	0.12
404	45.00	59.00	377.15	29859.84	18857.48	538557.45	538557.45	0.00	0.00	0.00	0.00	8.72	0.00	0.12
405	46.00	59.00	377.15	29859.84	18857.48	538557.45	538557.45	0.00	0.00	0.00	0.00	8.64	0.00	0.12
406	46.00	60.00	377.15	29859.84	18857.48	538557.45	538557.45	0.00	0.00	0.00	0.00	8.69	0.00	0.12
407	47.00	60.00	377.15	29859.84	18857.48	538557.45	538557.45	0.00	0.00	0.00	0.00	8.60	0.00	0.12
408	47.00	61.00	377.15	29859.84	18857.48	538557.45	538557.45	0.00	0.00	0.00	0.00	8.55	0.00	0.12
409	47.00	62.00	377.15	29859.84	18857.48	538557.45	538557.45	0.00	0.00	0.00	0.00	8.61	0.00	0.12
410	48.00	62.00	377.15	29859.84	18857.48	538557.45	538557.45	0.00	0.00	0.00	0.00	8.53	0.00	0.12
411	49.00	62.00	377.15	29859.84	18857.48	538557.45	538557.45	0.00	0.00	0.00	0.00	8.45	0.00	0.12
412	49.00	63.00	377.15	29859.84	18857.48	538557.45	538557.45	0.00	0.00	0.00	0.00	8.43	0.00	0.12
413	49.00	64.00	377.15	29859.84	18857.48	538557.45	538557.45	0.00	0.00	0.00	0.00	8.46	0.00	0.12
414	50.00	64.00	377.15	29859.84	18857.48	538557.45	538557.45	0.00	0.00	0.00	0.00	8.38	0.00	0.12
415	50.00	65.00	377.15	29859.84	18857.48	538557.45	538557.45	0.00	0.00	0.00	0.00	8.41	0.00	0.12
416	51.00	65.00	377.15	29859.84	18857.48	538557.45	538557.45	0.00	0.00	0.00	0.00	8.34	0.00	0.12
417	52.00	65.00	377.15	29859.84	18857.48	538557.45	538557.45	0.00	0.00	0.00	0.00	8.27	0.00	0.12
418	53.00	65.00	377.15	29859.84	18857.48	538557.45	538557.45	0.00	0.00	0.00	0.00	8.20	0.00	0.12
419	54.00	65.00	377.15	29859.84	18857.48	538557.45	538557.45	0.00	0.00	0.00	0.00	8.13	0.00	0.12
420	54.00	66.00	377.15	29859.84	18857.48	538557.45	538557.45	0.00	0.00	0.00	0.00	8.08	0.00	0.12
421	54.00	67.00	377.15	29859.84	18857.48	538557.45	538557.45	0.00	0.00	0.00	0.00	8.16	0.00	0.12
422	54.00	68.00	377.15	29859.84	18857.48	538557.45	538557.45	0.00	0.00	0.00	0.00	8.18	0.00	0.12
423	55.00	68.00	377.15	29859.84	18857.48	538557.45	538557.45	0.00	0.00	0.00	0.00	8.12	0.00	0.12
424	56.00	68.00	377.15	29859.84	18857.48	538557.45	538557.45	0.00	0.00	0.00	0.00	8.05	0.00	0.12
425	57.00	68.00	377.15	29859.84	18857.48	538557.45	538557.45	0.00	0.00	0.00	0.00	7.99	0.00	0.12
426	57.00	69.00	377.15	29859.84	18857.48	538557.45	538557.45	0.00	0.00	0.00	0.00	8.01	0.00	0.12
427	57.00	70.00	377.15	29859.84	18857.48	538557.45	538557.45	0.00	0.00	0.00	0.00	7.98	0.00	0.12
428	58.00	70.00	377.15	29859.84	18857.48	538557.45	538557.45	0.00	0.00	0.00	0.00	7.92	0.00	0.12
429	58.00	71.00	377.15	29859.84	18857.48	538557.45	538557.45	0.00	0.00	0.00	0.00	7.95	0.00	0.12
430	58.00	72.00	377.15	29859.84	18857.48	538557.45	538557.45	0.00	0.00	0.00	0.00	8.02	0.00	0.12
431	59.00	72.00	377.15	29859.84	18857.48	538557.45	538557.45	0.00	0.00	0.00	0.00	7.96	0.00	0.12
432	60.00	72.00	377.15	29859.84	18857.48	538557.45	538557.45	0.00	0.00	0.00	0.00	7.90	0.00	0.12
433	61.00	72.00	377.15	29859.84	18857.48	538557.45	538557.45	0.00	0.00	0.00	0.00	7.84	0.00	0.12
434	62.00	72.00	377.15	29859.84	18857.48	538557.45	538557.45	0.00	0.00	0.00	0.00	7.78	0.00	0.12
435	63.00	72.00	377.15	29859.84	18857.48	538557.45	538557.45	0.00	0.00	0.00	0.00	7.73	0.00	0.12
436	63.00	73.00	377.15	29859.84	18857.48	538557.45	538557.45	0.00	0.00	0.00	0.00	7.72	0.00	0.12
437	64.00	73.00	377.15	29859.84	18857.48	538557.45	538557.45	0.00	0.00	0.00	0.00	7.66	0.00	0.12
438	65.00	73.00	377.15	29859.84	18857.48	538557.45	538557.45	0.00	0.00	0.00	0.00	7.61	0.00	0.12
439	66.00	73.00	377.15	29859.84	18857.48	538557.45	538557.45	0.00	0.00	0.00	0.00	7.55	0.00	0.12
440	66.00	74.00	377.15	29859.84	18857.48	538557.45	538557.45	0.00	0.00	0.00	0.00	7.56	0.00	0.12
441	66.00	25.00	377.15	29859.84	18857.48	538557.45	538557.45	0.00	0.00	0.00	0.00	3.79	0.00	0.12
442	67.00	25.00	377.15	29859.84	18857.48	538557.45	538557.45	0.00	0.00	0.00	0.00	3.75	0.00	0.12
443	67.00	26.00	377.15	29859.84	18857.48	538557.45	538557.45	0.00	0.00	0.00	0.00	3.88	0.00	0.12
444	68.00	26.00	377.15	29859.84	18857.48	538557.45	538557.45	0.00	0.00	0.00	0.00	3.84	0.00	0.12
445	69.00	26.00	377.15	29859.84	18857.48	538557.45	538557.45	0.00	0.00	0.00	0.00	3.80	0.00	0.12
446	69.00	27.00	377.15	29859.84	18857.48	538557.45	538557.45	0.00	0.00	0.00	0.00	3.92	0.00	0.12
447	69.00	28.00	377.15	29859.84	18857.48	538557.45	538557.45	0.00	0.00	0.00	0.00	4.00	0.00	0.12
448	70.00	28.00	377.15	29859.84	18857.48	538557.45	538557.45	0.00	0.00	0.00	0.00	3.96	0.00	0.12
449	70.00	29.00	377.15	29859.84	18857.48	538557.45	538557.45	0.00	0.00	0.00	0.00	4.03	0.00	0.12
450	71.00	29.00	377.15	29859.84	18857.48	538557.45	538557.45	0.00	0.00	0.00	0.00	3.99	0.00	0.12
451	72.00	29.00	377.15	29859.84	18857.48	538557.45	538557.45	0.00	0.00	0.00	0.00	3.95	0.00	0.12
452	73.00	29.00	377.15	29859.84	18857.48	538557.45	538557.45	0.00	0.00	0.00	0.00	3.91	0.00	0.12
453	74.00	29.00	377.15	29859.84	18857.48	538557.45	538557.45	0.00	0.00	0.00	0.00	3.87	0.00	0.12
454	25.00	29.00	377.15	29859.84	18857.48	538557.45	538557.45	0.00	0.00	0.00	0.00	7.39	0.00	0.12
455	26.00	29.00	377.15	29859.84	18857.48	538557.45	538557.45	0.00	0.00	0.00	0.00	8.98	0.00	0.12
456	27.00	29.00	320.58	35831.81	16028.85	538557.45	538557.45	0.00	0.00	0.00	0.00	8.82	0.00	0.12
457	28.00	29.00	320.58	35831.81	16028.85	538557.45	538557.45	0.00	0.00	0.00	0.00	8.66	0.00	0.12
458	28.00	30.00	320.58	35831.81	16028.85	538557.45	538557.45	0.00	0.00	0.00	0.00	8.71	0.00	0.12
459	29.00	30.00	320.58	35831.81	16028.85	538557.45	538557.45	0.00	0.00	0.00	0.00	8.56	0.00	0.12
460	30.00	30.00	320.58	35831.81	16028.85	538557.45	538557.45	0.00	0.00	0.00	0.00	8.42	0.00	0.12
461	30.00	31.00	320.58	35831.81	16028.85	538557.45	538557.45	0.00	0.00	0.00	0.00	8.56	0.00	0.12
462	31.00	31.00	320.58	35831.81	16028.85	538557.45	538557.45	0.00	0.00	0.00	0.00	8.42	0.00	0.12
463	32.00	31.00	320.58	35831.81	16028.85	538557.45	538557.45	0.00	0.00	0.00	0.00	8.29	0.00	0.12
464	33.00	31.00	320.58	35831.81	16028.85	538557.45	538557.45	0.00	0.00	0.00	0.00	8.16	0.00	0.12
465	34.00	31.00	320.58	35831.81	16028.85	538557.45	538557.45	0.00	0.00	0.00	0.00	8.03	0.00	0.12
466	34.00	32.00	320.58	35831.81	16028.85	538557.45	538557.45	0.00	0.00	0.00	0.00	8.08	0.00	0.12
467	35.00	32.00	320.58	35831.81	16028.85	538557.45	538557.45	0.00	0.00	0.00	0.00	7.96	0.00	0.12
468	35.00	33.00	320.58	35831.81	16028.85	538557.45	538557.45	0.00	0.00	0.00	0.00	7.90	0.00	0.12
469	36.00	33.00	320.58	35831.81	16028.85	538557.45	538557.45	0.00	0.00	0.00	0.00	7.79	0.00	0.12
470	36.00	34.00	320.58	35831.81	16028.85	538557.45	538557.45	0.00	0.00	0.00	0.00	7.78	0.00	0.12
471	36.00	35.00	320.58	35831.81	16028.85	538557.45	538557.45	0.00	0.00	0.00	0.00	7.71	0.00	0.12
472	36.00	36.00	320.58	35831.81	16028.85	538557.45	538557.45	0.00	0.00	0.00	0.00	8.13	0.00	0.12
473	36.00	37.00	320.58	35831.81	16028.85	538557.45	538557.45	0.00	0.00	0.00	0.00	8.06	0.00	0.12
474	36.00	38.00	320.58	35831.81	16028.85	538557.45	538557.45	0.00	0.00	0.00	0.00	8.11	0.00	0.12
475	37.00	38.00	320.58	35831.81	16028.85	538557.45	538557.45	0.00	0.00	0.00	0.00	8.00	0.00	0.12
476	37.00	39.00	320.58	35831.81	16028.85	538557.45	538557.45	0.00	0.00	0.00	0.00	8.11	0.00	0.12
477	37.00	40.00	320.58	35831.81	16028.85	538557.45	538557.45	0.00	0.00	0.00	0.00	8.15	0.00	0.12
478	38.00	40.00	320.58	35831.81	16028.85	538557.45	538557.45	0.00	0.00	0.00	0.00	8.05	0.00	0.12
479	39.00	40.00	320.58	35831.81	16028.85	538557.45	538557.45	0.00	0.00	0.00	0.00	7.94	0.00	0.12
480	39.00	41.00	320.58	35831.81	16028.85	538557.45	538557.45	0.00	0.00	0.00	0.00	8.05	0.00	0.12
481	39.00	42.00	320.58	35831.81	16028.85	538557.45	538557.45	0.00	0.00	0.00	0.00	8.14	0.00	0.12
482	39.00	43.00	320.58	35831.81	16028.85	538557.45	538557.45	0.00	0.00	0.00	0.00	8.25	0.00	0.12
483	39.00	44.00	320.58	35831.81	16028.85	538557.45	538557.45	0.00	0.00	0.00	0.00	8.24	0.00	0.12
484	40.00	44.00	320.58	35831.81	16028.85	538557.45	538557.45	0.00	0.00	0.00	0.00	8.14	0.00	0.12
485	40.00	45.00	320.58	35831.81	16028.85	538557.45	538557.45	0.00	0.00	0.00	0.00	8.31	0.00	0.12
486	41.00	45.00	320.58	35831.81	16028.85	538557.45	538557.45	0.00	0.00	0.00	0.00	8.21	0.00	0.12
487	42.00	45.00	320.58	35831.81	16028.85	538557.45	538557.45	0.00	0.00	0.00	0.00	8.12	0.00	0.12
488	42.00	46.00	320.58	35831.81	16028.85	538557.45	538557.45	0.00	0.00	0.00	0.00	8.20	0.00	0.12
489	42.00	47.00	320.58	35831.81	16028.85	538557.45	538557.45	0.00	0.00	0.00	0.00	8.19	0.00	0.12
490	42.00	48.00	320.58	35831.81	16028.85	538557.45	538557.45	0.00	0.00	0.00	0.00	8.22	0.00	0.12
491	42.00	49.00	320.58	35831.81	16028.85	538557.45	538557.45	0.00	0.00	0.00	0.00	8.16	0.00	0.12
492	43.00	49.00	320.58	35831.81	16028.85	538557.45	538557.45	0.00	0.00	0.00	0.00	8.08	0.00	0.12
493	44.00	49.00	320.58	35831.81	16028.85	538557.45	538557.45	0.00	0.00	0.00	0.00	7.99	0.00	0.12
494	45.00	49.00	320.58	35831.81	16028.85	538557.45	538557.45	0.00	0.00	0.00	0.00	7.90	0.00	0.12
495	46.00	49.00	320.58	35831.81	16028.85	538557.45	538557.45	0.00	0.00	0.00	0.00	7.82	0.00	0.12
496	47.00	49.00	320.58	35831.81	16028.85	538557.45	538557.45	0.00	0.00	0.00	0.00	7.74	0.00	0.12
497	47.00	50.00	320.58	35831.81	16028.85	538557.45	538557.45	0.00	0.00	0.00	0.00	8.16	0.00	0.12
498	48.00	50.00	320.58	35831.81	16028.85	538557.45	538557.45	0.00	0.00	0.00	0.00	8.08	0.00	0.12
499	49.00	50.00	320.58	35831.81	16028.85	538557.45	538557.45	0.00	0.00	0.00	0.00	7.99	0.00	0.12
500	50.00	50.00	320.58	35831.81	16028.85	538557.45	538557.45	0.00	0.00	0.00	0.00	7.91	0.00	0.12
501	51.00	50.00	320.58	35831.81	16028.85	538557.45	538557.45	0.00	0.00	0.00	0.00	7.84	0.00	0.12
502	52.00	50.00	320.58	35831.81	16028.85	538557.45	538557.45	0.00	0.00	0.00	0.00	7.76	0.00	0.12
503	52.00	51.00	320.58	35831.81	16028.85	538557.45	538557.45	0.00	0.00	0.00	0.00	7.76	0.00	0.12
504	53.00	51.00	320.58	35831.81	16028.85	538557.45	538557.45	0.00	0.00	0.00	0.00	7.69	0.00	0.12
505	54.00	51.00	320.58	35831.81	16028.85	538557.45	538557.45	0.00	0.00	0.00	0.00	7.61	0.00	0.12
506	54.00	52.00	320.58	35831.81	16028.85	538557.45	538557.45	0.00	0.00	0.00	0.00	7.62	0.00	0.12
507	55.00	52.00	320.58	35831.81	16028.85	538557.45	538557.45	0.00	0.00	0.00	0.00	7.55	0.00	0.12
508	56.00	52.00	320.58	35831.81	16028.85	538557.45	538557.45	0.00	0.00	0.00	0.00	7.48	0.00	0.12
509	56.00	53.00	320.58	35831.81	16028.85	538557.45	538557.45	0.00	0.00	0.00	0.00	7.70	0.00	0.12
510	57.00	53.00	320.58	35831.81	16028.85	538557.45	538557.45	0.00	0.00	0.00	0.00	7.63	0.00	0.12
511	58.00	53.00	320.58	35831.81	16028.85	538557.45	538557.45	0.00	0.00	0.00	0.00	7.56	0.00	0.12
512	59.00	53.00	320.58	35831.81	16028.85	538557.45	538557.45	0.00	0.00	0.00	0.00	7.49	0.00	0.12
513	60.00	53.00	320.58	35831.81	16028.85	538557.45	538557.45	0.00	0.00	0.00	0.00	7.43	0.00	0.12
514	61.00	53.00	320.58	35831.81	16028.85	538557.45	538557.45	0.00	0.00	0.00	0.00	7.36	0.00	0.12
515	61.00	54.00	320.58	35831.81	16028.85	538557.45	538557.45	0.00	0.00	0.00	0.00	7.41	0.00	0.12
516	62.00	54.00	320.58	35831.81	16028.85	538557.45	538557.45	0.00	0.00	0.00	0.00	7.35	0.00	0.12
517	62.00	55.00	320.58	35831.81	16028.85	538557.45	538557.45	0.00	0.00	0.00	0.00	7.31	0.00	0.12
518	63.00	55.00	320.58	35831.81	16028.85	538557.45	538557.45	0.00	0.00	0.00	0.00	7.25	0.00	0.12
519	63.00	56.00	320.58	35831.81	16028.85	538557.45	538557.45	0.00	0.00	0.00	0.00	7.26	0.00	0.12
520	63.00	57.00	320.58	35831.81	16028.85	538557.45	538557.45	0.00	0.00	0.00	0.00	7.22	0.00	0.12
521	63.00	58.00	320.58	35831.81	16028.85	538557.45	538557.45	0.00	0.00	0.00	0.00	7.26	0.00	0.12
522	64.00	58.00	320.58	35831.81	16028.85	538557.45	538557.45	0.00	0.00	0.00	0.00	7.20	0.00	0.12
523	64.00	59.00	320.58	35831.81	16028.85	538557.45	538557.45	0.00	0.00	0.00	0.00	7.20	0.00	0.12
524	65.00	59.00	320.58	35831.81	16028.85	538557.45	538557.45	0.00	0.00	0.00	0.00	7.15	0.00	0.12
525	66.00	59.00	320.58	35831.81	16028.85	538557.45	538557.45	0.00	0.00	0.00	0.00	7.09	0.00	0.12
526	67.00	59.00	320.58	35831.81	16028.85	538557.45	538557.45	0.00	0.00	0.00	0.00	7.03	0.00	0.12
527	67.00	60.00	320.58	35831.81	16028.85	538557.45	538557.45	0.00	0.00	0.00	0.00	7.03	0.00	0.12
528	67.00	61.00	320.58	35831.81	16028.85	538557.45	538557.45	0.00	0.00	0.00	0.00	7.06	0.00	0.12
529	67.00	62.00	320.58	35831.81	16028.85	538557.45	538557.45	0.00	0.00	0.00	0.00	7.04	0.00	0.12
530	67.00	63.00	320.58	35831.81	16028.85	538557.45	538557.45	0.00	0.00	0.00	0.00	7.07	0.00	0.12
531	68.00	63.00	320.58	35831.81	16028.85	538557.45	538557.45	0.00	0.00	0.00	0.00	7.02	0.00	0.12
532	69.00	63.00	320.58	35831.81	16028.85	538557.45	538557.45	0.00	0.00	0.00	0.00	6.96	0.00	0.12
533	69.00	64.00	320.58	35831.81	16028.85	538557.45	538557.45	0.00	0.00	0.00	0.00	6.97	0.00	0.12
534	70.00	64.00	320.58	35831.81	16028.85	538557.45	538557.45	0.00	0.00	0.00	0.00	6.92	0.00	0.12
535	71.00	64.00	320.58	35831.81	16028.85	538557.45	538557.45	0.00	0.00	0.00	0.00	6.87	0.00	0.12
536	71.00	65.00	320.58	35831.81	16028.85	538557.45	538557.45	0.00	0.00	0.00	0.00	7.06	0.00	0.12
537	71.00	66.00	320.58	35831.81	16028.85	538557.45	538557.45	0.00	0.00	0.00	0.00	7.06	0.00	0.12
538	71.00	67.00	320.58	35831.81	16028.85	538557.45	538557.45	0.00	0.00	0.00	0.00	7.13	0.00	0.12
539	71.00	68.00	320.58	35831.81	16028.85	538557.45	538557.45	0.00	0.00	0.00	0.00	7.11	0.00	0.12
540	71.00	69.00	320.58	35831.81	16028.85	538557.45	538557.45	0.00	0.00	0.00	0.00	7.16	0.00	0.12
541	72.00	69.00	320.58	35831.81	16028.85	538557.45	538557.45	0.00	0.00	0.00	0.00	7.11	0.00	0.12
542	73.00	69.00	320.58	35831.81	16028.85	538557.45	538557.45	0.00	0.00	0.00	0.00	7.06	0.00	0.12
543	74.00	69.00	320.58	35831.81	16028.85	538557.45	538557.45	0.00	0.00	0.00	0.00	7.01	0.00	0.12
544	74.00	70.00	320.58	35831.81	16028.85	538557.45	538557.45	0.00	0.00	0.00	0.00	7.26	0.00	0.12
545	25.00	70.00	320.58	35831.81	16028.85	538557.45	538557.45	0.00	0.00	0.00	0.00	11.01	0.00	0.12
546	26.00	70.00	320.58	35831.81	16028.85	538557.45	538557.45	0.00	0.00	0.00	0.00	10.89	0.00	0.12
547	27.00	70.00	320.58	35831.81	16028.85	538557.45	538557.45	0.00	0.00	0.00	0.00	10.78	0.00	0.12
548	27.00	71.00	320.58	35831.81	16028.85	538557.45	538557.45	0.00	0.00	0.00	0.00	10.70	0.00	0.12
549	27.00	72.00	320.58	35831.81	16028.85	538557.45	538557.45	0.00	0.00	0.00	0.00	10.71	0.00	0.12
550	27.00	73.00	320.58	35831.81	16028.85	538557.45	538557.45	0.00	0.00	0.00	0.00	11.04	0.00	0.12
551	27.00	74.00	320.58	35831.81	16028.85	538557.45	538557.45	0.00	0.00	0.00	0.00	11.04	0.00	0.12
552	28.00	74.00	320.58	35831.81	16028.85	538557.45	538557.45	0.00	0.00	0.00	0.00	10.93	0.00	0.12
553	28.00	25.00	320.58	35831.81	16028.85	538557.45	538557.45	0.00	0.00	0.00	0.00	6.07	0.00	0.12
554	29.00	25.00	320.58	35831.81	16028.85	538557.45	538557.45	0.00	0.00	0.00	0.00	5.96	0.00	0.12
555	29.00	26.00	320.58	35831.81	16028.85	538557.45	538557.45	0.00	0.00	0.00	0.00	6.41	0.00	0.12
556	29.00	27.00	272.49	42998.17	13624.53	538557.45	538557.45	0.00	0.00	0.00	0.00	6.64	0.00	0.12
557	30.00	27.00	272.49	42998.17	13624.53	538557.45	538557.45	0.00	0.00	0.00	0.00	6.53	0.00	0.12
558	31.00	27.00	272.49	42998.17	13624.53	538557.45	538557.45	0.00	0.00	0.00	0.00	6.42	0.00	0.12
559	32.00	27.00	272.49	42998.17	13624.53	538557.45	538557.45	0.00	0.00	0.00	0.00	6.31	0.00	0.12
560	32.00	28.00	272.49	42998.17	13624.53	538557.45	538557.45	0.00	0.00	0.00	0.00	6.51	0.00	0.12
561	32.00	29.00	272.49	42998.17	13624.53	538557.45	538557.45	0.00	0.00	0.00	0.00	6.45	0.00	0.12
562	33.00	29.00	272.49	42998.17	13624.53	538557.45	538557.45	0.00	0.00	0.00	0.00	6.35	0.00	0.12
563	34.00	29.00	272.49	42998.17	13624.53	538557.45	538557.45	0.00	0.00	0.00	0.00	6.25	0.00	0.12
564	35.00	29.00	272.49	42998.17	13624.53	538557.45	538557.45	0.00	0.00	0.00	0.00	6.15	0.00	0.12
565	35.00	30.00	272.49	42998.17	13624.53	538557.45	538557.45	0.00	0.00	0.00	0.00	6.23	0.00	0.12
566	35.00	31.00	272.49	42998.17	13624.53	538557.45	538557.45	0.00	0.00	0.00	0.00	6.51	0.00	0.12
567	36.00	31.00	272.49	42998.17	13624.53	538557.45	538557.45	0.00	0.00	0.00	0.00	6.41	0.00	0.12
568	37.00	31.00	272.49	42998.17	13624.53	538557.45	538557.45	0.00	0.00	0.00	0.00	6.32	0.00	0.12
569	38.00	31.00	272.49	42998.17	13624.53	538557.45	538557.45	0.00	0.00	0.00	0.00	6.22	0.00	0.12
570	39.00	31.00	272.49	42998.17	13624.53	538557.45	538557.45	0.00	0.00	0.00	0.00	6.14	0.00	0.12
571	40.00	31.00	272.49	42998.17	13624.53	538557.45	538557.45	0.00	0.00	0.00	0.00	6.05	0.00	0.12
572	41.00	31.00	272.49	42998.17	13624.53	538557.45	538557.45	0.00	0.00	0.00	0.00	5.97	0.00	0.12
573	41.00	32.00	272.49	42998.17	13624.53	538557.45	538557.45	0.00	0.00	0.00	0.00	6.01	0.00	0.12
574	41.00	33.00	272.49	42998.17	13624.53	538557.45	538557.45	0.00	0.00	0.00	0.00	6.11	0.00	0.12
575	41.00	34.00	272.49	42998.17	13624.53	538557.45	538557.45	0.00	0.00	0.00	0.00	6.20	0.00	0.12
576	42.00	34.00	272.49	42998.17	13624.53	538557.45	538557.45	0.00	0.00	0.00	0.00	6.12	0.00	0.12
577	42.00	35.00	272.49	42998.17	13624.53	538557.45	538557.45	0.00	0.00	0.00	0.00	6.16	0.00	0.12
578	43.00	35.00	272.49	42998.17	13624.53	538557.45	538557.45	0.00	0.00	0.00	0.00	6.08	0.00	0.12
579	44.00	35.00	272.49	42998.17	13624.53	538557.45	538557.45	0.00	0.00	0.00	0.00	6.00	0.00	0.12
580	45.00	35.00	272.49	42998.17	13624.53	538557.45	538557.45	0.00	0.00	0.00	0.00	5.92	0.00	0.12
581	45.00	36.00	272.49	42998.17	13624.53	538557.45	538557.45	0.00	0.00	0.00	0.00	6.03	0.00	0.12
582	45.00	37.00	272.49	42998.17	13624.53	538557.45	538557.45	0.00	0.00	0.00	0.00	6.39	0.00	0.12
583	46.00	37.00	272.49	42998.17	13624.53	538557.45	538557.45	0.00	0.00	0.00	0.00	6.31	0.00	0.12
584	47.00	37.00	272.49	42998.17	13624.53	538557.45	538557.45	0.00	0.00	0.00	0.00	6.24	0.00	0.12
585	48.00	37.00	272.49	42998.17	13624.53	538557.45	538557.45	0.00	0.00	0.00	0.00	6.16	0.00	0.12
586	49.00	37.00	272.49	42998.17	13624.53	538557.45	538557.45	0.00	0.00	0.00	0.00	6.09	0.00	0.12
587	49.00	38.00	272.49	42998.17	13624.53	538557.45	538557.45	0.00	0.00	0.00	0.00	6.19	0.00	0.12
588	49.00	39.00	272.49	42998.17	13624.53	538557.45	538557.45	0.00	0.00	0.00	0.00	6.25	0.00	0.12
589	49.00	40.00	272.49	42998.17	13624.53	538557.45	538557.45	0.00	0.00	0.00	0.00	6.27	0.00	0.12
590	50.00	40.00	272.49	42998.17	13624.53	538557.45	538557.45	0.00	0.00	0.00	0.00	6.20	0.00	0.12
591	51.00	40.00	272.49	42998.17	13624.53	538557.45	538557.45	0.00	0.00	0.00	0.00	6.13	0.00	0.12
592	51.00	41.00	272.49	42998.17	13624.53	538557.45	538557.45	0.00	0.00	0.00	0.00	6.29	0.00	0.12
593	52.00	41.00	272.49	42998.17	13624.53	538557.45	538557.45	0.00	0.00	0.00	0.00	6.22	0.00	0.12
594	53.00	41.00	272.49	42998.17	13624.53	538557.45	538557.45	0.00	0.00	0.00	0.00	6.16	0.00	0.12
595	53.00	42.00	272.49	42998.17	13624.53	538557.45	538557.45	0.00	0.00	0.00	0.00	6.39	0.00	0.12
596	53.00	43.00	272.49	42998.17	13624.53	538557.45	538557.45	0.00	0.00	0.00	0.00	6.67	0.00	0.12
597	53.00	44.00	272.49	42998.17	13624.53	538557.45	538557.45	0.00	0.00	0.00	0.00	6.89	0.00	0.12
598	54.00	44.00	272.49	42998.17	13624.53	538557.45	538557.45	0.00	0.00	0.00	0.00	6.82	0.00	0.12
599	55.00	44.00	272.49	42998.17	13624.53	538557.45	538557.45	0.00	0.00	0.00	0.00	6.75	0.00	0.12
600	55.00	45.00	272.49	42998.17	13624.53	538557.45	538557.45	0.00	0.00	0.00	0.00	6.81	0.00	0.12
601	55.00	46.00	272.49	42998.17	13624.53	538557.45	538557.45	0.00	0.00	0.00	0.00	6.78	0.00	0.12
602	56.00	46.00	272.49	42998.17	13624.53	538557.45	538557.45	0.00	0.00	0.00	0.00	6.71	0.00	0.12
603	57.00	46.00	272.49	42998.17	13624.53	538557.45	538557.45	0.00	0.00	0.00	0.00	6.65	0.00	0.12
604	57.00	47.00	272.49	42998.17	13624.53	538557.45	538557.45	0.00	0.00	0.00	0.00	6.79	0.00	0.12
605	58.00	47.00	272.49	42998.17	13624.53	538557.45	538557.45	0.00	0.00	0.00	0.00	6.73	0.00	0.12
606	59.00	47.00	272.49	42998.17	13624.53	538557.45	538557.45	0.00	0.00	0.00	0.00	6.66	0.00	0.12
607	60.00	47.00	272.49	42998.17	13624.53	538557.45	538557.45	0.00	0.00	0.00	0.00	6.60	0.00	0.12
608	61.00	47.00	272.49	42998.17	13624.53	538557.45	538557.45	0.00	0.00	0.00	0.00	6.54	0.00	0.12
609	61.00	48.00	272.49	42998.17	13624.53	538557.45	538557.45	0.00	0.00	0.00	0.00	6.81	0.00	0.12
610	61.00	49.00	272.49	42998.17	13624.53	538557.45	538557.45	0.00	0.00	0.00	0.00	6.77	0.00	0.12
611	61.00	50.00	272.49	42998.17	13624.53	538557.45	538557.45	0.00	0.00	0.00	0.00	6.86	0.00	0.12
612	61.00	51.00	272.49	42998.17	13624.53	538557.45	538557.45	0.00	0.00	0.00	0.00	6.98	0.00	0.12
613	62.00	51.00	272.49	42998.17	13624.53	538557.45	538557.45	0.00	0.00	0.00	0.00	6.92	0.00	0.12
614	62.00	52.00	272.49	42998.17	13624.53	538557.45	538557.45	0.00	0.00	0.00	0.00	6.92	0.00	0.12
615	63.00	52.00	272.49	42998.17	13624.53	538557.45	538557.45	0.00	0.00	0.00	0.00	6.86	0.00	0.12
616	63.00	53.00	272.49	42998.17	13624.53	538557.45	538557.45	0.00	0.00	0.00	0.00	7.05	0.00	0.12
617	64.00	53.00	272.49	42998.17	13624.53	538557.45	538557.45	0.00	0.00	0.00	0.00	6.99	0.00	0.12
618	65.00	53.00	272.49	42998.17	13624.53	538557.45	538557.45	0.00	0.00	0.00	0.00	6.93	0.00	0.12
619	66.00	53.00	272.49	42998.17	13624.53	538557.45	538557.45	0.00	0.00	0.00	0.00	6.87	0.00	0.12
620	67.00	53.00	272.49	42998.17	13624.53	538557.45	538557.45	0.00	0.00	0.00	0.00	6.81	0.00	0.12
621	67.00	54.00	272.49	42998.17	13624.53	538557.45	538557.45	0.00	0.00	0.00	0.00	6.91	0.00	0.12
622	68.00	54.00	272.49	42998.17	13624.53	538557.45	538557.45	0.00	0.00	0.00	0.00	6.85	0.00	0.12
623	69.00	54.00	272.49	42998.17	13624.53	538557.45	538557.45	0.00	0.00	0.00	0.00	6.80	0.00	0.12
624	70.00	54.00	272.49	42998.17	13624.53	538557.45	538557.45	0.00	0.00	0.00	0.00	6.74	0.00	0.12
625	71.00	54.00	272.49	42998.17	13624.53	538557.45	538557.45	0.00	0.00	0.00	0.00	6.69	0.00	0.12
626	71.00	55.00	272.49	42998.17	13624.53	538557.45	538557.45	0.00	0.00	0.00	0.00	6.90	0.00	0.12
627	71.00	56.00	272.49	42998.17	13624.53	538557.45	538557.45	0.00	0.00	0.00	0.00	6.98	0.00	0.12
628	72.00	56.00	272.49	42998.17	13624.53	538557.45	538557.45	0.00	0.00	0.00	0.00	6.93	0.00	0.12
629	72.00	57.00	272.49	42998.17	13624.53	538557.45	538557.45	0.00	0.00	0.00	0.00	6.96	0.00	0.12
630	72.00	58.00	272.49	42998.17	13624.53	538557.45	538557.45	0.00	0.00	0.00	0.00	7.02	0.00	0.12
631	72.00	59.00	272.49	42998.17	13624.53	538557.45	538557.45	0.00	0.00	0.00	0.00	7.05	0.00	0.12
632	73.00	59.00	272.49	42998.17	13624.53	538557.45	538557.45	0.00	0.00	0.00	0.00	7.00	0.00	0.12
633	73.00	60.00	272.49	42998.17	13624.53	538557.45	538557.45	0.00	0.00	0.00	0.00	7.18	0.00	0.12
634	74.00	60.00	272.49	42998.17	13624.53	538557.45	538557.45	0.00	0.00	0.00	0.00	7.13	0.00	0.12
635	25.00	60.00	272.49	42998.17	13624.53	538557.45	538557.45	0.00	0.00	0.00	0.00	11.24	0.00	0.12
636	25.00	61.00	272.49	42998.17	13624.53	538557.45	538557.45	0.00	0.00	0.00	0.00	11.66	0.00	0.12
637	26.00	61.00	272.49	42998.17	13624.53	538557.45	538557.45	0.00	0.00	0.00	0.00	11.52	0.00	0.12
638	26.00	62.00	272.49	42998.17	13624.53	538557.45	538557.45	0.00	0.00	0.00	0.00	11.58	0.00	0.12
639	27.00	62.00	272.49	42998.17	13624.53	538557.45	538557.45	0.00	0.00	0.00	0.00	11.45	0.00	0.12
640	28.00	62.00	272.49	42998.17	13624.53	538557.45	538557.45	0.00	0.00	0.00	0.00	11.33	0.00	0.12
641	28.00	63.00	272.49	42998.17	13624.53	538557.45	538557.45	0.00	0.00	0.00	0.00	11.39	0.00	0.12
642	28.00	64.00	272.49	42998.17	13624.53	538557.45	538557.45	0.00	0.00	0.00	0.00	11.36	0.00	0.12
643	29.00	64.00	272.49	42998.17	13624.53	538557.45	538557.45	0.00	0.00	0.00	0.00	11.24	0.00	0.12
644	29.00	65.00	272.49	42998.17	13624.53	538557.45	538557.45	0.00	0.00	0.00	0.00	11.19	0.00	0.12
645	29.00	66.00	272.49	42998.17	13624.53	538557.45	538557.45	0.00	0.00	0.00	0.00	11.38	0.00	0.12
646	29.00	67.00	272.49	42998.17	13624.53	538557.45	538557.45	0.00	0.00	0.00	0.00	11.30	0.00	0.12
647	29.00	68.00	272.49	42998.17	13624.53	538557.45	538557.45	0.00	0.00	0.00	0.00	11.20	0.00	0.12
648	30.00	68.00	272.49	42998.17	13624.53	538557.45	538557.45	0.00	0.00	0.00	0.00	11.08	0.00	0.12
649	31.00	68.00	272.49	42998.17	13624.53	538557.45	538557.45	0.00	0.00	0.00	0.00	10.97	0.00	0.12
650	32.00	68.00	272.49	42998.17	13624.53	538557.45	538557.45	0.00	0.00	0.00	0.00	10.86	0.00	0.12
651	33.00	68.00	272.49	42998.17	13624.53	538557.45	538557.45	0.00	0.00	0.00	0.00	10.76	0.00	0.12
652	33.00	69.00	272.49	42998.17	13624.53	538557.45	538557.45	0.00	0.00	0.00	0.00	10.72	0.00	0.12
653	34.00	69.00	272.49	42998.17	13624.53	538557.45	538557.45	0.00	0.00	0.00	0.00	10.62	0.00	0.12
654	35.00	69.00	272.49	42998.17	13624.53	538557.45	538557.45	0.00	0.00	0.00	0.00	10.51	0.00	0.12
655	39.00	66.00	272.49	42998.17	13624.53	538557.45	538557.45	0.00	0.00	0.00	0.00	12.65	0.00	0.12
656	40.00	66.00	231.62	51597.80	11580.85	538557.45	538557.45	0.00	0.00	0.00	0.00	12.53	0.00	0.12
657	40.00	67.00	231.62	51597.80	11580.85	538557.45	538557.45	0.00	0.00	0.00	0.00	12.58	0.00	0.12
658	40.00	68.00	231.62	51597.80	11580.85	538557.45	538557.45	0.00	0.00	0.00	0.00	12.57	0.00	0.12
659	41.00	68.00	231.62	51597.80	11580.85	538557.45	538557.45	0.00	0.00	0.00	0.00	12.46	0.00	0.12
660	41.00	69.00	231.62	51597.80	11580.85	538557.45	538557.45	0.00	0.00	0.00	0.00	12.53	0.00	0.12
661	41.00	70.00	231.62	51597.80	11580.85	538557.45	538557.45	0.00	0.00	0.00	0.00	12.52	0.00	0.12
662	42.00	70.00	231.62	51597.80	11580.85	538557.45	538557.45	0.00	0.00	0.00	0.00	12.41	0.00	0.12
663	43.00	70.00	231.62	51597.80	11580.85	538557.45	538557.45	0.00	0.00	0.00	0.00	12.30	0.00	0.12
664	44.00	70.00	231.62	51597.80	11580.85	538557.45	538557.45	0.00	0.00	0.00	0.00	12.19	0.00	0.12
665	45.00	70.00	231.62	51597.80	11580.85	538557.45	538557.45	0.00	0.00	0.00	0.00	12.09	0.00	0.12
666	46.00	70.00	231.62	51597.80	11580.85	538557.45	538557.45	0.00	0.00	0.00	0.00	11.98	0.00	0.12
667	46.00	71.00	231.62	51597.80	11580.85	538557.45	538557.45	0.00	0.00	0.00	0.00	11.97	0.00	0.12
668	47.00	71.00	231.62	51597.80	11580.85	538557.45	538557.45	0.00	0.00	0.00	0.00	11.87	0.00	0.12
669	48.00	71.00	231.62	51597.80	11580.85	538557.45	538557.45	0.00	0.00	0.00	0.00	11.77	0.00	0.12
670	48.00	72.00	231.62	51597.80	11580.85	538557.45	538557.45	0.00	0.00	0.00	0.00	11.76	0.00	0.12
671	48.00	73.00	231.62	51597.80	11580.85	538557.45	538557.45	0.00	0.00	0.00	0.00	11.86	0.00	0.12
672	48.00	74.00	231.62	51597.80	11580.85	538557.45	538557.45	0.00	0.00	0.00	0.00	11.80	0.00	0.12
673	49.00	74.00	231.62	51597.80	11580.85	538557.45	538557.45	0.00	0.00	0.00	0.00	11.70	0.00	0.12
674	50.00	74.00	231.62	51597.80	11580.85	538557.45	538557.45	0.00	0.00	0.00	0.00	11.61	0.00	0.12
675	51.00	74.00	231.62	51597.80	11580.85	538557.45	538557.45	0.00	0.00	0.00	0.00	11.51	0.00	0.12
676	51.00	25.00	231.62	51597.80	11580.85	538557.45	538557.45	0.00	0.00	0.00	0.00	3.77	0.00	0.12
677	51.00	26.00	231.62	51597.80	11580.85	538557.45	538557.45	0.00	0.00	0.00	0.00	3.98	0.00	0.12
678	51.00	27.00	231.62	51597.80	11580.85	538557.45	538557.45	0.00	0.00	0.00	0.00	4.08	0.00	0.12
679	51.00	28.00	231.62	51597.80	11580.85	538557.45	538557.45	0.00	0.00	0.00	0.00	4.17	0.00	0.12
680	52.00	28.00	231.62	51597.80	11580.85	538557.45	538557.45	0.00	0.00	0.00	0.00	4.12	0.00	0.12
681	53.00	28.00	231.62	51597.80	11580.85	538557.45	538557.45	0.00	0.00	0.00	0.00	4.07	0.00	0.12
682	53.00	29.00	231.62	51597.80	11580.85	538557.45	538557.45	0.00	0.00	0.00	0.00	4.36	0.00	0.12
683	53.00	30.00	231.62	51597.80	11580.85	538557.45	538557.45	0.00	0.00	0.00	0.00	4.35	0.00	0.12
684	54.00	30.00	231.62	51597.80	11580.85	538557.45	538557.45	0.00	0.00	0.00	0.00	4.29	0.00	0.12
685	55.00	30.00	231.62	51597.80	11580.85	538557.45	538557.45	0.00	0.00	0.00	0.00	4.24	0.00	0.12
686	56.00	30.00	231.62	51597.80	11580.85	538557.45	538557.45	0.00	0.00	0.00	0.00	4.20	0.00	0.12
687	56.00	31.00	231.62	51597.80	11580.85	538557.45	538557.45	0.00	0.00	0.00	0.00	4.22	0.00	0.12
688	57.00	31.00	231.62	51597.80	11580.85	538557.45	538557.45	0.00	0.00	0.00	0.00	4.17	0.00	0.12
689	57.00	32.00	231.62	51597.80	11580.85	538557.45	538557.45	0.00	0.00	0.00	0.00	4.34	0.00	0.12
690	58.00	32.00	231.62	51597.80	11580.85	538557.45	538557.45	0.00	0.00	0.00	0.00	4.29	0.00	0.12
691	58.00	33.00	231.62	51597.80	11580.85	538557.45	538557.45	0.00	0.00	0.00	0.00	4.27	0.00	0.12
692	58.00	34.00	231.62	51597.80	11580.85	538557.45	538557.45	0.00	0.00	0.00	0.00	4.40	0.00	0.12
693	58.00	35.00	231.62	51597.80	11580.85	538557.45	538557.45	0.00	0.00	0.00	0.00	4.44	0.00	0.12
694	59.00	35.00	231.62	51597.80	11580.85	538557.45	538557.45	0.00	0.00	0.00	0.00	4.40	0.00	0.12
695	60.00	35.00	231.62	51597.80	11580.85	538557.45	538557.45	0.00	0.00	0.00	0.00	4.35	0.00	0.12
696	60.00	36.00	231.62	51597.80	11580.85	538557.45	538557.45	0.00	0.00	0.00	0.00	4.33	0.00	0.12
697	61.00	36.00	231.62	51597.80	11580.85	538557.45	538557.45	0.00	0.00	0.00	0.00	4.29	0.00	0.12
698	62.00	36.00	231.62	51597.80	11580.85	538557.45	538557.45	0.00	0.00	0.00	0.00	4.24	0.00	0.12
699	62.00	37.00	231.62	51597.80	11580.85	538557.45	538557.45	0.00	0.00	0.00	0.00	4.23	0.00	0.12
700	63.00	37.00	231.62	51597.80	11580.85	538557.45	538557.45	0.00	0.00	0.00	0.00	4.19	0.00	0.12
701	64.00	37.00	231.62	51597.80	11580.85	538557.45	538557.45	0.00	0.00	0.00	0.00	4.15	0.00	0.12
702	65.00	37.00	231.62	51597.80	11580.85	538557.45	538557.45	0.00	0.00	0.00	0.00	4.11	0.00	0.12
703	65.00	38.00	231.62	51597.80	11580.85	538557.45	538557.45	0.00	0.00	0.00	0.00	4.09	0.00	0.12
704	65.00	39.00	231.62	51597.80	11580.85	538557.45	538557.45	0.00	0.00	0.00	0.00	4.16	0.00	0.12
705	66.00	39.00	231.62	51597.80	11580.85	538557.45	538557.45	0.00	0.00	0.00	0.00	4.12	0.00	0.12
706	67.00	39.00	231.62	51597.80	11580.85	538557.45	538557.45	0.00	0.00	0.00	0.00	4.09	0.00	0.12
707	68.00	39.00	231.62	51597.80	11580.85	538557.45	538557.45	0.00	0.00	0.00	0.00	4.05	0.00	0.12
708	68.00	40.00	231.62	51597.80	11580.85	538557.45	538557.45	0.00	0.00	0.00	0.00	4.13	0.00	0.12
709	68.00	41.00	231.62	51597.80	11580.85	538557.45	538557.45	0.00	0.00	0.00	0.00	4.20	0.00	0.12
710	69.00	41.00	231.62	51597.80	11580.85	538557.45	538557.45	0.00	0.00	0.00	0.00	4.16	0.00	0.12
711	69.00	42.00	231.62	51597.80	11580.85	538557.45	538557.45	0.00	0.00	0.00	0.00	4.21	0.00	0.12
712	69.00	43.00	231.62	51597.80	11580.85	538557.45	538557.45	0.00	0.00	0.00	0.00	4.20	0.00	0.12
713	70.00	43.00	231.62	51597.80	11580.85	538557.45	538557.45	0.00	0.00	0.00	0.00	4.16	0.00	0.12
714	70.00	44.00	231.62	51597.80	11580.85	538557.45	538557.45	0.00	0.00	0.00	0.00	4.27	0.00	0.12
715	70.00	45.00	231.62	51597.80	11580.85	538557.45	538557.45	0.00	0.00	0.00	0.00	4.27	0.00	0.12
716	71.00	45.00	231.62	51597.80	11580.85	538557.45	538557.45	0.00	0.00	0.00	0.00	4.24	0.00	0.12
717	72.00	45.00	231.62	51597.80	11580.85	538557.45	538557.45	0.00	0.00	0.00	0.00	4.20	0.00	0.12
718	73.00	45.00	231.62	51597.80	11580.85	538557.45	538557.45	0.00	0.00	0.00	0.00	4.17	0.00	0.12
719	74.00	45.00	231.62	51597.80	11580.85	538557.45	538557.45	0.00	0.00	0.00	0.00	4.13	0.00	0.12
720	74.00	46.00	231.62	51597.80	11580.85	538557.45	538557.45	0.00	0.00	0.00	0.00	4.12	0.00	0.12
721	74.00	47.00	231.62	51597.80	11580.85	538557.45	538557.45	0.00	0.00	0.00	0.00	4.23	0.00	0.12
722	25.00	47.00	231.62	51597.80	11580.85	538557.45	538557.45	0.00	0.00	0.00	0.00	7.11	0.00	0.12
723	25.00	48.00	231.62	51597.80	11580.85	538557.45	538557.45	0.00	0.00	0.00	0.00	7.24	0.00	0.12
724	26.00	48.00	231.62	51597.80	11580.85	538557.45	538557.45	0.00	0.00	0.00	0.00	7.14	0.00	0.12
725	26.00	49.00	231.62	51597.80	11580.85	538557.45	538557.45	0.00	0.00	0.00	0.00	7.08	0.00	0.12
726	26.00	50.00	231.62	51597.80	11580.85	538557.45	538557.45	0.00	0.00	0.00	0.00	7.17	0.00	0.12
727	27.00	50.00	231.62	51597.80	11580.85	538557.45	538557.45	0.00	0.00	0.00	0.00	7.07	0.00	0.12
728	28.00	50.00	231.62	51597.80	11580.85	538557.45	538557.45	0.00	0.00	0.00	0.00	6.98	0.00	0.12
729	28.00	51.00	231.62	51597.80	11580.85	538557.45	538557.45	0.00	0.00	0.00	0.00	7.04	0.00	0.12
730	29.00	51.00	231.62	51597.80	11580.85	538557.45	538557.45	0.00	0.00	0.00	0.00	6.95	0.00	0.12
731	30.00	51.00	231.62	51597.80	11580.85	538557.45	538557.45	0.00	0.00	0.00	0.00	6.87	0.00	0.12
732	30.00	52.00	231.62	51597.80	11580.85	538557.45	538557.45	0.00	0.00	0.00	0.00	7.00	0.00	0.12
733	31.00	52.00	231.62	51597.80	11580.85	538557.45	538557.45	0.00	0.00	0.00	0.00	6.92	0.00	0.12
734	31.00	53.00	231.62	51597.80	11580.85	538557.45	538557.45	0.00	0.00	0.00	0.00	6.87	0.00	0.12
735	32.00	53.00	231.62	51597.80	11580.85	538557.45	538557.45	0.00	0.00	0.00	0.00	6.79	0.00	0.12
736	32.00	54.00	231.62	51597.80	11580.85	538557.45	538557.45	0.00	0.00	0.00	0.00	6.74	0.00	0.12
737	33.00	54.00	231.62	51597.80	11580.85	538557.45	538557.45	0.00	0.00	0.00	0.00	6.66	0.00	0.12
738	33.00	55.00	231.62	51597.80	11580.85	538557.45	538557.45	0.00	0.00	0.00	0.00	6.72	0.00	0.12
739	33.00	56.00	231.62	51597.80	11580.85	538557.45	538557.45	0.00	0.00	0.00	0.00	6.83	0.00	0.12
740	33.00	57.00	231.62	51597.80	11580.85	538557.45	538557.45	0.00	0.00	0.00	0.00	6.92	0.00	0.12
741	33.00	58.00	231.62	51597.80	11580.85	538557.45	538557.45	0.00	0.00	0.00	0.00	6.96	0.00	0.12
742	33.00	59.00	231.62	51597.80	11580.85	538557.45	538557.45	0.00	0.00	0.00	0.00	7.30	0.00	0.12
743	34.00	59.00	231.62	51597.80	11580.85	538557.45	538557.45	0.00	0.00	0.00	0.00	7.22	0.00	0.12
744	35.00	59.00	231.62	51597.80	11580.85	538557.45	538557.45	0.00	0.00	0.00	0.00	7.15	0.00	0.12
745	35.00	60.00	231.62	51597.80	11580.85	538557.45	538557.45	0.00	0.00	0.00	0.00	7.15	0.00	0.12
746	36.00	60.00	231.62	51597.80	11580.85	538557.45	538557.45	0.00	0.00	0.00	0.00	7.07	0.00	0.12
747	36.00	61.00	231.62	51597.80	11580.85	538557.45	538557.45	0.00	0.00	0.00	0.00	7.08	0.00	0.12
748	37.00	61.00	231.62	51597.80	11580.85	538557.45	538557.45	0.00	0.00	0.00	0.00	7.01	0.00	0.12
749	37.00	62.00	231.62	51597.80	11580.85	538557.45	538557.45	0.00	0.00	0.00	0.00	7.00	0.00	0.12
750	37.00	63.00	231.62	51597.80	11580.85	538557.45	538557.45	0.00	0.00	0.00	0.00	7.22	0.00	0.12
751	38.00	63.00	231.62	51597.80	11580.85	538557.45	538557.45	0.00	0.00	0.00	0.00	7.15	0.00	0.12
752	38.00	64.00	231.62	51597.80	11580.85	538557.45	538557.45	0.00	0.00	0.00	0.00	7.10	0.00	0.12
753	39.00	64.00	231.62	51597.80	11580.85	538557.45	538557.45	0.00	0.00	0.00	0.00	7.03	0.00	0.12
754	39.00	65.00	231.62	51597.80	11580.85	538557.45	538557.45	0.00	0.00	0.00	0.00	7.15	0.00	0.12
755	40.00	65.00	231.62	51597.80	11580.85	538557.45	538557.45	0.00	0.00	0.00	0.00	13.68	0.00	0.12
756	40.00	66.00	196.87	61917.36	9843.72	538557.45	538557.45	0.00	0.00	0.00	0.00	13.66	0.00	0.12
757	40.00	67.00	196.87	61917.36	9843.72	538557.45	538557.45	0.00	0.00	0.00	0.00	13.56	0.00	0.12
758	41.00	67.00	196.87	61917.36	9843.72	538557.45	538557.45	0.00	0.00	0.00	0.00	13.43	0.00	0.12
759	41.00	68.00	196.87	61917.36	9843.72	538557.45	538557.45	0.00	0.00	0.00	0.00	13.47	0.00	0.12
760	41.00	69.00	196.87	61917.36	9843.72	538557.45	538557.45	0.00	0.00	0.00	0.00	13.42	0.00	0.12
761	41.00	70.00	196.87	61917.36	9843.72	538557.45	538557.45	0.00	0.00	0.00	0.00	13.40	0.00	0.12
762	42.00	70.00	196.87	61917.36	9843.72	538557.45	538557.45	0.00	0.00	0.00	0.00	13.28	0.00	0.12
763	42.00	71.00	196.87	61917.36	9843.72	538557.45	538557.45	0.00	0.00	0.00	0.00	13.27	0.00	0.12
764	42.00	72.00	196.87	61917.36	9843.72	538557.45	538557.45	0.00	0.00	0.00	0.00	13.42	0.00	0.12
765	42.00	73.00	196.87	61917.36	9843.72	538557.45	538557.45	0.00	0.00	0.00	0.00	13.33	0.00	0.12
766	43.00	73.00	196.87	61917.36	9843.72	538557.45	538557.45	0.00	0.00	0.00	0.00	13.22	0.00	0.12
767	44.00	73.00	196.87	61917.36	9843.72	538557.45	538557.45	0.00	0.00	0.00	0.00	13.11	0.00	0.12
768	44.00	74.00	196.87	61917.36	9843.72	538557.45	538557.45	0.00	0.00	0.00	0.00	13.12	0.00	0.12
769	44.00	25.00	196.87	61917.36	9843.72	538557.45	538557.45	0.00	0.00	0.00	0.00	5.32	0.00	0.12
770	45.00	25.00	196.87	61917.36	9843.72	538557.45	538557.45	0.00	0.00	0.00	0.00	5.24	0.00	0.12
771	45.00	26.00	196.87	61917.36	9843.72	538557.45	538557.45	0.00	0.00	0.00	0.00	5.67	0.00	0.12
772	45.00	27.00	196.87	61917.36	9843.72	538557.45	538557.45	0.00	0.00	0.00	0.00	5.70	0.00	0.12
773	45.00	28.00	196.87	61917.36	9843.72	538557.45	538557.45	0.00	0.00	0.00	0.00	5.70	0.00	0.12
774	45.00	29.00	196.87	61917.36	9843.72	538557.45	538557.45	0.00	0.00	0.00	0.00	5.66	0.00	0.12
775	45.00	30.00	196.87	61917.36	9843.72	538557.45	538557.45	0.00	0.00	0.00	0.00	5.85	0.00	0.12
776	46.00	30.00	196.87	61917.36	9843.72	538557.45	538557.45	0.00	0.00	0.00	0.00	5.77	0.00	0.12
777	47.00	30.00	196.87	61917.36	9843.72	538557.45	538557.45	0.00	0.00	0.00	0.00	5.70	0.00	0.12
778	48.00	30.00	196.87	61917.36	9843.72	538557.45	538557.45	0.00	0.00	0.00	0.00	5.63	0.00	0.12
779	48.00	31.00	196.87	61917.36	9843.72	538557.45	538557.45	0.00	0.00	0.00	0.00	5.65	0.00	0.12
780	48.00	32.00	196.87	61917.36	9843.72	538557.45	538557.45	0.00	0.00	0.00	0.00	5.72	0.00	0.12
781	48.00	33.00	196.87	61917.36	9843.72	538557.45	538557.45	0.00	0.00	0.00	0.00	5.86	0.00	0.12
782	48.00	34.00	196.87	61917.36	9843.72	538557.45	538557.45	0.00	0.00	0.00	0.00	5.99	0.00	0.12
783	49.00	34.00	196.87	61917.36	9843.72	538557.45	538557.45	0.00	0.00	0.00	0.00	5.92	0.00	0.12
784	50.00	34.00	196.87	61917.36	9843.72	538557.45	538557.45	0.00	0.00	0.00	0.00	5.85	0.00	0.12
785	50.00	35.00	196.87	61917.36	9843.72	538557.45	538557.45	0.00	0.00	0.00	0.00	6.12	0.00	0.12
786	51.00	35.00	196.87	61917.36	9843.72	538557.45	538557.45	0.00	0.00	0.00	0.00	6.05	0.00	0.12
787	51.00	36.00	196.87	61917.36	9843.72	538557.45	538557.45	0.00	0.00	0.00	0.00	6.11	0.00	0.12
788	51.00	37.00	196.87	61917.36	9843.72	538557.45	538557.45	0.00	0.00	0.00	0.00	6.26	0.00	0.12
789	51.00	38.00	196.87	61917.36	9843.72	538557.45	538557.45	0.00	0.00	0.00	0.00	6.35	0.00	0.12
790	52.00	38.00	196.87	61917.36	9843.72	538557.45	538557.45	0.00	0.00	0.00	0.00	6.28	0.00	0.12
791	53.00	38.00	196.87	61917.36	9843.72	538557.45	538557.45	0.00	0.00	0.00	0.00	6.21	0.00	0.12
792	53.00	39.00	196.87	61917.36	9843.72	538557.45	538557.45	0.00	0.00	0.00	0.00	6.27	0.00	0.12
793	53.00	40.00	196.87	61917.36	9843.72	538557.45	538557.45	0.00	0.00	0.00	0.00	6.33	0.00	0.12
794	53.00	41.00	196.87	61917.36	9843.72	538557.45	538557.45	0.00	0.00	0.00	0.00	6.38	0.00	0.12
795	54.00	41.00	196.87	61917.36	9843.72	538557.45	538557.45	0.00	0.00	0.00	0.00	6.31	0.00	0.12
796	55.00	41.00	196.87	61917.36	9843.72	538557.45	538557.45	0.00	0.00	0.00	0.00	6.25	0.00	0.12
797	56.00	41.00	196.87	61917.36	9843.72	538557.45	538557.45	0.00	0.00	0.00	0.00	6.18	0.00	0.12
798	57.00	41.00	196.87	61917.36	9843.72	538557.45	538557.45	0.00	0.00	0.00	0.00	6.12	0.00	0.12
799	58.00	41.00	196.87	61917.36	9843.72	538557.45	538557.45	0.00	0.00	0.00	0.00	6.06	0.00	0.12
800	59.00	41.00	196.87	61917.36	9843.72	538557.45	538557.45	0.00	0.00	0.00	0.00	6.00	0.00	0.12
801	59.00	42.00	196.87	61917.36	9843.72	538557.45	538557.45	0.00	0.00	0.00	0.00	5.97	0.00	0.12
802	60.00	42.00	196.87	61917.36	9843.72	538557.45	538557.45	0.00	0.00	0.00	0.00	5.91	0.00	0.12
803	60.00	43.00	196.87	61917.36	9843.72	538557.45	538557.45	0.00	0.00	0.00	0.00	5.96	0.00	0.12
804	61.00	43.00	196.87	61917.36	9843.72	538557.45	538557.45	0.00	0.00	0.00	0.00	5.90	0.00	0.12
805	61.00	44.00	196.87	61917.36	9843.72	538557.45	538557.45	0.00	0.00	0.00	0.00	5.87	0.00	0.12
806	62.00	44.00	196.87	61917.36	9843.72	538557.45	538557.45	0.00	0.00	0.00	0.00	5.81	0.00	0.12
807	63.00	44.00	196.87	61917.36	9843.72	538557.45	538557.45	0.00	0.00	0.00	0.00	5.76	0.00	0.12
808	63.00	45.00	196.87	61917.36	9843.72	538557.45	538557.45	0.00	0.00	0.00	0.00	5.73	0.00	0.12
809	63.00	46.00	196.87	61917.36	9843.72	538557.45	538557.45	0.00	0.00	0.00	0.00	5.80	0.00	0.12
810	63.00	47.00	196.87	61917.36	9843.72	538557.45	538557.45	0.00	0.00	0.00	0.00	5.85	0.00	0.12
811	64.00	47.00	196.87	61917.36	9843.72	538557.45	538557.45	0.00	0.00	0.00	0.00	5.80	0.00	0.12
812	65.00	47.00	196.87	61917.36	9843.72	538557.45	538557.45	0.00	0.00	0.00	0.00	5.75	0.00	0.12
813	66.00	47.00	196.87	61917.36	9843.72	538557.45	538557.45	0.00	0.00	0.00	0.00	5.70	0.00	0.12
814	67.00	47.00	196.87	61917.36	9843.72	538557.45	538557.45	0.00	0.00	0.00	0.00	5.65	0.00	0.12
815	67.00	48.00	196.87	61917.36	9843.72	538557.45	538557.45	0.00	0.00	0.00	0.00	5.62	0.00	0.12
816	68.00	48.00	196.87	61917.36	9843.72	538557.45	538557.45	0.00	0.00	0.00	0.00	5.57	0.00	0.12
817	68.00	49.00	196.87	61917.36	9843.72	538557.45	538557.45	0.00	0.00	0.00	0.00	5.55	0.00	0.12
818	69.00	49.00	196.87	61917.36	9843.72	538557.45	538557.45	0.00	0.00	0.00	0.00	5.50	0.00	0.12
819	69.00	50.00	196.87	61917.36	9843.72	538557.45	538557.45	0.00	0.00	0.00	0.00	5.65	0.00	0.12
820	70.00	50.00	196.87	61917.36	9843.72	538557.45	538557.45	0.00	0.00	0.00	0.00	5.60	0.00	0.12
821	70.00	51.00	196.87	61917.36	9843.72	538557.45	538557.45	0.00	0.00	0.00	0.00	5.65	0.00	0.12
822	70.00	52.00	196.87	61917.36	9843.72	538557.45	538557.45	0.00	0.00	0.00	0.00	5.76	0.00	0.12
823	71.00	52.00	196.87	61917.36	9843.72	538557.45	538557.45	0.00	0.00	0.00	0.00	5.71	0.00	0.12
824	71.00	53.00	196.87	61917.36	9843.72	538557.45	538557.45	0.00	0.00	0.00	0.00	5.78	0.00	0.12
825	72.00	53.00	196.87	61917.36	9843.72	538557.45	538557.45	0.00	0.00	0.00	0.00	5.73	0.00	0.12
826	72.00	54.00	196.87	61917.36	9843.72	538557.45	538557.45	0.00	0.00	0.00	0.00	5.71	0.00	0.12
827	73.00	54.00	196.87	61917.36	9843.72	538557.45	538557.45	0.00	0.00	0.00	0.00	5.66	0.00	0.12
828	73.00	55.00	196.87	61917.36	9843.72	538557.45	538557.45	0.00	0.00	0.00	0.00	5.75	0.00	0.12
829	73.00	56.00	196.87	61917.36	9843.72	538557.45	538557.45	0.00	0.00	0.00	0.00	5.87	0.00	0.12
830	74.00	56.00	196.87	61917.36	9843.72	538557.45	538557.45	0.00	0.00	0.00	0.00	5.82	0.00	0.12
831	25.00	56.00	196.87	61917.36	9843.72	538557.45	538557.45	0.00	0.00	0.00	0.00	9.34	0.00	0.12
832	26.00	56.00	196.87	61917.36	9843.72	538557.45	538557.45	0.00	0.00	0.00	0.00	9.23	0.00	0.12
833	26.00	57.00	196.87	61917.36	9843.72	538557.45	538557.45	0.00	0.00	0.00	0.00	9.59	0.00	0.12
834	26.00	58.00	196.87	61917.36	9843.72	538557.45	538557.45	0.00	0.00	0.00	0.00	9.64	0.00	0.12
835	26.00	59.00	196.87	61917.36	9843.72	538557.45	538557.45	0.00	0.00	0.00	0.00	9.66	0.00	0.12
836	27.00	59.00	196.87	61917.36	9843.72	538557.45	538557.45	0.00	0.00	0.00	0.00	9.55	0.00	0.12
837	28.00	59.00	196.87	61917.36	9843.72	538557.45	538557.45	0.00	0.00	0.00	0.00	9.44	0.00	0.12
838	29.00	59.00	196.87	61917.36	9843.72	538557.45	538557.45	0.00	0.00	0.00	0.00	9.33	0.00	0.12
839	30.00	59.00	196.87	61917.36	9843.72	538557.45	538557.45	0.00	0.00	0.00	0.00	9.23	0.00	0.12
840	31.00	59.00	196.87	61917.36	9843.72	538557.45	538557.45	0.00	0.00	0.00	0.00	9.13	0.00	0.12
841	31.00	60.00	196.87	61917.36	9843.72	538557.45	538557.45	0.00	0.00	0.00	0.00	9.46	0.00	0.12
842	31.00	61.00	196.87	61917.36	9843.72	538557.45	538557.45	0.00	0.00	0.00	0.00	9.57	0.00	0.12
843	31.00	62.00	196.87	61917.36	9843.72	538557.45	538557.45	0.00	0.00	0.00	0.00	9.55	0.00	0.12
844	32.00	62.00	196.87	61917.36	9843.72	538557.45	538557.45	0.00	0.00	0.00	0.00	9.45	0.00	0.12
845	33.00	62.00	196.87	61917.36	9843.72	538557.45	538557.45	0.00	0.00	0.00	0.00	9.35	0.00	0.12
846	33.00	63.00	196.87	61917.36	9843.72	538557.45	538557.45	0.00	0.00	0.00	0.00	9.37	0.00	0.12
847	33.00	64.00	196.87	61917.36	9843.72	538557.45	538557.45	0.00	0.00	0.00	0.00	9.33	0.00	0.12
848	34.00	64.00	196.87	61917.36	9843.72	538557.45	538557.45	0.00	0.00	0.00	0.00	9.24	0.00	0.12
849	34.00	65.00	196.87	61917.36	9843.72	538557.45	538557.45	0.00	0.00	0.00	0.00	9.26	0.00	0.12
850	34.00	66.00	196.87	61917.36	9843.72	538557.45	538557.45	0.00	0.00	0.00	0.00	9.34	0.00	0.12
851	35.00	66.00	196.87	61917.36	9843.72	538557.45	538557.45	0.00	0.00	0.00	0.00	9.25	0.00	0.12
852	36.00	66.00	196.87	61917.36	9843.72	538557.45	538557.45	0.00	0.00	0.00	0.00	9.16	0.00	0.12
853	36.00	67.00	196.87	61917.36	9843.72	538557.45	538557.45	0.00	0.00	0.00	0.00	9.32	0.00	0.12
854	36.00	68.00	196.87	61917.36	9843.72	538557.45	538557.45	0.00	0.00	0.00	0.00	9.36	0.00	0.12
855	40.00	65.00	196.87	61917.36	9843.72	538557.45	538557.45	0.00	0.00	0.00	0.00	13.74	0.00	0.12
856	40.00	66.00	167.34	74300.84	8367.16	538557.45	538557.45	0.00	0.00	0.00	0.00	13.73	0.00	0.12
857	41.00	66.00	167.34	74300.84	8367.16	538557.45	538557.45	0.00	0.00	0.00	0.00	13.60	0.00	0.12
858	42.00	66.00	167.34	74300.84	8367.16	538557.45	538557.45	0.00	0.00	0.00	0.00	13.47	0.00	0.12
859	43.00	66.00	167.34	74300.84	8367.16	538557.45	538557.45	0.00	0.00	0.00	0.00	13.35	0.00	0.12
860	43.00	67.00	167.34	74300.84	8367.16	538557.45	538557.45	0.00	0.00	0.00	0.00	13.33	0.00	0.12
861	43.00	68.00	167.34	74300.84	8367.16	538557.45	538557.45	0.00	0.00	0.00	0.00	13.27	0.00	0.12
862	43.00	69.00	167.34	74300.84	8367.16	538557.45	538557.45	0.00	0.00	0.00	0.00	13.31	0.00	0.12
863	44.00	69.00	167.34	74300.84	8367.16	538557.45	538557.45	0.00	0.00	0.00	0.00	13.19	0.00	0.12
864	44.00	70.00	167.34	74300.84	8367.16	538557.45	538557.45	0.00	0.00	0.00	0.00	13.27	0.00	0.12
865	44.00	71.00	167.34	74300.84	8367.16	538557.45	538557.45	0.00	0.00	0.00	0.00	13.18	0.00	0.12
866	44.00	72.00	167.34	74300.84	8367.16	538557.45	538557.45	0.00	0.00	0.00	0.00	13.22	0.00	0.12
867	44.00	73.00	167.34	74300.84	8367.16	538557.45	538557.45	0.00	0.00	0.00	0.00	13.21	0.00	0.12
868	45.00	73.00	167.34	74300.84	8367.16	538557.45	538557.45	0.00	0.00	0.00	0.00	13.10	0.00	0.12
869	45.00	74.00	167.34	74300.84	8367.16	538557.45	538557.45	0.00	0.00	0.00	0.00	13.02	0.00	0.12
870	45.00	25.00	167.34	74300.84	8367.16	538557.45	538557.45	0.00	0.00	0.00	0.00	4.89	0.00	0.12
871	45.00	26.00	167.34	74300.84	8367.16	538557.45	538557.45	0.00	0.00	0.00	0.00	5.32	0.00	0.12
872	45.00	27.00	167.34	74300.84	8367.16	538557.45	538557.45	0.00	0.00	0.00	0.00	5.28	0.00	0.12
873	45.00	28.00	167.34	74300.84	8367.16	538557.45	538557.45	0.00	0.00	0.00	0.00	5.58	0.00	0.12
874	46.00	28.00	167.34	74300.84	8367.16	538557.45	538557.45	0.00	0.00	0.00	0.00	5.50	0.00	0.12
875	46.00	29.00	167.34	74300.84	8367.16	538557.45	538557.45	0.00	0.00	0.00	0.00	5.54	0.00	0.12
876	47.00	29.00	167.34	74300.84	8367.16	538557.45	538557.45	0.00	0.00	0.00	0.00	5.47	0.00	0.12
877	48.00	29.00	167.34	74300.84	8367.16	538557.45	538557.45	0.00	0.00	0.00	0.00	5.39	0.00	0.12
878	49.00	29.00	167.34	74300.84	8367.16	538557.45	538557.45	0.00	0.00	0.00	0.00	5.33	0.00	0.12
879	50.00	29.00	167.34	74300.84	8367.16	538557.45	538557.45	0.00	0.00	0.00	0.00	5.26	0.00	0.12
880	51.00	29.00	167.34	74300.84	8367.16	538557.45	538557.45	0.00	0.00	0.00	0.00	5.19	0.00	0.12
881	52.00	29.00	167.34	74300.84	8367.16	538557.45	538557.45	0.00	0.00	0.00	0.00	5.13	0.00	0.12
882	52.00	30.00	167.34	74300.84	8367.16	538557.45	538557.45	0.00	0.00	0.00	0.00	5.20	0.00	0.12
883	53.00	30.00	167.34	74300.84	8367.16	538557.45	538557.45	0.00	0.00	0.00	0.00	5.14	0.00	0.12
884	53.00	31.00	167.34	74300.84	8367.16	538557.45	538557.45	0.00	0.00	0.00	0.00	5.22	0.00	0.12
885	54.00	31.00	167.34	74300.84	8367.16	538557.45	538557.45	0.00	0.00	0.00	0.00	5.16	0.00	0.12
886	55.00	31.00	167.34	74300.84	8367.16	538557.45	538557.45	0.00	0.00	0.00	0.00	5.10	0.00	0.12
887	55.00	32.00	167.34	74300.84	8367.16	538557.45	538557.45	0.00	0.00	0.00	0.00	5.20	0.00	0.12
888	55.00	33.00	167.34	74300.84	8367.16	538557.45	538557.45	0.00	0.00	0.00	0.00	5.30	0.00	0.12
889	56.00	33.00	167.34	74300.84	8367.16	538557.45	538557.45	0.00	0.00	0.00	0.00	5.24	0.00	0.12
890	56.00	34.00	167.34	74300.84	8367.16	538557.45	538557.45	0.00	0.00	0.00	0.00	5.22	0.00	0.12
891	56.00	35.00	167.34	74300.84	8367.16	538557.45	538557.45	0.00	0.00	0.00	0.00	5.43	0.00	0.12
892	57.00	35.00	167.34	74300.84	8367.16	538557.45	538557.45	0.00	0.00	0.00	0.00	5.37	0.00	0.12
893	57.00	36.00	167.34	74300.84	8367.16	538557.45	538557.45	0.00	0.00	0.00	0.00	5.46	0.00	0.12
894	57.00	37.00	167.34	74300.84	8367.16	538557.45	538557.45	0.00	0.00	0.00	0.00	5.47	0.00	0.12
895	58.00	37.00	167.34	74300.84	8367.16	538557.45	538557.45	0.00	0.00	0.00	0.00	5.41	0.00	0.12
896	59.00	37.00	167.34	74300.84	8367.16	538557.45	538557.45	0.00	0.00	0.00	0.00	5.36	0.00	0.12
897	59.00	38.00	167.34	74300.84	8367.16	538557.45	538557.45	0.00	0.00	0.00	0.00	5.54	0.00	0.12
898	60.00	38.00	167.34	74300.84	8367.16	538557.45	538557.45	0.00	0.00	0.00	0.00	5.48	0.00	0.12
899	60.00	39.00	167.34	74300.84	8367.16	538557.45	538557.45	0.00	0.00	0.00	0.00	5.68	0.00	0.12
900	60.00	40.00	167.34	74300.84	8367.16	538557.45	538557.45	0.00	0.00	0.00	0.00	5.76	0.00	0.12
901	61.00	40.00	167.34	74300.84	8367.16	538557.45	538557.45	0.00	0.00	0.00	0.00	5.70	0.00	0.12
902	62.00	40.00	167.34	74300.84	8367.16	538557.45	538557.45	0.00	0.00	0.00	0.00	5.65	0.00	0.12
903	62.00	41.00	167.34	74300.84	8367.16	538557.45	538557.45	0.00	0.00	0.00	0.00	5.70	0.00	0.12
904	63.00	41.00	167.34	74300.84	8367.16	538557.45	538557.45	0.00	0.00	0.00	0.00	5.64	0.00	0.12
905	64.00	41.00	167.34	74300.84	8367.16	538557.45	538557.45	0.00	0.00	0.00	0.00	5.59	0.00	0.12
906	65.00	41.00	167.34	74300.84	8367.16	538557.45	538557.45	0.00	0.00	0.00	0.00	5.54	0.00	0.12
907	65.00	42.00	167.34	74300.84	8367.16	538557.45	538557.45	0.00	0.00	0.00	0.00	5.61	0.00	0.12
908	66.00	42.00	167.34	74300.84	8367.16	538557.45	538557.45	0.00	0.00	0.00	0.00	5.56	0.00	0.12
909	66.00	43.00	167.34	74300.84	8367.16	538557.45	538557.45	0.00	0.00	0.00	0.00	5.53	0.00	0.12
910	67.00	43.00	167.34	74300.84	8367.16	538557.45	538557.45	0.00	0.00	0.00	0.00	5.48	0.00	0.12
911	67.00	44.00	167.34	74300.84	8367.16	538557.45	538557.45	0.00	0.00	0.00	0.00	5.54	0.00	0.12
912	67.00	45.00	167.34	74300.84	8367.16	538557.45	538557.45	0.00	0.00	0.00	0.00	5.54	0.00	0.12
913	68.00	45.00	167.34	74300.84	8367.16	538557.45	538557.45	0.00	0.00	0.00	0.00	5.49	0.00	0.12
914	69.00	45.00	167.34	74300.84	8367.16	538557.45	538557.45	0.00	0.00	0.00	0.00	5.44	0.00	0.12
915	70.00	45.00	167.34	74300.84	8367.16	538557.45	538557.45	0.00	0.00	0.00	0.00	5.40	0.00	0.12
916	71.00	45.00	167.34	74300.84	8367.16	538557.45	538557.45	0.00	0.00	0.00	0.00	5.35	0.00	0.12
917	72.00	45.00	167.34	74300.84	8367.16	538557.45	538557.45	0.00	0.00	0.00	0.00	5.30	0.00	0.12
918	73.00	45.00	167.34	74300.84	8367.16	538557.45	538557.45	0.00	0.00	0.00	0.00	5.26	0.00	0.12
919	74.00	45.00	167.34	74300.84	8367.16	538557.45	538557.45	0.00	0.00	0.00	0.00	5.21	0.00	0.12
920	25.00	45.00	167.34	74300.84	8367.16	538557.45	538557.45	0.00	0.00	0.00	0.00	8.86	0.00	0.12
921	25.00	46.00	167.34	74300.84	8367.16	538557.45	538557.45	0.00	0.00	0.00	0.00	8.90	0.00	0.12
922	26.00	46.00	167.34	74300.84	8367.16	538557.45	538557.45	0.00	0.00	0.00	0.00	8.78	0.00	0.12
923	27.00	46.00	167.34	74300.84	8367.16	538557.45	538557.45	0.00	0.00	0.00	0.00	8.66	0.00	0.12
924	27.00	47.00	167.34	74300.84	8367.16	538557.45	538557.45	0.00	0.00	0.00	0.00	8.69	0.00	0.12
925	28.00	47.00	167.34	74300.84	8367.16	538557.45	538557.45	0.00	0.00	0.00	0.00	8.58	0.00	0.12
926	29.00	47.00	167.34	74300.84	8367.16	538557.45	538557.45	0.00	0.00	0.00	0.00	8.46	0.00	0.12
927	30.00	47.00	167.34	74300.84	8367.16	538557.45	538557.45	0.00	0.00	0.00	0.00	8.35	0.00	0.12
928	31.00	47.00	167.34	74300.84	8367.16	538557.45	538557.45	0.00	0.00	0.00	0.00	8.25	0.00	0.12
929	31.00	48.00	167.34	74300.84	8367.16	538557.45	538557.45	0.00	0.00	0.00	0.00	8.36	0.00	0.12
930	31.00	49.00	167.34	74300.84	8367.16	538557.45	538557.45	0.00	0.00	0.00	0.00	8.30	0.00	0.12
931	31.00	50.00	167.34	74300.84	8367.16	538557.45	538557.45	0.00	0.00	0.00	0.00	8.22	0.00	0.12
932	32.00	50.00	167.34	74300.84	8367.16	538557.45	538557.45	0.00	0.00	0.00	0.00	8.12	0.00	0.12
933	33.00	50.00	167.34	74300.84	8367.16	538557.45	538557.45	0.00	0.00	0.00	0.00	8.02	0.00	0.12
934	33.00	51.00	167.34	74300.84	8367.16	538557.45	538557.45	0.00	0.00	0.00	0.00	8.09	0.00	0.12
935	33.00	52.00	167.34	74300.84	8367.16	538557.45	538557.45	0.00	0.00	0.00	0.00	8.06	0.00	0.12
936	34.00	52.00	167.34	74300.84	8367.16	538557.45	538557.45	0.00	0.00	0.00	0.00	7.97	0.00	0.12
937	35.00	52.00	167.34	74300.84	8367.16	538557.45	538557.45	0.00	0.00	0.00	0.00	7.88	0.00	0.12
938	35.00	53.00	167.34	74300.84	8367.16	538557.45	538557.45	0.00	0.00	0.00	0.00	7.96	0.00	0.12
939	36.00	53.00	167.34	74300.84	8367.16	538557.45	538557.45	0.00	0.00	0.00	0.00	7.87	0.00	0.12
940	36.00	54.00	167.34	74300.84	8367.16	538557.45	538557.45	0.00	0.00	0.00	0.00	7.91	0.00	0.12
941	36.00	55.00	167.34	74300.84	8367.16	538557.45	538557.45	0.00	0.00	0.00	0.00	7.98	0.00	0.12
942	36.00	56.00	167.34	74300.84	8367.16	538557.45	538557.45	0.00	0.00	0.00	0.00	8.18	0.00	0.12
943	36.00	57.00	167.34	74300.84	8367.16	538557.45	538557.45	0.00	0.00	0.00	0.00	8.30	0.00	0.12
944	37.00	57.00	167.34	74300.84	8367.16	538557.45	538557.45	0.00	0.00	0.00	0.00	8.21	0.00	0.12
945	37.00	58.00	167.34	74300.84	8367.16	538557.45	538557.45	0.00	0.00	0.00	0.00	8.38	0.00	0.12
946	37.00	59.00	167.34	74300.84	8367.16	538557.45	538557.45	0.00	0.00	0.00	0.00	8.47	0.00	0.12
947	38.00	59.00	167.34	74300.84	8367.16	538557.45	538557.45	0.00	0.00	0.00	0.00	8.38	0.00	0.12
948	38.00	60.00	167.34	74300.84	8367.16	538557.45	538557.45	0.00	0.00	0.00	0.00	8.83	0.00	0.12
949	39.00	60.00	167.34	74300.84	8367.16	538557.45	538557.45	0.00	0.00	0.00	0.00	8.74	0.00	0.12
950	40.00	60.00	167.34	74300.84	8367.16	538557.45	538557.45	0.00	0.00	0.00	0.00	8.65	0.00	0.12
951	41.00	60.00	167.34	74300.84	8367.16	538557.45	538557.45	0.00	0.00	0.00	0.00	8.57	0.00	0.12
952	41.00	61.00	167.34	74300.84	8367.16	538557.45	538557.45	0.00	0.00	0.00	0.00	8.55	0.00	0.12
953	41.00	62.00	167.34	74300.84	8367.16	538557.45	538557.45	0.00	0.00	0.00	0.00	8.67	0.00	0.12
954	42.00	62.00	167.34	74300.84	8367.16	538557.45	538557.45	0.00	0.00	0.00	0.00	8.59	0.00	0.12
955	44.00	61.00	167.34	74300.84	8367.16	538557.45	538557.45	0.00	0.00	0.00	0.00	11.97	0.00	0.12
956	44.00	62.00	142.24	89161.00	7112.09	538557.45	538557.45	0.00	0.00	0.00	0.00	11.98	0.00	0.12
957	45.00	62.00	142.24	89161.00	7112.09	538557.45	538557.45	0.00	0.00	0.00	0.00	11.87	0.00	0.12
958	45.00	63.00	142.24	89161.00	7112.09	538557.45	538557.45	0.00	0.00	0.00	0.00	11.84	0.00	0.12
959	46.00	63.00	142.24	89161.00	7112.09	538557.45	538557.45	0.00	0.00	0.00	0.00	11.73	0.00	0.12
960	46.00	64.00	142.24	89161.00	7112.09	538557.45	538557.45	0.00	0.00	0.00	0.00	11.93	0.00	0.12
961	47.00	64.00	142.24	89161.00	7112.09	538557.45	538557.45	0.00	0.00	0.00	0.00	11.82	0.00	0.12
962	48.00	64.00	142.24	89161.00	7112.09	538557.45	538557.45	0.00	0.00	0.00	0.00	11.72	0.00	0.12
963	49.00	64.00	142.24	89161.00	7112.09	538557.45	538557.45	0.00	0.00	0.00	0.00	11.61	0.00	0.12
964	49.00	65.00	142.24	89161.00	7112.09	538557.45	538557.45	0.00	0.00	0.00	0.00	11.61	0.00	0.12
965	50.00	65.00	142.24	89161.00	7112.09	538557.45	538557.45	0.00	0.00	0.00	0.00	11.51	0.00	0.12
966	50.00	66.00	142.24	89161.00	7112.09	538557.45	538557.45	0.00	0.00	0.00	0.00	11.62	0.00	0.12
967	50.00	67.00	142.24	89161.00	7112.09	538557.45	538557.45	0.00	0.00	0.00	0.00	11.85	0.00	0.12
968	51.00	67.00	142.24	89161.00	7112.09	538557.45	538557.45	0.00	0.00	0.00	0.00	11.75	0.00	0.12
969	51.00	68.00	142.24	89161.00	7112.09	538557.45	538557.45	0.00	0.00	0.00	0.00	11.73	0.00	0.12
970	51.00	69.00	142.24	89161.00	7112.09	538557.45	538557.45	0.00	0.00	0.00	0.00	11.83	0.00	0.12
971	51.00	70.00	142.24	89161.00	7112.09	538557.45	538557.45	0.00	0.00	0.00	0.00	12.03	0.00	0.12
972	51.00	71.00	142.24	89161.00	7112.09	538557.45	538557.45	0.00	0.00	0.00	0.00	12.07	0.00	0.12
973	52.00	71.00	142.24	89161.00	7112.09	538557.45	538557.45	0.00	0.00	0.00	0.00	11.97	0.00	0.12
974	53.00	71.00	142.24	89161.00	7112.09	538557.45	538557.45	0.00	0.00	0.00	0.00	11.88	0.00	0.12
975	53.00	72.00	142.24	89161.00	7112.09	538557.45	538557.45	0.00	0.00	0.00	0.00	11.87	0.00	0.12
976	53.00	73.00	142.24	89161.00	7112.09	538557.45	538557.45	0.00	0.00	0.00	0.00	12.05	0.00	0.12
977	53.00	74.00	142.24	89161.00	7112.09	538557.45	538557.45	0.00	0.00	0.00	0.00	12.05	0.00	0.12
978	53.00	25.00	142.24	89161.00	7112.09	538557.45	538557.45	0.00	0.00	0.00	0.00	4.94	0.00	0.12
979	54.00	25.00	142.24	89161.00	7112.09	538557.45	538557.45	0.00	0.00	0.00	0.00	4.87	0.00	0.12
980	55.00	25.00	142.24	89161.00	7112.09	538557.45	538557.45	0.00	0.00	0.00	0.00	4.81	0.00	0.12
981	56.00	25.00	142.24	89161.00	7112.09	538557.45	538557.45	0.00	0.00	0.00	0.00	4.75	0.00	0.12
982	57.00	25.00	142.24	89161.00	7112.09	538557.45	538557.45	0.00	0.00	0.00	0.00	4.70	0.00	0.12
983	58.00	25.00	142.24	89161.00	7112.09	538557.45	538557.45	0.00	0.00	0.00	0.00	4.64	0.00	0.12
984	59.00	25.00	142.24	89161.00	7112.09	538557.45	538557.45	0.00	0.00	0.00	0.00	4.58	0.00	0.12
985	59.00	26.00	142.24	89161.00	7112.09	538557.45	538557.45	0.00	0.00	0.00	0.00	4.81	0.00	0.12
986	60.00	26.00	142.24	89161.00	7112.09	538557.45	538557.45	0.00	0.00	0.00	0.00	4.76	0.00	0.12
987	61.00	26.00	142.24	89161.00	7112.09	538557.45	538557.45	0.00	0.00	0.00	0.00	4.70	0.00	0.12
988	62.00	26.00	142.24	89161.00	7112.09	538557.45	538557.45	0.00	0.00	0.00	0.00	4.65	0.00	0.12
989	62.00	27.00	142.24	89161.00	7112.09	538557.45	538557.45	0.00	0.00	0.00	0.00	4.72	0.00	0.12
990	63.00	27.00	142.24	89161.00	7112.09	538557.45	538557.45	0.00	0.00	0.00	0.00	4.67	0.00	0.12
991	64.00	27.00	142.24	89161.00	7112.09	538557.45	538557.45	0.00	0.00	0.00	0.00	4.62	0.00	0.12
992	64.00	28.00	142.24	89161.00	7112.09	538557.45	538557.45	0.00	0.00	0.00	0.00	4.69	0.00	0.12
993	65.00	28.00	142.24	89161.00	7112.09	538557.45	538557.45	0.00	0.00	0.00	0.00	4.64	0.00	0.12
994	66.00	28.00	142.24	89161.00	7112.09	538557.45	538557.45	0.00	0.00	0.00	0.00	4.59	0.00	0.12
995	66.00	29.00	142.24	89161.00	7112.09	538557.45	538557.45	0.00	0.00	0.00	0.00	4.57	0.00	0.12
996	66.00	30.00	142.24	89161.00	7112.09	538557.45	538557.45	0.00	0.00	0.00	0.00	4.59	0.00	0.12
997	66.00	31.00	142.24	89161.00	7112.09	538557.45	538557.45	0.00	0.00	0.00	0.00	4.78	0.00	0.12
998	67.00	31.00	142.24	89161.00	7112.09	538557.45	538557.45	0.00	0.00	0.00	0.00	4.73	0.00	0.12
999	67.00	32.00	142.24	89161.00	7112.09	538557.45	538557.45	0.00	0.00	0.00	0.00	4.71	0.00	0.12
1000	68.00	32.00	142.24	89161.00	7112.09	538557.45	538557.45	0.00	0.00	0.00	0.00	4.67	0.00	0.12
