some parameters
Gen.	# feasible solutions	# infeasible solutions	cap. penality	dur. penality	num. penality	best penalized cost	best feasible cost	best cap. violation	best dur. violation	best num. violation	avg cap. violation	avg dur. violation	avg num. violation	Gap from BKS
1	1.00	50.00	850.00	12000.00	42500.00	687398.87	696108.35	0.00	2.91	0.00	0.00	24.88	0.00	0.45
2	1.00	51.00	850.00	12000.00	42500.00	687398.87	696108.35	0.00	2.91	0.00	0.00	24.64	0.00	0.45
3	1.00	52.00	850.00	12000.00	42500.00	687398.87	696108.35	0.00	2.91	0.00	0.00	24.38	0.00	0.45
4	1.00	53.00	850.00	12000.00	42500.00	687398.87	696108.35	0.00	2.91	0.00	0.00	24.45	0.00	0.45
5	1.00	54.00	850.00	12000.00	42500.00	687398.87	696108.35	0.00	2.91	0.00	0.00	24.46	0.00	0.45
6	1.00	55.00	850.00	12000.00	42500.00	687398.87	696108.35	0.00	2.91	0.00	0.00	24.22	0.00	0.45
7	1.00	56.00	850.00	12000.00	42500.00	687398.87	696108.35	0.00	2.91	0.00	0.00	24.14	0.00	0.45
8	1.00	57.00	850.00	12000.00	42500.00	687398.87	696108.35	0.00	2.91	0.00	0.00	23.92	0.00	0.45
9	1.00	58.00	850.00	12000.00	42500.00	687398.87	696108.35	0.00	2.91	0.00	0.00	24.14	0.00	0.45
10	2.00	58.00	850.00	12000.00	42500.00	676717.47	676717.47	0.00	0.00	0.00	0.00	23.73	0.00	0.41
11	3.00	58.00	850.00	12000.00	42500.00	676717.47	676717.47	0.00	0.00	0.00	0.00	23.35	0.00	0.41
12	3.00	59.00	850.00	12000.00	42500.00	676717.47	676717.47	0.00	0.00	0.00	0.00	23.14	0.00	0.41
13	3.00	60.00	850.00	12000.00	42500.00	676717.47	676717.47	0.00	0.00	0.00	0.00	23.08	0.00	0.41
14	3.00	61.00	850.00	12000.00	42500.00	676717.47	676717.47	0.00	0.00	0.00	0.00	23.22	0.00	0.41
15	3.00	62.00	850.00	12000.00	42500.00	676717.47	676717.47	0.00	0.00	0.00	0.00	23.04	0.00	0.41
16	3.00	63.00	850.00	12000.00	42500.00	676717.47	676717.47	0.00	0.00	0.00	0.00	22.79	0.00	0.41
17	3.00	64.00	850.00	12000.00	42500.00	676717.47	676717.47	0.00	0.00	0.00	0.00	22.86	0.00	0.41
18	3.00	65.00	850.00	12000.00	42500.00	676717.47	676717.47	0.00	0.00	0.00	0.00	22.77	0.00	0.41
19	3.00	66.00	850.00	12000.00	42500.00	676717.47	676717.47	0.00	0.00	0.00	0.00	22.66	0.00	0.41
20	3.00	67.00	850.00	12000.00	42500.00	676717.47	676717.47	0.00	0.00	0.00	0.00	22.76	0.00	0.41
21	3.00	68.00	850.00	12000.00	42500.00	676717.47	676717.47	0.00	0.00	0.00	0.00	22.66	0.00	0.41
22	3.00	69.00	850.00	12000.00	42500.00	676717.47	676717.47	0.00	0.00	0.00	0.00	22.44	0.00	0.41
23	3.00	70.00	850.00	12000.00	42500.00	676717.47	676717.47	0.00	0.00	0.00	0.00	22.39	0.00	0.41
24	3.00	71.00	850.00	12000.00	42500.00	676717.47	676717.47	0.00	0.00	0.00	0.00	22.12	0.00	0.41
25	3.00	72.00	850.00	12000.00	42500.00	676717.47	676717.47	0.00	0.00	0.00	0.00	22.08	0.00	0.41
26	3.00	73.00	850.00	12000.00	42500.00	676717.47	676717.47	0.00	0.00	0.00	0.00	21.83	0.00	0.41
27	3.00	74.00	850.00	12000.00	42500.00	676717.47	676717.47	0.00	0.00	0.00	0.00	21.65	0.00	0.41
28	3.00	25.00	850.00	12000.00	42500.00	676717.47	676717.47	0.00	0.00	0.00	0.00	13.44	0.00	0.41
29	4.00	25.00	850.00	12000.00	42500.00	664598.17	664598.17	0.00	0.00	0.00	0.00	12.98	0.00	0.38
30	4.00	26.00	850.00	12000.00	42500.00	664598.17	664598.17	0.00	0.00	0.00	0.00	12.93	0.00	0.38
31	4.00	27.00	850.00	12000.00	42500.00	664598.17	664598.17	0.00	0.00	0.00	0.00	12.74	0.00	0.38
32	4.00	28.00	850.00	12000.00	42500.00	664598.17	664598.17	0.00	0.00	0.00	0.00	12.43	0.00	0.38
33	4.00	29.00	850.00	12000.00	42500.00	664598.17	664598.17	0.00	0.00	0.00	0.00	12.14	0.00	0.38
34	4.00	30.00	850.00	12000.00	42500.00	664598.17	664598.17	0.00	0.00	0.00	0.00	12.36	0.00	0.38
35	4.00	31.00	850.00	12000.00	42500.00	664598.17	664598.17	0.00	0.00	0.00	0.00	12.17	0.00	0.38
36	4.00	32.00	850.00	12000.00	42500.00	664598.17	664598.17	0.00	0.00	0.00	0.00	12.15	0.00	0.38
37	4.00	33.00	850.00	12000.00	42500.00	664598.17	664598.17	0.00	0.00	0.00	0.00	11.89	0.00	0.38
38	4.00	34.00	850.00	12000.00	42500.00	659776.41	664598.17	0.00	2.83	0.00	0.00	11.65	0.00	0.38
39	5.00	34.00	850.00	12000.00	42500.00	659776.41	664598.17	0.00	2.83	0.00	0.00	11.36	0.00	0.38
40	5.00	35.00	850.00	12000.00	42500.00	659776.41	664598.17	0.00	2.83	0.00	0.00	11.17	0.00	0.38
41	5.00	36.00	850.00	12000.00	42500.00	659776.41	664598.17	0.00	2.83	0.00	0.00	11.09	0.00	0.38
42	5.00	37.00	850.00	12000.00	42500.00	659776.41	664598.17	0.00	2.83	0.00	0.00	11.22	0.00	0.38
43	5.00	38.00	850.00	12000.00	42500.00	659776.41	664598.17	0.00	2.83	0.00	0.00	11.23	0.00	0.38
44	5.00	39.00	850.00	12000.00	42500.00	659776.41	664598.17	0.00	2.83	0.00	0.00	11.04	0.00	0.38
45	5.00	40.00	850.00	12000.00	42500.00	659776.41	664598.17	0.00	2.83	0.00	0.00	11.07	0.00	0.38
46	6.00	40.00	850.00	12000.00	42500.00	659776.41	664598.17	0.00	2.83	0.00	0.00	10.83	0.00	0.38
47	7.00	40.00	850.00	12000.00	42500.00	659776.41	664598.17	0.00	2.83	0.00	0.00	10.60	0.00	0.38
48	7.00	41.00	850.00	12000.00	42500.00	659776.41	664598.17	0.00	2.83	0.00	0.00	10.46	0.00	0.38
49	7.00	42.00	850.00	12000.00	42500.00	659776.41	664598.17	0.00	2.83	0.00	0.00	10.41	0.00	0.38
50	7.00	43.00	850.00	12000.00	42500.00	659776.41	664598.17	0.00	2.83	0.00	0.00	10.46	0.00	0.38
51	7.00	44.00	850.00	12000.00	42500.00	659776.41	664598.17	0.00	2.83	0.00	0.00	10.52	0.00	0.38
52	7.00	45.00	850.00	12000.00	42500.00	659776.41	664598.17	0.00	2.83	0.00	0.00	10.54	0.00	0.38
53	7.00	46.00	850.00	12000.00	42500.00	659776.41	664598.17	0.00	2.83	0.00	0.00	10.82	0.00	0.38
54	7.00	47.00	850.00	12000.00	42500.00	659776.41	664598.17	0.00	2.83	0.00	0.00	10.90	0.00	0.38
55	7.00	48.00	850.00	12000.00	42500.00	659776.41	664598.17	0.00	2.83	0.00	0.00	11.05	0.00	0.38
56	7.00	49.00	850.00	12000.00	42500.00	659776.41	664598.17	0.00	2.83	0.00	0.00	11.04	0.00	0.38
57	7.00	50.00	850.00	12000.00	42500.00	659776.41	664598.17	0.00	2.83	0.00	0.00	11.24	0.00	0.38
58	7.00	51.00	850.00	12000.00	42500.00	659776.41	664598.17	0.00	2.83	0.00	0.00	11.10	0.00	0.38
59	7.00	52.00	850.00	12000.00	42500.00	659776.41	664598.17	0.00	2.83	0.00	0.00	11.05	0.00	0.38
60	8.00	52.00	850.00	12000.00	42500.00	659776.41	664598.17	0.00	2.83	0.00	0.00	10.86	0.00	0.38
61	8.00	53.00	850.00	12000.00	42500.00	659776.41	664598.17	0.00	2.83	0.00	0.00	10.87	0.00	0.38
62	8.00	54.00	850.00	12000.00	42500.00	659776.41	664598.17	0.00	2.83	0.00	0.00	10.98	0.00	0.38
63	9.00	54.00	850.00	12000.00	42500.00	659776.41	664598.17	0.00	2.83	0.00	0.00	10.80	0.00	0.38
64	9.00	55.00	850.00	12000.00	42500.00	659776.41	664598.17	0.00	2.83	0.00	0.00	10.82	0.00	0.38
65	9.00	56.00	850.00	12000.00	42500.00	659776.41	664598.17	0.00	2.83	0.00	0.00	10.87	0.00	0.38
66	9.00	57.00	850.00	12000.00	42500.00	659776.41	664598.17	0.00	2.83	0.00	0.00	10.96	0.00	0.38
67	10.00	57.00	850.00	12000.00	42500.00	659776.41	664598.17	0.00	2.83	0.00	0.00	10.80	0.00	0.38
68	10.00	58.00	850.00	12000.00	42500.00	659776.41	664598.17	0.00	2.83	0.00	0.00	11.03	0.00	0.38
69	10.00	59.00	850.00	12000.00	42500.00	659776.41	664598.17	0.00	2.83	0.00	0.00	11.17	0.00	0.38
70	11.00	59.00	850.00	12000.00	42500.00	626422.38	626422.38	0.00	0.00	0.00	0.00	11.01	0.00	0.30
71	12.00	59.00	850.00	12000.00	42500.00	584610.79	584610.79	0.00	0.00	0.00	0.00	10.86	0.00	0.22
72	12.00	60.00	850.00	12000.00	42500.00	584610.79	584610.79	0.00	0.00	0.00	0.00	10.98	0.00	0.22
73	12.00	61.00	850.00	12000.00	42500.00	584610.79	584610.79	0.00	0.00	0.00	0.00	10.96	0.00	0.22
74	12.00	62.00	850.00	12000.00	42500.00	584610.79	584610.79	0.00	0.00	0.00	0.00	10.85	0.00	0.22
75	12.00	63.00	850.00	12000.00	42500.00	584610.79	584610.79	0.00	0.00	0.00	0.00	10.93	0.00	0.22
76	12.00	64.00	850.00	12000.00	42500.00	584610.79	584610.79	0.00	0.00	0.00	0.00	10.98	0.00	0.22
77	12.00	65.00	850.00	12000.00	42500.00	584610.79	584610.79	0.00	0.00	0.00	0.00	11.34	0.00	0.22
78	13.00	65.00	850.00	12000.00	42500.00	584610.79	584610.79	0.00	0.00	0.00	0.00	11.20	0.00	0.22
79	13.00	66.00	850.00	12000.00	42500.00	584610.79	584610.79	0.00	0.00	0.00	0.00	11.21	0.00	0.22
80	13.00	67.00	850.00	12000.00	42500.00	584610.79	584610.79	0.00	0.00	0.00	0.00	11.31	0.00	0.22
81	13.00	68.00	850.00	12000.00	42500.00	584610.79	584610.79	0.00	0.00	0.00	0.00	11.40	0.00	0.22
82	13.00	69.00	850.00	12000.00	42500.00	584610.79	584610.79	0.00	0.00	0.00	0.00	11.49	0.00	0.22
83	14.00	69.00	850.00	12000.00	42500.00	584610.79	584610.79	0.00	0.00	0.00	0.00	11.35	0.00	0.22
84	14.00	70.00	850.00	12000.00	42500.00	584610.79	584610.79	0.00	0.00	0.00	0.00	11.51	0.00	0.22
85	14.00	71.00	850.00	12000.00	42500.00	584610.79	584610.79	0.00	0.00	0.00	0.00	11.72	0.00	0.22
86	14.00	72.00	850.00	12000.00	42500.00	584610.79	584610.79	0.00	0.00	0.00	0.00	11.62	0.00	0.22
87	14.00	73.00	850.00	12000.00	42500.00	584610.79	584610.79	0.00	0.00	0.00	0.00	12.06	0.00	0.22
88	14.00	74.00	850.00	12000.00	42500.00	584610.79	584610.79	0.00	0.00	0.00	0.00	12.07	0.00	0.22
89	14.00	25.00	850.00	12000.00	42500.00	584610.79	584610.79	0.00	0.00	0.00	0.00	6.22	0.00	0.22
90	14.00	26.00	850.00	12000.00	42500.00	584610.79	584610.79	0.00	0.00	0.00	0.00	6.44	0.00	0.22
91	14.00	27.00	850.00	12000.00	42500.00	584610.79	584610.79	0.00	0.00	0.00	0.00	6.44	0.00	0.22
92	14.00	28.00	850.00	12000.00	42500.00	584610.79	584610.79	0.00	0.00	0.00	0.00	6.58	0.00	0.22
93	15.00	28.00	850.00	12000.00	42500.00	584610.79	584610.79	0.00	0.00	0.00	0.00	6.43	0.00	0.22
94	15.00	29.00	850.00	12000.00	42500.00	584610.79	584610.79	0.00	0.00	0.00	0.00	6.84	0.00	0.22
95	15.00	30.00	850.00	12000.00	42500.00	584610.79	584610.79	0.00	0.00	0.00	0.00	7.06	0.00	0.22
96	15.00	31.00	850.00	12000.00	42500.00	584610.79	584610.79	0.00	0.00	0.00	0.00	7.27	0.00	0.22
97	15.00	32.00	850.00	12000.00	42500.00	584610.79	584610.79	0.00	0.00	0.00	0.00	7.44	0.00	0.22
98	16.00	32.00	850.00	12000.00	42500.00	584610.79	584610.79	0.00	0.00	0.00	0.00	7.28	0.00	0.22
99	16.00	33.00	850.00	12000.00	42500.00	584610.79	584610.79	0.00	0.00	0.00	0.00	7.34	0.00	0.22
100	16.00	34.00	850.00	12000.00	42500.00	584610.79	584610.79	0.00	0.00	0.00	0.00	7.58	0.00	0.22
101	17.00	34.00	722.50	14400.00	36125.00	584610.79	584610.79	0.00	0.00	0.00	0.00	7.43	0.00	0.22
102	17.00	35.00	722.50	14400.00	36125.00	584610.79	584610.79	0.00	0.00	0.00	0.00	7.45	0.00	0.22
103	18.00	35.00	722.50	14400.00	36125.00	584610.79	584610.79	0.00	0.00	0.00	0.00	7.31	0.00	0.22
104	18.00	36.00	722.50	14400.00	36125.00	584610.79	584610.79	0.00	0.00	0.00	0.00	7.48	0.00	0.22
105	18.00	37.00	722.50	14400.00	36125.00	584610.79	584610.79	0.00	0.00	0.00	0.00	7.46	0.00	0.22
106	19.00	37.00	722.50	14400.00	36125.00	584610.79	584610.79	0.00	0.00	0.00	0.00	7.33	0.00	0.22
107	19.00	38.00	722.50	14400.00	36125.00	584610.79	584610.79	0.00	0.00	0.00	0.00	7.33	0.00	0.22
108	19.00	39.00	722.50	14400.00	36125.00	584610.79	584610.79	0.00	0.00	0.00	0.00	7.32	0.00	0.22
109	19.00	40.00	722.50	14400.00	36125.00	584610.79	584610.79	0.00	0.00	0.00	0.00	7.37	0.00	0.22
110	19.00	41.00	722.50	14400.00	36125.00	584610.79	584610.79	0.00	0.00	0.00	0.00	7.56	0.00	0.22
111	19.00	42.00	722.50	14400.00	36125.00	584610.79	584610.79	0.00	0.00	0.00	0.00	7.72	0.00	0.22
112	20.00	42.00	722.50	14400.00	36125.00	584610.79	584610.79	0.00	0.00	0.00	0.00	7.59	0.00	0.22
113	20.00	43.00	722.50	14400.00	36125.00	584610.79	584610.79	0.00	0.00	0.00	0.00	7.74	0.00	0.22
114	21.00	43.00	722.50	14400.00	36125.00	584610.79	584610.79	0.00	0.00	0.00	0.00	7.62	0.00	0.22
115	21.00	44.00	722.50	14400.00	36125.00	584610.79	584610.79	0.00	0.00	0.00	0.00	7.84	0.00	0.22
116	21.00	45.00	722.50	14400.00	36125.00	584610.79	584610.79	0.00	0.00	0.00	0.00	7.80	0.00	0.22
117	21.00	46.00	722.50	14400.00	36125.00	584610.79	584610.79	0.00	0.00	0.00	0.00	9.66	0.00	0.22
118	21.00	47.00	722.50	14400.00	36125.00	584610.79	584610.79	0.00	0.00	0.00	0.00	9.74	0.00	0.22
119	21.00	48.00	722.50	14400.00	36125.00	584610.79	584610.79	0.00	0.00	0.00	0.00	9.70	0.00	0.22
120	22.00	48.00	722.50	14400.00	36125.00	584610.79	584610.79	0.00	0.00	0.00	0.00	9.56	0.00	0.22
121	22.00	49.00	722.50	14400.00	36125.00	584610.79	584610.79	0.00	0.00	0.00	0.00	9.82	0.00	0.22
122	23.00	49.00	722.50	14400.00	36125.00	584610.79	584610.79	0.00	0.00	0.00	0.00	9.68	0.00	0.22
123	23.00	50.00	722.50	14400.00	36125.00	584610.79	584610.79	0.00	0.00	0.00	0.00	9.64	0.00	0.22
124	23.00	51.00	722.50	14400.00	36125.00	584610.79	584610.79	0.00	0.00	0.00	0.00	10.17	0.00	0.22
125	24.00	51.00	722.50	14400.00	36125.00	577339.21	577339.21	0.00	0.00	0.00	0.00	10.03	0.00	0.20
126	25.00	51.00	722.50	14400.00	36125.00	577339.21	577339.21	0.00	0.00	0.00	0.00	9.90	0.00	0.20
127	26.00	51.00	722.50	14400.00	36125.00	577339.21	577339.21	0.00	0.00	0.00	0.00	9.77	0.00	0.20
128	26.00	52.00	722.50	14400.00	36125.00	577339.21	577339.21	0.00	0.00	0.00	0.00	9.69	0.00	0.20
129	26.00	53.00	722.50	14400.00	36125.00	577339.21	577339.21	0.00	0.00	0.00	0.00	9.60	0.00	0.20
130	26.00	54.00	722.50	14400.00	36125.00	577339.21	577339.21	0.00	0.00	0.00	0.00	9.66	0.00	0.20
131	26.00	55.00	722.50	14400.00	36125.00	577339.21	577339.21	0.00	0.00	0.00	0.00	9.75	0.00	0.20
132	26.00	56.00	722.50	14400.00	36125.00	577339.21	577339.21	0.00	0.00	0.00	0.00	10.14	0.00	0.20
133	26.00	57.00	722.50	14400.00	36125.00	577339.21	577339.21	0.00	0.00	0.00	0.00	10.40	0.00	0.20
134	26.00	58.00	722.50	14400.00	36125.00	577339.21	577339.21	0.00	0.00	0.00	0.00	10.41	0.00	0.20
135	26.00	59.00	722.50	14400.00	36125.00	577339.21	577339.21	0.00	0.00	0.00	0.00	10.64	0.00	0.20
136	26.00	60.00	722.50	14400.00	36125.00	577339.21	577339.21	0.00	0.00	0.00	0.00	10.67	0.00	0.20
137	26.00	61.00	722.50	14400.00	36125.00	577339.21	577339.21	0.00	0.00	0.00	0.00	10.64	0.00	0.20
138	26.00	62.00	722.50	14400.00	36125.00	577339.21	577339.21	0.00	0.00	0.00	0.00	10.60	0.00	0.20
139	26.00	63.00	722.50	14400.00	36125.00	577339.21	577339.21	0.00	0.00	0.00	0.00	10.62	0.00	0.20
140	27.00	63.00	722.50	14400.00	36125.00	577339.21	577339.21	0.00	0.00	0.00	0.00	10.50	0.00	0.20
141	27.00	64.00	722.50	14400.00	36125.00	577339.21	577339.21	0.00	0.00	0.00	0.00	10.59	0.00	0.20
142	27.00	65.00	722.50	14400.00	36125.00	577339.21	577339.21	0.00	0.00	0.00	0.00	10.72	0.00	0.20
143	27.00	66.00	722.50	14400.00	36125.00	577339.21	577339.21	0.00	0.00	0.00	0.00	10.71	0.00	0.20
144	27.00	67.00	722.50	14400.00	36125.00	577339.21	577339.21	0.00	0.00	0.00	0.00	10.72	0.00	0.20
145	28.00	67.00	722.50	14400.00	36125.00	577339.21	577339.21	0.00	0.00	0.00	0.00	10.61	0.00	0.20
146	29.00	67.00	722.50	14400.00	36125.00	577339.21	577339.21	0.00	0.00	0.00	0.00	10.50	0.00	0.20
147	29.00	68.00	722.50	14400.00	36125.00	577339.21	577339.21	0.00	0.00	0.00	0.00	10.69	0.00	0.20
148	29.00	69.00	722.50	14400.00	36125.00	577339.21	577339.21	0.00	0.00	0.00	0.00	11.12	0.00	0.20
149	29.00	70.00	722.50	14400.00	36125.00	577339.21	577339.21	0.00	0.00	0.00	0.00	11.25	0.00	0.20
150	30.00	70.00	722.50	14400.00	36125.00	577339.21	577339.21	0.00	0.00	0.00	0.00	11.13	0.00	0.20
151	30.00	71.00	722.50	14400.00	36125.00	577339.21	577339.21	0.00	0.00	0.00	0.00	11.29	0.00	0.20
152	30.00	72.00	722.50	14400.00	36125.00	577339.21	577339.21	0.00	0.00	0.00	0.00	11.41	0.00	0.20
153	30.00	73.00	722.50	14400.00	36125.00	577339.21	577339.21	0.00	0.00	0.00	0.00	11.39	0.00	0.20
154	31.00	73.00	722.50	14400.00	36125.00	577339.21	577339.21	0.00	0.00	0.00	0.00	11.28	0.00	0.20
155	31.00	74.00	722.50	14400.00	36125.00	577339.21	577339.21	0.00	0.00	0.00	0.00	11.22	0.00	0.20
156	31.00	25.00	722.50	14400.00	36125.00	577339.21	577339.21	0.00	0.00	0.00	0.00	3.44	0.00	0.20
157	31.00	26.00	722.50	14400.00	36125.00	577339.21	577339.21	0.00	0.00	0.00	0.00	3.60	0.00	0.20
158	31.00	27.00	722.50	14400.00	36125.00	577339.21	577339.21	0.00	0.00	0.00	0.00	3.97	0.00	0.20
159	31.00	28.00	722.50	14400.00	36125.00	577339.21	577339.21	0.00	0.00	0.00	0.00	3.95	0.00	0.20
160	31.00	29.00	722.50	14400.00	36125.00	577339.21	577339.21	0.00	0.00	0.00	0.00	5.05	0.00	0.20
161	31.00	30.00	722.50	14400.00	36125.00	577339.21	577339.21	0.00	0.00	0.00	0.00	5.59	0.00	0.20
162	31.00	31.00	722.50	14400.00	36125.00	577339.21	577339.21	0.00	0.00	0.00	0.00	5.85	0.00	0.20
163	32.00	31.00	722.50	14400.00	36125.00	577339.21	577339.21	0.00	0.00	0.00	0.00	5.76	0.00	0.20
164	32.00	32.00	722.50	14400.00	36125.00	577339.21	577339.21	0.00	0.00	0.00	0.00	5.98	0.00	0.20
165	33.00	32.00	722.50	14400.00	36125.00	577339.21	577339.21	0.00	0.00	0.00	0.00	5.89	0.00	0.20
166	34.00	32.00	722.50	14400.00	36125.00	577339.21	577339.21	0.00	0.00	0.00	0.00	5.80	0.00	0.20
167	35.00	32.00	722.50	14400.00	36125.00	577339.21	577339.21	0.00	0.00	0.00	0.00	5.71	0.00	0.20
168	35.00	33.00	722.50	14400.00	36125.00	577339.21	577339.21	0.00	0.00	0.00	0.00	5.80	0.00	0.20
169	35.00	34.00	722.50	14400.00	36125.00	577339.21	577339.21	0.00	0.00	0.00	0.00	7.28	0.00	0.20
170	35.00	35.00	722.50	14400.00	36125.00	577339.21	577339.21	0.00	0.00	0.00	0.00	7.30	0.00	0.20
171	35.00	36.00	722.50	14400.00	36125.00	577339.21	577339.21	0.00	0.00	0.00	0.00	7.83	0.00	0.20
172	36.00	36.00	722.50	14400.00	36125.00	577339.21	577339.21	0.00	0.00	0.00	0.00	7.72	0.00	0.20
173	36.00	37.00	722.50	14400.00	36125.00	577339.21	577339.21	0.00	0.00	0.00	0.00	8.00	0.00	0.20
174	37.00	37.00	722.50	14400.00	36125.00	577339.21	577339.21	0.00	0.00	0.00	0.00	7.89	0.00	0.20
175	38.00	37.00	722.50	14400.00	36125.00	577339.21	577339.21	0.00	0.00	0.00	0.00	7.78	0.00	0.20
176	39.00	37.00	722.50	14400.00	36125.00	577339.21	577339.21	0.00	0.00	0.00	0.00	7.68	0.00	0.20
177	39.00	38.00	722.50	14400.00	36125.00	577339.21	577339.21	0.00	0.00	0.00	0.00	7.99	0.00	0.20
178	39.00	39.00	722.50	14400.00	36125.00	577339.21	577339.21	0.00	0.00	0.00	0.00	8.04	0.00	0.20
179	39.00	40.00	722.50	14400.00	36125.00	577339.21	577339.21	0.00	0.00	0.00	0.00	8.08	0.00	0.20
180	39.00	41.00	722.50	14400.00	36125.00	577339.21	577339.21	0.00	0.00	0.00	0.00	8.13	0.00	0.20
181	39.00	42.00	722.50	14400.00	36125.00	577339.21	577339.21	0.00	0.00	0.00	0.00	8.29	0.00	0.20
182	39.00	43.00	722.50	14400.00	36125.00	577339.21	577339.21	0.00	0.00	0.00	0.00	8.26	0.00	0.20
183	40.00	43.00	722.50	14400.00	36125.00	577339.21	577339.21	0.00	0.00	0.00	0.00	8.16	0.00	0.20
184	40.00	44.00	722.50	14400.00	36125.00	577339.21	577339.21	0.00	0.00	0.00	0.00	8.23	0.00	0.20
185	40.00	45.00	722.50	14400.00	36125.00	577339.21	577339.21	0.00	0.00	0.00	0.00	8.17	0.00	0.20
186	40.00	46.00	722.50	14400.00	36125.00	577339.21	577339.21	0.00	0.00	0.00	0.00	8.29	0.00	0.20
187	40.00	47.00	722.50	14400.00	36125.00	577339.21	577339.21	0.00	0.00	0.00	0.00	8.48	0.00	0.20
188	40.00	48.00	722.50	14400.00	36125.00	577339.21	577339.21	0.00	0.00	0.00	0.00	8.63	0.00	0.20
189	41.00	48.00	722.50	14400.00	36125.00	577339.21	577339.21	0.00	0.00	0.00	0.00	8.53	0.00	0.20
190	41.00	49.00	722.50	14400.00	36125.00	577339.21	577339.21	0.00	0.00	0.00	0.00	8.78	0.00	0.20
191	41.00	50.00	722.50	14400.00	36125.00	577339.21	577339.21	0.00	0.00	0.00	0.00	9.09	0.00	0.20
192	41.00	51.00	722.50	14400.00	36125.00	577339.21	577339.21	0.00	0.00	0.00	0.00	9.10	0.00	0.20
193	41.00	52.00	722.50	14400.00	36125.00	577339.21	577339.21	0.00	0.00	0.00	0.00	9.37	0.00	0.20
194	41.00	53.00	722.50	14400.00	36125.00	577339.21	577339.21	0.00	0.00	0.00	0.00	9.45	0.00	0.20
195	41.00	54.00	722.50	14400.00	36125.00	577339.21	577339.21	0.00	0.00	0.00	0.00	9.50	0.00	0.20
196	41.00	55.00	722.50	14400.00	36125.00	577339.21	577339.21	0.00	0.00	0.00	0.00	9.58	0.00	0.20
197	42.00	55.00	722.50	14400.00	36125.00	577339.21	577339.21	0.00	0.00	0.00	0.00	9.49	0.00	0.20
198	42.00	56.00	722.50	14400.00	36125.00	577339.21	577339.21	0.00	0.00	0.00	0.00	9.76	0.00	0.20
199	42.00	57.00	722.50	14400.00	36125.00	577339.21	577339.21	0.00	0.00	0.00	0.00	9.73	0.00	0.20
200	42.00	58.00	722.50	14400.00	36125.00	577339.21	577339.21	0.00	0.00	0.00	0.00	9.94	0.00	0.20
201	42.00	59.00	614.12	17280.00	30706.25	577339.21	577339.21	0.00	0.00	0.00	0.00	9.87	0.00	0.20
202	42.00	60.00	614.12	17280.00	30706.25	577339.21	577339.21	0.00	0.00	0.00	0.00	9.94	0.00	0.20
203	42.00	61.00	614.12	17280.00	30706.25	577339.21	577339.21	0.00	0.00	0.00	0.00	9.91	0.00	0.20
204	43.00	61.00	614.12	17280.00	30706.25	577339.21	577339.21	0.00	0.00	0.00	0.00	9.82	0.00	0.20
205	43.00	62.00	614.12	17280.00	30706.25	577339.21	577339.21	0.00	0.00	0.00	0.00	9.96	0.00	0.20
206	44.00	62.00	614.12	17280.00	30706.25	577339.21	577339.21	0.00	0.00	0.00	0.00	9.87	0.00	0.20
207	44.00	63.00	614.12	17280.00	30706.25	577339.21	577339.21	0.00	0.00	0.00	0.00	9.91	0.00	0.20
208	44.00	64.00	614.12	17280.00	30706.25	577339.21	577339.21	0.00	0.00	0.00	0.00	9.84	0.00	0.20
209	44.00	65.00	614.12	17280.00	30706.25	577339.21	577339.21	0.00	0.00	0.00	0.00	9.86	0.00	0.20
210	44.00	66.00	614.12	17280.00	30706.25	577339.21	577339.21	0.00	0.00	0.00	0.00	9.81	0.00	0.20
211	44.00	67.00	614.12	17280.00	30706.25	577339.21	577339.21	0.00	0.00	0.00	0.00	9.83	0.00	0.20
212	44.00	68.00	614.12	17280.00	30706.25	577339.21	577339.21	0.00	0.00	0.00	0.00	10.27	0.00	0.20
213	44.00	69.00	614.12	17280.00	30706.25	577339.21	577339.21	0.00	0.00	0.00	0.00	10.37	0.00	0.20
214	44.00	70.00	614.12	17280.00	30706.25	577339.21	577339.21	0.00	0.00	0.00	0.00	10.46	0.00	0.20
215	44.00	71.00	614.12	17280.00	30706.25	577339.21	577339.21	0.00	0.00	0.00	0.00	10.58	0.00	0.20
216	45.00	71.00	614.12	17280.00	30706.25	577339.21	577339.21	0.00	0.00	0.00	0.00	10.49	0.00	0.20
217	45.00	72.00	614.12	17280.00	30706.25	577339.21	577339.21	0.00	0.00	0.00	0.00	10.52	0.00	0.20
218	45.00	73.00	614.12	17280.00	30706.25	577339.21	577339.21	0.00	0.00	0.00	0.00	10.54	0.00	0.20
219	45.00	74.00	614.12	17280.00	30706.25	577339.21	577339.21	0.00	0.00	0.00	0.00	10.60	0.00	0.20
220	46.00	74.00	614.12	17280.00	30706.25	577339.21	577339.21	0.00	0.00	0.00	0.00	10.51	0.00	0.20
221	46.00	25.00	614.12	17280.00	30706.25	577339.21	577339.21	0.00	0.00	0.00	0.00	2.17	0.00	0.20
222	46.00	26.00	614.12	17280.00	30706.25	577339.21	577339.21	0.00	0.00	0.00	0.00	3.05	0.00	0.20
223	47.00	26.00	614.12	17280.00	30706.25	577339.21	577339.21	0.00	0.00	0.00	0.00	3.01	0.00	0.20
224	48.00	26.00	614.12	17280.00	30706.25	577339.21	577339.21	0.00	0.00	0.00	0.00	2.15	0.00	0.20
225	48.00	27.00	522.01	20736.00	26100.31	577339.21	577339.21	0.00	0.00	0.00	0.00	2.23	0.00	0.20
226	48.00	28.00	522.01	20736.00	26100.31	577339.21	577339.21	0.00	0.00	0.00	0.00	2.48	0.00	0.20
227	48.00	29.00	522.01	20736.00	26100.31	577339.21	577339.21	0.00	0.00	0.00	0.00	2.80	0.00	0.20
228	49.00	29.00	522.01	20736.00	26100.31	577339.21	577339.21	0.00	0.00	0.00	0.00	2.76	0.00	0.20
229	49.00	30.00	522.01	20736.00	26100.31	577339.21	577339.21	0.00	0.00	0.00	0.00	3.62	0.00	0.20
230	50.00	30.00	522.01	20736.00	26100.31	577339.21	577339.21	0.00	0.00	0.00	0.00	3.57	0.00	0.20
231	50.00	31.00	522.01	20736.00	26100.31	577339.21	577339.21	0.00	0.00	0.00	0.00	3.56	0.00	0.20
232	50.00	32.00	522.01	20736.00	26100.31	577339.21	577339.21	0.00	0.00	0.00	0.00	3.94	0.00	0.20
233	50.00	33.00	522.01	20736.00	26100.31	577339.21	577339.21	0.00	0.00	0.00	0.00	3.98	0.00	0.20
234	50.00	34.00	522.01	20736.00	26100.31	577339.21	577339.21	0.00	0.00	0.00	0.00	4.00	0.00	0.20
235	51.00	34.00	522.01	20736.00	26100.31	577339.21	577339.21	0.00	0.00	0.00	0.00	3.95	0.00	0.20
236	51.00	35.00	522.01	20736.00	26100.31	577339.21	577339.21	0.00	0.00	0.00	0.00	4.02	0.00	0.20
237	52.00	35.00	522.01	20736.00	26100.31	577339.21	577339.21	0.00	0.00	0.00	0.00	3.98	0.00	0.20
238	53.00	35.00	522.01	20736.00	26100.31	577339.21	577339.21	0.00	0.00	0.00	0.00	3.93	0.00	0.20
239	53.00	36.00	522.01	20736.00	26100.31	577339.21	577339.21	0.00	0.00	0.00	0.00	3.92	0.00	0.20
240	53.00	37.00	522.01	20736.00	26100.31	577339.21	577339.21	0.00	0.00	0.00	0.00	3.95	0.00	0.20
241	54.00	37.00	522.01	20736.00	26100.31	577339.21	577339.21	0.00	0.00	0.00	0.00	3.91	0.00	0.20
242	54.00	38.00	522.01	20736.00	26100.31	577339.21	577339.21	0.00	0.00	0.00	0.00	3.95	0.00	0.20
243	55.00	38.00	522.01	20736.00	26100.31	577339.21	577339.21	0.00	0.00	0.00	0.00	3.90	0.00	0.20
244	55.00	39.00	522.01	20736.00	26100.31	577339.21	577339.21	0.00	0.00	0.00	0.00	4.14	0.00	0.20
245	56.00	39.00	522.01	20736.00	26100.31	577339.21	577339.21	0.00	0.00	0.00	0.00	4.09	0.00	0.20
246	56.00	40.00	522.01	20736.00	26100.31	577339.21	577339.21	0.00	0.00	0.00	0.00	4.08	0.00	0.20
247	56.00	41.00	522.01	20736.00	26100.31	577339.21	577339.21	0.00	0.00	0.00	0.00	4.21	0.00	0.20
248	56.00	42.00	522.01	20736.00	26100.31	577339.21	577339.21	0.00	0.00	0.00	0.00	4.19	0.00	0.20
249	57.00	42.00	522.01	20736.00	26100.31	577339.21	577339.21	0.00	0.00	0.00	0.00	4.15	0.00	0.20
250	58.00	42.00	522.01	20736.00	26100.31	577339.21	577339.21	0.00	0.00	0.00	0.00	4.11	0.00	0.20
251	59.00	42.00	522.01	20736.00	26100.31	577339.21	577339.21	0.00	0.00	0.00	0.00	4.07	0.00	0.20
252	60.00	42.00	522.01	20736.00	26100.31	577339.21	577339.21	0.00	0.00	0.00	0.00	4.03	0.00	0.20
253	61.00	42.00	522.01	20736.00	26100.31	577339.21	577339.21	0.00	0.00	0.00	0.00	3.99	0.00	0.20
254	61.00	43.00	522.01	20736.00	26100.31	577339.21	577339.21	0.00	0.00	0.00	0.00	4.01	0.00	0.20
255	61.00	44.00	522.01	20736.00	26100.31	577339.21	577339.21	0.00	0.00	0.00	0.00	4.00	0.00	0.20
256	61.00	45.00	522.01	20736.00	26100.31	577339.21	577339.21	0.00	0.00	0.00	0.00	3.99	0.00	0.20
257	62.00	45.00	522.01	20736.00	26100.31	577339.21	577339.21	0.00	0.00	0.00	0.00	3.95	0.00	0.20
258	63.00	45.00	522.01	20736.00	26100.31	577339.21	577339.21	0.00	0.00	0.00	0.00	3.91	0.00	0.20
259	63.00	46.00	522.01	20736.00	26100.31	577339.21	577339.21	0.00	0.00	0.00	0.00	4.32	0.00	0.20
260	63.00	47.00	522.01	20736.00	26100.31	577339.21	577339.21	0.00	0.00	0.00	0.00	4.39	0.00	0.20
261	63.00	48.00	522.01	20736.00	26100.31	577339.21	577339.21	0.00	0.00	0.00	0.00	4.74	0.00	0.20
262	63.00	49.00	522.01	20736.00	26100.31	577339.21	577339.21	0.00	0.00	0.00	0.00	4.73	0.00	0.20
263	63.00	50.00	522.01	20736.00	26100.31	577339.21	577339.21	0.00	0.00	0.00	0.00	5.05	0.00	0.20
264	63.00	51.00	522.01	20736.00	26100.31	577339.21	577339.21	0.00	0.00	0.00	0.00	5.40	0.00	0.20
265	64.00	51.00	522.01	20736.00	26100.31	577339.21	577339.21	0.00	0.00	0.00	0.00	5.35	0.00	0.20
266	65.00	51.00	522.01	20736.00	26100.31	577339.21	577339.21	0.00	0.00	0.00	0.00	5.30	0.00	0.20
267	66.00	51.00	522.01	20736.00	26100.31	577339.21	577339.21	0.00	0.00	0.00	0.00	5.26	0.00	0.20
268	66.00	52.00	522.01	20736.00	26100.31	577339.21	577339.21	0.00	0.00	0.00	0.00	5.24	0.00	0.20
269	67.00	52.00	522.01	20736.00	26100.31	577339.21	577339.21	0.00	0.00	0.00	0.00	5.20	0.00	0.20
270	67.00	53.00	522.01	20736.00	26100.31	577339.21	577339.21	0.00	0.00	0.00	0.00	5.18	0.00	0.20
271	68.00	53.00	522.01	20736.00	26100.31	577339.21	577339.21	0.00	0.00	0.00	0.00	5.13	0.00	0.20
272	69.00	53.00	522.01	20736.00	26100.31	577339.21	577339.21	0.00	0.00	0.00	0.00	5.09	0.00	0.20
273	69.00	54.00	522.01	20736.00	26100.31	577339.21	577339.21	0.00	0.00	0.00	0.00	5.29	0.00	0.20
274	69.00	55.00	522.01	20736.00	26100.31	577339.21	577339.21	0.00	0.00	0.00	0.00	5.67	0.00	0.20
275	69.00	56.00	522.01	20736.00	26100.31	577339.21	577339.21	0.00	0.00	0.00	0.00	5.69	0.00	0.20
276	69.00	57.00	522.01	20736.00	26100.31	577339.21	577339.21	0.00	0.00	0.00	0.00	5.85	0.00	0.20
277	69.00	58.00	522.01	20736.00	26100.31	577339.21	577339.21	0.00	0.00	0.00	0.00	5.83	0.00	0.20
278	69.00	59.00	522.01	20736.00	26100.31	577339.21	577339.21	0.00	0.00	0.00	0.00	5.89	0.00	0.20
279	70.00	59.00	522.01	20736.00	26100.31	577339.21	577339.21	0.00	0.00	0.00	0.00	5.85	0.00	0.20
280	70.00	60.00	522.01	20736.00	26100.31	577339.21	577339.21	0.00	0.00	0.00	0.00	5.86	0.00	0.20
281	70.00	61.00	522.01	20736.00	26100.31	577339.21	577339.21	0.00	0.00	0.00	0.00	5.87	0.00	0.20
282	70.00	62.00	522.01	20736.00	26100.31	577339.21	577339.21	0.00	0.00	0.00	0.00	6.61	0.00	0.20
283	70.00	63.00	522.01	20736.00	26100.31	577339.21	577339.21	0.00	0.00	0.00	0.00	6.67	0.00	0.20
284	70.00	64.00	522.01	20736.00	26100.31	577339.21	577339.21	0.00	0.00	0.00	0.00	6.79	0.00	0.20
285	71.00	64.00	522.01	20736.00	26100.31	577339.21	577339.21	0.00	0.00	0.00	0.00	6.74	0.00	0.20
286	72.00	64.00	522.01	20736.00	26100.31	577339.21	577339.21	0.00	0.00	0.00	0.00	6.69	0.00	0.20
287	73.00	64.00	522.01	20736.00	26100.31	577339.21	577339.21	0.00	0.00	0.00	0.00	6.64	0.00	0.20
288	74.00	64.00	522.01	20736.00	26100.31	577339.21	577339.21	0.00	0.00	0.00	0.00	6.60	0.00	0.20
289	25.00	64.00	522.01	20736.00	26100.31	577339.21	577339.21	0.00	0.00	0.00	0.00	10.23	0.00	0.20
290	26.00	64.00	522.01	20736.00	26100.31	577339.21	577339.21	0.00	0.00	0.00	0.00	10.11	0.00	0.20
291	26.00	65.00	522.01	20736.00	26100.31	577339.21	577339.21	0.00	0.00	0.00	0.00	10.29	0.00	0.20
292	26.00	66.00	522.01	20736.00	26100.31	577339.21	577339.21	0.00	0.00	0.00	0.00	10.30	0.00	0.20
293	26.00	67.00	522.01	20736.00	26100.31	577339.21	577339.21	0.00	0.00	0.00	0.00	10.37	0.00	0.20
294	27.00	67.00	522.01	20736.00	26100.31	577339.21	577339.21	0.00	0.00	0.00	0.00	10.26	0.00	0.20
295	28.00	67.00	522.01	20736.00	26100.31	538557.45	538557.45	0.00	0.00	0.00	0.00	10.15	0.00	0.12
296	29.00	67.00	522.01	20736.00	26100.31	538557.45	538557.45	0.00	0.00	0.00	0.00	10.05	0.00	0.12
297	30.00	67.00	522.01	20736.00	26100.31	538557.45	538557.45	0.00	0.00	0.00	0.00	9.94	0.00	0.12
298	30.00	68.00	522.01	20736.00	26100.31	538557.45	538557.45	0.00	0.00	0.00	0.00	9.87	0.00	0.12
299	31.00	68.00	522.01	20736.00	26100.31	538557.45	538557.45	0.00	0.00	0.00	0.00	9.77	0.00	0.12
300	31.00	69.00	522.01	20736.00	26100.31	538557.45	538557.45	0.00	0.00	0.00	0.00	9.79	0.00	0.12
301	32.00	69.00	522.01	20736.00	26100.31	538557.45	538557.45	0.00	0.00	0.00	0.00	9.69	0.00	0.12
302	33.00	69.00	522.01	20736.00	26100.31	538557.45	538557.45	0.00	0.00	0.00	0.00	9.60	0.00	0.12
303	34.00	69.00	522.01	20736.00	26100.31	538557.45	538557.45	0.00	0.00	0.00	0.00	9.50	0.00	0.12
304	35.00	69.00	522.01	20736.00	26100.31	538557.45	538557.45	0.00	0.00	0.00	0.00	9.41	0.00	0.12
305	36.00	69.00	522.01	20736.00	26100.31	538557.45	538557.45	0.00	0.00	0.00	0.00	9.32	0.00	0.12
306	37.00	69.00	522.01	20736.00	26100.31	538557.45	538557.45	0.00	0.00	0.00	0.00	9.23	0.00	0.12
307	38.00	69.00	522.01	20736.00	26100.31	538557.45	538557.45	0.00	0.00	0.00	0.00	9.15	0.00	0.12
308	39.00	69.00	522.01	20736.00	26100.31	538557.45	538557.45	0.00	0.00	0.00	0.00	9.06	0.00	0.12
309	39.00	70.00	522.01	20736.00	26100.31	538557.45	538557.45	0.00	0.00	0.00	0.00	9.10	0.00	0.12
310	40.00	70.00	522.01	20736.00	26100.31	538557.45	538557.45	0.00	0.00	0.00	0.00	9.01	0.00	0.12
311	40.00	71.00	522.01	20736.00	26100.31	538557.45	538557.45	0.00	0.00	0.00	0.00	9.00	0.00	0.12
312	40.00	72.00	522.01	20736.00	26100.31	538557.45	538557.45	0.00	0.00	0.00	0.00	8.95	0.00	0.12
313	41.00	72.00	522.01	20736.00	26100.31	538557.45	538557.45	0.00	0.00	0.00	0.00	8.87	0.00	0.12
314	41.00	73.00	522.01	20736.00	26100.31	538557.45	538557.45	0.00	0.00	0.00	0.00	8.82	0.00	0.12
315	42.00	73.00	522.01	20736.00	26100.31	538557.45	538557.45	0.00	0.00	0.00	0.00	8.74	0.00	0.12
316	42.00	74.00	522.01	20736.00	26100.31	538557.45	538557.45	0.00	0.00	0.00	0.00	8.81	0.00	0.12
317	42.00	25.00	522.01	20736.00	26100.31	538557.45	538557.45	0.00	0.00	0.00	0.00	4.46	0.00	0.12
318	43.00	25.00	522.01	20736.00	26100.31	538557.45	538557.45	0.00	0.00	0.00	0.00	4.40	0.00	0.12
319	43.00	26.00	522.01	20736.00	26100.31	538557.45	538557.45	0.00	0.00	0.00	0.00	4.54	0.00	0.12
320	44.00	26.00	522.01	20736.00	26100.31	538557.45	538557.45	0.00	0.00	0.00	0.00	4.48	0.00	0.12
321	44.00	27.00	522.01	20736.00	26100.31	538557.45	538557.45	0.00	0.00	0.00	0.00	4.67	0.00	0.12
322	45.00	27.00	522.01	20736.00	26100.31	538557.45	538557.45	0.00	0.00	0.00	0.00	4.60	0.00	0.12
323	46.00	27.00	522.01	20736.00	26100.31	538557.45	538557.45	0.00	0.00	0.00	0.00	4.54	0.00	0.12
324	46.00	28.00	522.01	20736.00	26100.31	538557.45	538557.45	0.00	0.00	0.00	0.00	4.51	0.00	0.12
325	46.00	29.00	443.71	24883.20	22185.27	538557.45	538557.45	0.00	0.00	0.00	0.00	4.49	0.00	0.12
326	46.00	30.00	443.71	24883.20	22185.27	538557.45	538557.45	0.00	0.00	0.00	0.00	4.79	0.00	0.12
327	47.00	30.00	443.71	24883.20	22185.27	538557.45	538557.45	0.00	0.00	0.00	0.00	4.73	0.00	0.12
328	47.00	31.00	443.71	24883.20	22185.27	538557.45	538557.45	0.00	0.00	0.00	0.00	4.81	0.00	0.12
329	47.00	32.00	443.71	24883.20	22185.27	538557.45	538557.45	0.00	0.00	0.00	0.00	4.79	0.00	0.12
330	47.00	33.00	443.71	24883.20	22185.27	538557.45	538557.45	0.00	0.00	0.00	0.00	4.83	0.00	0.12
331	48.00	33.00	443.71	24883.20	22185.27	538557.45	538557.45	0.00	0.00	0.00	0.00	4.77	0.00	0.12
332	48.00	34.00	443.71	24883.20	22185.27	538557.45	538557.45	0.00	0.00	0.00	0.00	4.87	0.00	0.12
333	49.00	34.00	443.71	24883.20	22185.27	538557.45	538557.45	0.00	0.00	0.00	0.00	4.81	0.00	0.12
334	50.00	34.00	443.71	24883.20	22185.27	538557.45	538557.45	0.00	0.00	0.00	0.00	4.75	0.00	0.12
335	51.00	34.00	443.71	24883.20	22185.27	538557.45	538557.45	0.00	0.00	0.00	0.00	4.69	0.00	0.12
336	52.00	34.00	443.71	24883.20	22185.27	538557.45	538557.45	0.00	0.00	0.00	0.00	4.64	0.00	0.12
337	53.00	34.00	443.71	24883.20	22185.27	538557.45	538557.45	0.00	0.00	0.00	0.00	4.59	0.00	0.12
338	54.00	34.00	443.71	24883.20	22185.27	538557.45	538557.45	0.00	0.00	0.00	0.00	4.53	0.00	0.12
339	54.00	35.00	443.71	24883.20	22185.27	538557.45	538557.45	0.00	0.00	0.00	0.00	4.61	0.00	0.12
340	54.00	36.00	443.71	24883.20	22185.27	538557.45	538557.45	0.00	0.00	0.00	0.00	4.60	0.00	0.12
341	54.00	37.00	443.71	24883.20	22185.27	538557.45	538557.45	0.00	0.00	0.00	0.00	4.63	0.00	0.12
342	54.00	38.00	443.71	24883.20	22185.27	538557.45	538557.45	0.00	0.00	0.00	0.00	4.61	0.00	0.12
343	55.00	38.00	443.71	24883.20	22185.27	538557.45	538557.45	0.00	0.00	0.00	0.00	4.56	0.00	0.12
344	56.00	38.00	443.71	24883.20	22185.27	538557.45	538557.45	0.00	0.00	0.00	0.00	4.52	0.00	0.12
345	56.00	39.00	443.71	24883.20	22185.27	538557.45	538557.45	0.00	0.00	0.00	0.00	4.58	0.00	0.12
346	57.00	39.00	443.71	24883.20	22185.27	538557.45	538557.45	0.00	0.00	0.00	0.00	4.53	0.00	0.12
347	58.00	39.00	443.71	24883.20	22185.27	538557.45	538557.45	0.00	0.00	0.00	0.00	4.48	0.00	0.12
348	59.00	39.00	443.71	24883.20	22185.27	538557.45	538557.45	0.00	0.00	0.00	0.00	4.44	0.00	0.12
349	60.00	39.00	443.71	24883.20	22185.27	538557.45	538557.45	0.00	0.00	0.00	0.00	4.39	0.00	0.12
350	61.00	39.00	443.71	24883.20	22185.27	538557.45	538557.45	0.00	0.00	0.00	0.00	4.35	0.00	0.12
351	62.00	39.00	443.71	24883.20	22185.27	538557.45	538557.45	0.00	0.00	0.00	0.00	4.30	0.00	0.12
352	62.00	40.00	443.71	24883.20	22185.27	538557.45	538557.45	0.00	0.00	0.00	0.00	4.63	0.00	0.12
353	63.00	40.00	443.71	24883.20	22185.27	538557.45	538557.45	0.00	0.00	0.00	0.00	4.59	0.00	0.12
354	64.00	40.00	443.71	24883.20	22185.27	538557.45	538557.45	0.00	0.00	0.00	0.00	4.54	0.00	0.12
355	65.00	40.00	443.71	24883.20	22185.27	538557.45	538557.45	0.00	0.00	0.00	0.00	4.50	0.00	0.12
356	66.00	40.00	443.71	24883.20	22185.27	538557.45	538557.45	0.00	0.00	0.00	0.00	4.46	0.00	0.12
357	66.00	41.00	443.71	24883.20	22185.27	538557.45	538557.45	0.00	0.00	0.00	0.00	4.61	0.00	0.12
358	67.00	41.00	443.71	24883.20	22185.27	538557.45	538557.45	0.00	0.00	0.00	0.00	4.57	0.00	0.12
359	67.00	42.00	443.71	24883.20	22185.27	538557.45	538557.45	0.00	0.00	0.00	0.00	4.55	0.00	0.12
360	68.00	42.00	443.71	24883.20	22185.27	538557.45	538557.45	0.00	0.00	0.00	0.00	4.51	0.00	0.12
361	68.00	43.00	443.71	24883.20	22185.27	538557.45	538557.45	0.00	0.00	0.00	0.00	4.62	0.00	0.12
362	68.00	44.00	443.71	24883.20	22185.27	538557.45	538557.45	0.00	0.00	0.00	0.00	4.70	0.00	0.12
363	69.00	44.00	443.71	24883.20	22185.27	538557.45	538557.45	0.00	0.00	0.00	0.00	4.66	0.00	0.12
364	70.00	44.00	443.71	24883.20	22185.27	538557.45	538557.45	0.00	0.00	0.00	0.00	4.62	0.00	0.12
365	71.00	44.00	443.71	24883.20	22185.27	538557.45	538557.45	0.00	0.00	0.00	0.00	4.58	0.00	0.12
366	71.00	45.00	443.71	24883.20	22185.27	538557.45	538557.45	0.00	0.00	0.00	0.00	4.60	0.00	0.12
367	71.00	46.00	443.71	24883.20	22185.27	538557.45	538557.45	0.00	0.00	0.00	0.00	4.76	0.00	0.12
368	72.00	46.00	443.71	24883.20	22185.27	538557.45	538557.45	0.00	0.00	0.00	0.00	4.72	0.00	0.12
369	73.00	46.00	443.71	24883.20	22185.27	538557.45	538557.45	0.00	0.00	0.00	0.00	4.68	0.00	0.12
370	74.00	46.00	443.71	24883.20	22185.27	538557.45	538557.45	0.00	0.00	0.00	0.00	4.64	0.00	0.12
371	25.00	46.00	443.71	24883.20	22185.27	538557.45	538557.45	0.00	0.00	0.00	0.00	7.84	0.00	0.12
372	26.00	46.00	443.71	24883.20	22185.27	538557.45	538557.45	0.00	0.00	0.00	0.00	7.73	0.00	0.12
373	26.00	47.00	443.71	24883.20	22185.27	538557.45	538557.45	0.00	0.00	0.00	0.00	7.81	0.00	0.12
374	27.00	47.00	443.71	24883.20	22185.27	538557.45	538557.45	0.00	0.00	0.00	0.00	7.70	0.00	0.12
375	28.00	47.00	443.71	24883.20	22185.27	538557.45	538557.45	0.00	0.00	0.00	0.00	7.60	0.00	0.12
376	29.00	47.00	443.71	24883.20	22185.27	538557.45	538557.45	0.00	0.00	0.00	0.00	7.50	0.00	0.12
377	29.00	48.00	443.71	24883.20	22185.27	538557.45	538557.45	0.00	0.00	0.00	0.00	7.44	0.00	0.12
378	30.00	48.00	443.71	24883.20	22185.27	538557.45	538557.45	0.00	0.00	0.00	0.00	7.35	0.00	0.12
379	31.00	48.00	443.71	24883.20	22185.27	538557.45	538557.45	0.00	0.00	0.00	0.00	7.25	0.00	0.12
380	32.00	48.00	443.71	24883.20	22185.27	538557.45	538557.45	0.00	0.00	0.00	0.00	7.16	0.00	0.12
381	33.00	48.00	443.71	24883.20	22185.27	538557.45	538557.45	0.00	0.00	0.00	0.00	7.07	0.00	0.12
382	33.00	49.00	443.71	24883.20	22185.27	538557.45	538557.45	0.00	0.00	0.00	0.00	7.29	0.00	0.12
383	33.00	50.00	443.71	24883.20	22185.27	538557.45	538557.45	0.00	0.00	0.00	0.00	7.24	0.00	0.12
384	33.00	51.00	443.71	24883.20	22185.27	538557.45	538557.45	0.00	0.00	0.00	0.00	7.69	0.00	0.12
385	33.00	52.00	443.71	24883.20	22185.27	538557.45	538557.45	0.00	0.00	0.00	0.00	7.73	0.00	0.12
386	33.00	53.00	443.71	24883.20	22185.27	538557.45	538557.45	0.00	0.00	0.00	0.00	7.77	0.00	0.12
387	33.00	54.00	443.71	24883.20	22185.27	538557.45	538557.45	0.00	0.00	0.00	0.00	7.81	0.00	0.12
388	34.00	54.00	443.71	24883.20	22185.27	538557.45	538557.45	0.00	0.00	0.00	0.00	7.73	0.00	0.12
389	35.00	54.00	443.71	24883.20	22185.27	538557.45	538557.45	0.00	0.00	0.00	0.00	7.64	0.00	0.12
390	35.00	55.00	443.71	24883.20	22185.27	538557.45	538557.45	0.00	0.00	0.00	0.00	7.68	0.00	0.12
391	35.00	56.00	443.71	24883.20	22185.27	538557.45	538557.45	0.00	0.00	0.00	0.00	7.63	0.00	0.12
392	35.00	57.00	443.71	24883.20	22185.27	538557.45	538557.45	0.00	0.00	0.00	0.00	7.79	0.00	0.12
393	36.00	57.00	443.71	24883.20	22185.27	538557.45	538557.45	0.00	0.00	0.00	0.00	7.71	0.00	0.12
394	37.00	57.00	443.71	24883.20	22185.27	538557.45	538557.45	0.00	0.00	0.00	0.00	12.09	0.00	0.12
395	37.00	58.00	377.15	29859.84	18857.48	538557.45	538557.45	0.00	0.00	0.00	0.00	12.21	0.00	0.12
396	37.00	59.00	377.15	29859.84	18857.48	538557.45	538557.45	0.00	0.00	0.00	0.00	12.23	0.00	0.12
397	38.00	59.00	377.15	29859.84	18857.48	538557.45	538557.45	0.00	0.00	0.00	0.00	12.10	0.00	0.12
398	38.00	60.00	377.15	29859.84	18857.48	538557.45	538557.45	0.00	0.00	0.00	0.00	12.04	0.00	0.12
399	38.00	61.00	377.15	29859.84	18857.48	538557.45	538557.45	0.00	0.00	0.00	0.00	12.14	0.00	0.12
400	39.00	61.00	377.15	29859.84	18857.48	538557.45	538557.45	0.00	0.00	0.00	0.00	12.02	0.00	0.12
401	40.00	61.00	377.15	29859.84	18857.48	538557.45	538557.45	0.00	0.00	0.00	0.00	11.90	0.00	0.12
402	40.00	62.00	377.15	29859.84	18857.48	538557.45	538557.45	0.00	0.00	0.00	0.00	11.89	0.00	0.12
403	40.00	63.00	377.15	29859.84	18857.48	538557.45	538557.45	0.00	0.00	0.00	0.00	11.89	0.00	0.12
404	41.00	63.00	377.15	29859.84	18857.48	538557.45	538557.45	0.00	0.00	0.00	0.00	11.78	0.00	0.12
405	41.00	64.00	377.15	29859.84	18857.48	538557.45	538557.45	0.00	0.00	0.00	0.00	11.77	0.00	0.12
406	41.00	65.00	377.15	29859.84	18857.48	538557.45	538557.45	0.00	0.00	0.00	0.00	11.69	0.00	0.12
407	41.00	66.00	377.15	29859.84	18857.48	538557.45	538557.45	0.00	0.00	0.00	0.00	11.74	0.00	0.12
408	41.00	67.00	377.15	29859.84	18857.48	538557.45	538557.45	0.00	0.00	0.00	0.00	11.65	0.00	0.12
409	42.00	67.00	377.15	29859.84	18857.48	538557.45	538557.45	0.00	0.00	0.00	0.00	11.54	0.00	0.12
410	42.00	68.00	377.15	29859.84	18857.48	538557.45	538557.45	0.00	0.00	0.00	0.00	12.00	0.00	0.12
411	43.00	68.00	377.15	29859.84	18857.48	538557.45	538557.45	0.00	0.00	0.00	0.00	11.89	0.00	0.12
412	43.00	69.00	377.15	29859.84	18857.48	538557.45	538557.45	0.00	0.00	0.00	0.00	11.94	0.00	0.12
413	43.00	70.00	377.15	29859.84	18857.48	538557.45	538557.45	0.00	0.00	0.00	0.00	11.96	0.00	0.12
414	43.00	71.00	377.15	29859.84	18857.48	538557.45	538557.45	0.00	0.00	0.00	0.00	11.98	0.00	0.12
415	44.00	71.00	377.15	29859.84	18857.48	538557.45	538557.45	0.00	0.00	0.00	0.00	11.88	0.00	0.12
416	44.00	72.00	377.15	29859.84	18857.48	538557.45	538557.45	0.00	0.00	0.00	0.00	11.92	0.00	0.12
417	45.00	72.00	377.15	29859.84	18857.48	538557.45	538557.45	0.00	0.00	0.00	0.00	11.82	0.00	0.12
418	46.00	72.00	377.15	29859.84	18857.48	538557.45	538557.45	0.00	0.00	0.00	0.00	11.72	0.00	0.12
419	47.00	72.00	377.15	29859.84	18857.48	538557.45	538557.45	0.00	0.00	0.00	0.00	11.62	0.00	0.12
420	48.00	72.00	377.15	29859.84	18857.48	538557.45	538557.45	0.00	0.00	0.00	0.00	11.52	0.00	0.12
421	49.00	72.00	377.15	29859.84	18857.48	538557.45	538557.45	0.00	0.00	0.00	0.00	11.43	0.00	0.12
422	49.00	73.00	377.15	29859.84	18857.48	538557.45	538557.45	0.00	0.00	0.00	0.00	11.46	0.00	0.12
423	50.00	73.00	377.15	29859.84	18857.48	538557.45	538557.45	0.00	0.00	0.00	0.00	11.36	0.00	0.12
424	50.00	74.00	377.15	29859.84	18857.48	538557.45	538557.45	0.00	0.00	0.00	0.00	11.40	0.00	0.12
425	50.00	25.00	377.15	29859.84	18857.48	538557.45	538557.45	0.00	0.00	0.00	0.00	4.96	0.00	0.12
426	50.00	26.00	377.15	29859.84	18857.48	538557.45	538557.45	0.00	0.00	0.00	0.00	4.92	0.00	0.12
427	51.00	26.00	377.15	29859.84	18857.48	538557.45	538557.45	0.00	0.00	0.00	0.00	4.86	0.00	0.12
428	51.00	27.00	377.15	29859.84	18857.48	538557.45	538557.45	0.00	0.00	0.00	0.00	4.99	0.00	0.12
429	51.00	28.00	377.15	29859.84	18857.48	538557.45	538557.45	0.00	0.00	0.00	0.00	4.97	0.00	0.12
430	52.00	28.00	377.15	29859.84	18857.48	538557.45	538557.45	0.00	0.00	0.00	0.00	4.90	0.00	0.12
431	53.00	28.00	377.15	29859.84	18857.48	538557.45	538557.45	0.00	0.00	0.00	0.00	4.84	0.00	0.12
432	53.00	29.00	377.15	29859.84	18857.48	538557.45	538557.45	0.00	0.00	0.00	0.00	4.92	0.00	0.12
433	53.00	30.00	377.15	29859.84	18857.48	538557.45	538557.45	0.00	0.00	0.00	0.00	5.00	0.00	0.12
434	53.00	31.00	377.15	29859.84	18857.48	538557.45	538557.45	0.00	0.00	0.00	0.00	5.16	0.00	0.12
435	54.00	31.00	377.15	29859.84	18857.48	538557.45	538557.45	0.00	0.00	0.00	0.00	5.10	0.00	0.12
436	54.00	32.00	377.15	29859.84	18857.48	538557.45	538557.45	0.00	0.00	0.00	0.00	5.71	0.00	0.12
437	54.00	33.00	377.15	29859.84	18857.48	538557.45	538557.45	0.00	0.00	0.00	0.00	5.93	0.00	0.12
438	54.00	34.00	377.15	29859.84	18857.48	538557.45	538557.45	0.00	0.00	0.00	0.00	5.99	0.00	0.12
439	55.00	34.00	377.15	29859.84	18857.48	538557.45	538557.45	0.00	0.00	0.00	0.00	5.92	0.00	0.12
440	56.00	34.00	377.15	29859.84	18857.48	538557.45	538557.45	0.00	0.00	0.00	0.00	5.86	0.00	0.12
441	57.00	34.00	377.15	29859.84	18857.48	538557.45	538557.45	0.00	0.00	0.00	0.00	5.79	0.00	0.12
442	58.00	34.00	377.15	29859.84	18857.48	538557.45	538557.45	0.00	0.00	0.00	0.00	5.73	0.00	0.12
443	59.00	34.00	377.15	29859.84	18857.48	538557.45	538557.45	0.00	0.00	0.00	0.00	5.67	0.00	0.12
444	59.00	35.00	377.15	29859.84	18857.48	538557.45	538557.45	0.00	0.00	0.00	0.00	5.70	0.00	0.12
445	60.00	35.00	377.15	29859.84	18857.48	538557.45	538557.45	0.00	0.00	0.00	0.00	5.64	0.00	0.12
446	61.00	35.00	377.15	29859.84	18857.48	538557.45	538557.45	0.00	0.00	0.00	0.00	5.58	0.00	0.12
447	62.00	35.00	377.15	29859.84	18857.48	538557.45	538557.45	0.00	0.00	0.00	0.00	5.52	0.00	0.12
448	63.00	35.00	377.15	29859.84	18857.48	538557.45	538557.45	0.00	0.00	0.00	0.00	5.46	0.00	0.12
449	64.00	35.00	377.15	29859.84	18857.48	538557.45	538557.45	0.00	0.00	0.00	0.00	5.41	0.00	0.12
450	64.00	36.00	377.15	29859.84	18857.48	538557.45	538557.45	0.00	0.00	0.00	0.00	5.38	0.00	0.12
451	64.00	37.00	377.15	29859.84	18857.48	538557.45	538557.45	0.00	0.00	0.00	0.00	5.35	0.00	0.12
452	64.00	38.00	377.15	29859.84	18857.48	538557.45	538557.45	0.00	0.00	0.00	0.00	5.47	0.00	0.12
453	65.00	38.00	377.15	29859.84	18857.48	538557.45	538557.45	0.00	0.00	0.00	0.00	5.41	0.00	0.12
454	65.00	39.00	377.15	29859.84	18857.48	538557.45	538557.45	0.00	0.00	0.00	0.00	5.49	0.00	0.12
455	65.00	40.00	377.15	29859.84	18857.48	538557.45	538557.45	0.00	0.00	0.00	0.00	5.57	0.00	0.12
456	66.00	40.00	377.15	29859.84	18857.48	538557.45	538557.45	0.00	0.00	0.00	0.00	5.51	0.00	0.12
457	66.00	41.00	377.15	29859.84	18857.48	538557.45	538557.45	0.00	0.00	0.00	0.00	5.49	0.00	0.12
458	66.00	42.00	377.15	29859.84	18857.48	538557.45	538557.45	0.00	0.00	0.00	0.00	5.47	0.00	0.12
459	66.00	43.00	377.15	29859.84	18857.48	538557.45	538557.45	0.00	0.00	0.00	0.00	5.63	0.00	0.12
460	67.00	43.00	377.15	29859.84	18857.48	538557.45	538557.45	0.00	0.00	0.00	0.00	5.57	0.00	0.12
461	67.00	44.00	377.15	29859.84	18857.48	538557.45	538557.45	0.00	0.00	0.00	0.00	5.54	0.00	0.12
462	68.00	44.00	377.15	29859.84	18857.48	538557.45	538557.45	0.00	0.00	0.00	0.00	5.49	0.00	0.12
463	68.00	45.00	377.15	29859.84	18857.48	538557.45	538557.45	0.00	0.00	0.00	0.00	5.86	0.00	0.12
464	68.00	46.00	377.15	29859.84	18857.48	538557.45	538557.45	0.00	0.00	0.00	0.00	5.84	0.00	0.12
465	69.00	46.00	377.15	29859.84	18857.48	538557.45	538557.45	0.00	0.00	0.00	0.00	5.78	0.00	0.12
466	70.00	46.00	377.15	29859.84	18857.48	538557.45	538557.45	0.00	0.00	0.00	0.00	5.73	0.00	0.12
467	70.00	47.00	377.15	29859.84	18857.48	538557.45	538557.45	0.00	0.00	0.00	0.00	5.75	0.00	0.12
468	71.00	47.00	377.15	29859.84	18857.48	538557.45	538557.45	0.00	0.00	0.00	0.00	5.70	0.00	0.12
469	71.00	48.00	377.15	29859.84	18857.48	538557.45	538557.45	0.00	0.00	0.00	0.00	5.77	0.00	0.12
470	72.00	48.00	377.15	29859.84	18857.48	538557.45	538557.45	0.00	0.00	0.00	0.00	5.72	0.00	0.12
471	72.00	49.00	377.15	29859.84	18857.48	538557.45	538557.45	0.00	0.00	0.00	0.00	5.71	0.00	0.12
472	72.00	50.00	377.15	29859.84	18857.48	538557.45	538557.45	0.00	0.00	0.00	0.00	5.74	0.00	0.12
473	73.00	50.00	377.15	29859.84	18857.48	538557.45	538557.45	0.00	0.00	0.00	0.00	5.69	0.00	0.12
474	74.00	50.00	377.15	29859.84	18857.48	538557.45	538557.45	0.00	0.00	0.00	0.00	5.64	0.00	0.12
475	74.00	51.00	377.15	29859.84	18857.48	538557.45	538557.45	0.00	0.00	0.00	0.00	5.69	0.00	0.12
476	74.00	52.00	377.15	29859.84	18857.48	538557.45	538557.45	0.00	0.00	0.00	0.00	5.77	0.00	0.12
477	25.00	52.00	377.15	29859.84	18857.48	538557.45	538557.45	0.00	0.00	0.00	0.00	9.44	0.00	0.12
478	26.00	52.00	377.15	29859.84	18857.48	538557.45	538557.45	0.00	0.00	0.00	0.00	9.32	0.00	0.12
479	27.00	52.00	377.15	29859.84	18857.48	538557.45	538557.45	0.00	0.00	0.00	0.00	9.20	0.00	0.12
480	28.00	52.00	377.15	29859.84	18857.48	538557.45	538557.45	0.00	0.00	0.00	0.00	9.08	0.00	0.12
481	29.00	52.00	377.15	29859.84	18857.48	538557.45	538557.45	0.00	0.00	0.00	0.00	8.97	0.00	0.12
482	29.00	53.00	377.15	29859.84	18857.48	538557.45	538557.45	0.00	0.00	0.00	0.00	9.00	0.00	0.12
483	29.00	54.00	377.15	29859.84	18857.48	538557.45	538557.45	0.00	0.00	0.00	0.00	9.32	0.00	0.12
484	30.00	54.00	377.15	29859.84	18857.48	538557.45	538557.45	0.00	0.00	0.00	0.00	9.21	0.00	0.12
485	31.00	54.00	377.15	29859.84	18857.48	538557.45	538557.45	0.00	0.00	0.00	0.00	9.10	0.00	0.12
486	32.00	54.00	377.15	29859.84	18857.48	538557.45	538557.45	0.00	0.00	0.00	0.00	8.99	0.00	0.12
487	32.00	55.00	377.15	29859.84	18857.48	538557.45	538557.45	0.00	0.00	0.00	0.00	8.92	0.00	0.12
488	33.00	55.00	377.15	29859.84	18857.48	538557.45	538557.45	0.00	0.00	0.00	0.00	8.82	0.00	0.12
489	33.00	56.00	377.15	29859.84	18857.48	538557.45	538557.45	0.00	0.00	0.00	0.00	8.85	0.00	0.12
490	34.00	56.00	377.15	29859.84	18857.48	538557.45	538557.45	0.00	0.00	0.00	0.00	8.75	0.00	0.12
491	34.00	57.00	377.15	29859.84	18857.48	538557.45	538557.45	0.00	0.00	0.00	0.00	8.91	0.00	0.12
492	35.00	57.00	377.15	29859.84	18857.48	538557.45	538557.45	0.00	0.00	0.00	0.00	8.81	0.00	0.12
493	36.00	57.00	377.15	29859.84	18857.48	538557.45	538557.45	0.00	0.00	0.00	0.00	8.72	0.00	0.12
494	37.00	57.00	377.15	29859.84	18857.48	538557.45	538557.45	0.00	0.00	0.00	0.00	12.51	0.00	0.12
495	38.00	57.00	320.58	35831.81	16028.85	538557.45	538557.45	0.00	0.00	0.00	0.00	12.38	0.00	0.12
496	38.00	58.00	320.58	35831.81	16028.85	538557.45	538557.45	0.00	0.00	0.00	0.00	12.37	0.00	0.12
497	39.00	58.00	320.58	35831.81	16028.85	538557.45	538557.45	0.00	0.00	0.00	0.00	12.24	0.00	0.12
498	40.00	58.00	320.58	35831.81	16028.85	538557.45	538557.45	0.00	0.00	0.00	0.00	12.12	0.00	0.12
499	41.00	58.00	320.58	35831.81	16028.85	538557.45	538557.45	0.00	0.00	0.00	0.00	12.00	0.00	0.12
500	41.00	59.00	320.58	35831.81	16028.85	538557.45	538557.45	0.00	0.00	0.00	0.00	11.96	0.00	0.12
501	41.00	60.00	320.58	35831.81	16028.85	538557.45	538557.45	0.00	0.00	0.00	0.00	11.99	0.00	0.12
502	42.00	60.00	320.58	35831.81	16028.85	538557.45	538557.45	0.00	0.00	0.00	0.00	11.87	0.00	0.12
503	42.00	61.00	320.58	35831.81	16028.85	538557.45	538557.45	0.00	0.00	0.00	0.00	11.84	0.00	0.12
504	43.00	61.00	320.58	35831.81	16028.85	538557.45	538557.45	0.00	0.00	0.00	0.00	11.72	0.00	0.12
505	44.00	61.00	320.58	35831.81	16028.85	538557.45	538557.45	0.00	0.00	0.00	0.00	11.61	0.00	0.12
506	45.00	61.00	320.58	35831.81	16028.85	538557.45	538557.45	0.00	0.00	0.00	0.00	11.50	0.00	0.12
507	46.00	61.00	320.58	35831.81	16028.85	538557.45	538557.45	0.00	0.00	0.00	0.00	11.39	0.00	0.12
508	47.00	61.00	320.58	35831.81	16028.85	538557.45	538557.45	0.00	0.00	0.00	0.00	11.29	0.00	0.12
509	47.00	62.00	320.58	35831.81	16028.85	538557.45	538557.45	0.00	0.00	0.00	0.00	11.29	0.00	0.12
510	47.00	63.00	320.58	35831.81	16028.85	538557.45	538557.45	0.00	0.00	0.00	0.00	11.29	0.00	0.12
511	48.00	63.00	320.58	35831.81	16028.85	538557.45	538557.45	0.00	0.00	0.00	0.00	11.19	0.00	0.12
512	48.00	64.00	320.58	35831.81	16028.85	538557.45	538557.45	0.00	0.00	0.00	0.00	11.19	0.00	0.12
513	48.00	65.00	320.58	35831.81	16028.85	538557.45	538557.45	0.00	0.00	0.00	0.00	11.19	0.00	0.12
514	49.00	65.00	320.58	35831.81	16028.85	538557.45	538557.45	0.00	0.00	0.00	0.00	11.09	0.00	0.12
515	50.00	65.00	320.58	35831.81	16028.85	538557.45	538557.45	0.00	0.00	0.00	0.00	11.00	0.00	0.12
516	50.00	66.00	320.58	35831.81	16028.85	538557.45	538557.45	0.00	0.00	0.00	0.00	11.00	0.00	0.12
517	51.00	66.00	320.58	35831.81	16028.85	538557.45	538557.45	0.00	0.00	0.00	0.00	10.90	0.00	0.12
518	51.00	67.00	320.58	35831.81	16028.85	538557.45	538557.45	0.00	0.00	0.00	0.00	10.84	0.00	0.12
519	51.00	68.00	320.58	35831.81	16028.85	538557.45	538557.45	0.00	0.00	0.00	0.00	10.84	0.00	0.12
520	51.00	69.00	320.58	35831.81	16028.85	538557.45	538557.45	0.00	0.00	0.00	0.00	10.88	0.00	0.12
521	51.00	70.00	320.58	35831.81	16028.85	538557.45	538557.45	0.00	0.00	0.00	0.00	10.97	0.00	0.12
522	52.00	70.00	320.58	35831.81	16028.85	538557.45	538557.45	0.00	0.00	0.00	0.00	10.88	0.00	0.12
523	52.00	71.00	320.58	35831.81	16028.85	538557.45	538557.45	0.00	0.00	0.00	0.00	10.81	0.00	0.12
524	53.00	71.00	320.58	35831.81	16028.85	538557.45	538557.45	0.00	0.00	0.00	0.00	10.72	0.00	0.12
525	53.00	72.00	320.58	35831.81	16028.85	538557.45	538557.45	0.00	0.00	0.00	0.00	10.66	0.00	0.12
526	53.00	73.00	320.58	35831.81	16028.85	538557.45	538557.45	0.00	0.00	0.00	0.00	10.67	0.00	0.12
527	53.00	74.00	320.58	35831.81	16028.85	538557.45	538557.45	0.00	0.00	0.00	0.00	10.64	0.00	0.12
528	53.00	25.00	320.58	35831.81	16028.85	538557.45	538557.45	0.00	0.00	0.00	0.00	4.78	0.00	0.12
529	53.00	26.00	320.58	35831.81	16028.85	538557.45	538557.45	0.00	0.00	0.00	0.00	4.86	0.00	0.12
530	54.00	26.00	320.58	35831.81	16028.85	538557.45	538557.45	0.00	0.00	0.00	0.00	4.80	0.00	0.12
531	55.00	26.00	320.58	35831.81	16028.85	538557.45	538557.45	0.00	0.00	0.00	0.00	4.74	0.00	0.12
532	55.00	27.00	320.58	35831.81	16028.85	538557.45	538557.45	0.00	0.00	0.00	0.00	4.83	0.00	0.12
533	56.00	27.00	320.58	35831.81	16028.85	538557.45	538557.45	0.00	0.00	0.00	0.00	4.77	0.00	0.12
534	56.00	28.00	320.58	35831.81	16028.85	538557.45	538557.45	0.00	0.00	0.00	0.00	4.88	0.00	0.12
535	57.00	28.00	320.58	35831.81	16028.85	538557.45	538557.45	0.00	0.00	0.00	0.00	4.82	0.00	0.12
536	57.00	29.00	320.58	35831.81	16028.85	538557.45	538557.45	0.00	0.00	0.00	0.00	4.92	0.00	0.12
537	58.00	29.00	320.58	35831.81	16028.85	538557.45	538557.45	0.00	0.00	0.00	0.00	4.87	0.00	0.12
538	58.00	30.00	320.58	35831.81	16028.85	538557.45	538557.45	0.00	0.00	0.00	0.00	4.90	0.00	0.12
539	58.00	31.00	320.58	35831.81	16028.85	538557.45	538557.45	0.00	0.00	0.00	0.00	5.01	0.00	0.12
540	59.00	31.00	320.58	35831.81	16028.85	538557.45	538557.45	0.00	0.00	0.00	0.00	4.95	0.00	0.12
541	60.00	31.00	320.58	35831.81	16028.85	538557.45	538557.45	0.00	0.00	0.00	0.00	4.90	0.00	0.12
542	60.00	32.00	320.58	35831.81	16028.85	538557.45	538557.45	0.00	0.00	0.00	0.00	5.07	0.00	0.12
543	60.00	33.00	320.58	35831.81	16028.85	538557.45	538557.45	0.00	0.00	0.00	0.00	5.09	0.00	0.12
544	60.00	34.00	320.58	35831.81	16028.85	538557.45	538557.45	0.00	0.00	0.00	0.00	5.12	0.00	0.12
545	61.00	34.00	320.58	35831.81	16028.85	538557.45	538557.45	0.00	0.00	0.00	0.00	5.07	0.00	0.12
546	61.00	35.00	320.58	35831.81	16028.85	538557.45	538557.45	0.00	0.00	0.00	0.00	5.14	0.00	0.12
547	62.00	35.00	320.58	35831.81	16028.85	538557.45	538557.45	0.00	0.00	0.00	0.00	5.08	0.00	0.12
548	62.00	36.00	320.58	35831.81	16028.85	538557.45	538557.45	0.00	0.00	0.00	0.00	5.16	0.00	0.12
549	63.00	36.00	320.58	35831.81	16028.85	538557.45	538557.45	0.00	0.00	0.00	0.00	5.11	0.00	0.12
550	64.00	36.00	320.58	35831.81	16028.85	538557.45	538557.45	0.00	0.00	0.00	0.00	5.06	0.00	0.12
551	65.00	36.00	320.58	35831.81	16028.85	538557.45	538557.45	0.00	0.00	0.00	0.00	5.01	0.00	0.12
552	66.00	36.00	320.58	35831.81	16028.85	538557.45	538557.45	0.00	0.00	0.00	0.00	4.96	0.00	0.12
553	66.00	37.00	320.58	35831.81	16028.85	538557.45	538557.45	0.00	0.00	0.00	0.00	5.02	0.00	0.12
554	67.00	37.00	320.58	35831.81	16028.85	538557.45	538557.45	0.00	0.00	0.00	0.00	4.97	0.00	0.12
555	68.00	37.00	320.58	35831.81	16028.85	538557.45	538557.45	0.00	0.00	0.00	0.00	4.92	0.00	0.12
556	68.00	38.00	320.58	35831.81	16028.85	538557.45	538557.45	0.00	0.00	0.00	0.00	5.13	0.00	0.12
557	69.00	38.00	320.58	35831.81	16028.85	538557.45	538557.45	0.00	0.00	0.00	0.00	5.09	0.00	0.12
558	69.00	39.00	320.58	35831.81	16028.85	538557.45	538557.45	0.00	0.00	0.00	0.00	5.22	0.00	0.12
559	69.00	40.00	320.58	35831.81	16028.85	538557.45	538557.45	0.00	0.00	0.00	0.00	5.28	0.00	0.12
560	69.00	41.00	320.58	35831.81	16028.85	538557.45	538557.45	0.00	0.00	0.00	0.00	5.59	0.00	0.12
561	69.00	42.00	320.58	35831.81	16028.85	538557.45	538557.45	0.00	0.00	0.00	0.00	5.61	0.00	0.12
562	69.00	43.00	320.58	35831.81	16028.85	538557.45	538557.45	0.00	0.00	0.00	0.00	5.79	0.00	0.12
563	70.00	43.00	320.58	35831.81	16028.85	538557.45	538557.45	0.00	0.00	0.00	0.00	5.74	0.00	0.12
564	71.00	43.00	320.58	35831.81	16028.85	538557.45	538557.45	0.00	0.00	0.00	0.00	5.69	0.00	0.12
565	71.00	44.00	320.58	35831.81	16028.85	538557.45	538557.45	0.00	0.00	0.00	0.00	5.74	0.00	0.12
566	72.00	44.00	320.58	35831.81	16028.85	538557.45	538557.45	0.00	0.00	0.00	0.00	5.69	0.00	0.12
567	73.00	44.00	320.58	35831.81	16028.85	538557.45	538557.45	0.00	0.00	0.00	0.00	5.64	0.00	0.12
568	73.00	45.00	320.58	35831.81	16028.85	538557.45	538557.45	0.00	0.00	0.00	0.00	5.66	0.00	0.12
569	74.00	45.00	320.58	35831.81	16028.85	538557.45	538557.45	0.00	0.00	0.00	0.00	5.61	0.00	0.12
570	74.00	46.00	320.58	35831.81	16028.85	538557.45	538557.45	0.00	0.00	0.00	0.00	5.66	0.00	0.12
571	25.00	46.00	320.58	35831.81	16028.85	538557.45	538557.45	0.00	0.00	0.00	0.00	9.57	0.00	0.12
572	26.00	46.00	320.58	35831.81	16028.85	538557.45	538557.45	0.00	0.00	0.00	0.00	9.44	0.00	0.12
573	27.00	46.00	320.58	35831.81	16028.85	538557.45	538557.45	0.00	0.00	0.00	0.00	9.31	0.00	0.12
574	27.00	47.00	320.58	35831.81	16028.85	538557.45	538557.45	0.00	0.00	0.00	0.00	9.33	0.00	0.12
575	27.00	48.00	320.58	35831.81	16028.85	538557.45	538557.45	0.00	0.00	0.00	0.00	9.70	0.00	0.12
576	28.00	48.00	320.58	35831.81	16028.85	538557.45	538557.45	0.00	0.00	0.00	0.00	9.57	0.00	0.12
577	28.00	49.00	320.58	35831.81	16028.85	538557.45	538557.45	0.00	0.00	0.00	0.00	9.59	0.00	0.12
578	29.00	49.00	320.58	35831.81	16028.85	538557.45	538557.45	0.00	0.00	0.00	0.00	9.47	0.00	0.12
579	29.00	50.00	320.58	35831.81	16028.85	538557.45	538557.45	0.00	0.00	0.00	0.00	9.50	0.00	0.12
580	30.00	50.00	320.58	35831.81	16028.85	538557.45	538557.45	0.00	0.00	0.00	0.00	9.38	0.00	0.12
581	30.00	51.00	320.58	35831.81	16028.85	538557.45	538557.45	0.00	0.00	0.00	0.00	10.20	0.00	0.12
582	31.00	51.00	320.58	35831.81	16028.85	538557.45	538557.45	0.00	0.00	0.00	0.00	10.07	0.00	0.12
583	32.00	51.00	320.58	35831.81	16028.85	538557.45	538557.45	0.00	0.00	0.00	0.00	9.95	0.00	0.12
584	33.00	51.00	320.58	35831.81	16028.85	538557.45	538557.45	0.00	0.00	0.00	0.00	9.83	0.00	0.12
585	34.00	51.00	320.58	35831.81	16028.85	538557.45	538557.45	0.00	0.00	0.00	0.00	9.72	0.00	0.12
586	35.00	51.00	320.58	35831.81	16028.85	538557.45	538557.45	0.00	0.00	0.00	0.00	9.61	0.00	0.12
587	36.00	51.00	320.58	35831.81	16028.85	538557.45	538557.45	0.00	0.00	0.00	0.00	9.50	0.00	0.12
588	36.00	52.00	320.58	35831.81	16028.85	538557.45	538557.45	0.00	0.00	0.00	0.00	9.82	0.00	0.12
589	37.00	52.00	320.58	35831.81	16028.85	538557.45	538557.45	0.00	0.00	0.00	0.00	9.71	0.00	0.12
590	38.00	52.00	320.58	35831.81	16028.85	538557.45	538557.45	0.00	0.00	0.00	0.00	9.60	0.00	0.12
591	39.00	52.00	320.58	35831.81	16028.85	538557.45	538557.45	0.00	0.00	0.00	0.00	9.49	0.00	0.12
592	40.00	52.00	320.58	35831.81	16028.85	538557.45	538557.45	0.00	0.00	0.00	0.00	9.39	0.00	0.12
593	41.00	52.00	320.58	35831.81	16028.85	538557.45	538557.45	0.00	0.00	0.00	0.00	9.29	0.00	0.12
594	45.00	49.00	320.58	35831.81	16028.85	538557.45	538557.45	0.00	0.00	0.00	0.00	13.21	0.00	0.12
595	46.00	49.00	272.49	42998.17	13624.53	538557.45	538557.45	0.00	0.00	0.00	0.00	13.07	0.00	0.12
596	47.00	49.00	272.49	42998.17	13624.53	538557.45	538557.45	0.00	0.00	0.00	0.00	12.93	0.00	0.12
597	48.00	49.00	272.49	42998.17	13624.53	538557.45	538557.45	0.00	0.00	0.00	0.00	12.80	0.00	0.12
598	48.00	50.00	272.49	42998.17	13624.53	538557.45	538557.45	0.00	0.00	0.00	0.00	12.78	0.00	0.12
599	48.00	51.00	272.49	42998.17	13624.53	538557.45	538557.45	0.00	0.00	0.00	0.00	13.15	0.00	0.12
600	48.00	52.00	272.49	42998.17	13624.53	538557.45	538557.45	0.00	0.00	0.00	0.00	13.17	0.00	0.12
601	48.00	53.00	272.49	42998.17	13624.53	538557.45	538557.45	0.00	0.00	0.00	0.00	13.30	0.00	0.12
602	49.00	53.00	272.49	42998.17	13624.53	538557.45	538557.45	0.00	0.00	0.00	0.00	13.17	0.00	0.12
603	50.00	53.00	272.49	42998.17	13624.53	538557.45	538557.45	0.00	0.00	0.00	0.00	13.04	0.00	0.12
604	50.00	54.00	272.49	42998.17	13624.53	538557.45	538557.45	0.00	0.00	0.00	0.00	13.08	0.00	0.12
605	51.00	54.00	272.49	42998.17	13624.53	538557.45	538557.45	0.00	0.00	0.00	0.00	12.96	0.00	0.12
606	52.00	54.00	272.49	42998.17	13624.53	538557.45	538557.45	0.00	0.00	0.00	0.00	12.83	0.00	0.12
607	53.00	54.00	272.49	42998.17	13624.53	538557.45	538557.45	0.00	0.00	0.00	0.00	12.71	0.00	0.12
608	53.00	55.00	272.49	42998.17	13624.53	538557.45	538557.45	0.00	0.00	0.00	0.00	12.75	0.00	0.12
609	53.00	56.00	272.49	42998.17	13624.53	538557.45	538557.45	0.00	0.00	0.00	0.00	12.83	0.00	0.12
610	53.00	57.00	272.49	42998.17	13624.53	538557.45	538557.45	0.00	0.00	0.00	0.00	12.87	0.00	0.12
611	53.00	58.00	272.49	42998.17	13624.53	538557.45	538557.45	0.00	0.00	0.00	0.00	12.82	0.00	0.12
612	54.00	58.00	272.49	42998.17	13624.53	538557.45	538557.45	0.00	0.00	0.00	0.00	12.70	0.00	0.12
613	54.00	59.00	272.49	42998.17	13624.53	538557.45	538557.45	0.00	0.00	0.00	0.00	12.81	0.00	0.12
614	55.00	59.00	272.49	42998.17	13624.53	538557.45	538557.45	0.00	0.00	0.00	0.00	12.70	0.00	0.12
615	56.00	59.00	272.49	42998.17	13624.53	538557.45	538557.45	0.00	0.00	0.00	0.00	12.59	0.00	0.12
616	57.00	59.00	272.49	42998.17	13624.53	538557.45	538557.45	0.00	0.00	0.00	0.00	12.48	0.00	0.12
617	58.00	59.00	272.49	42998.17	13624.53	538557.45	538557.45	0.00	0.00	0.00	0.00	12.38	0.00	0.12
618	59.00	59.00	272.49	42998.17	13624.53	538557.45	538557.45	0.00	0.00	0.00	0.00	12.27	0.00	0.12
619	60.00	59.00	272.49	42998.17	13624.53	538557.45	538557.45	0.00	0.00	0.00	0.00	12.17	0.00	0.12
620	61.00	59.00	272.49	42998.17	13624.53	538557.45	538557.45	0.00	0.00	0.00	0.00	12.07	0.00	0.12
621	62.00	59.00	272.49	42998.17	13624.53	538557.45	538557.45	0.00	0.00	0.00	0.00	11.97	0.00	0.12
622	63.00	59.00	272.49	42998.17	13624.53	538557.45	538557.45	0.00	0.00	0.00	0.00	11.87	0.00	0.12
623	63.00	60.00	272.49	42998.17	13624.53	538557.45	538557.45	0.00	0.00	0.00	0.00	11.91	0.00	0.12
624	64.00	60.00	272.49	42998.17	13624.53	538557.45	538557.45	0.00	0.00	0.00	0.00	11.81	0.00	0.12
625	64.00	61.00	272.49	42998.17	13624.53	538557.45	538557.45	0.00	0.00	0.00	0.00	11.78	0.00	0.12
626	65.00	61.00	272.49	42998.17	13624.53	538557.45	538557.45	0.00	0.00	0.00	0.00	11.68	0.00	0.12
627	66.00	61.00	272.49	42998.17	13624.53	538557.45	538557.45	0.00	0.00	0.00	0.00	11.59	0.00	0.12
628	66.00	62.00	272.49	42998.17	13624.53	538557.45	538557.45	0.00	0.00	0.00	0.00	11.56	0.00	0.12
629	66.00	63.00	272.49	42998.17	13624.53	538557.45	538557.45	0.00	0.00	0.00	0.00	11.56	0.00	0.12
630	66.00	64.00	272.49	42998.17	13624.53	538557.45	538557.45	0.00	0.00	0.00	0.00	11.49	0.00	0.12
631	67.00	64.00	272.49	42998.17	13624.53	538557.45	538557.45	0.00	0.00	0.00	0.00	11.40	0.00	0.12
632	68.00	64.00	272.49	42998.17	13624.53	538557.45	538557.45	0.00	0.00	0.00	0.00	11.32	0.00	0.12
633	68.00	65.00	272.49	42998.17	13624.53	538557.45	538557.45	0.00	0.00	0.00	0.00	11.25	0.00	0.12
634	69.00	65.00	272.49	42998.17	13624.53	538557.45	538557.45	0.00	0.00	0.00	0.00	11.17	0.00	0.12
635	69.00	66.00	272.49	42998.17	13624.53	538557.45	538557.45	0.00	0.00	0.00	0.00	11.61	0.00	0.12
636	70.00	66.00	272.49	42998.17	13624.53	538557.45	538557.45	0.00	0.00	0.00	0.00	11.52	0.00	0.12
637	70.00	67.00	272.49	42998.17	13624.53	538557.45	538557.45	0.00	0.00	0.00	0.00	11.60	0.00	0.12
638	70.00	68.00	272.49	42998.17	13624.53	538557.45	538557.45	0.00	0.00	0.00	0.00	11.71	0.00	0.12
639	70.00	69.00	272.49	42998.17	13624.53	538557.45	538557.45	0.00	0.00	0.00	0.00	11.85	0.00	0.12
640	71.00	69.00	272.49	42998.17	13624.53	538557.45	538557.45	0.00	0.00	0.00	0.00	11.77	0.00	0.12
641	72.00	69.00	272.49	42998.17	13624.53	538557.45	538557.45	0.00	0.00	0.00	0.00	11.69	0.00	0.12
642	72.00	70.00	272.49	42998.17	13624.53	538557.45	538557.45	0.00	0.00	0.00	0.00	11.66	0.00	0.12
643	72.00	71.00	272.49	42998.17	13624.53	538557.45	538557.45	0.00	0.00	0.00	0.00	11.70	0.00	0.12
644	72.00	72.00	272.49	42998.17	13624.53	538557.45	538557.45	0.00	0.00	0.00	0.00	11.63	0.00	0.12
645	73.00	72.00	272.49	42998.17	13624.53	538557.45	538557.45	0.00	0.00	0.00	0.00	11.55	0.00	0.12
646	74.00	72.00	272.49	42998.17	13624.53	538557.45	538557.45	0.00	0.00	0.00	0.00	11.47	0.00	0.12
647	25.00	72.00	272.49	42998.17	13624.53	538557.45	538557.45	0.00	0.00	0.00	0.00	17.27	0.00	0.12
648	25.00	73.00	272.49	42998.17	13624.53	538557.45	538557.45	0.00	0.00	0.00	0.00	17.27	0.00	0.12
649	26.00	73.00	272.49	42998.17	13624.53	538557.45	538557.45	0.00	0.00	0.00	0.00	17.09	0.00	0.12
650	26.00	74.00	272.49	42998.17	13624.53	538557.45	538557.45	0.00	0.00	0.00	0.00	17.12	0.00	0.12
651	27.00	74.00	272.49	42998.17	13624.53	538557.45	538557.45	0.00	0.00	0.00	0.00	16.95	0.00	0.12
652	28.00	74.00	272.49	42998.17	13624.53	538557.45	538557.45	0.00	0.00	0.00	0.00	16.78	0.00	0.12
653	29.00	74.00	272.49	42998.17	13624.53	538557.45	538557.45	0.00	0.00	0.00	0.00	16.62	0.00	0.12
654	29.00	25.00	272.49	42998.17	13624.53	538557.45	538557.45	0.00	0.00	0.00	0.00	8.28	0.00	0.12
655	29.00	26.00	272.49	42998.17	13624.53	538557.45	538557.45	0.00	0.00	0.00	0.00	8.33	0.00	0.12
656	29.00	27.00	272.49	42998.17	13624.53	538557.45	538557.45	0.00	0.00	0.00	0.00	9.74	0.00	0.12
657	30.00	27.00	272.49	42998.17	13624.53	538557.45	538557.45	0.00	0.00	0.00	0.00	9.57	0.00	0.12
658	31.00	27.00	272.49	42998.17	13624.53	538557.45	538557.45	0.00	0.00	0.00	0.00	9.41	0.00	0.12
659	31.00	28.00	272.49	42998.17	13624.53	538557.45	538557.45	0.00	0.00	0.00	0.00	10.01	0.00	0.12
660	31.00	29.00	272.49	42998.17	13624.53	538557.45	538557.45	0.00	0.00	0.00	0.00	10.31	0.00	0.12
661	31.00	30.00	272.49	42998.17	13624.53	538557.45	538557.45	0.00	0.00	0.00	0.00	10.45	0.00	0.12
662	31.00	31.00	272.49	42998.17	13624.53	538557.45	538557.45	0.00	0.00	0.00	0.00	10.44	0.00	0.12
663	32.00	31.00	272.49	42998.17	13624.53	538557.45	538557.45	0.00	0.00	0.00	0.00	10.28	0.00	0.12
664	32.00	32.00	272.49	42998.17	13624.53	538557.45	538557.45	0.00	0.00	0.00	0.00	10.54	0.00	0.12
665	32.00	33.00	272.49	42998.17	13624.53	538557.45	538557.45	0.00	0.00	0.00	0.00	10.47	0.00	0.12
666	32.00	34.00	272.49	42998.17	13624.53	538557.45	538557.45	0.00	0.00	0.00	0.00	10.35	0.00	0.12
667	32.00	35.00	272.49	42998.17	13624.53	538557.45	538557.45	0.00	0.00	0.00	0.00	10.96	0.00	0.12
668	32.00	36.00	272.49	42998.17	13624.53	538557.45	538557.45	0.00	0.00	0.00	0.00	11.20	0.00	0.12
669	32.00	37.00	272.49	42998.17	13624.53	538557.45	538557.45	0.00	0.00	0.00	0.00	11.66	0.00	0.12
670	32.00	38.00	272.49	42998.17	13624.53	538557.45	538557.45	0.00	0.00	0.00	0.00	11.75	0.00	0.12
671	33.00	38.00	272.49	42998.17	13624.53	538557.45	538557.45	0.00	0.00	0.00	0.00	11.58	0.00	0.12
672	33.00	39.00	272.49	42998.17	13624.53	538557.45	538557.45	0.00	0.00	0.00	0.00	12.00	0.00	0.12
673	33.00	40.00	272.49	42998.17	13624.53	538557.45	538557.45	0.00	0.00	0.00	0.00	12.18	0.00	0.12
674	33.00	41.00	272.49	42998.17	13624.53	538557.45	538557.45	0.00	0.00	0.00	0.00	12.62	0.00	0.12
675	34.00	41.00	272.49	42998.17	13624.53	538557.45	538557.45	0.00	0.00	0.00	0.00	12.45	0.00	0.12
676	34.00	42.00	272.49	42998.17	13624.53	538557.45	538557.45	0.00	0.00	0.00	0.00	12.32	0.00	0.12
677	35.00	42.00	272.49	42998.17	13624.53	538557.45	538557.45	0.00	0.00	0.00	0.00	12.16	0.00	0.12
678	35.00	43.00	272.49	42998.17	13624.53	538557.45	538557.45	0.00	0.00	0.00	0.00	12.05	0.00	0.12
679	35.00	44.00	272.49	42998.17	13624.53	538557.45	538557.45	0.00	0.00	0.00	0.00	11.93	0.00	0.12
680	35.00	45.00	272.49	42998.17	13624.53	538557.45	538557.45	0.00	0.00	0.00	0.00	11.92	0.00	0.12
681	35.00	46.00	272.49	42998.17	13624.53	538557.45	538557.45	0.00	0.00	0.00	0.00	12.16	0.00	0.12
682	36.00	46.00	272.49	42998.17	13624.53	538557.45	538557.45	0.00	0.00	0.00	0.00	12.01	0.00	0.12
683	36.00	47.00	272.49	42998.17	13624.53	538557.45	538557.45	0.00	0.00	0.00	0.00	11.91	0.00	0.12
684	37.00	47.00	272.49	42998.17	13624.53	538557.45	538557.45	0.00	0.00	0.00	0.00	11.77	0.00	0.12
685	38.00	47.00	272.49	42998.17	13624.53	538557.45	538557.45	0.00	0.00	0.00	0.00	11.63	0.00	0.12
686	39.00	47.00	272.49	42998.17	13624.53	538557.45	538557.45	0.00	0.00	0.00	0.00	11.50	0.00	0.12
687	40.00	47.00	272.49	42998.17	13624.53	538557.45	538557.45	0.00	0.00	0.00	0.00	11.36	0.00	0.12
688	41.00	47.00	272.49	42998.17	13624.53	538557.45	538557.45	0.00	0.00	0.00	0.00	11.24	0.00	0.12
689	42.00	47.00	272.49	42998.17	13624.53	538557.45	538557.45	0.00	0.00	0.00	0.00	11.11	0.00	0.12
690	43.00	47.00	272.49	42998.17	13624.53	538557.45	538557.45	0.00	0.00	0.00	0.00	10.99	0.00	0.12
691	43.00	48.00	272.49	42998.17	13624.53	538557.45	538557.45	0.00	0.00	0.00	0.00	10.97	0.00	0.12
692	43.00	49.00	272.49	42998.17	13624.53	538557.45	538557.45	0.00	0.00	0.00	0.00	10.97	0.00	0.12
693	44.00	49.00	272.49	42998.17	13624.53	538557.45	538557.45	0.00	0.00	0.00	0.00	10.85	0.00	0.12
694	46.00	48.00	272.49	42998.17	13624.53	538557.45	538557.45	0.00	0.00	0.00	0.00	11.49	0.00	0.12
695	46.00	49.00	231.62	51597.80	11580.85	538557.45	538557.45	0.00	0.00	0.00	0.00	11.49	0.00	0.12
696	46.00	50.00	231.62	51597.80	11580.85	538557.45	538557.45	0.00	0.00	0.00	0.00	11.68	0.00	0.12
697	46.00	51.00	231.62	51597.80	11580.85	538557.45	538557.45	0.00	0.00	0.00	0.00	11.92	0.00	0.12
698	47.00	51.00	231.62	51597.80	11580.85	538557.45	538557.45	0.00	0.00	0.00	0.00	11.80	0.00	0.12
699	48.00	51.00	231.62	51597.80	11580.85	538557.45	538557.45	0.00	0.00	0.00	0.00	11.68	0.00	0.12
700	49.00	51.00	231.62	51597.80	11580.85	538557.45	538557.45	0.00	0.00	0.00	0.00	11.57	0.00	0.12
701	50.00	51.00	231.62	51597.80	11580.85	538557.45	538557.45	0.00	0.00	0.00	0.00	11.45	0.00	0.12
702	51.00	51.00	231.62	51597.80	11580.85	538557.45	538557.45	0.00	0.00	0.00	0.00	11.34	0.00	0.12
703	51.00	52.00	231.62	51597.80	11580.85	538557.45	538557.45	0.00	0.00	0.00	0.00	11.43	0.00	0.12
704	51.00	53.00	231.62	51597.80	11580.85	538557.45	538557.45	0.00	0.00	0.00	0.00	11.58	0.00	0.12
705	52.00	53.00	231.62	51597.80	11580.85	538557.45	538557.45	0.00	0.00	0.00	0.00	11.47	0.00	0.12
706	53.00	53.00	231.62	51597.80	11580.85	538557.45	538557.45	0.00	0.00	0.00	0.00	11.36	0.00	0.12
707	53.00	54.00	231.62	51597.80	11580.85	538557.45	538557.45	0.00	0.00	0.00	0.00	11.28	0.00	0.12
708	54.00	54.00	231.62	51597.80	11580.85	538557.45	538557.45	0.00	0.00	0.00	0.00	11.18	0.00	0.12
709	54.00	55.00	231.62	51597.80	11580.85	538557.45	538557.45	0.00	0.00	0.00	0.00	11.19	0.00	0.12
710	55.00	55.00	231.62	51597.80	11580.85	538557.45	538557.45	0.00	0.00	0.00	0.00	11.09	0.00	0.12
711	55.00	56.00	231.62	51597.80	11580.85	538557.45	538557.45	0.00	0.00	0.00	0.00	11.10	0.00	0.12
712	55.00	57.00	231.62	51597.80	11580.85	538557.45	538557.45	0.00	0.00	0.00	0.00	11.10	0.00	0.12
713	55.00	58.00	231.62	51597.80	11580.85	538557.45	538557.45	0.00	0.00	0.00	0.00	11.15	0.00	0.12
714	56.00	58.00	231.62	51597.80	11580.85	538557.45	538557.45	0.00	0.00	0.00	0.00	11.05	0.00	0.12
715	56.00	59.00	231.62	51597.80	11580.85	538557.45	538557.45	0.00	0.00	0.00	0.00	11.08	0.00	0.12
716	57.00	59.00	231.62	51597.80	11580.85	538557.45	538557.45	0.00	0.00	0.00	0.00	10.99	0.00	0.12
717	58.00	59.00	231.62	51597.80	11580.85	538557.45	538557.45	0.00	0.00	0.00	0.00	10.89	0.00	0.12
718	58.00	60.00	231.62	51597.80	11580.85	538557.45	538557.45	0.00	0.00	0.00	0.00	11.01	0.00	0.12
719	59.00	60.00	231.62	51597.80	11580.85	538557.45	538557.45	0.00	0.00	0.00	0.00	10.92	0.00	0.12
720	59.00	61.00	231.62	51597.80	11580.85	538557.45	538557.45	0.00	0.00	0.00	0.00	11.17	0.00	0.12
721	60.00	61.00	231.62	51597.80	11580.85	538557.45	538557.45	0.00	0.00	0.00	0.00	11.08	0.00	0.12
722	61.00	61.00	231.62	51597.80	11580.85	538557.45	538557.45	0.00	0.00	0.00	0.00	10.98	0.00	0.12
723	62.00	61.00	231.62	51597.80	11580.85	538557.45	538557.45	0.00	0.00	0.00	0.00	10.90	0.00	0.12
724	63.00	61.00	231.62	51597.80	11580.85	538557.45	538557.45	0.00	0.00	0.00	0.00	10.81	0.00	0.12
725	63.00	62.00	231.62	51597.80	11580.85	538557.45	538557.45	0.00	0.00	0.00	0.00	10.79	0.00	0.12
726	63.00	63.00	231.62	51597.80	11580.85	538557.45	538557.45	0.00	0.00	0.00	0.00	10.79	0.00	0.12
727	64.00	63.00	231.62	51597.80	11580.85	538557.45	538557.45	0.00	0.00	0.00	0.00	10.71	0.00	0.12
728	65.00	63.00	231.62	51597.80	11580.85	538557.45	538557.45	0.00	0.00	0.00	0.00	10.62	0.00	0.12
729	66.00	63.00	231.62	51597.80	11580.85	538557.45	538557.45	0.00	0.00	0.00	0.00	10.54	0.00	0.12
730	66.00	64.00	231.62	51597.80	11580.85	538557.45	538557.45	0.00	0.00	0.00	0.00	10.51	0.00	0.12
731	67.00	64.00	231.62	51597.80	11580.85	538557.45	538557.45	0.00	0.00	0.00	0.00	10.43	0.00	0.12
732	67.00	65.00	231.62	51597.80	11580.85	538557.45	538557.45	0.00	0.00	0.00	0.00	10.56	0.00	0.12
733	68.00	65.00	231.62	51597.80	11580.85	538557.45	538557.45	0.00	0.00	0.00	0.00	10.49	0.00	0.12
734	68.00	66.00	231.62	51597.80	11580.85	538557.45	538557.45	0.00	0.00	0.00	0.00	10.44	0.00	0.12
735	69.00	66.00	231.62	51597.80	11580.85	538557.45	538557.45	0.00	0.00	0.00	0.00	10.36	0.00	0.12
736	69.00	67.00	231.62	51597.80	11580.85	538557.45	538557.45	0.00	0.00	0.00	0.00	10.37	0.00	0.12
737	70.00	67.00	231.62	51597.80	11580.85	538557.45	538557.45	0.00	0.00	0.00	0.00	10.29	0.00	0.12
738	70.00	68.00	231.62	51597.80	11580.85	538557.45	538557.45	0.00	0.00	0.00	0.00	10.31	0.00	0.12
739	71.00	68.00	231.62	51597.80	11580.85	538557.45	538557.45	0.00	0.00	0.00	0.00	10.24	0.00	0.12
740	72.00	68.00	231.62	51597.80	11580.85	538557.45	538557.45	0.00	0.00	0.00	0.00	10.17	0.00	0.12
741	72.00	69.00	231.62	51597.80	11580.85	538557.45	538557.45	0.00	0.00	0.00	0.00	10.20	0.00	0.12
742	73.00	69.00	231.62	51597.80	11580.85	538557.45	538557.45	0.00	0.00	0.00	0.00	10.12	0.00	0.12
743	74.00	69.00	231.62	51597.80	11580.85	538557.45	538557.45	0.00	0.00	0.00	0.00	10.05	0.00	0.12
744	74.00	70.00	231.62	51597.80	11580.85	538557.45	538557.45	0.00	0.00	0.00	0.00	10.22	0.00	0.12
745	74.00	71.00	231.62	51597.80	11580.85	538557.45	538557.45	0.00	0.00	0.00	0.00	10.30	0.00	0.12
746	74.00	72.00	231.62	51597.80	11580.85	538557.45	538557.45	0.00	0.00	0.00	0.00	10.34	0.00	0.12
747	74.00	73.00	231.62	51597.80	11580.85	538557.45	538557.45	0.00	0.00	0.00	0.00	10.40	0.00	0.12
748	25.00	73.00	231.62	51597.80	11580.85	538557.45	538557.45	0.00	0.00	0.00	0.00	15.61	0.00	0.12
749	25.00	74.00	231.62	51597.80	11580.85	538557.45	538557.45	0.00	0.00	0.00	0.00	15.48	0.00	0.12
750	25.00	25.00	231.62	51597.80	11580.85	538557.45	538557.45	0.00	0.00	0.00	0.00	8.21	0.00	0.12
751	25.00	26.00	231.62	51597.80	11580.85	538557.45	538557.45	0.00	0.00	0.00	0.00	8.18	0.00	0.12
752	25.00	27.00	231.62	51597.80	11580.85	538557.45	538557.45	0.00	0.00	0.00	0.00	8.08	0.00	0.12
753	26.00	27.00	231.62	51597.80	11580.85	538557.45	538557.45	0.00	0.00	0.00	0.00	7.93	0.00	0.12
754	26.00	28.00	231.62	51597.80	11580.85	538557.45	538557.45	0.00	0.00	0.00	0.00	7.93	0.00	0.12
755	27.00	28.00	231.62	51597.80	11580.85	538557.45	538557.45	0.00	0.00	0.00	0.00	7.78	0.00	0.12
756	28.00	28.00	231.62	51597.80	11580.85	538557.45	538557.45	0.00	0.00	0.00	0.00	7.65	0.00	0.12
757	28.00	29.00	231.62	51597.80	11580.85	538557.45	538557.45	0.00	0.00	0.00	0.00	7.71	0.00	0.12
758	28.00	30.00	231.62	51597.80	11580.85	538557.45	538557.45	0.00	0.00	0.00	0.00	8.19	0.00	0.12
759	29.00	30.00	231.62	51597.80	11580.85	538557.45	538557.45	0.00	0.00	0.00	0.00	8.05	0.00	0.12
760	29.00	31.00	231.62	51597.80	11580.85	538557.45	538557.45	0.00	0.00	0.00	0.00	8.60	0.00	0.12
761	30.00	31.00	231.62	51597.80	11580.85	538557.45	538557.45	0.00	0.00	0.00	0.00	8.46	0.00	0.12
762	30.00	32.00	231.62	51597.80	11580.85	538557.45	538557.45	0.00	0.00	0.00	0.00	8.50	0.00	0.12
763	31.00	32.00	231.62	51597.80	11580.85	538557.45	538557.45	0.00	0.00	0.00	0.00	8.37	0.00	0.12
764	32.00	32.00	231.62	51597.80	11580.85	538557.45	538557.45	0.00	0.00	0.00	0.00	8.24	0.00	0.12
765	33.00	32.00	231.62	51597.80	11580.85	538557.45	538557.45	0.00	0.00	0.00	0.00	8.11	0.00	0.12
766	34.00	32.00	231.62	51597.80	11580.85	538557.45	538557.45	0.00	0.00	0.00	0.00	7.99	0.00	0.12
767	34.00	33.00	231.62	51597.80	11580.85	538557.45	538557.45	0.00	0.00	0.00	0.00	8.21	0.00	0.12
768	34.00	34.00	231.62	51597.80	11580.85	538557.45	538557.45	0.00	0.00	0.00	0.00	8.21	0.00	0.12
769	34.00	35.00	231.62	51597.80	11580.85	538557.45	538557.45	0.00	0.00	0.00	0.00	8.26	0.00	0.12
770	35.00	35.00	231.62	51597.80	11580.85	538557.45	538557.45	0.00	0.00	0.00	0.00	8.14	0.00	0.12
771	35.00	36.00	231.62	51597.80	11580.85	538557.45	538557.45	0.00	0.00	0.00	0.00	8.06	0.00	0.12
772	35.00	37.00	231.62	51597.80	11580.85	538557.45	538557.45	0.00	0.00	0.00	0.00	8.53	0.00	0.12
773	35.00	38.00	231.62	51597.80	11580.85	538557.45	538557.45	0.00	0.00	0.00	0.00	9.07	0.00	0.12
774	36.00	38.00	231.62	51597.80	11580.85	538557.45	538557.45	0.00	0.00	0.00	0.00	8.94	0.00	0.12
775	37.00	38.00	231.62	51597.80	11580.85	538557.45	538557.45	0.00	0.00	0.00	0.00	8.83	0.00	0.12
776	37.00	39.00	231.62	51597.80	11580.85	538557.45	538557.45	0.00	0.00	0.00	0.00	8.90	0.00	0.12
777	38.00	39.00	231.62	51597.80	11580.85	538557.45	538557.45	0.00	0.00	0.00	0.00	8.78	0.00	0.12
778	39.00	39.00	231.62	51597.80	11580.85	538557.45	538557.45	0.00	0.00	0.00	0.00	8.67	0.00	0.12
779	39.00	40.00	231.62	51597.80	11580.85	538557.45	538557.45	0.00	0.00	0.00	0.00	8.91	0.00	0.12
780	39.00	41.00	231.62	51597.80	11580.85	538557.45	538557.45	0.00	0.00	0.00	0.00	9.16	0.00	0.12
781	40.00	41.00	231.62	51597.80	11580.85	538557.45	538557.45	0.00	0.00	0.00	0.00	9.05	0.00	0.12
782	40.00	42.00	231.62	51597.80	11580.85	538557.45	538557.45	0.00	0.00	0.00	0.00	9.10	0.00	0.12
783	40.00	43.00	231.62	51597.80	11580.85	538557.45	538557.45	0.00	0.00	0.00	0.00	9.11	0.00	0.12
784	40.00	44.00	231.62	51597.80	11580.85	538557.45	538557.45	0.00	0.00	0.00	0.00	9.04	0.00	0.12
785	41.00	44.00	231.62	51597.80	11580.85	538557.45	538557.45	0.00	0.00	0.00	0.00	8.93	0.00	0.12
786	41.00	45.00	231.62	51597.80	11580.85	538557.45	538557.45	0.00	0.00	0.00	0.00	8.96	0.00	0.12
787	41.00	46.00	231.62	51597.80	11580.85	538557.45	538557.45	0.00	0.00	0.00	0.00	8.99	0.00	0.12
788	42.00	46.00	231.62	51597.80	11580.85	538557.45	538557.45	0.00	0.00	0.00	0.00	8.88	0.00	0.12
789	42.00	47.00	231.62	51597.80	11580.85	538557.45	538557.45	0.00	0.00	0.00	0.00	8.88	0.00	0.12
790	43.00	47.00	231.62	51597.80	11580.85	538557.45	538557.45	0.00	0.00	0.00	0.00	8.78	0.00	0.12
791	44.00	47.00	231.62	51597.80	11580.85	538557.45	538557.45	0.00	0.00	0.00	0.00	8.68	0.00	0.12
792	44.00	48.00	231.62	51597.80	11580.85	538557.45	538557.45	0.00	0.00	0.00	0.00	8.71	0.00	0.12
793	44.00	49.00	231.62	51597.80	11580.85	538557.45	538557.45	0.00	0.00	0.00	0.00	8.77	0.00	0.12
794	48.00	46.00	231.62	51597.80	11580.85	538557.45	538557.45	0.00	0.00	0.00	0.00	12.21	0.00	0.12
795	48.00	47.00	196.87	61917.36	9843.72	538557.45	538557.45	0.00	0.00	0.00	0.00	12.20	0.00	0.12
796	48.00	48.00	196.87	61917.36	9843.72	538557.45	538557.45	0.00	0.00	0.00	0.00	12.19	0.00	0.12
797	48.00	49.00	196.87	61917.36	9843.72	538557.45	538557.45	0.00	0.00	0.00	0.00	12.19	0.00	0.12
798	49.00	49.00	196.87	61917.36	9843.72	538557.45	538557.45	0.00	0.00	0.00	0.00	12.06	0.00	0.12
799	49.00	50.00	196.87	61917.36	9843.72	538557.45	538557.45	0.00	0.00	0.00	0.00	11.97	0.00	0.12
800	49.00	51.00	196.87	61917.36	9843.72	538557.45	538557.45	0.00	0.00	0.00	0.00	12.11	0.00	0.12
801	49.00	52.00	196.87	61917.36	9843.72	538557.45	538557.45	0.00	0.00	0.00	0.00	12.02	0.00	0.12
802	50.00	52.00	196.87	61917.36	9843.72	538557.45	538557.45	0.00	0.00	0.00	0.00	11.90	0.00	0.12
803	51.00	52.00	196.87	61917.36	9843.72	538557.45	538557.45	0.00	0.00	0.00	0.00	11.79	0.00	0.12
804	52.00	52.00	196.87	61917.36	9843.72	538557.45	538557.45	0.00	0.00	0.00	0.00	11.67	0.00	0.12
805	53.00	52.00	196.87	61917.36	9843.72	538557.45	538557.45	0.00	0.00	0.00	0.00	11.56	0.00	0.12
806	53.00	53.00	196.87	61917.36	9843.72	538557.45	538557.45	0.00	0.00	0.00	0.00	11.71	0.00	0.12
807	54.00	53.00	196.87	61917.36	9843.72	538557.45	538557.45	0.00	0.00	0.00	0.00	11.60	0.00	0.12
808	55.00	53.00	196.87	61917.36	9843.72	538557.45	538557.45	0.00	0.00	0.00	0.00	11.49	0.00	0.12
809	55.00	54.00	196.87	61917.36	9843.72	538557.45	538557.45	0.00	0.00	0.00	0.00	11.39	0.00	0.12
810	55.00	55.00	196.87	61917.36	9843.72	538557.45	538557.45	0.00	0.00	0.00	0.00	11.74	0.00	0.12
811	55.00	56.00	196.87	61917.36	9843.72	538557.45	538557.45	0.00	0.00	0.00	0.00	11.71	0.00	0.12
812	55.00	57.00	196.87	61917.36	9843.72	538557.45	538557.45	0.00	0.00	0.00	0.00	11.78	0.00	0.12
813	55.00	58.00	196.87	61917.36	9843.72	538557.45	538557.45	0.00	0.00	0.00	0.00	11.77	0.00	0.12
814	55.00	59.00	196.87	61917.36	9843.72	538557.45	538557.45	0.00	0.00	0.00	0.00	11.84	0.00	0.12
815	55.00	60.00	196.87	61917.36	9843.72	538557.45	538557.45	0.00	0.00	0.00	0.00	11.81	0.00	0.12
816	55.00	61.00	196.87	61917.36	9843.72	538557.45	538557.45	0.00	0.00	0.00	0.00	11.79	0.00	0.12
817	56.00	61.00	196.87	61917.36	9843.72	538557.45	538557.45	0.00	0.00	0.00	0.00	11.69	0.00	0.12
818	57.00	61.00	196.87	61917.36	9843.72	538557.45	538557.45	0.00	0.00	0.00	0.00	11.59	0.00	0.12
819	57.00	62.00	196.87	61917.36	9843.72	538557.45	538557.45	0.00	0.00	0.00	0.00	11.64	0.00	0.12
820	57.00	63.00	196.87	61917.36	9843.72	538557.45	538557.45	0.00	0.00	0.00	0.00	11.57	0.00	0.12
821	57.00	64.00	196.87	61917.36	9843.72	538557.45	538557.45	0.00	0.00	0.00	0.00	11.74	0.00	0.12
822	58.00	64.00	196.87	61917.36	9843.72	538557.45	538557.45	0.00	0.00	0.00	0.00	11.65	0.00	0.12
823	59.00	64.00	196.87	61917.36	9843.72	538557.45	538557.45	0.00	0.00	0.00	0.00	11.55	0.00	0.12
824	60.00	64.00	196.87	61917.36	9843.72	538557.45	538557.45	0.00	0.00	0.00	0.00	11.46	0.00	0.12
825	61.00	64.00	196.87	61917.36	9843.72	538557.45	538557.45	0.00	0.00	0.00	0.00	11.37	0.00	0.12
826	61.00	65.00	196.87	61917.36	9843.72	538557.45	538557.45	0.00	0.00	0.00	0.00	11.37	0.00	0.12
827	62.00	65.00	196.87	61917.36	9843.72	538557.45	538557.45	0.00	0.00	0.00	0.00	11.28	0.00	0.12
828	62.00	66.00	196.87	61917.36	9843.72	538557.45	538557.45	0.00	0.00	0.00	0.00	11.42	0.00	0.12
829	63.00	66.00	196.87	61917.36	9843.72	538557.45	538557.45	0.00	0.00	0.00	0.00	11.33	0.00	0.12
830	64.00	66.00	196.87	61917.36	9843.72	538557.45	538557.45	0.00	0.00	0.00	0.00	11.24	0.00	0.12
831	65.00	66.00	196.87	61917.36	9843.72	538557.45	538557.45	0.00	0.00	0.00	0.00	11.15	0.00	0.12
832	66.00	66.00	196.87	61917.36	9843.72	538557.45	538557.45	0.00	0.00	0.00	0.00	11.07	0.00	0.12
833	66.00	67.00	196.87	61917.36	9843.72	538557.45	538557.45	0.00	0.00	0.00	0.00	11.00	0.00	0.12
834	66.00	68.00	196.87	61917.36	9843.72	538557.45	538557.45	0.00	0.00	0.00	0.00	10.99	0.00	0.12
835	66.00	69.00	196.87	61917.36	9843.72	538557.45	538557.45	0.00	0.00	0.00	0.00	10.94	0.00	0.12
836	67.00	69.00	196.87	61917.36	9843.72	538557.45	538557.45	0.00	0.00	0.00	0.00	10.85	0.00	0.12
837	68.00	69.00	196.87	61917.36	9843.72	538557.45	538557.45	0.00	0.00	0.00	0.00	10.78	0.00	0.12
838	68.00	70.00	196.87	61917.36	9843.72	538557.45	538557.45	0.00	0.00	0.00	0.00	10.89	0.00	0.12
839	69.00	70.00	196.87	61917.36	9843.72	538557.45	538557.45	0.00	0.00	0.00	0.00	10.81	0.00	0.12
840	70.00	70.00	196.87	61917.36	9843.72	538557.45	538557.45	0.00	0.00	0.00	0.00	10.73	0.00	0.12
841	71.00	70.00	196.87	61917.36	9843.72	538557.45	538557.45	0.00	0.00	0.00	0.00	10.66	0.00	0.12
842	72.00	70.00	196.87	61917.36	9843.72	538557.45	538557.45	0.00	0.00	0.00	0.00	10.58	0.00	0.12
843	72.00	71.00	196.87	61917.36	9843.72	538557.45	538557.45	0.00	0.00	0.00	0.00	10.69	0.00	0.12
844	72.00	72.00	196.87	61917.36	9843.72	538557.45	538557.45	0.00	0.00	0.00	0.00	10.62	0.00	0.12
845	72.00	73.00	196.87	61917.36	9843.72	538557.45	538557.45	0.00	0.00	0.00	0.00	11.27	0.00	0.12
846	72.00	74.00	196.87	61917.36	9843.72	538557.45	538557.45	0.00	0.00	0.00	0.00	11.23	0.00	0.12
847	72.00	25.00	196.87	61917.36	9843.72	538557.45	538557.45	0.00	0.00	0.00	0.00	5.28	0.00	0.12
848	72.00	26.00	196.87	61917.36	9843.72	538557.45	538557.45	0.00	0.00	0.00	0.00	5.41	0.00	0.12
849	73.00	26.00	196.87	61917.36	9843.72	538557.45	538557.45	0.00	0.00	0.00	0.00	5.36	0.00	0.12
850	74.00	26.00	196.87	61917.36	9843.72	538557.45	538557.45	0.00	0.00	0.00	0.00	5.30	0.00	0.12
851	74.00	27.00	196.87	61917.36	9843.72	538557.45	538557.45	0.00	0.00	0.00	0.00	5.32	0.00	0.12
852	25.00	27.00	196.87	61917.36	9843.72	538557.45	538557.45	0.00	0.00	0.00	0.00	10.34	0.00	0.12
853	25.00	28.00	196.87	61917.36	9843.72	538557.45	538557.45	0.00	0.00	0.00	0.00	10.18	0.00	0.12
854	25.00	29.00	196.87	61917.36	9843.72	538557.45	538557.45	0.00	0.00	0.00	0.00	10.02	0.00	0.12
855	26.00	29.00	196.87	61917.36	9843.72	538557.45	538557.45	0.00	0.00	0.00	0.00	9.84	0.00	0.12
856	27.00	29.00	196.87	61917.36	9843.72	538557.45	538557.45	0.00	0.00	0.00	0.00	9.67	0.00	0.12
857	27.00	30.00	196.87	61917.36	9843.72	538557.45	538557.45	0.00	0.00	0.00	0.00	9.55	0.00	0.12
858	27.00	31.00	196.87	61917.36	9843.72	538557.45	538557.45	0.00	0.00	0.00	0.00	9.61	0.00	0.12
859	27.00	32.00	196.87	61917.36	9843.72	538557.45	538557.45	0.00	0.00	0.00	0.00	9.47	0.00	0.12
860	27.00	33.00	196.87	61917.36	9843.72	538557.45	538557.45	0.00	0.00	0.00	0.00	9.44	0.00	0.12
861	27.00	34.00	196.87	61917.36	9843.72	538557.45	538557.45	0.00	0.00	0.00	0.00	9.49	0.00	0.12
862	27.00	35.00	196.87	61917.36	9843.72	538557.45	538557.45	0.00	0.00	0.00	0.00	9.64	0.00	0.12
863	27.00	36.00	196.87	61917.36	9843.72	538557.45	538557.45	0.00	0.00	0.00	0.00	9.75	0.00	0.12
864	28.00	36.00	196.87	61917.36	9843.72	538557.45	538557.45	0.00	0.00	0.00	0.00	9.60	0.00	0.12
865	29.00	36.00	196.87	61917.36	9843.72	538557.45	538557.45	0.00	0.00	0.00	0.00	9.45	0.00	0.12
866	29.00	37.00	196.87	61917.36	9843.72	538557.45	538557.45	0.00	0.00	0.00	0.00	9.71	0.00	0.12
867	29.00	38.00	196.87	61917.36	9843.72	538557.45	538557.45	0.00	0.00	0.00	0.00	9.67	0.00	0.12
868	30.00	38.00	196.87	61917.36	9843.72	538557.45	538557.45	0.00	0.00	0.00	0.00	9.53	0.00	0.12
869	30.00	39.00	196.87	61917.36	9843.72	538557.45	538557.45	0.00	0.00	0.00	0.00	9.68	0.00	0.12
870	31.00	39.00	196.87	61917.36	9843.72	538557.45	538557.45	0.00	0.00	0.00	0.00	9.54	0.00	0.12
871	32.00	39.00	196.87	61917.36	9843.72	538557.45	538557.45	0.00	0.00	0.00	0.00	9.40	0.00	0.12
872	32.00	40.00	196.87	61917.36	9843.72	538557.45	538557.45	0.00	0.00	0.00	0.00	9.59	0.00	0.12
873	33.00	40.00	196.87	61917.36	9843.72	538557.45	538557.45	0.00	0.00	0.00	0.00	9.46	0.00	0.12
874	33.00	41.00	196.87	61917.36	9843.72	538557.45	538557.45	0.00	0.00	0.00	0.00	9.83	0.00	0.12
875	33.00	42.00	196.87	61917.36	9843.72	538557.45	538557.45	0.00	0.00	0.00	0.00	9.85	0.00	0.12
876	34.00	42.00	196.87	61917.36	9843.72	538557.45	538557.45	0.00	0.00	0.00	0.00	9.72	0.00	0.12
877	34.00	43.00	196.87	61917.36	9843.72	538557.45	538557.45	0.00	0.00	0.00	0.00	9.68	0.00	0.12
878	35.00	43.00	196.87	61917.36	9843.72	538557.45	538557.45	0.00	0.00	0.00	0.00	9.56	0.00	0.12
879	36.00	43.00	196.87	61917.36	9843.72	538557.45	538557.45	0.00	0.00	0.00	0.00	9.44	0.00	0.12
880	36.00	44.00	196.87	61917.36	9843.72	538557.45	538557.45	0.00	0.00	0.00	0.00	9.36	0.00	0.12
881	36.00	45.00	196.87	61917.36	9843.72	538557.45	538557.45	0.00	0.00	0.00	0.00	9.96	0.00	0.12
882	36.00	46.00	196.87	61917.36	9843.72	538557.45	538557.45	0.00	0.00	0.00	0.00	9.93	0.00	0.12
883	36.00	47.00	196.87	61917.36	9843.72	538557.45	538557.45	0.00	0.00	0.00	0.00	9.95	0.00	0.12
884	37.00	47.00	196.87	61917.36	9843.72	538557.45	538557.45	0.00	0.00	0.00	0.00	9.83	0.00	0.12
885	37.00	48.00	196.87	61917.36	9843.72	538557.45	538557.45	0.00	0.00	0.00	0.00	9.78	0.00	0.12
886	38.00	48.00	196.87	61917.36	9843.72	538557.45	538557.45	0.00	0.00	0.00	0.00	9.66	0.00	0.12
887	38.00	49.00	196.87	61917.36	9843.72	538557.45	538557.45	0.00	0.00	0.00	0.00	9.64	0.00	0.12
888	39.00	49.00	196.87	61917.36	9843.72	538557.45	538557.45	0.00	0.00	0.00	0.00	9.54	0.00	0.12
889	40.00	49.00	196.87	61917.36	9843.72	538557.45	538557.45	0.00	0.00	0.00	0.00	9.43	0.00	0.12
890	41.00	49.00	196.87	61917.36	9843.72	538557.45	538557.45	0.00	0.00	0.00	0.00	9.32	0.00	0.12
891	41.00	50.00	196.87	61917.36	9843.72	538557.45	538557.45	0.00	0.00	0.00	0.00	9.35	0.00	0.12
892	42.00	50.00	196.87	61917.36	9843.72	538557.45	538557.45	0.00	0.00	0.00	0.00	9.24	0.00	0.12
893	42.00	51.00	196.87	61917.36	9843.72	538557.45	538557.45	0.00	0.00	0.00	0.00	9.18	0.00	0.12
894	47.00	47.00	196.87	61917.36	9843.72	538557.45	538557.45	0.00	0.00	0.00	0.00	11.46	0.00	0.12
895	47.00	48.00	167.34	74300.84	8367.16	538557.45	538557.45	0.00	0.00	0.00	0.00	11.49	0.00	0.12
896	47.00	49.00	167.34	74300.84	8367.16	538557.45	538557.45	0.00	0.00	0.00	0.00	11.49	0.00	0.12
897	47.00	50.00	167.34	74300.84	8367.16	538557.45	538557.45	0.00	0.00	0.00	0.00	12.19	0.00	0.12
898	48.00	50.00	167.34	74300.84	8367.16	538557.45	538557.45	0.00	0.00	0.00	0.00	12.06	0.00	0.12
899	49.00	50.00	167.34	74300.84	8367.16	538557.45	538557.45	0.00	0.00	0.00	0.00	11.94	0.00	0.12
900	49.00	51.00	167.34	74300.84	8367.16	538557.45	538557.45	0.00	0.00	0.00	0.00	12.10	0.00	0.12
901	50.00	51.00	167.34	74300.84	8367.16	538557.45	538557.45	0.00	0.00	0.00	0.00	11.98	0.00	0.12
902	50.00	52.00	167.34	74300.84	8367.16	538557.45	538557.45	0.00	0.00	0.00	0.00	11.94	0.00	0.12
903	51.00	52.00	167.34	74300.84	8367.16	538557.45	538557.45	0.00	0.00	0.00	0.00	11.82	0.00	0.12
904	51.00	53.00	167.34	74300.84	8367.16	538557.45	538557.45	0.00	0.00	0.00	0.00	11.98	0.00	0.12
905	52.00	53.00	167.34	74300.84	8367.16	538557.45	538557.45	0.00	0.00	0.00	0.00	11.87	0.00	0.12
906	52.00	54.00	167.34	74300.84	8367.16	538557.45	538557.45	0.00	0.00	0.00	0.00	11.89	0.00	0.12
907	53.00	54.00	167.34	74300.84	8367.16	538557.45	538557.45	0.00	0.00	0.00	0.00	11.78	0.00	0.12
908	54.00	54.00	167.34	74300.84	8367.16	538557.45	538557.45	0.00	0.00	0.00	0.00	11.67	0.00	0.12
909	54.00	55.00	167.34	74300.84	8367.16	538557.45	538557.45	0.00	0.00	0.00	0.00	11.68	0.00	0.12
910	54.00	56.00	167.34	74300.84	8367.16	538557.45	538557.45	0.00	0.00	0.00	0.00	11.73	0.00	0.12
911	55.00	56.00	167.34	74300.84	8367.16	538557.45	538557.45	0.00	0.00	0.00	0.00	11.62	0.00	0.12
912	56.00	56.00	167.34	74300.84	8367.16	538557.45	538557.45	0.00	0.00	0.00	0.00	11.52	0.00	0.12
913	56.00	57.00	167.34	74300.84	8367.16	538557.45	538557.45	0.00	0.00	0.00	0.00	11.52	0.00	0.12
914	56.00	58.00	167.34	74300.84	8367.16	538557.45	538557.45	0.00	0.00	0.00	0.00	11.52	0.00	0.12
915	57.00	58.00	167.34	74300.84	8367.16	538557.45	538557.45	0.00	0.00	0.00	0.00	11.42	0.00	0.12
916	58.00	58.00	167.34	74300.84	8367.16	538557.45	538557.45	0.00	0.00	0.00	0.00	11.32	0.00	0.12
917	58.00	59.00	167.34	74300.84	8367.16	538557.45	538557.45	0.00	0.00	0.00	0.00	11.32	0.00	0.12
918	59.00	59.00	167.34	74300.84	8367.16	538557.45	538557.45	0.00	0.00	0.00	0.00	11.22	0.00	0.12
919	59.00	60.00	167.34	74300.84	8367.16	538557.45	538557.45	0.00	0.00	0.00	0.00	11.27	0.00	0.12
920	60.00	60.00	167.34	74300.84	8367.16	538557.45	538557.45	0.00	0.00	0.00	0.00	11.18	0.00	0.12
921	60.00	61.00	167.34	74300.84	8367.16	538557.45	538557.45	0.00	0.00	0.00	0.00	11.14	0.00	0.12
922	61.00	61.00	167.34	74300.84	8367.16	538557.45	538557.45	0.00	0.00	0.00	0.00	11.05	0.00	0.12
923	61.00	62.00	167.34	74300.84	8367.16	538557.45	538557.45	0.00	0.00	0.00	0.00	11.10	0.00	0.12
924	62.00	62.00	167.34	74300.84	8367.16	538557.45	538557.45	0.00	0.00	0.00	0.00	11.01	0.00	0.12
925	62.00	63.00	167.34	74300.84	8367.16	538557.45	538557.45	0.00	0.00	0.00	0.00	11.11	0.00	0.12
926	63.00	63.00	167.34	74300.84	8367.16	538557.45	538557.45	0.00	0.00	0.00	0.00	11.02	0.00	0.12
927	63.00	64.00	167.34	74300.84	8367.16	538557.45	538557.45	0.00	0.00	0.00	0.00	11.04	0.00	0.12
928	64.00	64.00	167.34	74300.84	8367.16	538557.45	538557.45	0.00	0.00	0.00	0.00	10.96	0.00	0.12
929	64.00	65.00	167.34	74300.84	8367.16	538557.45	538557.45	0.00	0.00	0.00	0.00	11.03	0.00	0.12
930	64.00	66.00	167.34	74300.84	8367.16	538557.45	538557.45	0.00	0.00	0.00	0.00	11.41	0.00	0.12
931	64.00	67.00	167.34	74300.84	8367.16	538557.45	538557.45	0.00	0.00	0.00	0.00	11.62	0.00	0.12
932	65.00	67.00	167.34	74300.84	8367.16	538557.45	538557.45	0.00	0.00	0.00	0.00	11.53	0.00	0.12
933	65.00	68.00	167.34	74300.84	8367.16	538557.45	538557.45	0.00	0.00	0.00	0.00	11.53	0.00	0.12
934	66.00	68.00	167.34	74300.84	8367.16	538557.45	538557.45	0.00	0.00	0.00	0.00	11.44	0.00	0.12
935	66.00	69.00	167.34	74300.84	8367.16	538557.45	538557.45	0.00	0.00	0.00	0.00	11.38	0.00	0.12
936	66.00	70.00	167.34	74300.84	8367.16	538557.45	538557.45	0.00	0.00	0.00	0.00	11.31	0.00	0.12
937	66.00	71.00	167.34	74300.84	8367.16	538557.45	538557.45	0.00	0.00	0.00	0.00	11.35	0.00	0.12
938	67.00	71.00	167.34	74300.84	8367.16	538557.45	538557.45	0.00	0.00	0.00	0.00	11.27	0.00	0.12
939	68.00	71.00	167.34	74300.84	8367.16	538557.45	538557.45	0.00	0.00	0.00	0.00	11.19	0.00	0.12
940	68.00	72.00	167.34	74300.84	8367.16	538557.45	538557.45	0.00	0.00	0.00	0.00	11.18	0.00	0.12
941	69.00	72.00	167.34	74300.84	8367.16	538557.45	538557.45	0.00	0.00	0.00	0.00	11.10	0.00	0.12
942	70.00	72.00	167.34	74300.84	8367.16	538557.45	538557.45	0.00	0.00	0.00	0.00	11.03	0.00	0.12
943	71.00	72.00	167.34	74300.84	8367.16	538557.45	538557.45	0.00	0.00	0.00	0.00	10.95	0.00	0.12
944	71.00	73.00	167.34	74300.84	8367.16	538557.45	538557.45	0.00	0.00	0.00	0.00	10.95	0.00	0.12
945	71.00	74.00	167.34	74300.84	8367.16	538557.45	538557.45	0.00	0.00	0.00	0.00	10.93	0.00	0.12
946	71.00	25.00	167.34	74300.84	8367.16	538557.45	538557.45	0.00	0.00	0.00	0.00	5.63	0.00	0.12
947	71.00	26.00	167.34	74300.84	8367.16	538557.45	538557.45	0.00	0.00	0.00	0.00	5.86	0.00	0.12
948	71.00	27.00	167.34	74300.84	8367.16	538557.45	538557.45	0.00	0.00	0.00	0.00	5.91	0.00	0.12
949	71.00	28.00	167.34	74300.84	8367.16	538557.45	538557.45	0.00	0.00	0.00	0.00	5.97	0.00	0.12
950	72.00	28.00	167.34	74300.84	8367.16	538557.45	538557.45	0.00	0.00	0.00	0.00	5.91	0.00	0.12
951	72.00	29.00	167.34	74300.84	8367.16	538557.45	538557.45	0.00	0.00	0.00	0.00	5.96	0.00	0.12
952	72.00	30.00	167.34	74300.84	8367.16	538557.45	538557.45	0.00	0.00	0.00	0.00	5.99	0.00	0.12
953	73.00	30.00	167.34	74300.84	8367.16	538557.45	538557.45	0.00	0.00	0.00	0.00	5.94	0.00	0.12
954	73.00	31.00	167.34	74300.84	8367.16	538557.45	538557.45	0.00	0.00	0.00	0.00	6.02	0.00	0.12
955	74.00	31.00	167.34	74300.84	8367.16	538557.45	538557.45	0.00	0.00	0.00	0.00	5.97	0.00	0.12
956	74.00	32.00	167.34	74300.84	8367.16	538557.45	538557.45	0.00	0.00	0.00	0.00	6.32	0.00	0.12
957	25.00	32.00	167.34	74300.84	8367.16	538557.45	538557.45	0.00	0.00	0.00	0.00	11.75	0.00	0.12
958	25.00	33.00	167.34	74300.84	8367.16	538557.45	538557.45	0.00	0.00	0.00	0.00	12.04	0.00	0.12
959	25.00	34.00	167.34	74300.84	8367.16	538557.45	538557.45	0.00	0.00	0.00	0.00	12.54	0.00	0.12
960	26.00	34.00	167.34	74300.84	8367.16	538557.45	538557.45	0.00	0.00	0.00	0.00	12.33	0.00	0.12
961	27.00	34.00	167.34	74300.84	8367.16	538557.45	538557.45	0.00	0.00	0.00	0.00	12.13	0.00	0.12
962	28.00	34.00	167.34	74300.84	8367.16	538557.45	538557.45	0.00	0.00	0.00	0.00	11.94	0.00	0.12
963	28.00	35.00	167.34	74300.84	8367.16	538557.45	538557.45	0.00	0.00	0.00	0.00	11.93	0.00	0.12
964	28.00	36.00	167.34	74300.84	8367.16	538557.45	538557.45	0.00	0.00	0.00	0.00	11.98	0.00	0.12
965	29.00	36.00	167.34	74300.84	8367.16	538557.45	538557.45	0.00	0.00	0.00	0.00	11.79	0.00	0.12
966	30.00	36.00	167.34	74300.84	8367.16	538557.45	538557.45	0.00	0.00	0.00	0.00	11.61	0.00	0.12
967	30.00	37.00	167.34	74300.84	8367.16	538557.45	538557.45	0.00	0.00	0.00	0.00	11.61	0.00	0.12
968	31.00	37.00	167.34	74300.84	8367.16	538557.45	538557.45	0.00	0.00	0.00	0.00	11.44	0.00	0.12
969	32.00	37.00	167.34	74300.84	8367.16	538557.45	538557.45	0.00	0.00	0.00	0.00	11.28	0.00	0.12
970	32.00	38.00	167.34	74300.84	8367.16	538557.45	538557.45	0.00	0.00	0.00	0.00	11.58	0.00	0.12
971	32.00	39.00	167.34	74300.84	8367.16	538557.45	538557.45	0.00	0.00	0.00	0.00	11.57	0.00	0.12
972	33.00	39.00	167.34	74300.84	8367.16	538557.45	538557.45	0.00	0.00	0.00	0.00	11.41	0.00	0.12
973	34.00	39.00	167.34	74300.84	8367.16	538557.45	538557.45	0.00	0.00	0.00	0.00	11.26	0.00	0.12
974	34.00	40.00	167.34	74300.84	8367.16	538557.45	538557.45	0.00	0.00	0.00	0.00	11.22	0.00	0.12
975	34.00	41.00	167.34	74300.84	8367.16	538557.45	538557.45	0.00	0.00	0.00	0.00	11.61	0.00	0.12
976	35.00	41.00	167.34	74300.84	8367.16	538557.45	538557.45	0.00	0.00	0.00	0.00	11.46	0.00	0.12
977	36.00	41.00	167.34	74300.84	8367.16	538557.45	538557.45	0.00	0.00	0.00	0.00	11.31	0.00	0.12
978	36.00	42.00	167.34	74300.84	8367.16	538557.45	538557.45	0.00	0.00	0.00	0.00	11.31	0.00	0.12
979	36.00	43.00	167.34	74300.84	8367.16	538557.45	538557.45	0.00	0.00	0.00	0.00	11.69	0.00	0.12
980	36.00	44.00	167.34	74300.84	8367.16	538557.45	538557.45	0.00	0.00	0.00	0.00	11.83	0.00	0.12
981	36.00	45.00	167.34	74300.84	8367.16	538557.45	538557.45	0.00	0.00	0.00	0.00	12.49	0.00	0.12
982	36.00	46.00	167.34	74300.84	8367.16	538557.45	538557.45	0.00	0.00	0.00	0.00	12.48	0.00	0.12
983	36.00	47.00	167.34	74300.84	8367.16	538557.45	538557.45	0.00	0.00	0.00	0.00	12.51	0.00	0.12
984	37.00	47.00	167.34	74300.84	8367.16	538557.45	538557.45	0.00	0.00	0.00	0.00	12.36	0.00	0.12
985	37.00	48.00	167.34	74300.84	8367.16	538557.45	538557.45	0.00	0.00	0.00	0.00	12.26	0.00	0.12
986	37.00	49.00	167.34	74300.84	8367.16	538557.45	538557.45	0.00	0.00	0.00	0.00	12.40	0.00	0.12
987	37.00	50.00	167.34	74300.84	8367.16	538557.45	538557.45	0.00	0.00	0.00	0.00	12.48	0.00	0.12
988	37.00	51.00	167.34	74300.84	8367.16	538557.45	538557.45	0.00	0.00	0.00	0.00	12.97	0.00	0.12
989	37.00	52.00	167.34	74300.84	8367.16	538557.45	538557.45	0.00	0.00	0.00	0.00	12.95	0.00	0.12
990	37.00	53.00	167.34	74300.84	8367.16	538557.45	538557.45	0.00	0.00	0.00	0.00	13.23	0.00	0.12
991	38.00	53.00	167.34	74300.84	8367.16	538557.45	538557.45	0.00	0.00	0.00	0.00	13.09	0.00	0.12
992	38.00	54.00	167.34	74300.84	8367.16	538557.45	538557.45	0.00	0.00	0.00	0.00	13.22	0.00	0.12
993	39.00	54.00	167.34	74300.84	8367.16	538557.45	538557.45	0.00	0.00	0.00	0.00	13.08	0.00	0.12
994	45.00	49.00	167.34	74300.84	8367.16	538557.45	538557.45	0.00	0.00	0.00	0.00	10.64	0.00	0.12
995	46.00	49.00	142.24	89161.00	7112.09	538557.45	538557.45	0.00	0.00	0.00	0.00	10.53	0.00	0.12
996	46.00	50.00	142.24	89161.00	7112.09	538557.45	538557.45	0.00	0.00	0.00	0.00	10.45	0.00	0.12
997	47.00	50.00	142.24	89161.00	7112.09	538557.45	538557.45	0.00	0.00	0.00	0.00	10.34	0.00	0.12
998	48.00	50.00	142.24	89161.00	7112.09	538557.45	538557.45	0.00	0.00	0.00	0.00	10.24	0.00	0.12
999	48.00	51.00	142.24	89161.00	7112.09	538557.45	538557.45	0.00	0.00	0.00	0.00	10.42	0.00	0.12
1000	48.00	52.00	142.24	89161.00	7112.09	538557.45	538557.45	0.00	0.00	0.00	0.00	10.50	0.00	0.12
