some parameters
Gen.	# feasible solutions	# infeasible solutions	cap. penality	dur. penality	num. penality	best penalized cost	best feasible cost	best cap. violation	best dur. violation	best num. violation	avg cap. violation	avg dur. violation	avg num. violation
1	51.00	0.00	850.00	8500.00	42500.00	348890.41	348890.41	0.00	0.00	0.00	0.00	0.00	0.00
2	52.00	0.00	850.00	8500.00	42500.00	348890.41	348890.41	0.00	0.00	0.00	0.00	0.00	0.00
3	53.00	0.00	850.00	8500.00	42500.00	348890.41	348890.41	0.00	0.00	0.00	0.00	0.00	0.00
4	54.00	0.00	850.00	8500.00	42500.00	348890.41	348890.41	0.00	0.00	0.00	0.00	0.00	0.00
5	55.00	0.00	850.00	8500.00	42500.00	348890.41	348890.41	0.00	0.00	0.00	0.00	0.00	0.00
6	56.00	0.00	850.00	8500.00	42500.00	348890.41	348890.41	0.00	0.00	0.00	0.00	0.00	0.00
7	57.00	0.00	850.00	8500.00	42500.00	348890.41	348890.41	0.00	0.00	0.00	0.00	0.00	0.00
8	58.00	0.00	850.00	8500.00	42500.00	348890.41	348890.41	0.00	0.00	0.00	0.00	0.00	0.00
9	59.00	0.00	850.00	8500.00	42500.00	348890.41	348890.41	0.00	0.00	0.00	0.00	0.00	0.00
10	60.00	0.00	850.00	8500.00	42500.00	348890.41	348890.41	0.00	0.00	0.00	0.00	0.00	0.00
11	61.00	0.00	850.00	8500.00	42500.00	348890.41	348890.41	0.00	0.00	0.00	0.00	0.00	0.00
12	62.00	0.00	850.00	8500.00	42500.00	348890.41	348890.41	0.00	0.00	0.00	0.00	0.00	0.00
13	63.00	0.00	850.00	8500.00	42500.00	348890.41	348890.41	0.00	0.00	0.00	0.00	0.00	0.00
14	64.00	0.00	850.00	8500.00	42500.00	348890.41	348890.41	0.00	0.00	0.00	0.00	0.00	0.00
15	65.00	0.00	850.00	8500.00	42500.00	346466.55	346466.55	0.00	0.00	0.00	0.00	0.00	0.00
16	66.00	0.00	850.00	8500.00	42500.00	346466.55	346466.55	0.00	0.00	0.00	0.00	0.00	0.00
17	67.00	0.00	850.00	8500.00	42500.00	346466.55	346466.55	0.00	0.00	0.00	0.00	0.00	0.00
18	68.00	0.00	850.00	8500.00	42500.00	346466.55	346466.55	0.00	0.00	0.00	0.00	0.00	0.00
19	69.00	0.00	850.00	8500.00	42500.00	346466.55	346466.55	0.00	0.00	0.00	0.00	0.00	0.00
20	70.00	0.00	850.00	8500.00	42500.00	346466.55	346466.55	0.00	0.00	0.00	0.00	0.00	0.00
21	71.00	0.00	850.00	8500.00	42500.00	346466.55	346466.55	0.00	0.00	0.00	0.00	0.00	0.00
22	72.00	0.00	850.00	8500.00	42500.00	346466.55	346466.55	0.00	0.00	0.00	0.00	0.00	0.00
23	73.00	0.00	850.00	8500.00	42500.00	346466.55	346466.55	0.00	0.00	0.00	0.00	0.00	0.00
24	74.00	0.00	850.00	8500.00	42500.00	346466.55	346466.55	0.00	0.00	0.00	0.00	0.00	0.00
25	25.00	0.00	850.00	8500.00	42500.00	346466.55	346466.55	0.00	0.00	0.00	0.00	0.00	0.00
26	26.00	0.00	850.00	8500.00	42500.00	346466.55	346466.55	0.00	0.00	0.00	0.00	0.00	0.00
27	27.00	0.00	850.00	8500.00	42500.00	346466.55	346466.55	0.00	0.00	0.00	0.00	0.00	0.00
28	28.00	0.00	850.00	8500.00	42500.00	346466.55	346466.55	0.00	0.00	0.00	0.00	0.00	0.00
29	29.00	0.00	850.00	8500.00	42500.00	346466.55	346466.55	0.00	0.00	0.00	0.00	0.00	0.00
30	30.00	0.00	850.00	8500.00	42500.00	346466.55	346466.55	0.00	0.00	0.00	0.00	0.00	0.00
31	31.00	0.00	850.00	8500.00	42500.00	346466.55	346466.55	0.00	0.00	0.00	0.00	0.00	0.00
32	32.00	0.00	850.00	8500.00	42500.00	346466.55	346466.55	0.00	0.00	0.00	0.00	0.00	0.00
33	33.00	0.00	850.00	8500.00	42500.00	346466.55	346466.55	0.00	0.00	0.00	0.00	0.00	0.00
34	34.00	0.00	850.00	8500.00	42500.00	346466.55	346466.55	0.00	0.00	0.00	0.00	0.00	0.00
35	35.00	0.00	850.00	8500.00	42500.00	346466.55	346466.55	0.00	0.00	0.00	0.00	0.00	0.00
36	36.00	0.00	850.00	8500.00	42500.00	346466.55	346466.55	0.00	0.00	0.00	0.00	0.00	0.00
37	37.00	0.00	850.00	8500.00	42500.00	346466.55	346466.55	0.00	0.00	0.00	0.00	0.00	0.00
38	38.00	0.00	850.00	8500.00	42500.00	346466.55	346466.55	0.00	0.00	0.00	0.00	0.00	0.00
39	39.00	0.00	850.00	8500.00	42500.00	346466.55	346466.55	0.00	0.00	0.00	0.00	0.00	0.00
40	40.00	0.00	850.00	8500.00	42500.00	346466.55	346466.55	0.00	0.00	0.00	0.00	0.00	0.00
41	41.00	0.00	850.00	8500.00	42500.00	346466.55	346466.55	0.00	0.00	0.00	0.00	0.00	0.00
42	42.00	0.00	850.00	8500.00	42500.00	346466.55	346466.55	0.00	0.00	0.00	0.00	0.00	0.00
43	43.00	0.00	850.00	8500.00	42500.00	346466.55	346466.55	0.00	0.00	0.00	0.00	0.00	0.00
44	44.00	0.00	850.00	8500.00	42500.00	346466.55	346466.55	0.00	0.00	0.00	0.00	0.00	0.00
45	45.00	0.00	850.00	8500.00	42500.00	346466.55	346466.55	0.00	0.00	0.00	0.00	0.00	0.00
46	46.00	0.00	850.00	8500.00	42500.00	346466.55	346466.55	0.00	0.00	0.00	0.00	0.00	0.00
47	47.00	0.00	850.00	8500.00	42500.00	346466.55	346466.55	0.00	0.00	0.00	0.00	0.00	0.00
48	48.00	0.00	850.00	8500.00	42500.00	346466.55	346466.55	0.00	0.00	0.00	0.00	0.00	0.00
49	49.00	0.00	850.00	8500.00	42500.00	346466.55	346466.55	0.00	0.00	0.00	0.00	0.00	0.00
50	50.00	0.00	850.00	8500.00	42500.00	346466.55	346466.55	0.00	0.00	0.00	0.00	0.00	0.00
51	51.00	0.00	850.00	8500.00	42500.00	346466.55	346466.55	0.00	0.00	0.00	0.00	0.00	0.00
52	52.00	0.00	850.00	8500.00	42500.00	346466.55	346466.55	0.00	0.00	0.00	0.00	0.00	0.00
53	53.00	0.00	850.00	8500.00	42500.00	346466.55	346466.55	0.00	0.00	0.00	0.00	0.00	0.00
54	54.00	0.00	850.00	8500.00	42500.00	346466.55	346466.55	0.00	0.00	0.00	0.00	0.00	0.00
55	55.00	0.00	850.00	8500.00	42500.00	346466.55	346466.55	0.00	0.00	0.00	0.00	0.00	0.00
56	55.00	1.00	850.00	8500.00	42500.00	346466.55	346466.55	0.00	0.00	0.00	0.00	0.17	0.00
57	56.00	1.00	850.00	8500.00	42500.00	346466.55	346466.55	0.00	0.00	0.00	0.00	0.16	0.00
58	57.00	1.00	850.00	8500.00	42500.00	346466.55	346466.55	0.00	0.00	0.00	0.00	0.16	0.00
59	58.00	1.00	850.00	8500.00	42500.00	346466.55	346466.55	0.00	0.00	0.00	0.00	0.16	0.00
60	59.00	1.00	850.00	8500.00	42500.00	346466.55	346466.55	0.00	0.00	0.00	0.00	0.16	0.00
61	60.00	1.00	850.00	8500.00	42500.00	346466.55	346466.55	0.00	0.00	0.00	0.00	0.15	0.00
62	61.00	1.00	850.00	8500.00	42500.00	346466.55	346466.55	0.00	0.00	0.00	0.00	0.15	0.00
63	62.00	1.00	850.00	8500.00	42500.00	346466.55	346466.55	0.00	0.00	0.00	0.00	0.15	0.00
64	63.00	1.00	850.00	8500.00	42500.00	346466.55	346466.55	0.00	0.00	0.00	0.00	0.15	0.00
65	64.00	1.00	850.00	8500.00	42500.00	346466.55	346466.55	0.00	0.00	0.00	0.00	0.14	0.00
66	65.00	1.00	850.00	8500.00	42500.00	346466.55	346466.55	0.00	0.00	0.00	0.00	0.14	0.00
67	66.00	1.00	850.00	8500.00	42500.00	346466.55	346466.55	0.00	0.00	0.00	0.00	0.14	0.00
68	67.00	1.00	850.00	8500.00	42500.00	346466.55	346466.55	0.00	0.00	0.00	0.00	0.14	0.00
69	68.00	1.00	850.00	8500.00	42500.00	346466.55	346466.55	0.00	0.00	0.00	0.00	0.14	0.00
70	69.00	1.00	850.00	8500.00	42500.00	346466.55	346466.55	0.00	0.00	0.00	0.00	0.13	0.00
71	70.00	1.00	850.00	8500.00	42500.00	346466.55	346466.55	0.00	0.00	0.00	0.00	0.13	0.00
72	71.00	1.00	850.00	8500.00	42500.00	346466.55	346466.55	0.00	0.00	0.00	0.00	0.13	0.00
73	72.00	1.00	850.00	8500.00	42500.00	346466.55	346466.55	0.00	0.00	0.00	0.00	0.13	0.00
74	73.00	1.00	850.00	8500.00	42500.00	346466.55	346466.55	0.00	0.00	0.00	0.00	0.13	0.00
75	74.00	1.00	850.00	8500.00	42500.00	346466.55	346466.55	0.00	0.00	0.00	0.00	0.12	0.00
76	25.00	1.00	850.00	8500.00	42500.00	346466.55	346466.55	0.00	0.00	0.00	0.00	0.36	0.00
77	26.00	1.00	850.00	8500.00	42500.00	346466.55	346466.55	0.00	0.00	0.00	0.00	0.35	0.00
78	27.00	1.00	850.00	8500.00	42500.00	344042.69	344042.69	0.00	0.00	0.00	0.00	0.33	0.00
79	28.00	1.00	850.00	8500.00	42500.00	344042.69	344042.69	0.00	0.00	0.00	0.00	0.32	0.00
80	29.00	1.00	850.00	8500.00	42500.00	344042.69	344042.69	0.00	0.00	0.00	0.00	0.31	0.00
81	30.00	1.00	850.00	8500.00	42500.00	344042.69	344042.69	0.00	0.00	0.00	0.00	0.30	0.00
82	31.00	1.00	850.00	8500.00	42500.00	344042.69	344042.69	0.00	0.00	0.00	0.00	0.29	0.00
83	32.00	1.00	850.00	8500.00	42500.00	344042.69	344042.69	0.00	0.00	0.00	0.00	0.28	0.00
84	33.00	1.00	850.00	8500.00	42500.00	344042.69	344042.69	0.00	0.00	0.00	0.00	0.27	0.00
85	34.00	1.00	850.00	8500.00	42500.00	344042.69	344042.69	0.00	0.00	0.00	0.00	0.27	0.00
86	35.00	1.00	850.00	8500.00	42500.00	344042.69	344042.69	0.00	0.00	0.00	0.00	0.26	0.00
87	36.00	1.00	850.00	8500.00	42500.00	344042.69	344042.69	0.00	0.00	0.00	0.00	0.25	0.00
88	37.00	1.00	850.00	8500.00	42500.00	344042.69	344042.69	0.00	0.00	0.00	0.00	0.25	0.00
89	38.00	1.00	850.00	8500.00	42500.00	344042.69	344042.69	0.00	0.00	0.00	0.00	0.24	0.00
90	39.00	1.00	850.00	8500.00	42500.00	344042.69	344042.69	0.00	0.00	0.00	0.00	0.23	0.00
91	40.00	1.00	850.00	8500.00	42500.00	344042.69	344042.69	0.00	0.00	0.00	0.00	0.23	0.00
92	41.00	1.00	850.00	8500.00	42500.00	344042.69	344042.69	0.00	0.00	0.00	0.00	0.22	0.00
93	42.00	1.00	850.00	8500.00	42500.00	344042.69	344042.69	0.00	0.00	0.00	0.00	0.22	0.00
94	43.00	1.00	850.00	8500.00	42500.00	344042.69	344042.69	0.00	0.00	0.00	0.00	0.21	0.00
95	44.00	1.00	850.00	8500.00	42500.00	344042.69	344042.69	0.00	0.00	0.00	0.00	0.21	0.00
96	45.00	1.00	850.00	8500.00	42500.00	344042.69	344042.69	0.00	0.00	0.00	0.00	0.20	0.00
97	46.00	1.00	850.00	8500.00	42500.00	344042.69	344042.69	0.00	0.00	0.00	0.00	0.20	0.00
98	47.00	1.00	850.00	8500.00	42500.00	344042.69	344042.69	0.00	0.00	0.00	0.00	0.19	0.00
99	48.00	1.00	850.00	8500.00	42500.00	344042.69	344042.69	0.00	0.00	0.00	0.00	0.19	0.00
100	49.00	1.00	850.00	8500.00	42500.00	344042.69	344042.69	0.00	0.00	0.00	0.00	0.19	0.00
101	50.00	1.00	722.50	10200.00	36125.00	344042.69	344042.69	0.00	0.00	0.00	0.00	0.18	0.00
102	50.00	2.00	722.50	10200.00	36125.00	344042.69	344042.69	0.00	0.00	0.00	0.00	0.52	0.00
103	51.00	2.00	722.50	10200.00	36125.00	344042.69	344042.69	0.00	0.00	0.00	0.00	0.51	0.00
104	52.00	2.00	722.50	10200.00	36125.00	344042.69	344042.69	0.00	0.00	0.00	0.00	0.50	0.00
105	53.00	2.00	722.50	10200.00	36125.00	344042.69	344042.69	0.00	0.00	0.00	0.00	0.50	0.00
106	54.00	2.00	722.50	10200.00	36125.00	344042.69	344042.69	0.00	0.00	0.00	0.00	0.49	0.00
107	55.00	2.00	722.50	10200.00	36125.00	344042.69	344042.69	0.00	0.00	0.00	0.00	0.48	0.00
108	56.00	2.00	722.50	10200.00	36125.00	344042.69	344042.69	0.00	0.00	0.00	0.00	0.47	0.00
109	56.00	3.00	722.50	10200.00	36125.00	344042.69	344042.69	0.00	0.00	0.00	0.00	0.62	0.00
110	57.00	3.00	722.50	10200.00	36125.00	344042.69	344042.69	0.00	0.00	0.00	0.00	0.61	0.00
111	58.00	3.00	722.50	10200.00	36125.00	344042.69	344042.69	0.00	0.00	0.00	0.00	0.60	0.00
112	59.00	3.00	722.50	10200.00	36125.00	344042.69	344042.69	0.00	0.00	0.00	0.00	0.59	0.00
113	60.00	3.00	722.50	10200.00	36125.00	344042.69	344042.69	0.00	0.00	0.00	0.00	0.58	0.00
114	61.00	3.00	722.50	10200.00	36125.00	344042.69	344042.69	0.00	0.00	0.00	0.00	0.57	0.00
115	62.00	3.00	722.50	10200.00	36125.00	344042.69	344042.69	0.00	0.00	0.00	0.00	0.56	0.00
116	63.00	3.00	722.50	10200.00	36125.00	344042.69	344042.69	0.00	0.00	0.00	0.00	0.55	0.00
117	64.00	3.00	722.50	10200.00	36125.00	344042.69	344042.69	0.00	0.00	0.00	0.00	0.55	0.00
118	65.00	3.00	722.50	10200.00	36125.00	344042.69	344042.69	0.00	0.00	0.00	0.00	0.54	0.00
119	66.00	3.00	722.50	10200.00	36125.00	344042.69	344042.69	0.00	0.00	0.00	0.00	0.53	0.00
120	67.00	3.00	722.50	10200.00	36125.00	344042.69	344042.69	0.00	0.00	0.00	0.00	0.52	0.00
121	68.00	3.00	722.50	10200.00	36125.00	344042.69	344042.69	0.00	0.00	0.00	0.00	0.52	0.00
122	69.00	3.00	722.50	10200.00	36125.00	344042.69	344042.69	0.00	0.00	0.00	0.00	0.51	0.00
123	70.00	3.00	722.50	10200.00	36125.00	344042.69	344042.69	0.00	0.00	0.00	0.00	0.50	0.00
124	71.00	3.00	722.50	10200.00	36125.00	344042.69	344042.69	0.00	0.00	0.00	0.00	0.49	0.00
125	72.00	3.00	722.50	10200.00	36125.00	344042.69	344042.69	0.00	0.00	0.00	0.00	0.49	0.00
126	73.00	3.00	722.50	10200.00	36125.00	344042.69	344042.69	0.00	0.00	0.00	0.00	0.48	0.00
127	74.00	3.00	722.50	10200.00	36125.00	344042.69	344042.69	0.00	0.00	0.00	0.00	0.47	0.00
128	25.00	3.00	722.50	10200.00	36125.00	344042.69	344042.69	0.00	0.00	0.00	0.00	1.31	0.00
129	25.00	4.00	722.50	10200.00	36125.00	344042.69	344042.69	0.00	0.00	0.00	0.00	1.73	0.00
130	26.00	4.00	722.50	10200.00	36125.00	344042.69	344042.69	0.00	0.00	0.00	0.00	1.67	0.00
131	27.00	4.00	722.50	10200.00	36125.00	344042.69	344042.69	0.00	0.00	0.00	0.00	1.62	0.00
132	27.00	5.00	722.50	10200.00	36125.00	344042.69	344042.69	0.00	0.00	0.00	0.00	2.69	0.00
133	28.00	5.00	722.50	10200.00	36125.00	344042.69	344042.69	0.00	0.00	0.00	0.00	2.61	0.00
134	29.00	5.00	722.50	10200.00	36125.00	344042.69	344042.69	0.00	0.00	0.00	0.00	2.53	0.00
135	30.00	5.00	722.50	10200.00	36125.00	344042.69	344042.69	0.00	0.00	0.00	0.00	2.46	0.00
136	31.00	5.00	722.50	10200.00	36125.00	344042.69	344042.69	0.00	0.00	0.00	0.00	2.39	0.00
137	32.00	5.00	722.50	10200.00	36125.00	344042.69	344042.69	0.00	0.00	0.00	0.00	2.32	0.00
138	33.00	5.00	722.50	10200.00	36125.00	344042.69	344042.69	0.00	0.00	0.00	0.00	2.26	0.00
139	34.00	5.00	722.50	10200.00	36125.00	344042.69	344042.69	0.00	0.00	0.00	0.00	2.20	0.00
140	35.00	5.00	722.50	10200.00	36125.00	344042.69	344042.69	0.00	0.00	0.00	0.00	2.15	0.00
141	36.00	5.00	722.50	10200.00	36125.00	344042.69	344042.69	0.00	0.00	0.00	0.00	2.10	0.00
142	36.00	6.00	722.50	10200.00	36125.00	344042.69	344042.69	0.00	0.00	0.00	0.00	2.27	0.00
143	37.00	6.00	722.50	10200.00	36125.00	344042.69	344042.69	0.00	0.00	0.00	0.00	2.22	0.00
144	38.00	6.00	722.50	10200.00	36125.00	344042.69	344042.69	0.00	0.00	0.00	0.00	2.17	0.00
145	39.00	6.00	722.50	10200.00	36125.00	344042.69	344042.69	0.00	0.00	0.00	0.00	2.12	0.00
146	40.00	6.00	722.50	10200.00	36125.00	344042.69	344042.69	0.00	0.00	0.00	0.00	2.07	0.00
147	41.00	6.00	722.50	10200.00	36125.00	344042.69	344042.69	0.00	0.00	0.00	0.00	2.03	0.00
148	42.00	6.00	722.50	10200.00	36125.00	344042.69	344042.69	0.00	0.00	0.00	0.00	1.99	0.00
149	43.00	6.00	722.50	10200.00	36125.00	344042.69	344042.69	0.00	0.00	0.00	0.00	1.94	0.00
150	44.00	6.00	722.50	10200.00	36125.00	344042.69	344042.69	0.00	0.00	0.00	0.00	1.91	0.00
151	45.00	6.00	722.50	10200.00	36125.00	344042.69	344042.69	0.00	0.00	0.00	0.00	1.87	0.00
152	46.00	6.00	722.50	10200.00	36125.00	344042.69	344042.69	0.00	0.00	0.00	0.00	1.83	0.00
153	46.00	7.00	722.50	10200.00	36125.00	344042.69	344042.69	0.00	0.00	0.00	0.00	2.14	0.00
154	47.00	7.00	722.50	10200.00	36125.00	344042.69	344042.69	0.00	0.00	0.00	0.00	2.10	0.00
155	48.00	7.00	722.50	10200.00	36125.00	344042.69	344042.69	0.00	0.00	0.00	0.00	2.06	0.00
156	49.00	7.00	722.50	10200.00	36125.00	344042.69	344042.69	0.00	0.00	0.00	0.00	2.02	0.00
157	50.00	7.00	722.50	10200.00	36125.00	344042.69	344042.69	0.00	0.00	0.00	0.00	1.99	0.00
158	51.00	7.00	722.50	10200.00	36125.00	344042.69	344042.69	0.00	0.00	0.00	0.00	1.95	0.00
159	52.00	7.00	722.50	10200.00	36125.00	344042.69	344042.69	0.00	0.00	0.00	0.00	1.92	0.00
160	53.00	7.00	722.50	10200.00	36125.00	344042.69	344042.69	0.00	0.00	0.00	0.00	1.89	0.00
161	54.00	7.00	722.50	10200.00	36125.00	344042.69	344042.69	0.00	0.00	0.00	0.00	1.86	0.00
162	55.00	7.00	722.50	10200.00	36125.00	344042.69	344042.69	0.00	0.00	0.00	0.00	1.83	0.00
163	56.00	7.00	722.50	10200.00	36125.00	344042.69	344042.69	0.00	0.00	0.00	0.00	1.80	0.00
164	57.00	7.00	722.50	10200.00	36125.00	344042.69	344042.69	0.00	0.00	0.00	0.00	1.77	0.00
165	58.00	7.00	722.50	10200.00	36125.00	344042.69	344042.69	0.00	0.00	0.00	0.00	1.74	0.00
166	59.00	7.00	722.50	10200.00	36125.00	344042.69	344042.69	0.00	0.00	0.00	0.00	1.72	0.00
167	60.00	7.00	722.50	10200.00	36125.00	344042.69	344042.69	0.00	0.00	0.00	0.00	1.69	0.00
168	61.00	7.00	722.50	10200.00	36125.00	344042.69	344042.69	0.00	0.00	0.00	0.00	1.66	0.00
169	62.00	7.00	722.50	10200.00	36125.00	344042.69	344042.69	0.00	0.00	0.00	0.00	1.64	0.00
170	63.00	7.00	722.50	10200.00	36125.00	344042.69	344042.69	0.00	0.00	0.00	0.00	1.62	0.00
171	64.00	7.00	722.50	10200.00	36125.00	344042.69	344042.69	0.00	0.00	0.00	0.00	1.59	0.00
172	65.00	7.00	722.50	10200.00	36125.00	344042.69	344042.69	0.00	0.00	0.00	0.00	1.57	0.00
173	66.00	7.00	722.50	10200.00	36125.00	344042.69	344042.69	0.00	0.00	0.00	0.00	1.55	0.00
174	67.00	7.00	722.50	10200.00	36125.00	344042.69	344042.69	0.00	0.00	0.00	0.00	1.53	0.00
175	68.00	7.00	722.50	10200.00	36125.00	344042.69	344042.69	0.00	0.00	0.00	0.00	1.51	0.00
176	69.00	7.00	722.50	10200.00	36125.00	344042.69	344042.69	0.00	0.00	0.00	0.00	1.49	0.00
177	70.00	7.00	722.50	10200.00	36125.00	344042.69	344042.69	0.00	0.00	0.00	0.00	1.47	0.00
178	71.00	7.00	722.50	10200.00	36125.00	344042.69	344042.69	0.00	0.00	0.00	0.00	1.45	0.00
179	72.00	7.00	722.50	10200.00	36125.00	344042.69	344042.69	0.00	0.00	0.00	0.00	1.43	0.00
180	73.00	7.00	722.50	10200.00	36125.00	344042.69	344042.69	0.00	0.00	0.00	0.00	1.42	0.00
181	74.00	7.00	722.50	10200.00	36125.00	344042.69	344042.69	0.00	0.00	0.00	0.00	1.40	0.00
182	25.00	7.00	722.50	10200.00	36125.00	344042.69	344042.69	0.00	0.00	0.00	0.00	3.54	0.00
183	26.00	7.00	722.50	10200.00	36125.00	344042.69	344042.69	0.00	0.00	0.00	0.00	3.43	0.00
184	26.00	8.00	722.50	10200.00	36125.00	344042.69	344042.69	0.00	0.00	0.00	0.00	3.73	0.00
185	27.00	8.00	722.50	10200.00	36125.00	344042.69	344042.69	0.00	0.00	0.00	0.00	3.62	0.00
186	27.00	9.00	722.50	10200.00	36125.00	344042.69	344042.69	0.00	0.00	0.00	0.00	3.73	0.00
187	28.00	9.00	722.50	10200.00	36125.00	344042.69	344042.69	0.00	0.00	0.00	0.00	3.62	0.00
188	29.00	9.00	722.50	10200.00	36125.00	344042.69	344042.69	0.00	0.00	0.00	0.00	3.53	0.00
189	29.00	10.00	722.50	10200.00	36125.00	344042.69	344042.69	0.00	0.00	0.00	0.00	3.68	0.00
190	30.00	10.00	722.50	10200.00	36125.00	344042.69	344042.69	0.00	0.00	0.00	0.00	3.59	0.00
191	31.00	10.00	722.50	10200.00	36125.00	344042.69	344042.69	0.00	0.00	0.00	0.00	3.50	0.00
192	32.00	10.00	722.50	10200.00	36125.00	344042.69	344042.69	0.00	0.00	0.00	0.00	3.42	0.00
193	33.00	10.00	722.50	10200.00	36125.00	344042.69	344042.69	0.00	0.00	0.00	0.00	3.34	0.00
194	34.00	10.00	722.50	10200.00	36125.00	344042.69	344042.69	0.00	0.00	0.00	0.00	3.26	0.00
195	35.00	10.00	722.50	10200.00	36125.00	344042.69	344042.69	0.00	0.00	0.00	0.00	3.19	0.00
196	36.00	10.00	722.50	10200.00	36125.00	344042.69	344042.69	0.00	0.00	0.00	0.00	3.12	0.00
197	37.00	10.00	722.50	10200.00	36125.00	344042.69	344042.69	0.00	0.00	0.00	0.00	3.05	0.00
198	38.00	10.00	722.50	10200.00	36125.00	344042.69	344042.69	0.00	0.00	0.00	0.00	2.99	0.00
199	39.00	10.00	722.50	10200.00	36125.00	344042.69	344042.69	0.00	0.00	0.00	0.00	2.93	0.00
200	40.00	10.00	722.50	10200.00	36125.00	344042.69	344042.69	0.00	0.00	0.00	0.00	2.87	0.00
201	41.00	10.00	614.12	12240.00	30706.25	344042.69	344042.69	0.00	0.00	0.00	0.00	2.81	0.00
202	42.00	10.00	614.12	12240.00	30706.25	344042.69	344042.69	0.00	0.00	0.00	0.00	2.76	0.00
203	43.00	10.00	614.12	12240.00	30706.25	344042.69	344042.69	0.00	0.00	0.00	0.00	2.71	0.00
204	44.00	10.00	614.12	12240.00	30706.25	344042.69	344042.69	0.00	0.00	0.00	0.00	2.66	0.00
205	45.00	10.00	614.12	12240.00	30706.25	344042.69	344042.69	0.00	0.00	0.00	0.00	2.61	0.00
206	46.00	10.00	614.12	12240.00	30706.25	344042.69	344042.69	0.00	0.00	0.00	0.00	2.56	0.00
207	47.00	10.00	614.12	12240.00	30706.25	344042.69	344042.69	0.00	0.00	0.00	0.00	2.52	0.00
208	48.00	10.00	614.12	12240.00	30706.25	344042.69	344042.69	0.00	0.00	0.00	0.00	2.47	0.00
209	49.00	10.00	614.12	12240.00	30706.25	344042.69	344042.69	0.00	0.00	0.00	0.00	2.43	0.00
210	50.00	10.00	614.12	12240.00	30706.25	344042.69	344042.69	0.00	0.00	0.00	0.00	2.39	0.00
211	51.00	10.00	614.12	12240.00	30706.25	344042.69	344042.69	0.00	0.00	0.00	0.00	2.35	0.00
212	52.00	10.00	614.12	12240.00	30706.25	344042.69	344042.69	0.00	0.00	0.00	0.00	2.31	0.00
213	53.00	10.00	614.12	12240.00	30706.25	344042.69	344042.69	0.00	0.00	0.00	0.00	2.28	0.00
214	54.00	10.00	614.12	12240.00	30706.25	344042.69	344042.69	0.00	0.00	0.00	0.00	2.24	0.00
215	55.00	10.00	614.12	12240.00	30706.25	344042.69	344042.69	0.00	0.00	0.00	0.00	2.21	0.00
216	56.00	10.00	614.12	12240.00	30706.25	344042.69	344042.69	0.00	0.00	0.00	0.00	2.17	0.00
217	57.00	10.00	614.12	12240.00	30706.25	344042.69	344042.69	0.00	0.00	0.00	0.00	2.14	0.00
218	58.00	10.00	614.12	12240.00	30706.25	344042.69	344042.69	0.00	0.00	0.00	0.00	2.11	0.00
219	59.00	10.00	614.12	12240.00	30706.25	344042.69	344042.69	0.00	0.00	0.00	0.00	2.08	0.00
220	59.00	11.00	614.12	12240.00	30706.25	344042.69	344042.69	0.00	0.00	0.00	0.00	2.31	0.00
221	60.00	11.00	614.12	12240.00	30706.25	344042.69	344042.69	0.00	0.00	0.00	0.00	2.27	0.00
222	60.00	12.00	614.12	12240.00	30706.25	344042.69	344042.69	0.00	0.00	0.00	0.00	2.59	0.00
223	61.00	12.00	614.12	12240.00	30706.25	344042.69	344042.69	0.00	0.00	0.00	0.00	2.55	0.00
224	62.00	12.00	614.12	12240.00	30706.25	344042.69	344042.69	0.00	0.00	0.00	0.00	2.52	0.00
225	63.00	12.00	614.12	12240.00	30706.25	344042.69	344042.69	0.00	0.00	0.00	0.00	2.48	0.00
226	64.00	12.00	614.12	12240.00	30706.25	344042.69	344042.69	0.00	0.00	0.00	0.00	2.45	0.00
227	65.00	12.00	614.12	12240.00	30706.25	344042.69	344042.69	0.00	0.00	0.00	0.00	2.42	0.00
228	66.00	12.00	614.12	12240.00	30706.25	344042.69	344042.69	0.00	0.00	0.00	0.00	2.39	0.00
229	67.00	12.00	614.12	12240.00	30706.25	344042.69	344042.69	0.00	0.00	0.00	0.00	2.36	0.00
230	68.00	12.00	614.12	12240.00	30706.25	344042.69	344042.69	0.00	0.00	0.00	0.00	2.33	0.00
231	69.00	12.00	614.12	12240.00	30706.25	344042.69	344042.69	0.00	0.00	0.00	0.00	2.30	0.00
232	70.00	12.00	614.12	12240.00	30706.25	344042.69	344042.69	0.00	0.00	0.00	0.00	2.27	0.00
233	71.00	12.00	614.12	12240.00	30706.25	344042.69	344042.69	0.00	0.00	0.00	0.00	2.24	0.00
234	72.00	12.00	614.12	12240.00	30706.25	344042.69	344042.69	0.00	0.00	0.00	0.00	2.22	0.00
235	73.00	12.00	614.12	12240.00	30706.25	344042.69	344042.69	0.00	0.00	0.00	0.00	2.19	0.00
236	74.00	12.00	614.12	12240.00	30706.25	344042.69	344042.69	0.00	0.00	0.00	0.00	2.16	0.00
237	25.00	12.00	614.12	12240.00	30706.25	344042.69	344042.69	0.00	0.00	0.00	0.00	5.03	0.00
238	26.00	12.00	614.12	12240.00	30706.25	344042.69	344042.69	0.00	0.00	0.00	0.00	4.90	0.00
239	27.00	12.00	614.12	12240.00	30706.25	344042.69	344042.69	0.00	0.00	0.00	0.00	4.77	0.00
240	28.00	12.00	614.12	12240.00	30706.25	344042.69	344042.69	0.00	0.00	0.00	0.00	4.65	0.00
241	29.00	12.00	614.12	12240.00	30706.25	344042.69	344042.69	0.00	0.00	0.00	0.00	4.54	0.00
242	30.00	12.00	614.12	12240.00	30706.25	344042.69	344042.69	0.00	0.00	0.00	0.00	4.43	0.00
243	31.00	12.00	614.12	12240.00	30706.25	344042.69	344042.69	0.00	0.00	0.00	0.00	4.33	0.00
244	32.00	12.00	614.12	12240.00	30706.25	344042.69	344042.69	0.00	0.00	0.00	0.00	4.23	0.00
245	33.00	12.00	614.12	12240.00	30706.25	344042.69	344042.69	0.00	0.00	0.00	0.00	4.14	0.00
246	33.00	13.00	614.12	12240.00	30706.25	344042.69	344042.69	0.00	0.00	0.00	0.00	4.45	0.00
247	34.00	13.00	614.12	12240.00	30706.25	344042.69	344042.69	0.00	0.00	0.00	0.00	4.36	0.00
248	35.00	13.00	614.12	12240.00	30706.25	344042.69	344042.69	0.00	0.00	0.00	0.00	4.27	0.00
249	36.00	13.00	614.12	12240.00	30706.25	344042.69	344042.69	0.00	0.00	0.00	0.00	4.18	0.00
250	36.00	14.00	614.12	12240.00	30706.25	344042.69	344042.69	0.00	0.00	0.00	0.00	4.24	0.00
251	37.00	14.00	614.12	12240.00	30706.25	344042.69	344042.69	0.00	0.00	0.00	0.00	4.16	0.00
252	37.00	15.00	614.12	12240.00	30706.25	344042.69	344042.69	0.00	0.00	0.00	0.00	4.26	0.00
253	38.00	15.00	614.12	12240.00	30706.25	344042.69	344042.69	0.00	0.00	0.00	0.00	4.18	0.00
254	39.00	15.00	614.12	12240.00	30706.25	344042.69	344042.69	0.00	0.00	0.00	0.00	4.10	0.00
255	39.00	16.00	614.12	12240.00	30706.25	344042.69	344042.69	0.00	0.00	0.00	0.00	4.35	0.00
256	39.00	17.00	614.12	12240.00	30706.25	344042.69	344042.69	0.00	0.00	0.00	0.00	4.60	0.00
257	40.00	17.00	614.12	12240.00	30706.25	344042.69	344042.69	0.00	0.00	0.00	0.00	4.51	0.00
258	41.00	17.00	614.12	12240.00	30706.25	344042.69	344042.69	0.00	0.00	0.00	0.00	4.44	0.00
259	42.00	17.00	614.12	12240.00	30706.25	344042.69	344042.69	0.00	0.00	0.00	0.00	4.36	0.00
260	43.00	17.00	614.12	12240.00	30706.25	344042.69	344042.69	0.00	0.00	0.00	0.00	4.29	0.00
261	44.00	17.00	614.12	12240.00	30706.25	344042.69	344042.69	0.00	0.00	0.00	0.00	4.22	0.00
262	45.00	17.00	614.12	12240.00	30706.25	344042.69	344042.69	0.00	0.00	0.00	0.00	4.15	0.00
263	46.00	17.00	614.12	12240.00	30706.25	344042.69	344042.69	0.00	0.00	0.00	0.00	4.08	0.00
264	46.00	18.00	614.12	12240.00	30706.25	344042.69	344042.69	0.00	0.00	0.00	0.00	4.17	0.00
265	47.00	18.00	614.12	12240.00	30706.25	344042.69	344042.69	0.00	0.00	0.00	0.00	4.10	0.00
266	48.00	18.00	614.12	12240.00	30706.25	344042.69	344042.69	0.00	0.00	0.00	0.00	4.04	0.00
267	49.00	18.00	614.12	12240.00	30706.25	344042.69	344042.69	0.00	0.00	0.00	0.00	3.98	0.00
268	50.00	18.00	614.12	12240.00	30706.25	344042.69	344042.69	0.00	0.00	0.00	0.00	3.92	0.00
269	51.00	18.00	614.12	12240.00	30706.25	344042.69	344042.69	0.00	0.00	0.00	0.00	3.86	0.00
270	52.00	18.00	614.12	12240.00	30706.25	344042.69	344042.69	0.00	0.00	0.00	0.00	3.81	0.00
271	53.00	18.00	614.12	12240.00	30706.25	344042.69	344042.69	0.00	0.00	0.00	0.00	3.76	0.00
272	54.00	18.00	614.12	12240.00	30706.25	344042.69	344042.69	0.00	0.00	0.00	0.00	3.70	0.00
273	55.00	18.00	614.12	12240.00	30706.25	344042.69	344042.69	0.00	0.00	0.00	0.00	3.65	0.00
274	55.00	19.00	614.12	12240.00	30706.25	344042.69	344042.69	0.00	0.00	0.00	0.00	3.86	0.00
275	56.00	19.00	614.12	12240.00	30706.25	344042.69	344042.69	0.00	0.00	0.00	0.00	3.80	0.00
276	57.00	19.00	614.12	12240.00	30706.25	344042.69	344042.69	0.00	0.00	0.00	0.00	3.75	0.00
277	58.00	19.00	614.12	12240.00	30706.25	344042.69	344042.69	0.00	0.00	0.00	0.00	3.71	0.00
278	59.00	19.00	614.12	12240.00	30706.25	344042.69	344042.69	0.00	0.00	0.00	0.00	3.66	0.00
279	60.00	19.00	614.12	12240.00	30706.25	344042.69	344042.69	0.00	0.00	0.00	0.00	3.61	0.00
280	60.00	20.00	614.12	12240.00	30706.25	344042.69	344042.69	0.00	0.00	0.00	0.00	3.68	0.00
281	61.00	20.00	614.12	12240.00	30706.25	344042.69	344042.69	0.00	0.00	0.00	0.00	3.64	0.00
282	62.00	20.00	614.12	12240.00	30706.25	344042.69	344042.69	0.00	0.00	0.00	0.00	3.59	0.00
283	63.00	20.00	614.12	12240.00	30706.25	344042.69	344042.69	0.00	0.00	0.00	0.00	3.55	0.00
284	64.00	20.00	614.12	12240.00	30706.25	344042.69	344042.69	0.00	0.00	0.00	0.00	3.51	0.00
285	65.00	20.00	614.12	12240.00	30706.25	344042.69	344042.69	0.00	0.00	0.00	0.00	3.47	0.00
286	66.00	20.00	614.12	12240.00	30706.25	344042.69	344042.69	0.00	0.00	0.00	0.00	3.43	0.00
287	67.00	20.00	614.12	12240.00	30706.25	344042.69	344042.69	0.00	0.00	0.00	0.00	3.39	0.00
288	68.00	20.00	614.12	12240.00	30706.25	344042.69	344042.69	0.00	0.00	0.00	0.00	3.35	0.00
289	69.00	20.00	614.12	12240.00	30706.25	344042.69	344042.69	0.00	0.00	0.00	0.00	3.31	0.00
290	70.00	20.00	614.12	12240.00	30706.25	344042.69	344042.69	0.00	0.00	0.00	0.00	3.27	0.00
291	71.00	20.00	614.12	12240.00	30706.25	344042.69	344042.69	0.00	0.00	0.00	0.00	3.24	0.00
292	72.00	20.00	614.12	12240.00	30706.25	344042.69	344042.69	0.00	0.00	0.00	0.00	3.20	0.00
293	73.00	20.00	614.12	12240.00	30706.25	344042.69	344042.69	0.00	0.00	0.00	0.00	3.17	0.00
294	74.00	20.00	614.12	12240.00	30706.25	344042.69	344042.69	0.00	0.00	0.00	0.00	3.13	0.00
295	25.00	20.00	614.12	12240.00	30706.25	344042.69	344042.69	0.00	0.00	0.00	0.00	6.55	0.00
296	26.00	20.00	614.12	12240.00	30706.25	344042.69	344042.69	0.00	0.00	0.00	0.00	6.41	0.00
297	27.00	20.00	614.12	12240.00	30706.25	344042.69	344042.69	0.00	0.00	0.00	0.00	6.27	0.00
298	28.00	20.00	614.12	12240.00	30706.25	344042.69	344042.69	0.00	0.00	0.00	0.00	6.14	0.00
299	29.00	20.00	614.12	12240.00	30706.25	344042.69	344042.69	0.00	0.00	0.00	0.00	6.01	0.00
300	30.00	20.00	614.12	12240.00	30706.25	344042.69	344042.69	0.00	0.00	0.00	0.00	5.89	0.00
301	31.00	20.00	522.01	14688.00	26100.31	344042.69	344042.69	0.00	0.00	0.00	0.00	5.78	0.00
302	32.00	20.00	522.01	14688.00	26100.31	344042.69	344042.69	0.00	0.00	0.00	0.00	5.67	0.00
303	32.00	21.00	522.01	14688.00	26100.31	344042.69	344042.69	0.00	0.00	0.00	0.00	6.04	0.00
304	33.00	21.00	522.01	14688.00	26100.31	344042.69	344042.69	0.00	0.00	0.00	0.00	5.92	0.00
305	34.00	21.00	522.01	14688.00	26100.31	344042.69	344042.69	0.00	0.00	0.00	0.00	5.82	0.00
306	35.00	21.00	522.01	14688.00	26100.31	344042.69	344042.69	0.00	0.00	0.00	0.00	5.71	0.00
307	36.00	21.00	522.01	14688.00	26100.31	344042.69	344042.69	0.00	0.00	0.00	0.00	5.61	0.00
308	37.00	21.00	522.01	14688.00	26100.31	344042.69	344042.69	0.00	0.00	0.00	0.00	5.52	0.00
309	38.00	21.00	522.01	14688.00	26100.31	344042.69	344042.69	0.00	0.00	0.00	0.00	5.42	0.00
310	39.00	21.00	522.01	14688.00	26100.31	344042.69	344042.69	0.00	0.00	0.00	0.00	5.33	0.00
311	40.00	21.00	522.01	14688.00	26100.31	344042.69	344042.69	0.00	0.00	0.00	0.00	5.24	0.00
312	41.00	21.00	522.01	14688.00	26100.31	344042.69	344042.69	0.00	0.00	0.00	0.00	5.16	0.00
313	41.00	22.00	522.01	14688.00	26100.31	344042.69	344042.69	0.00	0.00	0.00	0.00	5.19	0.00
314	42.00	22.00	522.01	14688.00	26100.31	344042.69	344042.69	0.00	0.00	0.00	0.00	5.11	0.00
315	43.00	22.00	522.01	14688.00	26100.31	344042.69	344042.69	0.00	0.00	0.00	0.00	5.03	0.00
316	43.00	23.00	522.01	14688.00	26100.31	344042.69	344042.69	0.00	0.00	0.00	0.00	5.23	0.00
317	44.00	23.00	522.01	14688.00	26100.31	344042.69	344042.69	0.00	0.00	0.00	0.00	5.15	0.00
318	45.00	23.00	522.01	14688.00	26100.31	344042.69	344042.69	0.00	0.00	0.00	0.00	5.08	0.00
319	46.00	23.00	522.01	14688.00	26100.31	344042.69	344042.69	0.00	0.00	0.00	0.00	5.00	0.00
320	47.00	23.00	522.01	14688.00	26100.31	344042.69	344042.69	0.00	0.00	0.00	0.00	4.93	0.00
321	48.00	23.00	522.01	14688.00	26100.31	344042.69	344042.69	0.00	0.00	0.00	0.00	4.86	0.00
322	49.00	23.00	522.01	14688.00	26100.31	344042.69	344042.69	0.00	0.00	0.00	0.00	4.79	0.00
323	50.00	23.00	522.01	14688.00	26100.31	344042.69	344042.69	0.00	0.00	0.00	0.00	4.73	0.00
324	51.00	23.00	522.01	14688.00	26100.31	344042.69	344042.69	0.00	0.00	0.00	0.00	4.66	0.00
325	52.00	23.00	522.01	14688.00	26100.31	344042.69	344042.69	0.00	0.00	0.00	0.00	4.60	0.00
326	53.00	23.00	522.01	14688.00	26100.31	344042.69	344042.69	0.00	0.00	0.00	0.00	4.54	0.00
327	54.00	23.00	522.01	14688.00	26100.31	344042.69	344042.69	0.00	0.00	0.00	0.00	4.48	0.00
328	55.00	23.00	522.01	14688.00	26100.31	344042.69	344042.69	0.00	0.00	0.00	0.00	4.42	0.00
329	56.00	23.00	522.01	14688.00	26100.31	344042.69	344042.69	0.00	0.00	0.00	0.00	4.37	0.00
330	57.00	23.00	522.01	14688.00	26100.31	344042.69	344042.69	0.00	0.00	0.00	0.00	4.31	0.00
331	58.00	23.00	522.01	14688.00	26100.31	344042.69	344042.69	0.00	0.00	0.00	0.00	4.26	0.00
332	59.00	23.00	522.01	14688.00	26100.31	344042.69	344042.69	0.00	0.00	0.00	0.00	4.21	0.00
333	59.00	24.00	522.01	14688.00	26100.31	344042.69	344042.69	0.00	0.00	0.00	0.00	4.68	0.00
334	60.00	24.00	522.01	14688.00	26100.31	344042.69	344042.69	0.00	0.00	0.00	0.00	4.62	0.00
335	60.00	25.00	522.01	14688.00	26100.31	344042.69	344042.69	0.00	0.00	0.00	0.00	4.65	0.00
336	61.00	25.00	522.01	14688.00	26100.31	344042.69	344042.69	0.00	0.00	0.00	0.00	4.60	0.00
337	62.00	25.00	522.01	14688.00	26100.31	344042.69	344042.69	0.00	0.00	0.00	0.00	4.55	0.00
338	63.00	25.00	522.01	14688.00	26100.31	344042.69	344042.69	0.00	0.00	0.00	0.00	4.50	0.00
339	64.00	25.00	522.01	14688.00	26100.31	344042.69	344042.69	0.00	0.00	0.00	0.00	4.45	0.00
340	65.00	25.00	522.01	14688.00	26100.31	344042.69	344042.69	0.00	0.00	0.00	0.00	4.40	0.00
341	66.00	25.00	522.01	14688.00	26100.31	344042.69	344042.69	0.00	0.00	0.00	0.00	4.35	0.00
342	67.00	25.00	522.01	14688.00	26100.31	344042.69	344042.69	0.00	0.00	0.00	0.00	4.30	0.00
343	68.00	25.00	522.01	14688.00	26100.31	344042.69	344042.69	0.00	0.00	0.00	0.00	4.25	0.00
344	69.00	25.00	522.01	14688.00	26100.31	344042.69	344042.69	0.00	0.00	0.00	0.00	4.21	0.00
345	70.00	25.00	522.01	14688.00	26100.31	344042.69	344042.69	0.00	0.00	0.00	0.00	4.16	0.00
346	71.00	25.00	522.01	14688.00	26100.31	344042.69	344042.69	0.00	0.00	0.00	0.00	4.12	0.00
347	72.00	25.00	522.01	14688.00	26100.31	344042.69	344042.69	0.00	0.00	0.00	0.00	4.08	0.00
348	73.00	25.00	522.01	14688.00	26100.31	344042.69	344042.69	0.00	0.00	0.00	0.00	4.04	0.00
349	74.00	25.00	522.01	14688.00	26100.31	344042.69	344042.69	0.00	0.00	0.00	0.00	4.00	0.00
350	25.00	25.00	522.01	14688.00	26100.31	344042.69	344042.69	0.00	0.00	0.00	0.00	7.91	0.00
351	25.00	26.00	522.01	14688.00	26100.31	344042.69	344042.69	0.00	0.00	0.00	0.00	7.90	0.00
352	26.00	26.00	522.01	14688.00	26100.31	344042.69	344042.69	0.00	0.00	0.00	0.00	7.75	0.00
353	27.00	26.00	522.01	14688.00	26100.31	344042.69	344042.69	0.00	0.00	0.00	0.00	7.60	0.00
354	28.00	26.00	522.01	14688.00	26100.31	344042.69	344042.69	0.00	0.00	0.00	0.00	7.46	0.00
355	29.00	26.00	522.01	14688.00	26100.31	344042.69	344042.69	0.00	0.00	0.00	0.00	7.33	0.00
356	29.00	27.00	522.01	14688.00	26100.31	344042.69	344042.69	0.00	0.00	0.00	0.00	7.97	0.00
357	29.00	28.00	522.01	14688.00	26100.31	344042.69	344042.69	0.00	0.00	0.00	0.00	8.15	0.00
358	30.00	28.00	522.01	14688.00	26100.31	344042.69	344042.69	0.00	0.00	0.00	0.00	8.01	0.00
359	31.00	28.00	522.01	14688.00	26100.31	344042.69	344042.69	0.00	0.00	0.00	0.00	7.88	0.00
360	32.00	28.00	522.01	14688.00	26100.31	344042.69	344042.69	0.00	0.00	0.00	0.00	7.75	0.00
361	33.00	28.00	522.01	14688.00	26100.31	344042.69	344042.69	0.00	0.00	0.00	0.00	7.62	0.00
362	34.00	28.00	522.01	14688.00	26100.31	344042.69	344042.69	0.00	0.00	0.00	0.00	7.50	0.00
363	35.00	28.00	522.01	14688.00	26100.31	344042.69	344042.69	0.00	0.00	0.00	0.00	7.38	0.00
364	36.00	28.00	522.01	14688.00	26100.31	344042.69	344042.69	0.00	0.00	0.00	0.00	7.26	0.00
365	37.00	28.00	522.01	14688.00	26100.31	344042.69	344042.69	0.00	0.00	0.00	0.00	7.15	0.00
366	37.00	29.00	522.01	14688.00	26100.31	344042.69	344042.69	0.00	0.00	0.00	0.00	7.18	0.00
367	38.00	29.00	522.01	14688.00	26100.31	344042.69	344042.69	0.00	0.00	0.00	0.00	7.08	0.00
368	39.00	29.00	522.01	14688.00	26100.31	344042.69	344042.69	0.00	0.00	0.00	0.00	6.97	0.00
369	40.00	29.00	522.01	14688.00	26100.31	344042.69	344042.69	0.00	0.00	0.00	0.00	6.87	0.00
370	41.00	29.00	522.01	14688.00	26100.31	344042.69	344042.69	0.00	0.00	0.00	0.00	6.77	0.00
371	42.00	29.00	522.01	14688.00	26100.31	344042.69	344042.69	0.00	0.00	0.00	0.00	6.68	0.00
372	43.00	29.00	522.01	14688.00	26100.31	344042.69	344042.69	0.00	0.00	0.00	0.00	6.58	0.00
373	43.00	30.00	522.01	14688.00	26100.31	344042.69	344042.69	0.00	0.00	0.00	0.00	6.78	0.00
374	44.00	30.00	522.01	14688.00	26100.31	344042.69	344042.69	0.00	0.00	0.00	0.00	6.69	0.00
375	45.00	30.00	522.01	14688.00	26100.31	344042.69	344042.69	0.00	0.00	0.00	0.00	6.60	0.00
376	46.00	30.00	522.01	14688.00	26100.31	344042.69	344042.69	0.00	0.00	0.00	0.00	6.51	0.00
377	47.00	30.00	522.01	14688.00	26100.31	344042.69	344042.69	0.00	0.00	0.00	0.00	6.43	0.00
378	48.00	30.00	522.01	14688.00	26100.31	344042.69	344042.69	0.00	0.00	0.00	0.00	6.35	0.00
379	49.00	30.00	522.01	14688.00	26100.31	344042.69	344042.69	0.00	0.00	0.00	0.00	6.27	0.00
380	50.00	30.00	522.01	14688.00	26100.31	344042.69	344042.69	0.00	0.00	0.00	0.00	6.19	0.00
381	51.00	30.00	522.01	14688.00	26100.31	344042.69	344042.69	0.00	0.00	0.00	0.00	6.11	0.00
382	52.00	30.00	522.01	14688.00	26100.31	344042.69	344042.69	0.00	0.00	0.00	0.00	6.04	0.00
383	53.00	30.00	522.01	14688.00	26100.31	344042.69	344042.69	0.00	0.00	0.00	0.00	5.96	0.00
384	54.00	30.00	522.01	14688.00	26100.31	344042.69	344042.69	0.00	0.00	0.00	0.00	5.89	0.00
385	55.00	30.00	522.01	14688.00	26100.31	344042.69	344042.69	0.00	0.00	0.00	0.00	5.82	0.00
386	56.00	30.00	522.01	14688.00	26100.31	344042.69	344042.69	0.00	0.00	0.00	0.00	5.76	0.00
387	57.00	30.00	522.01	14688.00	26100.31	344042.69	344042.69	0.00	0.00	0.00	0.00	5.69	0.00
388	58.00	30.00	522.01	14688.00	26100.31	344042.69	344042.69	0.00	0.00	0.00	0.00	5.63	0.00
389	59.00	30.00	522.01	14688.00	26100.31	344042.69	344042.69	0.00	0.00	0.00	0.00	5.56	0.00
390	60.00	30.00	522.01	14688.00	26100.31	344042.69	344042.69	0.00	0.00	0.00	0.00	5.50	0.00
391	61.00	30.00	522.01	14688.00	26100.31	344042.69	344042.69	0.00	0.00	0.00	0.00	5.44	0.00
392	62.00	30.00	522.01	14688.00	26100.31	344042.69	344042.69	0.00	0.00	0.00	0.00	5.38	0.00
393	63.00	30.00	522.01	14688.00	26100.31	344042.69	344042.69	0.00	0.00	0.00	0.00	5.32	0.00
394	64.00	30.00	522.01	14688.00	26100.31	344042.69	344042.69	0.00	0.00	0.00	0.00	5.27	0.00
395	65.00	30.00	522.01	14688.00	26100.31	344042.69	344042.69	0.00	0.00	0.00	0.00	5.21	0.00
396	66.00	30.00	522.01	14688.00	26100.31	344042.69	344042.69	0.00	0.00	0.00	0.00	5.16	0.00
397	67.00	30.00	522.01	14688.00	26100.31	344042.69	344042.69	0.00	0.00	0.00	0.00	5.10	0.00
398	68.00	30.00	522.01	14688.00	26100.31	344042.69	344042.69	0.00	0.00	0.00	0.00	5.05	0.00
399	69.00	30.00	522.01	14688.00	26100.31	344042.69	344042.69	0.00	0.00	0.00	0.00	5.00	0.00
400	70.00	30.00	522.01	14688.00	26100.31	344042.69	344042.69	0.00	0.00	0.00	0.00	4.95	0.00
401	71.00	30.00	443.71	17625.60	22185.27	344042.69	344042.69	0.00	0.00	0.00	0.00	4.90	0.00
402	72.00	30.00	443.71	17625.60	22185.27	344042.69	344042.69	0.00	0.00	0.00	0.00	4.85	0.00
403	73.00	30.00	443.71	17625.60	22185.27	344042.69	344042.69	0.00	0.00	0.00	0.00	4.81	0.00
404	74.00	30.00	443.71	17625.60	22185.27	344042.69	344042.69	0.00	0.00	0.00	0.00	4.76	0.00
405	25.00	30.00	443.71	17625.60	22185.27	344042.69	344042.69	0.00	0.00	0.00	0.00	9.00	0.00
406	26.00	30.00	443.71	17625.60	22185.27	344042.69	344042.69	0.00	0.00	0.00	0.00	8.84	0.00
407	26.00	31.00	443.71	17625.60	22185.27	344042.69	344042.69	0.00	0.00	0.00	0.00	8.85	0.00
408	27.00	31.00	443.71	17625.60	22185.27	344042.69	344042.69	0.00	0.00	0.00	0.00	8.70	0.00
409	28.00	31.00	443.71	17625.60	22185.27	344042.69	344042.69	0.00	0.00	0.00	0.00	8.55	0.00
410	29.00	31.00	443.71	17625.60	22185.27	344042.69	344042.69	0.00	0.00	0.00	0.00	8.41	0.00
411	29.00	32.00	443.71	17625.60	22185.27	344042.69	344042.69	0.00	0.00	0.00	0.00	8.42	0.00
412	30.00	32.00	443.71	17625.60	22185.27	344042.69	344042.69	0.00	0.00	0.00	0.00	8.29	0.00
413	31.00	32.00	443.71	17625.60	22185.27	344042.69	344042.69	0.00	0.00	0.00	0.00	8.15	0.00
414	31.00	33.00	443.71	17625.60	22185.27	344042.69	344042.69	0.00	0.00	0.00	0.00	8.17	0.00
415	32.00	33.00	443.71	17625.60	22185.27	344042.69	344042.69	0.00	0.00	0.00	0.00	8.05	0.00
416	33.00	33.00	443.71	17625.60	22185.27	344042.69	344042.69	0.00	0.00	0.00	0.00	7.93	0.00
417	34.00	33.00	443.71	17625.60	22185.27	344042.69	344042.69	0.00	0.00	0.00	0.00	7.81	0.00
418	35.00	33.00	443.71	17625.60	22185.27	344042.69	344042.69	0.00	0.00	0.00	0.00	7.69	0.00
419	36.00	33.00	443.71	17625.60	22185.27	344042.69	344042.69	0.00	0.00	0.00	0.00	7.58	0.00
420	37.00	33.00	443.71	17625.60	22185.27	344042.69	344042.69	0.00	0.00	0.00	0.00	7.47	0.00
421	38.00	33.00	443.71	17625.60	22185.27	344042.69	344042.69	0.00	0.00	0.00	0.00	7.37	0.00
422	38.00	34.00	443.71	17625.60	22185.27	344042.69	344042.69	0.00	0.00	0.00	0.00	7.60	0.00
423	39.00	34.00	443.71	17625.60	22185.27	344042.69	344042.69	0.00	0.00	0.00	0.00	7.49	0.00
424	40.00	34.00	443.71	17625.60	22185.27	344042.69	344042.69	0.00	0.00	0.00	0.00	7.39	0.00
425	41.00	34.00	443.71	17625.60	22185.27	344042.69	344042.69	0.00	0.00	0.00	0.00	7.29	0.00
426	42.00	34.00	443.71	17625.60	22185.27	344042.69	344042.69	0.00	0.00	0.00	0.00	7.20	0.00
427	43.00	34.00	443.71	17625.60	22185.27	344042.69	344042.69	0.00	0.00	0.00	0.00	7.10	0.00
428	44.00	34.00	443.71	17625.60	22185.27	344042.69	344042.69	0.00	0.00	0.00	0.00	7.01	0.00
429	45.00	34.00	443.71	17625.60	22185.27	344042.69	344042.69	0.00	0.00	0.00	0.00	6.92	0.00
430	46.00	34.00	443.71	17625.60	22185.27	344042.69	344042.69	0.00	0.00	0.00	0.00	6.84	0.00
431	47.00	34.00	443.71	17625.60	22185.27	344042.69	344042.69	0.00	0.00	0.00	0.00	6.75	0.00
432	48.00	34.00	443.71	17625.60	22185.27	344042.69	344042.69	0.00	0.00	0.00	0.00	6.67	0.00
433	49.00	34.00	443.71	17625.60	22185.27	344042.69	344042.69	0.00	0.00	0.00	0.00	6.59	0.00
434	50.00	34.00	443.71	17625.60	22185.27	344042.69	344042.69	0.00	0.00	0.00	0.00	6.51	0.00
435	51.00	34.00	443.71	17625.60	22185.27	344042.69	344042.69	0.00	0.00	0.00	0.00	6.43	0.00
436	52.00	34.00	443.71	17625.60	22185.27	344042.69	344042.69	0.00	0.00	0.00	0.00	6.36	0.00
437	53.00	34.00	443.71	17625.60	22185.27	344042.69	344042.69	0.00	0.00	0.00	0.00	6.29	0.00
438	54.00	34.00	443.71	17625.60	22185.27	344042.69	344042.69	0.00	0.00	0.00	0.00	6.22	0.00
439	55.00	34.00	443.71	17625.60	22185.27	344042.69	344042.69	0.00	0.00	0.00	0.00	6.15	0.00
440	56.00	34.00	443.71	17625.60	22185.27	344042.69	344042.69	0.00	0.00	0.00	0.00	6.08	0.00
441	57.00	34.00	443.71	17625.60	22185.27	344042.69	344042.69	0.00	0.00	0.00	0.00	6.01	0.00
442	58.00	34.00	443.71	17625.60	22185.27	344042.69	344042.69	0.00	0.00	0.00	0.00	5.95	0.00
443	59.00	34.00	443.71	17625.60	22185.27	344042.69	344042.69	0.00	0.00	0.00	0.00	5.88	0.00
444	60.00	34.00	443.71	17625.60	22185.27	344042.69	344042.69	0.00	0.00	0.00	0.00	5.82	0.00
445	61.00	34.00	443.71	17625.60	22185.27	344042.69	344042.69	0.00	0.00	0.00	0.00	5.76	0.00
446	62.00	34.00	443.71	17625.60	22185.27	344042.69	344042.69	0.00	0.00	0.00	0.00	5.70	0.00
447	63.00	34.00	443.71	17625.60	22185.27	344042.69	344042.69	0.00	0.00	0.00	0.00	5.64	0.00
448	64.00	34.00	443.71	17625.60	22185.27	344042.69	344042.69	0.00	0.00	0.00	0.00	5.58	0.00
449	65.00	34.00	443.71	17625.60	22185.27	344042.69	344042.69	0.00	0.00	0.00	0.00	5.52	0.00
450	65.00	35.00	443.71	17625.60	22185.27	344042.69	344042.69	0.00	0.00	0.00	0.00	5.57	0.00
451	66.00	35.00	443.71	17625.60	22185.27	344042.69	344042.69	0.00	0.00	0.00	0.00	5.52	0.00
452	67.00	35.00	443.71	17625.60	22185.27	344042.69	344042.69	0.00	0.00	0.00	0.00	5.46	0.00
453	68.00	35.00	443.71	17625.60	22185.27	344042.69	344042.69	0.00	0.00	0.00	0.00	5.41	0.00
454	69.00	35.00	443.71	17625.60	22185.27	344042.69	344042.69	0.00	0.00	0.00	0.00	5.36	0.00
455	70.00	35.00	443.71	17625.60	22185.27	344042.69	344042.69	0.00	0.00	0.00	0.00	5.31	0.00
456	71.00	35.00	443.71	17625.60	22185.27	344042.69	344042.69	0.00	0.00	0.00	0.00	5.26	0.00
457	72.00	35.00	443.71	17625.60	22185.27	344042.69	344042.69	0.00	0.00	0.00	0.00	5.21	0.00
458	73.00	35.00	443.71	17625.60	22185.27	344042.69	344042.69	0.00	0.00	0.00	0.00	5.16	0.00
459	74.00	35.00	443.71	17625.60	22185.27	344042.69	344042.69	0.00	0.00	0.00	0.00	5.11	0.00
460	25.00	35.00	443.71	17625.60	22185.27	344042.69	344042.69	0.00	0.00	0.00	0.00	9.29	0.00
461	26.00	35.00	443.71	17625.60	22185.27	344042.69	344042.69	0.00	0.00	0.00	0.00	9.13	0.00
462	27.00	35.00	443.71	17625.60	22185.27	344042.69	344042.69	0.00	0.00	0.00	0.00	8.99	0.00
463	28.00	35.00	443.71	17625.60	22185.27	344042.69	344042.69	0.00	0.00	0.00	0.00	8.84	0.00
464	29.00	35.00	443.71	17625.60	22185.27	344042.69	344042.69	0.00	0.00	0.00	0.00	8.71	0.00
465	30.00	35.00	443.71	17625.60	22185.27	344042.69	344042.69	0.00	0.00	0.00	0.00	8.57	0.00
466	31.00	35.00	443.71	17625.60	22185.27	344042.69	344042.69	0.00	0.00	0.00	0.00	8.44	0.00
467	31.00	36.00	443.71	17625.60	22185.27	344042.69	344042.69	0.00	0.00	0.00	0.00	8.90	0.00
468	32.00	36.00	443.71	17625.60	22185.27	344042.69	344042.69	0.00	0.00	0.00	0.00	8.77	0.00
469	33.00	36.00	443.71	17625.60	22185.27	344042.69	344042.69	0.00	0.00	0.00	0.00	8.64	0.00
470	34.00	36.00	443.71	17625.60	22185.27	344042.69	344042.69	0.00	0.00	0.00	0.00	8.52	0.00
471	34.00	37.00	443.71	17625.60	22185.27	344042.69	344042.69	0.00	0.00	0.00	0.00	8.65	0.00
472	35.00	37.00	443.71	17625.60	22185.27	344042.69	344042.69	0.00	0.00	0.00	0.00	8.53	0.00
473	36.00	37.00	443.71	17625.60	22185.27	344042.69	344042.69	0.00	0.00	0.00	0.00	8.41	0.00
474	36.00	38.00	443.71	17625.60	22185.27	344042.69	344042.69	0.00	0.00	0.00	0.00	8.84	0.00
475	37.00	38.00	443.71	17625.60	22185.27	344042.69	344042.69	0.00	0.00	0.00	0.00	8.72	0.00
476	38.00	38.00	443.71	17625.60	22185.27	344042.69	344042.69	0.00	0.00	0.00	0.00	8.60	0.00
477	39.00	38.00	443.71	17625.60	22185.27	344042.69	344042.69	0.00	0.00	0.00	0.00	8.49	0.00
478	40.00	38.00	377.15	21150.72	18857.48	344042.69	344042.69	0.00	0.00	0.00	0.00	8.38	0.00
479	40.00	39.00	377.15	21150.72	18857.48	344042.69	344042.69	0.00	0.00	0.00	0.00	8.96	0.00
480	41.00	39.00	377.15	21150.72	18857.48	344042.69	344042.69	0.00	0.00	0.00	0.00	8.84	0.00
481	42.00	39.00	377.15	21150.72	18857.48	344042.69	344042.69	0.00	0.00	0.00	0.00	8.74	0.00
482	43.00	39.00	377.15	21150.72	18857.48	344042.69	344042.69	0.00	0.00	0.00	0.00	8.63	0.00
483	44.00	39.00	377.15	21150.72	18857.48	344042.69	344042.69	0.00	0.00	0.00	0.00	8.53	0.00
484	45.00	39.00	377.15	21150.72	18857.48	344042.69	344042.69	0.00	0.00	0.00	0.00	8.42	0.00
485	46.00	39.00	377.15	21150.72	18857.48	344042.69	344042.69	0.00	0.00	0.00	0.00	8.32	0.00
486	47.00	39.00	377.15	21150.72	18857.48	344042.69	344042.69	0.00	0.00	0.00	0.00	8.23	0.00
487	48.00	39.00	377.15	21150.72	18857.48	344042.69	344042.69	0.00	0.00	0.00	0.00	8.13	0.00
488	49.00	39.00	377.15	21150.72	18857.48	344042.69	344042.69	0.00	0.00	0.00	0.00	8.04	0.00
489	50.00	39.00	377.15	21150.72	18857.48	344042.69	344042.69	0.00	0.00	0.00	0.00	7.95	0.00
490	51.00	39.00	377.15	21150.72	18857.48	344042.69	344042.69	0.00	0.00	0.00	0.00	7.86	0.00
491	52.00	39.00	377.15	21150.72	18857.48	344042.69	344042.69	0.00	0.00	0.00	0.00	7.78	0.00
492	53.00	39.00	377.15	21150.72	18857.48	344042.69	344042.69	0.00	0.00	0.00	0.00	7.69	0.00
493	54.00	39.00	377.15	21150.72	18857.48	344042.69	344042.69	0.00	0.00	0.00	0.00	7.61	0.00
494	55.00	39.00	377.15	21150.72	18857.48	344042.69	344042.69	0.00	0.00	0.00	0.00	7.53	0.00
495	56.00	39.00	377.15	21150.72	18857.48	344042.69	344042.69	0.00	0.00	0.00	0.00	7.45	0.00
496	57.00	39.00	377.15	21150.72	18857.48	344042.69	344042.69	0.00	0.00	0.00	0.00	7.37	0.00
497	58.00	39.00	377.15	21150.72	18857.48	344042.69	344042.69	0.00	0.00	0.00	0.00	7.29	0.00
498	59.00	39.00	377.15	21150.72	18857.48	344042.69	344042.69	0.00	0.00	0.00	0.00	7.22	0.00
499	60.00	39.00	377.15	21150.72	18857.48	344042.69	344042.69	0.00	0.00	0.00	0.00	7.15	0.00
500	61.00	39.00	377.15	21150.72	18857.48	344042.69	344042.69	0.00	0.00	0.00	0.00	7.08	0.00
501	62.00	39.00	377.15	21150.72	18857.48	344042.69	344042.69	0.00	0.00	0.00	0.00	7.01	0.00
502	63.00	39.00	377.15	21150.72	18857.48	344042.69	344042.69	0.00	0.00	0.00	0.00	6.94	0.00
503	64.00	39.00	377.15	21150.72	18857.48	344042.69	344042.69	0.00	0.00	0.00	0.00	6.87	0.00
504	65.00	39.00	377.15	21150.72	18857.48	344042.69	344042.69	0.00	0.00	0.00	0.00	6.80	0.00
505	66.00	39.00	377.15	21150.72	18857.48	344042.69	344042.69	0.00	0.00	0.00	0.00	6.74	0.00
506	67.00	39.00	377.15	21150.72	18857.48	344042.69	344042.69	0.00	0.00	0.00	0.00	6.68	0.00
507	68.00	39.00	377.15	21150.72	18857.48	344042.69	344042.69	0.00	0.00	0.00	0.00	6.61	0.00
508	69.00	39.00	377.15	21150.72	18857.48	344042.69	344042.69	0.00	0.00	0.00	0.00	6.55	0.00
509	70.00	39.00	377.15	21150.72	18857.48	344042.69	344042.69	0.00	0.00	0.00	0.00	6.49	0.00
510	71.00	39.00	377.15	21150.72	18857.48	344042.69	344042.69	0.00	0.00	0.00	0.00	6.43	0.00
511	72.00	39.00	377.15	21150.72	18857.48	344042.69	344042.69	0.00	0.00	0.00	0.00	6.37	0.00
512	73.00	39.00	377.15	21150.72	18857.48	344042.69	344042.69	0.00	0.00	0.00	0.00	6.32	0.00
513	74.00	39.00	377.15	21150.72	18857.48	344042.69	344042.69	0.00	0.00	0.00	0.00	6.26	0.00
514	25.00	39.00	377.15	21150.72	18857.48	344042.69	344042.69	0.00	0.00	0.00	0.00	11.06	0.00
515	26.00	39.00	377.15	21150.72	18857.48	344042.69	344042.69	0.00	0.00	0.00	0.00	10.89	0.00
516	27.00	39.00	377.15	21150.72	18857.48	344042.69	344042.69	0.00	0.00	0.00	0.00	10.72	0.00
517	28.00	39.00	377.15	21150.72	18857.48	344042.69	344042.69	0.00	0.00	0.00	0.00	10.56	0.00
518	29.00	39.00	377.15	21150.72	18857.48	344042.69	344042.69	0.00	0.00	0.00	0.00	10.41	0.00
519	30.00	39.00	377.15	21150.72	18857.48	344042.69	344042.69	0.00	0.00	0.00	0.00	10.25	0.00
520	31.00	39.00	377.15	21150.72	18857.48	344042.69	344042.69	0.00	0.00	0.00	0.00	10.11	0.00
521	32.00	39.00	377.15	21150.72	18857.48	344042.69	344042.69	0.00	0.00	0.00	0.00	9.97	0.00
522	33.00	39.00	377.15	21150.72	18857.48	344042.69	344042.69	0.00	0.00	0.00	0.00	9.83	0.00
523	34.00	39.00	377.15	21150.72	18857.48	344042.69	344042.69	0.00	0.00	0.00	0.00	9.69	0.00
524	35.00	39.00	377.15	21150.72	18857.48	344042.69	344042.69	0.00	0.00	0.00	0.00	9.56	0.00
525	36.00	39.00	377.15	21150.72	18857.48	344042.69	344042.69	0.00	0.00	0.00	0.00	9.43	0.00
526	37.00	39.00	377.15	21150.72	18857.48	344042.69	344042.69	0.00	0.00	0.00	0.00	9.31	0.00
527	38.00	39.00	377.15	21150.72	18857.48	344042.69	344042.69	0.00	0.00	0.00	0.00	9.19	0.00
528	39.00	39.00	377.15	21150.72	18857.48	344042.69	344042.69	0.00	0.00	0.00	0.00	9.07	0.00
529	40.00	39.00	377.15	21150.72	18857.48	344042.69	344042.69	0.00	0.00	0.00	0.00	8.96	0.00
530	41.00	39.00	377.15	21150.72	18857.48	344042.69	344042.69	0.00	0.00	0.00	0.00	8.84	0.00
531	42.00	39.00	377.15	21150.72	18857.48	344042.69	344042.69	0.00	0.00	0.00	0.00	8.74	0.00
532	43.00	39.00	377.15	21150.72	18857.48	344042.69	344042.69	0.00	0.00	0.00	0.00	8.63	0.00
533	44.00	39.00	377.15	21150.72	18857.48	344042.69	344042.69	0.00	0.00	0.00	0.00	8.53	0.00
534	45.00	39.00	377.15	21150.72	18857.48	344042.69	344042.69	0.00	0.00	0.00	0.00	8.42	0.00
535	46.00	39.00	377.15	21150.72	18857.48	344042.69	344042.69	0.00	0.00	0.00	0.00	8.32	0.00
536	46.00	40.00	377.15	21150.72	18857.48	344042.69	344042.69	0.00	0.00	0.00	0.00	8.31	0.00
537	47.00	40.00	377.15	21150.72	18857.48	344042.69	344042.69	0.00	0.00	0.00	0.00	8.22	0.00
538	48.00	40.00	377.15	21150.72	18857.48	344042.69	344042.69	0.00	0.00	0.00	0.00	8.12	0.00
539	49.00	40.00	377.15	21150.72	18857.48	344042.69	344042.69	0.00	0.00	0.00	0.00	8.03	0.00
540	50.00	40.00	377.15	21150.72	18857.48	344042.69	344042.69	0.00	0.00	0.00	0.00	7.94	0.00
541	51.00	40.00	377.15	21150.72	18857.48	344042.69	344042.69	0.00	0.00	0.00	0.00	7.86	0.00
542	52.00	40.00	377.15	21150.72	18857.48	344042.69	344042.69	0.00	0.00	0.00	0.00	7.77	0.00
543	53.00	40.00	377.15	21150.72	18857.48	344042.69	344042.69	0.00	0.00	0.00	0.00	7.69	0.00
544	54.00	40.00	377.15	21150.72	18857.48	344042.69	344042.69	0.00	0.00	0.00	0.00	7.61	0.00
545	55.00	40.00	377.15	21150.72	18857.48	344042.69	344042.69	0.00	0.00	0.00	0.00	7.53	0.00
546	56.00	40.00	377.15	21150.72	18857.48	344042.69	344042.69	0.00	0.00	0.00	0.00	7.45	0.00
547	57.00	40.00	377.15	21150.72	18857.48	344042.69	344042.69	0.00	0.00	0.00	0.00	7.37	0.00
548	58.00	40.00	377.15	21150.72	18857.48	344042.69	344042.69	0.00	0.00	0.00	0.00	7.29	0.00
549	59.00	40.00	377.15	21150.72	18857.48	344042.69	344042.69	0.00	0.00	0.00	0.00	7.22	0.00
550	60.00	40.00	377.15	21150.72	18857.48	344042.69	344042.69	0.00	0.00	0.00	0.00	7.15	0.00
551	61.00	40.00	377.15	21150.72	18857.48	344042.69	344042.69	0.00	0.00	0.00	0.00	7.08	0.00
552	62.00	40.00	377.15	21150.72	18857.48	344042.69	344042.69	0.00	0.00	0.00	0.00	7.01	0.00
553	63.00	40.00	377.15	21150.72	18857.48	344042.69	344042.69	0.00	0.00	0.00	0.00	6.94	0.00
554	64.00	40.00	377.15	21150.72	18857.48	344042.69	344042.69	0.00	0.00	0.00	0.00	6.87	0.00
555	65.00	40.00	377.15	21150.72	18857.48	344042.69	344042.69	0.00	0.00	0.00	0.00	6.81	0.00
556	66.00	40.00	377.15	21150.72	18857.48	344042.69	344042.69	0.00	0.00	0.00	0.00	6.74	0.00
557	67.00	40.00	377.15	21150.72	18857.48	344042.69	344042.69	0.00	0.00	0.00	0.00	6.68	0.00
558	68.00	40.00	377.15	21150.72	18857.48	344042.69	344042.69	0.00	0.00	0.00	0.00	6.62	0.00
559	69.00	40.00	377.15	21150.72	18857.48	344042.69	344042.69	0.00	0.00	0.00	0.00	6.56	0.00
560	70.00	40.00	377.15	21150.72	18857.48	344042.69	344042.69	0.00	0.00	0.00	0.00	6.50	0.00
561	70.00	41.00	377.15	21150.72	18857.48	344042.69	344042.69	0.00	0.00	0.00	0.00	6.53	0.00
562	70.00	42.00	377.15	21150.72	18857.48	344042.69	344042.69	0.00	0.00	0.00	0.00	6.72	0.00
563	71.00	42.00	377.15	21150.72	18857.48	344042.69	344042.69	0.00	0.00	0.00	0.00	6.66	0.00
564	72.00	42.00	377.15	21150.72	18857.48	344042.69	344042.69	0.00	0.00	0.00	0.00	6.60	0.00
565	73.00	42.00	377.15	21150.72	18857.48	344042.69	344042.69	0.00	0.00	0.00	0.00	6.54	0.00
566	74.00	42.00	377.15	21150.72	18857.48	344042.69	344042.69	0.00	0.00	0.00	0.00	6.49	0.00
567	25.00	42.00	377.15	21150.72	18857.48	344042.69	344042.69	0.00	0.00	0.00	0.00	11.23	0.00
568	26.00	42.00	377.15	21150.72	18857.48	344042.69	344042.69	0.00	0.00	0.00	0.00	11.06	0.00
569	27.00	42.00	377.15	21150.72	18857.48	344042.69	344042.69	0.00	0.00	0.00	0.00	10.90	0.00
570	28.00	42.00	377.15	21150.72	18857.48	344042.69	344042.69	0.00	0.00	0.00	0.00	10.75	0.00
571	28.00	43.00	377.15	21150.72	18857.48	344042.69	344042.69	0.00	0.00	0.00	0.00	10.85	0.00
572	29.00	43.00	377.15	21150.72	18857.48	344042.69	344042.69	0.00	0.00	0.00	0.00	10.70	0.00
573	30.00	43.00	377.15	21150.72	18857.48	344042.69	344042.69	0.00	0.00	0.00	0.00	10.55	0.00
574	31.00	43.00	377.15	21150.72	18857.48	344042.69	344042.69	0.00	0.00	0.00	0.00	10.41	0.00
575	32.00	43.00	377.15	21150.72	18857.48	344042.69	344042.69	0.00	0.00	0.00	0.00	10.27	0.00
576	33.00	43.00	377.15	21150.72	18857.48	344042.69	344042.69	0.00	0.00	0.00	0.00	10.14	0.00
577	34.00	43.00	377.15	21150.72	18857.48	344042.69	344042.69	0.00	0.00	0.00	0.00	10.00	0.00
578	35.00	43.00	320.58	25380.86	16028.85	344042.69	344042.69	0.00	0.00	0.00	0.00	9.88	0.00
579	36.00	43.00	320.58	25380.86	16028.85	344042.69	344042.69	0.00	0.00	0.00	0.00	9.75	0.00
580	36.00	44.00	320.58	25380.86	16028.85	344042.69	344042.69	0.00	0.00	0.00	0.00	9.72	0.00
581	37.00	44.00	320.58	25380.86	16028.85	344042.69	344042.69	0.00	0.00	0.00	0.00	9.60	0.00
582	38.00	44.00	320.58	25380.86	16028.85	344042.69	344042.69	0.00	0.00	0.00	0.00	9.48	0.00
583	39.00	44.00	320.58	25380.86	16028.85	344042.69	344042.69	0.00	0.00	0.00	0.00	9.37	0.00
584	40.00	44.00	320.58	25380.86	16028.85	344042.69	344042.69	0.00	0.00	0.00	0.00	9.26	0.00
585	40.00	45.00	320.58	25380.86	16028.85	344042.69	344042.69	0.00	0.00	0.00	0.00	9.26	0.00
586	41.00	45.00	320.58	25380.86	16028.85	344042.69	344042.69	0.00	0.00	0.00	0.00	9.15	0.00
587	41.00	46.00	320.58	25380.86	16028.85	344042.69	344042.69	0.00	0.00	0.00	0.00	9.20	0.00
588	42.00	46.00	320.58	25380.86	16028.85	344042.69	344042.69	0.00	0.00	0.00	0.00	9.10	0.00
589	43.00	46.00	320.58	25380.86	16028.85	344042.69	344042.69	0.00	0.00	0.00	0.00	8.99	0.00
590	44.00	46.00	320.58	25380.86	16028.85	344042.69	344042.69	0.00	0.00	0.00	0.00	8.89	0.00
591	45.00	46.00	320.58	25380.86	16028.85	344042.69	344042.69	0.00	0.00	0.00	0.00	8.80	0.00
592	46.00	46.00	320.58	25380.86	16028.85	344042.69	344042.69	0.00	0.00	0.00	0.00	8.70	0.00
593	47.00	46.00	320.58	25380.86	16028.85	344042.69	344042.69	0.00	0.00	0.00	0.00	8.61	0.00
594	48.00	46.00	320.58	25380.86	16028.85	344042.69	344042.69	0.00	0.00	0.00	0.00	8.52	0.00
595	49.00	46.00	320.58	25380.86	16028.85	344042.69	344042.69	0.00	0.00	0.00	0.00	8.43	0.00
596	50.00	46.00	320.58	25380.86	16028.85	344042.69	344042.69	0.00	0.00	0.00	0.00	8.34	0.00
597	51.00	46.00	320.58	25380.86	16028.85	344042.69	344042.69	0.00	0.00	0.00	0.00	8.25	0.00
598	52.00	46.00	320.58	25380.86	16028.85	344042.69	344042.69	0.00	0.00	0.00	0.00	8.17	0.00
599	53.00	46.00	320.58	25380.86	16028.85	344042.69	344042.69	0.00	0.00	0.00	0.00	8.09	0.00
600	54.00	46.00	320.58	25380.86	16028.85	344042.69	344042.69	0.00	0.00	0.00	0.00	8.01	0.00
601	55.00	46.00	320.58	25380.86	16028.85	344042.69	344042.69	0.00	0.00	0.00	0.00	7.93	0.00
602	55.00	47.00	320.58	25380.86	16028.85	344042.69	344042.69	0.00	0.00	0.00	0.00	8.02	0.00
603	56.00	47.00	320.58	25380.86	16028.85	344042.69	344042.69	0.00	0.00	0.00	0.00	7.95	0.00
604	57.00	47.00	320.58	25380.86	16028.85	344042.69	344042.69	0.00	0.00	0.00	0.00	7.87	0.00
605	58.00	47.00	320.58	25380.86	16028.85	344042.69	344042.69	0.00	0.00	0.00	0.00	7.79	0.00
606	59.00	47.00	320.58	25380.86	16028.85	344042.69	344042.69	0.00	0.00	0.00	0.00	7.72	0.00
607	60.00	47.00	320.58	25380.86	16028.85	344042.69	344042.69	0.00	0.00	0.00	0.00	7.65	0.00
608	61.00	47.00	320.58	25380.86	16028.85	344042.69	344042.69	0.00	0.00	0.00	0.00	7.58	0.00
609	62.00	47.00	320.58	25380.86	16028.85	344042.69	344042.69	0.00	0.00	0.00	0.00	7.51	0.00
610	63.00	47.00	320.58	25380.86	16028.85	344042.69	344042.69	0.00	0.00	0.00	0.00	7.44	0.00
611	64.00	47.00	320.58	25380.86	16028.85	344042.69	344042.69	0.00	0.00	0.00	0.00	7.37	0.00
612	65.00	47.00	320.58	25380.86	16028.85	344042.69	344042.69	0.00	0.00	0.00	0.00	7.31	0.00
613	66.00	47.00	320.58	25380.86	16028.85	344042.69	344042.69	0.00	0.00	0.00	0.00	7.24	0.00
614	67.00	47.00	320.58	25380.86	16028.85	344042.69	344042.69	0.00	0.00	0.00	0.00	7.18	0.00
615	68.00	47.00	320.58	25380.86	16028.85	344042.69	344042.69	0.00	0.00	0.00	0.00	7.12	0.00
616	69.00	47.00	320.58	25380.86	16028.85	344042.69	344042.69	0.00	0.00	0.00	0.00	7.06	0.00
617	70.00	47.00	320.58	25380.86	16028.85	344042.69	344042.69	0.00	0.00	0.00	0.00	7.00	0.00
618	71.00	47.00	320.58	25380.86	16028.85	344042.69	344042.69	0.00	0.00	0.00	0.00	6.94	0.00
619	72.00	47.00	320.58	25380.86	16028.85	344042.69	344042.69	0.00	0.00	0.00	0.00	6.88	0.00
620	73.00	47.00	320.58	25380.86	16028.85	344042.69	344042.69	0.00	0.00	0.00	0.00	6.82	0.00
621	74.00	47.00	320.58	25380.86	16028.85	344042.69	344042.69	0.00	0.00	0.00	0.00	6.76	0.00
622	25.00	47.00	320.58	25380.86	16028.85	344042.69	344042.69	0.00	0.00	0.00	0.00	11.37	0.00
623	26.00	47.00	320.58	25380.86	16028.85	344042.69	344042.69	0.00	0.00	0.00	0.00	11.21	0.00
624	27.00	47.00	320.58	25380.86	16028.85	344042.69	344042.69	0.00	0.00	0.00	0.00	11.06	0.00
625	28.00	47.00	320.58	25380.86	16028.85	344042.69	344042.69	0.00	0.00	0.00	0.00	10.91	0.00
626	29.00	47.00	320.58	25380.86	16028.85	344042.69	344042.69	0.00	0.00	0.00	0.00	10.77	0.00
627	30.00	47.00	320.58	25380.86	16028.85	344042.69	344042.69	0.00	0.00	0.00	0.00	10.63	0.00
628	30.00	48.00	320.58	25380.86	16028.85	344042.69	344042.69	0.00	0.00	0.00	0.00	10.61	0.00
629	31.00	48.00	320.58	25380.86	16028.85	344042.69	344042.69	0.00	0.00	0.00	0.00	10.48	0.00
630	32.00	48.00	320.58	25380.86	16028.85	344042.69	344042.69	0.00	0.00	0.00	0.00	10.35	0.00
631	32.00	49.00	320.58	25380.86	16028.85	344042.69	344042.69	0.00	0.00	0.00	0.00	10.33	0.00
632	33.00	49.00	320.58	25380.86	16028.85	344042.69	344042.69	0.00	0.00	0.00	0.00	10.21	0.00
633	34.00	49.00	320.58	25380.86	16028.85	344042.69	344042.69	0.00	0.00	0.00	0.00	10.09	0.00
634	34.00	50.00	320.58	25380.86	16028.85	344042.69	344042.69	0.00	0.00	0.00	0.00	10.18	0.00
635	35.00	50.00	320.58	25380.86	16028.85	344042.69	344042.69	0.00	0.00	0.00	0.00	10.06	0.00
636	36.00	50.00	320.58	25380.86	16028.85	344042.69	344042.69	0.00	0.00	0.00	0.00	9.94	0.00
637	37.00	50.00	320.58	25380.86	16028.85	344042.69	344042.69	0.00	0.00	0.00	0.00	9.83	0.00
638	37.00	51.00	320.58	25380.86	16028.85	344042.69	344042.69	0.00	0.00	0.00	0.00	9.82	0.00
639	38.00	51.00	320.58	25380.86	16028.85	344042.69	344042.69	0.00	0.00	0.00	0.00	9.71	0.00
640	38.00	52.00	320.58	25380.86	16028.85	344042.69	344042.69	0.00	0.00	0.00	0.00	9.71	0.00
641	39.00	52.00	320.58	25380.86	16028.85	344042.69	344042.69	0.00	0.00	0.00	0.00	9.60	0.00
642	40.00	52.00	320.58	25380.86	16028.85	344042.69	344042.69	0.00	0.00	0.00	0.00	9.50	0.00
643	41.00	52.00	320.58	25380.86	16028.85	344042.69	344042.69	0.00	0.00	0.00	0.00	9.39	0.00
644	42.00	52.00	320.58	25380.86	16028.85	344042.69	344042.69	0.00	0.00	0.00	0.00	9.29	0.00
645	43.00	52.00	320.58	25380.86	16028.85	344042.69	344042.69	0.00	0.00	0.00	0.00	9.20	0.00
646	44.00	52.00	320.58	25380.86	16028.85	344042.69	344042.69	0.00	0.00	0.00	0.00	9.10	0.00
647	45.00	52.00	320.58	25380.86	16028.85	344042.69	344042.69	0.00	0.00	0.00	0.00	9.01	0.00
648	46.00	52.00	320.58	25380.86	16028.85	344042.69	344042.69	0.00	0.00	0.00	0.00	8.92	0.00
649	47.00	52.00	320.58	25380.86	16028.85	344042.69	344042.69	0.00	0.00	0.00	0.00	8.83	0.00
650	48.00	52.00	320.58	25380.86	16028.85	344042.69	344042.69	0.00	0.00	0.00	0.00	8.74	0.00
651	49.00	52.00	320.58	25380.86	16028.85	344042.69	344042.69	0.00	0.00	0.00	0.00	8.65	0.00
652	50.00	52.00	320.58	25380.86	16028.85	344042.69	344042.69	0.00	0.00	0.00	0.00	8.57	0.00
653	51.00	52.00	320.58	25380.86	16028.85	344042.69	344042.69	0.00	0.00	0.00	0.00	8.48	0.00
654	52.00	52.00	320.58	25380.86	16028.85	344042.69	344042.69	0.00	0.00	0.00	0.00	8.40	0.00
655	53.00	52.00	320.58	25380.86	16028.85	344042.69	344042.69	0.00	0.00	0.00	0.00	8.32	0.00
656	54.00	52.00	320.58	25380.86	16028.85	344042.69	344042.69	0.00	0.00	0.00	0.00	8.24	0.00
657	55.00	52.00	320.58	25380.86	16028.85	344042.69	344042.69	0.00	0.00	0.00	0.00	8.17	0.00
658	55.00	53.00	320.58	25380.86	16028.85	344042.69	344042.69	0.00	0.00	0.00	0.00	8.18	0.00
659	56.00	53.00	320.58	25380.86	16028.85	344042.69	344042.69	0.00	0.00	0.00	0.00	8.10	0.00
660	57.00	53.00	320.58	25380.86	16028.85	344042.69	344042.69	0.00	0.00	0.00	0.00	8.03	0.00
661	58.00	53.00	320.58	25380.86	16028.85	344042.69	344042.69	0.00	0.00	0.00	0.00	7.96	0.00
662	59.00	53.00	320.58	25380.86	16028.85	344042.69	344042.69	0.00	0.00	0.00	0.00	7.88	0.00
663	60.00	53.00	320.58	25380.86	16028.85	344042.69	344042.69	0.00	0.00	0.00	0.00	7.81	0.00
664	61.00	53.00	320.58	25380.86	16028.85	344042.69	344042.69	0.00	0.00	0.00	0.00	7.75	0.00
665	62.00	53.00	320.58	25380.86	16028.85	344042.69	344042.69	0.00	0.00	0.00	0.00	7.68	0.00
666	63.00	53.00	320.58	25380.86	16028.85	344042.69	344042.69	0.00	0.00	0.00	0.00	7.61	0.00
667	64.00	53.00	320.58	25380.86	16028.85	344042.69	344042.69	0.00	0.00	0.00	0.00	7.55	0.00
668	65.00	53.00	320.58	25380.86	16028.85	344042.69	344042.69	0.00	0.00	0.00	0.00	7.48	0.00
669	66.00	53.00	320.58	25380.86	16028.85	344042.69	344042.69	0.00	0.00	0.00	0.00	7.42	0.00
670	67.00	53.00	320.58	25380.86	16028.85	344042.69	344042.69	0.00	0.00	0.00	0.00	7.36	0.00
671	68.00	53.00	320.58	25380.86	16028.85	344042.69	344042.69	0.00	0.00	0.00	0.00	7.30	0.00
672	69.00	53.00	320.58	25380.86	16028.85	344042.69	344042.69	0.00	0.00	0.00	0.00	7.24	0.00
673	70.00	53.00	320.58	25380.86	16028.85	344042.69	344042.69	0.00	0.00	0.00	0.00	7.18	0.00
674	71.00	53.00	320.58	25380.86	16028.85	344042.69	344042.69	0.00	0.00	0.00	0.00	7.12	0.00
675	72.00	53.00	320.58	25380.86	16028.85	344042.69	344042.69	0.00	0.00	0.00	0.00	7.06	0.00
676	73.00	53.00	320.58	25380.86	16028.85	344042.69	344042.69	0.00	0.00	0.00	0.00	7.01	0.00
677	74.00	53.00	320.58	25380.86	16028.85	344042.69	344042.69	0.00	0.00	0.00	0.00	6.95	0.00
678	25.00	53.00	272.49	30457.04	13624.53	344042.69	344042.69	0.00	0.00	0.00	0.00	11.32	0.00
679	26.00	53.00	272.49	30457.04	13624.53	344042.69	344042.69	0.00	0.00	0.00	0.00	11.18	0.00
680	27.00	53.00	272.49	30457.04	13624.53	344042.69	344042.69	0.00	0.00	0.00	0.00	11.04	0.00
681	28.00	53.00	272.49	30457.04	13624.53	344042.69	344042.69	0.00	0.00	0.00	0.00	10.90	0.00
682	29.00	53.00	272.49	30457.04	13624.53	344042.69	344042.69	0.00	0.00	0.00	0.00	10.77	0.00
683	30.00	53.00	272.49	30457.04	13624.53	344042.69	344042.69	0.00	0.00	0.00	0.00	10.64	0.00
684	31.00	53.00	272.49	30457.04	13624.53	344042.69	344042.69	0.00	0.00	0.00	0.00	10.51	0.00
685	31.00	54.00	272.49	30457.04	13624.53	344042.69	344042.69	0.00	0.00	0.00	0.00	10.50	0.00
686	32.00	54.00	272.49	30457.04	13624.53	344042.69	344042.69	0.00	0.00	0.00	0.00	10.38	0.00
687	33.00	54.00	272.49	30457.04	13624.53	344042.69	344042.69	0.00	0.00	0.00	0.00	10.26	0.00
688	34.00	54.00	272.49	30457.04	13624.53	344042.69	344042.69	0.00	0.00	0.00	0.00	10.14	0.00
689	35.00	54.00	272.49	30457.04	13624.53	344042.69	344042.69	0.00	0.00	0.00	0.00	10.03	0.00
690	36.00	54.00	272.49	30457.04	13624.53	344042.69	344042.69	0.00	0.00	0.00	0.00	9.91	0.00
691	37.00	54.00	272.49	30457.04	13624.53	344042.69	344042.69	0.00	0.00	0.00	0.00	9.81	0.00
692	37.00	55.00	272.49	30457.04	13624.53	344042.69	344042.69	0.00	0.00	0.00	0.00	9.89	0.00
693	38.00	55.00	272.49	30457.04	13624.53	344042.69	344042.69	0.00	0.00	0.00	0.00	9.79	0.00
694	39.00	55.00	272.49	30457.04	13624.53	344042.69	344042.69	0.00	0.00	0.00	0.00	9.68	0.00
695	40.00	55.00	272.49	30457.04	13624.53	344042.69	344042.69	0.00	0.00	0.00	0.00	9.58	0.00
696	41.00	55.00	272.49	30457.04	13624.53	344042.69	344042.69	0.00	0.00	0.00	0.00	9.48	0.00
697	42.00	55.00	272.49	30457.04	13624.53	344042.69	344042.69	0.00	0.00	0.00	0.00	9.38	0.00
698	43.00	55.00	272.49	30457.04	13624.53	344042.69	344042.69	0.00	0.00	0.00	0.00	9.29	0.00
699	44.00	55.00	272.49	30457.04	13624.53	344042.69	344042.69	0.00	0.00	0.00	0.00	9.19	0.00
700	45.00	55.00	272.49	30457.04	13624.53	344042.69	344042.69	0.00	0.00	0.00	0.00	9.10	0.00
701	46.00	55.00	272.49	30457.04	13624.53	344042.69	344042.69	0.00	0.00	0.00	0.00	9.01	0.00
702	47.00	55.00	272.49	30457.04	13624.53	344042.69	344042.69	0.00	0.00	0.00	0.00	8.92	0.00
703	48.00	55.00	272.49	30457.04	13624.53	344042.69	344042.69	0.00	0.00	0.00	0.00	8.84	0.00
704	49.00	55.00	272.49	30457.04	13624.53	344042.69	344042.69	0.00	0.00	0.00	0.00	8.75	0.00
705	50.00	55.00	272.49	30457.04	13624.53	344042.69	344042.69	0.00	0.00	0.00	0.00	8.67	0.00
706	50.00	56.00	272.49	30457.04	13624.53	344042.69	344042.69	0.00	0.00	0.00	0.00	8.68	0.00
707	51.00	56.00	272.49	30457.04	13624.53	344042.69	344042.69	0.00	0.00	0.00	0.00	8.59	0.00
708	52.00	56.00	272.49	30457.04	13624.53	344042.69	344042.69	0.00	0.00	0.00	0.00	8.51	0.00
709	52.00	57.00	272.49	30457.04	13624.53	344042.69	344042.69	0.00	0.00	0.00	0.00	8.69	0.00
710	53.00	57.00	272.49	30457.04	13624.53	344042.69	344042.69	0.00	0.00	0.00	0.00	8.61	0.00
711	54.00	57.00	272.49	30457.04	13624.53	344042.69	344042.69	0.00	0.00	0.00	0.00	8.54	0.00
712	55.00	57.00	272.49	30457.04	13624.53	344042.69	344042.69	0.00	0.00	0.00	0.00	8.46	0.00
713	56.00	57.00	272.49	30457.04	13624.53	344042.69	344042.69	0.00	0.00	0.00	0.00	8.39	0.00
714	57.00	57.00	272.49	30457.04	13624.53	344042.69	344042.69	0.00	0.00	0.00	0.00	8.31	0.00
715	58.00	57.00	272.49	30457.04	13624.53	344042.69	344042.69	0.00	0.00	0.00	0.00	8.24	0.00
716	59.00	57.00	272.49	30457.04	13624.53	344042.69	344042.69	0.00	0.00	0.00	0.00	8.17	0.00
717	60.00	57.00	272.49	30457.04	13624.53	344042.69	344042.69	0.00	0.00	0.00	0.00	8.10	0.00
718	61.00	57.00	272.49	30457.04	13624.53	344042.69	344042.69	0.00	0.00	0.00	0.00	8.03	0.00
719	62.00	57.00	272.49	30457.04	13624.53	344042.69	344042.69	0.00	0.00	0.00	0.00	7.96	0.00
720	63.00	57.00	272.49	30457.04	13624.53	344042.69	344042.69	0.00	0.00	0.00	0.00	7.90	0.00
721	64.00	57.00	272.49	30457.04	13624.53	344042.69	344042.69	0.00	0.00	0.00	0.00	7.83	0.00
722	65.00	57.00	272.49	30457.04	13624.53	344042.69	344042.69	0.00	0.00	0.00	0.00	7.77	0.00
723	65.00	58.00	272.49	30457.04	13624.53	344042.69	344042.69	0.00	0.00	0.00	0.00	7.78	0.00
724	66.00	58.00	272.49	30457.04	13624.53	344042.69	344042.69	0.00	0.00	0.00	0.00	7.72	0.00
725	67.00	58.00	272.49	30457.04	13624.53	344042.69	344042.69	0.00	0.00	0.00	0.00	7.66	0.00
726	68.00	58.00	272.49	30457.04	13624.53	344042.69	344042.69	0.00	0.00	0.00	0.00	7.59	0.00
727	69.00	58.00	272.49	30457.04	13624.53	344042.69	344042.69	0.00	0.00	0.00	0.00	7.53	0.00
728	69.00	59.00	272.49	30457.04	13624.53	344042.69	344042.69	0.00	0.00	0.00	0.00	7.61	0.00
729	70.00	59.00	272.49	30457.04	13624.53	344042.69	344042.69	0.00	0.00	0.00	0.00	7.55	0.00
730	71.00	59.00	272.49	30457.04	13624.53	344042.69	344042.69	0.00	0.00	0.00	0.00	7.49	0.00
731	72.00	59.00	272.49	30457.04	13624.53	344042.69	344042.69	0.00	0.00	0.00	0.00	7.43	0.00
732	73.00	59.00	272.49	30457.04	13624.53	344042.69	344042.69	0.00	0.00	0.00	0.00	7.38	0.00
733	74.00	59.00	272.49	30457.04	13624.53	344042.69	344042.69	0.00	0.00	0.00	0.00	7.32	0.00
734	25.00	59.00	272.49	30457.04	13624.53	344042.69	344042.69	0.00	0.00	0.00	0.00	11.59	0.00
735	26.00	59.00	272.49	30457.04	13624.53	344042.69	344042.69	0.00	0.00	0.00	0.00	11.45	0.00
736	27.00	59.00	272.49	30457.04	13624.53	344042.69	344042.69	0.00	0.00	0.00	0.00	11.32	0.00
737	28.00	59.00	272.49	30457.04	13624.53	344042.69	344042.69	0.00	0.00	0.00	0.00	11.19	0.00
738	29.00	59.00	272.49	30457.04	13624.53	344042.69	344042.69	0.00	0.00	0.00	0.00	11.06	0.00
739	30.00	59.00	272.49	30457.04	13624.53	344042.69	344042.69	0.00	0.00	0.00	0.00	10.94	0.00
740	31.00	59.00	272.49	30457.04	13624.53	344042.69	344042.69	0.00	0.00	0.00	0.00	10.82	0.00
741	32.00	59.00	272.49	30457.04	13624.53	344042.69	344042.69	0.00	0.00	0.00	0.00	10.70	0.00
742	33.00	59.00	272.49	30457.04	13624.53	344042.69	344042.69	0.00	0.00	0.00	0.00	10.58	0.00
743	34.00	59.00	272.49	30457.04	13624.53	344042.69	344042.69	0.00	0.00	0.00	0.00	10.47	0.00
744	35.00	59.00	272.49	30457.04	13624.53	344042.69	344042.69	0.00	0.00	0.00	0.00	10.36	0.00
745	36.00	59.00	272.49	30457.04	13624.53	344042.69	344042.69	0.00	0.00	0.00	0.00	10.25	0.00
746	37.00	59.00	272.49	30457.04	13624.53	344042.69	344042.69	0.00	0.00	0.00	0.00	10.14	0.00
747	38.00	59.00	272.49	30457.04	13624.53	344042.69	344042.69	0.00	0.00	0.00	0.00	10.04	0.00
748	39.00	59.00	272.49	30457.04	13624.53	344042.69	344042.69	0.00	0.00	0.00	0.00	9.93	0.00
749	39.00	60.00	272.49	30457.04	13624.53	344042.69	344042.69	0.00	0.00	0.00	0.00	9.93	0.00
750	40.00	60.00	272.49	30457.04	13624.53	344042.69	344042.69	0.00	0.00	0.00	0.00	9.83	0.00
751	41.00	60.00	272.49	30457.04	13624.53	344042.69	344042.69	0.00	0.00	0.00	0.00	9.73	0.00
752	42.00	60.00	272.49	30457.04	13624.53	344042.69	344042.69	0.00	0.00	0.00	0.00	9.64	0.00
753	43.00	60.00	272.49	30457.04	13624.53	344042.69	344042.69	0.00	0.00	0.00	0.00	9.54	0.00
754	44.00	60.00	272.49	30457.04	13624.53	344042.69	344042.69	0.00	0.00	0.00	0.00	9.45	0.00
755	45.00	60.00	272.49	30457.04	13624.53	344042.69	344042.69	0.00	0.00	0.00	0.00	9.36	0.00
756	46.00	60.00	272.49	30457.04	13624.53	344042.69	344042.69	0.00	0.00	0.00	0.00	9.27	0.00
757	47.00	60.00	272.49	30457.04	13624.53	344042.69	344042.69	0.00	0.00	0.00	0.00	9.19	0.00
758	48.00	60.00	272.49	30457.04	13624.53	344042.69	344042.69	0.00	0.00	0.00	0.00	9.10	0.00
759	49.00	60.00	272.49	30457.04	13624.53	344042.69	344042.69	0.00	0.00	0.00	0.00	9.02	0.00
760	50.00	60.00	272.49	30457.04	13624.53	344042.69	344042.69	0.00	0.00	0.00	0.00	8.94	0.00
761	51.00	60.00	272.49	30457.04	13624.53	344042.69	344042.69	0.00	0.00	0.00	0.00	8.85	0.00
762	52.00	60.00	272.49	30457.04	13624.53	344042.69	344042.69	0.00	0.00	0.00	0.00	8.78	0.00
763	53.00	60.00	272.49	30457.04	13624.53	344042.69	344042.69	0.00	0.00	0.00	0.00	8.70	0.00
764	54.00	60.00	272.49	30457.04	13624.53	344042.69	344042.69	0.00	0.00	0.00	0.00	8.62	0.00
765	54.00	61.00	272.49	30457.04	13624.53	344042.69	344042.69	0.00	0.00	0.00	0.00	8.71	0.00
766	55.00	61.00	272.49	30457.04	13624.53	344042.69	344042.69	0.00	0.00	0.00	0.00	8.63	0.00
767	55.00	62.00	272.49	30457.04	13624.53	344042.69	344042.69	0.00	0.00	0.00	0.00	8.72	0.00
768	55.00	63.00	272.49	30457.04	13624.53	344042.69	344042.69	0.00	0.00	0.00	0.00	8.86	0.00
769	56.00	63.00	272.49	30457.04	13624.53	344042.69	344042.69	0.00	0.00	0.00	0.00	8.79	0.00
770	57.00	63.00	272.49	30457.04	13624.53	344042.69	344042.69	0.00	0.00	0.00	0.00	8.71	0.00
771	58.00	63.00	272.49	30457.04	13624.53	344042.69	344042.69	0.00	0.00	0.00	0.00	8.64	0.00
772	58.00	64.00	272.49	30457.04	13624.53	344042.69	344042.69	0.00	0.00	0.00	0.00	8.65	0.00
773	59.00	64.00	272.49	30457.04	13624.53	344042.69	344042.69	0.00	0.00	0.00	0.00	8.58	0.00
774	60.00	64.00	272.49	30457.04	13624.53	344042.69	344042.69	0.00	0.00	0.00	0.00	8.51	0.00
775	61.00	64.00	272.49	30457.04	13624.53	344042.69	344042.69	0.00	0.00	0.00	0.00	8.45	0.00
776	62.00	64.00	272.49	30457.04	13624.53	344042.69	344042.69	0.00	0.00	0.00	0.00	8.38	0.00
777	63.00	64.00	272.49	30457.04	13624.53	344042.69	344042.69	0.00	0.00	0.00	0.00	8.31	0.00
778	64.00	64.00	231.62	36548.44	11580.85	344042.69	344042.69	0.00	0.00	0.00	0.00	8.25	0.00
779	65.00	64.00	231.62	36548.44	11580.85	344042.69	344042.69	0.00	0.00	0.00	0.00	8.18	0.00
780	66.00	64.00	231.62	36548.44	11580.85	344042.69	344042.69	0.00	0.00	0.00	0.00	8.12	0.00
781	67.00	64.00	231.62	36548.44	11580.85	344042.69	344042.69	0.00	0.00	0.00	0.00	8.06	0.00
782	68.00	64.00	231.62	36548.44	11580.85	344042.69	344042.69	0.00	0.00	0.00	0.00	8.00	0.00
783	69.00	64.00	231.62	36548.44	11580.85	344042.69	344042.69	0.00	0.00	0.00	0.00	7.94	0.00
784	70.00	64.00	231.62	36548.44	11580.85	344042.69	344042.69	0.00	0.00	0.00	0.00	7.88	0.00
785	71.00	64.00	231.62	36548.44	11580.85	344042.69	344042.69	0.00	0.00	0.00	0.00	7.82	0.00
786	72.00	64.00	231.62	36548.44	11580.85	344042.69	344042.69	0.00	0.00	0.00	0.00	7.76	0.00
787	72.00	65.00	231.62	36548.44	11580.85	344042.69	344042.69	0.00	0.00	0.00	0.00	7.84	0.00
788	73.00	65.00	231.62	36548.44	11580.85	344042.69	344042.69	0.00	0.00	0.00	0.00	7.78	0.00
789	74.00	65.00	231.62	36548.44	11580.85	344042.69	344042.69	0.00	0.00	0.00	0.00	7.72	0.00
790	25.00	65.00	231.62	36548.44	11580.85	344042.69	344042.69	0.00	0.00	0.00	0.00	11.93	0.00
791	26.00	65.00	231.62	36548.44	11580.85	344042.69	344042.69	0.00	0.00	0.00	0.00	11.80	0.00
792	27.00	65.00	231.62	36548.44	11580.85	344042.69	344042.69	0.00	0.00	0.00	0.00	11.67	0.00
793	27.00	66.00	231.62	36548.44	11580.85	344042.69	344042.69	0.00	0.00	0.00	0.00	11.74	0.00
794	28.00	66.00	231.62	36548.44	11580.85	344042.69	344042.69	0.00	0.00	0.00	0.00	11.61	0.00
795	29.00	66.00	231.62	36548.44	11580.85	344042.69	344042.69	0.00	0.00	0.00	0.00	11.49	0.00
796	30.00	66.00	231.62	36548.44	11580.85	344042.69	344042.69	0.00	0.00	0.00	0.00	11.37	0.00
797	31.00	66.00	231.62	36548.44	11580.85	344042.69	344042.69	0.00	0.00	0.00	0.00	11.25	0.00
798	32.00	66.00	231.62	36548.44	11580.85	344042.69	344042.69	0.00	0.00	0.00	0.00	11.14	0.00
799	33.00	66.00	231.62	36548.44	11580.85	344042.69	344042.69	0.00	0.00	0.00	0.00	11.03	0.00
800	34.00	66.00	231.62	36548.44	11580.85	344042.69	344042.69	0.00	0.00	0.00	0.00	10.92	0.00
801	34.00	67.00	231.62	36548.44	11580.85	344042.69	344042.69	0.00	0.00	0.00	0.00	10.90	0.00
802	35.00	67.00	231.62	36548.44	11580.85	344042.69	344042.69	0.00	0.00	0.00	0.00	10.79	0.00
803	36.00	67.00	231.62	36548.44	11580.85	344042.69	344042.69	0.00	0.00	0.00	0.00	10.69	0.00
804	37.00	67.00	231.62	36548.44	11580.85	344042.69	344042.69	0.00	0.00	0.00	0.00	10.59	0.00
805	38.00	67.00	231.62	36548.44	11580.85	344042.69	344042.69	0.00	0.00	0.00	0.00	10.48	0.00
806	39.00	67.00	231.62	36548.44	11580.85	344042.69	344042.69	0.00	0.00	0.00	0.00	10.39	0.00
807	40.00	67.00	231.62	36548.44	11580.85	344042.69	344042.69	0.00	0.00	0.00	0.00	10.29	0.00
808	40.00	68.00	231.62	36548.44	11580.85	344042.69	344042.69	0.00	0.00	0.00	0.00	10.36	0.00
809	41.00	68.00	231.62	36548.44	11580.85	344042.69	344042.69	0.00	0.00	0.00	0.00	10.26	0.00
810	42.00	68.00	231.62	36548.44	11580.85	344042.69	344042.69	0.00	0.00	0.00	0.00	10.17	0.00
811	43.00	68.00	231.62	36548.44	11580.85	344042.69	344042.69	0.00	0.00	0.00	0.00	10.08	0.00
812	44.00	68.00	231.62	36548.44	11580.85	344042.69	344042.69	0.00	0.00	0.00	0.00	9.99	0.00
813	44.00	69.00	231.62	36548.44	11580.85	344042.69	344042.69	0.00	0.00	0.00	0.00	9.98	0.00
814	44.00	70.00	231.62	36548.44	11580.85	344042.69	344042.69	0.00	0.00	0.00	0.00	10.06	0.00
815	45.00	70.00	231.62	36548.44	11580.85	344042.69	344042.69	0.00	0.00	0.00	0.00	9.97	0.00
816	46.00	70.00	231.62	36548.44	11580.85	344042.69	344042.69	0.00	0.00	0.00	0.00	9.89	0.00
817	47.00	70.00	231.62	36548.44	11580.85	344042.69	344042.69	0.00	0.00	0.00	0.00	9.80	0.00
818	48.00	70.00	231.62	36548.44	11580.85	344042.69	344042.69	0.00	0.00	0.00	0.00	9.72	0.00
819	49.00	70.00	231.62	36548.44	11580.85	344042.69	344042.69	0.00	0.00	0.00	0.00	9.64	0.00
820	50.00	70.00	231.62	36548.44	11580.85	344042.69	344042.69	0.00	0.00	0.00	0.00	9.56	0.00
821	51.00	70.00	231.62	36548.44	11580.85	344042.69	344042.69	0.00	0.00	0.00	0.00	9.48	0.00
822	52.00	70.00	231.62	36548.44	11580.85	344042.69	344042.69	0.00	0.00	0.00	0.00	9.40	0.00
823	53.00	70.00	231.62	36548.44	11580.85	344042.69	344042.69	0.00	0.00	0.00	0.00	9.32	0.00
824	54.00	70.00	231.62	36548.44	11580.85	344042.69	344042.69	0.00	0.00	0.00	0.00	9.25	0.00
825	54.00	71.00	231.62	36548.44	11580.85	344042.69	344042.69	0.00	0.00	0.00	0.00	9.25	0.00
826	54.00	72.00	231.62	36548.44	11580.85	344042.69	344042.69	0.00	0.00	0.00	0.00	9.23	0.00
827	55.00	72.00	231.62	36548.44	11580.85	344042.69	344042.69	0.00	0.00	0.00	0.00	9.16	0.00
828	56.00	72.00	231.62	36548.44	11580.85	344042.69	344042.69	0.00	0.00	0.00	0.00	9.09	0.00
829	57.00	72.00	231.62	36548.44	11580.85	344042.69	344042.69	0.00	0.00	0.00	0.00	9.02	0.00
830	58.00	72.00	231.62	36548.44	11580.85	344042.69	344042.69	0.00	0.00	0.00	0.00	8.95	0.00
831	59.00	72.00	231.62	36548.44	11580.85	344042.69	344042.69	0.00	0.00	0.00	0.00	8.88	0.00
832	59.00	73.00	231.62	36548.44	11580.85	344042.69	344042.69	0.00	0.00	0.00	0.00	9.00	0.00
833	60.00	73.00	231.62	36548.44	11580.85	344042.69	344042.69	0.00	0.00	0.00	0.00	8.94	0.00
834	61.00	73.00	231.62	36548.44	11580.85	344042.69	344042.69	0.00	0.00	0.00	0.00	8.87	0.00
835	61.00	74.00	231.62	36548.44	11580.85	344042.69	344042.69	0.00	0.00	0.00	0.00	8.97	0.00
836	62.00	74.00	231.62	36548.44	11580.85	344042.69	344042.69	0.00	0.00	0.00	0.00	8.91	0.00
837	63.00	74.00	231.62	36548.44	11580.85	344042.69	344042.69	0.00	0.00	0.00	0.00	8.84	0.00
838	64.00	74.00	231.62	36548.44	11580.85	344042.69	344042.69	0.00	0.00	0.00	0.00	8.78	0.00
839	65.00	74.00	231.62	36548.44	11580.85	344042.69	344042.69	0.00	0.00	0.00	0.00	8.72	0.00
840	66.00	74.00	231.62	36548.44	11580.85	344042.69	344042.69	0.00	0.00	0.00	0.00	8.65	0.00
841	66.00	25.00	231.62	36548.44	11580.85	344042.69	344042.69	0.00	0.00	0.00	0.00	3.86	0.00
842	66.00	26.00	231.62	36548.44	11580.85	344042.69	344042.69	0.00	0.00	0.00	0.00	3.92	0.00
843	67.00	26.00	231.62	36548.44	11580.85	344042.69	344042.69	0.00	0.00	0.00	0.00	3.87	0.00
844	68.00	26.00	231.62	36548.44	11580.85	344042.69	344042.69	0.00	0.00	0.00	0.00	3.83	0.00
845	69.00	26.00	231.62	36548.44	11580.85	344042.69	344042.69	0.00	0.00	0.00	0.00	3.79	0.00
846	70.00	26.00	231.62	36548.44	11580.85	344042.69	344042.69	0.00	0.00	0.00	0.00	3.75	0.00
847	71.00	26.00	231.62	36548.44	11580.85	344042.69	344042.69	0.00	0.00	0.00	0.00	3.72	0.00
848	72.00	26.00	231.62	36548.44	11580.85	344042.69	344042.69	0.00	0.00	0.00	0.00	3.68	0.00
849	73.00	26.00	231.62	36548.44	11580.85	344042.69	344042.69	0.00	0.00	0.00	0.00	3.64	0.00
850	73.00	27.00	231.62	36548.44	11580.85	344042.69	344042.69	0.00	0.00	0.00	0.00	4.10	0.00
851	74.00	27.00	231.62	36548.44	11580.85	344042.69	344042.69	0.00	0.00	0.00	0.00	4.06	0.00
852	25.00	27.00	231.62	36548.44	11580.85	344042.69	344042.69	0.00	0.00	0.00	0.00	7.88	0.00
853	26.00	27.00	231.62	36548.44	11580.85	344042.69	344042.69	0.00	0.00	0.00	0.00	7.73	0.00
854	27.00	27.00	231.62	36548.44	11580.85	344042.69	344042.69	0.00	0.00	0.00	0.00	7.59	0.00
855	28.00	27.00	231.62	36548.44	11580.85	344042.69	344042.69	0.00	0.00	0.00	0.00	7.45	0.00
856	29.00	27.00	231.62	36548.44	11580.85	344042.69	344042.69	0.00	0.00	0.00	0.00	7.32	0.00
857	30.00	27.00	231.62	36548.44	11580.85	344042.69	344042.69	0.00	0.00	0.00	0.00	7.19	0.00
858	31.00	27.00	231.62	36548.44	11580.85	344042.69	344042.69	0.00	0.00	0.00	0.00	7.06	0.00
859	32.00	27.00	231.62	36548.44	11580.85	344042.69	344042.69	0.00	0.00	0.00	0.00	6.95	0.00
860	33.00	27.00	231.62	36548.44	11580.85	344042.69	344042.69	0.00	0.00	0.00	0.00	6.83	0.00
861	34.00	27.00	231.62	36548.44	11580.85	344042.69	344042.69	0.00	0.00	0.00	0.00	6.72	0.00
862	34.00	28.00	231.62	36548.44	11580.85	344042.69	344042.69	0.00	0.00	0.00	0.00	6.91	0.00
863	35.00	28.00	231.62	36548.44	11580.85	344042.69	344042.69	0.00	0.00	0.00	0.00	6.80	0.00
864	36.00	28.00	231.62	36548.44	11580.85	344042.69	344042.69	0.00	0.00	0.00	0.00	6.69	0.00
865	37.00	28.00	231.62	36548.44	11580.85	344042.69	344042.69	0.00	0.00	0.00	0.00	6.59	0.00
866	38.00	28.00	231.62	36548.44	11580.85	344042.69	344042.69	0.00	0.00	0.00	0.00	6.49	0.00
867	39.00	28.00	231.62	36548.44	11580.85	344042.69	344042.69	0.00	0.00	0.00	0.00	6.39	0.00
868	39.00	29.00	231.62	36548.44	11580.85	344042.69	344042.69	0.00	0.00	0.00	0.00	6.44	0.00
869	40.00	29.00	231.62	36548.44	11580.85	344042.69	344042.69	0.00	0.00	0.00	0.00	6.34	0.00
870	41.00	29.00	231.62	36548.44	11580.85	344042.69	344042.69	0.00	0.00	0.00	0.00	6.25	0.00
871	42.00	29.00	231.62	36548.44	11580.85	344042.69	344042.69	0.00	0.00	0.00	0.00	6.17	0.00
872	43.00	29.00	231.62	36548.44	11580.85	344042.69	344042.69	0.00	0.00	0.00	0.00	6.08	0.00
873	44.00	29.00	231.62	36548.44	11580.85	344042.69	344042.69	0.00	0.00	0.00	0.00	6.00	0.00
874	45.00	29.00	231.62	36548.44	11580.85	344042.69	344042.69	0.00	0.00	0.00	0.00	5.92	0.00
875	46.00	29.00	231.62	36548.44	11580.85	344042.69	344042.69	0.00	0.00	0.00	0.00	5.84	0.00
876	47.00	29.00	231.62	36548.44	11580.85	344042.69	344042.69	0.00	0.00	0.00	0.00	5.76	0.00
877	47.00	30.00	231.62	36548.44	11580.85	344042.69	344042.69	0.00	0.00	0.00	0.00	5.92	0.00
878	48.00	30.00	196.87	43858.13	9843.72	344042.69	344042.69	0.00	0.00	0.00	0.00	5.84	0.00
879	49.00	30.00	196.87	43858.13	9843.72	344042.69	344042.69	0.00	0.00	0.00	0.00	5.77	0.00
880	50.00	30.00	196.87	43858.13	9843.72	344042.69	344042.69	0.00	0.00	0.00	0.00	5.70	0.00
881	51.00	30.00	196.87	43858.13	9843.72	344042.69	344042.69	0.00	0.00	0.00	0.00	5.63	0.00
882	52.00	30.00	196.87	43858.13	9843.72	344042.69	344042.69	0.00	0.00	0.00	0.00	5.56	0.00
883	53.00	30.00	196.87	43858.13	9843.72	344042.69	344042.69	0.00	0.00	0.00	0.00	5.49	0.00
884	54.00	30.00	196.87	43858.13	9843.72	344042.69	344042.69	0.00	0.00	0.00	0.00	5.42	0.00
885	55.00	30.00	196.87	43858.13	9843.72	344042.69	344042.69	0.00	0.00	0.00	0.00	5.36	0.00
886	56.00	30.00	196.87	43858.13	9843.72	344042.69	344042.69	0.00	0.00	0.00	0.00	5.30	0.00
887	57.00	30.00	196.87	43858.13	9843.72	344042.69	344042.69	0.00	0.00	0.00	0.00	5.24	0.00
888	58.00	30.00	196.87	43858.13	9843.72	344042.69	344042.69	0.00	0.00	0.00	0.00	5.18	0.00
889	59.00	30.00	196.87	43858.13	9843.72	344042.69	344042.69	0.00	0.00	0.00	0.00	5.12	0.00
890	60.00	30.00	196.87	43858.13	9843.72	344042.69	344042.69	0.00	0.00	0.00	0.00	5.06	0.00
891	60.00	31.00	196.87	43858.13	9843.72	344042.69	344042.69	0.00	0.00	0.00	0.00	5.20	0.00
892	61.00	31.00	196.87	43858.13	9843.72	344042.69	344042.69	0.00	0.00	0.00	0.00	5.15	0.00
893	62.00	31.00	196.87	43858.13	9843.72	344042.69	344042.69	0.00	0.00	0.00	0.00	5.09	0.00
894	63.00	31.00	196.87	43858.13	9843.72	344042.69	344042.69	0.00	0.00	0.00	0.00	5.04	0.00
895	64.00	31.00	196.87	43858.13	9843.72	344042.69	344042.69	0.00	0.00	0.00	0.00	4.99	0.00
896	64.00	32.00	196.87	43858.13	9843.72	344042.69	344042.69	0.00	0.00	0.00	0.00	5.12	0.00
897	64.00	33.00	196.87	43858.13	9843.72	344042.69	344042.69	0.00	0.00	0.00	0.00	5.16	0.00
898	65.00	33.00	196.87	43858.13	9843.72	344042.69	344042.69	0.00	0.00	0.00	0.00	5.11	0.00
899	66.00	33.00	196.87	43858.13	9843.72	344042.69	344042.69	0.00	0.00	0.00	0.00	5.06	0.00
900	67.00	33.00	196.87	43858.13	9843.72	344042.69	344042.69	0.00	0.00	0.00	0.00	5.01	0.00
901	68.00	33.00	196.87	43858.13	9843.72	344042.69	344042.69	0.00	0.00	0.00	0.00	4.96	0.00
902	68.00	34.00	196.87	43858.13	9843.72	344042.69	344042.69	0.00	0.00	0.00	0.00	4.98	0.00
903	69.00	34.00	196.87	43858.13	9843.72	344042.69	344042.69	0.00	0.00	0.00	0.00	4.93	0.00
904	70.00	34.00	196.87	43858.13	9843.72	344042.69	344042.69	0.00	0.00	0.00	0.00	4.89	0.00
905	71.00	34.00	196.87	43858.13	9843.72	344042.69	344042.69	0.00	0.00	0.00	0.00	4.84	0.00
906	72.00	34.00	196.87	43858.13	9843.72	344042.69	344042.69	0.00	0.00	0.00	0.00	4.79	0.00
907	73.00	34.00	196.87	43858.13	9843.72	344042.69	344042.69	0.00	0.00	0.00	0.00	4.75	0.00
908	74.00	34.00	196.87	43858.13	9843.72	344042.69	344042.69	0.00	0.00	0.00	0.00	4.71	0.00
909	25.00	34.00	196.87	43858.13	9843.72	344042.69	344042.69	0.00	0.00	0.00	0.00	8.61	0.00
910	26.00	34.00	196.87	43858.13	9843.72	344042.69	344042.69	0.00	0.00	0.00	0.00	8.47	0.00
911	26.00	35.00	196.87	43858.13	9843.72	344042.69	344042.69	0.00	0.00	0.00	0.00	8.48	0.00
912	27.00	35.00	196.87	43858.13	9843.72	344042.69	344042.69	0.00	0.00	0.00	0.00	8.35	0.00
913	28.00	35.00	196.87	43858.13	9843.72	344042.69	344042.69	0.00	0.00	0.00	0.00	8.21	0.00
914	29.00	35.00	196.87	43858.13	9843.72	344042.69	344042.69	0.00	0.00	0.00	0.00	8.09	0.00
915	30.00	35.00	196.87	43858.13	9843.72	344042.69	344042.69	0.00	0.00	0.00	0.00	7.96	0.00
916	31.00	35.00	196.87	43858.13	9843.72	344042.69	344042.69	0.00	0.00	0.00	0.00	7.84	0.00
917	32.00	35.00	196.87	43858.13	9843.72	344042.69	344042.69	0.00	0.00	0.00	0.00	7.72	0.00
918	33.00	35.00	196.87	43858.13	9843.72	344042.69	344042.69	0.00	0.00	0.00	0.00	7.61	0.00
919	34.00	35.00	196.87	43858.13	9843.72	344042.69	344042.69	0.00	0.00	0.00	0.00	7.50	0.00
920	35.00	35.00	196.87	43858.13	9843.72	344042.69	344042.69	0.00	0.00	0.00	0.00	7.39	0.00
921	36.00	35.00	196.87	43858.13	9843.72	344042.69	344042.69	0.00	0.00	0.00	0.00	7.29	0.00
922	37.00	35.00	196.87	43858.13	9843.72	344042.69	344042.69	0.00	0.00	0.00	0.00	7.19	0.00
923	38.00	35.00	196.87	43858.13	9843.72	344042.69	344042.69	0.00	0.00	0.00	0.00	7.09	0.00
924	39.00	35.00	196.87	43858.13	9843.72	344042.69	344042.69	0.00	0.00	0.00	0.00	6.99	0.00
925	40.00	35.00	196.87	43858.13	9843.72	344042.69	344042.69	0.00	0.00	0.00	0.00	6.90	0.00
926	41.00	35.00	196.87	43858.13	9843.72	344042.69	344042.69	0.00	0.00	0.00	0.00	6.81	0.00
927	42.00	35.00	196.87	43858.13	9843.72	344042.69	344042.69	0.00	0.00	0.00	0.00	6.72	0.00
928	43.00	35.00	196.87	43858.13	9843.72	344042.69	344042.69	0.00	0.00	0.00	0.00	6.63	0.00
929	44.00	35.00	196.87	43858.13	9843.72	344042.69	344042.69	0.00	0.00	0.00	0.00	6.55	0.00
930	45.00	35.00	196.87	43858.13	9843.72	344042.69	344042.69	0.00	0.00	0.00	0.00	6.47	0.00
931	46.00	35.00	196.87	43858.13	9843.72	344042.69	344042.69	0.00	0.00	0.00	0.00	6.39	0.00
932	47.00	35.00	196.87	43858.13	9843.72	344042.69	344042.69	0.00	0.00	0.00	0.00	6.31	0.00
933	48.00	35.00	196.87	43858.13	9843.72	344042.69	344042.69	0.00	0.00	0.00	0.00	6.23	0.00
934	49.00	35.00	196.87	43858.13	9843.72	344042.69	344042.69	0.00	0.00	0.00	0.00	6.16	0.00
935	50.00	35.00	196.87	43858.13	9843.72	344042.69	344042.69	0.00	0.00	0.00	0.00	6.09	0.00
936	51.00	35.00	196.87	43858.13	9843.72	344042.69	344042.69	0.00	0.00	0.00	0.00	6.02	0.00
937	52.00	35.00	196.87	43858.13	9843.72	344042.69	344042.69	0.00	0.00	0.00	0.00	5.95	0.00
938	53.00	35.00	196.87	43858.13	9843.72	344042.69	344042.69	0.00	0.00	0.00	0.00	5.88	0.00
939	54.00	35.00	196.87	43858.13	9843.72	344042.69	344042.69	0.00	0.00	0.00	0.00	5.81	0.00
940	55.00	35.00	196.87	43858.13	9843.72	344042.69	344042.69	0.00	0.00	0.00	0.00	5.75	0.00
941	56.00	35.00	196.87	43858.13	9843.72	344042.69	344042.69	0.00	0.00	0.00	0.00	5.69	0.00
942	57.00	35.00	196.87	43858.13	9843.72	344042.69	344042.69	0.00	0.00	0.00	0.00	5.62	0.00
943	58.00	35.00	196.87	43858.13	9843.72	344042.69	344042.69	0.00	0.00	0.00	0.00	5.56	0.00
944	59.00	35.00	196.87	43858.13	9843.72	344042.69	344042.69	0.00	0.00	0.00	0.00	5.51	0.00
945	60.00	35.00	196.87	43858.13	9843.72	344042.69	344042.69	0.00	0.00	0.00	0.00	5.45	0.00
946	61.00	35.00	196.87	43858.13	9843.72	344042.69	344042.69	0.00	0.00	0.00	0.00	5.39	0.00
947	62.00	35.00	196.87	43858.13	9843.72	344042.69	344042.69	0.00	0.00	0.00	0.00	5.33	0.00
948	63.00	35.00	196.87	43858.13	9843.72	344042.69	344042.69	0.00	0.00	0.00	0.00	5.28	0.00
949	64.00	35.00	196.87	43858.13	9843.72	344042.69	344042.69	0.00	0.00	0.00	0.00	5.23	0.00
950	65.00	35.00	196.87	43858.13	9843.72	344042.69	344042.69	0.00	0.00	0.00	0.00	5.17	0.00
951	66.00	35.00	196.87	43858.13	9843.72	344042.69	344042.69	0.00	0.00	0.00	0.00	5.12	0.00
952	67.00	35.00	196.87	43858.13	9843.72	344042.69	344042.69	0.00	0.00	0.00	0.00	5.07	0.00
953	68.00	35.00	196.87	43858.13	9843.72	344042.69	344042.69	0.00	0.00	0.00	0.00	5.02	0.00
954	69.00	35.00	196.87	43858.13	9843.72	344042.69	344042.69	0.00	0.00	0.00	0.00	4.98	0.00
955	70.00	35.00	196.87	43858.13	9843.72	344042.69	344042.69	0.00	0.00	0.00	0.00	4.93	0.00
956	71.00	35.00	196.87	43858.13	9843.72	344042.69	344042.69	0.00	0.00	0.00	0.00	4.88	0.00
957	72.00	35.00	196.87	43858.13	9843.72	344042.69	344042.69	0.00	0.00	0.00	0.00	4.84	0.00
958	73.00	35.00	196.87	43858.13	9843.72	344042.69	344042.69	0.00	0.00	0.00	0.00	4.79	0.00
959	74.00	35.00	196.87	43858.13	9843.72	344042.69	344042.69	0.00	0.00	0.00	0.00	4.75	0.00
960	25.00	35.00	196.87	43858.13	9843.72	344042.69	344042.69	0.00	0.00	0.00	0.00	8.62	0.00
961	26.00	35.00	196.87	43858.13	9843.72	344042.69	344042.69	0.00	0.00	0.00	0.00	8.48	0.00
962	26.00	36.00	196.87	43858.13	9843.72	344042.69	344042.69	0.00	0.00	0.00	0.00	8.50	0.00
963	27.00	36.00	196.87	43858.13	9843.72	344042.69	344042.69	0.00	0.00	0.00	0.00	8.36	0.00
964	28.00	36.00	196.87	43858.13	9843.72	344042.69	344042.69	0.00	0.00	0.00	0.00	8.23	0.00
965	29.00	36.00	196.87	43858.13	9843.72	344042.69	344042.69	0.00	0.00	0.00	0.00	8.10	0.00
966	30.00	36.00	196.87	43858.13	9843.72	344042.69	344042.69	0.00	0.00	0.00	0.00	7.98	0.00
967	31.00	36.00	196.87	43858.13	9843.72	344042.69	344042.69	0.00	0.00	0.00	0.00	7.86	0.00
968	32.00	36.00	196.87	43858.13	9843.72	344042.69	344042.69	0.00	0.00	0.00	0.00	7.75	0.00
969	33.00	36.00	196.87	43858.13	9843.72	344042.69	344042.69	0.00	0.00	0.00	0.00	7.63	0.00
970	34.00	36.00	196.87	43858.13	9843.72	344042.69	344042.69	0.00	0.00	0.00	0.00	7.53	0.00
971	34.00	37.00	196.87	43858.13	9843.72	344042.69	344042.69	0.00	0.00	0.00	0.00	7.61	0.00
972	35.00	37.00	196.87	43858.13	9843.72	344042.69	344042.69	0.00	0.00	0.00	0.00	7.51	0.00
973	36.00	37.00	196.87	43858.13	9843.72	344042.69	344042.69	0.00	0.00	0.00	0.00	7.40	0.00
974	37.00	37.00	196.87	43858.13	9843.72	344042.69	344042.69	0.00	0.00	0.00	0.00	7.30	0.00
975	38.00	37.00	196.87	43858.13	9843.72	344042.69	344042.69	0.00	0.00	0.00	0.00	7.21	0.00
976	39.00	37.00	196.87	43858.13	9843.72	344042.69	344042.69	0.00	0.00	0.00	0.00	7.11	0.00
977	40.00	37.00	196.87	43858.13	9843.72	344042.69	344042.69	0.00	0.00	0.00	0.00	7.02	0.00
978	41.00	37.00	167.34	52629.76	8367.16	344042.69	344042.69	0.00	0.00	0.00	0.00	6.93	0.00
979	41.00	38.00	167.34	52629.76	8367.16	344042.69	344042.69	0.00	0.00	0.00	0.00	7.01	0.00
980	42.00	38.00	167.34	52629.76	8367.16	344042.69	344042.69	0.00	0.00	0.00	0.00	6.93	0.00
981	43.00	38.00	167.34	52629.76	8367.16	344042.69	344042.69	0.00	0.00	0.00	0.00	6.84	0.00
982	44.00	38.00	167.34	52629.76	8367.16	344042.69	344042.69	0.00	0.00	0.00	0.00	6.76	0.00
983	45.00	38.00	167.34	52629.76	8367.16	344042.69	344042.69	0.00	0.00	0.00	0.00	6.68	0.00
984	46.00	38.00	167.34	52629.76	8367.16	344042.69	344042.69	0.00	0.00	0.00	0.00	6.60	0.00
985	47.00	38.00	167.34	52629.76	8367.16	344042.69	344042.69	0.00	0.00	0.00	0.00	6.52	0.00
986	48.00	38.00	167.34	52629.76	8367.16	344042.69	344042.69	0.00	0.00	0.00	0.00	6.44	0.00
987	49.00	38.00	167.34	52629.76	8367.16	344042.69	344042.69	0.00	0.00	0.00	0.00	6.37	0.00
988	50.00	38.00	167.34	52629.76	8367.16	344042.69	344042.69	0.00	0.00	0.00	0.00	6.30	0.00
989	50.00	39.00	167.34	52629.76	8367.16	344042.69	344042.69	0.00	0.00	0.00	0.00	6.43	0.00
990	51.00	39.00	167.34	52629.76	8367.16	344042.69	344042.69	0.00	0.00	0.00	0.00	6.36	0.00
991	52.00	39.00	167.34	52629.76	8367.16	344042.69	344042.69	0.00	0.00	0.00	0.00	6.29	0.00
992	53.00	39.00	167.34	52629.76	8367.16	344042.69	344042.69	0.00	0.00	0.00	0.00	6.22	0.00
993	54.00	39.00	167.34	52629.76	8367.16	344042.69	344042.69	0.00	0.00	0.00	0.00	6.15	0.00
994	55.00	39.00	167.34	52629.76	8367.16	344042.69	344042.69	0.00	0.00	0.00	0.00	6.09	0.00
995	56.00	39.00	167.34	52629.76	8367.16	344042.69	344042.69	0.00	0.00	0.00	0.00	6.02	0.00
996	57.00	39.00	167.34	52629.76	8367.16	344042.69	344042.69	0.00	0.00	0.00	0.00	5.96	0.00
997	58.00	39.00	167.34	52629.76	8367.16	344042.69	344042.69	0.00	0.00	0.00	0.00	5.90	0.00
998	59.00	39.00	167.34	52629.76	8367.16	344042.69	344042.69	0.00	0.00	0.00	0.00	5.84	0.00
999	60.00	39.00	167.34	52629.76	8367.16	344042.69	344042.69	0.00	0.00	0.00	0.00	5.78	0.00
1000	61.00	39.00	167.34	52629.76	8367.16	344042.69	344042.69	0.00	0.00	0.00	0.00	5.72	0.00
