some parameters
Gen.	# feasible solutions	# infeasible solutions	cap. penality	dur. penality	num. penality	best penalized cost	best feasible cost	best cap. violation	best dur. violation	best num. violation	avg cap. violation	avg dur. violation	avg num. violation
1	0.00	51.00	1200.00	12000.00	60000.00	2942421.96	0.00	351.32	117.44	0.00	893.84	169.15	5.39
2	0.00	52.00	1200.00	12000.00	60000.00	2942421.96	0.00	351.32	117.44	0.00	884.21	169.77	5.31
3	0.00	53.00	1200.00	12000.00	60000.00	2698558.38	0.00	282.16	104.64	0.00	872.85	168.54	5.21
4	0.00	54.00	1200.00	12000.00	60000.00	2698558.38	0.00	282.16	104.64	0.00	862.87	168.18	5.11
5	0.00	55.00	1200.00	12000.00	60000.00	2698558.38	0.00	282.16	104.64	0.00	847.41	168.46	5.02
6	0.00	56.00	1200.00	12000.00	60000.00	2698558.38	0.00	282.16	104.64	0.00	846.18	168.95	5.04
7	0.00	57.00	1200.00	12000.00	60000.00	2698558.38	0.00	282.16	104.64	0.00	841.44	167.73	4.98
8	0.00	58.00	1200.00	12000.00	60000.00	2698558.38	0.00	282.16	104.64	0.00	836.22	168.54	4.98
9	0.00	59.00	1200.00	12000.00	60000.00	2698558.38	0.00	282.16	104.64	0.00	836.93	167.76	4.97
10	0.00	60.00	1200.00	12000.00	60000.00	2698558.38	0.00	282.16	104.64	0.00	836.70	168.09	4.93
11	0.00	61.00	1200.00	12000.00	60000.00	2206997.38	0.00	351.32	66.86	0.00	828.74	166.43	4.85
12	0.00	62.00	1200.00	12000.00	60000.00	2206997.38	0.00	351.32	66.86	0.00	825.05	167.09	4.84
13	0.00	63.00	1200.00	12000.00	60000.00	2206997.38	0.00	351.32	66.86	0.00	826.33	166.69	4.84
14	0.00	64.00	1200.00	12000.00	60000.00	2206997.38	0.00	351.32	66.86	0.00	823.19	167.04	4.81
15	0.00	65.00	1200.00	12000.00	60000.00	2206997.38	0.00	351.32	66.86	0.00	822.84	167.90	4.82
16	0.00	66.00	1200.00	12000.00	60000.00	2206997.38	0.00	351.32	66.86	0.00	823.50	168.18	4.80
17	0.00	67.00	1200.00	12000.00	60000.00	1993886.73	0.00	0.00	71.76	0.00	811.21	166.74	4.73
18	0.00	68.00	1200.00	12000.00	60000.00	1993886.73	0.00	0.00	71.76	0.00	808.33	166.89	4.71
19	0.00	69.00	1200.00	12000.00	60000.00	1993886.73	0.00	0.00	71.76	0.00	808.25	169.46	4.67
20	0.00	70.00	1200.00	12000.00	60000.00	1993886.73	0.00	0.00	71.76	0.00	802.23	168.96	4.64
21	0.00	71.00	1200.00	12000.00	60000.00	1993886.73	0.00	0.00	71.76	0.00	799.30	169.44	4.62
22	0.00	72.00	1200.00	12000.00	60000.00	1993886.73	0.00	0.00	71.76	0.00	807.62	169.69	4.67
23	0.00	73.00	1200.00	12000.00	60000.00	1993886.73	0.00	0.00	71.76	0.00	804.99	169.52	4.64
24	0.00	74.00	1200.00	12000.00	60000.00	1993886.73	0.00	0.00	71.76	0.00	801.64	169.08	4.64
25	0.00	25.00	1200.00	12000.00	60000.00	1993886.73	0.00	0.00	71.76	0.00	478.49	139.76	2.76
26	0.00	26.00	1200.00	12000.00	60000.00	1993886.73	0.00	0.00	71.76	0.00	473.60	137.04	2.65
27	0.00	27.00	1200.00	12000.00	60000.00	1993886.73	0.00	0.00	71.76	0.00	468.77	139.66	2.59
28	0.00	28.00	1200.00	12000.00	60000.00	1993886.73	0.00	0.00	71.76	0.00	489.15	142.10	2.79
29	0.00	29.00	1200.00	12000.00	60000.00	1993886.73	0.00	0.00	71.76	0.00	472.70	150.63	2.69
30	0.00	30.00	1200.00	12000.00	60000.00	1993886.73	0.00	0.00	71.76	0.00	487.14	150.27	2.77
31	0.00	31.00	1200.00	12000.00	60000.00	1993886.73	0.00	0.00	71.76	0.00	483.33	150.45	2.71
32	0.00	32.00	1200.00	12000.00	60000.00	1993886.73	0.00	0.00	71.76	0.00	471.32	149.46	2.62
33	0.00	33.00	1200.00	12000.00	60000.00	1993886.73	0.00	0.00	71.76	0.00	464.52	150.12	2.55
34	0.00	34.00	1200.00	12000.00	60000.00	1993886.73	0.00	0.00	71.76	0.00	459.16	148.89	2.47
35	0.00	35.00	1200.00	12000.00	60000.00	1993886.73	0.00	0.00	71.76	0.00	454.77	148.61	2.46
36	0.00	36.00	1200.00	12000.00	60000.00	1993886.73	0.00	0.00	71.76	0.00	458.14	147.19	2.44
37	0.00	37.00	1200.00	12000.00	60000.00	1993886.73	0.00	0.00	71.76	0.00	455.25	147.50	2.38
38	0.00	38.00	1200.00	12000.00	60000.00	1993886.73	0.00	0.00	71.76	0.00	445.88	147.09	2.32
39	0.00	39.00	1200.00	12000.00	60000.00	1993886.73	0.00	0.00	71.76	0.00	444.37	147.21	2.33
40	0.00	40.00	1200.00	12000.00	60000.00	1993886.73	0.00	0.00	71.76	0.00	447.67	145.83	2.30
41	0.00	41.00	1200.00	12000.00	60000.00	1986625.32	0.00	0.00	77.77	0.00	436.75	144.17	2.24
42	0.00	42.00	1200.00	12000.00	60000.00	1986625.32	0.00	0.00	77.77	0.00	445.13	148.26	2.29
43	0.00	43.00	1200.00	12000.00	60000.00	1986625.32	0.00	0.00	77.77	0.00	441.49	149.13	2.26
44	0.00	44.00	1200.00	12000.00	60000.00	1986625.32	0.00	0.00	77.77	0.00	440.41	149.59	2.27
45	0.00	45.00	1200.00	12000.00	60000.00	1986625.32	0.00	0.00	77.77	0.00	439.47	156.00	2.31
46	0.00	46.00	1200.00	12000.00	60000.00	1986625.32	0.00	0.00	77.77	0.00	439.31	155.95	2.28
47	0.00	47.00	1200.00	12000.00	60000.00	1986625.32	0.00	0.00	77.77	0.00	432.79	155.90	2.26
48	0.00	48.00	1200.00	12000.00	60000.00	1986625.32	0.00	0.00	77.77	0.00	433.54	156.42	2.23
49	0.00	49.00	1200.00	12000.00	60000.00	1986625.32	0.00	0.00	77.77	0.00	425.16	156.92	2.20
50	0.00	50.00	1200.00	12000.00	60000.00	1986625.32	0.00	0.00	77.77	0.00	418.64	156.42	2.16
51	0.00	51.00	1200.00	12000.00	60000.00	1986625.32	0.00	0.00	77.77	0.00	418.10	155.25	2.14
52	0.00	52.00	1200.00	12000.00	60000.00	1986625.32	0.00	0.00	77.77	0.00	416.64	155.61	2.13
53	0.00	53.00	1200.00	12000.00	60000.00	1986625.32	0.00	0.00	77.77	0.00	411.71	155.64	2.11
54	0.00	54.00	1200.00	12000.00	60000.00	1986625.32	0.00	0.00	77.77	0.00	408.66	156.58	2.07
55	0.00	55.00	1200.00	12000.00	60000.00	1986625.32	0.00	0.00	77.77	0.00	412.42	159.22	2.09
56	0.00	56.00	1200.00	12000.00	60000.00	1986625.32	0.00	0.00	77.77	0.00	415.34	158.93	2.07
57	0.00	57.00	1200.00	12000.00	60000.00	1986625.32	0.00	0.00	77.77	0.00	417.72	161.26	2.05
58	0.00	58.00	1200.00	12000.00	60000.00	1986625.32	0.00	0.00	77.77	0.00	417.25	161.14	2.05
59	0.00	59.00	1200.00	12000.00	60000.00	1986625.32	0.00	0.00	77.77	0.00	425.42	162.62	2.08
60	0.00	60.00	1200.00	12000.00	60000.00	1986625.32	0.00	0.00	77.77	0.00	422.29	162.19	2.10
61	0.00	61.00	1200.00	12000.00	60000.00	1986625.32	0.00	0.00	77.77	0.00	420.00	165.87	2.07
62	0.00	62.00	1200.00	12000.00	60000.00	1986625.32	0.00	0.00	77.77	0.00	421.90	166.72	2.11
63	0.00	63.00	1200.00	12000.00	60000.00	1986625.32	0.00	0.00	77.77	0.00	418.98	166.75	2.08
64	0.00	64.00	1200.00	12000.00	60000.00	1986625.32	0.00	0.00	77.77	0.00	421.71	168.42	2.06
65	0.00	65.00	1200.00	12000.00	60000.00	1986625.32	0.00	0.00	77.77	0.00	426.69	168.48	2.11
66	0.00	66.00	1200.00	12000.00	60000.00	1986625.32	0.00	0.00	77.77	0.00	423.80	167.94	2.09
67	0.00	67.00	1200.00	12000.00	60000.00	1986625.32	0.00	0.00	77.77	0.00	418.95	166.99	2.06
68	0.00	68.00	1200.00	12000.00	60000.00	1986625.32	0.00	0.00	77.77	0.00	414.25	166.60	2.03
69	0.00	69.00	1200.00	12000.00	60000.00	1986625.32	0.00	0.00	77.77	0.00	417.01	172.14	2.03
70	0.00	70.00	1200.00	12000.00	60000.00	1986625.32	0.00	0.00	77.77	0.00	415.58	171.28	2.01
71	0.00	71.00	1200.00	12000.00	60000.00	1986625.32	0.00	0.00	77.77	0.00	435.09	172.60	2.15
72	0.00	72.00	1200.00	12000.00	60000.00	1986625.32	0.00	0.00	77.77	0.00	431.02	172.22	2.12
73	0.00	73.00	1200.00	12000.00	60000.00	1986625.32	0.00	0.00	77.77	0.00	440.75	174.36	2.15
74	0.00	74.00	1200.00	12000.00	60000.00	1986625.32	0.00	0.00	77.77	0.00	438.00	173.46	2.16
75	0.00	25.00	1200.00	12000.00	60000.00	1986625.32	0.00	0.00	77.77	0.00	266.89	135.12	0.92
76	0.00	26.00	1200.00	12000.00	60000.00	1986625.32	0.00	0.00	77.77	0.00	279.89	154.66	0.96
77	0.00	27.00	1200.00	12000.00	60000.00	1986625.32	0.00	0.00	77.77	0.00	274.79	153.37	0.93
78	0.00	28.00	1200.00	12000.00	60000.00	1986625.32	0.00	0.00	77.77	0.00	284.20	155.59	1.07
79	0.00	29.00	1200.00	12000.00	60000.00	1986625.32	0.00	0.00	77.77	0.00	282.28	153.18	1.07
80	0.00	30.00	1200.00	12000.00	60000.00	1986625.32	0.00	0.00	77.77	0.00	292.20	152.87	1.13
81	0.00	31.00	1200.00	12000.00	60000.00	1986625.32	0.00	0.00	77.77	0.00	292.03	153.10	1.13
82	0.00	32.00	1200.00	12000.00	60000.00	1986625.32	0.00	0.00	77.77	0.00	317.34	169.17	1.25
83	0.00	33.00	1200.00	12000.00	60000.00	1986625.32	0.00	0.00	77.77	0.00	309.37	172.74	1.21
84	0.00	34.00	1200.00	12000.00	60000.00	1986625.32	0.00	0.00	77.77	0.00	303.18	171.33	1.18
85	0.00	35.00	1200.00	12000.00	60000.00	1986625.32	0.00	0.00	77.77	0.00	308.78	177.13	1.17
86	0.00	36.00	1200.00	12000.00	60000.00	1986625.32	0.00	0.00	77.77	0.00	306.50	175.77	1.14
87	0.00	37.00	1200.00	12000.00	60000.00	1986625.32	0.00	0.00	77.77	0.00	315.55	174.87	1.19
88	0.00	38.00	1200.00	12000.00	60000.00	1986625.32	0.00	0.00	77.77	0.00	313.50	176.10	1.24
89	0.00	39.00	1200.00	12000.00	60000.00	1986625.32	0.00	0.00	77.77	0.00	329.44	177.47	1.36
90	0.00	40.00	1200.00	12000.00	60000.00	1986625.32	0.00	0.00	77.77	0.00	326.92	175.28	1.35
91	0.00	41.00	1200.00	12000.00	60000.00	1986625.32	0.00	0.00	77.77	0.00	324.74	174.35	1.39
92	0.00	42.00	1200.00	12000.00	60000.00	1986625.32	0.00	0.00	77.77	0.00	322.68	173.35	1.43
93	0.00	43.00	1200.00	12000.00	60000.00	1986625.32	0.00	0.00	77.77	0.00	317.48	172.26	1.40
94	0.00	44.00	1200.00	12000.00	60000.00	1986625.32	0.00	0.00	77.77	0.00	322.73	171.65	1.39
95	0.00	45.00	1200.00	12000.00	60000.00	1986625.32	0.00	0.00	77.77	0.00	327.25	172.50	1.47
96	0.00	46.00	1200.00	12000.00	60000.00	1986625.32	0.00	0.00	77.77	0.00	325.30	172.30	1.50
97	0.00	47.00	1200.00	12000.00	60000.00	1986625.32	0.00	0.00	77.77	0.00	323.44	171.13	1.53
98	0.00	48.00	1200.00	12000.00	60000.00	1986625.32	0.00	0.00	77.77	0.00	330.13	173.85	1.52
99	0.00	49.00	1200.00	12000.00	60000.00	1986625.32	0.00	0.00	77.77	0.00	325.41	172.66	1.49
100	0.00	50.00	1200.00	12000.00	60000.00	1986625.32	0.00	0.00	77.77	0.00	324.53	174.65	1.46
101	0.00	51.00	1440.00	14400.00	72000.00	2166110.73	0.00	0.00	71.76	0.00	335.40	174.78	1.49
102	0.00	52.00	1440.00	14400.00	72000.00	2166110.73	0.00	0.00	71.76	0.00	330.33	174.43	1.50
103	0.00	53.00	1440.00	14400.00	72000.00	2166110.73	0.00	0.00	71.76	0.00	328.08	173.69	1.47
104	0.00	54.00	1440.00	14400.00	72000.00	2166110.73	0.00	0.00	71.76	0.00	329.24	172.81	1.48
105	0.00	55.00	1440.00	14400.00	72000.00	2166110.73	0.00	0.00	71.76	0.00	343.29	177.61	1.55
106	0.00	56.00	1440.00	14400.00	72000.00	2166110.73	0.00	0.00	71.76	0.00	343.09	178.10	1.54
107	0.00	57.00	1440.00	14400.00	72000.00	2166110.73	0.00	0.00	71.76	0.00	341.05	177.84	1.51
108	0.00	58.00	1440.00	14400.00	72000.00	2166110.73	0.00	0.00	71.76	0.00	335.17	176.54	1.48
109	0.00	59.00	1440.00	14400.00	72000.00	2166110.73	0.00	0.00	71.76	0.00	331.17	179.07	1.46
110	0.00	60.00	1440.00	14400.00	72000.00	2166110.73	0.00	0.00	71.76	0.00	330.93	179.35	1.45
111	0.00	61.00	1440.00	14400.00	72000.00	2166110.73	0.00	0.00	71.76	0.00	334.22	178.72	1.48
112	0.00	62.00	1440.00	14400.00	72000.00	2166110.73	0.00	0.00	71.76	0.00	336.24	178.80	1.48
113	0.00	63.00	1440.00	14400.00	72000.00	2166110.73	0.00	0.00	71.76	0.00	335.55	177.58	1.49
114	0.00	64.00	1440.00	14400.00	72000.00	2166110.73	0.00	0.00	71.76	0.00	338.70	177.37	1.53
115	0.00	65.00	1440.00	14400.00	72000.00	2166110.73	0.00	0.00	71.76	0.00	335.02	176.37	1.51
116	0.00	66.00	1440.00	14400.00	72000.00	2166110.73	0.00	0.00	71.76	0.00	330.75	175.60	1.50
117	0.00	67.00	1440.00	14400.00	72000.00	2166110.73	0.00	0.00	71.76	0.00	332.05	180.09	1.54
118	0.00	68.00	1440.00	14400.00	72000.00	2166110.73	0.00	0.00	71.76	0.00	335.08	179.78	1.59
119	0.00	69.00	1440.00	14400.00	72000.00	2166110.73	0.00	0.00	71.76	0.00	334.47	179.40	1.59
120	0.00	70.00	1440.00	14400.00	72000.00	2166110.73	0.00	0.00	71.76	0.00	330.25	180.68	1.57
121	0.00	71.00	1440.00	14400.00	72000.00	2166110.73	0.00	0.00	71.76	0.00	328.90	181.12	1.56
122	0.00	72.00	1440.00	14400.00	72000.00	2166110.73	0.00	0.00	71.76	0.00	326.31	181.16	1.54
123	0.00	73.00	1440.00	14400.00	72000.00	2166110.73	0.00	0.00	71.76	0.00	323.10	179.92	1.52
124	0.00	74.00	1440.00	14400.00	72000.00	2166110.73	0.00	0.00	71.76	0.00	324.30	179.84	1.53
125	0.00	25.00	1440.00	14400.00	72000.00	2166110.73	0.00	0.00	71.76	0.00	207.09	124.98	0.80
126	0.00	26.00	1440.00	14400.00	72000.00	2166110.73	0.00	0.00	71.76	0.00	212.42	126.00	0.85
127	0.00	27.00	1440.00	14400.00	72000.00	2166110.73	0.00	0.00	71.76	0.00	245.36	144.31	1.04
128	0.00	28.00	1440.00	14400.00	72000.00	2166110.73	0.00	0.00	71.76	0.00	241.47	144.17	1.04
129	0.00	29.00	1440.00	14400.00	72000.00	2166110.73	0.00	0.00	71.76	0.00	236.21	143.06	1.03
130	0.00	30.00	1440.00	14400.00	72000.00	2166110.73	0.00	0.00	71.76	0.00	237.37	145.52	1.03
131	0.00	31.00	1440.00	14400.00	72000.00	2127191.56	0.00	0.00	66.54	0.00	229.71	142.97	1.00
132	0.00	32.00	1440.00	14400.00	72000.00	2127191.56	0.00	0.00	66.54	0.00	246.83	145.01	1.12
133	0.00	33.00	1440.00	14400.00	72000.00	2127191.56	0.00	0.00	66.54	0.00	242.14	144.81	1.09
134	0.00	34.00	1440.00	14400.00	72000.00	2127191.56	0.00	0.00	66.54	0.00	246.38	146.85	1.09
135	0.00	35.00	1440.00	14400.00	72000.00	2127191.56	0.00	0.00	66.54	0.00	239.89	145.82	1.06
136	0.00	36.00	1440.00	14400.00	72000.00	2127191.56	0.00	0.00	66.54	0.00	239.83	147.26	1.11
137	0.00	37.00	1440.00	14400.00	72000.00	2127191.56	0.00	0.00	66.54	0.00	240.15	146.31	1.08
138	0.00	38.00	1440.00	14400.00	72000.00	2127191.56	0.00	0.00	66.54	0.00	253.27	156.98	1.18
139	0.00	39.00	1440.00	14400.00	72000.00	2127191.56	0.00	0.00	66.54	0.00	249.70	168.52	1.15
140	0.00	40.00	1440.00	14400.00	72000.00	2127191.56	0.00	0.00	66.54	0.00	249.16	176.49	1.15
141	0.00	41.00	1440.00	14400.00	72000.00	1874640.98	0.00	0.00	51.87	0.00	243.09	173.45	1.12
142	0.00	42.00	1440.00	14400.00	72000.00	1874640.98	0.00	0.00	51.87	0.00	239.50	174.88	1.10
143	0.00	43.00	1440.00	14400.00	72000.00	1874640.98	0.00	0.00	51.87	0.00	239.61	174.67	1.07
144	0.00	44.00	1440.00	14400.00	72000.00	1874640.98	0.00	0.00	51.87	0.00	245.79	173.94	1.11
145	0.00	45.00	1440.00	14400.00	72000.00	1874640.98	0.00	0.00	51.87	0.00	243.49	181.62	1.09
146	0.00	46.00	1440.00	14400.00	72000.00	1874640.98	0.00	0.00	51.87	0.00	242.99	192.86	1.09
147	0.00	47.00	1440.00	14400.00	72000.00	1874640.98	0.00	0.00	51.87	0.00	238.96	191.80	1.09
148	0.00	48.00	1440.00	14400.00	72000.00	1874640.98	0.00	0.00	51.87	0.00	234.54	189.42	1.06
149	0.00	49.00	1440.00	14400.00	72000.00	1874640.98	0.00	0.00	51.87	0.00	233.03	188.21	1.04
150	0.00	50.00	1440.00	14400.00	72000.00	1874640.98	0.00	0.00	51.87	0.00	231.66	188.24	1.06
151	0.00	51.00	1440.00	14400.00	72000.00	1874640.98	0.00	0.00	51.87	0.00	227.11	185.96	1.04
152	0.00	52.00	1440.00	14400.00	72000.00	1874640.98	0.00	0.00	51.87	0.00	227.32	184.19	1.08
153	0.00	53.00	1440.00	14400.00	72000.00	1874640.98	0.00	0.00	51.87	0.00	245.70	189.82	1.13
154	0.00	54.00	1440.00	14400.00	72000.00	1874640.98	0.00	0.00	51.87	0.00	258.17	192.55	1.15
155	0.00	55.00	1440.00	14400.00	72000.00	1874640.98	0.00	0.00	51.87	0.00	255.15	191.63	1.13
156	0.00	56.00	1440.00	14400.00	72000.00	1874640.98	0.00	0.00	51.87	0.00	258.10	192.78	1.12
157	0.00	57.00	1440.00	14400.00	72000.00	1874640.98	0.00	0.00	51.87	0.00	261.95	196.28	1.14
158	0.00	58.00	1440.00	14400.00	72000.00	1874640.98	0.00	0.00	51.87	0.00	263.09	197.60	1.14
159	0.00	59.00	1440.00	14400.00	72000.00	1874640.98	0.00	0.00	51.87	0.00	264.95	196.71	1.15
160	0.00	60.00	1440.00	14400.00	72000.00	1874640.98	0.00	0.00	51.87	0.00	276.43	197.86	1.23
161	0.00	61.00	1440.00	14400.00	72000.00	1874640.98	0.00	0.00	51.87	0.00	276.11	197.24	1.23
162	0.00	62.00	1440.00	14400.00	72000.00	1874640.98	0.00	0.00	51.87	0.00	271.66	196.38	1.21
163	0.00	63.00	1440.00	14400.00	72000.00	1874640.98	0.00	0.00	51.87	0.00	270.98	194.60	1.21
164	0.00	64.00	1440.00	14400.00	72000.00	1874640.98	0.00	0.00	51.87	0.00	282.31	194.63	1.27
165	0.00	65.00	1440.00	14400.00	72000.00	1874640.98	0.00	0.00	51.87	0.00	278.01	193.28	1.25
166	0.00	66.00	1440.00	14400.00	72000.00	1874640.98	0.00	0.00	51.87	0.00	275.18	192.24	1.23
167	0.00	67.00	1440.00	14400.00	72000.00	1874640.98	0.00	0.00	51.87	0.00	279.05	197.33	1.25
168	0.00	68.00	1440.00	14400.00	72000.00	1874640.98	0.00	0.00	51.87	0.00	278.03	199.40	1.25
169	0.00	69.00	1440.00	14400.00	72000.00	1874640.98	0.00	0.00	51.87	0.00	274.00	198.20	1.23
170	0.00	70.00	1440.00	14400.00	72000.00	1874640.98	0.00	0.00	51.87	0.00	272.12	198.24	1.21
171	0.00	71.00	1440.00	14400.00	72000.00	1874640.98	0.00	0.00	51.87	0.00	285.85	198.71	1.28
172	0.00	72.00	1440.00	14400.00	72000.00	1874640.98	0.00	0.00	51.87	0.00	282.49	197.90	1.26
173	0.00	73.00	1440.00	14400.00	72000.00	1874640.98	0.00	0.00	51.87	0.00	280.86	197.93	1.26
174	0.00	74.00	1440.00	14400.00	72000.00	1874640.98	0.00	0.00	51.87	0.00	280.91	201.62	1.27
175	0.00	25.00	1440.00	14400.00	72000.00	1874640.98	0.00	0.00	51.87	0.00	143.81	99.77	0.52
176	0.00	26.00	1440.00	14400.00	72000.00	1874640.98	0.00	0.00	51.87	0.00	139.32	104.08	0.50
177	0.00	27.00	1440.00	14400.00	72000.00	1874640.98	0.00	0.00	51.87	0.00	142.97	106.24	0.59
178	0.00	28.00	1440.00	14400.00	72000.00	1874640.98	0.00	0.00	51.87	0.00	143.51	109.47	0.57
179	0.00	29.00	1440.00	14400.00	72000.00	1874640.98	0.00	0.00	51.87	0.00	143.71	111.00	0.55
180	0.00	30.00	1440.00	14400.00	72000.00	1874640.98	0.00	0.00	51.87	0.00	138.92	111.21	0.53
181	0.00	31.00	1440.00	14400.00	72000.00	1874640.98	0.00	0.00	51.87	0.00	141.65	110.68	0.55
182	0.00	32.00	1440.00	14400.00	72000.00	1874640.98	0.00	0.00	51.87	0.00	154.26	117.88	0.59
183	0.00	33.00	1440.00	14400.00	72000.00	1874640.98	0.00	0.00	51.87	0.00	161.91	119.76	0.64
184	0.00	34.00	1440.00	14400.00	72000.00	1874640.98	0.00	0.00	51.87	0.00	162.68	123.89	0.65
185	0.00	35.00	1440.00	14400.00	72000.00	1874640.98	0.00	0.00	51.87	0.00	160.45	122.92	0.63
186	0.00	36.00	1440.00	14400.00	72000.00	1874640.98	0.00	0.00	51.87	0.00	156.07	129.55	0.61
187	0.00	37.00	1440.00	14400.00	72000.00	1874640.98	0.00	0.00	51.87	0.00	154.53	132.92	0.59
188	0.00	38.00	1440.00	14400.00	72000.00	1874640.98	0.00	0.00	51.87	0.00	156.27	144.12	0.61
189	0.00	39.00	1440.00	14400.00	72000.00	1874640.98	0.00	0.00	51.87	0.00	158.55	145.08	0.64
190	0.00	40.00	1440.00	14400.00	72000.00	1874640.98	0.00	0.00	51.87	0.00	169.66	145.12	0.70
191	0.00	41.00	1440.00	14400.00	72000.00	1874640.98	0.00	0.00	51.87	0.00	167.76	144.75	0.68
192	0.00	42.00	1440.00	14400.00	72000.00	1874640.98	0.00	0.00	51.87	0.00	169.59	150.47	0.71
193	0.00	43.00	1440.00	14400.00	72000.00	1874640.98	0.00	0.00	51.87	0.00	169.89	151.11	0.77
194	0.00	44.00	1440.00	14400.00	72000.00	1874640.98	0.00	0.00	51.87	0.00	171.04	163.30	0.77
195	0.00	45.00	1440.00	14400.00	72000.00	1874640.98	0.00	0.00	51.87	0.00	171.30	166.58	0.82
196	0.00	46.00	1440.00	14400.00	72000.00	1874640.98	0.00	0.00	51.87	0.00	172.37	178.19	0.80
197	0.00	47.00	1440.00	14400.00	72000.00	1874640.98	0.00	0.00	51.87	0.00	177.58	178.63	0.81
198	0.00	48.00	1440.00	14400.00	72000.00	1874640.98	0.00	0.00	51.87	0.00	173.88	177.18	0.79
199	0.00	49.00	1440.00	14400.00	72000.00	1874640.98	0.00	0.00	51.87	0.00	187.25	187.49	0.86
200	0.00	50.00	1440.00	14400.00	72000.00	1874640.98	0.00	0.00	51.87	0.00	195.03	193.27	0.86
201	0.00	51.00	1728.00	17280.00	86400.00	2024026.58	0.00	0.00	51.87	0.00	200.33	193.05	0.90
202	0.00	52.00	1728.00	17280.00	86400.00	2024026.58	0.00	0.00	51.87	0.00	196.85	191.72	0.88
203	0.00	53.00	1728.00	17280.00	86400.00	2024026.58	0.00	0.00	51.87	0.00	194.87	189.96	0.89
204	0.00	54.00	1728.00	17280.00	86400.00	2024026.58	0.00	0.00	51.87	0.00	192.80	188.52	0.87
205	0.00	55.00	1728.00	17280.00	86400.00	2024026.58	0.00	0.00	51.87	0.00	190.27	188.55	0.87
206	0.00	56.00	1728.00	17280.00	86400.00	2024026.58	0.00	0.00	51.87	0.00	187.82	188.52	0.88
207	0.00	57.00	1728.00	17280.00	86400.00	2024026.58	0.00	0.00	51.87	0.00	199.29	189.41	0.98
208	0.00	58.00	1728.00	17280.00	86400.00	2024026.58	0.00	0.00	51.87	0.00	196.77	190.22	0.98
209	0.00	59.00	1728.00	17280.00	86400.00	2024026.58	0.00	0.00	51.87	0.00	210.66	193.42	1.07
210	0.00	60.00	1728.00	17280.00	86400.00	2024026.58	0.00	0.00	51.87	0.00	211.90	191.92	1.07
211	0.00	61.00	1728.00	17280.00	86400.00	2024026.58	0.00	0.00	51.87	0.00	209.65	190.74	1.05
212	0.00	62.00	1728.00	17280.00	86400.00	2024026.58	0.00	0.00	51.87	0.00	208.48	189.97	1.03
213	0.00	63.00	1728.00	17280.00	86400.00	2024026.58	0.00	0.00	51.87	0.00	206.70	190.55	1.05
214	0.00	64.00	1728.00	17280.00	86400.00	2024026.58	0.00	0.00	51.87	0.00	210.41	195.02	1.03
215	0.00	65.00	1728.00	17280.00	86400.00	2024026.58	0.00	0.00	51.87	0.00	216.07	202.22	1.08
216	0.00	66.00	1728.00	17280.00	86400.00	2024026.58	0.00	0.00	51.87	0.00	219.93	202.27	1.09
217	0.00	67.00	1728.00	17280.00	86400.00	2024026.58	0.00	0.00	51.87	0.00	219.46	203.54	1.09
218	0.00	68.00	1728.00	17280.00	86400.00	2024026.58	0.00	0.00	51.87	0.00	216.23	204.84	1.07
219	0.00	69.00	1728.00	17280.00	86400.00	2024026.58	0.00	0.00	51.87	0.00	223.45	206.24	1.10
220	0.00	70.00	1728.00	17280.00	86400.00	2024026.58	0.00	0.00	51.87	0.00	223.45	204.52	1.10
221	0.00	71.00	1728.00	17280.00	86400.00	2024026.58	0.00	0.00	51.87	0.00	222.87	205.02	1.13
222	0.00	72.00	1728.00	17280.00	86400.00	2024026.58	0.00	0.00	51.87	0.00	226.68	204.58	1.15
223	0.00	73.00	1728.00	17280.00	86400.00	2024026.58	0.00	0.00	51.87	0.00	231.84	209.51	1.18
224	0.00	74.00	1728.00	17280.00	86400.00	2024026.58	0.00	0.00	51.87	0.00	229.85	207.84	1.16
225	0.00	25.00	1728.00	17280.00	86400.00	2024026.58	0.00	0.00	51.87	0.00	131.19	104.33	0.60
226	0.00	26.00	1728.00	17280.00	86400.00	2024026.58	0.00	0.00	51.87	0.00	134.94	108.30	0.62
227	0.00	27.00	1728.00	17280.00	86400.00	2024026.58	0.00	0.00	51.87	0.00	136.68	108.91	0.59
228	0.00	28.00	1728.00	17280.00	86400.00	2024026.58	0.00	0.00	51.87	0.00	148.62	114.09	0.68
229	0.00	29.00	1728.00	17280.00	86400.00	2024026.58	0.00	0.00	51.87	0.00	167.41	129.65	0.76
230	0.00	30.00	1728.00	17280.00	86400.00	2024026.58	0.00	0.00	51.87	0.00	172.92	135.92	0.87
231	0.00	31.00	1728.00	17280.00	86400.00	2024026.58	0.00	0.00	51.87	0.00	186.79	145.96	0.94
232	0.00	32.00	1728.00	17280.00	86400.00	2024026.58	0.00	0.00	51.87	0.00	184.21	144.23	0.94
233	0.00	33.00	1728.00	17280.00	86400.00	2024026.58	0.00	0.00	51.87	0.00	181.38	144.71	0.94
234	0.00	34.00	1728.00	17280.00	86400.00	2024026.58	0.00	0.00	51.87	0.00	176.94	158.22	0.91
235	0.00	35.00	1728.00	17280.00	86400.00	2024026.58	0.00	0.00	51.87	0.00	177.15	157.26	0.89
236	0.00	36.00	1728.00	17280.00	86400.00	2024026.58	0.00	0.00	51.87	0.00	189.30	159.25	0.94
237	0.00	37.00	1728.00	17280.00	86400.00	2024026.58	0.00	0.00	51.87	0.00	187.46	175.61	0.95
238	0.00	38.00	1728.00	17280.00	86400.00	2024026.58	0.00	0.00	51.87	0.00	191.35	175.17	0.95
239	0.00	39.00	1728.00	17280.00	86400.00	2024026.58	0.00	0.00	51.87	0.00	204.44	184.05	0.97
240	0.00	40.00	1728.00	17280.00	86400.00	2024026.58	0.00	0.00	51.87	0.00	203.93	183.06	0.95
241	0.00	41.00	1728.00	17280.00	86400.00	2024026.58	0.00	0.00	51.87	0.00	201.92	190.33	0.93
242	0.00	42.00	1728.00	17280.00	86400.00	2024026.58	0.00	0.00	51.87	0.00	197.18	195.26	0.90
243	0.00	43.00	1728.00	17280.00	86400.00	2024026.58	0.00	0.00	51.87	0.00	200.33	202.31	0.98
244	0.00	44.00	1728.00	17280.00	86400.00	2024026.58	0.00	0.00	51.87	0.00	218.42	202.96	1.07
245	0.00	45.00	1728.00	17280.00	86400.00	2024026.58	0.00	0.00	51.87	0.00	219.92	201.27	1.11
246	0.00	46.00	1728.00	17280.00	86400.00	2024026.58	0.00	0.00	51.87	0.00	219.94	212.35	1.11
247	0.00	47.00	1728.00	17280.00	86400.00	2024026.58	0.00	0.00	51.87	0.00	222.39	209.53	1.11
248	0.00	48.00	1728.00	17280.00	86400.00	2024026.58	0.00	0.00	51.87	0.00	217.76	207.19	1.08
249	0.00	49.00	1728.00	17280.00	86400.00	2024026.58	0.00	0.00	51.87	0.00	236.23	213.51	1.18
250	0.00	50.00	1728.00	17280.00	86400.00	2024026.58	0.00	0.00	51.87	0.00	255.31	218.11	1.28
251	0.00	51.00	1728.00	17280.00	86400.00	2024026.58	0.00	0.00	51.87	0.00	271.04	224.91	1.35
252	0.00	52.00	1728.00	17280.00	86400.00	2024026.58	0.00	0.00	51.87	0.00	265.83	223.04	1.33
253	0.00	53.00	1728.00	17280.00	86400.00	2024026.58	0.00	0.00	51.87	0.00	268.05	225.07	1.32
254	0.00	54.00	1728.00	17280.00	86400.00	2024026.58	0.00	0.00	51.87	0.00	268.38	223.34	1.35
255	0.00	55.00	1728.00	17280.00	86400.00	2024026.58	0.00	0.00	51.87	0.00	270.20	222.39	1.36
256	0.00	56.00	1728.00	17280.00	86400.00	2024026.58	0.00	0.00	51.87	0.00	277.93	221.50	1.43
257	0.00	57.00	1728.00	17280.00	86400.00	2024026.58	0.00	0.00	51.87	0.00	278.93	221.98	1.42
258	0.00	58.00	1728.00	17280.00	86400.00	2024026.58	0.00	0.00	51.87	0.00	275.86	219.98	1.40
259	0.00	59.00	1728.00	17280.00	86400.00	2024026.58	0.00	0.00	51.87	0.00	272.69	217.91	1.37
260	0.00	60.00	1728.00	17280.00	86400.00	2024026.58	0.00	0.00	51.87	0.00	274.31	222.64	1.42
261	0.00	61.00	1728.00	17280.00	86400.00	2024026.58	0.00	0.00	51.87	0.00	273.23	220.46	1.44
262	0.00	62.00	1728.00	17280.00	86400.00	2024026.58	0.00	0.00	51.87	0.00	269.32	219.45	1.42
263	0.00	63.00	1728.00	17280.00	86400.00	2024026.58	0.00	0.00	51.87	0.00	272.75	221.83	1.41
264	0.00	64.00	1728.00	17280.00	86400.00	2024026.58	0.00	0.00	51.87	0.00	281.33	225.02	1.47
265	0.00	65.00	1728.00	17280.00	86400.00	2024026.58	0.00	0.00	51.87	0.00	280.90	224.07	1.46
266	0.00	66.00	1728.00	17280.00	86400.00	2024026.58	0.00	0.00	51.87	0.00	280.03	223.01	1.45
267	0.00	67.00	1728.00	17280.00	86400.00	2024026.58	0.00	0.00	51.87	0.00	282.06	223.48	1.45
268	0.00	68.00	1728.00	17280.00	86400.00	2024026.58	0.00	0.00	51.87	0.00	277.91	224.71	1.43
269	0.00	69.00	1728.00	17280.00	86400.00	2024026.58	0.00	0.00	51.87	0.00	287.92	225.59	1.48
270	0.00	70.00	1728.00	17280.00	86400.00	2024026.58	0.00	0.00	51.87	0.00	285.50	223.43	1.47
271	0.00	71.00	1728.00	17280.00	86400.00	2024026.58	0.00	0.00	51.87	0.00	284.83	222.90	1.49
272	0.00	72.00	1728.00	17280.00	86400.00	2024026.58	0.00	0.00	51.87	0.00	287.06	223.83	1.49
273	0.00	73.00	1728.00	17280.00	86400.00	2024026.58	0.00	0.00	51.87	0.00	288.58	222.61	1.51
274	0.00	74.00	1728.00	17280.00	86400.00	2024026.58	0.00	0.00	51.87	0.00	290.91	221.70	1.54
275	0.00	25.00	1728.00	17280.00	86400.00	2024026.58	0.00	0.00	51.87	0.00	123.82	94.97	0.60
276	0.00	26.00	1728.00	17280.00	86400.00	2024026.58	0.00	0.00	51.87	0.00	130.54	95.18	0.62
277	0.00	27.00	1728.00	17280.00	86400.00	2024026.58	0.00	0.00	51.87	0.00	128.84	94.18	0.59
278	0.00	28.00	1728.00	17280.00	86400.00	2024026.58	0.00	0.00	51.87	0.00	127.26	92.93	0.57
279	0.00	29.00	1728.00	17280.00	86400.00	2024026.58	0.00	0.00	51.87	0.00	122.87	92.94	0.55
280	0.00	30.00	1728.00	17280.00	86400.00	2024026.58	0.00	0.00	51.87	0.00	151.07	106.83	0.70
281	0.00	31.00	1728.00	17280.00	86400.00	1985587.35	0.00	0.00	50.37	0.00	146.20	105.01	0.68
282	0.00	32.00	1728.00	17280.00	86400.00	1985587.35	0.00	0.00	50.37	0.00	152.01	104.81	0.69
283	0.00	33.00	1728.00	17280.00	86400.00	1985587.35	0.00	0.00	50.37	0.00	164.55	115.12	0.76
284	0.00	34.00	1728.00	17280.00	86400.00	1985587.35	0.00	0.00	50.37	0.00	175.12	124.35	0.76
285	0.00	35.00	1728.00	17280.00	86400.00	1985587.35	0.00	0.00	50.37	0.00	174.76	123.88	0.77
286	0.00	36.00	1728.00	17280.00	86400.00	1985587.35	0.00	0.00	50.37	0.00	169.90	123.86	0.75
287	0.00	37.00	1728.00	17280.00	86400.00	1985587.35	0.00	0.00	50.37	0.00	177.35	126.14	0.76
288	0.00	38.00	1728.00	17280.00	86400.00	1985587.35	0.00	0.00	50.37	0.00	172.68	126.21	0.74
289	0.00	39.00	1728.00	17280.00	86400.00	1985587.35	0.00	0.00	50.37	0.00	176.13	130.86	0.77
290	0.00	40.00	1728.00	17280.00	86400.00	1985587.35	0.00	0.00	50.37	0.00	179.18	131.79	0.80
291	0.00	41.00	1728.00	17280.00	86400.00	1985587.35	0.00	0.00	50.37	0.00	179.37	132.16	0.83
292	0.00	42.00	1728.00	17280.00	86400.00	1985587.35	0.00	0.00	50.37	0.00	191.36	137.78	0.90
293	0.00	43.00	1728.00	17280.00	86400.00	1985587.35	0.00	0.00	50.37	0.00	212.55	150.66	1.00
294	0.00	44.00	1728.00	17280.00	86400.00	1985587.35	0.00	0.00	50.37	0.00	220.70	150.56	1.07
295	0.00	45.00	1728.00	17280.00	86400.00	1985587.35	0.00	0.00	50.37	0.00	226.80	156.48	1.11
296	0.00	46.00	1728.00	17280.00	86400.00	1985587.35	0.00	0.00	50.37	0.00	241.02	166.57	1.20
297	0.00	47.00	1728.00	17280.00	86400.00	1985587.35	0.00	0.00	50.37	0.00	239.34	164.96	1.19
298	0.00	48.00	1728.00	17280.00	86400.00	1985587.35	0.00	0.00	50.37	0.00	241.27	163.51	1.19
299	0.00	49.00	1728.00	17280.00	86400.00	1985587.35	0.00	0.00	50.37	0.00	260.32	171.83	1.31
300	0.00	50.00	1728.00	17280.00	86400.00	1985587.35	0.00	0.00	50.37	0.00	258.84	171.69	1.28
301	0.00	51.00	2073.60	20736.00	103680.00	2159666.07	0.00	0.00	50.37	0.00	264.35	176.11	1.27
302	0.00	52.00	2073.60	20736.00	103680.00	2159666.07	0.00	0.00	50.37	0.00	263.31	175.48	1.25
303	0.00	53.00	2073.60	20736.00	103680.00	2159666.07	0.00	0.00	50.37	0.00	261.41	176.99	1.25
304	0.00	54.00	2073.60	20736.00	103680.00	2159666.07	0.00	0.00	50.37	0.00	294.19	187.06	1.43
305	0.00	55.00	2073.60	20736.00	103680.00	2159666.07	0.00	0.00	50.37	0.00	288.84	185.53	1.40
306	0.00	56.00	2073.60	20736.00	103680.00	2159666.07	0.00	0.00	50.37	0.00	283.68	188.33	1.38
307	0.00	57.00	2073.60	20736.00	103680.00	2159666.07	0.00	0.00	50.37	0.00	283.28	187.83	1.39
308	0.00	58.00	2073.60	20736.00	103680.00	2159666.07	0.00	0.00	50.37	0.00	278.39	186.54	1.36
309	0.00	59.00	2073.60	20736.00	103680.00	2159666.07	0.00	0.00	50.37	0.00	297.72	196.58	1.46
310	0.00	60.00	2073.60	20736.00	103680.00	2159666.07	0.00	0.00	50.37	0.00	292.75	195.11	1.43
311	0.00	61.00	2073.60	20736.00	103680.00	2159666.07	0.00	0.00	50.37	0.00	288.71	193.16	1.41
312	0.00	62.00	2073.60	20736.00	103680.00	2159666.07	0.00	0.00	50.37	0.00	286.01	192.36	1.39
313	0.00	63.00	2073.60	20736.00	103680.00	2159666.07	0.00	0.00	50.37	0.00	283.34	190.93	1.38
314	0.00	64.00	2073.60	20736.00	103680.00	2159666.07	0.00	0.00	50.37	0.00	282.36	201.04	1.38
315	0.00	65.00	2073.60	20736.00	103680.00	2159666.07	0.00	0.00	50.37	0.00	288.69	205.48	1.38
316	0.00	66.00	2073.60	20736.00	103680.00	2159666.07	0.00	0.00	50.37	0.00	297.70	208.46	1.42
317	0.00	67.00	2073.60	20736.00	103680.00	2159666.07	0.00	0.00	50.37	0.00	293.94	206.89	1.40
318	0.00	68.00	2073.60	20736.00	103680.00	2159666.07	0.00	0.00	50.37	0.00	292.55	206.25	1.41
319	0.00	69.00	2073.60	20736.00	103680.00	2159666.07	0.00	0.00	50.37	0.00	291.51	211.32	1.41
320	0.00	70.00	2073.60	20736.00	103680.00	2159666.07	0.00	0.00	50.37	0.00	295.07	212.62	1.44
321	0.00	71.00	2073.60	20736.00	103680.00	2159666.07	0.00	0.00	50.37	0.00	310.40	218.11	1.51
322	0.00	72.00	2073.60	20736.00	103680.00	2159666.07	0.00	0.00	50.37	0.00	318.44	220.35	1.54
323	0.00	73.00	2073.60	20736.00	103680.00	2159666.07	0.00	0.00	50.37	0.00	321.70	219.77	1.59
324	0.00	74.00	2073.60	20736.00	103680.00	2159666.07	0.00	0.00	50.37	0.00	320.24	219.68	1.61
325	0.00	25.00	2073.60	20736.00	103680.00	2159666.07	0.00	0.00	50.37	0.00	98.11	88.36	0.36
326	0.00	26.00	2073.60	20736.00	103680.00	2159666.07	0.00	0.00	50.37	0.00	100.72	90.50	0.35
327	0.00	27.00	2073.60	20736.00	103680.00	2159666.07	0.00	0.00	50.37	0.00	99.64	91.70	0.41
328	0.00	28.00	2073.60	20736.00	103680.00	2159666.07	0.00	0.00	50.37	0.00	98.64	94.23	0.46
329	0.00	29.00	2073.60	20736.00	103680.00	2159666.07	0.00	0.00	50.37	0.00	153.08	110.25	0.76
330	0.00	30.00	2073.60	20736.00	103680.00	2159666.07	0.00	0.00	50.37	0.00	150.06	112.66	0.77
331	0.00	31.00	2073.60	20736.00	103680.00	2159666.07	0.00	0.00	50.37	0.00	145.22	112.02	0.74
332	0.00	32.00	2073.60	20736.00	103680.00	2159666.07	0.00	0.00	50.37	0.00	142.28	113.58	0.72
333	0.00	33.00	2073.60	20736.00	103680.00	2159666.07	0.00	0.00	50.37	0.00	137.97	112.00	0.70
334	0.00	34.00	2073.60	20736.00	103680.00	2159666.07	0.00	0.00	50.37	0.00	163.63	127.14	0.79
335	0.00	35.00	2073.60	20736.00	103680.00	2159666.07	0.00	0.00	50.37	0.00	182.99	141.05	0.83
336	0.00	36.00	2073.60	20736.00	103680.00	2159666.07	0.00	0.00	50.37	0.00	204.82	151.92	0.94
337	0.00	37.00	2073.60	20736.00	103680.00	2159666.07	0.00	0.00	50.37	0.00	203.56	154.69	0.92
338	0.00	38.00	2073.60	20736.00	103680.00	2159666.07	0.00	0.00	50.37	0.00	220.47	168.23	0.97
339	0.00	39.00	2073.60	20736.00	103680.00	2159666.07	0.00	0.00	50.37	0.00	227.21	177.71	1.00
340	0.00	40.00	2073.60	20736.00	103680.00	2159666.07	0.00	0.00	50.37	0.00	428.02	114.08	2.38
341	0.00	41.00	2488.32	24883.20	124416.00	2368560.53	0.00	0.00	50.37	0.00	417.58	112.68	2.32
342	0.00	42.00	2488.32	24883.20	124416.00	2368560.53	0.00	0.00	50.37	0.00	430.98	114.20	2.38
343	0.00	43.00	2488.32	24883.20	124416.00	2368560.53	0.00	0.00	50.37	0.00	421.81	113.72	2.33
344	0.00	44.00	2488.32	24883.20	124416.00	2368560.53	0.00	0.00	50.37	0.00	419.90	119.99	2.36
345	0.00	45.00	2488.32	24883.20	124416.00	2368560.53	0.00	0.00	50.37	0.00	411.71	121.16	2.31
346	0.00	46.00	2488.32	24883.20	124416.00	2368560.53	0.00	0.00	50.37	0.00	406.34	120.77	2.26
347	0.00	47.00	2488.32	24883.20	124416.00	2368560.53	0.00	0.00	50.37	0.00	397.70	121.57	2.21
348	0.00	48.00	2488.32	24883.20	124416.00	2368560.53	0.00	0.00	50.37	0.00	403.82	130.81	2.23
349	0.00	49.00	2488.32	24883.20	124416.00	2368560.53	0.00	0.00	50.37	0.00	414.70	131.16	2.29
350	0.00	50.00	2488.32	24883.20	124416.00	2368560.53	0.00	0.00	50.37	0.00	427.22	141.60	2.32
351	0.00	51.00	2488.32	24883.20	124416.00	2368560.53	0.00	0.00	50.37	0.00	430.45	145.67	2.33
352	0.00	52.00	2488.32	24883.20	124416.00	2368560.53	0.00	0.00	50.37	0.00	425.16	145.41	2.29
353	0.00	53.00	2488.32	24883.20	124416.00	2368560.53	0.00	0.00	50.37	0.00	421.28	145.37	2.26
354	0.00	54.00	2488.32	24883.20	124416.00	2368560.53	0.00	0.00	50.37	0.00	427.53	146.00	2.35
355	0.00	55.00	2488.32	24883.20	124416.00	2368560.53	0.00	0.00	50.37	0.00	425.79	145.92	2.33
356	0.00	56.00	2488.32	24883.20	124416.00	2368560.53	0.00	0.00	50.37	0.00	420.29	145.02	2.30
357	0.00	57.00	2488.32	24883.20	124416.00	2368560.53	0.00	0.00	50.37	0.00	413.09	144.56	2.28
358	0.00	58.00	2488.32	24883.20	124416.00	2368560.53	0.00	0.00	50.37	0.00	414.99	144.42	2.26
359	0.00	59.00	2488.32	24883.20	124416.00	2368560.53	0.00	0.00	50.37	0.00	407.95	143.68	2.22
360	0.00	60.00	2488.32	24883.20	124416.00	2368560.53	0.00	0.00	50.37	0.00	406.69	143.57	2.20
361	0.00	61.00	2488.32	24883.20	124416.00	2368560.53	0.00	0.00	50.37	0.00	400.40	143.44	2.18
362	0.00	62.00	2488.32	24883.20	124416.00	2368560.53	0.00	0.00	50.37	0.00	394.82	143.28	2.15
363	0.00	63.00	2488.32	24883.20	124416.00	2368560.53	0.00	0.00	50.37	0.00	393.70	142.90	2.13
364	0.00	64.00	2488.32	24883.20	124416.00	2368560.53	0.00	0.00	50.37	0.00	398.08	143.30	2.17
365	0.00	65.00	2488.32	24883.20	124416.00	2368560.53	0.00	0.00	50.37	0.00	394.28	142.57	2.14
366	0.00	66.00	2488.32	24883.20	124416.00	2368560.53	0.00	0.00	50.37	0.00	388.55	142.45	2.11
367	0.00	67.00	2488.32	24883.20	124416.00	2368560.53	0.00	0.00	50.37	0.00	386.14	144.54	2.09
368	0.00	68.00	2488.32	24883.20	124416.00	2368560.53	0.00	0.00	50.37	0.00	380.46	144.22	2.06
369	0.00	69.00	2488.32	24883.20	124416.00	2368560.53	0.00	0.00	50.37	0.00	374.94	144.35	2.03
370	0.00	70.00	2488.32	24883.20	124416.00	2368560.53	0.00	0.00	50.37	0.00	383.25	145.09	2.09
371	0.00	71.00	2488.32	24883.20	124416.00	2368560.53	0.00	0.00	50.37	0.00	383.18	145.91	2.08
372	0.00	72.00	2488.32	24883.20	124416.00	2368560.53	0.00	0.00	50.37	0.00	377.86	146.05	2.06
373	0.00	73.00	2488.32	24883.20	124416.00	2368560.53	0.00	0.00	50.37	0.00	379.57	146.61	2.05
374	0.00	74.00	2488.32	24883.20	124416.00	2368560.53	0.00	0.00	50.37	0.00	377.37	147.45	2.04
375	0.00	25.00	2488.32	24883.20	124416.00	2368560.53	0.00	0.00	50.37	0.00	61.07	81.99	0.16
376	0.00	26.00	2488.32	24883.20	124416.00	2368560.53	0.00	0.00	50.37	0.00	60.49	82.23	0.15
377	0.00	27.00	2488.32	24883.20	124416.00	2368560.53	0.00	0.00	50.37	0.00	89.41	99.80	0.22
378	0.00	28.00	2488.32	24883.20	124416.00	2368560.53	0.00	0.00	50.37	0.00	148.89	125.63	0.50
379	0.00	29.00	2488.32	24883.20	124416.00	2368560.53	0.00	0.00	50.37	0.00	147.83	125.11	0.52
380	0.00	30.00	2488.32	24883.20	124416.00	2368560.53	0.00	0.00	50.37	0.00	163.76	135.00	0.53
381	0.00	31.00	2488.32	24883.20	124416.00	2368560.53	0.00	0.00	50.37	0.00	187.23	154.70	0.61
382	0.00	32.00	2488.32	24883.20	124416.00	2368560.53	0.00	0.00	50.37	0.00	203.05	170.37	0.69
383	0.00	33.00	2488.32	24883.20	124416.00	2368560.53	0.00	0.00	50.37	0.00	198.67	170.63	0.67
384	0.00	34.00	2488.32	24883.20	124416.00	2368560.53	0.00	0.00	50.37	0.00	248.98	180.95	0.97
385	0.00	35.00	2488.32	24883.20	124416.00	2368560.53	0.00	0.00	50.37	0.00	243.01	182.42	0.94
386	0.00	36.00	2488.32	24883.20	124416.00	2368560.53	0.00	0.00	50.37	0.00	237.54	181.33	0.92
387	0.00	37.00	2488.32	24883.20	124416.00	2368560.53	0.00	0.00	50.37	0.00	240.33	182.77	1.03
388	0.00	38.00	2488.32	24883.20	124416.00	2368560.53	0.00	0.00	50.37	0.00	234.72	180.74	1.00
389	0.00	39.00	2488.32	24883.20	124416.00	2368560.53	0.00	0.00	50.37	0.00	233.71	178.62	1.03
390	0.00	40.00	2488.32	24883.20	124416.00	2368560.53	0.00	0.00	50.37	0.00	227.93	176.78	1.05
391	0.00	41.00	2488.32	24883.20	124416.00	2368560.53	0.00	0.00	50.37	0.00	224.73	177.98	1.05
392	0.00	42.00	2488.32	24883.20	124416.00	2368560.53	0.00	0.00	50.37	0.00	229.35	183.95	1.02
393	0.00	43.00	2488.32	24883.20	124416.00	2368560.53	0.00	0.00	50.37	0.00	234.19	187.26	1.02
394	0.00	44.00	2488.32	24883.20	124416.00	2368560.53	0.00	0.00	50.37	0.00	234.55	188.88	1.00
395	0.00	45.00	2488.32	24883.20	124416.00	2368560.53	0.00	0.00	50.37	0.00	230.64	188.58	0.98
396	0.00	46.00	2488.32	24883.20	124416.00	2368560.53	0.00	0.00	50.37	0.00	229.87	189.10	1.00
397	0.00	47.00	2488.32	24883.20	124416.00	2368560.53	0.00	0.00	50.37	0.00	250.31	198.00	1.11
398	0.00	48.00	2488.32	24883.20	124416.00	2368560.53	0.00	0.00	50.37	0.00	256.13	199.07	1.10
399	0.00	49.00	2488.32	24883.20	124416.00	2368560.53	0.00	0.00	50.37	0.00	251.52	198.96	1.08
400	0.00	50.00	2488.32	24883.20	124416.00	2368560.53	0.00	0.00	50.37	0.00	250.22	203.55	1.06
401	0.00	51.00	2488.32	24883.20	124416.00	2368560.53	0.00	0.00	50.37	0.00	247.63	202.44	1.06
402	0.00	52.00	2488.32	24883.20	124416.00	2368560.53	0.00	0.00	50.37	0.00	264.28	206.67	1.10
403	0.00	53.00	2488.32	24883.20	124416.00	2368560.53	0.00	0.00	50.37	0.00	284.26	215.94	1.25
404	0.00	54.00	2488.32	24883.20	124416.00	2368560.53	0.00	0.00	50.37	0.00	288.80	219.96	1.24
405	0.00	55.00	2488.32	24883.20	124416.00	2368560.53	0.00	0.00	50.37	0.00	286.38	217.69	1.27
406	0.00	56.00	2488.32	24883.20	124416.00	2368560.53	0.00	0.00	50.37	0.00	289.84	217.41	1.29
407	0.00	57.00	2488.32	24883.20	124416.00	2368560.53	0.00	0.00	50.37	0.00	288.25	215.36	1.26
408	0.00	58.00	2488.32	24883.20	124416.00	2368560.53	0.00	0.00	50.37	0.00	288.17	214.47	1.28
409	0.00	59.00	2488.32	24883.20	124416.00	2368560.53	0.00	0.00	50.37	0.00	283.29	212.32	1.25
410	0.00	60.00	2488.32	24883.20	124416.00	2368560.53	0.00	0.00	50.37	0.00	303.97	222.00	1.33
411	0.00	61.00	2488.32	24883.20	124416.00	2368560.53	0.00	0.00	50.37	0.00	305.29	227.67	1.34
412	0.00	62.00	2488.32	24883.20	124416.00	2368560.53	0.00	0.00	50.37	0.00	301.67	226.90	1.35
413	0.00	63.00	2488.32	24883.20	124416.00	2368560.53	0.00	0.00	50.37	0.00	297.62	226.12	1.35
414	0.00	64.00	2488.32	24883.20	124416.00	2368560.53	0.00	0.00	50.37	0.00	299.23	225.98	1.36
415	0.00	65.00	2488.32	24883.20	124416.00	2368560.53	0.00	0.00	50.37	0.00	296.03	224.62	1.35
416	0.00	66.00	2488.32	24883.20	124416.00	2368560.53	0.00	0.00	50.37	0.00	297.37	230.94	1.36
417	0.00	67.00	2488.32	24883.20	124416.00	2368560.53	0.00	0.00	50.37	0.00	321.42	236.15	1.51
418	0.00	68.00	2488.32	24883.20	124416.00	2368560.53	0.00	0.00	50.37	0.00	322.21	236.54	1.51
419	0.00	69.00	2488.32	24883.20	124416.00	2368560.53	0.00	0.00	50.37	0.00	328.43	238.04	1.57
420	0.00	70.00	2488.32	24883.20	124416.00	2368560.53	0.00	0.00	50.37	0.00	329.00	236.98	1.59
421	0.00	71.00	2488.32	24883.20	124416.00	2368560.53	0.00	0.00	50.37	0.00	328.87	235.81	1.58
422	0.00	72.00	2488.32	24883.20	124416.00	2368560.53	0.00	0.00	50.37	0.00	326.64	236.57	1.57
423	0.00	73.00	2488.32	24883.20	124416.00	2368560.53	0.00	0.00	50.37	0.00	332.78	241.85	1.60
424	0.00	74.00	2488.32	24883.20	124416.00	2368560.53	0.00	0.00	50.37	0.00	330.60	239.85	1.59
425	0.00	25.00	2488.32	24883.20	124416.00	2368560.53	0.00	0.00	50.37	0.00	55.62	79.63	0.08
426	0.00	26.00	2488.32	24883.20	124416.00	2368560.53	0.00	0.00	50.37	0.00	79.82	92.09	0.19
427	0.00	27.00	2488.32	24883.20	124416.00	2368560.53	0.00	0.00	50.37	0.00	78.24	93.40	0.22
428	0.00	28.00	2488.32	24883.20	124416.00	2368560.53	0.00	0.00	50.37	0.00	106.06	111.98	0.29
429	0.00	29.00	2488.32	24883.20	124416.00	2368560.53	0.00	0.00	50.37	0.00	105.31	111.62	0.28
430	0.00	30.00	2488.32	24883.20	124416.00	2368560.53	0.00	0.00	50.37	0.00	108.21	111.65	0.27
431	0.00	31.00	2488.32	24883.20	124416.00	2368560.53	0.00	0.00	50.37	0.00	119.95	120.34	0.29
432	0.00	32.00	2488.32	24883.20	124416.00	2368560.53	0.00	0.00	50.37	0.00	117.65	118.44	0.28
433	0.00	33.00	2488.32	24883.20	124416.00	2368560.53	0.00	0.00	50.37	0.00	156.01	130.24	0.45
434	0.00	34.00	2488.32	24883.20	124416.00	2368560.53	0.00	0.00	50.37	0.00	156.02	132.21	0.50
435	0.00	35.00	2488.32	24883.20	124416.00	2368560.53	0.00	0.00	50.37	0.00	157.10	137.76	0.51
436	0.00	36.00	2488.32	24883.20	124416.00	2368560.53	0.00	0.00	50.37	0.00	185.61	157.29	0.61
437	0.00	37.00	2488.32	24883.20	124416.00	2368560.53	0.00	0.00	50.37	0.00	184.08	161.69	0.62
438	0.00	38.00	2488.32	24883.20	124416.00	2368560.53	0.00	0.00	50.37	0.00	192.48	160.61	0.68
439	0.00	39.00	2488.32	24883.20	124416.00	2368560.53	0.00	0.00	50.37	0.00	200.63	170.29	0.74
440	0.00	40.00	2488.32	24883.20	124416.00	2368560.53	0.00	0.00	50.37	0.00	201.66	169.20	0.72
441	0.00	41.00	2985.98	29859.84	149299.20	2619233.89	0.00	0.00	50.37	0.00	216.02	179.68	0.83
442	0.00	42.00	2985.98	29859.84	149299.20	2619233.89	0.00	0.00	50.37	0.00	215.27	178.48	0.83
443	0.00	43.00	2985.98	29859.84	149299.20	2619233.89	0.00	0.00	50.37	0.00	210.64	177.51	0.81
444	0.00	44.00	2985.98	29859.84	149299.20	2619233.89	0.00	0.00	50.37	0.00	205.85	177.19	0.80
445	0.00	45.00	2985.98	29859.84	149299.20	2619233.89	0.00	0.00	50.37	0.00	213.53	177.02	0.91
446	0.00	46.00	2985.98	29859.84	149299.20	2619233.89	0.00	0.00	50.37	0.00	212.27	176.13	0.91
447	0.00	47.00	2985.98	29859.84	149299.20	2619233.89	0.00	0.00	50.37	0.00	208.09	174.46	0.89
448	0.00	48.00	2985.98	29859.84	149299.20	2619233.89	0.00	0.00	50.37	0.00	206.40	173.32	0.92
449	0.00	49.00	2985.98	29859.84	149299.20	2619233.89	0.00	0.00	50.37	0.00	227.60	182.44	0.98
450	0.00	50.00	2985.98	29859.84	149299.20	2619233.89	0.00	0.00	50.37	0.00	237.36	195.18	1.00
451	0.00	51.00	2985.98	29859.84	149299.20	2619233.89	0.00	0.00	50.37	0.00	245.68	194.97	1.04
452	0.00	52.00	2985.98	29859.84	149299.20	2619233.89	0.00	0.00	50.37	0.00	242.06	193.51	1.02
453	0.00	53.00	2985.98	29859.84	149299.20	2619233.89	0.00	0.00	50.37	0.00	242.31	192.27	1.02
454	0.00	54.00	2985.98	29859.84	149299.20	2619233.89	0.00	0.00	50.37	0.00	241.29	190.67	1.02
455	0.00	55.00	2985.98	29859.84	149299.20	2619233.89	0.00	0.00	50.37	0.00	240.03	188.27	1.02
456	0.00	56.00	2985.98	29859.84	149299.20	2619233.89	0.00	0.00	50.37	0.00	256.49	188.96	1.07
457	0.00	57.00	2985.98	29859.84	149299.20	2619233.89	0.00	0.00	50.37	0.00	252.12	187.50	1.07
458	0.00	58.00	2985.98	29859.84	149299.20	2619233.89	0.00	0.00	50.37	0.00	250.50	188.49	1.05
459	0.00	59.00	2985.98	29859.84	149299.20	2619233.89	0.00	0.00	50.37	0.00	254.09	188.34	1.05
460	0.00	60.00	2985.98	29859.84	149299.20	2619233.89	0.00	0.00	50.37	0.00	250.23	187.26	1.03
461	0.00	61.00	2985.98	29859.84	149299.20	2619233.89	0.00	0.00	50.37	0.00	248.95	185.21	1.03
462	0.00	62.00	2985.98	29859.84	149299.20	2619233.89	0.00	0.00	50.37	0.00	250.25	184.94	1.05
463	0.00	63.00	2985.98	29859.84	149299.20	2619233.89	0.00	0.00	50.37	0.00	256.67	184.78	1.10
464	0.00	64.00	2985.98	29859.84	149299.20	2619233.89	0.00	0.00	50.37	0.00	252.92	183.38	1.08
465	0.00	65.00	2985.98	29859.84	149299.20	2619233.89	0.00	0.00	50.37	0.00	250.84	183.28	1.08
466	0.00	66.00	2985.98	29859.84	149299.20	2619233.89	0.00	0.00	50.37	0.00	256.65	183.45	1.12
467	0.00	67.00	2985.98	29859.84	149299.20	2619233.89	0.00	0.00	50.37	0.00	272.69	191.14	1.15
468	0.00	68.00	2985.98	29859.84	149299.20	2619233.89	0.00	0.00	50.37	0.00	275.91	190.26	1.19
469	0.00	69.00	2985.98	29859.84	149299.20	2619233.89	0.00	0.00	50.37	0.00	271.91	188.70	1.17
470	0.00	70.00	2985.98	29859.84	149299.20	2619233.89	0.00	0.00	50.37	0.00	268.13	187.38	1.17
471	0.00	71.00	2985.98	29859.84	149299.20	2619233.89	0.00	0.00	50.37	0.00	272.65	186.79	1.20
472	0.00	72.00	2985.98	29859.84	149299.20	2619233.89	0.00	0.00	50.37	0.00	273.38	185.66	1.18
473	0.00	73.00	2985.98	29859.84	149299.20	2619233.89	0.00	0.00	50.37	0.00	275.96	185.57	1.18
474	0.00	74.00	2985.98	29859.84	149299.20	2619233.89	0.00	0.00	50.37	0.00	272.23	185.35	1.16
475	0.00	25.00	2985.98	29859.84	149299.20	2619233.89	0.00	0.00	50.37	0.00	52.80	74.76	0.12
476	0.00	26.00	2985.98	29859.84	149299.20	2619233.89	0.00	0.00	50.37	0.00	73.52	79.99	0.27
477	0.00	27.00	2985.98	29859.84	149299.20	2619233.89	0.00	0.00	50.37	0.00	96.26	93.13	0.33
478	0.00	28.00	2985.98	29859.84	149299.20	2619233.89	0.00	0.00	50.37	0.00	118.72	102.34	0.43
479	0.00	29.00	2985.98	29859.84	149299.20	2619233.89	0.00	0.00	50.37	0.00	121.79	104.30	0.48
480	0.00	30.00	2985.98	29859.84	149299.20	2619233.89	0.00	0.00	50.37	0.00	151.03	113.11	0.63
481	0.00	31.00	2985.98	29859.84	149299.20	2619233.89	0.00	0.00	50.37	0.00	151.71	114.96	0.65
482	0.00	32.00	2985.98	29859.84	149299.20	2619233.89	0.00	0.00	50.37	0.00	146.97	112.91	0.62
483	0.00	33.00	2985.98	29859.84	149299.20	2619233.89	0.00	0.00	50.37	0.00	143.01	112.67	0.61
484	0.00	34.00	2985.98	29859.84	149299.20	2619233.89	0.00	0.00	50.37	0.00	146.73	117.87	0.62
485	0.00	35.00	2985.98	29859.84	149299.20	2619233.89	0.00	0.00	50.37	0.00	151.79	127.42	0.60
486	0.00	36.00	2985.98	29859.84	149299.20	2619233.89	0.00	0.00	50.37	0.00	166.40	142.91	0.78
487	0.00	37.00	2985.98	29859.84	149299.20	2619233.89	0.00	0.00	50.37	0.00	180.22	161.07	0.95
488	0.00	38.00	2985.98	29859.84	149299.20	2619233.89	0.00	0.00	50.37	0.00	185.75	161.81	0.95
489	0.00	39.00	2985.98	29859.84	149299.20	2619233.89	0.00	0.00	50.37	0.00	180.99	159.87	0.92
490	0.00	40.00	2985.98	29859.84	149299.20	2619233.89	0.00	0.00	50.37	0.00	230.05	171.96	1.15
491	0.00	41.00	2985.98	29859.84	149299.20	2619233.89	0.00	0.00	50.37	0.00	225.86	170.01	1.15
492	0.00	42.00	2985.98	29859.84	149299.20	2619233.89	0.00	0.00	50.37	0.00	220.49	167.21	1.12
493	0.00	43.00	2985.98	29859.84	149299.20	2619233.89	0.00	0.00	50.37	0.00	220.19	167.50	1.14
494	0.00	44.00	2985.98	29859.84	149299.20	2619233.89	0.00	0.00	50.37	0.00	215.55	167.02	1.11
495	0.00	45.00	2985.98	29859.84	149299.20	2619233.89	0.00	0.00	50.37	0.00	230.09	174.41	1.18
496	0.00	46.00	2985.98	29859.84	149299.20	2619233.89	0.00	0.00	50.37	0.00	230.95	176.07	1.17
497	0.00	47.00	2985.98	29859.84	149299.20	2619233.89	0.00	0.00	50.37	0.00	242.72	186.06	1.17
498	0.00	48.00	2985.98	29859.84	149299.20	2619233.89	0.00	0.00	50.37	0.00	253.88	185.12	1.27
499	0.00	49.00	2985.98	29859.84	149299.20	2619233.89	0.00	0.00	50.37	0.00	279.72	196.18	1.33
500	0.00	50.00	2985.98	29859.84	149299.20	2619233.89	0.00	0.00	50.37	0.00	277.57	194.62	1.32
501	0.00	51.00	2985.98	29859.84	149299.20	2619233.89	0.00	0.00	50.37	0.00	272.12	192.14	1.29
502	0.00	52.00	2985.98	29859.84	149299.20	2619233.89	0.00	0.00	50.37	0.00	272.81	191.41	1.29
503	0.00	53.00	2985.98	29859.84	149299.20	2619233.89	0.00	0.00	50.37	0.00	267.66	190.89	1.26
504	0.00	54.00	2985.98	29859.84	149299.20	2619233.89	0.00	0.00	50.37	0.00	273.94	190.49	1.31
505	0.00	55.00	2985.98	29859.84	149299.20	2619233.89	0.00	0.00	50.37	0.00	272.79	189.07	1.29
506	0.00	56.00	2985.98	29859.84	149299.20	2619233.89	0.00	0.00	50.37	0.00	270.86	186.96	1.30
507	0.00	57.00	2985.98	29859.84	149299.20	2619233.89	0.00	0.00	50.37	0.00	272.78	186.90	1.35
508	0.00	58.00	2985.98	29859.84	149299.20	2619233.89	0.00	0.00	50.37	0.00	269.85	185.46	1.36
509	0.00	59.00	2985.98	29859.84	149299.20	2619233.89	0.00	0.00	50.37	0.00	282.22	186.44	1.44
510	0.00	60.00	2985.98	29859.84	149299.20	2619233.89	0.00	0.00	50.37	0.00	281.04	185.86	1.42
511	0.00	61.00	2985.98	29859.84	149299.20	2619233.89	0.00	0.00	50.37	0.00	277.19	184.64	1.39
512	0.00	62.00	2985.98	29859.84	149299.20	2619233.89	0.00	0.00	50.37	0.00	275.35	184.06	1.39
513	0.00	63.00	2985.98	29859.84	149299.20	2619233.89	0.00	0.00	50.37	0.00	279.36	186.19	1.43
514	0.00	64.00	2985.98	29859.84	149299.20	2619233.89	0.00	0.00	50.37	0.00	274.99	184.70	1.41
515	0.00	65.00	2985.98	29859.84	149299.20	2619233.89	0.00	0.00	50.37	0.00	270.76	184.00	1.38
516	0.00	66.00	2985.98	29859.84	149299.20	2619233.89	0.00	0.00	50.37	0.00	271.14	185.32	1.39
517	0.00	67.00	2985.98	29859.84	149299.20	2619233.89	0.00	0.00	50.37	0.00	271.49	187.74	1.37
518	0.00	68.00	2985.98	29859.84	149299.20	2619233.89	0.00	0.00	50.37	0.00	275.83	187.99	1.43
519	0.00	69.00	2985.98	29859.84	149299.20	2619233.89	0.00	0.00	50.37	0.00	274.80	186.80	1.41
520	0.00	70.00	2985.98	29859.84	149299.20	2619233.89	0.00	0.00	50.37	0.00	270.87	185.37	1.39
521	0.00	71.00	2985.98	29859.84	149299.20	2619233.89	0.00	0.00	50.37	0.00	267.44	185.08	1.37
522	0.00	72.00	2985.98	29859.84	149299.20	2619233.89	0.00	0.00	50.37	0.00	266.76	183.34	1.35
523	0.00	73.00	2985.98	29859.84	149299.20	2619233.89	0.00	0.00	50.37	0.00	267.54	184.00	1.33
524	0.00	74.00	2985.98	29859.84	149299.20	2619233.89	0.00	0.00	50.37	0.00	267.65	183.55	1.32
525	0.00	25.00	2985.98	29859.84	149299.20	2619233.89	0.00	0.00	50.37	0.00	45.08	72.02	0.04
526	0.00	26.00	2985.98	29859.84	149299.20	2619233.89	0.00	0.00	50.37	0.00	65.50	93.05	0.23
527	0.00	27.00	2985.98	29859.84	149299.20	2619233.89	0.00	0.00	50.37	0.00	63.08	92.08	0.22
528	0.00	28.00	2985.98	29859.84	149299.20	2619233.89	0.00	0.00	50.37	0.00	91.74	117.65	0.32
529	0.00	29.00	2985.98	29859.84	149299.20	2619233.89	0.00	0.00	50.37	0.00	125.41	125.54	0.55
530	0.00	30.00	2985.98	29859.84	149299.20	2619233.89	0.00	0.00	50.37	0.00	152.83	128.80	0.70
531	0.00	31.00	2985.98	29859.84	149299.20	2619233.89	0.00	0.00	50.37	0.00	170.58	134.31	0.84
532	0.00	32.00	2985.98	29859.84	149299.20	2619233.89	0.00	0.00	50.37	0.00	194.30	151.13	0.94
533	0.00	33.00	2985.98	29859.84	149299.20	2619233.89	0.00	0.00	50.37	0.00	188.42	150.81	0.91
534	0.00	34.00	2985.98	29859.84	149299.20	2619233.89	0.00	0.00	50.37	0.00	209.54	149.63	1.00
535	0.00	35.00	2985.98	29859.84	149299.20	2619233.89	0.00	0.00	50.37	0.00	225.90	154.64	1.09
536	0.00	36.00	2985.98	29859.84	149299.20	2619233.89	0.00	0.00	50.37	0.00	222.27	156.58	1.08
537	0.00	37.00	2985.98	29859.84	149299.20	2619233.89	0.00	0.00	50.37	0.00	221.40	155.08	1.08
538	0.00	38.00	2985.98	29859.84	149299.20	2619233.89	0.00	0.00	50.37	0.00	218.08	155.67	1.08
539	0.00	39.00	2985.98	29859.84	149299.20	2619233.89	0.00	0.00	50.37	0.00	213.07	154.14	1.05
540	0.00	40.00	2985.98	29859.84	149299.20	2619233.89	0.00	0.00	50.37	0.00	487.89	114.98	2.85
541	0.00	41.00	3583.18	35831.81	179159.04	2919743.43	0.00	0.00	49.44	0.00	478.04	115.00	2.78
542	0.00	42.00	3583.18	35831.81	179159.04	2919743.43	0.00	0.00	49.44	0.00	491.01	129.67	2.83
543	0.00	43.00	3583.18	35831.81	179159.04	2919743.43	0.00	0.00	49.44	0.00	483.45	130.05	2.79
544	0.00	44.00	3583.18	35831.81	179159.04	2919743.43	0.00	0.00	49.44	0.00	494.91	132.40	2.93
545	0.00	45.00	3583.18	35831.81	179159.04	2919743.43	0.00	0.00	49.44	0.00	489.70	132.43	2.87
546	0.00	46.00	3583.18	35831.81	179159.04	2919743.43	0.00	0.00	49.44	0.00	482.80	131.90	2.83
547	0.00	47.00	3583.18	35831.81	179159.04	2919743.43	0.00	0.00	49.44	0.00	493.64	134.90	2.87
548	0.00	48.00	3583.18	35831.81	179159.04	2919743.43	0.00	0.00	49.44	0.00	486.65	133.50	2.81
549	0.00	49.00	3583.18	35831.81	179159.04	2919743.43	0.00	0.00	49.44	0.00	476.72	133.16	2.76
550	0.00	50.00	3583.18	35831.81	179159.04	2919743.43	0.00	0.00	49.44	0.00	483.76	133.59	2.86
551	0.00	51.00	3583.18	35831.81	179159.04	2919743.43	0.00	0.00	49.44	0.00	477.23	134.39	2.82
552	0.00	52.00	3583.18	35831.81	179159.04	2919743.43	0.00	0.00	49.44	0.00	477.44	135.44	2.83
553	0.00	53.00	3583.18	35831.81	179159.04	2919743.43	0.00	0.00	49.44	0.00	468.43	135.06	2.77
554	0.00	54.00	3583.18	35831.81	179159.04	2919743.43	0.00	0.00	49.44	0.00	472.84	135.33	2.80
555	0.00	55.00	3583.18	35831.81	179159.04	2919743.43	0.00	0.00	49.44	0.00	464.25	134.95	2.75
556	0.00	56.00	3583.18	35831.81	179159.04	2919743.43	0.00	0.00	49.44	0.00	455.96	135.09	2.70
557	0.00	57.00	3583.18	35831.81	179159.04	2919743.43	0.00	0.00	49.44	0.00	464.59	139.02	2.74
558	0.00	58.00	3583.18	35831.81	179159.04	2919743.43	0.00	0.00	49.44	0.00	458.37	138.36	2.71
559	0.00	59.00	3583.18	35831.81	179159.04	2919743.43	0.00	0.00	49.44	0.00	450.60	139.58	2.66
560	0.00	60.00	3583.18	35831.81	179159.04	2919743.43	0.00	0.00	49.44	0.00	443.57	140.75	2.63
561	0.00	61.00	3583.18	35831.81	179159.04	2919743.43	0.00	0.00	49.44	0.00	445.11	141.79	2.66
562	0.00	62.00	3583.18	35831.81	179159.04	2919743.43	0.00	0.00	49.44	0.00	444.36	142.08	2.63
563	0.00	63.00	3583.18	35831.81	179159.04	2919743.43	0.00	0.00	49.44	0.00	471.33	150.82	2.75
564	0.00	64.00	3583.18	35831.81	179159.04	2919743.43	0.00	0.00	49.44	0.00	463.97	149.40	2.70
565	0.00	65.00	3583.18	35831.81	179159.04	2919743.43	0.00	0.00	49.44	0.00	458.89	149.65	2.69
566	0.00	66.00	3583.18	35831.81	179159.04	2919743.43	0.00	0.00	49.44	0.00	475.19	150.26	2.74
567	0.00	67.00	3583.18	35831.81	179159.04	2919743.43	0.00	0.00	49.44	0.00	483.01	154.05	2.78
568	0.00	68.00	3583.18	35831.81	179159.04	2919743.43	0.00	0.00	49.44	0.00	488.22	162.63	2.84
569	0.00	69.00	3583.18	35831.81	179159.04	2919743.43	0.00	0.00	49.44	0.00	505.55	164.81	2.90
570	0.00	70.00	3583.18	35831.81	179159.04	2919743.43	0.00	0.00	49.44	0.00	512.44	166.31	2.99
571	0.00	71.00	3583.18	35831.81	179159.04	2919743.43	0.00	0.00	49.44	0.00	506.69	165.93	2.96
572	0.00	72.00	3583.18	35831.81	179159.04	2919743.43	0.00	0.00	49.44	0.00	499.65	165.37	2.92
573	0.00	73.00	3583.18	35831.81	179159.04	2919743.43	0.00	0.00	49.44	0.00	495.66	166.13	2.90
574	0.00	74.00	3583.18	35831.81	179159.04	2919743.43	0.00	0.00	49.44	0.00	490.10	168.40	2.86
575	0.00	25.00	3583.18	35831.81	179159.04	2919743.43	0.00	0.00	49.44	0.00	81.50	73.30	0.28
576	0.00	26.00	3583.18	35831.81	179159.04	2919743.43	0.00	0.00	49.44	0.00	140.44	107.07	0.54
577	0.00	27.00	3583.18	35831.81	179159.04	2919743.43	0.00	0.00	49.44	0.00	208.44	133.29	0.85
578	0.00	28.00	3583.18	35831.81	179159.04	2919743.43	0.00	0.00	49.44	0.00	244.47	145.24	1.04
579	0.00	29.00	3583.18	35831.81	179159.04	2919743.43	0.00	0.00	49.44	0.00	274.89	152.73	1.14
580	0.00	30.00	3583.18	35831.81	179159.04	2919743.43	0.00	0.00	49.44	0.00	278.46	152.43	1.17
581	0.00	31.00	3583.18	35831.81	179159.04	2919743.43	0.00	0.00	49.44	0.00	312.17	168.67	1.26
582	0.00	32.00	3583.18	35831.81	179159.04	2919743.43	0.00	0.00	49.44	0.00	319.57	169.50	1.34
583	0.00	33.00	3583.18	35831.81	179159.04	2919743.43	0.00	0.00	49.44	0.00	316.51	166.73	1.30
584	0.00	34.00	3583.18	35831.81	179159.04	2919743.43	0.00	0.00	49.44	0.00	318.50	167.70	1.38
585	0.00	35.00	3583.18	35831.81	179159.04	2919743.43	0.00	0.00	49.44	0.00	346.48	182.54	1.49
586	0.00	36.00	3583.18	35831.81	179159.04	2919743.43	0.00	0.00	49.44	0.00	366.42	189.65	1.67
587	0.00	37.00	3583.18	35831.81	179159.04	2919743.43	0.00	0.00	49.44	0.00	362.42	186.03	1.62
588	0.00	38.00	3583.18	35831.81	179159.04	2919743.43	0.00	0.00	49.44	0.00	359.82	186.25	1.66
589	0.00	39.00	3583.18	35831.81	179159.04	2919743.43	0.00	0.00	49.44	0.00	358.22	184.46	1.67
590	0.00	40.00	3583.18	35831.81	179159.04	2919743.43	0.00	0.00	49.44	0.00	353.31	183.77	1.65
591	0.00	41.00	3583.18	35831.81	179159.04	2919743.43	0.00	0.00	49.44	0.00	361.58	188.23	1.73
592	0.00	42.00	3583.18	35831.81	179159.04	2919743.43	0.00	0.00	49.44	0.00	377.18	196.35	1.86
593	0.00	43.00	3583.18	35831.81	179159.04	2919743.43	0.00	0.00	49.44	0.00	398.68	207.99	1.88
594	0.00	44.00	3583.18	35831.81	179159.04	2919743.43	0.00	0.00	49.44	0.00	424.37	219.76	1.93
595	0.00	45.00	3583.18	35831.81	179159.04	2919743.43	0.00	0.00	49.44	0.00	419.29	222.34	1.91
596	0.00	46.00	3583.18	35831.81	179159.04	2919743.43	0.00	0.00	49.44	0.00	410.21	221.80	1.87
597	0.00	47.00	3583.18	35831.81	179159.04	2919743.43	0.00	0.00	49.44	0.00	409.61	220.43	1.87
598	0.00	48.00	3583.18	35831.81	179159.04	2919743.43	0.00	0.00	49.44	0.00	410.71	223.64	1.98
599	0.00	49.00	3583.18	35831.81	179159.04	2919743.43	0.00	0.00	49.44	0.00	415.27	230.17	1.94
600	0.00	50.00	3583.18	35831.81	179159.04	2919743.43	0.00	0.00	49.44	0.00	421.98	228.71	2.00
601	0.00	51.00	3583.18	35831.81	179159.04	2919743.43	0.00	0.00	49.44	0.00	413.70	227.15	1.96
602	0.00	52.00	3583.18	35831.81	179159.04	2919743.43	0.00	0.00	49.44	0.00	431.28	235.33	2.08
603	0.00	53.00	3583.18	35831.81	179159.04	2919743.43	0.00	0.00	49.44	0.00	437.59	233.55	2.08
604	0.00	54.00	3583.18	35831.81	179159.04	2919743.43	0.00	0.00	49.44	0.00	433.11	230.96	2.07
605	0.00	55.00	3583.18	35831.81	179159.04	2919743.43	0.00	0.00	49.44	0.00	428.11	228.45	2.04
606	0.00	56.00	3583.18	35831.81	179159.04	2919743.43	0.00	0.00	49.44	0.00	427.20	226.95	2.04
607	0.00	57.00	3583.18	35831.81	179159.04	2919743.43	0.00	0.00	49.44	0.00	429.90	225.27	2.02
608	0.00	58.00	3583.18	35831.81	179159.04	2919743.43	0.00	0.00	49.44	0.00	425.19	223.64	2.00
609	0.00	59.00	3583.18	35831.81	179159.04	2919743.43	0.00	0.00	49.44	0.00	447.76	230.60	2.10
610	0.00	60.00	3583.18	35831.81	179159.04	2919743.43	0.00	0.00	49.44	0.00	464.29	241.53	2.17
611	0.00	61.00	3583.18	35831.81	179159.04	2919743.43	0.00	0.00	49.44	0.00	468.51	243.40	2.21
612	0.00	62.00	3583.18	35831.81	179159.04	2919743.43	0.00	0.00	49.44	0.00	460.96	241.76	2.18
613	0.00	63.00	3583.18	35831.81	179159.04	2919743.43	0.00	0.00	49.44	0.00	456.74	239.65	2.17
614	0.00	64.00	3583.18	35831.81	179159.04	2919743.43	0.00	0.00	49.44	0.00	454.58	238.49	2.19
615	0.00	65.00	3583.18	35831.81	179159.04	2919743.43	0.00	0.00	49.44	0.00	450.59	236.19	2.18
616	0.00	66.00	3583.18	35831.81	179159.04	2919743.43	0.00	0.00	49.44	0.00	451.18	235.45	2.23
617	0.00	67.00	3583.18	35831.81	179159.04	2919743.43	0.00	0.00	49.44	0.00	447.06	234.58	2.21
618	0.00	68.00	3583.18	35831.81	179159.04	2919743.43	0.00	0.00	49.44	0.00	457.31	242.42	2.31
619	0.00	69.00	3583.18	35831.81	179159.04	2919743.43	0.00	0.00	49.44	0.00	450.68	240.90	2.29
620	0.00	70.00	3583.18	35831.81	179159.04	2919743.43	0.00	0.00	49.44	0.00	450.64	240.14	2.31
621	0.00	71.00	3583.18	35831.81	179159.04	2919743.43	0.00	0.00	49.44	0.00	444.29	238.46	2.28
622	0.00	72.00	3583.18	35831.81	179159.04	2919743.43	0.00	0.00	49.44	0.00	439.46	237.66	2.26
623	0.00	73.00	3583.18	35831.81	179159.04	2919743.43	0.00	0.00	49.44	0.00	447.76	246.23	2.26
624	0.00	74.00	3583.18	35831.81	179159.04	2919743.43	0.00	0.00	49.44	0.00	444.35	244.96	2.27
625	0.00	25.00	3583.18	35831.81	179159.04	2919743.43	0.00	0.00	49.44	0.00	81.50	73.14	0.28
626	0.00	26.00	3583.18	35831.81	179159.04	2919743.43	0.00	0.00	49.44	0.00	106.51	76.11	0.50
627	0.00	27.00	3583.18	35831.81	179159.04	2919743.43	0.00	0.00	49.44	0.00	108.02	78.33	0.48
628	0.00	28.00	3583.18	35831.81	179159.04	2919743.43	0.00	0.00	49.44	0.00	104.16	82.27	0.46
629	0.00	29.00	3583.18	35831.81	179159.04	2919743.43	0.00	0.00	49.44	0.00	134.68	98.17	0.66
630	0.00	30.00	3583.18	35831.81	179159.04	2919743.43	0.00	0.00	49.44	0.00	170.86	112.36	0.93
631	0.00	31.00	3583.18	35831.81	179159.04	2919743.43	0.00	0.00	49.44	0.00	167.46	112.99	0.90
632	0.00	32.00	3583.18	35831.81	179159.04	2919743.43	0.00	0.00	49.44	0.00	188.75	124.86	0.94
633	0.00	33.00	3583.18	35831.81	179159.04	2919743.43	0.00	0.00	49.44	0.00	183.03	125.63	0.91
634	0.00	34.00	3583.18	35831.81	179159.04	2919743.43	0.00	0.00	49.44	0.00	180.44	129.48	0.91
635	0.00	35.00	3583.18	35831.81	179159.04	2919743.43	0.00	0.00	49.44	0.00	190.64	129.04	1.00
636	0.00	36.00	3583.18	35831.81	179159.04	2919743.43	0.00	0.00	49.44	0.00	205.67	130.61	1.14
637	0.00	37.00	3583.18	35831.81	179159.04	2919743.43	0.00	0.00	49.44	0.00	201.87	132.84	1.14
638	0.00	38.00	3583.18	35831.81	179159.04	2919743.43	0.00	0.00	49.44	0.00	198.98	132.79	1.11
639	0.00	39.00	3583.18	35831.81	179159.04	2537612.18	0.00	0.00	41.58	0.00	193.88	130.45	1.08
640	0.00	40.00	3583.18	35831.81	179159.04	2537612.18	0.00	0.00	41.58	0.00	202.65	130.14	1.15
641	0.00	41.00	4299.82	42998.17	214990.85	2835589.50	0.00	0.00	41.58	0.00	197.71	129.87	1.12
642	0.00	42.00	4299.82	42998.17	214990.85	2835589.50	0.00	0.00	41.58	0.00	234.79	148.21	1.29
643	0.00	43.00	4299.82	42998.17	214990.85	2835589.50	0.00	0.00	41.58	0.00	242.00	148.53	1.35
644	0.00	44.00	4299.82	42998.17	214990.85	2835589.50	0.00	0.00	41.58	0.00	246.22	153.98	1.39
645	0.00	45.00	4299.82	42998.17	214990.85	2835589.50	0.00	0.00	41.58	0.00	265.38	164.92	1.44
646	0.00	46.00	4299.82	42998.17	214990.85	2835589.50	0.00	0.00	41.58	0.00	263.35	163.63	1.43
647	0.00	47.00	4299.82	42998.17	214990.85	2835589.50	0.00	0.00	41.58	0.00	266.60	167.25	1.47
648	0.00	48.00	4299.82	42998.17	214990.85	2835589.50	0.00	0.00	41.58	0.00	286.46	175.55	1.62
649	0.00	49.00	4299.82	42998.17	214990.85	2835589.50	0.00	0.00	41.58	0.00	280.62	174.65	1.59
650	0.00	50.00	4299.82	42998.17	214990.85	2835589.50	0.00	0.00	41.58	0.00	279.37	172.07	1.56
651	0.00	51.00	4299.82	42998.17	214990.85	2835589.50	0.00	0.00	41.58	0.00	282.28	171.94	1.59
652	0.00	52.00	4299.82	42998.17	214990.85	2835589.50	0.00	0.00	41.58	0.00	276.85	170.77	1.56
653	0.00	53.00	4299.82	42998.17	214990.85	2835589.50	0.00	0.00	41.58	0.00	283.20	170.38	1.60
654	0.00	54.00	4299.82	42998.17	214990.85	2835589.50	0.00	0.00	41.58	0.00	302.61	180.23	1.65
655	0.00	55.00	4299.82	42998.17	214990.85	2835589.50	0.00	0.00	41.58	0.00	297.17	180.11	1.62
656	0.00	56.00	4299.82	42998.17	214990.85	2835589.50	0.00	0.00	41.58	0.00	294.07	179.14	1.59
657	0.00	57.00	4299.82	42998.17	214990.85	2835589.50	0.00	0.00	41.58	0.00	291.50	179.15	1.56
658	0.00	58.00	4299.82	42998.17	214990.85	2835589.50	0.00	0.00	41.58	0.00	293.05	178.81	1.53
659	0.00	59.00	4299.82	42998.17	214990.85	2835589.50	0.00	0.00	41.58	0.00	288.53	178.06	1.51
660	0.00	60.00	4299.82	42998.17	214990.85	2835589.50	0.00	0.00	41.58	0.00	286.70	177.09	1.50
661	0.00	61.00	4299.82	42998.17	214990.85	2835589.50	0.00	0.00	41.58	0.00	285.21	178.00	1.49
662	0.00	62.00	4299.82	42998.17	214990.85	2835589.50	0.00	0.00	41.58	0.00	281.12	176.13	1.47
663	0.00	63.00	4299.82	42998.17	214990.85	2835589.50	0.00	0.00	41.58	0.00	284.00	178.08	1.48
664	0.00	64.00	4299.82	42998.17	214990.85	2835589.50	0.00	0.00	41.58	0.00	306.98	187.38	1.58
665	0.00	65.00	4299.82	42998.17	214990.85	2835589.50	0.00	0.00	41.58	0.00	302.38	186.17	1.57
666	0.00	66.00	4299.82	42998.17	214990.85	2835589.50	0.00	0.00	41.58	0.00	297.80	185.04	1.55
667	0.00	67.00	4299.82	42998.17	214990.85	2835589.50	0.00	0.00	41.58	0.00	293.35	183.92	1.52
668	0.00	68.00	4299.82	42998.17	214990.85	2835589.50	0.00	0.00	41.58	0.00	289.15	182.58	1.51
669	0.00	69.00	4299.82	42998.17	214990.85	2835589.50	0.00	0.00	41.58	0.00	296.78	190.60	1.51
670	0.00	70.00	4299.82	42998.17	214990.85	2835589.50	0.00	0.00	41.58	0.00	293.48	189.91	1.49
671	0.00	71.00	4299.82	42998.17	214990.85	2835589.50	0.00	0.00	41.58	0.00	290.00	189.24	1.48
672	0.00	72.00	4299.82	42998.17	214990.85	2835589.50	0.00	0.00	41.58	0.00	288.54	188.95	1.47
673	0.00	73.00	4299.82	42998.17	214990.85	2835589.50	0.00	0.00	41.58	0.00	288.32	187.67	1.47
674	0.00	74.00	4299.82	42998.17	214990.85	2835589.50	0.00	0.00	41.58	0.00	289.21	187.79	1.49
675	0.00	25.00	4299.82	42998.17	214990.85	2835589.50	0.00	0.00	41.58	0.00	121.30	92.14	0.60
676	0.00	26.00	4299.82	42998.17	214990.85	2835589.50	0.00	0.00	41.58	0.00	125.04	90.10	0.58
677	0.00	27.00	4299.82	42998.17	214990.85	2835589.50	0.00	0.00	41.58	0.00	140.45	102.15	0.70
678	0.00	28.00	4299.82	42998.17	214990.85	2835589.50	0.00	0.00	41.58	0.00	221.19	123.82	1.14
679	0.00	29.00	4299.82	42998.17	214990.85	2835589.50	0.00	0.00	41.58	0.00	214.65	123.16	1.10
680	0.00	30.00	4299.82	42998.17	214990.85	2835589.50	0.00	0.00	41.58	0.00	214.01	131.73	1.10
681	0.00	31.00	4299.82	42998.17	214990.85	2835589.50	0.00	0.00	41.58	0.00	244.15	135.99	1.29
682	0.00	32.00	4299.82	42998.17	214990.85	2835589.50	0.00	0.00	41.58	0.00	241.97	141.30	1.25
683	0.00	33.00	4299.82	42998.17	214990.85	2835589.50	0.00	0.00	41.58	0.00	244.37	142.46	1.30
684	0.00	34.00	4299.82	42998.17	214990.85	2835589.50	0.00	0.00	41.58	0.00	260.42	149.09	1.35
685	0.00	35.00	4299.82	42998.17	214990.85	2835589.50	0.00	0.00	41.58	0.00	259.22	147.25	1.31
686	0.00	36.00	4299.82	42998.17	214990.85	2835589.50	0.00	0.00	41.58	0.00	262.45	150.70	1.36
687	0.00	37.00	4299.82	42998.17	214990.85	2835589.50	0.00	0.00	41.58	0.00	261.53	150.75	1.41
688	0.00	38.00	4299.82	42998.17	214990.85	2835589.50	0.00	0.00	41.58	0.00	289.19	167.88	1.61
689	0.00	39.00	4299.82	42998.17	214990.85	2835589.50	0.00	0.00	41.58	0.00	294.45	171.33	1.59
690	0.00	40.00	4299.82	42998.17	214990.85	2835589.50	0.00	0.00	41.58	0.00	294.31	171.14	1.57
691	0.00	41.00	4299.82	42998.17	214990.85	2835589.50	0.00	0.00	41.58	0.00	289.03	171.83	1.59
692	0.00	42.00	4299.82	42998.17	214990.85	2835589.50	0.00	0.00	41.58	0.00	315.05	176.33	1.79
693	0.00	43.00	4299.82	42998.17	214990.85	2835589.50	0.00	0.00	41.58	0.00	318.38	177.48	1.79
694	0.00	44.00	4299.82	42998.17	214990.85	2835589.50	0.00	0.00	41.58	0.00	337.87	178.93	1.93
695	0.00	45.00	4299.82	42998.17	214990.85	2835589.50	0.00	0.00	41.58	0.00	336.26	177.68	1.96
696	0.00	46.00	4299.82	42998.17	214990.85	2835589.50	0.00	0.00	41.58	0.00	330.66	177.33	1.93
697	0.00	47.00	4299.82	42998.17	214990.85	2835589.50	0.00	0.00	41.58	0.00	335.17	176.43	1.98
698	0.00	48.00	4299.82	42998.17	214990.85	2835589.50	0.00	0.00	41.58	0.00	328.19	174.98	1.94
699	0.00	49.00	4299.82	42998.17	214990.85	2835589.50	0.00	0.00	41.58	0.00	345.06	179.92	2.02
700	0.00	50.00	4299.82	42998.17	214990.85	2835589.50	0.00	0.00	41.58	0.00	339.97	178.24	2.00
701	0.00	51.00	4299.82	42998.17	214990.85	2835589.50	0.00	0.00	41.58	0.00	352.70	183.14	2.10
702	0.00	52.00	4299.82	42998.17	214990.85	2835589.50	0.00	0.00	41.58	0.00	349.85	183.98	2.10
703	0.00	53.00	4299.82	42998.17	214990.85	2835589.50	0.00	0.00	41.58	0.00	344.95	185.01	2.08
704	0.00	54.00	4299.82	42998.17	214990.85	2835589.50	0.00	0.00	41.58	0.00	343.48	185.07	2.09
705	0.00	55.00	4299.82	42998.17	214990.85	2835589.50	0.00	0.00	41.58	0.00	363.88	188.84	2.20
706	0.00	56.00	4299.82	42998.17	214990.85	2835589.50	0.00	0.00	41.58	0.00	378.10	193.05	2.30
707	0.00	57.00	4299.82	42998.17	214990.85	2835589.50	0.00	0.00	41.58	0.00	371.47	192.01	2.26
708	0.00	58.00	4299.82	42998.17	214990.85	2835589.50	0.00	0.00	41.58	0.00	365.11	190.88	2.24
709	0.00	59.00	4299.82	42998.17	214990.85	2835589.50	0.00	0.00	41.58	0.00	368.11	190.56	2.27
710	0.00	60.00	4299.82	42998.17	214990.85	2835589.50	0.00	0.00	41.58	0.00	377.02	189.30	2.32
711	0.00	61.00	4299.82	42998.17	214990.85	2835589.50	0.00	0.00	41.58	0.00	370.84	187.72	2.28
712	0.00	62.00	4299.82	42998.17	214990.85	2835589.50	0.00	0.00	41.58	0.00	393.17	200.22	2.37
713	0.00	63.00	4299.82	42998.17	214990.85	2835589.50	0.00	0.00	41.58	0.00	386.93	199.03	2.35
714	0.00	64.00	4299.82	42998.17	214990.85	2835589.50	0.00	0.00	41.58	0.00	386.72	198.51	2.36
715	0.00	65.00	4299.82	42998.17	214990.85	2835589.50	0.00	0.00	41.58	0.00	385.17	198.16	2.37
716	0.00	66.00	4299.82	42998.17	214990.85	2835589.50	0.00	0.00	41.58	0.00	386.22	197.12	2.36
717	0.00	67.00	4299.82	42998.17	214990.85	2835589.50	0.00	0.00	41.58	0.00	380.98	195.13	2.34
718	0.00	68.00	4299.82	42998.17	214990.85	2835589.50	0.00	0.00	41.58	0.00	375.38	194.20	2.31
719	0.00	69.00	4299.82	42998.17	214990.85	2835589.50	0.00	0.00	41.58	0.00	379.71	193.28	2.32
720	0.00	70.00	4299.82	42998.17	214990.85	2835589.50	0.00	0.00	41.58	0.00	378.37	192.96	2.33
721	0.00	71.00	4299.82	42998.17	214990.85	2835589.50	0.00	0.00	41.58	0.00	376.80	192.07	2.32
722	0.00	72.00	4299.82	42998.17	214990.85	2835589.50	0.00	0.00	41.58	0.00	378.02	191.74	2.33
723	0.00	73.00	4299.82	42998.17	214990.85	2835589.50	0.00	0.00	41.58	0.00	373.90	191.53	2.32
724	0.00	74.00	4299.82	42998.17	214990.85	2835589.50	0.00	0.00	41.58	0.00	368.85	190.53	2.30
725	0.00	25.00	4299.82	42998.17	214990.85	2835589.50	0.00	0.00	41.58	0.00	93.75	75.62	0.44
726	0.00	26.00	4299.82	42998.17	214990.85	2835589.50	0.00	0.00	41.58	0.00	92.65	76.25	0.42
727	0.00	27.00	4299.82	42998.17	214990.85	2835589.50	0.00	0.00	41.58	0.00	111.94	80.19	0.56
728	0.00	28.00	4299.82	42998.17	214990.85	2835589.50	0.00	0.00	41.58	0.00	118.23	88.96	0.64
729	0.00	29.00	4299.82	42998.17	214990.85	2835589.50	0.00	0.00	41.58	0.00	116.43	89.33	0.62
730	0.00	30.00	4299.82	42998.17	214990.85	2835589.50	0.00	0.00	41.58	0.00	121.68	91.80	0.63
731	0.00	31.00	4299.82	42998.17	214990.85	2835589.50	0.00	0.00	41.58	0.00	118.88	90.90	0.65
732	0.00	32.00	4299.82	42998.17	214990.85	2835589.50	0.00	0.00	41.58	0.00	115.17	92.83	0.62
733	0.00	33.00	4299.82	42998.17	214990.85	2835589.50	0.00	0.00	41.58	0.00	111.68	94.16	0.64
734	0.00	34.00	4299.82	42998.17	214990.85	2835589.50	0.00	0.00	41.58	0.00	124.43	100.47	0.74
735	0.00	35.00	4299.82	42998.17	214990.85	2835589.50	0.00	0.00	41.58	0.00	151.28	103.00	0.86
736	0.00	36.00	4299.82	42998.17	214990.85	2835589.50	0.00	0.00	41.58	0.00	163.77	106.47	1.00
737	0.00	37.00	4299.82	42998.17	214990.85	2835589.50	0.00	0.00	41.58	0.00	171.98	108.38	1.11
738	0.00	38.00	4299.82	42998.17	214990.85	2835589.50	0.00	0.00	41.58	0.00	184.58	110.25	1.16
739	0.00	39.00	4299.82	42998.17	214990.85	2835589.50	0.00	0.00	41.58	0.00	196.53	116.86	1.21
740	0.00	40.00	4299.82	42998.17	214990.85	2835589.50	0.00	0.00	41.58	0.00	452.90	107.91	2.48
741	0.00	41.00	5159.78	51597.80	257989.02	3193162.27	0.00	0.00	41.58	0.00	441.85	110.85	2.44
742	0.00	42.00	5159.78	51597.80	257989.02	3193162.27	0.00	0.00	41.58	0.00	438.58	112.16	2.45
743	0.00	43.00	5159.78	51597.80	257989.02	3193162.27	0.00	0.00	41.58	0.00	434.24	114.07	2.42
744	0.00	44.00	5159.78	51597.80	257989.02	3193162.27	0.00	0.00	41.58	0.00	429.84	115.19	2.36
745	0.00	45.00	5159.78	51597.80	257989.02	3193162.27	0.00	0.00	41.58	0.00	431.75	116.31	2.33
746	0.00	46.00	5159.78	51597.80	257989.02	3193162.27	0.00	0.00	41.58	0.00	438.97	116.25	2.33
747	0.00	47.00	5159.78	51597.80	257989.02	3193162.27	0.00	0.00	41.58	0.00	441.41	118.04	2.36
748	0.00	48.00	5159.78	51597.80	257989.02	3193162.27	0.00	0.00	41.58	0.00	433.95	120.43	2.35
749	0.00	49.00	5159.78	51597.80	257989.02	3193162.27	0.00	0.00	41.58	0.00	429.55	120.53	2.35
750	0.00	50.00	5159.78	51597.80	257989.02	3193162.27	0.00	0.00	41.58	0.00	446.99	135.25	2.36
751	0.00	51.00	5159.78	51597.80	257989.02	3193162.27	0.00	0.00	41.58	0.00	438.23	135.96	2.31
752	0.00	52.00	5159.78	51597.80	257989.02	3193162.27	0.00	0.00	41.58	0.00	429.80	134.54	2.27
753	0.00	53.00	5159.78	51597.80	257989.02	3193162.27	0.00	0.00	41.58	0.00	438.77	135.29	2.32
754	0.00	54.00	5159.78	51597.80	257989.02	3193162.27	0.00	0.00	41.58	0.00	460.77	143.94	2.41
755	0.00	55.00	5159.78	51597.80	257989.02	3193162.27	0.00	0.00	41.58	0.00	457.86	148.19	2.40
756	0.00	56.00	5159.78	51597.80	257989.02	3193162.27	0.00	0.00	41.58	0.00	469.56	157.36	2.46
757	0.00	57.00	5159.78	51597.80	257989.02	3193162.27	0.00	0.00	41.58	0.00	461.32	157.14	2.44
758	0.00	58.00	5159.78	51597.80	257989.02	3193162.27	0.00	0.00	41.58	0.00	461.54	162.66	2.41
759	0.00	59.00	5159.78	51597.80	257989.02	3193162.27	0.00	0.00	41.58	0.00	455.74	161.45	2.39
760	0.00	60.00	5159.78	51597.80	257989.02	3193162.27	0.00	0.00	41.58	0.00	460.89	160.40	2.38
761	0.00	61.00	5159.78	51597.80	257989.02	3193162.27	0.00	0.00	41.58	0.00	459.30	161.13	2.41
762	0.00	62.00	5159.78	51597.80	257989.02	3193162.27	0.00	0.00	41.58	0.00	460.20	160.89	2.39
763	0.00	63.00	5159.78	51597.80	257989.02	3193162.27	0.00	0.00	41.58	0.00	452.90	162.02	2.38
764	0.00	64.00	5159.78	51597.80	257989.02	3193162.27	0.00	0.00	41.58	0.00	455.41	163.19	2.41
765	0.00	65.00	5159.78	51597.80	257989.02	3193162.27	0.00	0.00	41.58	0.00	452.11	163.19	2.37
766	0.00	66.00	5159.78	51597.80	257989.02	3193162.27	0.00	0.00	41.58	0.00	447.52	163.12	2.36
767	0.00	67.00	5159.78	51597.80	257989.02	3193162.27	0.00	0.00	41.58	0.00	468.07	170.38	2.49
768	0.00	68.00	5159.78	51597.80	257989.02	3193162.27	0.00	0.00	41.58	0.00	461.19	169.07	2.46
769	0.00	69.00	5159.78	51597.80	257989.02	3193162.27	0.00	0.00	41.58	0.00	459.85	168.34	2.43
770	0.00	70.00	5159.78	51597.80	257989.02	3193162.27	0.00	0.00	41.58	0.00	474.28	176.79	2.50
771	0.00	71.00	5159.78	51597.80	257989.02	3193162.27	0.00	0.00	41.58	0.00	474.29	175.73	2.49
772	0.00	72.00	5159.78	51597.80	257989.02	3193162.27	0.00	0.00	41.58	0.00	474.04	175.48	2.53
773	0.00	73.00	5159.78	51597.80	257989.02	3193162.27	0.00	0.00	41.58	0.00	467.55	174.46	2.49
774	0.00	74.00	5159.78	51597.80	257989.02	3193162.27	0.00	0.00	41.58	0.00	473.15	174.49	2.54
775	0.00	25.00	5159.78	51597.80	257989.02	3193162.27	0.00	0.00	41.58	0.00	58.83	72.26	0.24
776	0.00	26.00	5159.78	51597.80	257989.02	3193162.27	0.00	0.00	41.58	0.00	56.57	76.81	0.31
777	0.00	27.00	5159.78	51597.80	257989.02	3193162.27	0.00	0.00	41.58	0.00	85.73	83.11	0.52
778	0.00	28.00	5159.78	51597.80	257989.02	3193162.27	0.00	0.00	41.58	0.00	107.18	95.90	0.68
779	0.00	29.00	5159.78	51597.80	257989.02	3193162.27	0.00	0.00	41.58	0.00	117.12	101.71	0.79
780	0.00	30.00	5159.78	51597.80	257989.02	3193162.27	0.00	0.00	41.58	0.00	137.84	102.38	0.93
781	0.00	31.00	5159.78	51597.80	257989.02	3193162.27	0.00	0.00	41.58	0.00	133.39	100.67	0.90
782	0.00	32.00	5159.78	51597.80	257989.02	3193162.27	0.00	0.00	41.58	0.00	130.32	103.45	0.91
783	0.00	33.00	5159.78	51597.80	257989.02	3193162.27	0.00	0.00	41.58	0.00	126.37	103.46	0.88
784	0.00	34.00	5159.78	51597.80	257989.02	3193162.27	0.00	0.00	41.58	0.00	207.50	115.14	1.29
785	0.00	35.00	5159.78	51597.80	257989.02	3193162.27	0.00	0.00	41.58	0.00	218.63	119.92	1.34
786	0.00	36.00	5159.78	51597.80	257989.02	3193162.27	0.00	0.00	41.58	0.00	220.56	126.02	1.39
787	0.00	37.00	5159.78	51597.80	257989.02	3193162.27	0.00	0.00	41.58	0.00	222.16	126.92	1.35
788	0.00	38.00	5159.78	51597.80	257989.02	3193162.27	0.00	0.00	41.58	0.00	262.49	144.57	1.53
789	0.00	39.00	5159.78	51597.80	257989.02	3193162.27	0.00	0.00	41.58	0.00	255.76	142.93	1.49
790	0.00	40.00	5159.78	51597.80	257989.02	3193162.27	0.00	0.00	41.58	0.00	256.88	144.65	1.50
791	0.00	41.00	5159.78	51597.80	257989.02	3193162.27	0.00	0.00	41.58	0.00	277.13	162.81	1.56
792	0.00	42.00	5159.78	51597.80	257989.02	3193162.27	0.00	0.00	41.58	0.00	293.97	165.88	1.67
793	0.00	43.00	5159.78	51597.80	257989.02	3193162.27	0.00	0.00	41.58	0.00	287.14	164.94	1.63
794	0.00	44.00	5159.78	51597.80	257989.02	3193162.27	0.00	0.00	41.58	0.00	326.48	182.35	1.82
795	0.00	45.00	5159.78	51597.80	257989.02	3193162.27	0.00	0.00	41.58	0.00	321.88	182.99	1.80
796	0.00	46.00	5159.78	51597.80	257989.02	3193162.27	0.00	0.00	41.58	0.00	321.86	183.77	1.85
797	0.00	47.00	5159.78	51597.80	257989.02	3193162.27	0.00	0.00	41.58	0.00	336.32	187.01	1.94
798	0.00	48.00	5159.78	51597.80	257989.02	3193162.27	0.00	0.00	41.58	0.00	338.10	186.02	1.98
799	0.00	49.00	5159.78	51597.80	257989.02	3193162.27	0.00	0.00	41.58	0.00	338.06	184.09	2.00
800	0.00	50.00	5159.78	51597.80	257989.02	3193162.27	0.00	0.00	41.58	0.00	334.26	182.77	2.02
801	0.00	51.00	5159.78	51597.80	257989.02	3193162.27	0.00	0.00	41.58	0.00	351.77	189.90	2.14
802	0.00	52.00	5159.78	51597.80	257989.02	3193162.27	0.00	0.00	41.58	0.00	357.38	190.45	2.15
803	0.00	53.00	5159.78	51597.80	257989.02	3193162.27	0.00	0.00	41.58	0.00	350.63	188.16	2.11
804	0.00	54.00	5159.78	51597.80	257989.02	3193162.27	0.00	0.00	41.58	0.00	346.00	186.98	2.07
805	0.00	55.00	5159.78	51597.80	257989.02	3193162.27	0.00	0.00	41.58	0.00	341.58	185.75	2.09
806	0.00	56.00	5159.78	51597.80	257989.02	3193162.27	0.00	0.00	41.58	0.00	345.72	186.88	2.12
807	0.00	57.00	5159.78	51597.80	257989.02	3193162.27	0.00	0.00	41.58	0.00	339.66	185.88	2.09
808	0.00	58.00	5159.78	51597.80	257989.02	3193162.27	0.00	0.00	41.58	0.00	336.35	184.90	2.10
809	0.00	59.00	5159.78	51597.80	257989.02	3193162.27	0.00	0.00	41.58	0.00	334.17	185.04	2.10
810	0.00	60.00	5159.78	51597.80	257989.02	3193162.27	0.00	0.00	41.58	0.00	360.90	194.37	2.18
811	0.00	61.00	5159.78	51597.80	257989.02	3193162.27	0.00	0.00	41.58	0.00	376.01	205.29	2.25
812	0.00	62.00	5159.78	51597.80	257989.02	3193162.27	0.00	0.00	41.58	0.00	369.94	203.27	2.21
813	0.00	63.00	5159.78	51597.80	257989.02	3193162.27	0.00	0.00	41.58	0.00	370.79	201.21	2.21
814	0.00	64.00	5159.78	51597.80	257989.02	3193162.27	0.00	0.00	41.58	0.00	366.87	200.67	2.19
815	0.00	65.00	5159.78	51597.80	257989.02	3193162.27	0.00	0.00	41.58	0.00	386.48	208.67	2.28
816	0.00	66.00	5159.78	51597.80	257989.02	3193162.27	0.00	0.00	41.58	0.00	383.76	207.02	2.27
817	0.00	67.00	5159.78	51597.80	257989.02	3193162.27	0.00	0.00	41.58	0.00	378.03	205.51	2.24
818	0.00	68.00	5159.78	51597.80	257989.02	3193162.27	0.00	0.00	41.58	0.00	386.41	216.35	2.35
819	0.00	69.00	5159.78	51597.80	257989.02	3193162.27	0.00	0.00	41.58	0.00	386.94	214.21	2.35
820	0.00	70.00	5159.78	51597.80	257989.02	3193162.27	0.00	0.00	41.58	0.00	389.95	213.01	2.37
821	0.00	71.00	5159.78	51597.80	257989.02	3193162.27	0.00	0.00	41.58	0.00	388.69	212.65	2.37
822	0.00	72.00	5159.78	51597.80	257989.02	3193162.27	0.00	0.00	41.58	0.00	391.52	212.15	2.40
823	0.00	73.00	5159.78	51597.80	257989.02	3193162.27	0.00	0.00	41.58	0.00	401.72	216.25	2.44
824	0.00	74.00	5159.78	51597.80	257989.02	3193162.27	0.00	0.00	41.58	0.00	410.99	217.82	2.49
825	0.00	25.00	5159.78	51597.80	257989.02	3193162.27	0.00	0.00	41.58	0.00	58.83	71.07	0.24
826	0.00	26.00	5159.78	51597.80	257989.02	3193162.27	0.00	0.00	41.58	0.00	96.32	91.11	0.50
827	0.00	27.00	5159.78	51597.80	257989.02	3193162.27	0.00	0.00	41.58	0.00	92.97	91.34	0.48
828	0.00	28.00	5159.78	51597.80	257989.02	3193162.27	0.00	0.00	41.58	0.00	89.65	89.77	0.46
829	0.00	29.00	5159.78	51597.80	257989.02	3193162.27	0.00	0.00	41.58	0.00	110.96	97.83	0.66
830	0.00	30.00	5159.78	51597.80	257989.02	3193162.27	0.00	0.00	41.58	0.00	107.26	99.36	0.63
831	0.00	31.00	5159.78	51597.80	257989.02	3193162.27	0.00	0.00	41.58	0.00	103.80	98.57	0.61
832	0.00	32.00	5159.78	51597.80	257989.02	3193162.27	0.00	0.00	41.58	0.00	102.84	98.34	0.59
833	0.00	33.00	5159.78	51597.80	257989.02	3193162.27	0.00	0.00	41.58	0.00	100.31	99.44	0.58
834	0.00	34.00	5159.78	51597.80	257989.02	3193162.27	0.00	0.00	41.58	0.00	107.28	101.27	0.62
835	0.00	35.00	5159.78	51597.80	257989.02	3193162.27	0.00	0.00	41.58	0.00	104.21	101.67	0.60
836	0.00	36.00	5159.78	51597.80	257989.02	3193162.27	0.00	0.00	41.58	0.00	104.47	101.52	0.58
837	0.00	37.00	5159.78	51597.80	257989.02	3193162.27	0.00	0.00	41.58	0.00	101.65	100.69	0.57
838	0.00	38.00	5159.78	51597.80	257989.02	3193162.27	0.00	0.00	41.58	0.00	150.99	121.37	0.79
839	0.00	39.00	5159.78	51597.80	257989.02	3193162.27	0.00	0.00	41.58	0.00	171.42	133.42	1.03
840	0.00	40.00	5159.78	51597.80	257989.02	3193162.27	0.00	0.00	41.58	0.00	179.32	138.30	1.05
841	0.00	41.00	6191.74	61917.36	309586.82	3622249.61	0.00	0.00	41.58	0.00	175.99	137.39	1.02
842	0.00	42.00	6191.74	61917.36	309586.82	3622249.61	0.00	0.00	41.58	0.00	188.87	138.76	1.10
843	0.00	43.00	6191.74	61917.36	309586.82	3622249.61	0.00	0.00	41.58	0.00	184.48	141.29	1.12
844	0.00	44.00	6191.74	61917.36	309586.82	3622249.61	0.00	0.00	41.58	0.00	193.86	142.96	1.16
845	0.00	45.00	6191.74	61917.36	309586.82	3622249.61	0.00	0.00	41.58	0.00	196.59	148.01	1.20
846	0.00	46.00	6191.74	61917.36	309586.82	3622249.61	0.00	0.00	41.58	0.00	192.31	147.08	1.20
847	0.00	47.00	6191.74	61917.36	309586.82	3622249.61	0.00	0.00	41.58	0.00	195.70	146.68	1.21
848	0.00	48.00	6191.74	61917.36	309586.82	3622249.61	0.00	0.00	41.58	0.00	214.17	157.32	1.27
849	0.00	49.00	6191.74	61917.36	309586.82	3622249.61	0.00	0.00	41.58	0.00	229.89	162.99	1.37
850	0.00	50.00	6191.74	61917.36	309586.82	3622249.61	0.00	0.00	41.58	0.00	242.63	163.80	1.46
851	0.00	51.00	6191.74	61917.36	309586.82	3622249.61	0.00	0.00	41.58	0.00	243.52	163.89	1.49
852	0.00	52.00	6191.74	61917.36	309586.82	3622249.61	0.00	0.00	41.58	0.00	244.38	163.88	1.52
853	0.00	53.00	6191.74	61917.36	309586.82	3622249.61	0.00	0.00	41.58	0.00	239.77	163.78	1.49
854	0.00	54.00	6191.74	61917.36	309586.82	3622249.61	0.00	0.00	41.58	0.00	242.14	163.66	1.48
855	0.00	55.00	6191.74	61917.36	309586.82	3622249.61	0.00	0.00	41.58	0.00	260.41	167.68	1.55
856	0.00	56.00	6191.74	61917.36	309586.82	3622249.61	0.00	0.00	41.58	0.00	272.88	175.06	1.64
857	0.00	57.00	6191.74	61917.36	309586.82	3622249.61	0.00	0.00	41.58	0.00	279.06	176.56	1.67
858	0.00	58.00	6191.74	61917.36	309586.82	3622249.61	0.00	0.00	41.58	0.00	275.00	176.43	1.67
859	0.00	59.00	6191.74	61917.36	309586.82	3622249.61	0.00	0.00	41.58	0.00	270.34	175.01	1.64
860	0.00	60.00	6191.74	61917.36	309586.82	3622249.61	0.00	0.00	41.58	0.00	289.48	180.89	1.77
861	0.00	61.00	6191.74	61917.36	309586.82	3622249.61	0.00	0.00	41.58	0.00	293.00	185.98	1.77
862	0.00	62.00	6191.74	61917.36	309586.82	3622249.61	0.00	0.00	41.58	0.00	297.10	184.15	1.79
863	0.00	63.00	6191.74	61917.36	309586.82	3622249.61	0.00	0.00	41.58	0.00	302.37	183.17	1.81
864	0.00	64.00	6191.74	61917.36	309586.82	3622249.61	0.00	0.00	41.58	0.00	299.42	181.95	1.78
865	0.00	65.00	6191.74	61917.36	309586.82	3622249.61	0.00	0.00	41.58	0.00	300.76	183.38	1.82
866	0.00	66.00	6191.74	61917.36	309586.82	3622249.61	0.00	0.00	41.58	0.00	298.69	182.72	1.82
867	0.00	67.00	6191.74	61917.36	309586.82	3622249.61	0.00	0.00	41.58	0.00	294.32	181.38	1.79
868	0.00	68.00	6191.74	61917.36	309586.82	3622249.61	0.00	0.00	41.58	0.00	289.99	180.02	1.76
869	0.00	69.00	6191.74	61917.36	309586.82	3622249.61	0.00	0.00	41.58	0.00	295.94	180.21	1.84
870	0.00	70.00	6191.74	61917.36	309586.82	3622249.61	0.00	0.00	41.58	0.00	291.71	178.99	1.81
871	0.00	71.00	6191.74	61917.36	309586.82	3622249.61	0.00	0.00	41.58	0.00	287.90	180.12	1.80
872	0.00	72.00	6191.74	61917.36	309586.82	3622249.61	0.00	0.00	41.58	0.00	289.89	179.33	1.81
873	0.00	73.00	6191.74	61917.36	309586.82	3622249.61	0.00	0.00	41.58	0.00	286.19	178.09	1.78
874	0.00	74.00	6191.74	61917.36	309586.82	3622249.61	0.00	0.00	41.58	0.00	289.69	178.98	1.81
875	0.00	25.00	6191.74	61917.36	309586.82	3622249.61	0.00	0.00	41.58	0.00	62.01	68.57	0.20
876	0.00	26.00	6191.74	61917.36	309586.82	3622249.61	0.00	0.00	41.58	0.00	71.65	72.78	0.27
877	0.00	27.00	6191.74	61917.36	309586.82	3622249.61	0.00	0.00	41.58	0.00	69.77	76.62	0.30
878	0.00	28.00	6191.74	61917.36	309586.82	3622249.61	0.00	0.00	41.58	0.00	75.30	77.63	0.29
879	0.00	29.00	6191.74	61917.36	309586.82	3622249.61	0.00	0.00	41.58	0.00	73.72	81.69	0.31
880	0.00	30.00	6191.74	61917.36	309586.82	3622249.61	0.00	0.00	41.58	0.00	127.08	100.15	0.47
881	0.00	31.00	6191.74	61917.36	309586.82	3622249.61	0.00	0.00	41.58	0.00	126.68	99.34	0.45
882	0.00	32.00	6191.74	61917.36	309586.82	3622249.61	0.00	0.00	41.58	0.00	125.08	100.95	0.47
883	0.00	33.00	6191.74	61917.36	309586.82	3622249.61	0.00	0.00	41.58	0.00	133.35	102.17	0.48
884	0.00	34.00	6191.74	61917.36	309586.82	3622249.61	0.00	0.00	41.58	0.00	136.69	103.88	0.50
885	0.00	35.00	6191.74	61917.36	309586.82	3622249.61	0.00	0.00	41.58	0.00	151.39	120.00	0.60
886	0.00	36.00	6191.74	61917.36	309586.82	3622249.61	0.00	0.00	41.58	0.00	177.95	123.82	0.78
887	0.00	37.00	6191.74	61917.36	309586.82	3622249.61	0.00	0.00	41.58	0.00	175.18	124.93	0.78
888	0.00	38.00	6191.74	61917.36	309586.82	3622249.61	0.00	0.00	41.58	0.00	189.82	133.48	0.89
889	0.00	39.00	6191.74	61917.36	309586.82	3622249.61	0.00	0.00	41.58	0.00	190.31	134.33	0.90
890	0.00	40.00	6191.74	61917.36	309586.82	3622249.61	0.00	0.00	41.58	0.00	224.21	152.70	1.05
891	0.00	41.00	6191.74	61917.36	309586.82	3622249.61	0.00	0.00	41.58	0.00	220.58	153.47	1.05
892	0.00	42.00	6191.74	61917.36	309586.82	3622249.61	0.00	0.00	41.58	0.00	227.79	155.20	1.10
893	0.00	43.00	6191.74	61917.36	309586.82	3622249.61	0.00	0.00	41.58	0.00	230.88	163.67	1.19
894	0.00	44.00	6191.74	61917.36	309586.82	3622249.61	0.00	0.00	41.58	0.00	233.73	165.58	1.23
895	0.00	45.00	6191.74	61917.36	309586.82	3622249.61	0.00	0.00	41.58	0.00	228.53	165.61	1.20
896	0.00	46.00	6191.74	61917.36	309586.82	3622249.61	0.00	0.00	41.58	0.00	265.19	183.50	1.37
897	0.00	47.00	6191.74	61917.36	309586.82	3622249.61	0.00	0.00	41.58	0.00	262.36	188.82	1.38
898	0.00	48.00	6191.74	61917.36	309586.82	3622249.61	0.00	0.00	41.58	0.00	256.90	186.30	1.35
899	0.00	49.00	6191.74	61917.36	309586.82	3622249.61	0.00	0.00	41.58	0.00	251.66	185.31	1.33
900	0.00	50.00	6191.74	61917.36	309586.82	3622249.61	0.00	0.00	41.58	0.00	253.21	184.45	1.32
901	0.00	51.00	6191.74	61917.36	309586.82	3622249.61	0.00	0.00	41.58	0.00	252.04	183.65	1.29
902	0.00	52.00	6191.74	61917.36	309586.82	3622249.61	0.00	0.00	41.58	0.00	254.39	183.15	1.29
903	0.00	53.00	6191.74	61917.36	309586.82	3622249.61	0.00	0.00	41.58	0.00	253.05	182.14	1.28
904	0.00	54.00	6191.74	61917.36	309586.82	3622249.61	0.00	0.00	41.58	0.00	248.62	181.18	1.26
905	0.00	55.00	6191.74	61917.36	309586.82	3622249.61	0.00	0.00	41.58	0.00	278.58	189.05	1.40
906	0.00	56.00	6191.74	61917.36	309586.82	3622249.61	0.00	0.00	41.58	0.00	284.56	187.84	1.41
907	0.00	57.00	6191.74	61917.36	309586.82	3622249.61	0.00	0.00	41.58	0.00	286.65	187.78	1.39
908	0.00	58.00	6191.74	61917.36	309586.82	3622249.61	0.00	0.00	41.58	0.00	285.04	187.35	1.36
909	0.00	59.00	6191.74	61917.36	309586.82	3622249.61	0.00	0.00	41.58	0.00	287.72	186.69	1.42
910	0.00	60.00	6191.74	61917.36	309586.82	3622249.61	0.00	0.00	41.58	0.00	290.05	186.35	1.45
911	0.00	61.00	6191.74	61917.36	309586.82	3622249.61	0.00	0.00	41.58	0.00	314.83	195.32	1.62
912	0.00	62.00	6191.74	61917.36	309586.82	3622249.61	0.00	0.00	41.58	0.00	322.49	196.04	1.69
913	0.00	63.00	6191.74	61917.36	309586.82	3622249.61	0.00	0.00	41.58	0.00	317.37	196.08	1.67
914	0.00	64.00	6191.74	61917.36	309586.82	3622249.61	0.00	0.00	41.58	0.00	312.74	195.18	1.66
915	0.00	65.00	6191.74	61917.36	309586.82	3622249.61	0.00	0.00	41.58	0.00	314.26	194.19	1.66
916	0.00	66.00	6191.74	61917.36	309586.82	3622249.61	0.00	0.00	41.58	0.00	338.79	196.31	1.79
917	0.00	67.00	6191.74	61917.36	309586.82	3622249.61	0.00	0.00	41.58	0.00	337.09	197.13	1.76
918	0.00	68.00	6191.74	61917.36	309586.82	3622249.61	0.00	0.00	41.58	0.00	335.77	196.71	1.74
919	0.00	69.00	6191.74	61917.36	309586.82	3622249.61	0.00	0.00	41.58	0.00	332.57	195.03	1.71
920	0.00	70.00	6191.74	61917.36	309586.82	3622249.61	0.00	0.00	41.58	0.00	328.09	196.07	1.69
921	0.00	71.00	6191.74	61917.36	309586.82	3622249.61	0.00	0.00	41.58	0.00	323.47	194.49	1.66
922	0.00	72.00	6191.74	61917.36	309586.82	3622249.61	0.00	0.00	41.58	0.00	331.91	194.76	1.71
923	0.00	73.00	6191.74	61917.36	309586.82	3622249.61	0.00	0.00	41.58	0.00	349.67	201.99	1.75
924	0.00	74.00	6191.74	61917.36	309586.82	3622249.61	0.00	0.00	41.58	0.00	345.23	201.45	1.74
925	0.00	25.00	6191.74	61917.36	309586.82	3622249.61	0.00	0.00	41.58	0.00	47.95	69.16	0.20
926	0.00	26.00	6191.74	61917.36	309586.82	3622249.61	0.00	0.00	41.58	0.00	63.67	71.66	0.31
927	0.00	27.00	6191.74	61917.36	309586.82	3622249.61	0.00	0.00	41.58	0.00	79.37	73.53	0.33
928	0.00	28.00	6191.74	61917.36	309586.82	3622249.61	0.00	0.00	41.58	0.00	76.54	78.21	0.32
929	0.00	29.00	6191.74	61917.36	309586.82	3622249.61	0.00	0.00	41.58	0.00	88.70	80.77	0.38
930	0.00	30.00	6191.74	61917.36	309586.82	3622249.61	0.00	0.00	41.58	0.00	139.98	106.09	0.60
931	0.00	31.00	6191.74	61917.36	309586.82	3622249.61	0.00	0.00	41.58	0.00	163.34	120.06	0.81
932	0.00	32.00	6191.74	61917.36	309586.82	3622249.61	0.00	0.00	41.58	0.00	168.62	120.21	0.81
933	0.00	33.00	6191.74	61917.36	309586.82	3622249.61	0.00	0.00	41.58	0.00	171.60	120.66	0.79
934	0.00	34.00	6191.74	61917.36	309586.82	3622249.61	0.00	0.00	41.58	0.00	191.00	135.32	0.88
935	0.00	35.00	6191.74	61917.36	309586.82	3622249.61	0.00	0.00	41.58	0.00	196.75	137.24	0.91
936	0.00	36.00	6191.74	61917.36	309586.82	3622249.61	0.00	0.00	41.58	0.00	206.05	137.92	0.97
937	0.00	37.00	6191.74	61917.36	309586.82	3622249.61	0.00	0.00	41.58	0.00	245.74	162.05	1.05
938	0.00	38.00	6191.74	61917.36	309586.82	3622249.61	0.00	0.00	41.58	0.00	260.14	169.64	1.16
939	0.00	39.00	6191.74	61917.36	309586.82	3622249.61	0.00	0.00	41.58	0.00	253.83	167.63	1.13
940	0.00	40.00	6191.74	61917.36	309586.82	3622249.61	0.00	0.00	41.58	0.00	439.81	103.91	2.60
941	0.00	41.00	7430.08	74300.84	371504.19	4137154.41	0.00	0.00	41.58	0.00	434.58	109.87	2.61
942	0.00	42.00	7430.08	74300.84	371504.19	4137154.41	0.00	0.00	41.58	0.00	424.24	108.63	2.55
943	0.00	43.00	7430.08	74300.84	371504.19	4137154.41	0.00	0.00	41.58	0.00	428.64	110.94	2.58
944	0.00	44.00	7430.08	74300.84	371504.19	4137154.41	0.00	0.00	41.58	0.00	434.62	112.10	2.61
945	0.00	45.00	7430.08	74300.84	371504.19	4137154.41	0.00	0.00	41.58	0.00	435.81	111.13	2.58
946	0.00	46.00	7430.08	74300.84	371504.19	4137154.41	0.00	0.00	41.58	0.00	441.93	115.02	2.61
947	0.00	47.00	7430.08	74300.84	371504.19	4137154.41	0.00	0.00	41.58	0.00	457.47	117.47	2.70
948	0.00	48.00	7430.08	74300.84	371504.19	4137154.41	0.00	0.00	41.58	0.00	460.38	119.87	2.81
949	0.00	49.00	7430.08	74300.84	371504.19	4137154.41	0.00	0.00	41.58	0.00	467.39	135.70	2.80
950	0.00	50.00	7430.08	74300.84	371504.19	4137154.41	0.00	0.00	41.58	0.00	458.04	134.73	2.74
951	0.00	51.00	7430.08	74300.84	371504.19	4137154.41	0.00	0.00	41.58	0.00	454.29	135.17	2.69
952	0.00	52.00	7430.08	74300.84	371504.19	4137154.41	0.00	0.00	41.58	0.00	470.84	136.15	2.81
953	0.00	53.00	7430.08	74300.84	371504.19	4137154.41	0.00	0.00	41.58	0.00	472.88	136.69	2.77
954	0.00	54.00	7430.08	74300.84	371504.19	4137154.41	0.00	0.00	41.58	0.00	470.30	137.49	2.74
955	0.00	55.00	7430.08	74300.84	371504.19	4137154.41	0.00	0.00	41.58	0.00	491.76	149.78	2.91
956	0.00	56.00	7430.08	74300.84	371504.19	4137154.41	0.00	0.00	41.58	0.00	485.45	149.45	2.86
957	0.00	57.00	7430.08	74300.84	371504.19	4137154.41	0.00	0.00	41.58	0.00	491.28	154.93	2.89
958	0.00	58.00	7430.08	74300.84	371504.19	4137154.41	0.00	0.00	41.58	0.00	492.79	154.86	2.86
959	0.00	59.00	7430.08	74300.84	371504.19	4137154.41	0.00	0.00	41.58	0.00	489.90	154.84	2.85
960	0.00	60.00	7430.08	74300.84	371504.19	4137154.41	0.00	0.00	41.58	0.00	493.27	154.60	2.87
961	0.00	61.00	7430.08	74300.84	371504.19	4137154.41	0.00	0.00	41.58	0.00	501.91	158.54	2.90
962	0.00	62.00	7430.08	74300.84	371504.19	4137154.41	0.00	0.00	41.58	0.00	502.61	159.46	2.92
963	0.00	63.00	7430.08	74300.84	371504.19	4137154.41	0.00	0.00	41.58	0.00	505.26	160.27	2.90
964	0.00	64.00	7430.08	74300.84	371504.19	4137154.41	0.00	0.00	41.58	0.00	508.98	163.25	2.92
965	0.00	65.00	7430.08	74300.84	371504.19	4137154.41	0.00	0.00	41.58	0.00	517.15	162.85	2.97
966	0.00	66.00	7430.08	74300.84	371504.19	4137154.41	0.00	0.00	41.58	0.00	511.62	162.78	2.92
967	0.00	67.00	7430.08	74300.84	371504.19	4137154.41	0.00	0.00	41.58	0.00	503.98	161.97	2.88
968	0.00	68.00	7430.08	74300.84	371504.19	4137154.41	0.00	0.00	41.58	0.00	502.24	162.51	2.87
969	0.00	69.00	7430.08	74300.84	371504.19	4137154.41	0.00	0.00	41.58	0.00	495.29	161.95	2.84
970	0.00	70.00	7430.08	74300.84	371504.19	4137154.41	0.00	0.00	41.58	0.00	499.44	162.83	2.87
971	0.00	71.00	7430.08	74300.84	371504.19	4137154.41	0.00	0.00	41.58	0.00	496.47	165.31	2.87
972	0.00	72.00	7430.08	74300.84	371504.19	4137154.41	0.00	0.00	41.58	0.00	504.09	165.75	2.92
973	0.00	73.00	7430.08	74300.84	371504.19	4137154.41	0.00	0.00	41.58	0.00	498.48	164.86	2.89
974	0.00	74.00	7430.08	74300.84	371504.19	4137154.41	0.00	0.00	41.58	0.00	491.75	163.36	2.85
975	0.00	25.00	7430.08	74300.84	371504.19	4137154.41	0.00	0.00	41.58	0.00	62.94	68.47	0.16
976	0.00	26.00	7430.08	74300.84	371504.19	4137154.41	0.00	0.00	41.58	0.00	70.18	72.74	0.15
977	0.00	27.00	7430.08	74300.84	371504.19	4137154.41	0.00	0.00	41.58	0.00	160.63	100.10	0.52
978	0.00	28.00	7430.08	74300.84	371504.19	4137154.41	0.00	0.00	41.58	0.00	200.84	108.85	0.71
979	0.00	29.00	7430.08	74300.84	371504.19	4137154.41	0.00	0.00	41.58	0.00	230.30	110.08	0.83
980	0.00	30.00	7430.08	74300.84	371504.19	4137154.41	0.00	0.00	41.58	0.00	267.44	128.06	1.10
981	0.00	31.00	7430.08	74300.84	371504.19	4137154.41	0.00	0.00	41.58	0.00	312.84	155.97	1.23
982	0.00	32.00	7430.08	74300.84	371504.19	4137154.41	0.00	0.00	41.58	0.00	303.06	153.11	1.19
983	0.00	33.00	7430.08	74300.84	371504.19	4137154.41	0.00	0.00	41.58	0.00	294.46	154.34	1.15
984	0.00	34.00	7430.08	74300.84	371504.19	4137154.41	0.00	0.00	41.58	0.00	288.60	155.96	1.15
985	0.00	35.00	7430.08	74300.84	371504.19	4137154.41	0.00	0.00	41.58	0.00	298.60	157.33	1.26
986	0.00	36.00	7430.08	74300.84	371504.19	4137154.41	0.00	0.00	41.58	0.00	321.82	158.72	1.44
987	0.00	37.00	7430.08	74300.84	371504.19	4137154.41	0.00	0.00	41.58	0.00	320.41	161.63	1.46
988	0.00	38.00	7430.08	74300.84	371504.19	4137154.41	0.00	0.00	41.58	0.00	314.48	164.99	1.45
989	0.00	39.00	7430.08	74300.84	371504.19	4137154.41	0.00	0.00	41.58	0.00	320.48	171.46	1.49
990	0.00	40.00	7430.08	74300.84	371504.19	4137154.41	0.00	0.00	41.58	0.00	319.20	171.42	1.50
991	0.00	41.00	7430.08	74300.84	371504.19	4137154.41	0.00	0.00	41.58	0.00	311.42	171.06	1.46
992	0.00	42.00	7430.08	74300.84	371504.19	4137154.41	0.00	0.00	41.58	0.00	314.29	170.49	1.48
993	0.00	43.00	7430.08	74300.84	371504.19	4137154.41	0.00	0.00	41.58	0.00	307.31	169.18	1.44
994	0.00	44.00	7430.08	74300.84	371504.19	4137154.41	0.00	0.00	41.58	0.00	306.89	169.52	1.41
995	0.00	45.00	7430.08	74300.84	371504.19	4137154.41	0.00	0.00	41.58	0.00	300.97	167.55	1.38
996	0.00	46.00	7430.08	74300.84	371504.19	4137154.41	0.00	0.00	41.58	0.00	298.80	167.16	1.37
997	0.00	47.00	7430.08	74300.84	371504.19	4137154.41	0.00	0.00	41.58	0.00	301.19	167.88	1.40
998	0.00	48.00	7430.08	74300.84	371504.19	4137154.41	0.00	0.00	41.58	0.00	309.58	168.73	1.48
999	0.00	49.00	7430.08	74300.84	371504.19	4137154.41	0.00	0.00	41.58	0.00	303.66	171.30	1.45
1000	0.00	50.00	7430.08	74300.84	371504.19	4137154.41	0.00	0.00	41.58	0.00	297.58	170.23	1.42
