some parameters
Gen.	# feasible solutions	# infeasible solutions	cap. penality	dur. penality	num. penality	best penalized cost	best feasible cost	best cap. violation	best dur. violation	best num. violation	avg cap. violation	avg dur. violation	avg num. violation	Gap from BKS
1	3.00	48.00	850.00	12000.00	42500.00	599153.95	599153.95	0.00	0.00	0.00	0.00	25.82	0.00	0.25
2	3.00	49.00	850.00	12000.00	42500.00	599153.95	599153.95	0.00	0.00	0.00	0.00	25.39	0.00	0.25
3	3.00	50.00	850.00	12000.00	42500.00	599153.95	599153.95	0.00	0.00	0.00	0.00	25.34	0.00	0.25
4	3.00	51.00	850.00	12000.00	42500.00	599153.95	599153.95	0.00	0.00	0.00	0.00	25.44	0.00	0.25
5	4.00	51.00	850.00	12000.00	42500.00	599153.95	599153.95	0.00	0.00	0.00	0.00	24.98	0.00	0.25
6	4.00	52.00	850.00	12000.00	42500.00	599153.95	599153.95	0.00	0.00	0.00	0.00	24.67	0.00	0.25
7	4.00	53.00	850.00	12000.00	42500.00	599153.95	599153.95	0.00	0.00	0.00	0.00	24.29	0.00	0.25
8	4.00	54.00	850.00	12000.00	42500.00	599153.95	599153.95	0.00	0.00	0.00	0.00	24.32	0.00	0.25
9	4.00	55.00	850.00	12000.00	42500.00	599153.95	599153.95	0.00	0.00	0.00	0.00	24.31	0.00	0.25
10	4.00	56.00	850.00	12000.00	42500.00	599153.95	599153.95	0.00	0.00	0.00	0.00	24.09	0.00	0.25
11	4.00	57.00	850.00	12000.00	42500.00	599153.95	599153.95	0.00	0.00	0.00	0.00	24.20	0.00	0.25
12	4.00	58.00	850.00	12000.00	42500.00	599153.95	599153.95	0.00	0.00	0.00	0.00	23.90	0.00	0.25
13	4.00	59.00	850.00	12000.00	42500.00	599153.95	599153.95	0.00	0.00	0.00	0.00	24.17	0.00	0.25
14	4.00	60.00	850.00	12000.00	42500.00	599153.95	599153.95	0.00	0.00	0.00	0.00	23.97	0.00	0.25
15	5.00	60.00	850.00	12000.00	42500.00	540981.31	540981.31	0.00	0.00	0.00	0.00	23.60	0.00	0.13
16	5.00	61.00	850.00	12000.00	42500.00	540981.31	540981.31	0.00	0.00	0.00	0.00	23.46	0.00	0.13
17	5.00	62.00	850.00	12000.00	42500.00	540981.31	540981.31	0.00	0.00	0.00	0.00	23.40	0.00	0.13
18	5.00	63.00	850.00	12000.00	42500.00	540981.31	540981.31	0.00	0.00	0.00	0.00	23.19	0.00	0.13
19	5.00	64.00	850.00	12000.00	42500.00	540981.31	540981.31	0.00	0.00	0.00	0.00	23.02	0.00	0.13
20	5.00	65.00	850.00	12000.00	42500.00	540981.31	540981.31	0.00	0.00	0.00	0.00	22.79	0.00	0.13
21	6.00	65.00	850.00	12000.00	42500.00	540981.31	540981.31	0.00	0.00	0.00	0.00	22.47	0.00	0.13
22	7.00	65.00	850.00	12000.00	42500.00	540981.31	540981.31	0.00	0.00	0.00	0.00	22.16	0.00	0.13
23	8.00	65.00	850.00	12000.00	42500.00	540981.31	540981.31	0.00	0.00	0.00	0.00	21.86	0.00	0.13
24	8.00	66.00	850.00	12000.00	42500.00	540981.31	540981.31	0.00	0.00	0.00	0.00	21.83	0.00	0.13
25	8.00	67.00	850.00	12000.00	42500.00	540981.31	540981.31	0.00	0.00	0.00	0.00	21.84	0.00	0.13
26	8.00	68.00	850.00	12000.00	42500.00	540981.31	540981.31	0.00	0.00	0.00	0.00	21.78	0.00	0.13
27	8.00	69.00	850.00	12000.00	42500.00	540981.31	540981.31	0.00	0.00	0.00	0.00	21.58	0.00	0.13
28	9.00	69.00	850.00	12000.00	42500.00	540981.31	540981.31	0.00	0.00	0.00	0.00	21.30	0.00	0.13
29	9.00	70.00	850.00	12000.00	42500.00	540981.31	540981.31	0.00	0.00	0.00	0.00	21.18	0.00	0.13
30	9.00	71.00	850.00	12000.00	42500.00	540981.31	540981.31	0.00	0.00	0.00	0.00	21.13	0.00	0.13
31	9.00	72.00	850.00	12000.00	42500.00	540981.31	540981.31	0.00	0.00	0.00	0.00	21.01	0.00	0.13
32	10.00	72.00	850.00	12000.00	42500.00	540981.31	540981.31	0.00	0.00	0.00	0.00	20.75	0.00	0.13
33	10.00	73.00	850.00	12000.00	42500.00	540981.31	540981.31	0.00	0.00	0.00	0.00	20.64	0.00	0.13
34	10.00	74.00	850.00	12000.00	42500.00	540981.31	540981.31	0.00	0.00	0.00	0.00	20.43	0.00	0.13
35	10.00	25.00	850.00	12000.00	42500.00	540981.31	540981.31	0.00	0.00	0.00	0.00	10.09	0.00	0.13
36	10.00	26.00	850.00	12000.00	42500.00	540981.31	540981.31	0.00	0.00	0.00	0.00	9.89	0.00	0.13
37	11.00	26.00	850.00	12000.00	42500.00	540981.31	540981.31	0.00	0.00	0.00	0.00	9.62	0.00	0.13
38	11.00	27.00	850.00	12000.00	42500.00	540981.31	540981.31	0.00	0.00	0.00	0.00	10.11	0.00	0.13
39	11.00	28.00	850.00	12000.00	42500.00	540981.31	540981.31	0.00	0.00	0.00	0.00	9.93	0.00	0.13
40	11.00	29.00	850.00	12000.00	42500.00	540981.31	540981.31	0.00	0.00	0.00	0.00	10.66	0.00	0.13
41	11.00	30.00	850.00	12000.00	42500.00	540981.31	540981.31	0.00	0.00	0.00	0.00	10.73	0.00	0.13
42	12.00	30.00	850.00	12000.00	42500.00	540981.31	540981.31	0.00	0.00	0.00	0.00	10.47	0.00	0.13
43	12.00	31.00	850.00	12000.00	42500.00	540981.31	540981.31	0.00	0.00	0.00	0.00	12.21	0.00	0.13
44	13.00	31.00	850.00	12000.00	42500.00	540981.31	540981.31	0.00	0.00	0.00	0.00	11.93	0.00	0.13
45	14.00	31.00	850.00	12000.00	42500.00	540981.31	540981.31	0.00	0.00	0.00	0.00	11.66	0.00	0.13
46	15.00	31.00	850.00	12000.00	42500.00	540981.31	540981.31	0.00	0.00	0.00	0.00	11.41	0.00	0.13
47	15.00	32.00	850.00	12000.00	42500.00	540981.31	540981.31	0.00	0.00	0.00	0.00	11.41	0.00	0.13
48	15.00	33.00	850.00	12000.00	42500.00	540981.31	540981.31	0.00	0.00	0.00	0.00	11.25	0.00	0.13
49	16.00	33.00	850.00	12000.00	42500.00	540981.31	540981.31	0.00	0.00	0.00	0.00	11.02	0.00	0.13
50	16.00	34.00	850.00	12000.00	42500.00	540981.31	540981.31	0.00	0.00	0.00	0.00	11.03	0.00	0.13
51	16.00	35.00	850.00	12000.00	42500.00	540981.31	540981.31	0.00	0.00	0.00	0.00	10.95	0.00	0.13
52	16.00	36.00	850.00	12000.00	42500.00	540981.31	540981.31	0.00	0.00	0.00	0.00	10.80	0.00	0.13
53	16.00	37.00	850.00	12000.00	42500.00	540981.31	540981.31	0.00	0.00	0.00	0.00	11.01	0.00	0.13
54	17.00	37.00	850.00	12000.00	42500.00	540981.31	540981.31	0.00	0.00	0.00	0.00	10.80	0.00	0.13
55	17.00	38.00	850.00	12000.00	42500.00	540981.31	540981.31	0.00	0.00	0.00	0.00	10.85	0.00	0.13
56	18.00	38.00	850.00	12000.00	42500.00	540981.31	540981.31	0.00	0.00	0.00	0.00	10.66	0.00	0.13
57	18.00	39.00	850.00	12000.00	42500.00	540981.31	540981.31	0.00	0.00	0.00	0.00	11.49	0.00	0.13
58	18.00	40.00	850.00	12000.00	42500.00	540981.31	540981.31	0.00	0.00	0.00	0.00	11.50	0.00	0.13
59	18.00	41.00	850.00	12000.00	42500.00	540981.31	540981.31	0.00	0.00	0.00	0.00	11.47	0.00	0.13
60	18.00	42.00	850.00	12000.00	42500.00	540981.31	540981.31	0.00	0.00	0.00	0.00	11.41	0.00	0.13
61	18.00	43.00	850.00	12000.00	42500.00	540981.31	540981.31	0.00	0.00	0.00	0.00	11.71	0.00	0.13
62	18.00	44.00	850.00	12000.00	42500.00	540981.31	540981.31	0.00	0.00	0.00	0.00	11.71	0.00	0.13
63	19.00	44.00	850.00	12000.00	42500.00	538557.45	538557.45	0.00	0.00	0.00	0.00	11.52	0.00	0.12
64	20.00	44.00	850.00	12000.00	42500.00	538557.45	538557.45	0.00	0.00	0.00	0.00	11.34	0.00	0.12
65	21.00	44.00	850.00	12000.00	42500.00	538557.45	538557.45	0.00	0.00	0.00	0.00	11.17	0.00	0.12
66	21.00	45.00	850.00	12000.00	42500.00	538557.45	538557.45	0.00	0.00	0.00	0.00	11.17	0.00	0.12
67	21.00	46.00	850.00	12000.00	42500.00	538557.45	538557.45	0.00	0.00	0.00	0.00	11.60	0.00	0.12
68	21.00	47.00	850.00	12000.00	42500.00	538557.45	538557.45	0.00	0.00	0.00	0.00	11.86	0.00	0.12
69	22.00	47.00	850.00	12000.00	42500.00	538557.45	538557.45	0.00	0.00	0.00	0.00	11.69	0.00	0.12
70	22.00	48.00	850.00	12000.00	42500.00	538557.45	538557.45	0.00	0.00	0.00	0.00	11.56	0.00	0.12
71	22.00	49.00	850.00	12000.00	42500.00	538557.45	538557.45	0.00	0.00	0.00	0.00	11.87	0.00	0.12
72	22.00	50.00	850.00	12000.00	42500.00	538557.45	538557.45	0.00	0.00	0.00	0.00	11.81	0.00	0.12
73	22.00	51.00	850.00	12000.00	42500.00	538557.45	538557.45	0.00	0.00	0.00	0.00	11.69	0.00	0.12
74	22.00	52.00	850.00	12000.00	42500.00	538557.45	538557.45	0.00	0.00	0.00	0.00	11.82	0.00	0.12
75	23.00	52.00	850.00	12000.00	42500.00	538557.45	538557.45	0.00	0.00	0.00	0.00	11.66	0.00	0.12
76	23.00	53.00	850.00	12000.00	42500.00	538557.45	538557.45	0.00	0.00	0.00	0.00	11.98	0.00	0.12
77	23.00	54.00	850.00	12000.00	42500.00	538557.45	538557.45	0.00	0.00	0.00	0.00	12.28	0.00	0.12
78	23.00	55.00	850.00	12000.00	42500.00	538557.45	538557.45	0.00	0.00	0.00	0.00	12.32	0.00	0.12
79	23.00	56.00	850.00	12000.00	42500.00	538557.45	538557.45	0.00	0.00	0.00	0.00	12.25	0.00	0.12
80	23.00	57.00	850.00	12000.00	42500.00	538557.45	538557.45	0.00	0.00	0.00	0.00	12.52	0.00	0.12
81	23.00	58.00	850.00	12000.00	42500.00	538557.45	538557.45	0.00	0.00	0.00	0.00	12.50	0.00	0.12
82	24.00	58.00	850.00	12000.00	42500.00	538557.45	538557.45	0.00	0.00	0.00	0.00	12.35	0.00	0.12
83	24.00	59.00	850.00	12000.00	42500.00	538557.45	538557.45	0.00	0.00	0.00	0.00	12.48	0.00	0.12
84	24.00	60.00	850.00	12000.00	42500.00	538557.45	538557.45	0.00	0.00	0.00	0.00	12.41	0.00	0.12
85	24.00	61.00	850.00	12000.00	42500.00	538557.45	538557.45	0.00	0.00	0.00	0.00	12.62	0.00	0.12
86	24.00	62.00	850.00	12000.00	42500.00	538557.45	538557.45	0.00	0.00	0.00	0.00	12.70	0.00	0.12
87	24.00	63.00	850.00	12000.00	42500.00	538557.45	538557.45	0.00	0.00	0.00	0.00	12.59	0.00	0.12
88	24.00	64.00	850.00	12000.00	42500.00	538557.45	538557.45	0.00	0.00	0.00	0.00	12.51	0.00	0.12
89	24.00	65.00	850.00	12000.00	42500.00	538557.45	538557.45	0.00	0.00	0.00	0.00	12.50	0.00	0.12
90	24.00	66.00	850.00	12000.00	42500.00	538557.45	538557.45	0.00	0.00	0.00	0.00	12.61	0.00	0.12
91	24.00	67.00	850.00	12000.00	42500.00	538557.45	538557.45	0.00	0.00	0.00	0.00	12.69	0.00	0.12
92	24.00	68.00	850.00	12000.00	42500.00	538557.45	538557.45	0.00	0.00	0.00	0.00	12.92	0.00	0.12
93	24.00	69.00	850.00	12000.00	42500.00	538557.45	538557.45	0.00	0.00	0.00	0.00	12.90	0.00	0.12
94	24.00	70.00	850.00	12000.00	42500.00	538557.45	538557.45	0.00	0.00	0.00	0.00	12.89	0.00	0.12
95	24.00	71.00	850.00	12000.00	42500.00	538557.45	538557.45	0.00	0.00	0.00	0.00	12.87	0.00	0.12
96	24.00	72.00	850.00	12000.00	42500.00	538557.45	538557.45	0.00	0.00	0.00	0.00	12.86	0.00	0.12
97	25.00	72.00	850.00	12000.00	42500.00	538557.45	538557.45	0.00	0.00	0.00	0.00	12.73	0.00	0.12
98	25.00	73.00	850.00	12000.00	42500.00	538557.45	538557.45	0.00	0.00	0.00	0.00	12.63	0.00	0.12
99	25.00	74.00	850.00	12000.00	42500.00	538557.45	538557.45	0.00	0.00	0.00	0.00	12.75	0.00	0.12
100	25.00	25.00	850.00	12000.00	42500.00	538557.45	538557.45	0.00	0.00	0.00	0.00	6.00	0.00	0.12
101	26.00	25.00	722.50	14400.00	36125.00	538557.45	538557.45	0.00	0.00	0.00	0.00	5.88	0.00	0.12
102	26.00	26.00	722.50	14400.00	36125.00	538557.45	538557.45	0.00	0.00	0.00	0.00	6.05	0.00	0.12
103	27.00	26.00	722.50	14400.00	36125.00	538557.45	538557.45	0.00	0.00	0.00	0.00	5.93	0.00	0.12
104	28.00	26.00	722.50	14400.00	36125.00	538557.45	538557.45	0.00	0.00	0.00	0.00	5.82	0.00	0.12
105	28.00	27.00	722.50	14400.00	36125.00	538557.45	538557.45	0.00	0.00	0.00	0.00	5.92	0.00	0.12
106	28.00	28.00	722.50	14400.00	36125.00	538557.45	538557.45	0.00	0.00	0.00	0.00	6.16	0.00	0.12
107	28.00	29.00	722.50	14400.00	36125.00	538557.45	538557.45	0.00	0.00	0.00	0.00	6.34	0.00	0.12
108	29.00	29.00	722.50	14400.00	36125.00	538557.45	538557.45	0.00	0.00	0.00	0.00	6.23	0.00	0.12
109	29.00	30.00	722.50	14400.00	36125.00	538557.45	538557.45	0.00	0.00	0.00	0.00	6.18	0.00	0.12
110	29.00	31.00	722.50	14400.00	36125.00	538557.45	538557.45	0.00	0.00	0.00	0.00	6.23	0.00	0.12
111	29.00	32.00	722.50	14400.00	36125.00	538557.45	538557.45	0.00	0.00	0.00	0.00	7.12	0.00	0.12
112	30.00	32.00	722.50	14400.00	36125.00	538557.45	538557.45	0.00	0.00	0.00	0.00	7.00	0.00	0.12
113	30.00	33.00	722.50	14400.00	36125.00	538557.45	538557.45	0.00	0.00	0.00	0.00	6.94	0.00	0.12
114	30.00	34.00	722.50	14400.00	36125.00	538557.45	538557.45	0.00	0.00	0.00	0.00	7.01	0.00	0.12
115	30.00	35.00	722.50	14400.00	36125.00	538557.45	538557.45	0.00	0.00	0.00	0.00	6.96	0.00	0.12
116	30.00	36.00	722.50	14400.00	36125.00	538557.45	538557.45	0.00	0.00	0.00	0.00	7.04	0.00	0.12
117	30.00	37.00	722.50	14400.00	36125.00	538557.45	538557.45	0.00	0.00	0.00	0.00	7.04	0.00	0.12
118	30.00	38.00	722.50	14400.00	36125.00	538557.45	538557.45	0.00	0.00	0.00	0.00	7.05	0.00	0.12
119	30.00	39.00	722.50	14400.00	36125.00	538557.45	538557.45	0.00	0.00	0.00	0.00	7.11	0.00	0.12
120	30.00	40.00	722.50	14400.00	36125.00	538557.45	538557.45	0.00	0.00	0.00	0.00	7.20	0.00	0.12
121	30.00	41.00	722.50	14400.00	36125.00	538557.45	538557.45	0.00	0.00	0.00	0.00	7.42	0.00	0.12
122	31.00	41.00	722.50	14400.00	36125.00	538557.45	538557.45	0.00	0.00	0.00	0.00	7.32	0.00	0.12
123	31.00	42.00	722.50	14400.00	36125.00	538557.45	538557.45	0.00	0.00	0.00	0.00	7.53	0.00	0.12
124	31.00	43.00	722.50	14400.00	36125.00	538557.45	538557.45	0.00	0.00	0.00	0.00	7.83	0.00	0.12
125	31.00	44.00	722.50	14400.00	36125.00	538557.45	538557.45	0.00	0.00	0.00	0.00	7.99	0.00	0.12
126	31.00	45.00	722.50	14400.00	36125.00	538557.45	538557.45	0.00	0.00	0.00	0.00	8.79	0.00	0.12
127	31.00	46.00	722.50	14400.00	36125.00	538557.45	538557.45	0.00	0.00	0.00	0.00	9.07	0.00	0.12
128	31.00	47.00	722.50	14400.00	36125.00	538557.45	538557.45	0.00	0.00	0.00	0.00	9.16	0.00	0.12
129	32.00	47.00	722.50	14400.00	36125.00	538557.45	538557.45	0.00	0.00	0.00	0.00	9.05	0.00	0.12
130	32.00	48.00	722.50	14400.00	36125.00	538557.45	538557.45	0.00	0.00	0.00	0.00	9.21	0.00	0.12
131	33.00	48.00	722.50	14400.00	36125.00	538557.45	538557.45	0.00	0.00	0.00	0.00	9.10	0.00	0.12
132	33.00	49.00	722.50	14400.00	36125.00	538557.45	538557.45	0.00	0.00	0.00	0.00	9.07	0.00	0.12
133	33.00	50.00	722.50	14400.00	36125.00	538557.45	538557.45	0.00	0.00	0.00	0.00	9.10	0.00	0.12
134	33.00	51.00	722.50	14400.00	36125.00	538557.45	538557.45	0.00	0.00	0.00	0.00	9.13	0.00	0.12
135	33.00	52.00	722.50	14400.00	36125.00	538557.45	538557.45	0.00	0.00	0.00	0.00	9.68	0.00	0.12
136	34.00	52.00	722.50	14400.00	36125.00	538557.45	538557.45	0.00	0.00	0.00	0.00	9.57	0.00	0.12
137	34.00	53.00	722.50	14400.00	36125.00	538557.45	538557.45	0.00	0.00	0.00	0.00	9.60	0.00	0.12
138	34.00	54.00	722.50	14400.00	36125.00	538557.45	538557.45	0.00	0.00	0.00	0.00	9.68	0.00	0.12
139	34.00	55.00	722.50	14400.00	36125.00	538557.45	538557.45	0.00	0.00	0.00	0.00	9.77	0.00	0.12
140	34.00	56.00	722.50	14400.00	36125.00	538557.45	538557.45	0.00	0.00	0.00	0.00	10.11	0.00	0.12
141	34.00	57.00	722.50	14400.00	36125.00	538557.45	538557.45	0.00	0.00	0.00	0.00	10.10	0.00	0.12
142	34.00	58.00	722.50	14400.00	36125.00	538557.45	538557.45	0.00	0.00	0.00	0.00	10.06	0.00	0.12
143	34.00	59.00	722.50	14400.00	36125.00	538557.45	538557.45	0.00	0.00	0.00	0.00	10.39	0.00	0.12
144	34.00	60.00	722.50	14400.00	36125.00	538557.45	538557.45	0.00	0.00	0.00	0.00	10.44	0.00	0.12
145	34.00	61.00	722.50	14400.00	36125.00	538557.45	538557.45	0.00	0.00	0.00	0.00	10.67	0.00	0.12
146	34.00	62.00	722.50	14400.00	36125.00	538557.45	538557.45	0.00	0.00	0.00	0.00	10.68	0.00	0.12
147	34.00	63.00	722.50	14400.00	36125.00	538557.45	538557.45	0.00	0.00	0.00	0.00	10.68	0.00	0.12
148	34.00	64.00	722.50	14400.00	36125.00	538557.45	538557.45	0.00	0.00	0.00	0.00	10.69	0.00	0.12
149	34.00	65.00	722.50	14400.00	36125.00	538557.45	538557.45	0.00	0.00	0.00	0.00	10.72	0.00	0.12
150	34.00	66.00	722.50	14400.00	36125.00	538557.45	538557.45	0.00	0.00	0.00	0.00	10.91	0.00	0.12
151	35.00	66.00	722.50	14400.00	36125.00	538557.45	538557.45	0.00	0.00	0.00	0.00	10.80	0.00	0.12
152	35.00	67.00	722.50	14400.00	36125.00	538557.45	538557.45	0.00	0.00	0.00	0.00	10.77	0.00	0.12
153	35.00	68.00	722.50	14400.00	36125.00	538557.45	538557.45	0.00	0.00	0.00	0.00	10.79	0.00	0.12
154	35.00	69.00	722.50	14400.00	36125.00	538557.45	538557.45	0.00	0.00	0.00	0.00	10.85	0.00	0.12
155	35.00	70.00	722.50	14400.00	36125.00	538557.45	538557.45	0.00	0.00	0.00	0.00	11.01	0.00	0.12
156	35.00	71.00	722.50	14400.00	36125.00	538557.45	538557.45	0.00	0.00	0.00	0.00	11.12	0.00	0.12
157	36.00	71.00	722.50	14400.00	36125.00	538557.45	538557.45	0.00	0.00	0.00	0.00	11.01	0.00	0.12
158	36.00	72.00	722.50	14400.00	36125.00	538557.45	538557.45	0.00	0.00	0.00	0.00	11.06	0.00	0.12
159	36.00	73.00	722.50	14400.00	36125.00	538557.45	538557.45	0.00	0.00	0.00	0.00	11.07	0.00	0.12
160	36.00	74.00	722.50	14400.00	36125.00	538557.45	538557.45	0.00	0.00	0.00	0.00	11.08	0.00	0.12
161	36.00	25.00	722.50	14400.00	36125.00	538557.45	538557.45	0.00	0.00	0.00	0.00	3.96	0.00	0.12
162	36.00	26.00	722.50	14400.00	36125.00	538557.45	538557.45	0.00	0.00	0.00	0.00	4.17	0.00	0.12
163	36.00	27.00	722.50	14400.00	36125.00	538557.45	538557.45	0.00	0.00	0.00	0.00	4.24	0.00	0.12
164	36.00	28.00	722.50	14400.00	36125.00	538557.45	538557.45	0.00	0.00	0.00	0.00	4.35	0.00	0.12
165	37.00	28.00	722.50	14400.00	36125.00	538557.45	538557.45	0.00	0.00	0.00	0.00	4.28	0.00	0.12
166	38.00	28.00	722.50	14400.00	36125.00	538557.45	538557.45	0.00	0.00	0.00	0.00	4.22	0.00	0.12
167	38.00	29.00	722.50	14400.00	36125.00	538557.45	538557.45	0.00	0.00	0.00	0.00	4.43	0.00	0.12
168	38.00	30.00	722.50	14400.00	36125.00	538557.45	538557.45	0.00	0.00	0.00	0.00	4.83	0.00	0.12
169	38.00	31.00	722.50	14400.00	36125.00	538557.45	538557.45	0.00	0.00	0.00	0.00	5.01	0.00	0.12
170	39.00	31.00	722.50	14400.00	36125.00	538557.45	538557.45	0.00	0.00	0.00	0.00	4.94	0.00	0.12
171	39.00	32.00	722.50	14400.00	36125.00	538557.45	538557.45	0.00	0.00	0.00	0.00	5.07	0.00	0.12
172	39.00	33.00	722.50	14400.00	36125.00	538557.45	538557.45	0.00	0.00	0.00	0.00	5.25	0.00	0.12
173	39.00	34.00	722.50	14400.00	36125.00	538557.45	538557.45	0.00	0.00	0.00	0.00	5.22	0.00	0.12
174	40.00	34.00	722.50	14400.00	36125.00	538557.45	538557.45	0.00	0.00	0.00	0.00	5.15	0.00	0.12
175	40.00	35.00	722.50	14400.00	36125.00	538557.45	538557.45	0.00	0.00	0.00	0.00	5.17	0.00	0.12
176	41.00	35.00	722.50	14400.00	36125.00	538557.45	538557.45	0.00	0.00	0.00	0.00	5.11	0.00	0.12
177	42.00	35.00	722.50	14400.00	36125.00	538557.45	538557.45	0.00	0.00	0.00	0.00	5.04	0.00	0.12
178	42.00	36.00	722.50	14400.00	36125.00	538557.45	538557.45	0.00	0.00	0.00	0.00	5.07	0.00	0.12
179	42.00	37.00	722.50	14400.00	36125.00	538557.45	538557.45	0.00	0.00	0.00	0.00	5.61	0.00	0.12
180	42.00	38.00	722.50	14400.00	36125.00	538557.45	538557.45	0.00	0.00	0.00	0.00	5.63	0.00	0.12
181	42.00	39.00	722.50	14400.00	36125.00	538557.45	538557.45	0.00	0.00	0.00	0.00	5.81	0.00	0.12
182	42.00	40.00	722.50	14400.00	36125.00	538557.45	538557.45	0.00	0.00	0.00	0.00	6.11	0.00	0.12
183	43.00	40.00	722.50	14400.00	36125.00	538557.45	538557.45	0.00	0.00	0.00	0.00	6.04	0.00	0.12
184	43.00	41.00	722.50	14400.00	36125.00	538557.45	538557.45	0.00	0.00	0.00	0.00	6.00	0.00	0.12
185	43.00	42.00	722.50	14400.00	36125.00	538557.45	538557.45	0.00	0.00	0.00	0.00	7.13	0.00	0.12
186	43.00	43.00	722.50	14400.00	36125.00	538557.45	538557.45	0.00	0.00	0.00	0.00	7.20	0.00	0.12
187	44.00	43.00	722.50	14400.00	36125.00	538557.45	538557.45	0.00	0.00	0.00	0.00	7.11	0.00	0.12
188	44.00	44.00	722.50	14400.00	36125.00	538557.45	538557.45	0.00	0.00	0.00	0.00	7.25	0.00	0.12
189	45.00	44.00	722.50	14400.00	36125.00	538557.45	538557.45	0.00	0.00	0.00	0.00	7.17	0.00	0.12
190	45.00	45.00	722.50	14400.00	36125.00	538557.45	538557.45	0.00	0.00	0.00	0.00	7.17	0.00	0.12
191	45.00	46.00	722.50	14400.00	36125.00	538557.45	538557.45	0.00	0.00	0.00	0.00	7.29	0.00	0.12
192	46.00	46.00	722.50	14400.00	36125.00	538557.45	538557.45	0.00	0.00	0.00	0.00	7.21	0.00	0.12
193	46.00	47.00	722.50	14400.00	36125.00	538557.45	538557.45	0.00	0.00	0.00	0.00	7.37	0.00	0.12
194	46.00	48.00	722.50	14400.00	36125.00	538557.45	538557.45	0.00	0.00	0.00	0.00	7.54	0.00	0.12
195	46.00	49.00	722.50	14400.00	36125.00	538557.45	538557.45	0.00	0.00	0.00	0.00	7.49	0.00	0.12
196	46.00	50.00	722.50	14400.00	36125.00	538557.45	538557.45	0.00	0.00	0.00	0.00	7.50	0.00	0.12
197	46.00	51.00	722.50	14400.00	36125.00	538557.45	538557.45	0.00	0.00	0.00	0.00	7.45	0.00	0.12
198	46.00	52.00	722.50	14400.00	36125.00	538557.45	538557.45	0.00	0.00	0.00	0.00	7.40	0.00	0.12
199	46.00	53.00	722.50	14400.00	36125.00	538557.45	538557.45	0.00	0.00	0.00	0.00	7.47	0.00	0.12
200	46.00	54.00	722.50	14400.00	36125.00	538557.45	538557.45	0.00	0.00	0.00	0.00	7.86	0.00	0.12
201	46.00	55.00	614.12	17280.00	30706.25	538557.45	538557.45	0.00	0.00	0.00	0.00	7.99	0.00	0.12
202	46.00	56.00	614.12	17280.00	30706.25	538557.45	538557.45	0.00	0.00	0.00	0.00	8.08	0.00	0.12
203	47.00	56.00	614.12	17280.00	30706.25	538557.45	538557.45	0.00	0.00	0.00	0.00	8.00	0.00	0.12
204	48.00	56.00	614.12	17280.00	30706.25	538557.45	538557.45	0.00	0.00	0.00	0.00	7.93	0.00	0.12
205	48.00	57.00	614.12	17280.00	30706.25	538557.45	538557.45	0.00	0.00	0.00	0.00	7.88	0.00	0.12
206	48.00	58.00	614.12	17280.00	30706.25	538557.45	538557.45	0.00	0.00	0.00	0.00	8.19	0.00	0.12
207	48.00	59.00	614.12	17280.00	30706.25	538557.45	538557.45	0.00	0.00	0.00	0.00	8.40	0.00	0.12
208	49.00	59.00	614.12	17280.00	30706.25	538557.45	538557.45	0.00	0.00	0.00	0.00	8.32	0.00	0.12
209	50.00	59.00	614.12	17280.00	30706.25	538557.45	538557.45	0.00	0.00	0.00	0.00	8.24	0.00	0.12
210	50.00	60.00	614.12	17280.00	30706.25	538557.45	538557.45	0.00	0.00	0.00	0.00	8.23	0.00	0.12
211	50.00	61.00	614.12	17280.00	30706.25	538557.45	538557.45	0.00	0.00	0.00	0.00	8.35	0.00	0.12
212	50.00	62.00	614.12	17280.00	30706.25	538557.45	538557.45	0.00	0.00	0.00	0.00	8.30	0.00	0.12
213	50.00	63.00	614.12	17280.00	30706.25	538557.45	538557.45	0.00	0.00	0.00	0.00	8.30	0.00	0.12
214	50.00	64.00	614.12	17280.00	30706.25	538557.45	538557.45	0.00	0.00	0.00	0.00	8.29	0.00	0.12
215	50.00	65.00	614.12	17280.00	30706.25	538557.45	538557.45	0.00	0.00	0.00	0.00	8.27	0.00	0.12
216	51.00	65.00	614.12	17280.00	30706.25	538557.45	538557.45	0.00	0.00	0.00	0.00	8.20	0.00	0.12
217	51.00	66.00	614.12	17280.00	30706.25	538557.45	538557.45	0.00	0.00	0.00	0.00	8.23	0.00	0.12
218	51.00	67.00	614.12	17280.00	30706.25	538557.45	538557.45	0.00	0.00	0.00	0.00	8.50	0.00	0.12
219	51.00	68.00	614.12	17280.00	30706.25	538557.45	538557.45	0.00	0.00	0.00	0.00	8.58	0.00	0.12
220	51.00	69.00	614.12	17280.00	30706.25	538557.45	538557.45	0.00	0.00	0.00	0.00	9.21	0.00	0.12
221	52.00	69.00	614.12	17280.00	30706.25	538557.45	538557.45	0.00	0.00	0.00	0.00	9.13	0.00	0.12
222	52.00	70.00	614.12	17280.00	30706.25	538557.45	538557.45	0.00	0.00	0.00	0.00	9.11	0.00	0.12
223	52.00	71.00	614.12	17280.00	30706.25	538557.45	538557.45	0.00	0.00	0.00	0.00	9.14	0.00	0.12
224	52.00	72.00	614.12	17280.00	30706.25	538557.45	538557.45	0.00	0.00	0.00	0.00	9.17	0.00	0.12
225	52.00	73.00	614.12	17280.00	30706.25	538557.45	538557.45	0.00	0.00	0.00	0.00	9.45	0.00	0.12
226	53.00	73.00	614.12	17280.00	30706.25	538557.45	538557.45	0.00	0.00	0.00	0.00	9.38	0.00	0.12
227	54.00	73.00	614.12	17280.00	30706.25	538557.45	538557.45	0.00	0.00	0.00	0.00	9.31	0.00	0.12
228	54.00	74.00	614.12	17280.00	30706.25	538557.45	538557.45	0.00	0.00	0.00	0.00	9.34	0.00	0.12
229	54.00	25.00	614.12	17280.00	30706.25	538557.45	538557.45	0.00	0.00	0.00	0.00	3.00	0.00	0.12
230	54.00	26.00	614.12	17280.00	30706.25	538557.45	538557.45	0.00	0.00	0.00	0.00	3.92	0.00	0.12
231	54.00	27.00	614.12	17280.00	30706.25	538557.45	538557.45	0.00	0.00	0.00	0.00	4.12	0.00	0.12
232	54.00	28.00	614.12	17280.00	30706.25	538557.45	538557.45	0.00	0.00	0.00	0.00	4.76	0.00	0.12
233	54.00	29.00	614.12	17280.00	30706.25	538557.45	538557.45	0.00	0.00	0.00	0.00	4.84	0.00	0.12
234	54.00	30.00	614.12	17280.00	30706.25	538557.45	538557.45	0.00	0.00	0.00	0.00	4.91	0.00	0.12
235	54.00	31.00	614.12	17280.00	30706.25	538557.45	538557.45	0.00	0.00	0.00	0.00	5.09	0.00	0.12
236	54.00	32.00	614.12	17280.00	30706.25	538557.45	538557.45	0.00	0.00	0.00	0.00	5.18	0.00	0.12
237	54.00	33.00	614.12	17280.00	30706.25	538557.45	538557.45	0.00	0.00	0.00	0.00	5.25	0.00	0.12
238	54.00	34.00	614.12	17280.00	30706.25	538557.45	538557.45	0.00	0.00	0.00	0.00	5.45	0.00	0.12
239	54.00	35.00	614.12	17280.00	30706.25	538557.45	538557.45	0.00	0.00	0.00	0.00	5.41	0.00	0.12
240	54.00	36.00	614.12	17280.00	30706.25	538557.45	538557.45	0.00	0.00	0.00	0.00	5.47	0.00	0.12
241	54.00	37.00	614.12	17280.00	30706.25	538557.45	538557.45	0.00	0.00	0.00	0.00	5.70	0.00	0.12
242	54.00	38.00	614.12	17280.00	30706.25	538557.45	538557.45	0.00	0.00	0.00	0.00	5.77	0.00	0.12
243	54.00	39.00	614.12	17280.00	30706.25	538557.45	538557.45	0.00	0.00	0.00	0.00	6.10	0.00	0.12
244	55.00	39.00	614.12	17280.00	30706.25	538557.45	538557.45	0.00	0.00	0.00	0.00	6.04	0.00	0.12
245	56.00	39.00	614.12	17280.00	30706.25	538557.45	538557.45	0.00	0.00	0.00	0.00	5.97	0.00	0.12
246	56.00	40.00	614.12	17280.00	30706.25	538557.45	538557.45	0.00	0.00	0.00	0.00	6.03	0.00	0.12
247	56.00	41.00	614.12	17280.00	30706.25	538557.45	538557.45	0.00	0.00	0.00	0.00	6.22	0.00	0.12
248	56.00	42.00	614.12	17280.00	30706.25	538557.45	538557.45	0.00	0.00	0.00	0.00	6.51	0.00	0.12
249	56.00	43.00	614.12	17280.00	30706.25	538557.45	538557.45	0.00	0.00	0.00	0.00	6.93	0.00	0.12
250	56.00	44.00	614.12	17280.00	30706.25	538557.45	538557.45	0.00	0.00	0.00	0.00	7.11	0.00	0.12
251	56.00	45.00	614.12	17280.00	30706.25	538557.45	538557.45	0.00	0.00	0.00	0.00	7.50	0.00	0.12
252	56.00	46.00	614.12	17280.00	30706.25	538557.45	538557.45	0.00	0.00	0.00	0.00	7.60	0.00	0.12
253	56.00	47.00	614.12	17280.00	30706.25	538557.45	538557.45	0.00	0.00	0.00	0.00	7.60	0.00	0.12
254	56.00	48.00	614.12	17280.00	30706.25	538557.45	538557.45	0.00	0.00	0.00	0.00	7.75	0.00	0.12
255	56.00	49.00	614.12	17280.00	30706.25	538557.45	538557.45	0.00	0.00	0.00	0.00	7.80	0.00	0.12
256	57.00	49.00	614.12	17280.00	30706.25	538557.45	538557.45	0.00	0.00	0.00	0.00	7.72	0.00	0.12
257	57.00	50.00	614.12	17280.00	30706.25	538557.45	538557.45	0.00	0.00	0.00	0.00	7.98	0.00	0.12
258	57.00	51.00	614.12	17280.00	30706.25	538557.45	538557.45	0.00	0.00	0.00	0.00	7.96	0.00	0.12
259	57.00	52.00	614.12	17280.00	30706.25	538557.45	538557.45	0.00	0.00	0.00	0.00	7.96	0.00	0.12
260	58.00	52.00	614.12	17280.00	30706.25	538557.45	538557.45	0.00	0.00	0.00	0.00	7.88	0.00	0.12
261	58.00	53.00	614.12	17280.00	30706.25	538557.45	538557.45	0.00	0.00	0.00	0.00	7.97	0.00	0.12
262	59.00	53.00	614.12	17280.00	30706.25	538557.45	538557.45	0.00	0.00	0.00	0.00	7.90	0.00	0.12
263	59.00	54.00	614.12	17280.00	30706.25	538557.45	538557.45	0.00	0.00	0.00	0.00	7.93	0.00	0.12
264	59.00	55.00	614.12	17280.00	30706.25	538557.45	538557.45	0.00	0.00	0.00	0.00	7.96	0.00	0.12
265	59.00	56.00	614.12	17280.00	30706.25	538557.45	538557.45	0.00	0.00	0.00	0.00	7.90	0.00	0.12
266	59.00	57.00	614.12	17280.00	30706.25	538557.45	538557.45	0.00	0.00	0.00	0.00	7.86	0.00	0.12
267	59.00	58.00	614.12	17280.00	30706.25	538557.45	538557.45	0.00	0.00	0.00	0.00	8.17	0.00	0.12
268	59.00	59.00	614.12	17280.00	30706.25	538557.45	538557.45	0.00	0.00	0.00	0.00	8.39	0.00	0.12
269	59.00	60.00	614.12	17280.00	30706.25	538557.45	538557.45	0.00	0.00	0.00	0.00	8.44	0.00	0.12
270	59.00	61.00	614.12	17280.00	30706.25	538557.45	538557.45	0.00	0.00	0.00	0.00	8.47	0.00	0.12
271	59.00	62.00	614.12	17280.00	30706.25	538557.45	538557.45	0.00	0.00	0.00	0.00	8.42	0.00	0.12
272	59.00	63.00	614.12	17280.00	30706.25	538557.45	538557.45	0.00	0.00	0.00	0.00	8.46	0.00	0.12
273	60.00	63.00	614.12	17280.00	30706.25	538557.45	538557.45	0.00	0.00	0.00	0.00	8.40	0.00	0.12
274	60.00	64.00	614.12	17280.00	30706.25	538557.45	538557.45	0.00	0.00	0.00	0.00	8.67	0.00	0.12
275	60.00	65.00	614.12	17280.00	30706.25	538557.45	538557.45	0.00	0.00	0.00	0.00	8.99	0.00	0.12
276	60.00	66.00	614.12	17280.00	30706.25	538557.45	538557.45	0.00	0.00	0.00	0.00	9.00	0.00	0.12
277	60.00	67.00	614.12	17280.00	30706.25	538557.45	538557.45	0.00	0.00	0.00	0.00	9.23	0.00	0.12
278	60.00	68.00	614.12	17280.00	30706.25	538557.45	538557.45	0.00	0.00	0.00	0.00	9.35	0.00	0.12
279	60.00	69.00	614.12	17280.00	30706.25	538557.45	538557.45	0.00	0.00	0.00	0.00	9.38	0.00	0.12
280	60.00	70.00	614.12	17280.00	30706.25	538557.45	538557.45	0.00	0.00	0.00	0.00	9.38	0.00	0.12
281	60.00	71.00	614.12	17280.00	30706.25	538557.45	538557.45	0.00	0.00	0.00	0.00	9.40	0.00	0.12
282	60.00	72.00	614.12	17280.00	30706.25	538557.45	538557.45	0.00	0.00	0.00	0.00	9.39	0.00	0.12
283	60.00	73.00	614.12	17280.00	30706.25	538557.45	538557.45	0.00	0.00	0.00	0.00	9.41	0.00	0.12
284	60.00	74.00	614.12	17280.00	30706.25	538557.45	538557.45	0.00	0.00	0.00	0.00	9.39	0.00	0.12
285	60.00	25.00	614.12	17280.00	30706.25	538557.45	538557.45	0.00	0.00	0.00	0.00	2.90	0.00	0.12
286	61.00	25.00	614.12	17280.00	30706.25	538557.45	538557.45	0.00	0.00	0.00	0.00	2.87	0.00	0.12
287	61.00	26.00	614.12	17280.00	30706.25	538557.45	538557.45	0.00	0.00	0.00	0.00	2.92	0.00	0.12
288	61.00	27.00	614.12	17280.00	30706.25	538557.45	538557.45	0.00	0.00	0.00	0.00	2.91	0.00	0.12
289	62.00	27.00	614.12	17280.00	30706.25	538557.45	538557.45	0.00	0.00	0.00	0.00	2.88	0.00	0.12
290	62.00	28.00	614.12	17280.00	30706.25	538557.45	538557.45	0.00	0.00	0.00	0.00	3.05	0.00	0.12
291	62.00	29.00	614.12	17280.00	30706.25	538557.45	538557.45	0.00	0.00	0.00	0.00	3.16	0.00	0.12
292	63.00	29.00	614.12	17280.00	30706.25	538557.45	538557.45	0.00	0.00	0.00	0.00	3.12	0.00	0.12
293	64.00	29.00	614.12	17280.00	30706.25	538557.45	538557.45	0.00	0.00	0.00	0.00	3.09	0.00	0.12
294	64.00	30.00	614.12	17280.00	30706.25	538557.45	538557.45	0.00	0.00	0.00	0.00	3.09	0.00	0.12
295	64.00	31.00	614.12	17280.00	30706.25	538557.45	538557.45	0.00	0.00	0.00	0.00	3.41	0.00	0.12
296	65.00	31.00	614.12	17280.00	30706.25	538557.45	538557.45	0.00	0.00	0.00	0.00	3.38	0.00	0.12
297	66.00	31.00	614.12	17280.00	30706.25	538557.45	538557.45	0.00	0.00	0.00	0.00	3.34	0.00	0.12
298	66.00	32.00	614.12	17280.00	30706.25	538557.45	538557.45	0.00	0.00	0.00	0.00	3.56	0.00	0.12
299	66.00	33.00	614.12	17280.00	30706.25	538557.45	538557.45	0.00	0.00	0.00	0.00	3.65	0.00	0.12
300	67.00	33.00	614.12	17280.00	30706.25	538557.45	538557.45	0.00	0.00	0.00	0.00	3.62	0.00	0.12
301	67.00	34.00	522.01	20736.00	26100.31	538557.45	538557.45	0.00	0.00	0.00	0.00	3.66	0.00	0.12
302	67.00	35.00	522.01	20736.00	26100.31	538557.45	538557.45	0.00	0.00	0.00	0.00	3.65	0.00	0.12
303	67.00	36.00	522.01	20736.00	26100.31	538557.45	538557.45	0.00	0.00	0.00	0.00	3.65	0.00	0.12
304	67.00	37.00	522.01	20736.00	26100.31	538557.45	538557.45	0.00	0.00	0.00	0.00	3.72	0.00	0.12
305	67.00	38.00	522.01	20736.00	26100.31	538557.45	538557.45	0.00	0.00	0.00	0.00	3.79	0.00	0.12
306	67.00	39.00	522.01	20736.00	26100.31	538557.45	538557.45	0.00	0.00	0.00	0.00	4.03	0.00	0.12
307	68.00	39.00	522.01	20736.00	26100.31	538557.45	538557.45	0.00	0.00	0.00	0.00	3.99	0.00	0.12
308	68.00	40.00	522.01	20736.00	26100.31	538557.45	538557.45	0.00	0.00	0.00	0.00	3.98	0.00	0.12
309	68.00	41.00	522.01	20736.00	26100.31	538557.45	538557.45	0.00	0.00	0.00	0.00	4.21	0.00	0.12
310	68.00	42.00	522.01	20736.00	26100.31	538557.45	538557.45	0.00	0.00	0.00	0.00	4.20	0.00	0.12
311	68.00	43.00	522.01	20736.00	26100.31	538557.45	538557.45	0.00	0.00	0.00	0.00	4.22	0.00	0.12
312	69.00	43.00	522.01	20736.00	26100.31	538557.45	538557.45	0.00	0.00	0.00	0.00	4.18	0.00	0.12
313	69.00	44.00	522.01	20736.00	26100.31	538557.45	538557.45	0.00	0.00	0.00	0.00	4.17	0.00	0.12
314	69.00	45.00	522.01	20736.00	26100.31	538557.45	538557.45	0.00	0.00	0.00	0.00	4.23	0.00	0.12
315	70.00	45.00	522.01	20736.00	26100.31	538557.45	538557.45	0.00	0.00	0.00	0.00	4.20	0.00	0.12
316	70.00	46.00	522.01	20736.00	26100.31	538557.45	538557.45	0.00	0.00	0.00	0.00	4.55	0.00	0.12
317	71.00	46.00	522.01	20736.00	26100.31	538557.45	538557.45	0.00	0.00	0.00	0.00	4.51	0.00	0.12
318	71.00	47.00	522.01	20736.00	26100.31	538557.45	538557.45	0.00	0.00	0.00	0.00	4.62	0.00	0.12
319	72.00	47.00	522.01	20736.00	26100.31	538557.45	538557.45	0.00	0.00	0.00	0.00	4.58	0.00	0.12
320	72.00	48.00	522.01	20736.00	26100.31	538557.45	538557.45	0.00	0.00	0.00	0.00	4.57	0.00	0.12
321	72.00	49.00	522.01	20736.00	26100.31	538557.45	538557.45	0.00	0.00	0.00	0.00	4.56	0.00	0.12
322	72.00	50.00	522.01	20736.00	26100.31	538557.45	538557.45	0.00	0.00	0.00	0.00	4.54	0.00	0.12
323	73.00	50.00	522.01	20736.00	26100.31	538557.45	538557.45	0.00	0.00	0.00	0.00	4.51	0.00	0.12
324	73.00	51.00	522.01	20736.00	26100.31	538557.45	538557.45	0.00	0.00	0.00	0.00	5.16	0.00	0.12
325	74.00	51.00	522.01	20736.00	26100.31	538557.45	538557.45	0.00	0.00	0.00	0.00	5.12	0.00	0.12
326	74.00	52.00	522.01	20736.00	26100.31	538557.45	538557.45	0.00	0.00	0.00	0.00	5.17	0.00	0.12
327	74.00	53.00	522.01	20736.00	26100.31	538557.45	538557.45	0.00	0.00	0.00	0.00	5.30	0.00	0.12
328	74.00	54.00	522.01	20736.00	26100.31	538557.45	538557.45	0.00	0.00	0.00	0.00	5.35	0.00	0.12
329	25.00	54.00	522.01	20736.00	26100.31	538557.45	538557.45	0.00	0.00	0.00	0.00	8.67	0.00	0.12
330	25.00	55.00	522.01	20736.00	26100.31	538557.45	538557.45	0.00	0.00	0.00	0.00	8.72	0.00	0.12
331	25.00	56.00	522.01	20736.00	26100.31	538557.45	538557.45	0.00	0.00	0.00	0.00	8.65	0.00	0.12
332	25.00	57.00	522.01	20736.00	26100.31	538557.45	538557.45	0.00	0.00	0.00	0.00	8.64	0.00	0.12
333	25.00	58.00	522.01	20736.00	26100.31	538557.45	538557.45	0.00	0.00	0.00	0.00	8.62	0.00	0.12
334	25.00	59.00	522.01	20736.00	26100.31	538557.45	538557.45	0.00	0.00	0.00	0.00	8.85	0.00	0.12
335	25.00	60.00	522.01	20736.00	26100.31	538557.45	538557.45	0.00	0.00	0.00	0.00	8.94	0.00	0.12
336	25.00	61.00	522.01	20736.00	26100.31	538557.45	538557.45	0.00	0.00	0.00	0.00	9.07	0.00	0.12
337	25.00	62.00	522.01	20736.00	26100.31	538557.45	538557.45	0.00	0.00	0.00	0.00	9.09	0.00	0.12
338	26.00	62.00	522.01	20736.00	26100.31	538557.45	538557.45	0.00	0.00	0.00	0.00	8.99	0.00	0.12
339	27.00	62.00	522.01	20736.00	26100.31	538557.45	538557.45	0.00	0.00	0.00	0.00	8.89	0.00	0.12
340	28.00	62.00	522.01	20736.00	26100.31	538557.45	538557.45	0.00	0.00	0.00	0.00	8.79	0.00	0.12
341	28.00	63.00	522.01	20736.00	26100.31	538557.45	538557.45	0.00	0.00	0.00	0.00	8.72	0.00	0.12
342	29.00	63.00	522.01	20736.00	26100.31	538557.45	538557.45	0.00	0.00	0.00	0.00	8.63	0.00	0.12
343	29.00	64.00	522.01	20736.00	26100.31	538557.45	538557.45	0.00	0.00	0.00	0.00	8.79	0.00	0.12
344	29.00	65.00	522.01	20736.00	26100.31	538557.45	538557.45	0.00	0.00	0.00	0.00	8.78	0.00	0.12
345	30.00	65.00	522.01	20736.00	26100.31	538557.45	538557.45	0.00	0.00	0.00	0.00	8.69	0.00	0.12
346	31.00	65.00	522.01	20736.00	26100.31	538557.45	538557.45	0.00	0.00	0.00	0.00	8.60	0.00	0.12
347	31.00	66.00	522.01	20736.00	26100.31	538557.45	538557.45	0.00	0.00	0.00	0.00	8.63	0.00	0.12
348	31.00	67.00	522.01	20736.00	26100.31	538557.45	538557.45	0.00	0.00	0.00	0.00	8.66	0.00	0.12
349	31.00	68.00	522.01	20736.00	26100.31	538557.45	538557.45	0.00	0.00	0.00	0.00	8.68	0.00	0.12
350	31.00	69.00	522.01	20736.00	26100.31	538557.45	538557.45	0.00	0.00	0.00	0.00	8.74	0.00	0.12
351	31.00	70.00	522.01	20736.00	26100.31	538557.45	538557.45	0.00	0.00	0.00	0.00	9.35	0.00	0.12
352	31.00	71.00	522.01	20736.00	26100.31	538557.45	538557.45	0.00	0.00	0.00	0.00	9.29	0.00	0.12
353	31.00	72.00	522.01	20736.00	26100.31	538557.45	538557.45	0.00	0.00	0.00	0.00	9.55	0.00	0.12
354	32.00	72.00	522.01	20736.00	26100.31	538557.45	538557.45	0.00	0.00	0.00	0.00	9.46	0.00	0.12
355	32.00	73.00	522.01	20736.00	26100.31	538557.45	538557.45	0.00	0.00	0.00	0.00	9.53	0.00	0.12
356	33.00	73.00	522.01	20736.00	26100.31	538557.45	538557.45	0.00	0.00	0.00	0.00	9.44	0.00	0.12
357	33.00	74.00	522.01	20736.00	26100.31	538557.45	538557.45	0.00	0.00	0.00	0.00	9.47	0.00	0.12
358	34.00	74.00	522.01	20736.00	26100.31	538557.45	538557.45	0.00	0.00	0.00	0.00	9.38	0.00	0.12
359	34.00	25.00	522.01	20736.00	26100.31	538557.45	538557.45	0.00	0.00	0.00	0.00	3.74	0.00	0.12
360	34.00	26.00	522.01	20736.00	26100.31	538557.45	538557.45	0.00	0.00	0.00	0.00	4.04	0.00	0.12
361	34.00	27.00	522.01	20736.00	26100.31	538557.45	538557.45	0.00	0.00	0.00	0.00	4.27	0.00	0.12
362	35.00	27.00	522.01	20736.00	26100.31	538557.45	538557.45	0.00	0.00	0.00	0.00	4.20	0.00	0.12
363	35.00	28.00	522.01	20736.00	26100.31	538557.45	538557.45	0.00	0.00	0.00	0.00	4.40	0.00	0.12
364	36.00	28.00	522.01	20736.00	26100.31	538557.45	538557.45	0.00	0.00	0.00	0.00	4.34	0.00	0.12
365	37.00	28.00	522.01	20736.00	26100.31	538557.45	538557.45	0.00	0.00	0.00	0.00	4.27	0.00	0.12
366	37.00	29.00	522.01	20736.00	26100.31	538557.45	538557.45	0.00	0.00	0.00	0.00	4.46	0.00	0.12
367	38.00	29.00	522.01	20736.00	26100.31	538557.45	538557.45	0.00	0.00	0.00	0.00	4.39	0.00	0.12
368	38.00	30.00	522.01	20736.00	26100.31	538557.45	538557.45	0.00	0.00	0.00	0.00	4.50	0.00	0.12
369	38.00	31.00	522.01	20736.00	26100.31	538557.45	538557.45	0.00	0.00	0.00	0.00	4.48	0.00	0.12
370	38.00	32.00	522.01	20736.00	26100.31	538557.45	538557.45	0.00	0.00	0.00	0.00	4.58	0.00	0.12
371	39.00	32.00	522.01	20736.00	26100.31	538557.45	538557.45	0.00	0.00	0.00	0.00	4.51	0.00	0.12
372	40.00	32.00	522.01	20736.00	26100.31	538557.45	538557.45	0.00	0.00	0.00	0.00	4.45	0.00	0.12
373	41.00	32.00	522.01	20736.00	26100.31	538557.45	538557.45	0.00	0.00	0.00	0.00	4.39	0.00	0.12
374	42.00	32.00	522.01	20736.00	26100.31	538557.45	538557.45	0.00	0.00	0.00	0.00	4.33	0.00	0.12
375	42.00	33.00	522.01	20736.00	26100.31	538557.45	538557.45	0.00	0.00	0.00	0.00	4.31	0.00	0.12
376	43.00	33.00	522.01	20736.00	26100.31	538557.45	538557.45	0.00	0.00	0.00	0.00	4.25	0.00	0.12
377	44.00	33.00	522.01	20736.00	26100.31	538557.45	538557.45	0.00	0.00	0.00	0.00	4.20	0.00	0.12
378	44.00	34.00	522.01	20736.00	26100.31	538557.45	538557.45	0.00	0.00	0.00	0.00	4.26	0.00	0.12
379	44.00	35.00	522.01	20736.00	26100.31	538557.45	538557.45	0.00	0.00	0.00	0.00	4.35	0.00	0.12
380	45.00	35.00	522.01	20736.00	26100.31	538557.45	538557.45	0.00	0.00	0.00	0.00	4.30	0.00	0.12
381	45.00	36.00	522.01	20736.00	26100.31	538557.45	538557.45	0.00	0.00	0.00	0.00	5.22	0.00	0.12
382	46.00	36.00	522.01	20736.00	26100.31	538557.45	538557.45	0.00	0.00	0.00	0.00	5.16	0.00	0.12
383	47.00	36.00	522.01	20736.00	26100.31	538557.45	538557.45	0.00	0.00	0.00	0.00	5.10	0.00	0.12
384	47.00	37.00	522.01	20736.00	26100.31	538557.45	538557.45	0.00	0.00	0.00	0.00	5.17	0.00	0.12
385	47.00	38.00	522.01	20736.00	26100.31	538557.45	538557.45	0.00	0.00	0.00	0.00	5.21	0.00	0.12
386	47.00	39.00	522.01	20736.00	26100.31	538557.45	538557.45	0.00	0.00	0.00	0.00	5.39	0.00	0.12
387	47.00	40.00	522.01	20736.00	26100.31	538557.45	538557.45	0.00	0.00	0.00	0.00	5.52	0.00	0.12
388	48.00	40.00	522.01	20736.00	26100.31	538557.45	538557.45	0.00	0.00	0.00	0.00	5.46	0.00	0.12
389	48.00	41.00	522.01	20736.00	26100.31	538557.45	538557.45	0.00	0.00	0.00	0.00	5.54	0.00	0.12
390	49.00	41.00	522.01	20736.00	26100.31	538557.45	538557.45	0.00	0.00	0.00	0.00	5.48	0.00	0.12
391	49.00	42.00	522.01	20736.00	26100.31	538557.45	538557.45	0.00	0.00	0.00	0.00	5.61	0.00	0.12
392	50.00	42.00	522.01	20736.00	26100.31	538557.45	538557.45	0.00	0.00	0.00	0.00	5.55	0.00	0.12
393	50.00	43.00	522.01	20736.00	26100.31	538557.45	538557.45	0.00	0.00	0.00	0.00	5.79	0.00	0.12
394	50.00	44.00	522.01	20736.00	26100.31	538557.45	538557.45	0.00	0.00	0.00	0.00	5.81	0.00	0.12
395	50.00	45.00	522.01	20736.00	26100.31	538557.45	538557.45	0.00	0.00	0.00	0.00	5.78	0.00	0.12
396	51.00	45.00	522.01	20736.00	26100.31	538557.45	538557.45	0.00	0.00	0.00	0.00	5.72	0.00	0.12
397	51.00	46.00	522.01	20736.00	26100.31	538557.45	538557.45	0.00	0.00	0.00	0.00	5.69	0.00	0.12
398	52.00	46.00	522.01	20736.00	26100.31	538557.45	538557.45	0.00	0.00	0.00	0.00	5.63	0.00	0.12
399	52.00	47.00	522.01	20736.00	26100.31	538557.45	538557.45	0.00	0.00	0.00	0.00	5.60	0.00	0.12
400	52.00	48.00	522.01	20736.00	26100.31	538557.45	538557.45	0.00	0.00	0.00	0.00	5.62	0.00	0.12
401	53.00	48.00	443.71	24883.20	22185.27	538557.45	538557.45	0.00	0.00	0.00	0.00	5.57	0.00	0.12
402	53.00	49.00	443.71	24883.20	22185.27	538557.45	538557.45	0.00	0.00	0.00	0.00	5.62	0.00	0.12
403	54.00	49.00	443.71	24883.20	22185.27	538557.45	538557.45	0.00	0.00	0.00	0.00	5.56	0.00	0.12
404	54.00	50.00	443.71	24883.20	22185.27	538557.45	538557.45	0.00	0.00	0.00	0.00	5.58	0.00	0.12
405	54.00	51.00	443.71	24883.20	22185.27	538557.45	538557.45	0.00	0.00	0.00	0.00	5.55	0.00	0.12
406	54.00	52.00	443.71	24883.20	22185.27	538557.45	538557.45	0.00	0.00	0.00	0.00	5.61	0.00	0.12
407	54.00	53.00	443.71	24883.20	22185.27	538557.45	538557.45	0.00	0.00	0.00	0.00	5.71	0.00	0.12
408	55.00	53.00	443.71	24883.20	22185.27	538557.45	538557.45	0.00	0.00	0.00	0.00	5.66	0.00	0.12
409	55.00	54.00	443.71	24883.20	22185.27	538557.45	538557.45	0.00	0.00	0.00	0.00	5.87	0.00	0.12
410	55.00	55.00	443.71	24883.20	22185.27	538557.45	538557.45	0.00	0.00	0.00	0.00	6.19	0.00	0.12
411	56.00	55.00	443.71	24883.20	22185.27	538557.45	538557.45	0.00	0.00	0.00	0.00	6.13	0.00	0.12
412	56.00	56.00	443.71	24883.20	22185.27	538557.45	538557.45	0.00	0.00	0.00	0.00	6.36	0.00	0.12
413	56.00	57.00	443.71	24883.20	22185.27	538557.45	538557.45	0.00	0.00	0.00	0.00	6.54	0.00	0.12
414	56.00	58.00	443.71	24883.20	22185.27	538557.45	538557.45	0.00	0.00	0.00	0.00	6.63	0.00	0.12
415	56.00	59.00	443.71	24883.20	22185.27	538557.45	538557.45	0.00	0.00	0.00	0.00	6.69	0.00	0.12
416	57.00	59.00	443.71	24883.20	22185.27	538557.45	538557.45	0.00	0.00	0.00	0.00	6.64	0.00	0.12
417	58.00	59.00	443.71	24883.20	22185.27	538557.45	538557.45	0.00	0.00	0.00	0.00	6.58	0.00	0.12
418	58.00	60.00	443.71	24883.20	22185.27	538557.45	538557.45	0.00	0.00	0.00	0.00	6.69	0.00	0.12
419	59.00	60.00	443.71	24883.20	22185.27	538557.45	538557.45	0.00	0.00	0.00	0.00	6.64	0.00	0.12
420	59.00	61.00	443.71	24883.20	22185.27	538557.45	538557.45	0.00	0.00	0.00	0.00	6.67	0.00	0.12
421	60.00	61.00	443.71	24883.20	22185.27	538557.45	538557.45	0.00	0.00	0.00	0.00	6.62	0.00	0.12
422	61.00	61.00	443.71	24883.20	22185.27	538557.45	538557.45	0.00	0.00	0.00	0.00	6.57	0.00	0.12
423	61.00	62.00	443.71	24883.20	22185.27	538557.45	538557.45	0.00	0.00	0.00	0.00	6.71	0.00	0.12
424	61.00	63.00	443.71	24883.20	22185.27	538557.45	538557.45	0.00	0.00	0.00	0.00	6.81	0.00	0.12
425	61.00	64.00	443.71	24883.20	22185.27	538557.45	538557.45	0.00	0.00	0.00	0.00	6.85	0.00	0.12
426	61.00	65.00	443.71	24883.20	22185.27	538557.45	538557.45	0.00	0.00	0.00	0.00	6.86	0.00	0.12
427	62.00	65.00	443.71	24883.20	22185.27	538557.45	538557.45	0.00	0.00	0.00	0.00	6.80	0.00	0.12
428	62.00	66.00	443.71	24883.20	22185.27	538557.45	538557.45	0.00	0.00	0.00	0.00	6.81	0.00	0.12
429	63.00	66.00	443.71	24883.20	22185.27	538557.45	538557.45	0.00	0.00	0.00	0.00	6.75	0.00	0.12
430	63.00	67.00	443.71	24883.20	22185.27	538557.45	538557.45	0.00	0.00	0.00	0.00	6.94	0.00	0.12
431	63.00	68.00	443.71	24883.20	22185.27	538557.45	538557.45	0.00	0.00	0.00	0.00	6.91	0.00	0.12
432	63.00	69.00	443.71	24883.20	22185.27	538557.45	538557.45	0.00	0.00	0.00	0.00	6.95	0.00	0.12
433	63.00	70.00	443.71	24883.20	22185.27	538557.45	538557.45	0.00	0.00	0.00	0.00	6.93	0.00	0.12
434	64.00	70.00	443.71	24883.20	22185.27	538557.45	538557.45	0.00	0.00	0.00	0.00	6.87	0.00	0.12
435	64.00	71.00	443.71	24883.20	22185.27	538557.45	538557.45	0.00	0.00	0.00	0.00	7.02	0.00	0.12
436	65.00	71.00	443.71	24883.20	22185.27	538557.45	538557.45	0.00	0.00	0.00	0.00	6.97	0.00	0.12
437	66.00	71.00	443.71	24883.20	22185.27	538557.45	538557.45	0.00	0.00	0.00	0.00	6.91	0.00	0.12
438	66.00	72.00	443.71	24883.20	22185.27	538557.45	538557.45	0.00	0.00	0.00	0.00	6.98	0.00	0.12
439	67.00	72.00	443.71	24883.20	22185.27	538557.45	538557.45	0.00	0.00	0.00	0.00	6.92	0.00	0.12
440	67.00	73.00	443.71	24883.20	22185.27	538557.45	538557.45	0.00	0.00	0.00	0.00	6.90	0.00	0.12
441	67.00	74.00	443.71	24883.20	22185.27	538557.45	538557.45	0.00	0.00	0.00	0.00	6.93	0.00	0.12
442	67.00	25.00	443.71	24883.20	22185.27	538557.45	538557.45	0.00	0.00	0.00	0.00	2.69	0.00	0.12
443	67.00	26.00	443.71	24883.20	22185.27	538557.45	538557.45	0.00	0.00	0.00	0.00	3.23	0.00	0.12
444	68.00	26.00	443.71	24883.20	22185.27	538557.45	538557.45	0.00	0.00	0.00	0.00	3.20	0.00	0.12
445	69.00	26.00	443.71	24883.20	22185.27	538557.45	538557.45	0.00	0.00	0.00	0.00	3.16	0.00	0.12
446	70.00	26.00	443.71	24883.20	22185.27	538557.45	538557.45	0.00	0.00	0.00	0.00	3.13	0.00	0.12
447	71.00	26.00	443.71	24883.20	22185.27	538557.45	538557.45	0.00	0.00	0.00	0.00	3.10	0.00	0.12
448	72.00	26.00	443.71	24883.20	22185.27	538557.45	538557.45	0.00	0.00	0.00	0.00	3.07	0.00	0.12
449	72.00	27.00	443.71	24883.20	22185.27	538557.45	538557.45	0.00	0.00	0.00	0.00	3.12	0.00	0.12
450	72.00	28.00	443.71	24883.20	22185.27	538557.45	538557.45	0.00	0.00	0.00	0.00	3.20	0.00	0.12
451	73.00	28.00	443.71	24883.20	22185.27	538557.45	538557.45	0.00	0.00	0.00	0.00	3.17	0.00	0.12
452	73.00	29.00	443.71	24883.20	22185.27	538557.45	538557.45	0.00	0.00	0.00	0.00	3.25	0.00	0.12
453	74.00	29.00	443.71	24883.20	22185.27	538557.45	538557.45	0.00	0.00	0.00	0.00	3.22	0.00	0.12
454	74.00	30.00	443.71	24883.20	22185.27	538557.45	538557.45	0.00	0.00	0.00	0.00	3.35	0.00	0.12
455	74.00	31.00	443.71	24883.20	22185.27	538557.45	538557.45	0.00	0.00	0.00	0.00	3.40	0.00	0.12
456	25.00	31.00	443.71	24883.20	22185.27	538557.45	538557.45	0.00	0.00	0.00	0.00	6.37	0.00	0.12
457	26.00	31.00	443.71	24883.20	22185.27	538557.45	538557.45	0.00	0.00	0.00	0.00	6.25	0.00	0.12
458	26.00	32.00	443.71	24883.20	22185.27	538557.45	538557.45	0.00	0.00	0.00	0.00	7.66	0.00	0.12
459	27.00	32.00	443.71	24883.20	22185.27	538557.45	538557.45	0.00	0.00	0.00	0.00	7.53	0.00	0.12
460	27.00	33.00	443.71	24883.20	22185.27	538557.45	538557.45	0.00	0.00	0.00	0.00	7.73	0.00	0.12
461	27.00	34.00	443.71	24883.20	22185.27	538557.45	538557.45	0.00	0.00	0.00	0.00	7.63	0.00	0.12
462	27.00	35.00	443.71	24883.20	22185.27	538557.45	538557.45	0.00	0.00	0.00	0.00	8.33	0.00	0.12
463	27.00	36.00	377.15	29859.84	18857.48	538557.45	538557.45	0.00	0.00	0.00	0.00	8.87	0.00	0.12
464	27.00	37.00	377.15	29859.84	18857.48	538557.45	538557.45	0.00	0.00	0.00	0.00	9.02	0.00	0.12
465	27.00	38.00	377.15	29859.84	18857.48	538557.45	538557.45	0.00	0.00	0.00	0.00	9.14	0.00	0.12
466	28.00	38.00	377.15	29859.84	18857.48	538557.45	538557.45	0.00	0.00	0.00	0.00	9.00	0.00	0.12
467	29.00	38.00	377.15	29859.84	18857.48	538557.45	538557.45	0.00	0.00	0.00	0.00	8.87	0.00	0.12
468	30.00	38.00	377.15	29859.84	18857.48	538557.45	538557.45	0.00	0.00	0.00	0.00	8.74	0.00	0.12
469	30.00	39.00	377.15	29859.84	18857.48	538557.45	538557.45	0.00	0.00	0.00	0.00	8.78	0.00	0.12
470	30.00	40.00	377.15	29859.84	18857.48	538557.45	538557.45	0.00	0.00	0.00	0.00	8.77	0.00	0.12
471	31.00	40.00	377.15	29859.84	18857.48	538557.45	538557.45	0.00	0.00	0.00	0.00	8.64	0.00	0.12
472	31.00	41.00	377.15	29859.84	18857.48	538557.45	538557.45	0.00	0.00	0.00	0.00	8.66	0.00	0.12
473	32.00	41.00	377.15	29859.84	18857.48	538557.45	538557.45	0.00	0.00	0.00	0.00	8.54	0.00	0.12
474	32.00	42.00	377.15	29859.84	18857.48	538557.45	538557.45	0.00	0.00	0.00	0.00	8.47	0.00	0.12
475	33.00	42.00	377.15	29859.84	18857.48	538557.45	538557.45	0.00	0.00	0.00	0.00	8.36	0.00	0.12
476	34.00	42.00	377.15	29859.84	18857.48	538557.45	538557.45	0.00	0.00	0.00	0.00	8.25	0.00	0.12
477	34.00	43.00	377.15	29859.84	18857.48	538557.45	538557.45	0.00	0.00	0.00	0.00	8.18	0.00	0.12
478	34.00	44.00	377.15	29859.84	18857.48	538557.45	538557.45	0.00	0.00	0.00	0.00	8.12	0.00	0.12
479	35.00	44.00	377.15	29859.84	18857.48	538557.45	538557.45	0.00	0.00	0.00	0.00	8.02	0.00	0.12
480	35.00	45.00	377.15	29859.84	18857.48	538557.45	538557.45	0.00	0.00	0.00	0.00	8.56	0.00	0.12
481	35.00	46.00	377.15	29859.84	18857.48	538557.45	538557.45	0.00	0.00	0.00	0.00	8.56	0.00	0.12
482	35.00	47.00	377.15	29859.84	18857.48	538557.45	538557.45	0.00	0.00	0.00	0.00	8.59	0.00	0.12
483	35.00	48.00	377.15	29859.84	18857.48	538557.45	538557.45	0.00	0.00	0.00	0.00	8.64	0.00	0.12
484	36.00	48.00	377.15	29859.84	18857.48	538557.45	538557.45	0.00	0.00	0.00	0.00	8.54	0.00	0.12
485	36.00	49.00	377.15	29859.84	18857.48	538557.45	538557.45	0.00	0.00	0.00	0.00	8.47	0.00	0.12
486	37.00	49.00	377.15	29859.84	18857.48	538557.45	538557.45	0.00	0.00	0.00	0.00	8.37	0.00	0.12
487	37.00	50.00	377.15	29859.84	18857.48	538557.45	538557.45	0.00	0.00	0.00	0.00	8.41	0.00	0.12
488	38.00	50.00	377.15	29859.84	18857.48	538557.45	538557.45	0.00	0.00	0.00	0.00	8.31	0.00	0.12
489	39.00	50.00	377.15	29859.84	18857.48	538557.45	538557.45	0.00	0.00	0.00	0.00	8.22	0.00	0.12
490	39.00	51.00	377.15	29859.84	18857.48	538557.45	538557.45	0.00	0.00	0.00	0.00	8.43	0.00	0.12
491	40.00	51.00	377.15	29859.84	18857.48	538557.45	538557.45	0.00	0.00	0.00	0.00	8.34	0.00	0.12
492	41.00	51.00	377.15	29859.84	18857.48	538557.45	538557.45	0.00	0.00	0.00	0.00	8.24	0.00	0.12
493	41.00	52.00	377.15	29859.84	18857.48	538557.45	538557.45	0.00	0.00	0.00	0.00	8.30	0.00	0.12
494	41.00	53.00	377.15	29859.84	18857.48	538557.45	538557.45	0.00	0.00	0.00	0.00	8.51	0.00	0.12
495	42.00	53.00	377.15	29859.84	18857.48	538557.45	538557.45	0.00	0.00	0.00	0.00	8.42	0.00	0.12
496	42.00	54.00	377.15	29859.84	18857.48	538557.45	538557.45	0.00	0.00	0.00	0.00	8.45	0.00	0.12
497	42.00	55.00	377.15	29859.84	18857.48	538557.45	538557.45	0.00	0.00	0.00	0.00	8.54	0.00	0.12
498	42.00	56.00	377.15	29859.84	18857.48	538557.45	538557.45	0.00	0.00	0.00	0.00	8.58	0.00	0.12
499	42.00	57.00	377.15	29859.84	18857.48	538557.45	538557.45	0.00	0.00	0.00	0.00	8.61	0.00	0.12
500	43.00	57.00	377.15	29859.84	18857.48	538557.45	538557.45	0.00	0.00	0.00	0.00	8.52	0.00	0.12
501	43.00	58.00	377.15	29859.84	18857.48	538557.45	538557.45	0.00	0.00	0.00	0.00	8.62	0.00	0.12
502	44.00	58.00	377.15	29859.84	18857.48	538557.45	538557.45	0.00	0.00	0.00	0.00	8.54	0.00	0.12
503	44.00	59.00	377.15	29859.84	18857.48	538557.45	538557.45	0.00	0.00	0.00	0.00	8.56	0.00	0.12
504	44.00	60.00	377.15	29859.84	18857.48	538557.45	538557.45	0.00	0.00	0.00	0.00	8.53	0.00	0.12
505	45.00	60.00	377.15	29859.84	18857.48	538557.45	538557.45	0.00	0.00	0.00	0.00	8.45	0.00	0.12
506	45.00	61.00	377.15	29859.84	18857.48	538557.45	538557.45	0.00	0.00	0.00	0.00	8.48	0.00	0.12
507	46.00	61.00	377.15	29859.84	18857.48	538557.45	538557.45	0.00	0.00	0.00	0.00	8.40	0.00	0.12
508	47.00	61.00	377.15	29859.84	18857.48	538557.45	538557.45	0.00	0.00	0.00	0.00	8.32	0.00	0.12
509	47.00	62.00	377.15	29859.84	18857.48	538557.45	538557.45	0.00	0.00	0.00	0.00	8.36	0.00	0.12
510	48.00	62.00	377.15	29859.84	18857.48	538557.45	538557.45	0.00	0.00	0.00	0.00	8.29	0.00	0.12
511	49.00	62.00	377.15	29859.84	18857.48	538557.45	538557.45	0.00	0.00	0.00	0.00	8.21	0.00	0.12
512	49.00	63.00	377.15	29859.84	18857.48	538557.45	538557.45	0.00	0.00	0.00	0.00	8.17	0.00	0.12
513	49.00	64.00	377.15	29859.84	18857.48	538557.45	538557.45	0.00	0.00	0.00	0.00	8.20	0.00	0.12
514	50.00	64.00	377.15	29859.84	18857.48	538557.45	538557.45	0.00	0.00	0.00	0.00	8.12	0.00	0.12
515	50.00	65.00	377.15	29859.84	18857.48	538557.45	538557.45	0.00	0.00	0.00	0.00	8.12	0.00	0.12
516	50.00	66.00	377.15	29859.84	18857.48	538557.45	538557.45	0.00	0.00	0.00	0.00	8.18	0.00	0.12
517	50.00	67.00	377.15	29859.84	18857.48	538557.45	538557.45	0.00	0.00	0.00	0.00	8.22	0.00	0.12
518	50.00	68.00	377.15	29859.84	18857.48	538557.45	538557.45	0.00	0.00	0.00	0.00	8.24	0.00	0.12
519	51.00	68.00	377.15	29859.84	18857.48	538557.45	538557.45	0.00	0.00	0.00	0.00	8.17	0.00	0.12
520	52.00	68.00	377.15	29859.84	18857.48	538557.45	538557.45	0.00	0.00	0.00	0.00	8.11	0.00	0.12
521	52.00	69.00	377.15	29859.84	18857.48	538557.45	538557.45	0.00	0.00	0.00	0.00	8.31	0.00	0.12
522	52.00	70.00	377.15	29859.84	18857.48	538557.45	538557.45	0.00	0.00	0.00	0.00	8.27	0.00	0.12
523	52.00	71.00	377.15	29859.84	18857.48	538557.45	538557.45	0.00	0.00	0.00	0.00	8.35	0.00	0.12
524	53.00	71.00	377.15	29859.84	18857.48	538557.45	538557.45	0.00	0.00	0.00	0.00	8.28	0.00	0.12
525	54.00	71.00	377.15	29859.84	18857.48	538557.45	538557.45	0.00	0.00	0.00	0.00	8.22	0.00	0.12
526	54.00	72.00	377.15	29859.84	18857.48	538557.45	538557.45	0.00	0.00	0.00	0.00	8.17	0.00	0.12
527	55.00	72.00	377.15	29859.84	18857.48	538557.45	538557.45	0.00	0.00	0.00	0.00	8.11	0.00	0.12
528	56.00	72.00	377.15	29859.84	18857.48	538557.45	538557.45	0.00	0.00	0.00	0.00	8.05	0.00	0.12
529	57.00	72.00	377.15	29859.84	18857.48	538557.45	538557.45	0.00	0.00	0.00	0.00	7.98	0.00	0.12
530	57.00	73.00	377.15	29859.84	18857.48	538557.45	538557.45	0.00	0.00	0.00	0.00	7.98	0.00	0.12
531	57.00	74.00	377.15	29859.84	18857.48	538557.45	538557.45	0.00	0.00	0.00	0.00	8.22	0.00	0.12
532	58.00	74.00	377.15	29859.84	18857.48	538557.45	538557.45	0.00	0.00	0.00	0.00	8.15	0.00	0.12
533	58.00	25.00	377.15	29859.84	18857.48	538557.45	538557.45	0.00	0.00	0.00	0.00	3.06	0.00	0.12
534	58.00	26.00	377.15	29859.84	18857.48	538557.45	538557.45	0.00	0.00	0.00	0.00	3.23	0.00	0.12
535	59.00	26.00	377.15	29859.84	18857.48	538557.45	538557.45	0.00	0.00	0.00	0.00	3.19	0.00	0.12
536	60.00	26.00	377.15	29859.84	18857.48	538557.45	538557.45	0.00	0.00	0.00	0.00	3.15	0.00	0.12
537	61.00	26.00	377.15	29859.84	18857.48	538557.45	538557.45	0.00	0.00	0.00	0.00	3.12	0.00	0.12
538	62.00	26.00	377.15	29859.84	18857.48	538557.45	538557.45	0.00	0.00	0.00	0.00	3.08	0.00	0.12
539	62.00	27.00	377.15	29859.84	18857.48	538557.45	538557.45	0.00	0.00	0.00	0.00	3.29	0.00	0.12
540	63.00	27.00	377.15	29859.84	18857.48	538557.45	538557.45	0.00	0.00	0.00	0.00	3.25	0.00	0.12
541	64.00	27.00	377.15	29859.84	18857.48	538557.45	538557.45	0.00	0.00	0.00	0.00	3.22	0.00	0.12
542	64.00	28.00	377.15	29859.84	18857.48	538557.45	538557.45	0.00	0.00	0.00	0.00	3.39	0.00	0.12
543	64.00	29.00	377.15	29859.84	18857.48	538557.45	538557.45	0.00	0.00	0.00	0.00	3.39	0.00	0.12
544	64.00	30.00	377.15	29859.84	18857.48	538557.45	538557.45	0.00	0.00	0.00	0.00	3.38	0.00	0.12
545	65.00	30.00	377.15	29859.84	18857.48	538557.45	538557.45	0.00	0.00	0.00	0.00	3.35	0.00	0.12
546	66.00	30.00	377.15	29859.84	18857.48	538557.45	538557.45	0.00	0.00	0.00	0.00	3.31	0.00	0.12
547	67.00	30.00	377.15	29859.84	18857.48	538557.45	538557.45	0.00	0.00	0.00	0.00	3.28	0.00	0.12
548	67.00	31.00	377.15	29859.84	18857.48	538557.45	538557.45	0.00	0.00	0.00	0.00	3.39	0.00	0.12
549	68.00	31.00	377.15	29859.84	18857.48	538557.45	538557.45	0.00	0.00	0.00	0.00	3.35	0.00	0.12
550	69.00	31.00	377.15	29859.84	18857.48	538557.45	538557.45	0.00	0.00	0.00	0.00	3.32	0.00	0.12
551	69.00	32.00	377.15	29859.84	18857.48	538557.45	538557.45	0.00	0.00	0.00	0.00	3.40	0.00	0.12
552	70.00	32.00	377.15	29859.84	18857.48	538557.45	538557.45	0.00	0.00	0.00	0.00	3.37	0.00	0.12
553	70.00	33.00	377.15	29859.84	18857.48	538557.45	538557.45	0.00	0.00	0.00	0.00	3.44	0.00	0.12
554	70.00	34.00	377.15	29859.84	18857.48	538557.45	538557.45	0.00	0.00	0.00	0.00	3.60	0.00	0.12
555	70.00	35.00	377.15	29859.84	18857.48	538557.45	538557.45	0.00	0.00	0.00	0.00	3.67	0.00	0.12
556	70.00	36.00	377.15	29859.84	18857.48	538557.45	538557.45	0.00	0.00	0.00	0.00	3.95	0.00	0.12
557	70.00	37.00	377.15	29859.84	18857.48	538557.45	538557.45	0.00	0.00	0.00	0.00	3.94	0.00	0.12
558	71.00	37.00	377.15	29859.84	18857.48	538557.45	538557.45	0.00	0.00	0.00	0.00	3.91	0.00	0.12
559	71.00	38.00	377.15	29859.84	18857.48	538557.45	538557.45	0.00	0.00	0.00	0.00	4.07	0.00	0.12
560	72.00	38.00	377.15	29859.84	18857.48	538557.45	538557.45	0.00	0.00	0.00	0.00	4.03	0.00	0.12
561	73.00	38.00	377.15	29859.84	18857.48	538557.45	538557.45	0.00	0.00	0.00	0.00	3.99	0.00	0.12
562	74.00	38.00	377.15	29859.84	18857.48	538557.45	538557.45	0.00	0.00	0.00	0.00	3.96	0.00	0.12
563	25.00	38.00	320.58	35831.81	16028.85	538557.45	538557.45	0.00	0.00	0.00	0.00	7.03	0.00	0.12
564	25.00	39.00	320.58	35831.81	16028.85	538557.45	538557.45	0.00	0.00	0.00	0.00	6.97	0.00	0.12
565	25.00	40.00	320.58	35831.81	16028.85	538557.45	538557.45	0.00	0.00	0.00	0.00	7.30	0.00	0.12
566	26.00	40.00	320.58	35831.81	16028.85	538557.45	538557.45	0.00	0.00	0.00	0.00	7.19	0.00	0.12
567	27.00	40.00	320.58	35831.81	16028.85	538557.45	538557.45	0.00	0.00	0.00	0.00	7.09	0.00	0.12
568	27.00	41.00	320.58	35831.81	16028.85	538557.45	538557.45	0.00	0.00	0.00	0.00	7.10	0.00	0.12
569	28.00	41.00	320.58	35831.81	16028.85	538557.45	538557.45	0.00	0.00	0.00	0.00	7.00	0.00	0.12
570	28.00	42.00	320.58	35831.81	16028.85	538557.45	538557.45	0.00	0.00	0.00	0.00	6.94	0.00	0.12
571	28.00	43.00	320.58	35831.81	16028.85	538557.45	538557.45	0.00	0.00	0.00	0.00	7.08	0.00	0.12
572	28.00	44.00	320.58	35831.81	16028.85	538557.45	538557.45	0.00	0.00	0.00	0.00	7.08	0.00	0.12
573	29.00	44.00	320.58	35831.81	16028.85	538557.45	538557.45	0.00	0.00	0.00	0.00	6.99	0.00	0.12
574	29.00	45.00	320.58	35831.81	16028.85	538557.45	538557.45	0.00	0.00	0.00	0.00	7.02	0.00	0.12
575	30.00	45.00	320.58	35831.81	16028.85	538557.45	538557.45	0.00	0.00	0.00	0.00	6.93	0.00	0.12
576	30.00	46.00	320.58	35831.81	16028.85	538557.45	538557.45	0.00	0.00	0.00	0.00	6.95	0.00	0.12
577	31.00	46.00	320.58	35831.81	16028.85	538557.45	538557.45	0.00	0.00	0.00	0.00	6.86	0.00	0.12
578	31.00	47.00	320.58	35831.81	16028.85	538557.45	538557.45	0.00	0.00	0.00	0.00	6.91	0.00	0.12
579	32.00	47.00	320.58	35831.81	16028.85	538557.45	538557.45	0.00	0.00	0.00	0.00	6.82	0.00	0.12
580	32.00	48.00	320.58	35831.81	16028.85	538557.45	538557.45	0.00	0.00	0.00	0.00	6.90	0.00	0.12
581	32.00	49.00	320.58	35831.81	16028.85	538557.45	538557.45	0.00	0.00	0.00	0.00	6.92	0.00	0.12
582	32.00	50.00	320.58	35831.81	16028.85	538557.45	538557.45	0.00	0.00	0.00	0.00	7.04	0.00	0.12
583	32.00	51.00	320.58	35831.81	16028.85	538557.45	538557.45	0.00	0.00	0.00	0.00	7.04	0.00	0.12
584	32.00	52.00	320.58	35831.81	16028.85	538557.45	538557.45	0.00	0.00	0.00	0.00	7.09	0.00	0.12
585	33.00	52.00	320.58	35831.81	16028.85	538557.45	538557.45	0.00	0.00	0.00	0.00	7.01	0.00	0.12
586	33.00	53.00	320.58	35831.81	16028.85	538557.45	538557.45	0.00	0.00	0.00	0.00	7.02	0.00	0.12
587	33.00	54.00	320.58	35831.81	16028.85	538557.45	538557.45	0.00	0.00	0.00	0.00	7.09	0.00	0.12
588	34.00	54.00	320.58	35831.81	16028.85	538557.45	538557.45	0.00	0.00	0.00	0.00	7.01	0.00	0.12
589	35.00	54.00	320.58	35831.81	16028.85	538557.45	538557.45	0.00	0.00	0.00	0.00	6.93	0.00	0.12
590	35.00	55.00	320.58	35831.81	16028.85	538557.45	538557.45	0.00	0.00	0.00	0.00	6.89	0.00	0.12
591	35.00	56.00	320.58	35831.81	16028.85	538557.45	538557.45	0.00	0.00	0.00	0.00	6.95	0.00	0.12
592	35.00	57.00	320.58	35831.81	16028.85	538557.45	538557.45	0.00	0.00	0.00	0.00	6.91	0.00	0.12
593	36.00	57.00	320.58	35831.81	16028.85	538557.45	538557.45	0.00	0.00	0.00	0.00	6.83	0.00	0.12
594	36.00	58.00	320.58	35831.81	16028.85	538557.45	538557.45	0.00	0.00	0.00	0.00	6.93	0.00	0.12
595	36.00	59.00	320.58	35831.81	16028.85	538557.45	538557.45	0.00	0.00	0.00	0.00	6.90	0.00	0.12
596	37.00	59.00	320.58	35831.81	16028.85	538557.45	538557.45	0.00	0.00	0.00	0.00	6.83	0.00	0.12
597	37.00	60.00	320.58	35831.81	16028.85	538557.45	538557.45	0.00	0.00	0.00	0.00	6.96	0.00	0.12
598	37.00	61.00	320.58	35831.81	16028.85	538557.45	538557.45	0.00	0.00	0.00	0.00	7.02	0.00	0.12
599	38.00	61.00	320.58	35831.81	16028.85	538557.45	538557.45	0.00	0.00	0.00	0.00	6.94	0.00	0.12
600	38.00	62.00	320.58	35831.81	16028.85	538557.45	538557.45	0.00	0.00	0.00	0.00	7.26	0.00	0.12
601	38.00	63.00	320.58	35831.81	16028.85	538557.45	538557.45	0.00	0.00	0.00	0.00	7.21	0.00	0.12
602	39.00	63.00	320.58	35831.81	16028.85	538557.45	538557.45	0.00	0.00	0.00	0.00	7.14	0.00	0.12
603	40.00	63.00	320.58	35831.81	16028.85	538557.45	538557.45	0.00	0.00	0.00	0.00	7.07	0.00	0.12
604	41.00	63.00	320.58	35831.81	16028.85	538557.45	538557.45	0.00	0.00	0.00	0.00	7.01	0.00	0.12
605	41.00	64.00	320.58	35831.81	16028.85	538557.45	538557.45	0.00	0.00	0.00	0.00	7.00	0.00	0.12
606	42.00	64.00	320.58	35831.81	16028.85	538557.45	538557.45	0.00	0.00	0.00	0.00	6.93	0.00	0.12
607	42.00	65.00	320.58	35831.81	16028.85	538557.45	538557.45	0.00	0.00	0.00	0.00	6.89	0.00	0.12
608	43.00	65.00	320.58	35831.81	16028.85	538557.45	538557.45	0.00	0.00	0.00	0.00	6.83	0.00	0.12
609	43.00	66.00	320.58	35831.81	16028.85	538557.45	538557.45	0.00	0.00	0.00	0.00	6.77	0.00	0.12
610	43.00	67.00	320.58	35831.81	16028.85	538557.45	538557.45	0.00	0.00	0.00	0.00	6.74	0.00	0.12
611	44.00	67.00	320.58	35831.81	16028.85	538557.45	538557.45	0.00	0.00	0.00	0.00	6.68	0.00	0.12
612	45.00	67.00	320.58	35831.81	16028.85	538557.45	538557.45	0.00	0.00	0.00	0.00	6.62	0.00	0.12
613	46.00	67.00	320.58	35831.81	16028.85	538557.45	538557.45	0.00	0.00	0.00	0.00	6.56	0.00	0.12
614	46.00	68.00	320.58	35831.81	16028.85	538557.45	538557.45	0.00	0.00	0.00	0.00	6.74	0.00	0.12
615	46.00	69.00	320.58	35831.81	16028.85	538557.45	538557.45	0.00	0.00	0.00	0.00	6.70	0.00	0.12
616	46.00	70.00	320.58	35831.81	16028.85	538557.45	538557.45	0.00	0.00	0.00	0.00	6.76	0.00	0.12
617	47.00	70.00	320.58	35831.81	16028.85	538557.45	538557.45	0.00	0.00	0.00	0.00	6.70	0.00	0.12
618	47.00	71.00	320.58	35831.81	16028.85	538557.45	538557.45	0.00	0.00	0.00	0.00	6.74	0.00	0.12
619	47.00	72.00	320.58	35831.81	16028.85	538557.45	538557.45	0.00	0.00	0.00	0.00	6.89	0.00	0.12
620	47.00	73.00	320.58	35831.81	16028.85	538557.45	538557.45	0.00	0.00	0.00	0.00	7.07	0.00	0.12
621	48.00	73.00	320.58	35831.81	16028.85	538557.45	538557.45	0.00	0.00	0.00	0.00	7.01	0.00	0.12
622	49.00	73.00	320.58	35831.81	16028.85	538557.45	538557.45	0.00	0.00	0.00	0.00	6.95	0.00	0.12
623	49.00	74.00	320.58	35831.81	16028.85	538557.45	538557.45	0.00	0.00	0.00	0.00	7.05	0.00	0.12
624	49.00	25.00	320.58	35831.81	16028.85	538557.45	538557.45	0.00	0.00	0.00	0.00	3.16	0.00	0.12
625	50.00	25.00	320.58	35831.81	16028.85	538557.45	538557.45	0.00	0.00	0.00	0.00	3.12	0.00	0.12
626	50.00	26.00	320.58	35831.81	16028.85	538557.45	538557.45	0.00	0.00	0.00	0.00	3.30	0.00	0.12
627	51.00	26.00	320.58	35831.81	16028.85	538557.45	538557.45	0.00	0.00	0.00	0.00	3.26	0.00	0.12
628	52.00	26.00	320.58	35831.81	16028.85	538557.45	538557.45	0.00	0.00	0.00	0.00	3.22	0.00	0.12
629	52.00	27.00	320.58	35831.81	16028.85	538557.45	538557.45	0.00	0.00	0.00	0.00	3.37	0.00	0.12
630	53.00	27.00	320.58	35831.81	16028.85	538557.45	538557.45	0.00	0.00	0.00	0.00	3.33	0.00	0.12
631	54.00	27.00	320.58	35831.81	16028.85	538557.45	538557.45	0.00	0.00	0.00	0.00	3.28	0.00	0.12
632	55.00	27.00	320.58	35831.81	16028.85	538557.45	538557.45	0.00	0.00	0.00	0.00	3.24	0.00	0.12
633	56.00	27.00	320.58	35831.81	16028.85	538557.45	538557.45	0.00	0.00	0.00	0.00	3.21	0.00	0.12
634	57.00	27.00	320.58	35831.81	16028.85	538557.45	538557.45	0.00	0.00	0.00	0.00	3.17	0.00	0.12
635	58.00	27.00	320.58	35831.81	16028.85	538557.45	538557.45	0.00	0.00	0.00	0.00	3.13	0.00	0.12
636	59.00	27.00	320.58	35831.81	16028.85	538557.45	538557.45	0.00	0.00	0.00	0.00	3.09	0.00	0.12
637	59.00	28.00	320.58	35831.81	16028.85	538557.45	538557.45	0.00	0.00	0.00	0.00	3.19	0.00	0.12
638	60.00	28.00	320.58	35831.81	16028.85	538557.45	538557.45	0.00	0.00	0.00	0.00	3.15	0.00	0.12
639	61.00	28.00	320.58	35831.81	16028.85	538557.45	538557.45	0.00	0.00	0.00	0.00	3.12	0.00	0.12
640	61.00	29.00	320.58	35831.81	16028.85	538557.45	538557.45	0.00	0.00	0.00	0.00	3.11	0.00	0.12
641	62.00	29.00	320.58	35831.81	16028.85	538557.45	538557.45	0.00	0.00	0.00	0.00	3.08	0.00	0.12
642	62.00	30.00	320.58	35831.81	16028.85	538557.45	538557.45	0.00	0.00	0.00	0.00	3.20	0.00	0.12
643	63.00	30.00	320.58	35831.81	16028.85	538557.45	538557.45	0.00	0.00	0.00	0.00	3.17	0.00	0.12
644	64.00	30.00	320.58	35831.81	16028.85	538557.45	538557.45	0.00	0.00	0.00	0.00	3.13	0.00	0.12
645	64.00	31.00	320.58	35831.81	16028.85	538557.45	538557.45	0.00	0.00	0.00	0.00	3.19	0.00	0.12
646	64.00	32.00	320.58	35831.81	16028.85	538557.45	538557.45	0.00	0.00	0.00	0.00	3.19	0.00	0.12
647	65.00	32.00	320.58	35831.81	16028.85	538557.45	538557.45	0.00	0.00	0.00	0.00	3.16	0.00	0.12
648	65.00	33.00	320.58	35831.81	16028.85	538557.45	538557.45	0.00	0.00	0.00	0.00	3.33	0.00	0.12
649	65.00	34.00	320.58	35831.81	16028.85	538557.45	538557.45	0.00	0.00	0.00	0.00	3.41	0.00	0.12
650	65.00	35.00	320.58	35831.81	16028.85	538557.45	538557.45	0.00	0.00	0.00	0.00	3.63	0.00	0.12
651	66.00	35.00	320.58	35831.81	16028.85	538557.45	538557.45	0.00	0.00	0.00	0.00	3.59	0.00	0.12
652	67.00	35.00	320.58	35831.81	16028.85	538557.45	538557.45	0.00	0.00	0.00	0.00	3.56	0.00	0.12
653	67.00	36.00	320.58	35831.81	16028.85	538557.45	538557.45	0.00	0.00	0.00	0.00	3.55	0.00	0.12
654	68.00	36.00	320.58	35831.81	16028.85	538557.45	538557.45	0.00	0.00	0.00	0.00	3.52	0.00	0.12
655	69.00	36.00	320.58	35831.81	16028.85	538557.45	538557.45	0.00	0.00	0.00	0.00	3.48	0.00	0.12
656	70.00	36.00	320.58	35831.81	16028.85	538557.45	538557.45	0.00	0.00	0.00	0.00	3.45	0.00	0.12
657	70.00	37.00	320.58	35831.81	16028.85	538557.45	538557.45	0.00	0.00	0.00	0.00	3.60	0.00	0.12
658	70.00	38.00	320.58	35831.81	16028.85	538557.45	538557.45	0.00	0.00	0.00	0.00	3.68	0.00	0.12
659	70.00	39.00	320.58	35831.81	16028.85	538557.45	538557.45	0.00	0.00	0.00	0.00	3.80	0.00	0.12
660	71.00	39.00	320.58	35831.81	16028.85	538557.45	538557.45	0.00	0.00	0.00	0.00	3.76	0.00	0.12
661	71.00	40.00	320.58	35831.81	16028.85	538557.45	538557.45	0.00	0.00	0.00	0.00	3.90	0.00	0.12
662	71.00	41.00	320.58	35831.81	16028.85	538557.45	538557.45	0.00	0.00	0.00	0.00	3.94	0.00	0.12
663	71.00	42.00	272.49	42998.17	13624.53	538557.45	538557.45	0.00	0.00	0.00	0.00	4.87	0.00	0.12
664	71.00	43.00	272.49	42998.17	13624.53	538557.45	538557.45	0.00	0.00	0.00	0.00	4.86	0.00	0.12
665	72.00	43.00	272.49	42998.17	13624.53	538557.45	538557.45	0.00	0.00	0.00	0.00	4.81	0.00	0.12
666	73.00	43.00	272.49	42998.17	13624.53	538557.45	538557.45	0.00	0.00	0.00	0.00	4.77	0.00	0.12
667	73.00	44.00	272.49	42998.17	13624.53	538557.45	538557.45	0.00	0.00	0.00	0.00	4.83	0.00	0.12
668	73.00	45.00	272.49	42998.17	13624.53	538557.45	538557.45	0.00	0.00	0.00	0.00	4.81	0.00	0.12
669	74.00	45.00	272.49	42998.17	13624.53	538557.45	538557.45	0.00	0.00	0.00	0.00	4.77	0.00	0.12
670	25.00	45.00	272.49	42998.17	13624.53	538557.45	538557.45	0.00	0.00	0.00	0.00	8.11	0.00	0.12
671	26.00	45.00	272.49	42998.17	13624.53	538557.45	538557.45	0.00	0.00	0.00	0.00	8.00	0.00	0.12
672	27.00	45.00	272.49	42998.17	13624.53	538557.45	538557.45	0.00	0.00	0.00	0.00	7.89	0.00	0.12
673	28.00	45.00	272.49	42998.17	13624.53	538557.45	538557.45	0.00	0.00	0.00	0.00	7.78	0.00	0.12
674	28.00	46.00	272.49	42998.17	13624.53	538557.45	538557.45	0.00	0.00	0.00	0.00	7.94	0.00	0.12
675	29.00	46.00	272.49	42998.17	13624.53	538557.45	538557.45	0.00	0.00	0.00	0.00	7.83	0.00	0.12
676	30.00	46.00	272.49	42998.17	13624.53	538557.45	538557.45	0.00	0.00	0.00	0.00	7.73	0.00	0.12
677	30.00	47.00	272.49	42998.17	13624.53	538557.45	538557.45	0.00	0.00	0.00	0.00	8.00	0.00	0.12
678	31.00	47.00	272.49	42998.17	13624.53	538557.45	538557.45	0.00	0.00	0.00	0.00	7.90	0.00	0.12
679	31.00	48.00	272.49	42998.17	13624.53	538557.45	538557.45	0.00	0.00	0.00	0.00	7.86	0.00	0.12
680	31.00	49.00	272.49	42998.17	13624.53	538557.45	538557.45	0.00	0.00	0.00	0.00	7.94	0.00	0.12
681	32.00	49.00	272.49	42998.17	13624.53	538557.45	538557.45	0.00	0.00	0.00	0.00	7.84	0.00	0.12
682	32.00	50.00	272.49	42998.17	13624.53	538557.45	538557.45	0.00	0.00	0.00	0.00	8.60	0.00	0.12
683	32.00	51.00	272.49	42998.17	13624.53	538557.45	538557.45	0.00	0.00	0.00	0.00	8.53	0.00	0.12
684	32.00	52.00	272.49	42998.17	13624.53	538557.45	538557.45	0.00	0.00	0.00	0.00	8.63	0.00	0.12
685	33.00	52.00	272.49	42998.17	13624.53	538557.45	538557.45	0.00	0.00	0.00	0.00	8.53	0.00	0.12
686	34.00	52.00	272.49	42998.17	13624.53	538557.45	538557.45	0.00	0.00	0.00	0.00	8.43	0.00	0.12
687	34.00	53.00	272.49	42998.17	13624.53	538557.45	538557.45	0.00	0.00	0.00	0.00	8.46	0.00	0.12
688	34.00	54.00	272.49	42998.17	13624.53	538557.45	538557.45	0.00	0.00	0.00	0.00	8.52	0.00	0.12
689	35.00	54.00	272.49	42998.17	13624.53	538557.45	538557.45	0.00	0.00	0.00	0.00	8.42	0.00	0.12
690	36.00	54.00	272.49	42998.17	13624.53	538557.45	538557.45	0.00	0.00	0.00	0.00	8.33	0.00	0.12
691	37.00	54.00	272.49	42998.17	13624.53	538557.45	538557.45	0.00	0.00	0.00	0.00	8.24	0.00	0.12
692	37.00	55.00	272.49	42998.17	13624.53	538557.45	538557.45	0.00	0.00	0.00	0.00	8.18	0.00	0.12
693	37.00	56.00	272.49	42998.17	13624.53	538557.45	538557.45	0.00	0.00	0.00	0.00	8.32	0.00	0.12
694	37.00	57.00	272.49	42998.17	13624.53	538557.45	538557.45	0.00	0.00	0.00	0.00	8.27	0.00	0.12
695	38.00	57.00	272.49	42998.17	13624.53	538557.45	538557.45	0.00	0.00	0.00	0.00	8.18	0.00	0.12
696	38.00	58.00	272.49	42998.17	13624.53	538557.45	538557.45	0.00	0.00	0.00	0.00	8.27	0.00	0.12
697	39.00	58.00	272.49	42998.17	13624.53	538557.45	538557.45	0.00	0.00	0.00	0.00	8.18	0.00	0.12
698	39.00	59.00	272.49	42998.17	13624.53	538557.45	538557.45	0.00	0.00	0.00	0.00	8.26	0.00	0.12
699	40.00	59.00	272.49	42998.17	13624.53	538557.45	538557.45	0.00	0.00	0.00	0.00	8.17	0.00	0.12
700	40.00	60.00	272.49	42998.17	13624.53	538557.45	538557.45	0.00	0.00	0.00	0.00	8.16	0.00	0.12
701	41.00	60.00	272.49	42998.17	13624.53	538557.45	538557.45	0.00	0.00	0.00	0.00	8.08	0.00	0.12
702	41.00	61.00	272.49	42998.17	13624.53	538557.45	538557.45	0.00	0.00	0.00	0.00	8.11	0.00	0.12
703	42.00	61.00	272.49	42998.17	13624.53	538557.45	538557.45	0.00	0.00	0.00	0.00	8.04	0.00	0.12
704	43.00	61.00	272.49	42998.17	13624.53	538557.45	538557.45	0.00	0.00	0.00	0.00	7.96	0.00	0.12
705	43.00	62.00	272.49	42998.17	13624.53	538557.45	538557.45	0.00	0.00	0.00	0.00	7.91	0.00	0.12
706	43.00	63.00	272.49	42998.17	13624.53	538557.45	538557.45	0.00	0.00	0.00	0.00	7.87	0.00	0.12
707	43.00	64.00	272.49	42998.17	13624.53	538557.45	538557.45	0.00	0.00	0.00	0.00	7.83	0.00	0.12
708	44.00	64.00	272.49	42998.17	13624.53	538557.45	538557.45	0.00	0.00	0.00	0.00	7.75	0.00	0.12
709	44.00	65.00	272.49	42998.17	13624.53	538557.45	538557.45	0.00	0.00	0.00	0.00	7.81	0.00	0.12
710	44.00	66.00	272.49	42998.17	13624.53	538557.45	538557.45	0.00	0.00	0.00	0.00	7.83	0.00	0.12
711	44.00	67.00	272.49	42998.17	13624.53	538557.45	538557.45	0.00	0.00	0.00	0.00	7.86	0.00	0.12
712	45.00	67.00	272.49	42998.17	13624.53	538557.45	538557.45	0.00	0.00	0.00	0.00	7.79	0.00	0.12
713	46.00	67.00	272.49	42998.17	13624.53	538557.45	538557.45	0.00	0.00	0.00	0.00	7.72	0.00	0.12
714	46.00	68.00	272.49	42998.17	13624.53	538557.45	538557.45	0.00	0.00	0.00	0.00	7.90	0.00	0.12
715	46.00	69.00	272.49	42998.17	13624.53	538557.45	538557.45	0.00	0.00	0.00	0.00	7.85	0.00	0.12
716	46.00	70.00	272.49	42998.17	13624.53	538557.45	538557.45	0.00	0.00	0.00	0.00	7.94	0.00	0.12
717	46.00	71.00	272.49	42998.17	13624.53	538557.45	538557.45	0.00	0.00	0.00	0.00	7.99	0.00	0.12
718	47.00	71.00	272.49	42998.17	13624.53	538557.45	538557.45	0.00	0.00	0.00	0.00	7.92	0.00	0.12
719	48.00	71.00	272.49	42998.17	13624.53	538557.45	538557.45	0.00	0.00	0.00	0.00	7.85	0.00	0.12
720	49.00	71.00	272.49	42998.17	13624.53	538557.45	538557.45	0.00	0.00	0.00	0.00	7.79	0.00	0.12
721	49.00	72.00	272.49	42998.17	13624.53	538557.45	538557.45	0.00	0.00	0.00	0.00	7.75	0.00	0.12
722	50.00	72.00	272.49	42998.17	13624.53	538557.45	538557.45	0.00	0.00	0.00	0.00	7.68	0.00	0.12
723	51.00	72.00	272.49	42998.17	13624.53	538557.45	538557.45	0.00	0.00	0.00	0.00	7.62	0.00	0.12
724	52.00	72.00	272.49	42998.17	13624.53	538557.45	538557.45	0.00	0.00	0.00	0.00	7.56	0.00	0.12
725	53.00	72.00	272.49	42998.17	13624.53	538557.45	538557.45	0.00	0.00	0.00	0.00	7.50	0.00	0.12
726	54.00	72.00	272.49	42998.17	13624.53	538557.45	538557.45	0.00	0.00	0.00	0.00	7.44	0.00	0.12
727	55.00	72.00	272.49	42998.17	13624.53	538557.45	538557.45	0.00	0.00	0.00	0.00	7.38	0.00	0.12
728	55.00	73.00	272.49	42998.17	13624.53	538557.45	538557.45	0.00	0.00	0.00	0.00	7.43	0.00	0.12
729	56.00	73.00	272.49	42998.17	13624.53	538557.45	538557.45	0.00	0.00	0.00	0.00	7.37	0.00	0.12
730	57.00	73.00	272.49	42998.17	13624.53	538557.45	538557.45	0.00	0.00	0.00	0.00	7.31	0.00	0.12
731	57.00	74.00	272.49	42998.17	13624.53	538557.45	538557.45	0.00	0.00	0.00	0.00	7.51	0.00	0.12
732	58.00	74.00	272.49	42998.17	13624.53	538557.45	538557.45	0.00	0.00	0.00	0.00	7.46	0.00	0.12
733	59.00	74.00	272.49	42998.17	13624.53	538557.45	538557.45	0.00	0.00	0.00	0.00	7.40	0.00	0.12
734	59.00	25.00	272.49	42998.17	13624.53	538557.45	538557.45	0.00	0.00	0.00	0.00	2.72	0.00	0.12
735	59.00	26.00	272.49	42998.17	13624.53	538557.45	538557.45	0.00	0.00	0.00	0.00	2.86	0.00	0.12
736	60.00	26.00	272.49	42998.17	13624.53	538557.45	538557.45	0.00	0.00	0.00	0.00	2.83	0.00	0.12
737	61.00	26.00	272.49	42998.17	13624.53	538557.45	538557.45	0.00	0.00	0.00	0.00	2.80	0.00	0.12
738	62.00	26.00	272.49	42998.17	13624.53	538557.45	538557.45	0.00	0.00	0.00	0.00	2.77	0.00	0.12
739	62.00	27.00	272.49	42998.17	13624.53	538557.45	538557.45	0.00	0.00	0.00	0.00	2.86	0.00	0.12
740	63.00	27.00	272.49	42998.17	13624.53	538557.45	538557.45	0.00	0.00	0.00	0.00	2.83	0.00	0.12
741	63.00	28.00	272.49	42998.17	13624.53	538557.45	538557.45	0.00	0.00	0.00	0.00	2.96	0.00	0.12
742	64.00	28.00	272.49	42998.17	13624.53	538557.45	538557.45	0.00	0.00	0.00	0.00	2.92	0.00	0.12
743	64.00	29.00	272.49	42998.17	13624.53	538557.45	538557.45	0.00	0.00	0.00	0.00	3.08	0.00	0.12
744	64.00	30.00	272.49	42998.17	13624.53	538557.45	538557.45	0.00	0.00	0.00	0.00	3.16	0.00	0.12
745	64.00	31.00	272.49	42998.17	13624.53	538557.45	538557.45	0.00	0.00	0.00	0.00	3.25	0.00	0.12
746	65.00	31.00	272.49	42998.17	13624.53	538557.45	538557.45	0.00	0.00	0.00	0.00	3.22	0.00	0.12
747	66.00	31.00	272.49	42998.17	13624.53	538557.45	538557.45	0.00	0.00	0.00	0.00	3.18	0.00	0.12
748	66.00	32.00	272.49	42998.17	13624.53	538557.45	538557.45	0.00	0.00	0.00	0.00	3.30	0.00	0.12
749	67.00	32.00	272.49	42998.17	13624.53	538557.45	538557.45	0.00	0.00	0.00	0.00	3.26	0.00	0.12
750	68.00	32.00	272.49	42998.17	13624.53	538557.45	538557.45	0.00	0.00	0.00	0.00	3.23	0.00	0.12
751	69.00	32.00	272.49	42998.17	13624.53	538557.45	538557.45	0.00	0.00	0.00	0.00	3.20	0.00	0.12
752	70.00	32.00	272.49	42998.17	13624.53	538557.45	538557.45	0.00	0.00	0.00	0.00	3.17	0.00	0.12
753	70.00	33.00	272.49	42998.17	13624.53	538557.45	538557.45	0.00	0.00	0.00	0.00	3.52	0.00	0.12
754	71.00	33.00	272.49	42998.17	13624.53	538557.45	538557.45	0.00	0.00	0.00	0.00	3.49	0.00	0.12
755	72.00	33.00	272.49	42998.17	13624.53	538557.45	538557.45	0.00	0.00	0.00	0.00	3.46	0.00	0.12
756	73.00	33.00	272.49	42998.17	13624.53	538557.45	538557.45	0.00	0.00	0.00	0.00	3.42	0.00	0.12
757	74.00	33.00	272.49	42998.17	13624.53	538557.45	538557.45	0.00	0.00	0.00	0.00	3.39	0.00	0.12
758	74.00	34.00	272.49	42998.17	13624.53	538557.45	538557.45	0.00	0.00	0.00	0.00	3.49	0.00	0.12
759	25.00	34.00	272.49	42998.17	13624.53	538557.45	538557.45	0.00	0.00	0.00	0.00	6.39	0.00	0.12
760	25.00	35.00	272.49	42998.17	13624.53	538557.45	538557.45	0.00	0.00	0.00	0.00	6.47	0.00	0.12
761	25.00	36.00	272.49	42998.17	13624.53	538557.45	538557.45	0.00	0.00	0.00	0.00	6.80	0.00	0.12
762	26.00	36.00	272.49	42998.17	13624.53	538557.45	538557.45	0.00	0.00	0.00	0.00	6.69	0.00	0.12
763	27.00	36.00	231.62	51597.80	11580.85	538557.45	538557.45	0.00	0.00	0.00	0.00	6.58	0.00	0.12
764	28.00	36.00	231.62	51597.80	11580.85	538557.45	538557.45	0.00	0.00	0.00	0.00	6.48	0.00	0.12
765	28.00	37.00	231.62	51597.80	11580.85	538557.45	538557.45	0.00	0.00	0.00	0.00	6.42	0.00	0.12
766	28.00	38.00	231.62	51597.80	11580.85	538557.45	538557.45	0.00	0.00	0.00	0.00	6.37	0.00	0.12
767	28.00	39.00	231.62	51597.80	11580.85	538557.45	538557.45	0.00	0.00	0.00	0.00	6.77	0.00	0.12
768	28.00	40.00	231.62	51597.80	11580.85	538557.45	538557.45	0.00	0.00	0.00	0.00	6.83	0.00	0.12
769	28.00	41.00	231.62	51597.80	11580.85	538557.45	538557.45	0.00	0.00	0.00	0.00	6.90	0.00	0.12
770	28.00	42.00	231.62	51597.80	11580.85	538557.45	538557.45	0.00	0.00	0.00	0.00	6.97	0.00	0.12
771	29.00	42.00	231.62	51597.80	11580.85	538557.45	538557.45	0.00	0.00	0.00	0.00	6.87	0.00	0.12
772	29.00	43.00	231.62	51597.80	11580.85	538557.45	538557.45	0.00	0.00	0.00	0.00	7.05	0.00	0.12
773	29.00	44.00	231.62	51597.80	11580.85	538557.45	538557.45	0.00	0.00	0.00	0.00	7.00	0.00	0.12
774	30.00	44.00	231.62	51597.80	11580.85	538557.45	538557.45	0.00	0.00	0.00	0.00	6.91	0.00	0.12
775	30.00	45.00	231.62	51597.80	11580.85	538557.45	538557.45	0.00	0.00	0.00	0.00	6.85	0.00	0.12
776	31.00	45.00	231.62	51597.80	11580.85	538557.45	538557.45	0.00	0.00	0.00	0.00	6.76	0.00	0.12
777	31.00	46.00	231.62	51597.80	11580.85	538557.45	538557.45	0.00	0.00	0.00	0.00	6.91	0.00	0.12
778	32.00	46.00	231.62	51597.80	11580.85	538557.45	538557.45	0.00	0.00	0.00	0.00	6.82	0.00	0.12
779	32.00	47.00	231.62	51597.80	11580.85	538557.45	538557.45	0.00	0.00	0.00	0.00	7.01	0.00	0.12
780	32.00	48.00	231.62	51597.80	11580.85	538557.45	538557.45	0.00	0.00	0.00	0.00	6.96	0.00	0.12
781	32.00	49.00	231.62	51597.80	11580.85	538557.45	538557.45	0.00	0.00	0.00	0.00	7.26	0.00	0.12
782	32.00	50.00	231.62	51597.80	11580.85	538557.45	538557.45	0.00	0.00	0.00	0.00	7.37	0.00	0.12
783	33.00	50.00	231.62	51597.80	11580.85	538557.45	538557.45	0.00	0.00	0.00	0.00	7.28	0.00	0.12
784	33.00	51.00	231.62	51597.80	11580.85	538557.45	538557.45	0.00	0.00	0.00	0.00	7.40	0.00	0.12
785	33.00	52.00	231.62	51597.80	11580.85	538557.45	538557.45	0.00	0.00	0.00	0.00	7.40	0.00	0.12
786	34.00	52.00	231.62	51597.80	11580.85	538557.45	538557.45	0.00	0.00	0.00	0.00	7.31	0.00	0.12
787	35.00	52.00	231.62	51597.80	11580.85	538557.45	538557.45	0.00	0.00	0.00	0.00	7.23	0.00	0.12
788	35.00	53.00	231.62	51597.80	11580.85	538557.45	538557.45	0.00	0.00	0.00	0.00	7.35	0.00	0.12
789	35.00	54.00	231.62	51597.80	11580.85	538557.45	538557.45	0.00	0.00	0.00	0.00	7.40	0.00	0.12
790	35.00	55.00	231.62	51597.80	11580.85	538557.45	538557.45	0.00	0.00	0.00	0.00	7.58	0.00	0.12
791	35.00	56.00	231.62	51597.80	11580.85	538557.45	538557.45	0.00	0.00	0.00	0.00	7.53	0.00	0.12
792	35.00	57.00	231.62	51597.80	11580.85	538557.45	538557.45	0.00	0.00	0.00	0.00	7.66	0.00	0.12
793	36.00	57.00	231.62	51597.80	11580.85	538557.45	538557.45	0.00	0.00	0.00	0.00	7.58	0.00	0.12
794	36.00	58.00	231.62	51597.80	11580.85	538557.45	538557.45	0.00	0.00	0.00	0.00	7.64	0.00	0.12
795	37.00	58.00	231.62	51597.80	11580.85	538557.45	538557.45	0.00	0.00	0.00	0.00	7.56	0.00	0.12
796	37.00	59.00	231.62	51597.80	11580.85	538557.45	538557.45	0.00	0.00	0.00	0.00	7.64	0.00	0.12
797	38.00	59.00	231.62	51597.80	11580.85	538557.45	538557.45	0.00	0.00	0.00	0.00	7.56	0.00	0.12
798	38.00	60.00	231.62	51597.80	11580.85	538557.45	538557.45	0.00	0.00	0.00	0.00	7.51	0.00	0.12
799	39.00	60.00	231.62	51597.80	11580.85	538557.45	538557.45	0.00	0.00	0.00	0.00	7.44	0.00	0.12
800	39.00	61.00	231.62	51597.80	11580.85	538557.45	538557.45	0.00	0.00	0.00	0.00	7.56	0.00	0.12
801	40.00	61.00	231.62	51597.80	11580.85	538557.45	538557.45	0.00	0.00	0.00	0.00	7.48	0.00	0.12
802	41.00	61.00	231.62	51597.80	11580.85	538557.45	538557.45	0.00	0.00	0.00	0.00	7.41	0.00	0.12
803	42.00	61.00	231.62	51597.80	11580.85	538557.45	538557.45	0.00	0.00	0.00	0.00	7.34	0.00	0.12
804	42.00	62.00	231.62	51597.80	11580.85	538557.45	538557.45	0.00	0.00	0.00	0.00	7.35	0.00	0.12
805	43.00	62.00	231.62	51597.80	11580.85	538557.45	538557.45	0.00	0.00	0.00	0.00	7.28	0.00	0.12
806	44.00	62.00	231.62	51597.80	11580.85	538557.45	538557.45	0.00	0.00	0.00	0.00	7.21	0.00	0.12
807	44.00	63.00	231.62	51597.80	11580.85	538557.45	538557.45	0.00	0.00	0.00	0.00	7.39	0.00	0.12
808	44.00	64.00	231.62	51597.80	11580.85	538557.45	538557.45	0.00	0.00	0.00	0.00	7.48	0.00	0.12
809	44.00	65.00	231.62	51597.80	11580.85	538557.45	538557.45	0.00	0.00	0.00	0.00	7.52	0.00	0.12
810	44.00	66.00	231.62	51597.80	11580.85	538557.45	538557.45	0.00	0.00	0.00	0.00	7.56	0.00	0.12
811	45.00	66.00	231.62	51597.80	11580.85	538557.45	538557.45	0.00	0.00	0.00	0.00	7.50	0.00	0.12
812	45.00	67.00	231.62	51597.80	11580.85	538557.45	538557.45	0.00	0.00	0.00	0.00	7.55	0.00	0.12
813	46.00	67.00	231.62	51597.80	11580.85	538557.45	538557.45	0.00	0.00	0.00	0.00	7.48	0.00	0.12
814	47.00	67.00	231.62	51597.80	11580.85	538557.45	538557.45	0.00	0.00	0.00	0.00	7.42	0.00	0.12
815	47.00	68.00	231.62	51597.80	11580.85	538557.45	538557.45	0.00	0.00	0.00	0.00	7.45	0.00	0.12
816	48.00	68.00	231.62	51597.80	11580.85	538557.45	538557.45	0.00	0.00	0.00	0.00	7.39	0.00	0.12
817	49.00	68.00	231.62	51597.80	11580.85	538557.45	538557.45	0.00	0.00	0.00	0.00	7.32	0.00	0.12
818	50.00	68.00	231.62	51597.80	11580.85	538557.45	538557.45	0.00	0.00	0.00	0.00	7.26	0.00	0.12
819	51.00	68.00	231.62	51597.80	11580.85	538557.45	538557.45	0.00	0.00	0.00	0.00	7.20	0.00	0.12
820	52.00	68.00	231.62	51597.80	11580.85	538557.45	538557.45	0.00	0.00	0.00	0.00	7.14	0.00	0.12
821	53.00	68.00	231.62	51597.80	11580.85	538557.45	538557.45	0.00	0.00	0.00	0.00	7.08	0.00	0.12
822	53.00	69.00	231.62	51597.80	11580.85	538557.45	538557.45	0.00	0.00	0.00	0.00	7.07	0.00	0.12
823	53.00	70.00	231.62	51597.80	11580.85	538557.45	538557.45	0.00	0.00	0.00	0.00	7.05	0.00	0.12
824	53.00	71.00	231.62	51597.80	11580.85	538557.45	538557.45	0.00	0.00	0.00	0.00	7.08	0.00	0.12
825	54.00	71.00	231.62	51597.80	11580.85	538557.45	538557.45	0.00	0.00	0.00	0.00	7.02	0.00	0.12
826	55.00	71.00	231.62	51597.80	11580.85	538557.45	538557.45	0.00	0.00	0.00	0.00	6.97	0.00	0.12
827	55.00	72.00	231.62	51597.80	11580.85	538557.45	538557.45	0.00	0.00	0.00	0.00	7.02	0.00	0.12
828	55.00	73.00	231.62	51597.80	11580.85	538557.45	538557.45	0.00	0.00	0.00	0.00	7.00	0.00	0.12
829	55.00	74.00	231.62	51597.80	11580.85	538557.45	538557.45	0.00	0.00	0.00	0.00	6.97	0.00	0.12
830	56.00	74.00	231.62	51597.80	11580.85	538557.45	538557.45	0.00	0.00	0.00	0.00	6.91	0.00	0.12
831	56.00	25.00	231.62	51597.80	11580.85	538557.45	538557.45	0.00	0.00	0.00	0.00	2.92	0.00	0.12
832	57.00	25.00	231.62	51597.80	11580.85	538557.45	538557.45	0.00	0.00	0.00	0.00	2.89	0.00	0.12
833	57.00	26.00	231.62	51597.80	11580.85	538557.45	538557.45	0.00	0.00	0.00	0.00	3.19	0.00	0.12
834	58.00	26.00	231.62	51597.80	11580.85	538557.45	538557.45	0.00	0.00	0.00	0.00	3.16	0.00	0.12
835	59.00	26.00	231.62	51597.80	11580.85	538557.45	538557.45	0.00	0.00	0.00	0.00	3.12	0.00	0.12
836	59.00	27.00	231.62	51597.80	11580.85	538557.45	538557.45	0.00	0.00	0.00	0.00	3.26	0.00	0.12
837	60.00	27.00	231.62	51597.80	11580.85	538557.45	538557.45	0.00	0.00	0.00	0.00	3.23	0.00	0.12
838	61.00	27.00	231.62	51597.80	11580.85	538557.45	538557.45	0.00	0.00	0.00	0.00	3.19	0.00	0.12
839	62.00	27.00	231.62	51597.80	11580.85	538557.45	538557.45	0.00	0.00	0.00	0.00	3.15	0.00	0.12
840	62.00	28.00	231.62	51597.80	11580.85	538557.45	538557.45	0.00	0.00	0.00	0.00	3.26	0.00	0.12
841	63.00	28.00	231.62	51597.80	11580.85	538557.45	538557.45	0.00	0.00	0.00	0.00	3.22	0.00	0.12
842	64.00	28.00	231.62	51597.80	11580.85	538557.45	538557.45	0.00	0.00	0.00	0.00	3.18	0.00	0.12
843	64.00	29.00	231.62	51597.80	11580.85	538557.45	538557.45	0.00	0.00	0.00	0.00	3.27	0.00	0.12
844	64.00	30.00	231.62	51597.80	11580.85	538557.45	538557.45	0.00	0.00	0.00	0.00	3.27	0.00	0.12
845	64.00	31.00	231.62	51597.80	11580.85	538557.45	538557.45	0.00	0.00	0.00	0.00	3.26	0.00	0.12
846	65.00	31.00	231.62	51597.80	11580.85	538557.45	538557.45	0.00	0.00	0.00	0.00	3.23	0.00	0.12
847	65.00	32.00	231.62	51597.80	11580.85	538557.45	538557.45	0.00	0.00	0.00	0.00	3.77	0.00	0.12
848	65.00	33.00	231.62	51597.80	11580.85	538557.45	538557.45	0.00	0.00	0.00	0.00	3.84	0.00	0.12
849	65.00	34.00	231.62	51597.80	11580.85	538557.45	538557.45	0.00	0.00	0.00	0.00	3.83	0.00	0.12
850	66.00	34.00	231.62	51597.80	11580.85	538557.45	538557.45	0.00	0.00	0.00	0.00	3.79	0.00	0.12
851	67.00	34.00	231.62	51597.80	11580.85	538557.45	538557.45	0.00	0.00	0.00	0.00	3.75	0.00	0.12
852	68.00	34.00	231.62	51597.80	11580.85	538557.45	538557.45	0.00	0.00	0.00	0.00	3.71	0.00	0.12
853	68.00	35.00	231.62	51597.80	11580.85	538557.45	538557.45	0.00	0.00	0.00	0.00	3.76	0.00	0.12
854	68.00	36.00	231.62	51597.80	11580.85	538557.45	538557.45	0.00	0.00	0.00	0.00	3.90	0.00	0.12
855	69.00	36.00	231.62	51597.80	11580.85	538557.45	538557.45	0.00	0.00	0.00	0.00	3.86	0.00	0.12
856	70.00	36.00	231.62	51597.80	11580.85	538557.45	538557.45	0.00	0.00	0.00	0.00	3.82	0.00	0.12
857	71.00	36.00	231.62	51597.80	11580.85	538557.45	538557.45	0.00	0.00	0.00	0.00	3.79	0.00	0.12
858	71.00	37.00	231.62	51597.80	11580.85	538557.45	538557.45	0.00	0.00	0.00	0.00	3.83	0.00	0.12
859	72.00	37.00	231.62	51597.80	11580.85	538557.45	538557.45	0.00	0.00	0.00	0.00	3.79	0.00	0.12
860	72.00	38.00	231.62	51597.80	11580.85	538557.45	538557.45	0.00	0.00	0.00	0.00	4.72	0.00	0.12
861	73.00	38.00	231.62	51597.80	11580.85	538557.45	538557.45	0.00	0.00	0.00	0.00	4.67	0.00	0.12
862	25.00	37.00	231.62	51597.80	11580.85	538557.45	538557.45	0.00	0.00	0.00	0.00	12.94	0.00	0.12
863	25.00	38.00	196.87	61917.36	9843.72	538557.45	538557.45	0.00	0.00	0.00	0.00	12.80	0.00	0.12
864	26.00	38.00	196.87	61917.36	9843.72	538557.45	538557.45	0.00	0.00	0.00	0.00	12.60	0.00	0.12
865	26.00	39.00	196.87	61917.36	9843.72	538557.45	538557.45	0.00	0.00	0.00	0.00	12.61	0.00	0.12
866	27.00	39.00	196.87	61917.36	9843.72	538557.45	538557.45	0.00	0.00	0.00	0.00	12.42	0.00	0.12
867	27.00	40.00	196.87	61917.36	9843.72	538557.45	538557.45	0.00	0.00	0.00	0.00	12.41	0.00	0.12
868	27.00	41.00	196.87	61917.36	9843.72	538557.45	538557.45	0.00	0.00	0.00	0.00	12.42	0.00	0.12
869	28.00	41.00	196.87	61917.36	9843.72	538557.45	538557.45	0.00	0.00	0.00	0.00	12.24	0.00	0.12
870	28.00	42.00	196.87	61917.36	9843.72	538557.45	538557.45	0.00	0.00	0.00	0.00	12.11	0.00	0.12
871	28.00	43.00	196.87	61917.36	9843.72	538557.45	538557.45	0.00	0.00	0.00	0.00	12.15	0.00	0.12
872	29.00	43.00	196.87	61917.36	9843.72	538557.45	538557.45	0.00	0.00	0.00	0.00	11.99	0.00	0.12
873	30.00	43.00	196.87	61917.36	9843.72	538557.45	538557.45	0.00	0.00	0.00	0.00	11.82	0.00	0.12
874	30.00	44.00	196.87	61917.36	9843.72	538557.45	538557.45	0.00	0.00	0.00	0.00	11.85	0.00	0.12
875	31.00	44.00	196.87	61917.36	9843.72	538557.45	538557.45	0.00	0.00	0.00	0.00	11.70	0.00	0.12
876	31.00	45.00	196.87	61917.36	9843.72	538557.45	538557.45	0.00	0.00	0.00	0.00	11.72	0.00	0.12
877	31.00	46.00	196.87	61917.36	9843.72	538557.45	538557.45	0.00	0.00	0.00	0.00	11.71	0.00	0.12
878	32.00	46.00	196.87	61917.36	9843.72	538557.45	538557.45	0.00	0.00	0.00	0.00	11.56	0.00	0.12
879	33.00	46.00	196.87	61917.36	9843.72	538557.45	538557.45	0.00	0.00	0.00	0.00	11.42	0.00	0.12
880	33.00	47.00	196.87	61917.36	9843.72	538557.45	538557.45	0.00	0.00	0.00	0.00	11.33	0.00	0.12
881	34.00	47.00	196.87	61917.36	9843.72	538557.45	538557.45	0.00	0.00	0.00	0.00	11.19	0.00	0.12
882	35.00	47.00	196.87	61917.36	9843.72	538557.45	538557.45	0.00	0.00	0.00	0.00	11.05	0.00	0.12
883	36.00	47.00	196.87	61917.36	9843.72	538557.45	538557.45	0.00	0.00	0.00	0.00	10.92	0.00	0.12
884	36.00	48.00	196.87	61917.36	9843.72	538557.45	538557.45	0.00	0.00	0.00	0.00	11.09	0.00	0.12
885	36.00	49.00	196.87	61917.36	9843.72	538557.45	538557.45	0.00	0.00	0.00	0.00	11.12	0.00	0.12
886	37.00	49.00	196.87	61917.36	9843.72	538557.45	538557.45	0.00	0.00	0.00	0.00	10.99	0.00	0.12
887	38.00	49.00	196.87	61917.36	9843.72	538557.45	538557.45	0.00	0.00	0.00	0.00	10.86	0.00	0.12
888	39.00	49.00	196.87	61917.36	9843.72	538557.45	538557.45	0.00	0.00	0.00	0.00	10.74	0.00	0.12
889	40.00	49.00	196.87	61917.36	9843.72	538557.45	538557.45	0.00	0.00	0.00	0.00	10.62	0.00	0.12
890	40.00	50.00	196.87	61917.36	9843.72	538557.45	538557.45	0.00	0.00	0.00	0.00	10.69	0.00	0.12
891	40.00	51.00	196.87	61917.36	9843.72	538557.45	538557.45	0.00	0.00	0.00	0.00	10.88	0.00	0.12
892	41.00	51.00	196.87	61917.36	9843.72	538557.45	538557.45	0.00	0.00	0.00	0.00	10.76	0.00	0.12
893	42.00	51.00	196.87	61917.36	9843.72	538557.45	538557.45	0.00	0.00	0.00	0.00	10.65	0.00	0.12
894	43.00	51.00	196.87	61917.36	9843.72	538557.45	538557.45	0.00	0.00	0.00	0.00	10.53	0.00	0.12
895	43.00	52.00	196.87	61917.36	9843.72	538557.45	538557.45	0.00	0.00	0.00	0.00	10.45	0.00	0.12
896	43.00	53.00	196.87	61917.36	9843.72	538557.45	538557.45	0.00	0.00	0.00	0.00	10.41	0.00	0.12
897	44.00	53.00	196.87	61917.36	9843.72	538557.45	538557.45	0.00	0.00	0.00	0.00	10.30	0.00	0.12
898	45.00	53.00	196.87	61917.36	9843.72	538557.45	538557.45	0.00	0.00	0.00	0.00	10.20	0.00	0.12
899	45.00	54.00	196.87	61917.36	9843.72	538557.45	538557.45	0.00	0.00	0.00	0.00	10.19	0.00	0.12
900	46.00	54.00	196.87	61917.36	9843.72	538557.45	538557.45	0.00	0.00	0.00	0.00	10.08	0.00	0.12
901	46.00	55.00	196.87	61917.36	9843.72	538557.45	538557.45	0.00	0.00	0.00	0.00	10.05	0.00	0.12
902	46.00	56.00	196.87	61917.36	9843.72	538557.45	538557.45	0.00	0.00	0.00	0.00	9.98	0.00	0.12
903	47.00	56.00	196.87	61917.36	9843.72	538557.45	538557.45	0.00	0.00	0.00	0.00	9.89	0.00	0.12
904	48.00	56.00	196.87	61917.36	9843.72	538557.45	538557.45	0.00	0.00	0.00	0.00	9.79	0.00	0.12
905	49.00	56.00	196.87	61917.36	9843.72	538557.45	538557.45	0.00	0.00	0.00	0.00	9.70	0.00	0.12
906	50.00	56.00	196.87	61917.36	9843.72	538557.45	538557.45	0.00	0.00	0.00	0.00	9.61	0.00	0.12
907	50.00	57.00	196.87	61917.36	9843.72	538557.45	538557.45	0.00	0.00	0.00	0.00	9.54	0.00	0.12
908	50.00	58.00	196.87	61917.36	9843.72	538557.45	538557.45	0.00	0.00	0.00	0.00	9.48	0.00	0.12
909	50.00	59.00	196.87	61917.36	9843.72	538557.45	538557.45	0.00	0.00	0.00	0.00	9.41	0.00	0.12
910	50.00	60.00	196.87	61917.36	9843.72	538557.45	538557.45	0.00	0.00	0.00	0.00	9.43	0.00	0.12
911	50.00	61.00	196.87	61917.36	9843.72	538557.45	538557.45	0.00	0.00	0.00	0.00	9.36	0.00	0.12
912	51.00	61.00	196.87	61917.36	9843.72	538557.45	538557.45	0.00	0.00	0.00	0.00	9.28	0.00	0.12
913	51.00	62.00	196.87	61917.36	9843.72	538557.45	538557.45	0.00	0.00	0.00	0.00	9.22	0.00	0.12
914	52.00	62.00	196.87	61917.36	9843.72	538557.45	538557.45	0.00	0.00	0.00	0.00	9.13	0.00	0.12
915	52.00	63.00	196.87	61917.36	9843.72	538557.45	538557.45	0.00	0.00	0.00	0.00	9.07	0.00	0.12
916	53.00	63.00	196.87	61917.36	9843.72	538557.45	538557.45	0.00	0.00	0.00	0.00	8.99	0.00	0.12
917	53.00	64.00	196.87	61917.36	9843.72	538557.45	538557.45	0.00	0.00	0.00	0.00	9.01	0.00	0.12
918	54.00	64.00	196.87	61917.36	9843.72	538557.45	538557.45	0.00	0.00	0.00	0.00	8.94	0.00	0.12
919	55.00	64.00	196.87	61917.36	9843.72	538557.45	538557.45	0.00	0.00	0.00	0.00	8.86	0.00	0.12
920	55.00	65.00	196.87	61917.36	9843.72	538557.45	538557.45	0.00	0.00	0.00	0.00	9.58	0.00	0.12
921	55.00	66.00	196.87	61917.36	9843.72	538557.45	538557.45	0.00	0.00	0.00	0.00	9.52	0.00	0.12
922	56.00	66.00	196.87	61917.36	9843.72	538557.45	538557.45	0.00	0.00	0.00	0.00	9.44	0.00	0.12
923	57.00	66.00	196.87	61917.36	9843.72	538557.45	538557.45	0.00	0.00	0.00	0.00	9.37	0.00	0.12
924	58.00	66.00	196.87	61917.36	9843.72	538557.45	538557.45	0.00	0.00	0.00	0.00	9.29	0.00	0.12
925	58.00	67.00	196.87	61917.36	9843.72	538557.45	538557.45	0.00	0.00	0.00	0.00	9.26	0.00	0.12
926	59.00	67.00	196.87	61917.36	9843.72	538557.45	538557.45	0.00	0.00	0.00	0.00	9.19	0.00	0.12
927	60.00	67.00	196.87	61917.36	9843.72	538557.45	538557.45	0.00	0.00	0.00	0.00	9.12	0.00	0.12
928	61.00	67.00	196.87	61917.36	9843.72	538557.45	538557.45	0.00	0.00	0.00	0.00	9.05	0.00	0.12
929	62.00	67.00	196.87	61917.36	9843.72	538557.45	538557.45	0.00	0.00	0.00	0.00	8.98	0.00	0.12
930	62.00	68.00	196.87	61917.36	9843.72	538557.45	538557.45	0.00	0.00	0.00	0.00	9.50	0.00	0.12
931	62.00	69.00	196.87	61917.36	9843.72	538557.45	538557.45	0.00	0.00	0.00	0.00	9.48	0.00	0.12
932	63.00	69.00	196.87	61917.36	9843.72	538557.45	538557.45	0.00	0.00	0.00	0.00	9.41	0.00	0.12
933	63.00	70.00	196.87	61917.36	9843.72	538557.45	538557.45	0.00	0.00	0.00	0.00	9.44	0.00	0.12
934	63.00	71.00	196.87	61917.36	9843.72	538557.45	538557.45	0.00	0.00	0.00	0.00	9.39	0.00	0.12
935	63.00	72.00	196.87	61917.36	9843.72	538557.45	538557.45	0.00	0.00	0.00	0.00	9.58	0.00	0.12
936	63.00	73.00	196.87	61917.36	9843.72	538557.45	538557.45	0.00	0.00	0.00	0.00	9.64	0.00	0.12
937	63.00	74.00	196.87	61917.36	9843.72	538557.45	538557.45	0.00	0.00	0.00	0.00	9.73	0.00	0.12
938	64.00	74.00	196.87	61917.36	9843.72	538557.45	538557.45	0.00	0.00	0.00	0.00	9.66	0.00	0.12
939	65.00	74.00	196.87	61917.36	9843.72	538557.45	538557.45	0.00	0.00	0.00	0.00	9.59	0.00	0.12
940	66.00	74.00	196.87	61917.36	9843.72	538557.45	538557.45	0.00	0.00	0.00	0.00	9.52	0.00	0.12
941	66.00	25.00	196.87	61917.36	9843.72	538557.45	538557.45	0.00	0.00	0.00	0.00	4.86	0.00	0.12
942	67.00	25.00	196.87	61917.36	9843.72	538557.45	538557.45	0.00	0.00	0.00	0.00	4.81	0.00	0.12
943	68.00	25.00	196.87	61917.36	9843.72	538557.45	538557.45	0.00	0.00	0.00	0.00	4.76	0.00	0.12
944	69.00	25.00	196.87	61917.36	9843.72	538557.45	538557.45	0.00	0.00	0.00	0.00	4.71	0.00	0.12
945	69.00	26.00	196.87	61917.36	9843.72	538557.45	538557.45	0.00	0.00	0.00	0.00	4.78	0.00	0.12
946	70.00	26.00	196.87	61917.36	9843.72	538557.45	538557.45	0.00	0.00	0.00	0.00	4.73	0.00	0.12
947	70.00	27.00	196.87	61917.36	9843.72	538557.45	538557.45	0.00	0.00	0.00	0.00	4.96	0.00	0.12
948	71.00	27.00	196.87	61917.36	9843.72	538557.45	538557.45	0.00	0.00	0.00	0.00	4.91	0.00	0.12
949	72.00	27.00	196.87	61917.36	9843.72	538557.45	538557.45	0.00	0.00	0.00	0.00	4.86	0.00	0.12
950	72.00	28.00	196.87	61917.36	9843.72	538557.45	538557.45	0.00	0.00	0.00	0.00	4.84	0.00	0.12
951	73.00	28.00	196.87	61917.36	9843.72	538557.45	538557.45	0.00	0.00	0.00	0.00	4.79	0.00	0.12
952	73.00	29.00	196.87	61917.36	9843.72	538557.45	538557.45	0.00	0.00	0.00	0.00	4.77	0.00	0.12
953	74.00	29.00	196.87	61917.36	9843.72	538557.45	538557.45	0.00	0.00	0.00	0.00	4.73	0.00	0.12
954	25.00	29.00	196.87	61917.36	9843.72	538557.45	538557.45	0.00	0.00	0.00	0.00	9.01	0.00	0.12
955	26.00	29.00	196.87	61917.36	9843.72	538557.45	538557.45	0.00	0.00	0.00	0.00	8.85	0.00	0.12
956	27.00	29.00	196.87	61917.36	9843.72	538557.45	538557.45	0.00	0.00	0.00	0.00	8.69	0.00	0.12
957	28.00	29.00	196.87	61917.36	9843.72	538557.45	538557.45	0.00	0.00	0.00	0.00	8.54	0.00	0.12
958	28.00	30.00	196.87	61917.36	9843.72	538557.45	538557.45	0.00	0.00	0.00	0.00	8.42	0.00	0.12
959	29.00	30.00	196.87	61917.36	9843.72	538557.45	538557.45	0.00	0.00	0.00	0.00	8.28	0.00	0.12
960	30.00	30.00	196.87	61917.36	9843.72	538557.45	538557.45	0.00	0.00	0.00	0.00	8.14	0.00	0.12
961	30.00	31.00	196.87	61917.36	9843.72	538557.45	538557.45	0.00	0.00	0.00	0.00	8.04	0.00	0.12
962	31.00	31.00	196.87	61917.36	9843.72	538557.45	538557.45	0.00	0.00	0.00	0.00	7.91	0.00	0.12
963	32.00	31.00	167.34	74300.84	8367.16	538557.45	538557.45	0.00	0.00	0.00	0.00	7.79	0.00	0.12
964	33.00	31.00	167.34	74300.84	8367.16	538557.45	538557.45	0.00	0.00	0.00	0.00	7.66	0.00	0.12
965	34.00	31.00	167.34	74300.84	8367.16	538557.45	538557.45	0.00	0.00	0.00	0.00	7.55	0.00	0.12
966	35.00	31.00	167.34	74300.84	8367.16	538557.45	538557.45	0.00	0.00	0.00	0.00	7.43	0.00	0.12
967	35.00	32.00	167.34	74300.84	8367.16	538557.45	538557.45	0.00	0.00	0.00	0.00	7.36	0.00	0.12
968	36.00	32.00	167.34	74300.84	8367.16	538557.45	538557.45	0.00	0.00	0.00	0.00	7.26	0.00	0.12
969	36.00	33.00	167.34	74300.84	8367.16	538557.45	538557.45	0.00	0.00	0.00	0.00	7.40	0.00	0.12
970	36.00	34.00	167.34	74300.84	8367.16	538557.45	538557.45	0.00	0.00	0.00	0.00	7.48	0.00	0.12
971	37.00	34.00	167.34	74300.84	8367.16	538557.45	538557.45	0.00	0.00	0.00	0.00	7.38	0.00	0.12
972	38.00	34.00	167.34	74300.84	8367.16	538557.45	538557.45	0.00	0.00	0.00	0.00	7.28	0.00	0.12
973	39.00	34.00	167.34	74300.84	8367.16	538557.45	538557.45	0.00	0.00	0.00	0.00	7.18	0.00	0.12
974	39.00	35.00	167.34	74300.84	8367.16	538557.45	538557.45	0.00	0.00	0.00	0.00	7.56	0.00	0.12
975	39.00	36.00	167.34	74300.84	8367.16	538557.45	538557.45	0.00	0.00	0.00	0.00	7.87	0.00	0.12
976	39.00	37.00	167.34	74300.84	8367.16	538557.45	538557.45	0.00	0.00	0.00	0.00	7.95	0.00	0.12
977	39.00	38.00	167.34	74300.84	8367.16	538557.45	538557.45	0.00	0.00	0.00	0.00	8.02	0.00	0.12
978	40.00	38.00	167.34	74300.84	8367.16	538557.45	538557.45	0.00	0.00	0.00	0.00	7.91	0.00	0.12
979	40.00	39.00	167.34	74300.84	8367.16	538557.45	538557.45	0.00	0.00	0.00	0.00	8.06	0.00	0.12
980	41.00	39.00	167.34	74300.84	8367.16	538557.45	538557.45	0.00	0.00	0.00	0.00	7.96	0.00	0.12
981	42.00	39.00	167.34	74300.84	8367.16	538557.45	538557.45	0.00	0.00	0.00	0.00	7.86	0.00	0.12
982	42.00	40.00	167.34	74300.84	8367.16	538557.45	538557.45	0.00	0.00	0.00	0.00	8.04	0.00	0.12
983	42.00	41.00	167.34	74300.84	8367.16	538557.45	538557.45	0.00	0.00	0.00	0.00	8.15	0.00	0.12
984	43.00	41.00	167.34	74300.84	8367.16	538557.45	538557.45	0.00	0.00	0.00	0.00	8.05	0.00	0.12
985	44.00	41.00	167.34	74300.84	8367.16	538557.45	538557.45	0.00	0.00	0.00	0.00	7.96	0.00	0.12
986	44.00	42.00	167.34	74300.84	8367.16	538557.45	538557.45	0.00	0.00	0.00	0.00	7.90	0.00	0.12
987	45.00	42.00	167.34	74300.84	8367.16	538557.45	538557.45	0.00	0.00	0.00	0.00	7.81	0.00	0.12
988	45.00	43.00	167.34	74300.84	8367.16	538557.45	538557.45	0.00	0.00	0.00	0.00	7.77	0.00	0.12
989	45.00	44.00	167.34	74300.84	8367.16	538557.45	538557.45	0.00	0.00	0.00	0.00	7.77	0.00	0.12
990	45.00	45.00	167.34	74300.84	8367.16	538557.45	538557.45	0.00	0.00	0.00	0.00	7.84	0.00	0.12
991	45.00	46.00	167.34	74300.84	8367.16	538557.45	538557.45	0.00	0.00	0.00	0.00	7.80	0.00	0.12
992	45.00	47.00	167.34	74300.84	8367.16	538557.45	538557.45	0.00	0.00	0.00	0.00	7.85	0.00	0.12
993	46.00	47.00	167.34	74300.84	8367.16	538557.45	538557.45	0.00	0.00	0.00	0.00	7.77	0.00	0.12
994	47.00	47.00	167.34	74300.84	8367.16	538557.45	538557.45	0.00	0.00	0.00	0.00	7.69	0.00	0.12
995	48.00	47.00	167.34	74300.84	8367.16	538557.45	538557.45	0.00	0.00	0.00	0.00	7.61	0.00	0.12
996	49.00	47.00	167.34	74300.84	8367.16	538557.45	538557.45	0.00	0.00	0.00	0.00	7.53	0.00	0.12
997	50.00	47.00	167.34	74300.84	8367.16	538557.45	538557.45	0.00	0.00	0.00	0.00	7.45	0.00	0.12
998	50.00	48.00	167.34	74300.84	8367.16	538557.45	538557.45	0.00	0.00	0.00	0.00	7.55	0.00	0.12
999	50.00	49.00	167.34	74300.84	8367.16	538557.45	538557.45	0.00	0.00	0.00	0.00	7.69	0.00	0.12
1000	50.00	50.00	167.34	74300.84	8367.16	538557.45	538557.45	0.00	0.00	0.00	0.00	8.01	0.00	0.12
