some parameters
Gen.	# feasible solutions	# infeasible solutions	cap. penality	dur. penality	num. penality	best penalized cost	best feasible cost	best cap. violation	best dur. violation	best num. violation	avg cap. violation	avg dur. violation	avg num. violation	Gap from BKS
1	33.00	68.00	850.00	12000.00	42500.00	548252.89	548252.89	0.00	0.00	0.00	0.00	7.84	0.00	0.12
2	33.00	69.00	850.00	12000.00	42500.00	548252.89	548252.89	0.00	0.00	0.00	0.00	7.88	0.00	0.12
3	34.00	69.00	850.00	12000.00	42500.00	548252.89	548252.89	0.00	0.00	0.00	0.00	7.80	0.00	0.12
4	35.00	69.00	850.00	12000.00	42500.00	548252.89	548252.89	0.00	0.00	0.00	0.00	7.73	0.00	0.12
5	36.00	69.00	850.00	12000.00	42500.00	548252.89	548252.89	0.00	0.00	0.00	0.00	7.65	0.00	0.12
6	37.00	69.00	850.00	12000.00	42500.00	548252.89	548252.89	0.00	0.00	0.00	0.00	7.58	0.00	0.12
7	37.00	70.00	850.00	12000.00	42500.00	548252.89	548252.89	0.00	0.00	0.00	0.00	7.64	0.00	0.12
8	37.00	71.00	850.00	12000.00	42500.00	548252.89	548252.89	0.00	0.00	0.00	0.00	7.68	0.00	0.12
9	38.00	71.00	850.00	12000.00	42500.00	548252.89	548252.89	0.00	0.00	0.00	0.00	7.61	0.00	0.12
10	39.00	71.00	850.00	12000.00	42500.00	548252.89	548252.89	0.00	0.00	0.00	0.00	7.54	0.00	0.12
11	39.00	72.00	850.00	12000.00	42500.00	548252.89	548252.89	0.00	0.00	0.00	0.00	7.60	0.00	0.12
12	40.00	72.00	850.00	12000.00	42500.00	548252.89	548252.89	0.00	0.00	0.00	0.00	7.53	0.00	0.12
13	40.00	73.00	850.00	12000.00	42500.00	548252.89	548252.89	0.00	0.00	0.00	0.00	7.49	0.00	0.12
14	41.00	73.00	850.00	12000.00	42500.00	548252.89	548252.89	0.00	0.00	0.00	0.00	7.42	0.00	0.12
15	42.00	73.00	850.00	12000.00	42500.00	548252.89	548252.89	0.00	0.00	0.00	0.00	7.36	0.00	0.12
16	42.00	74.00	850.00	12000.00	42500.00	548252.89	548252.89	0.00	0.00	0.00	0.00	7.32	0.00	0.12
17	43.00	74.00	850.00	12000.00	42500.00	548252.89	548252.89	0.00	0.00	0.00	0.00	7.26	0.00	0.12
18	43.00	25.00	850.00	12000.00	42500.00	548252.89	548252.89	0.00	0.00	0.00	0.00	2.11	0.00	0.12
19	43.00	26.00	850.00	12000.00	42500.00	548252.89	548252.89	0.00	0.00	0.00	0.00	2.25	0.00	0.12
20	44.00	26.00	850.00	12000.00	42500.00	548252.89	548252.89	0.00	0.00	0.00	0.00	2.21	0.00	0.12
21	45.00	26.00	850.00	12000.00	42500.00	548252.89	548252.89	0.00	0.00	0.00	0.00	2.18	0.00	0.12
22	46.00	26.00	850.00	12000.00	42500.00	548252.89	548252.89	0.00	0.00	0.00	0.00	2.15	0.00	0.12
23	47.00	26.00	850.00	12000.00	42500.00	548252.89	548252.89	0.00	0.00	0.00	0.00	2.12	0.00	0.12
24	48.00	26.00	850.00	12000.00	42500.00	548252.89	548252.89	0.00	0.00	0.00	0.00	2.10	0.00	0.12
25	48.00	27.00	850.00	12000.00	42500.00	548252.89	548252.89	0.00	0.00	0.00	0.00	2.10	0.00	0.12
26	49.00	27.00	850.00	12000.00	42500.00	548252.89	548252.89	0.00	0.00	0.00	0.00	2.08	0.00	0.12
27	50.00	27.00	850.00	12000.00	42500.00	548252.89	548252.89	0.00	0.00	0.00	0.00	2.05	0.00	0.12
28	51.00	27.00	850.00	12000.00	42500.00	548252.89	548252.89	0.00	0.00	0.00	0.00	2.02	0.00	0.12
29	52.00	27.00	850.00	12000.00	42500.00	548252.89	548252.89	0.00	0.00	0.00	0.00	2.00	0.00	0.12
30	52.00	28.00	850.00	12000.00	42500.00	548252.89	548252.89	0.00	0.00	0.00	0.00	2.01	0.00	0.12
31	52.00	29.00	850.00	12000.00	42500.00	548252.89	548252.89	0.00	0.00	0.00	0.00	2.16	0.00	0.12
32	52.00	30.00	850.00	12000.00	42500.00	548252.89	548252.89	0.00	0.00	0.00	0.00	2.17	0.00	0.12
33	52.00	31.00	850.00	12000.00	42500.00	548252.89	548252.89	0.00	0.00	0.00	0.00	2.28	0.00	0.12
34	53.00	31.00	850.00	12000.00	42500.00	548252.89	548252.89	0.00	0.00	0.00	0.00	2.25	0.00	0.12
35	54.00	31.00	850.00	12000.00	42500.00	548252.89	548252.89	0.00	0.00	0.00	0.00	2.23	0.00	0.12
36	55.00	31.00	850.00	12000.00	42500.00	548252.89	548252.89	0.00	0.00	0.00	0.00	2.20	0.00	0.12
37	56.00	31.00	850.00	12000.00	42500.00	548252.89	548252.89	0.00	0.00	0.00	0.00	2.17	0.00	0.12
38	57.00	31.00	850.00	12000.00	42500.00	548252.89	548252.89	0.00	0.00	0.00	0.00	2.15	0.00	0.12
39	58.00	31.00	850.00	12000.00	42500.00	548252.89	548252.89	0.00	0.00	0.00	0.00	2.13	0.00	0.12
40	58.00	32.00	850.00	12000.00	42500.00	548252.89	548252.89	0.00	0.00	0.00	0.00	2.23	0.00	0.12
41	59.00	32.00	850.00	12000.00	42500.00	548252.89	548252.89	0.00	0.00	0.00	0.00	2.20	0.00	0.12
42	60.00	32.00	850.00	12000.00	42500.00	548252.89	548252.89	0.00	0.00	0.00	0.00	2.18	0.00	0.12
43	61.00	32.00	850.00	12000.00	42500.00	548252.89	548252.89	0.00	0.00	0.00	0.00	2.16	0.00	0.12
44	61.00	33.00	850.00	12000.00	42500.00	548252.89	548252.89	0.00	0.00	0.00	0.00	2.16	0.00	0.12
45	62.00	33.00	850.00	12000.00	42500.00	548252.89	548252.89	0.00	0.00	0.00	0.00	2.14	0.00	0.12
46	63.00	33.00	850.00	12000.00	42500.00	548252.89	548252.89	0.00	0.00	0.00	0.00	2.12	0.00	0.12
47	64.00	33.00	850.00	12000.00	42500.00	548252.89	548252.89	0.00	0.00	0.00	0.00	2.10	0.00	0.12
48	65.00	33.00	850.00	12000.00	42500.00	548252.89	548252.89	0.00	0.00	0.00	0.00	2.08	0.00	0.12
49	65.00	34.00	850.00	12000.00	42500.00	548252.89	548252.89	0.00	0.00	0.00	0.00	2.08	0.00	0.12
50	66.00	34.00	850.00	12000.00	42500.00	548252.89	548252.89	0.00	0.00	0.00	0.00	2.06	0.00	0.12
51	66.00	35.00	850.00	12000.00	42500.00	548252.89	548252.89	0.00	0.00	0.00	0.00	2.16	0.00	0.12
52	67.00	35.00	850.00	12000.00	42500.00	548252.89	548252.89	0.00	0.00	0.00	0.00	2.13	0.00	0.12
53	67.00	36.00	850.00	12000.00	42500.00	548252.89	548252.89	0.00	0.00	0.00	0.00	2.22	0.00	0.12
54	68.00	36.00	850.00	12000.00	42500.00	548252.89	548252.89	0.00	0.00	0.00	0.00	2.20	0.00	0.12
55	68.00	37.00	850.00	12000.00	42500.00	548252.89	548252.89	0.00	0.00	0.00	0.00	2.21	0.00	0.12
56	68.00	38.00	850.00	12000.00	42500.00	548252.89	548252.89	0.00	0.00	0.00	0.00	2.30	0.00	0.12
57	69.00	38.00	850.00	12000.00	42500.00	548252.89	548252.89	0.00	0.00	0.00	0.00	2.27	0.00	0.12
58	69.00	39.00	850.00	12000.00	42500.00	548252.89	548252.89	0.00	0.00	0.00	0.00	2.36	0.00	0.12
59	70.00	39.00	850.00	12000.00	42500.00	548252.89	548252.89	0.00	0.00	0.00	0.00	2.34	0.00	0.12
60	70.00	40.00	850.00	12000.00	42500.00	548252.89	548252.89	0.00	0.00	0.00	0.00	2.45	0.00	0.12
61	71.00	40.00	850.00	12000.00	42500.00	548252.89	548252.89	0.00	0.00	0.00	0.00	2.42	0.00	0.12
62	72.00	40.00	850.00	12000.00	42500.00	548252.89	548252.89	0.00	0.00	0.00	0.00	2.40	0.00	0.12
63	73.00	40.00	850.00	12000.00	42500.00	548252.89	548252.89	0.00	0.00	0.00	0.00	2.38	0.00	0.12
64	74.00	40.00	850.00	12000.00	42500.00	548252.89	548252.89	0.00	0.00	0.00	0.00	2.36	0.00	0.12
65	74.00	41.00	850.00	12000.00	42500.00	548252.89	548252.89	0.00	0.00	0.00	0.00	2.46	0.00	0.12
66	25.00	41.00	850.00	12000.00	42500.00	548252.89	548252.89	0.00	0.00	0.00	0.00	4.29	0.00	0.12
67	26.00	41.00	850.00	12000.00	42500.00	548252.89	548252.89	0.00	0.00	0.00	0.00	4.23	0.00	0.12
68	26.00	42.00	850.00	12000.00	42500.00	548252.89	548252.89	0.00	0.00	0.00	0.00	4.21	0.00	0.12
69	27.00	42.00	850.00	12000.00	42500.00	548252.89	548252.89	0.00	0.00	0.00	0.00	4.15	0.00	0.12
70	28.00	42.00	850.00	12000.00	42500.00	548252.89	548252.89	0.00	0.00	0.00	0.00	4.09	0.00	0.12
71	29.00	42.00	850.00	12000.00	42500.00	548252.89	548252.89	0.00	0.00	0.00	0.00	4.03	0.00	0.12
72	30.00	42.00	850.00	12000.00	42500.00	548252.89	548252.89	0.00	0.00	0.00	0.00	3.97	0.00	0.12
73	31.00	42.00	850.00	12000.00	42500.00	548252.89	548252.89	0.00	0.00	0.00	0.00	3.92	0.00	0.12
74	32.00	42.00	850.00	12000.00	42500.00	548252.89	548252.89	0.00	0.00	0.00	0.00	3.87	0.00	0.12
75	32.00	43.00	850.00	12000.00	42500.00	548252.89	548252.89	0.00	0.00	0.00	0.00	3.97	0.00	0.12
76	33.00	43.00	850.00	12000.00	42500.00	548252.89	548252.89	0.00	0.00	0.00	0.00	3.91	0.00	0.12
77	34.00	43.00	850.00	12000.00	42500.00	548252.89	548252.89	0.00	0.00	0.00	0.00	3.86	0.00	0.12
78	35.00	43.00	850.00	12000.00	42500.00	548252.89	548252.89	0.00	0.00	0.00	0.00	3.81	0.00	0.12
79	36.00	43.00	850.00	12000.00	42500.00	548252.89	548252.89	0.00	0.00	0.00	0.00	3.77	0.00	0.12
80	36.00	44.00	850.00	12000.00	42500.00	548252.89	548252.89	0.00	0.00	0.00	0.00	3.75	0.00	0.12
81	37.00	44.00	850.00	12000.00	42500.00	548252.89	548252.89	0.00	0.00	0.00	0.00	3.71	0.00	0.12
82	38.00	44.00	850.00	12000.00	42500.00	548252.89	548252.89	0.00	0.00	0.00	0.00	3.66	0.00	0.12
83	39.00	44.00	850.00	12000.00	42500.00	548252.89	548252.89	0.00	0.00	0.00	0.00	3.62	0.00	0.12
84	39.00	45.00	850.00	12000.00	42500.00	548252.89	548252.89	0.00	0.00	0.00	0.00	3.61	0.00	0.12
85	40.00	45.00	850.00	12000.00	42500.00	548252.89	548252.89	0.00	0.00	0.00	0.00	3.57	0.00	0.12
86	41.00	45.00	850.00	12000.00	42500.00	548252.89	548252.89	0.00	0.00	0.00	0.00	3.52	0.00	0.12
87	42.00	45.00	850.00	12000.00	42500.00	548252.89	548252.89	0.00	0.00	0.00	0.00	3.48	0.00	0.12
88	43.00	45.00	850.00	12000.00	42500.00	548252.89	548252.89	0.00	0.00	0.00	0.00	3.44	0.00	0.12
89	44.00	45.00	850.00	12000.00	42500.00	548252.89	548252.89	0.00	0.00	0.00	0.00	3.41	0.00	0.12
90	45.00	45.00	850.00	12000.00	42500.00	548252.89	548252.89	0.00	0.00	0.00	0.00	3.37	0.00	0.12
91	45.00	46.00	850.00	12000.00	42500.00	548252.89	548252.89	0.00	0.00	0.00	0.00	3.46	0.00	0.12
92	45.00	47.00	850.00	12000.00	42500.00	548252.89	548252.89	0.00	0.00	0.00	0.00	3.54	0.00	0.12
93	46.00	47.00	850.00	12000.00	42500.00	548252.89	548252.89	0.00	0.00	0.00	0.00	3.50	0.00	0.12
94	47.00	47.00	850.00	12000.00	42500.00	548252.89	548252.89	0.00	0.00	0.00	0.00	3.47	0.00	0.12
95	48.00	47.00	850.00	12000.00	42500.00	548252.89	548252.89	0.00	0.00	0.00	0.00	3.43	0.00	0.12
96	48.00	48.00	850.00	12000.00	42500.00	548252.89	548252.89	0.00	0.00	0.00	0.00	3.42	0.00	0.12
97	49.00	48.00	850.00	12000.00	42500.00	548252.89	548252.89	0.00	0.00	0.00	0.00	3.39	0.00	0.12
98	50.00	48.00	850.00	12000.00	42500.00	548252.89	548252.89	0.00	0.00	0.00	0.00	3.35	0.00	0.12
99	51.00	48.00	850.00	12000.00	42500.00	548252.89	548252.89	0.00	0.00	0.00	0.00	3.32	0.00	0.12
100	52.00	48.00	850.00	12000.00	42500.00	548252.89	548252.89	0.00	0.00	0.00	0.00	3.29	0.00	0.12
101	53.00	48.00	722.50	14400.00	36125.00	548252.89	548252.89	0.00	0.00	0.00	0.00	3.25	0.00	0.12
102	54.00	48.00	722.50	14400.00	36125.00	548252.89	548252.89	0.00	0.00	0.00	0.00	3.22	0.00	0.12
103	55.00	48.00	722.50	14400.00	36125.00	548252.89	548252.89	0.00	0.00	0.00	0.00	3.19	0.00	0.12
104	56.00	48.00	722.50	14400.00	36125.00	548252.89	548252.89	0.00	0.00	0.00	0.00	3.16	0.00	0.12
105	57.00	48.00	722.50	14400.00	36125.00	548252.89	548252.89	0.00	0.00	0.00	0.00	3.13	0.00	0.12
106	57.00	49.00	722.50	14400.00	36125.00	548252.89	548252.89	0.00	0.00	0.00	0.00	3.13	0.00	0.12
107	58.00	49.00	722.50	14400.00	36125.00	548252.89	548252.89	0.00	0.00	0.00	0.00	3.10	0.00	0.12
108	58.00	50.00	722.50	14400.00	36125.00	548252.89	548252.89	0.00	0.00	0.00	0.00	3.18	0.00	0.12
109	59.00	50.00	722.50	14400.00	36125.00	548252.89	548252.89	0.00	0.00	0.00	0.00	3.15	0.00	0.12
110	59.00	51.00	722.50	14400.00	36125.00	548252.89	548252.89	0.00	0.00	0.00	0.00	3.22	0.00	0.12
111	60.00	51.00	722.50	14400.00	36125.00	548252.89	548252.89	0.00	0.00	0.00	0.00	3.19	0.00	0.12
112	61.00	51.00	722.50	14400.00	36125.00	548252.89	548252.89	0.00	0.00	0.00	0.00	3.16	0.00	0.12
113	62.00	51.00	722.50	14400.00	36125.00	548252.89	548252.89	0.00	0.00	0.00	0.00	3.14	0.00	0.12
114	63.00	51.00	722.50	14400.00	36125.00	548252.89	548252.89	0.00	0.00	0.00	0.00	3.11	0.00	0.12
115	64.00	51.00	722.50	14400.00	36125.00	548252.89	548252.89	0.00	0.00	0.00	0.00	3.08	0.00	0.12
116	64.00	52.00	722.50	14400.00	36125.00	548252.89	548252.89	0.00	0.00	0.00	0.00	3.18	0.00	0.12
117	64.00	53.00	722.50	14400.00	36125.00	548252.89	548252.89	0.00	0.00	0.00	0.00	3.25	0.00	0.12
118	65.00	53.00	722.50	14400.00	36125.00	548252.89	548252.89	0.00	0.00	0.00	0.00	3.22	0.00	0.12
119	66.00	53.00	722.50	14400.00	36125.00	548252.89	548252.89	0.00	0.00	0.00	0.00	3.19	0.00	0.12
120	67.00	53.00	722.50	14400.00	36125.00	548252.89	548252.89	0.00	0.00	0.00	0.00	3.17	0.00	0.12
121	68.00	53.00	722.50	14400.00	36125.00	548252.89	548252.89	0.00	0.00	0.00	0.00	3.14	0.00	0.12
122	69.00	53.00	722.50	14400.00	36125.00	548252.89	548252.89	0.00	0.00	0.00	0.00	3.12	0.00	0.12
123	69.00	54.00	722.50	14400.00	36125.00	548252.89	548252.89	0.00	0.00	0.00	0.00	3.18	0.00	0.12
124	70.00	54.00	722.50	14400.00	36125.00	548252.89	548252.89	0.00	0.00	0.00	0.00	3.16	0.00	0.12
125	70.00	55.00	722.50	14400.00	36125.00	548252.89	548252.89	0.00	0.00	0.00	0.00	3.22	0.00	0.12
126	70.00	56.00	722.50	14400.00	36125.00	548252.89	548252.89	0.00	0.00	0.00	0.00	3.22	0.00	0.12
127	71.00	56.00	722.50	14400.00	36125.00	548252.89	548252.89	0.00	0.00	0.00	0.00	3.19	0.00	0.12
128	72.00	56.00	722.50	14400.00	36125.00	548252.89	548252.89	0.00	0.00	0.00	0.00	3.17	0.00	0.12
129	73.00	56.00	722.50	14400.00	36125.00	548252.89	548252.89	0.00	0.00	0.00	0.00	3.14	0.00	0.12
130	73.00	57.00	722.50	14400.00	36125.00	548252.89	548252.89	0.00	0.00	0.00	0.00	3.14	0.00	0.12
131	74.00	57.00	722.50	14400.00	36125.00	548252.89	548252.89	0.00	0.00	0.00	0.00	3.12	0.00	0.12
132	25.00	57.00	722.50	14400.00	36125.00	548252.89	548252.89	0.00	0.00	0.00	0.00	4.98	0.00	0.12
133	26.00	57.00	722.50	14400.00	36125.00	548252.89	548252.89	0.00	0.00	0.00	0.00	4.92	0.00	0.12
134	27.00	57.00	722.50	14400.00	36125.00	548252.89	548252.89	0.00	0.00	0.00	0.00	4.86	0.00	0.12
135	28.00	57.00	722.50	14400.00	36125.00	548252.89	548252.89	0.00	0.00	0.00	0.00	4.81	0.00	0.12
136	29.00	57.00	722.50	14400.00	36125.00	548252.89	548252.89	0.00	0.00	0.00	0.00	4.75	0.00	0.12
137	29.00	58.00	722.50	14400.00	36125.00	548252.89	548252.89	0.00	0.00	0.00	0.00	4.73	0.00	0.12
138	30.00	58.00	722.50	14400.00	36125.00	548252.89	548252.89	0.00	0.00	0.00	0.00	4.67	0.00	0.12
139	31.00	58.00	722.50	14400.00	36125.00	548252.89	548252.89	0.00	0.00	0.00	0.00	4.62	0.00	0.12
140	32.00	58.00	722.50	14400.00	36125.00	548252.89	548252.89	0.00	0.00	0.00	0.00	4.57	0.00	0.12
141	32.00	59.00	722.50	14400.00	36125.00	548252.89	548252.89	0.00	0.00	0.00	0.00	4.55	0.00	0.12
142	33.00	59.00	722.50	14400.00	36125.00	548252.89	548252.89	0.00	0.00	0.00	0.00	4.50	0.00	0.12
143	33.00	60.00	722.50	14400.00	36125.00	548252.89	548252.89	0.00	0.00	0.00	0.00	4.48	0.00	0.12
144	34.00	60.00	722.50	14400.00	36125.00	548252.89	548252.89	0.00	0.00	0.00	0.00	4.44	0.00	0.12
145	35.00	60.00	722.50	14400.00	36125.00	548252.89	548252.89	0.00	0.00	0.00	0.00	4.39	0.00	0.12
146	36.00	60.00	722.50	14400.00	36125.00	548252.89	548252.89	0.00	0.00	0.00	0.00	4.34	0.00	0.12
147	36.00	61.00	722.50	14400.00	36125.00	548252.89	548252.89	0.00	0.00	0.00	0.00	4.42	0.00	0.12
148	37.00	61.00	722.50	14400.00	36125.00	548252.89	548252.89	0.00	0.00	0.00	0.00	4.37	0.00	0.12
149	37.00	62.00	722.50	14400.00	36125.00	548252.89	548252.89	0.00	0.00	0.00	0.00	4.44	0.00	0.12
150	37.00	63.00	722.50	14400.00	36125.00	548252.89	548252.89	0.00	0.00	0.00	0.00	4.51	0.00	0.12
151	38.00	63.00	722.50	14400.00	36125.00	548252.89	548252.89	0.00	0.00	0.00	0.00	4.47	0.00	0.12
152	38.00	64.00	722.50	14400.00	36125.00	548252.89	548252.89	0.00	0.00	0.00	0.00	4.54	0.00	0.12
153	39.00	64.00	722.50	14400.00	36125.00	548252.89	548252.89	0.00	0.00	0.00	0.00	4.49	0.00	0.12
154	40.00	64.00	722.50	14400.00	36125.00	548252.89	548252.89	0.00	0.00	0.00	0.00	4.45	0.00	0.12
155	41.00	64.00	722.50	14400.00	36125.00	548252.89	548252.89	0.00	0.00	0.00	0.00	4.41	0.00	0.12
156	42.00	64.00	722.50	14400.00	36125.00	548252.89	548252.89	0.00	0.00	0.00	0.00	4.36	0.00	0.12
157	42.00	65.00	722.50	14400.00	36125.00	548252.89	548252.89	0.00	0.00	0.00	0.00	4.43	0.00	0.12
158	42.00	66.00	722.50	14400.00	36125.00	548252.89	548252.89	0.00	0.00	0.00	0.00	4.52	0.00	0.12
159	42.00	67.00	722.50	14400.00	36125.00	548252.89	548252.89	0.00	0.00	0.00	0.00	4.58	0.00	0.12
160	43.00	67.00	722.50	14400.00	36125.00	548252.89	548252.89	0.00	0.00	0.00	0.00	4.54	0.00	0.12
161	44.00	67.00	722.50	14400.00	36125.00	548252.89	548252.89	0.00	0.00	0.00	0.00	4.50	0.00	0.12
162	44.00	68.00	722.50	14400.00	36125.00	548252.89	548252.89	0.00	0.00	0.00	0.00	4.59	0.00	0.12
163	44.00	69.00	722.50	14400.00	36125.00	548252.89	548252.89	0.00	0.00	0.00	0.00	4.57	0.00	0.12
164	45.00	69.00	722.50	14400.00	36125.00	548252.89	548252.89	0.00	0.00	0.00	0.00	4.53	0.00	0.12
165	45.00	70.00	722.50	14400.00	36125.00	548252.89	548252.89	0.00	0.00	0.00	0.00	4.59	0.00	0.12
166	45.00	71.00	722.50	14400.00	36125.00	548252.89	548252.89	0.00	0.00	0.00	0.00	4.65	0.00	0.12
167	46.00	71.00	722.50	14400.00	36125.00	548252.89	548252.89	0.00	0.00	0.00	0.00	4.61	0.00	0.12
168	47.00	71.00	722.50	14400.00	36125.00	548252.89	548252.89	0.00	0.00	0.00	0.00	4.57	0.00	0.12
169	48.00	71.00	722.50	14400.00	36125.00	548252.89	548252.89	0.00	0.00	0.00	0.00	4.53	0.00	0.12
170	49.00	71.00	722.50	14400.00	36125.00	548252.89	548252.89	0.00	0.00	0.00	0.00	4.50	0.00	0.12
171	50.00	71.00	722.50	14400.00	36125.00	548252.89	548252.89	0.00	0.00	0.00	0.00	4.46	0.00	0.12
172	51.00	71.00	722.50	14400.00	36125.00	548252.89	548252.89	0.00	0.00	0.00	0.00	4.42	0.00	0.12
173	52.00	71.00	722.50	14400.00	36125.00	548252.89	548252.89	0.00	0.00	0.00	0.00	4.39	0.00	0.12
174	53.00	71.00	722.50	14400.00	36125.00	548252.89	548252.89	0.00	0.00	0.00	0.00	4.35	0.00	0.12
175	53.00	72.00	722.50	14400.00	36125.00	548252.89	548252.89	0.00	0.00	0.00	0.00	4.41	0.00	0.12
176	54.00	72.00	722.50	14400.00	36125.00	548252.89	548252.89	0.00	0.00	0.00	0.00	4.37	0.00	0.12
177	54.00	73.00	722.50	14400.00	36125.00	548252.89	548252.89	0.00	0.00	0.00	0.00	4.43	0.00	0.12
178	55.00	73.00	722.50	14400.00	36125.00	548252.89	548252.89	0.00	0.00	0.00	0.00	4.39	0.00	0.12
179	56.00	73.00	722.50	14400.00	36125.00	548252.89	548252.89	0.00	0.00	0.00	0.00	4.36	0.00	0.12
180	57.00	73.00	722.50	14400.00	36125.00	548252.89	548252.89	0.00	0.00	0.00	0.00	4.33	0.00	0.12
181	57.00	74.00	722.50	14400.00	36125.00	548252.89	548252.89	0.00	0.00	0.00	0.00	4.40	0.00	0.12
182	58.00	74.00	722.50	14400.00	36125.00	548252.89	548252.89	0.00	0.00	0.00	0.00	4.37	0.00	0.12
183	59.00	74.00	722.50	14400.00	36125.00	548252.89	548252.89	0.00	0.00	0.00	0.00	4.34	0.00	0.12
184	60.00	74.00	722.50	14400.00	36125.00	548252.89	548252.89	0.00	0.00	0.00	0.00	4.30	0.00	0.12
185	61.00	74.00	722.50	14400.00	36125.00	548252.89	548252.89	0.00	0.00	0.00	0.00	4.27	0.00	0.12
186	62.00	74.00	722.50	14400.00	36125.00	548252.89	548252.89	0.00	0.00	0.00	0.00	4.24	0.00	0.12
187	63.00	74.00	722.50	14400.00	36125.00	548252.89	548252.89	0.00	0.00	0.00	0.00	4.21	0.00	0.12
188	64.00	74.00	722.50	14400.00	36125.00	548252.89	548252.89	0.00	0.00	0.00	0.00	4.18	0.00	0.12
189	64.00	25.00	722.50	14400.00	36125.00	548252.89	548252.89	0.00	0.00	0.00	0.00	1.55	0.00	0.12
190	65.00	25.00	722.50	14400.00	36125.00	548252.89	548252.89	0.00	0.00	0.00	0.00	1.53	0.00	0.12
191	65.00	26.00	722.50	14400.00	36125.00	548252.89	548252.89	0.00	0.00	0.00	0.00	1.55	0.00	0.12
192	65.00	27.00	722.50	14400.00	36125.00	548252.89	548252.89	0.00	0.00	0.00	0.00	1.65	0.00	0.12
193	65.00	28.00	722.50	14400.00	36125.00	548252.89	548252.89	0.00	0.00	0.00	0.00	1.76	0.00	0.12
194	66.00	28.00	722.50	14400.00	36125.00	548252.89	548252.89	0.00	0.00	0.00	0.00	1.74	0.00	0.12
195	67.00	28.00	722.50	14400.00	36125.00	548252.89	548252.89	0.00	0.00	0.00	0.00	1.72	0.00	0.12
196	68.00	28.00	722.50	14400.00	36125.00	548252.89	548252.89	0.00	0.00	0.00	0.00	1.70	0.00	0.12
197	69.00	28.00	722.50	14400.00	36125.00	548252.89	548252.89	0.00	0.00	0.00	0.00	1.69	0.00	0.12
198	70.00	28.00	722.50	14400.00	36125.00	548252.89	548252.89	0.00	0.00	0.00	0.00	1.67	0.00	0.12
199	71.00	28.00	722.50	14400.00	36125.00	548252.89	548252.89	0.00	0.00	0.00	0.00	1.65	0.00	0.12
200	72.00	28.00	722.50	14400.00	36125.00	548252.89	548252.89	0.00	0.00	0.00	0.00	1.64	0.00	0.12
201	73.00	28.00	614.12	17280.00	30706.25	548252.89	548252.89	0.00	0.00	0.00	0.00	1.62	0.00	0.12
202	74.00	28.00	614.12	17280.00	30706.25	548252.89	548252.89	0.00	0.00	0.00	0.00	1.60	0.00	0.12
203	74.00	29.00	614.12	17280.00	30706.25	548252.89	548252.89	0.00	0.00	0.00	0.00	1.70	0.00	0.12
204	25.00	29.00	614.12	17280.00	30706.25	548252.89	548252.89	0.00	0.00	0.00	0.00	3.24	0.00	0.12
205	26.00	29.00	614.12	17280.00	30706.25	548252.89	548252.89	0.00	0.00	0.00	0.00	3.18	0.00	0.12
206	26.00	30.00	614.12	17280.00	30706.25	548252.89	548252.89	0.00	0.00	0.00	0.00	3.38	0.00	0.12
207	27.00	30.00	614.12	17280.00	30706.25	548252.89	548252.89	0.00	0.00	0.00	0.00	3.32	0.00	0.12
208	28.00	30.00	614.12	17280.00	30706.25	548252.89	548252.89	0.00	0.00	0.00	0.00	3.26	0.00	0.12
209	28.00	31.00	614.12	17280.00	30706.25	548252.89	548252.89	0.00	0.00	0.00	0.00	3.40	0.00	0.12
210	28.00	32.00	614.12	17280.00	30706.25	548252.89	548252.89	0.00	0.00	0.00	0.00	3.53	0.00	0.12
211	29.00	32.00	614.12	17280.00	30706.25	548252.89	548252.89	0.00	0.00	0.00	0.00	3.48	0.00	0.12
212	30.00	32.00	614.12	17280.00	30706.25	548252.89	548252.89	0.00	0.00	0.00	0.00	3.42	0.00	0.12
213	31.00	32.00	614.12	17280.00	30706.25	548252.89	548252.89	0.00	0.00	0.00	0.00	3.37	0.00	0.12
214	31.00	33.00	614.12	17280.00	30706.25	548252.89	548252.89	0.00	0.00	0.00	0.00	3.53	0.00	0.12
215	31.00	34.00	614.12	17280.00	30706.25	548252.89	548252.89	0.00	0.00	0.00	0.00	3.52	0.00	0.12
216	32.00	34.00	614.12	17280.00	30706.25	548252.89	548252.89	0.00	0.00	0.00	0.00	3.47	0.00	0.12
217	33.00	34.00	614.12	17280.00	30706.25	548252.89	548252.89	0.00	0.00	0.00	0.00	3.42	0.00	0.12
218	34.00	34.00	614.12	17280.00	30706.25	548252.89	548252.89	0.00	0.00	0.00	0.00	3.37	0.00	0.12
219	34.00	35.00	614.12	17280.00	30706.25	548252.89	548252.89	0.00	0.00	0.00	0.00	3.36	0.00	0.12
220	35.00	35.00	614.12	17280.00	30706.25	548252.89	548252.89	0.00	0.00	0.00	0.00	3.31	0.00	0.12
221	35.00	36.00	614.12	17280.00	30706.25	548252.89	548252.89	0.00	0.00	0.00	0.00	3.43	0.00	0.12
222	36.00	36.00	614.12	17280.00	30706.25	548252.89	548252.89	0.00	0.00	0.00	0.00	3.38	0.00	0.12
223	37.00	36.00	614.12	17280.00	30706.25	548252.89	548252.89	0.00	0.00	0.00	0.00	3.33	0.00	0.12
224	38.00	36.00	614.12	17280.00	30706.25	548252.89	548252.89	0.00	0.00	0.00	0.00	3.29	0.00	0.12
225	39.00	36.00	614.12	17280.00	30706.25	548252.89	548252.89	0.00	0.00	0.00	0.00	3.24	0.00	0.12
226	39.00	37.00	614.12	17280.00	30706.25	548252.89	548252.89	0.00	0.00	0.00	0.00	3.24	0.00	0.12
227	39.00	38.00	614.12	17280.00	30706.25	548252.89	548252.89	0.00	0.00	0.00	0.00	3.23	0.00	0.12
228	40.00	38.00	614.12	17280.00	30706.25	548252.89	548252.89	0.00	0.00	0.00	0.00	3.19	0.00	0.12
229	41.00	38.00	614.12	17280.00	30706.25	548252.89	548252.89	0.00	0.00	0.00	0.00	3.15	0.00	0.12
230	42.00	38.00	614.12	17280.00	30706.25	548252.89	548252.89	0.00	0.00	0.00	0.00	3.11	0.00	0.12
231	43.00	38.00	614.12	17280.00	30706.25	548252.89	548252.89	0.00	0.00	0.00	0.00	3.07	0.00	0.12
232	44.00	38.00	614.12	17280.00	30706.25	548252.89	548252.89	0.00	0.00	0.00	0.00	3.04	0.00	0.12
233	45.00	38.00	614.12	17280.00	30706.25	548252.89	548252.89	0.00	0.00	0.00	0.00	3.00	0.00	0.12
234	45.00	39.00	614.12	17280.00	30706.25	548252.89	548252.89	0.00	0.00	0.00	0.00	3.00	0.00	0.12
235	45.00	40.00	614.12	17280.00	30706.25	548252.89	548252.89	0.00	0.00	0.00	0.00	3.13	0.00	0.12
236	45.00	41.00	614.12	17280.00	30706.25	548252.89	548252.89	0.00	0.00	0.00	0.00	3.23	0.00	0.12
237	46.00	41.00	614.12	17280.00	30706.25	548252.89	548252.89	0.00	0.00	0.00	0.00	3.19	0.00	0.12
238	47.00	41.00	614.12	17280.00	30706.25	548252.89	548252.89	0.00	0.00	0.00	0.00	3.15	0.00	0.12
239	48.00	41.00	614.12	17280.00	30706.25	548252.89	548252.89	0.00	0.00	0.00	0.00	3.12	0.00	0.12
240	48.00	42.00	614.12	17280.00	30706.25	548252.89	548252.89	0.00	0.00	0.00	0.00	3.21	0.00	0.12
241	49.00	42.00	614.12	17280.00	30706.25	548252.89	548252.89	0.00	0.00	0.00	0.00	3.18	0.00	0.12
242	50.00	42.00	614.12	17280.00	30706.25	548252.89	548252.89	0.00	0.00	0.00	0.00	3.14	0.00	0.12
243	51.00	42.00	614.12	17280.00	30706.25	548252.89	548252.89	0.00	0.00	0.00	0.00	3.11	0.00	0.12
244	52.00	42.00	614.12	17280.00	30706.25	548252.89	548252.89	0.00	0.00	0.00	0.00	3.07	0.00	0.12
245	53.00	42.00	614.12	17280.00	30706.25	548252.89	548252.89	0.00	0.00	0.00	0.00	3.04	0.00	0.12
246	54.00	42.00	614.12	17280.00	30706.25	548252.89	548252.89	0.00	0.00	0.00	0.00	3.01	0.00	0.12
247	55.00	42.00	614.12	17280.00	30706.25	548252.89	548252.89	0.00	0.00	0.00	0.00	2.98	0.00	0.12
248	56.00	42.00	614.12	17280.00	30706.25	548252.89	548252.89	0.00	0.00	0.00	0.00	2.95	0.00	0.12
249	56.00	43.00	614.12	17280.00	30706.25	548252.89	548252.89	0.00	0.00	0.00	0.00	3.03	0.00	0.12
250	56.00	44.00	614.12	17280.00	30706.25	548252.89	548252.89	0.00	0.00	0.00	0.00	3.03	0.00	0.12
251	57.00	44.00	614.12	17280.00	30706.25	548252.89	548252.89	0.00	0.00	0.00	0.00	3.00	0.00	0.12
252	58.00	44.00	614.12	17280.00	30706.25	548252.89	548252.89	0.00	0.00	0.00	0.00	2.97	0.00	0.12
253	59.00	44.00	614.12	17280.00	30706.25	548252.89	548252.89	0.00	0.00	0.00	0.00	2.94	0.00	0.12
254	60.00	44.00	614.12	17280.00	30706.25	548252.89	548252.89	0.00	0.00	0.00	0.00	2.92	0.00	0.12
255	61.00	44.00	614.12	17280.00	30706.25	548252.89	548252.89	0.00	0.00	0.00	0.00	2.89	0.00	0.12
256	61.00	45.00	614.12	17280.00	30706.25	548252.89	548252.89	0.00	0.00	0.00	0.00	2.97	0.00	0.12
257	62.00	45.00	614.12	17280.00	30706.25	548252.89	548252.89	0.00	0.00	0.00	0.00	2.94	0.00	0.12
258	63.00	45.00	614.12	17280.00	30706.25	548252.89	548252.89	0.00	0.00	0.00	0.00	2.91	0.00	0.12
259	64.00	45.00	614.12	17280.00	30706.25	548252.89	548252.89	0.00	0.00	0.00	0.00	2.89	0.00	0.12
260	65.00	45.00	614.12	17280.00	30706.25	548252.89	548252.89	0.00	0.00	0.00	0.00	2.86	0.00	0.12
261	66.00	45.00	614.12	17280.00	30706.25	548252.89	548252.89	0.00	0.00	0.00	0.00	2.83	0.00	0.12
262	66.00	46.00	614.12	17280.00	30706.25	548252.89	548252.89	0.00	0.00	0.00	0.00	2.91	0.00	0.12
263	66.00	47.00	614.12	17280.00	30706.25	548252.89	548252.89	0.00	0.00	0.00	0.00	2.91	0.00	0.12
264	66.00	48.00	614.12	17280.00	30706.25	548252.89	548252.89	0.00	0.00	0.00	0.00	3.01	0.00	0.12
265	67.00	48.00	614.12	17280.00	30706.25	548252.89	548252.89	0.00	0.00	0.00	0.00	2.98	0.00	0.12
266	68.00	48.00	614.12	17280.00	30706.25	548252.89	548252.89	0.00	0.00	0.00	0.00	2.96	0.00	0.12
267	68.00	49.00	614.12	17280.00	30706.25	548252.89	548252.89	0.00	0.00	0.00	0.00	2.96	0.00	0.12
268	69.00	49.00	614.12	17280.00	30706.25	548252.89	548252.89	0.00	0.00	0.00	0.00	2.93	0.00	0.12
269	69.00	50.00	614.12	17280.00	30706.25	548252.89	548252.89	0.00	0.00	0.00	0.00	3.00	0.00	0.12
270	70.00	50.00	614.12	17280.00	30706.25	548252.89	548252.89	0.00	0.00	0.00	0.00	2.98	0.00	0.12
271	70.00	51.00	614.12	17280.00	30706.25	548252.89	548252.89	0.00	0.00	0.00	0.00	3.05	0.00	0.12
272	71.00	51.00	614.12	17280.00	30706.25	548252.89	548252.89	0.00	0.00	0.00	0.00	3.02	0.00	0.12
273	71.00	52.00	614.12	17280.00	30706.25	548252.89	548252.89	0.00	0.00	0.00	0.00	3.02	0.00	0.12
274	72.00	52.00	614.12	17280.00	30706.25	548252.89	548252.89	0.00	0.00	0.00	0.00	3.00	0.00	0.12
275	73.00	52.00	614.12	17280.00	30706.25	548252.89	548252.89	0.00	0.00	0.00	0.00	2.97	0.00	0.12
276	74.00	52.00	614.12	17280.00	30706.25	548252.89	548252.89	0.00	0.00	0.00	0.00	2.95	0.00	0.12
277	25.00	52.00	614.12	17280.00	30706.25	548252.89	548252.89	0.00	0.00	0.00	0.00	4.83	0.00	0.12
278	26.00	52.00	614.12	17280.00	30706.25	548252.89	548252.89	0.00	0.00	0.00	0.00	4.76	0.00	0.12
279	27.00	52.00	614.12	17280.00	30706.25	548252.89	548252.89	0.00	0.00	0.00	0.00	4.70	0.00	0.12
280	27.00	53.00	614.12	17280.00	30706.25	548252.89	548252.89	0.00	0.00	0.00	0.00	4.79	0.00	0.12
281	27.00	54.00	614.12	17280.00	30706.25	548252.89	548252.89	0.00	0.00	0.00	0.00	4.87	0.00	0.12
282	28.00	54.00	614.12	17280.00	30706.25	548252.89	548252.89	0.00	0.00	0.00	0.00	4.81	0.00	0.12
283	29.00	54.00	614.12	17280.00	30706.25	548252.89	548252.89	0.00	0.00	0.00	0.00	4.75	0.00	0.12
284	30.00	54.00	614.12	17280.00	30706.25	548252.89	548252.89	0.00	0.00	0.00	0.00	4.70	0.00	0.12
285	31.00	54.00	614.12	17280.00	30706.25	548252.89	548252.89	0.00	0.00	0.00	0.00	4.64	0.00	0.12
286	32.00	54.00	614.12	17280.00	30706.25	548252.89	548252.89	0.00	0.00	0.00	0.00	4.59	0.00	0.12
287	33.00	54.00	614.12	17280.00	30706.25	548252.89	548252.89	0.00	0.00	0.00	0.00	4.53	0.00	0.12
288	33.00	55.00	614.12	17280.00	30706.25	548252.89	548252.89	0.00	0.00	0.00	0.00	4.61	0.00	0.12
289	34.00	55.00	614.12	17280.00	30706.25	548252.89	548252.89	0.00	0.00	0.00	0.00	4.56	0.00	0.12
290	35.00	55.00	614.12	17280.00	30706.25	548252.89	548252.89	0.00	0.00	0.00	0.00	4.51	0.00	0.12
291	36.00	55.00	614.12	17280.00	30706.25	548252.89	548252.89	0.00	0.00	0.00	0.00	4.46	0.00	0.12
292	36.00	56.00	614.12	17280.00	30706.25	548252.89	548252.89	0.00	0.00	0.00	0.00	4.54	0.00	0.12
293	37.00	56.00	614.12	17280.00	30706.25	548252.89	548252.89	0.00	0.00	0.00	0.00	4.49	0.00	0.12
294	38.00	56.00	614.12	17280.00	30706.25	548252.89	548252.89	0.00	0.00	0.00	0.00	4.44	0.00	0.12
295	39.00	56.00	614.12	17280.00	30706.25	548252.89	548252.89	0.00	0.00	0.00	0.00	4.39	0.00	0.12
296	40.00	56.00	614.12	17280.00	30706.25	548252.89	548252.89	0.00	0.00	0.00	0.00	4.35	0.00	0.12
297	41.00	56.00	614.12	17280.00	30706.25	548252.89	548252.89	0.00	0.00	0.00	0.00	4.30	0.00	0.12
298	42.00	56.00	614.12	17280.00	30706.25	548252.89	548252.89	0.00	0.00	0.00	0.00	4.26	0.00	0.12
299	43.00	56.00	614.12	17280.00	30706.25	548252.89	548252.89	0.00	0.00	0.00	0.00	4.21	0.00	0.12
300	44.00	56.00	614.12	17280.00	30706.25	548252.89	548252.89	0.00	0.00	0.00	0.00	4.17	0.00	0.12
301	45.00	56.00	522.01	20736.00	26100.31	548252.89	548252.89	0.00	0.00	0.00	0.00	4.13	0.00	0.12
302	46.00	56.00	522.01	20736.00	26100.31	548252.89	548252.89	0.00	0.00	0.00	0.00	4.09	0.00	0.12
303	47.00	56.00	522.01	20736.00	26100.31	548252.89	548252.89	0.00	0.00	0.00	0.00	4.05	0.00	0.12
304	47.00	57.00	522.01	20736.00	26100.31	548252.89	548252.89	0.00	0.00	0.00	0.00	4.12	0.00	0.12
305	48.00	57.00	522.01	20736.00	26100.31	548252.89	548252.89	0.00	0.00	0.00	0.00	4.08	0.00	0.12
306	49.00	57.00	522.01	20736.00	26100.31	548252.89	548252.89	0.00	0.00	0.00	0.00	4.04	0.00	0.12
307	49.00	58.00	522.01	20736.00	26100.31	548252.89	548252.89	0.00	0.00	0.00	0.00	4.11	0.00	0.12
308	50.00	58.00	522.01	20736.00	26100.31	548252.89	548252.89	0.00	0.00	0.00	0.00	4.07	0.00	0.12
309	50.00	59.00	522.01	20736.00	26100.31	548252.89	548252.89	0.00	0.00	0.00	0.00	4.14	0.00	0.12
310	51.00	59.00	522.01	20736.00	26100.31	548252.89	548252.89	0.00	0.00	0.00	0.00	4.10	0.00	0.12
311	52.00	59.00	522.01	20736.00	26100.31	548252.89	548252.89	0.00	0.00	0.00	0.00	4.07	0.00	0.12
312	53.00	59.00	522.01	20736.00	26100.31	548252.89	548252.89	0.00	0.00	0.00	0.00	4.03	0.00	0.12
313	54.00	59.00	522.01	20736.00	26100.31	548252.89	548252.89	0.00	0.00	0.00	0.00	4.00	0.00	0.12
314	55.00	59.00	522.01	20736.00	26100.31	548252.89	548252.89	0.00	0.00	0.00	0.00	3.96	0.00	0.12
315	56.00	59.00	522.01	20736.00	26100.31	548252.89	548252.89	0.00	0.00	0.00	0.00	3.93	0.00	0.12
316	57.00	59.00	522.01	20736.00	26100.31	548252.89	548252.89	0.00	0.00	0.00	0.00	3.89	0.00	0.12
317	57.00	60.00	522.01	20736.00	26100.31	548252.89	548252.89	0.00	0.00	0.00	0.00	3.96	0.00	0.12
318	58.00	60.00	522.01	20736.00	26100.31	548252.89	548252.89	0.00	0.00	0.00	0.00	3.92	0.00	0.12
319	59.00	60.00	522.01	20736.00	26100.31	548252.89	548252.89	0.00	0.00	0.00	0.00	3.89	0.00	0.12
320	60.00	60.00	522.01	20736.00	26100.31	548252.89	548252.89	0.00	0.00	0.00	0.00	3.86	0.00	0.12
321	61.00	60.00	522.01	20736.00	26100.31	548252.89	548252.89	0.00	0.00	0.00	0.00	3.83	0.00	0.12
322	62.00	60.00	522.01	20736.00	26100.31	548252.89	548252.89	0.00	0.00	0.00	0.00	3.79	0.00	0.12
323	63.00	60.00	522.01	20736.00	26100.31	548252.89	548252.89	0.00	0.00	0.00	0.00	3.76	0.00	0.12
324	64.00	60.00	522.01	20736.00	26100.31	548252.89	548252.89	0.00	0.00	0.00	0.00	3.73	0.00	0.12
325	65.00	60.00	522.01	20736.00	26100.31	548252.89	548252.89	0.00	0.00	0.00	0.00	3.70	0.00	0.12
326	66.00	60.00	522.01	20736.00	26100.31	548252.89	548252.89	0.00	0.00	0.00	0.00	3.67	0.00	0.12
327	67.00	60.00	522.01	20736.00	26100.31	548252.89	548252.89	0.00	0.00	0.00	0.00	3.65	0.00	0.12
328	68.00	60.00	522.01	20736.00	26100.31	548252.89	548252.89	0.00	0.00	0.00	0.00	3.62	0.00	0.12
329	69.00	60.00	522.01	20736.00	26100.31	548252.89	548252.89	0.00	0.00	0.00	0.00	3.59	0.00	0.12
330	70.00	60.00	522.01	20736.00	26100.31	548252.89	548252.89	0.00	0.00	0.00	0.00	3.56	0.00	0.12
331	71.00	60.00	522.01	20736.00	26100.31	548252.89	548252.89	0.00	0.00	0.00	0.00	3.53	0.00	0.12
332	72.00	60.00	522.01	20736.00	26100.31	548252.89	548252.89	0.00	0.00	0.00	0.00	3.51	0.00	0.12
333	73.00	60.00	522.01	20736.00	26100.31	548252.89	548252.89	0.00	0.00	0.00	0.00	3.48	0.00	0.12
334	74.00	60.00	522.01	20736.00	26100.31	548252.89	548252.89	0.00	0.00	0.00	0.00	3.45	0.00	0.12
335	25.00	60.00	522.01	20736.00	26100.31	548252.89	548252.89	0.00	0.00	0.00	0.00	5.45	0.00	0.12
336	26.00	60.00	522.01	20736.00	26100.31	548252.89	548252.89	0.00	0.00	0.00	0.00	5.38	0.00	0.12
337	27.00	60.00	522.01	20736.00	26100.31	548252.89	548252.89	0.00	0.00	0.00	0.00	5.32	0.00	0.12
338	28.00	60.00	522.01	20736.00	26100.31	548252.89	548252.89	0.00	0.00	0.00	0.00	5.26	0.00	0.12
339	29.00	60.00	522.01	20736.00	26100.31	548252.89	548252.89	0.00	0.00	0.00	0.00	5.20	0.00	0.12
340	30.00	60.00	522.01	20736.00	26100.31	548252.89	548252.89	0.00	0.00	0.00	0.00	5.14	0.00	0.12
341	31.00	60.00	522.01	20736.00	26100.31	548252.89	548252.89	0.00	0.00	0.00	0.00	5.09	0.00	0.12
342	32.00	60.00	522.01	20736.00	26100.31	548252.89	548252.89	0.00	0.00	0.00	0.00	5.03	0.00	0.12
343	33.00	60.00	522.01	20736.00	26100.31	548252.89	548252.89	0.00	0.00	0.00	0.00	4.98	0.00	0.12
344	34.00	60.00	522.01	20736.00	26100.31	548252.89	548252.89	0.00	0.00	0.00	0.00	4.92	0.00	0.12
345	35.00	60.00	522.01	20736.00	26100.31	548252.89	548252.89	0.00	0.00	0.00	0.00	4.87	0.00	0.12
346	36.00	60.00	522.01	20736.00	26100.31	548252.89	548252.89	0.00	0.00	0.00	0.00	4.82	0.00	0.12
347	37.00	60.00	522.01	20736.00	26100.31	548252.89	548252.89	0.00	0.00	0.00	0.00	4.77	0.00	0.12
348	38.00	60.00	522.01	20736.00	26100.31	548252.89	548252.89	0.00	0.00	0.00	0.00	4.72	0.00	0.12
349	39.00	60.00	522.01	20736.00	26100.31	548252.89	548252.89	0.00	0.00	0.00	0.00	4.68	0.00	0.12
350	40.00	60.00	522.01	20736.00	26100.31	548252.89	548252.89	0.00	0.00	0.00	0.00	4.63	0.00	0.12
351	41.00	60.00	522.01	20736.00	26100.31	548252.89	548252.89	0.00	0.00	0.00	0.00	4.58	0.00	0.12
352	42.00	60.00	522.01	20736.00	26100.31	548252.89	548252.89	0.00	0.00	0.00	0.00	4.54	0.00	0.12
353	43.00	60.00	522.01	20736.00	26100.31	548252.89	548252.89	0.00	0.00	0.00	0.00	4.49	0.00	0.12
354	43.00	61.00	522.01	20736.00	26100.31	548252.89	548252.89	0.00	0.00	0.00	0.00	4.56	0.00	0.12
355	44.00	61.00	522.01	20736.00	26100.31	548252.89	548252.89	0.00	0.00	0.00	0.00	4.52	0.00	0.12
356	44.00	62.00	522.01	20736.00	26100.31	548252.89	548252.89	0.00	0.00	0.00	0.00	4.58	0.00	0.12
357	45.00	62.00	522.01	20736.00	26100.31	548252.89	548252.89	0.00	0.00	0.00	0.00	4.54	0.00	0.12
358	46.00	62.00	522.01	20736.00	26100.31	548252.89	548252.89	0.00	0.00	0.00	0.00	4.50	0.00	0.12
359	47.00	62.00	522.01	20736.00	26100.31	548252.89	548252.89	0.00	0.00	0.00	0.00	4.46	0.00	0.12
360	48.00	62.00	522.01	20736.00	26100.31	548252.89	548252.89	0.00	0.00	0.00	0.00	4.42	0.00	0.12
361	49.00	62.00	522.01	20736.00	26100.31	548252.89	548252.89	0.00	0.00	0.00	0.00	4.38	0.00	0.12
362	49.00	63.00	522.01	20736.00	26100.31	548252.89	548252.89	0.00	0.00	0.00	0.00	4.44	0.00	0.12
363	50.00	63.00	522.01	20736.00	26100.31	548252.89	548252.89	0.00	0.00	0.00	0.00	4.40	0.00	0.12
364	51.00	63.00	522.01	20736.00	26100.31	548252.89	548252.89	0.00	0.00	0.00	0.00	4.36	0.00	0.12
365	52.00	63.00	522.01	20736.00	26100.31	548252.89	548252.89	0.00	0.00	0.00	0.00	4.32	0.00	0.12
366	53.00	63.00	522.01	20736.00	26100.31	548252.89	548252.89	0.00	0.00	0.00	0.00	4.29	0.00	0.12
367	54.00	63.00	522.01	20736.00	26100.31	548252.89	548252.89	0.00	0.00	0.00	0.00	4.25	0.00	0.12
368	55.00	63.00	522.01	20736.00	26100.31	548252.89	548252.89	0.00	0.00	0.00	0.00	4.21	0.00	0.12
369	55.00	64.00	522.01	20736.00	26100.31	548252.89	548252.89	0.00	0.00	0.00	0.00	4.27	0.00	0.12
370	56.00	64.00	522.01	20736.00	26100.31	548252.89	548252.89	0.00	0.00	0.00	0.00	4.24	0.00	0.12
371	57.00	64.00	522.01	20736.00	26100.31	548252.89	548252.89	0.00	0.00	0.00	0.00	4.20	0.00	0.12
372	58.00	64.00	522.01	20736.00	26100.31	548252.89	548252.89	0.00	0.00	0.00	0.00	4.17	0.00	0.12
373	58.00	65.00	522.01	20736.00	26100.31	548252.89	548252.89	0.00	0.00	0.00	0.00	4.23	0.00	0.12
374	59.00	65.00	522.01	20736.00	26100.31	548252.89	548252.89	0.00	0.00	0.00	0.00	4.19	0.00	0.12
375	60.00	65.00	522.01	20736.00	26100.31	548252.89	548252.89	0.00	0.00	0.00	0.00	4.16	0.00	0.12
376	61.00	65.00	522.01	20736.00	26100.31	548252.89	548252.89	0.00	0.00	0.00	0.00	4.13	0.00	0.12
377	62.00	65.00	522.01	20736.00	26100.31	548252.89	548252.89	0.00	0.00	0.00	0.00	4.09	0.00	0.12
378	62.00	66.00	522.01	20736.00	26100.31	548252.89	548252.89	0.00	0.00	0.00	0.00	4.15	0.00	0.12
379	63.00	66.00	522.01	20736.00	26100.31	548252.89	548252.89	0.00	0.00	0.00	0.00	4.12	0.00	0.12
380	64.00	66.00	522.01	20736.00	26100.31	548252.89	548252.89	0.00	0.00	0.00	0.00	4.09	0.00	0.12
381	65.00	66.00	522.01	20736.00	26100.31	548252.89	548252.89	0.00	0.00	0.00	0.00	4.06	0.00	0.12
382	66.00	66.00	522.01	20736.00	26100.31	548252.89	548252.89	0.00	0.00	0.00	0.00	4.03	0.00	0.12
383	67.00	66.00	522.01	20736.00	26100.31	548252.89	548252.89	0.00	0.00	0.00	0.00	4.00	0.00	0.12
384	68.00	66.00	522.01	20736.00	26100.31	548252.89	548252.89	0.00	0.00	0.00	0.00	3.97	0.00	0.12
385	69.00	66.00	522.01	20736.00	26100.31	548252.89	548252.89	0.00	0.00	0.00	0.00	3.94	0.00	0.12
386	70.00	66.00	522.01	20736.00	26100.31	548252.89	548252.89	0.00	0.00	0.00	0.00	3.91	0.00	0.12
387	71.00	66.00	522.01	20736.00	26100.31	548252.89	548252.89	0.00	0.00	0.00	0.00	3.88	0.00	0.12
388	71.00	67.00	522.01	20736.00	26100.31	548252.89	548252.89	0.00	0.00	0.00	0.00	3.93	0.00	0.12
389	71.00	68.00	522.01	20736.00	26100.31	548252.89	548252.89	0.00	0.00	0.00	0.00	3.93	0.00	0.12
390	72.00	68.00	522.01	20736.00	26100.31	548252.89	548252.89	0.00	0.00	0.00	0.00	3.90	0.00	0.12
391	73.00	68.00	522.01	20736.00	26100.31	548252.89	548252.89	0.00	0.00	0.00	0.00	3.87	0.00	0.12
392	73.00	69.00	522.01	20736.00	26100.31	548252.89	548252.89	0.00	0.00	0.00	0.00	3.86	0.00	0.12
393	74.00	69.00	522.01	20736.00	26100.31	548252.89	548252.89	0.00	0.00	0.00	0.00	3.84	0.00	0.12
394	25.00	69.00	522.01	20736.00	26100.31	548252.89	548252.89	0.00	0.00	0.00	0.00	5.83	0.00	0.12
395	25.00	70.00	522.01	20736.00	26100.31	548252.89	548252.89	0.00	0.00	0.00	0.00	5.89	0.00	0.12
396	25.00	71.00	522.01	20736.00	26100.31	548252.89	548252.89	0.00	0.00	0.00	0.00	5.86	0.00	0.12
397	26.00	71.00	522.01	20736.00	26100.31	548252.89	548252.89	0.00	0.00	0.00	0.00	5.80	0.00	0.12
398	27.00	71.00	522.01	20736.00	26100.31	548252.89	548252.89	0.00	0.00	0.00	0.00	5.74	0.00	0.12
399	27.00	72.00	522.01	20736.00	26100.31	548252.89	548252.89	0.00	0.00	0.00	0.00	5.80	0.00	0.12
400	72.00	28.00	522.01	20736.00	26100.31	548252.89	548252.89	0.00	0.00	0.00	0.00	2.29	0.00	0.12
401	72.00	29.00	626.41	24883.20	22185.27	548252.89	548252.89	0.00	0.00	0.00	0.00	2.41	0.00	0.12
402	73.00	29.00	626.41	24883.20	22185.27	548252.89	548252.89	0.00	0.00	0.00	0.00	2.38	0.00	0.12
403	74.00	29.00	626.41	24883.20	22185.27	548252.89	548252.89	0.00	0.00	0.00	0.00	2.36	0.00	0.12
404	25.00	29.00	626.41	24883.20	22185.27	548252.89	548252.89	0.00	0.00	0.00	0.00	4.50	0.00	0.12
405	26.00	29.00	626.41	24883.20	22185.27	548252.89	548252.89	0.00	0.00	0.00	0.00	4.42	0.00	0.12
406	27.00	29.00	626.41	24883.20	22185.27	548252.89	548252.89	0.00	0.00	0.00	0.00	4.34	0.00	0.12
407	28.00	29.00	626.41	24883.20	22185.27	548252.89	548252.89	0.00	0.00	0.00	0.00	4.27	0.00	0.12
408	29.00	29.00	626.41	24883.20	22185.27	548252.89	548252.89	0.00	0.00	0.00	0.00	4.19	0.00	0.12
409	30.00	29.00	626.41	24883.20	22185.27	548252.89	548252.89	0.00	0.00	0.00	0.00	4.12	0.00	0.12
410	31.00	29.00	626.41	24883.20	22185.27	548252.89	548252.89	0.00	0.00	0.00	0.00	4.05	0.00	0.12
411	32.00	29.00	626.41	24883.20	22185.27	548252.89	548252.89	0.00	0.00	0.00	0.00	3.99	0.00	0.12
412	32.00	30.00	626.41	24883.20	22185.27	548252.89	548252.89	0.00	0.00	0.00	0.00	4.11	0.00	0.12
413	33.00	30.00	626.41	24883.20	22185.27	548252.89	548252.89	0.00	0.00	0.00	0.00	4.04	0.00	0.12
414	33.00	31.00	626.41	24883.20	22185.27	548252.89	548252.89	0.00	0.00	0.00	0.00	4.16	0.00	0.12
415	34.00	31.00	626.41	24883.20	22185.27	548252.89	548252.89	0.00	0.00	0.00	0.00	4.09	0.00	0.12
416	35.00	31.00	626.41	24883.20	22185.27	548252.89	548252.89	0.00	0.00	0.00	0.00	4.03	0.00	0.12
417	36.00	31.00	626.41	24883.20	22185.27	548252.89	548252.89	0.00	0.00	0.00	0.00	3.97	0.00	0.12
418	37.00	31.00	626.41	24883.20	22185.27	548252.89	548252.89	0.00	0.00	0.00	0.00	3.91	0.00	0.12
419	38.00	31.00	626.41	24883.20	22185.27	548252.89	548252.89	0.00	0.00	0.00	0.00	3.86	0.00	0.12
420	39.00	31.00	626.41	24883.20	22185.27	548252.89	548252.89	0.00	0.00	0.00	0.00	3.80	0.00	0.12
421	40.00	31.00	626.41	24883.20	22185.27	548252.89	548252.89	0.00	0.00	0.00	0.00	3.75	0.00	0.12
422	41.00	31.00	626.41	24883.20	22185.27	548252.89	548252.89	0.00	0.00	0.00	0.00	3.70	0.00	0.12
423	42.00	31.00	626.41	24883.20	22185.27	548252.89	548252.89	0.00	0.00	0.00	0.00	3.64	0.00	0.12
424	43.00	31.00	626.41	24883.20	22185.27	548252.89	548252.89	0.00	0.00	0.00	0.00	3.60	0.00	0.12
425	44.00	31.00	626.41	24883.20	22185.27	548252.89	548252.89	0.00	0.00	0.00	0.00	3.55	0.00	0.12
426	45.00	31.00	626.41	24883.20	22185.27	548252.89	548252.89	0.00	0.00	0.00	0.00	3.50	0.00	0.12
427	46.00	31.00	626.41	24883.20	22185.27	548252.89	548252.89	0.00	0.00	0.00	0.00	3.46	0.00	0.12
428	47.00	31.00	626.41	24883.20	22185.27	548252.89	548252.89	0.00	0.00	0.00	0.00	3.41	0.00	0.12
429	48.00	31.00	626.41	24883.20	22185.27	548252.89	548252.89	0.00	0.00	0.00	0.00	3.37	0.00	0.12
430	49.00	31.00	626.41	24883.20	22185.27	548252.89	548252.89	0.00	0.00	0.00	0.00	3.33	0.00	0.12
431	50.00	31.00	626.41	24883.20	22185.27	548252.89	548252.89	0.00	0.00	0.00	0.00	3.28	0.00	0.12
432	51.00	31.00	626.41	24883.20	22185.27	548252.89	548252.89	0.00	0.00	0.00	0.00	3.24	0.00	0.12
433	52.00	31.00	626.41	24883.20	22185.27	548252.89	548252.89	0.00	0.00	0.00	0.00	3.21	0.00	0.12
434	53.00	31.00	626.41	24883.20	22185.27	548252.89	548252.89	0.00	0.00	0.00	0.00	3.17	0.00	0.12
435	54.00	31.00	626.41	24883.20	22185.27	548252.89	548252.89	0.00	0.00	0.00	0.00	3.13	0.00	0.12
436	55.00	31.00	626.41	24883.20	22185.27	548252.89	548252.89	0.00	0.00	0.00	0.00	3.09	0.00	0.12
437	56.00	31.00	626.41	24883.20	22185.27	548252.89	548252.89	0.00	0.00	0.00	0.00	3.06	0.00	0.12
438	57.00	31.00	626.41	24883.20	22185.27	548252.89	548252.89	0.00	0.00	0.00	0.00	3.02	0.00	0.12
439	57.00	32.00	626.41	24883.20	22185.27	548252.89	548252.89	0.00	0.00	0.00	0.00	3.02	0.00	0.12
440	58.00	32.00	626.41	24883.20	22185.27	548252.89	548252.89	0.00	0.00	0.00	0.00	2.99	0.00	0.12
441	59.00	32.00	626.41	24883.20	22185.27	548252.89	548252.89	0.00	0.00	0.00	0.00	2.95	0.00	0.12
442	60.00	32.00	626.41	24883.20	22185.27	548252.89	548252.89	0.00	0.00	0.00	0.00	2.92	0.00	0.12
443	61.00	32.00	626.41	24883.20	22185.27	548252.89	548252.89	0.00	0.00	0.00	0.00	2.89	0.00	0.12
444	62.00	32.00	626.41	24883.20	22185.27	548252.89	548252.89	0.00	0.00	0.00	0.00	2.86	0.00	0.12
445	63.00	32.00	626.41	24883.20	22185.27	548252.89	548252.89	0.00	0.00	0.00	0.00	2.83	0.00	0.12
446	64.00	32.00	626.41	24883.20	22185.27	548252.89	548252.89	0.00	0.00	0.00	0.00	2.80	0.00	0.12
447	65.00	32.00	626.41	24883.20	22185.27	548252.89	548252.89	0.00	0.00	0.00	0.00	2.77	0.00	0.12
448	66.00	32.00	626.41	24883.20	22185.27	548252.89	548252.89	0.00	0.00	0.00	0.00	2.74	0.00	0.12
449	67.00	32.00	626.41	24883.20	22185.27	548252.89	548252.89	0.00	0.00	0.00	0.00	2.72	0.00	0.12
450	67.00	33.00	626.41	24883.20	22185.27	548252.89	548252.89	0.00	0.00	0.00	0.00	2.80	0.00	0.12
451	68.00	33.00	626.41	24883.20	22185.27	548252.89	548252.89	0.00	0.00	0.00	0.00	2.78	0.00	0.12
452	69.00	33.00	626.41	24883.20	22185.27	548252.89	548252.89	0.00	0.00	0.00	0.00	2.75	0.00	0.12
453	70.00	33.00	626.41	24883.20	22185.27	548252.89	548252.89	0.00	0.00	0.00	0.00	2.72	0.00	0.12
454	70.00	34.00	626.41	24883.20	22185.27	548252.89	548252.89	0.00	0.00	0.00	0.00	2.72	0.00	0.12
455	71.00	34.00	626.41	24883.20	22185.27	548252.89	548252.89	0.00	0.00	0.00	0.00	2.70	0.00	0.12
456	72.00	34.00	626.41	24883.20	22185.27	548252.89	548252.89	0.00	0.00	0.00	0.00	2.67	0.00	0.12
457	73.00	34.00	626.41	24883.20	22185.27	548252.89	548252.89	0.00	0.00	0.00	0.00	2.65	0.00	0.12
458	74.00	34.00	626.41	24883.20	22185.27	548252.89	548252.89	0.00	0.00	0.00	0.00	2.62	0.00	0.12
459	25.00	34.00	626.41	24883.20	22185.27	548252.89	548252.89	0.00	0.00	0.00	0.00	4.80	0.00	0.12
460	26.00	34.00	626.41	24883.20	22185.27	548252.89	548252.89	0.00	0.00	0.00	0.00	4.72	0.00	0.12
461	27.00	34.00	626.41	24883.20	22185.27	548252.89	548252.89	0.00	0.00	0.00	0.00	4.64	0.00	0.12
462	28.00	34.00	626.41	24883.20	22185.27	548252.89	548252.89	0.00	0.00	0.00	0.00	4.57	0.00	0.12
463	29.00	34.00	626.41	24883.20	22185.27	548252.89	548252.89	0.00	0.00	0.00	0.00	4.49	0.00	0.12
464	30.00	34.00	626.41	24883.20	22185.27	548252.89	548252.89	0.00	0.00	0.00	0.00	4.42	0.00	0.12
465	31.00	34.00	626.41	24883.20	22185.27	548252.89	548252.89	0.00	0.00	0.00	0.00	4.36	0.00	0.12
466	32.00	34.00	626.41	24883.20	22185.27	548252.89	548252.89	0.00	0.00	0.00	0.00	4.29	0.00	0.12
467	33.00	34.00	626.41	24883.20	22185.27	548252.89	548252.89	0.00	0.00	0.00	0.00	4.23	0.00	0.12
468	34.00	34.00	626.41	24883.20	22185.27	548252.89	548252.89	0.00	0.00	0.00	0.00	4.16	0.00	0.12
469	35.00	34.00	626.41	24883.20	22185.27	548252.89	548252.89	0.00	0.00	0.00	0.00	4.10	0.00	0.12
470	35.00	35.00	626.41	24883.20	22185.27	548252.89	548252.89	0.00	0.00	0.00	0.00	4.21	0.00	0.12
471	36.00	35.00	626.41	24883.20	22185.27	548252.89	548252.89	0.00	0.00	0.00	0.00	4.15	0.00	0.12
472	36.00	36.00	626.41	24883.20	22185.27	548252.89	548252.89	0.00	0.00	0.00	0.00	4.25	0.00	0.12
473	37.00	36.00	626.41	24883.20	22185.27	548252.89	548252.89	0.00	0.00	0.00	0.00	4.19	0.00	0.12
474	38.00	36.00	626.41	24883.20	22185.27	548252.89	548252.89	0.00	0.00	0.00	0.00	4.13	0.00	0.12
475	39.00	36.00	626.41	24883.20	22185.27	548252.89	548252.89	0.00	0.00	0.00	0.00	4.08	0.00	0.12
476	40.00	36.00	626.41	24883.20	22185.27	548252.89	548252.89	0.00	0.00	0.00	0.00	4.03	0.00	0.12
477	41.00	36.00	626.41	24883.20	22185.27	548252.89	548252.89	0.00	0.00	0.00	0.00	3.97	0.00	0.12
478	42.00	36.00	626.41	24883.20	22185.27	548252.89	548252.89	0.00	0.00	0.00	0.00	3.92	0.00	0.12
479	42.00	37.00	626.41	24883.20	22185.27	548252.89	548252.89	0.00	0.00	0.00	0.00	4.02	0.00	0.12
480	43.00	37.00	626.41	24883.20	22185.27	548252.89	548252.89	0.00	0.00	0.00	0.00	3.97	0.00	0.12
481	43.00	38.00	626.41	24883.20	22185.27	548252.89	548252.89	0.00	0.00	0.00	0.00	4.06	0.00	0.12
482	44.00	38.00	626.41	24883.20	22185.27	548252.89	548252.89	0.00	0.00	0.00	0.00	4.01	0.00	0.12
483	45.00	38.00	626.41	24883.20	22185.27	548252.89	548252.89	0.00	0.00	0.00	0.00	3.96	0.00	0.12
484	46.00	38.00	626.41	24883.20	22185.27	548252.89	548252.89	0.00	0.00	0.00	0.00	3.91	0.00	0.12
485	47.00	38.00	626.41	24883.20	22185.27	548252.89	548252.89	0.00	0.00	0.00	0.00	3.87	0.00	0.12
486	48.00	38.00	626.41	24883.20	22185.27	548252.89	548252.89	0.00	0.00	0.00	0.00	3.82	0.00	0.12
487	48.00	39.00	626.41	24883.20	22185.27	548252.89	548252.89	0.00	0.00	0.00	0.00	3.91	0.00	0.12
488	49.00	39.00	626.41	24883.20	22185.27	548252.89	548252.89	0.00	0.00	0.00	0.00	3.87	0.00	0.12
489	50.00	39.00	626.41	24883.20	22185.27	548252.89	548252.89	0.00	0.00	0.00	0.00	3.82	0.00	0.12
490	51.00	39.00	626.41	24883.20	22185.27	548252.89	548252.89	0.00	0.00	0.00	0.00	3.78	0.00	0.12
491	52.00	39.00	626.41	24883.20	22185.27	548252.89	548252.89	0.00	0.00	0.00	0.00	3.74	0.00	0.12
492	52.00	40.00	626.41	24883.20	22185.27	548252.89	548252.89	0.00	0.00	0.00	0.00	3.85	0.00	0.12
493	53.00	40.00	626.41	24883.20	22185.27	548252.89	548252.89	0.00	0.00	0.00	0.00	3.81	0.00	0.12
494	54.00	40.00	626.41	24883.20	22185.27	548252.89	548252.89	0.00	0.00	0.00	0.00	3.77	0.00	0.12
495	55.00	40.00	626.41	24883.20	22185.27	548252.89	548252.89	0.00	0.00	0.00	0.00	3.73	0.00	0.12
496	56.00	40.00	626.41	24883.20	22185.27	548252.89	548252.89	0.00	0.00	0.00	0.00	3.69	0.00	0.12
497	57.00	40.00	626.41	24883.20	22185.27	548252.89	548252.89	0.00	0.00	0.00	0.00	3.65	0.00	0.12
498	58.00	40.00	626.41	24883.20	22185.27	548252.89	548252.89	0.00	0.00	0.00	0.00	3.62	0.00	0.12
499	59.00	40.00	626.41	24883.20	22185.27	548252.89	548252.89	0.00	0.00	0.00	0.00	3.58	0.00	0.12
500	60.00	40.00	626.41	24883.20	22185.27	548252.89	548252.89	0.00	0.00	0.00	0.00	3.54	0.00	0.12
501	61.00	40.00	532.45	29859.84	18857.48	548252.89	548252.89	0.00	0.00	0.00	0.00	3.51	0.00	0.12
502	62.00	40.00	532.45	29859.84	18857.48	548252.89	548252.89	0.00	0.00	0.00	0.00	3.47	0.00	0.12
503	63.00	40.00	532.45	29859.84	18857.48	548252.89	548252.89	0.00	0.00	0.00	0.00	3.44	0.00	0.12
504	64.00	40.00	532.45	29859.84	18857.48	548252.89	548252.89	0.00	0.00	0.00	0.00	3.41	0.00	0.12
505	65.00	40.00	532.45	29859.84	18857.48	548252.89	548252.89	0.00	0.00	0.00	0.00	3.38	0.00	0.12
506	65.00	41.00	532.45	29859.84	18857.48	548252.89	548252.89	0.00	0.00	0.00	0.00	3.37	0.00	0.12
507	66.00	41.00	532.45	29859.84	18857.48	548252.89	548252.89	0.00	0.00	0.00	0.00	3.34	0.00	0.12
508	67.00	41.00	532.45	29859.84	18857.48	548252.89	548252.89	0.00	0.00	0.00	0.00	3.31	0.00	0.12
509	68.00	41.00	532.45	29859.84	18857.48	548252.89	548252.89	0.00	0.00	0.00	0.00	3.28	0.00	0.12
510	69.00	41.00	532.45	29859.84	18857.48	548252.89	548252.89	0.00	0.00	0.00	0.00	3.25	0.00	0.12
511	70.00	41.00	532.45	29859.84	18857.48	548252.89	548252.89	0.00	0.00	0.00	0.00	3.22	0.00	0.12
512	70.00	42.00	532.45	29859.84	18857.48	548252.89	548252.89	0.00	0.00	0.00	0.00	3.21	0.00	0.12
513	71.00	42.00	532.45	29859.84	18857.48	548252.89	548252.89	0.00	0.00	0.00	0.00	3.19	0.00	0.12
514	72.00	42.00	532.45	29859.84	18857.48	548252.89	548252.89	0.00	0.00	0.00	0.00	3.16	0.00	0.12
515	72.00	43.00	532.45	29859.84	18857.48	548252.89	548252.89	0.00	0.00	0.00	0.00	3.23	0.00	0.12
516	73.00	43.00	532.45	29859.84	18857.48	548252.89	548252.89	0.00	0.00	0.00	0.00	3.20	0.00	0.12
517	74.00	43.00	532.45	29859.84	18857.48	548252.89	548252.89	0.00	0.00	0.00	0.00	3.18	0.00	0.12
518	25.00	43.00	532.45	29859.84	18857.48	548252.89	548252.89	0.00	0.00	0.00	0.00	5.46	0.00	0.12
519	25.00	44.00	532.45	29859.84	18857.48	548252.89	548252.89	0.00	0.00	0.00	0.00	5.59	0.00	0.12
520	25.00	45.00	532.45	29859.84	18857.48	548252.89	548252.89	0.00	0.00	0.00	0.00	5.67	0.00	0.12
521	26.00	45.00	532.45	29859.84	18857.48	548252.89	548252.89	0.00	0.00	0.00	0.00	5.59	0.00	0.12
522	27.00	45.00	532.45	29859.84	18857.48	548252.89	548252.89	0.00	0.00	0.00	0.00	5.52	0.00	0.12
523	28.00	45.00	532.45	29859.84	18857.48	548252.89	548252.89	0.00	0.00	0.00	0.00	5.44	0.00	0.12
524	29.00	45.00	532.45	29859.84	18857.48	548252.89	548252.89	0.00	0.00	0.00	0.00	5.37	0.00	0.12
525	29.00	46.00	532.45	29859.84	18857.48	548252.89	548252.89	0.00	0.00	0.00	0.00	5.45	0.00	0.12
526	29.00	47.00	532.45	29859.84	18857.48	548252.89	548252.89	0.00	0.00	0.00	0.00	5.53	0.00	0.12
527	29.00	48.00	532.45	29859.84	18857.48	548252.89	548252.89	0.00	0.00	0.00	0.00	5.49	0.00	0.12
528	29.00	49.00	532.45	29859.84	18857.48	548252.89	548252.89	0.00	0.00	0.00	0.00	5.57	0.00	0.12
529	30.00	49.00	532.45	29859.84	18857.48	548252.89	548252.89	0.00	0.00	0.00	0.00	5.50	0.00	0.12
530	31.00	49.00	532.45	29859.84	18857.48	548252.89	548252.89	0.00	0.00	0.00	0.00	5.43	0.00	0.12
531	32.00	49.00	532.45	29859.84	18857.48	548252.89	548252.89	0.00	0.00	0.00	0.00	5.36	0.00	0.12
532	32.00	50.00	532.45	29859.84	18857.48	548252.89	548252.89	0.00	0.00	0.00	0.00	5.43	0.00	0.12
533	32.00	51.00	532.45	29859.84	18857.48	548252.89	548252.89	0.00	0.00	0.00	0.00	5.51	0.00	0.12
534	33.00	51.00	532.45	29859.84	18857.48	548252.89	548252.89	0.00	0.00	0.00	0.00	5.44	0.00	0.12
535	33.00	52.00	532.45	29859.84	18857.48	548252.89	548252.89	0.00	0.00	0.00	0.00	5.41	0.00	0.12
536	34.00	52.00	532.45	29859.84	18857.48	548252.89	548252.89	0.00	0.00	0.00	0.00	5.35	0.00	0.12
537	35.00	52.00	532.45	29859.84	18857.48	548252.89	548252.89	0.00	0.00	0.00	0.00	5.29	0.00	0.12
538	36.00	52.00	532.45	29859.84	18857.48	548252.89	548252.89	0.00	0.00	0.00	0.00	5.23	0.00	0.12
539	37.00	52.00	532.45	29859.84	18857.48	548252.89	548252.89	0.00	0.00	0.00	0.00	5.17	0.00	0.12
540	38.00	52.00	532.45	29859.84	18857.48	548252.89	548252.89	0.00	0.00	0.00	0.00	5.11	0.00	0.12
541	39.00	52.00	532.45	29859.84	18857.48	548252.89	548252.89	0.00	0.00	0.00	0.00	5.05	0.00	0.12
542	40.00	52.00	532.45	29859.84	18857.48	548252.89	548252.89	0.00	0.00	0.00	0.00	5.00	0.00	0.12
543	41.00	52.00	532.45	29859.84	18857.48	548252.89	548252.89	0.00	0.00	0.00	0.00	4.94	0.00	0.12
544	42.00	52.00	532.45	29859.84	18857.48	548252.89	548252.89	0.00	0.00	0.00	0.00	4.89	0.00	0.12
545	43.00	52.00	532.45	29859.84	18857.48	548252.89	548252.89	0.00	0.00	0.00	0.00	4.84	0.00	0.12
546	44.00	52.00	532.45	29859.84	18857.48	548252.89	548252.89	0.00	0.00	0.00	0.00	4.79	0.00	0.12
547	45.00	52.00	532.45	29859.84	18857.48	548252.89	548252.89	0.00	0.00	0.00	0.00	4.74	0.00	0.12
548	46.00	52.00	532.45	29859.84	18857.48	548252.89	548252.89	0.00	0.00	0.00	0.00	4.69	0.00	0.12
549	47.00	52.00	532.45	29859.84	18857.48	548252.89	548252.89	0.00	0.00	0.00	0.00	4.64	0.00	0.12
550	48.00	52.00	532.45	29859.84	18857.48	548252.89	548252.89	0.00	0.00	0.00	0.00	4.60	0.00	0.12
551	49.00	52.00	532.45	29859.84	18857.48	548252.89	548252.89	0.00	0.00	0.00	0.00	4.55	0.00	0.12
552	50.00	52.00	532.45	29859.84	18857.48	548252.89	548252.89	0.00	0.00	0.00	0.00	4.51	0.00	0.12
553	51.00	52.00	532.45	29859.84	18857.48	548252.89	548252.89	0.00	0.00	0.00	0.00	4.46	0.00	0.12
554	52.00	52.00	532.45	29859.84	18857.48	548252.89	548252.89	0.00	0.00	0.00	0.00	4.42	0.00	0.12
555	53.00	52.00	532.45	29859.84	18857.48	548252.89	548252.89	0.00	0.00	0.00	0.00	4.38	0.00	0.12
556	53.00	53.00	532.45	29859.84	18857.48	548252.89	548252.89	0.00	0.00	0.00	0.00	4.45	0.00	0.12
557	54.00	53.00	532.45	29859.84	18857.48	548252.89	548252.89	0.00	0.00	0.00	0.00	4.40	0.00	0.12
558	55.00	53.00	532.45	29859.84	18857.48	548252.89	548252.89	0.00	0.00	0.00	0.00	4.36	0.00	0.12
559	55.00	54.00	532.45	29859.84	18857.48	548252.89	548252.89	0.00	0.00	0.00	0.00	4.43	0.00	0.12
560	56.00	54.00	532.45	29859.84	18857.48	548252.89	548252.89	0.00	0.00	0.00	0.00	4.39	0.00	0.12
561	57.00	54.00	532.45	29859.84	18857.48	548252.89	548252.89	0.00	0.00	0.00	0.00	4.35	0.00	0.12
562	58.00	54.00	532.45	29859.84	18857.48	548252.89	548252.89	0.00	0.00	0.00	0.00	4.31	0.00	0.12
563	59.00	54.00	532.45	29859.84	18857.48	548252.89	548252.89	0.00	0.00	0.00	0.00	4.27	0.00	0.12
564	60.00	54.00	532.45	29859.84	18857.48	548252.89	548252.89	0.00	0.00	0.00	0.00	4.23	0.00	0.12
565	61.00	54.00	532.45	29859.84	18857.48	548252.89	548252.89	0.00	0.00	0.00	0.00	4.20	0.00	0.12
566	62.00	54.00	532.45	29859.84	18857.48	548252.89	548252.89	0.00	0.00	0.00	0.00	4.16	0.00	0.12
567	63.00	54.00	532.45	29859.84	18857.48	548252.89	548252.89	0.00	0.00	0.00	0.00	4.13	0.00	0.12
568	64.00	54.00	532.45	29859.84	18857.48	548252.89	548252.89	0.00	0.00	0.00	0.00	4.09	0.00	0.12
569	64.00	55.00	532.45	29859.84	18857.48	548252.89	548252.89	0.00	0.00	0.00	0.00	4.15	0.00	0.12
570	65.00	55.00	532.45	29859.84	18857.48	548252.89	548252.89	0.00	0.00	0.00	0.00	4.12	0.00	0.12
571	65.00	56.00	532.45	29859.84	18857.48	548252.89	548252.89	0.00	0.00	0.00	0.00	4.18	0.00	0.12
572	66.00	56.00	532.45	29859.84	18857.48	548252.89	548252.89	0.00	0.00	0.00	0.00	4.14	0.00	0.12
573	67.00	56.00	532.45	29859.84	18857.48	548252.89	548252.89	0.00	0.00	0.00	0.00	4.11	0.00	0.12
574	67.00	57.00	532.45	29859.84	18857.48	548252.89	548252.89	0.00	0.00	0.00	0.00	4.17	0.00	0.12
575	68.00	57.00	532.45	29859.84	18857.48	548252.89	548252.89	0.00	0.00	0.00	0.00	4.14	0.00	0.12
576	69.00	57.00	532.45	29859.84	18857.48	548252.89	548252.89	0.00	0.00	0.00	0.00	4.10	0.00	0.12
577	70.00	57.00	532.45	29859.84	18857.48	548252.89	548252.89	0.00	0.00	0.00	0.00	4.07	0.00	0.12
578	71.00	57.00	532.45	29859.84	18857.48	548252.89	548252.89	0.00	0.00	0.00	0.00	4.04	0.00	0.12
579	72.00	57.00	532.45	29859.84	18857.48	548252.89	548252.89	0.00	0.00	0.00	0.00	4.01	0.00	0.12
580	73.00	57.00	532.45	29859.84	18857.48	548252.89	548252.89	0.00	0.00	0.00	0.00	3.98	0.00	0.12
581	74.00	57.00	532.45	29859.84	18857.48	548252.89	548252.89	0.00	0.00	0.00	0.00	3.95	0.00	0.12
582	25.00	57.00	532.45	29859.84	18857.48	548252.89	548252.89	0.00	0.00	0.00	0.00	6.30	0.00	0.12
583	26.00	57.00	532.45	29859.84	18857.48	548252.89	548252.89	0.00	0.00	0.00	0.00	6.23	0.00	0.12
584	27.00	57.00	532.45	29859.84	18857.48	548252.89	548252.89	0.00	0.00	0.00	0.00	6.15	0.00	0.12
585	27.00	58.00	532.45	29859.84	18857.48	548252.89	548252.89	0.00	0.00	0.00	0.00	6.22	0.00	0.12
586	28.00	58.00	532.45	29859.84	18857.48	548252.89	548252.89	0.00	0.00	0.00	0.00	6.14	0.00	0.12
587	28.00	59.00	532.45	29859.84	18857.48	548252.89	548252.89	0.00	0.00	0.00	0.00	6.11	0.00	0.12
588	28.00	60.00	532.45	29859.84	18857.48	548252.89	548252.89	0.00	0.00	0.00	0.00	6.07	0.00	0.12
589	29.00	60.00	532.45	29859.84	18857.48	548252.89	548252.89	0.00	0.00	0.00	0.00	6.00	0.00	0.12
590	30.00	60.00	532.45	29859.84	18857.48	548252.89	548252.89	0.00	0.00	0.00	0.00	5.93	0.00	0.12
591	31.00	60.00	532.45	29859.84	18857.48	548252.89	548252.89	0.00	0.00	0.00	0.00	5.87	0.00	0.12
592	32.00	60.00	532.45	29859.84	18857.48	548252.89	548252.89	0.00	0.00	0.00	0.00	5.80	0.00	0.12
593	33.00	60.00	532.45	29859.84	18857.48	548252.89	548252.89	0.00	0.00	0.00	0.00	5.74	0.00	0.12
594	34.00	60.00	532.45	29859.84	18857.48	548252.89	548252.89	0.00	0.00	0.00	0.00	5.68	0.00	0.12
595	34.00	61.00	532.45	29859.84	18857.48	548252.89	548252.89	0.00	0.00	0.00	0.00	5.65	0.00	0.12
596	35.00	61.00	532.45	29859.84	18857.48	548252.89	548252.89	0.00	0.00	0.00	0.00	5.59	0.00	0.12
597	36.00	61.00	532.45	29859.84	18857.48	548252.89	548252.89	0.00	0.00	0.00	0.00	5.53	0.00	0.12
598	37.00	61.00	532.45	29859.84	18857.48	548252.89	548252.89	0.00	0.00	0.00	0.00	5.48	0.00	0.12
599	37.00	62.00	532.45	29859.84	18857.48	548252.89	548252.89	0.00	0.00	0.00	0.00	5.45	0.00	0.12
600	38.00	62.00	532.45	29859.84	18857.48	548252.89	548252.89	0.00	0.00	0.00	0.00	5.40	0.00	0.12
601	38.00	63.00	452.58	35831.81	16028.85	548252.89	548252.89	0.00	0.00	0.00	0.00	5.46	0.00	0.12
602	39.00	63.00	452.58	35831.81	16028.85	548252.89	548252.89	0.00	0.00	0.00	0.00	5.40	0.00	0.12
603	40.00	63.00	452.58	35831.81	16028.85	548252.89	548252.89	0.00	0.00	0.00	0.00	5.35	0.00	0.12
604	41.00	63.00	452.58	35831.81	16028.85	548252.89	548252.89	0.00	0.00	0.00	0.00	5.30	0.00	0.12
605	42.00	63.00	452.58	35831.81	16028.85	548252.89	548252.89	0.00	0.00	0.00	0.00	5.25	0.00	0.12
606	43.00	63.00	452.58	35831.81	16028.85	548252.89	548252.89	0.00	0.00	0.00	0.00	5.20	0.00	0.12
607	44.00	63.00	452.58	35831.81	16028.85	548252.89	548252.89	0.00	0.00	0.00	0.00	5.15	0.00	0.12
608	45.00	63.00	452.58	35831.81	16028.85	548252.89	548252.89	0.00	0.00	0.00	0.00	5.10	0.00	0.12
609	46.00	63.00	452.58	35831.81	16028.85	548252.89	548252.89	0.00	0.00	0.00	0.00	5.06	0.00	0.12
610	47.00	63.00	452.58	35831.81	16028.85	548252.89	548252.89	0.00	0.00	0.00	0.00	5.01	0.00	0.12
611	48.00	63.00	452.58	35831.81	16028.85	548252.89	548252.89	0.00	0.00	0.00	0.00	4.96	0.00	0.12
612	48.00	64.00	452.58	35831.81	16028.85	548252.89	548252.89	0.00	0.00	0.00	0.00	4.95	0.00	0.12
613	49.00	64.00	452.58	35831.81	16028.85	548252.89	548252.89	0.00	0.00	0.00	0.00	4.90	0.00	0.12
614	49.00	65.00	452.58	35831.81	16028.85	548252.89	548252.89	0.00	0.00	0.00	0.00	4.96	0.00	0.12
615	50.00	65.00	452.58	35831.81	16028.85	548252.89	548252.89	0.00	0.00	0.00	0.00	4.92	0.00	0.12
616	51.00	65.00	452.58	35831.81	16028.85	548252.89	548252.89	0.00	0.00	0.00	0.00	4.87	0.00	0.12
617	52.00	65.00	452.58	35831.81	16028.85	548252.89	548252.89	0.00	0.00	0.00	0.00	4.83	0.00	0.12
618	53.00	65.00	452.58	35831.81	16028.85	548252.89	548252.89	0.00	0.00	0.00	0.00	4.79	0.00	0.12
619	54.00	65.00	452.58	35831.81	16028.85	548252.89	548252.89	0.00	0.00	0.00	0.00	4.75	0.00	0.12
620	55.00	65.00	452.58	35831.81	16028.85	548252.89	548252.89	0.00	0.00	0.00	0.00	4.71	0.00	0.12
621	56.00	65.00	452.58	35831.81	16028.85	548252.89	548252.89	0.00	0.00	0.00	0.00	4.67	0.00	0.12
622	57.00	65.00	452.58	35831.81	16028.85	548252.89	548252.89	0.00	0.00	0.00	0.00	4.63	0.00	0.12
623	58.00	65.00	452.58	35831.81	16028.85	548252.89	548252.89	0.00	0.00	0.00	0.00	4.60	0.00	0.12
624	58.00	66.00	452.58	35831.81	16028.85	548252.89	548252.89	0.00	0.00	0.00	0.00	4.65	0.00	0.12
625	59.00	66.00	452.58	35831.81	16028.85	548252.89	548252.89	0.00	0.00	0.00	0.00	4.61	0.00	0.12
626	59.00	67.00	452.58	35831.81	16028.85	548252.89	548252.89	0.00	0.00	0.00	0.79	4.69	0.00	0.12
627	60.00	67.00	452.58	35831.81	16028.85	548252.89	548252.89	0.00	0.00	0.00	0.79	4.65	0.00	0.12
628	61.00	67.00	452.58	35831.81	16028.85	548252.89	548252.89	0.00	0.00	0.00	0.78	4.62	0.00	0.12
629	62.00	67.00	452.58	35831.81	16028.85	548252.89	548252.89	0.00	0.00	0.00	0.77	4.58	0.00	0.12
630	62.00	68.00	452.58	35831.81	16028.85	548252.89	548252.89	0.00	0.00	0.00	0.77	4.57	0.00	0.12
631	63.00	68.00	452.58	35831.81	16028.85	548252.89	548252.89	0.00	0.00	0.00	0.76	4.53	0.00	0.12
632	64.00	68.00	452.58	35831.81	16028.85	548252.89	548252.89	0.00	0.00	0.00	0.76	4.50	0.00	0.12
633	65.00	68.00	452.58	35831.81	16028.85	548252.89	548252.89	0.00	0.00	0.00	0.75	4.46	0.00	0.12
634	66.00	68.00	452.58	35831.81	16028.85	548252.89	548252.89	0.00	0.00	0.00	0.74	4.43	0.00	0.12
635	67.00	68.00	452.58	35831.81	16028.85	548252.89	548252.89	0.00	0.00	0.00	0.74	4.40	0.00	0.12
636	68.00	68.00	452.58	35831.81	16028.85	548252.89	548252.89	0.00	0.00	0.00	0.73	4.37	0.00	0.12
637	69.00	68.00	452.58	35831.81	16028.85	548252.89	548252.89	0.00	0.00	0.00	0.73	4.33	0.00	0.12
638	70.00	68.00	452.58	35831.81	16028.85	548252.89	548252.89	0.00	0.00	0.00	0.72	4.30	0.00	0.12
639	71.00	68.00	452.58	35831.81	16028.85	548252.89	548252.89	0.00	0.00	0.00	0.72	4.27	0.00	0.12
640	71.00	69.00	452.58	35831.81	16028.85	548252.89	548252.89	0.00	0.00	0.00	0.71	4.32	0.00	0.12
641	72.00	69.00	452.58	35831.81	16028.85	548252.89	548252.89	0.00	0.00	0.00	0.71	4.29	0.00	0.12
642	73.00	69.00	452.58	35831.81	16028.85	548252.89	548252.89	0.00	0.00	0.00	0.70	4.26	0.00	0.12
643	74.00	69.00	452.58	35831.81	16028.85	548252.89	548252.89	0.00	0.00	0.00	0.70	4.23	0.00	0.12
644	25.00	69.00	452.58	35831.81	16028.85	548252.89	548252.89	0.00	0.00	0.00	1.06	6.44	0.00	0.12
645	25.00	70.00	452.58	35831.81	16028.85	548252.89	548252.89	0.00	0.00	0.00	1.05	6.40	0.00	0.12
646	25.00	71.00	452.58	35831.81	16028.85	548252.89	548252.89	0.00	0.00	0.00	1.04	6.45	0.00	0.12
647	26.00	71.00	452.58	35831.81	16028.85	548252.89	548252.89	0.00	0.00	0.00	1.03	6.39	0.00	0.12
648	26.00	72.00	452.58	35831.81	16028.85	548252.89	548252.89	0.00	0.00	0.00	1.02	6.55	0.00	0.12
649	27.00	72.00	452.58	35831.81	16028.85	548252.89	548252.89	0.00	0.00	0.00	1.01	6.49	0.00	0.12
650	28.00	72.00	452.58	35831.81	16028.85	548252.89	548252.89	0.00	0.00	0.00	1.00	6.42	0.00	0.12
651	29.00	72.00	452.58	35831.81	16028.85	548252.89	548252.89	0.00	0.00	0.00	0.99	6.36	0.00	0.12
652	29.00	73.00	452.58	35831.81	16028.85	548252.89	548252.89	0.00	0.00	0.00	0.98	6.32	0.00	0.12
653	30.00	73.00	452.58	35831.81	16028.85	548252.89	548252.89	0.00	0.00	0.00	0.97	6.26	0.00	0.12
654	30.00	74.00	452.58	35831.81	16028.85	548252.89	548252.89	0.00	0.00	0.00	0.96	6.31	0.00	0.12
655	31.00	74.00	452.58	35831.81	16028.85	548252.89	548252.89	0.00	0.00	0.00	0.95	6.25	0.00	0.12
656	32.00	74.00	452.58	35831.81	16028.85	548252.89	548252.89	0.00	0.00	0.00	0.94	6.19	0.00	0.12
657	33.00	74.00	452.58	35831.81	16028.85	548252.89	548252.89	0.00	0.00	0.00	0.93	6.14	0.00	0.12
658	33.00	25.00	452.58	35831.81	16028.85	548252.89	548252.89	0.00	0.00	0.00	0.00	3.22	0.00	0.12
659	33.00	26.00	452.58	35831.81	16028.85	548252.89	548252.89	0.00	0.00	0.00	0.00	3.35	0.00	0.12
660	34.00	26.00	452.58	35831.81	16028.85	548252.89	548252.89	0.00	0.00	0.00	0.00	3.30	0.00	0.12
661	35.00	26.00	452.58	35831.81	16028.85	548252.89	548252.89	0.00	0.00	0.00	0.00	3.24	0.00	0.12
662	36.00	26.00	452.58	35831.81	16028.85	548252.89	548252.89	0.00	0.00	0.00	0.00	3.19	0.00	0.12
663	37.00	26.00	452.58	35831.81	16028.85	548252.89	548252.89	0.00	0.00	0.00	0.00	3.14	0.00	0.12
664	37.00	27.00	452.58	35831.81	16028.85	548252.89	548252.89	0.00	0.00	0.00	0.00	3.27	0.00	0.12
665	38.00	27.00	452.58	35831.81	16028.85	548252.89	548252.89	0.00	0.00	0.00	0.00	3.22	0.00	0.12
666	39.00	27.00	452.58	35831.81	16028.85	548252.89	548252.89	0.00	0.00	0.00	0.00	3.17	0.00	0.12
667	40.00	27.00	452.58	35831.81	16028.85	548252.89	548252.89	0.00	0.00	0.00	0.00	3.12	0.00	0.12
668	41.00	27.00	452.58	35831.81	16028.85	548252.89	548252.89	0.00	0.00	0.00	0.00	3.08	0.00	0.12
669	42.00	27.00	452.58	35831.81	16028.85	548252.89	548252.89	0.00	0.00	0.00	0.00	3.03	0.00	0.12
670	43.00	27.00	452.58	35831.81	16028.85	548252.89	548252.89	0.00	0.00	0.00	0.00	2.99	0.00	0.12
671	44.00	27.00	452.58	35831.81	16028.85	548252.89	548252.89	0.00	0.00	0.00	0.00	2.95	0.00	0.12
672	45.00	27.00	452.58	35831.81	16028.85	548252.89	548252.89	0.00	0.00	0.00	0.00	2.91	0.00	0.12
673	46.00	27.00	452.58	35831.81	16028.85	548252.89	548252.89	0.00	0.00	0.00	0.00	2.87	0.00	0.12
674	47.00	27.00	452.58	35831.81	16028.85	548252.89	548252.89	0.00	0.00	0.00	0.00	2.83	0.00	0.12
675	47.00	28.00	452.58	35831.81	16028.85	548252.89	548252.89	0.00	0.00	0.00	0.00	2.94	0.00	0.12
676	48.00	28.00	452.58	35831.81	16028.85	548252.89	548252.89	0.00	0.00	0.00	0.00	2.90	0.00	0.12
677	49.00	28.00	452.58	35831.81	16028.85	548252.89	548252.89	0.00	0.00	0.00	0.00	2.87	0.00	0.12
678	50.00	28.00	452.58	35831.81	16028.85	548252.89	548252.89	0.00	0.00	0.00	0.00	2.83	0.00	0.12
679	51.00	28.00	452.58	35831.81	16028.85	548252.89	548252.89	0.00	0.00	0.00	0.00	2.79	0.00	0.12
680	51.00	29.00	452.58	35831.81	16028.85	548252.89	548252.89	0.00	0.00	0.00	0.27	2.90	0.00	0.12
681	52.00	29.00	452.58	35831.81	16028.85	548252.89	548252.89	0.00	0.00	0.00	0.27	2.87	0.00	0.12
682	52.00	30.00	452.58	35831.81	16028.85	548252.89	548252.89	0.00	0.00	0.00	0.27	2.87	0.00	0.12
683	53.00	30.00	452.58	35831.81	16028.85	548252.89	548252.89	0.00	0.00	0.00	0.26	2.83	0.00	0.12
684	54.00	30.00	452.58	35831.81	16028.85	548252.89	548252.89	0.00	0.00	0.00	0.26	2.80	0.00	0.12
685	55.00	30.00	452.58	35831.81	16028.85	548252.89	548252.89	0.00	0.00	0.00	0.26	2.76	0.00	0.12
686	56.00	30.00	452.58	35831.81	16028.85	548252.89	548252.89	0.00	0.00	0.00	0.25	2.73	0.00	0.12
687	57.00	30.00	452.58	35831.81	16028.85	548252.89	548252.89	0.00	0.00	0.00	0.25	2.70	0.00	0.12
688	58.00	30.00	452.58	35831.81	16028.85	548252.89	548252.89	0.00	0.00	0.00	0.25	2.67	0.00	0.12
689	59.00	30.00	452.58	35831.81	16028.85	548252.89	548252.89	0.00	0.00	0.00	0.24	2.64	0.00	0.12
690	60.00	30.00	452.58	35831.81	16028.85	548252.89	548252.89	0.00	0.00	0.00	0.24	2.61	0.00	0.12
691	61.00	30.00	452.58	35831.81	16028.85	548252.89	548252.89	0.00	0.00	0.00	0.24	2.58	0.00	0.12
692	62.00	30.00	452.58	35831.81	16028.85	548252.89	548252.89	0.00	0.00	0.00	0.24	2.55	0.00	0.12
693	62.00	31.00	452.58	35831.81	16028.85	548252.89	548252.89	0.00	0.00	0.00	0.23	2.56	0.00	0.12
694	63.00	31.00	452.58	35831.81	16028.85	548252.89	548252.89	0.00	0.00	0.00	0.23	2.53	0.00	0.12
695	63.00	32.00	452.58	35831.81	16028.85	548252.89	548252.89	0.00	0.00	0.00	0.23	2.62	0.00	0.12
696	64.00	32.00	452.58	35831.81	16028.85	548252.89	548252.89	0.00	0.00	0.00	0.23	2.60	0.00	0.12
697	65.00	32.00	452.58	35831.81	16028.85	548252.89	548252.89	0.00	0.00	0.00	0.22	2.57	0.00	0.12
698	65.00	33.00	452.58	35831.81	16028.85	548252.89	548252.89	0.00	0.00	0.00	0.22	2.66	0.00	0.12
699	66.00	33.00	452.58	35831.81	16028.85	548252.89	548252.89	0.00	0.00	0.00	0.22	2.63	0.00	0.12
700	67.00	33.00	452.58	35831.81	16028.85	548252.89	548252.89	0.00	0.00	0.00	0.22	2.61	0.00	0.12
701	68.00	33.00	543.10	42998.17	13624.53	548252.89	548252.89	0.00	0.00	0.00	0.22	2.58	0.00	0.12
702	69.00	33.00	543.10	42998.17	13624.53	548252.89	548252.89	0.00	0.00	0.00	0.21	2.56	0.00	0.12
703	70.00	33.00	543.10	42998.17	13624.53	548252.89	548252.89	0.00	0.00	0.00	0.21	2.53	0.00	0.12
704	71.00	33.00	543.10	42998.17	13624.53	548252.89	548252.89	0.00	0.00	0.00	0.21	2.51	0.00	0.12
705	72.00	33.00	543.10	42998.17	13624.53	548252.89	548252.89	0.00	0.00	0.00	0.21	2.48	0.00	0.12
706	73.00	33.00	543.10	42998.17	13624.53	548252.89	548252.89	0.00	0.00	0.00	0.21	2.46	0.00	0.12
707	74.00	33.00	543.10	42998.17	13624.53	548252.89	548252.89	0.00	0.00	0.00	0.20	2.44	0.00	0.12
708	25.00	33.00	543.10	42998.17	13624.53	548252.89	548252.89	0.00	0.00	0.00	0.38	4.49	0.00	0.12
709	26.00	33.00	543.10	42998.17	13624.53	548252.89	548252.89	0.00	0.00	0.00	0.37	4.42	0.00	0.12
710	27.00	33.00	543.10	42998.17	13624.53	548252.89	548252.89	0.00	0.00	0.00	0.36	4.34	0.00	0.12
711	28.00	33.00	543.10	42998.17	13624.53	548252.89	548252.89	0.00	0.00	0.00	0.36	4.27	0.00	0.12
712	28.00	34.00	543.10	42998.17	13624.53	548252.89	548252.89	0.00	0.00	0.00	0.35	4.39	0.00	0.12
713	29.00	34.00	543.10	42998.17	13624.53	548252.89	548252.89	0.00	0.00	0.00	0.35	4.32	0.00	0.12
714	29.00	35.00	543.10	42998.17	13624.53	548252.89	548252.89	0.00	0.00	0.00	0.34	4.30	0.00	0.12
715	30.00	35.00	543.10	42998.17	13624.53	548252.89	548252.89	0.00	0.00	0.00	0.34	4.23	0.00	0.12
716	31.00	35.00	543.10	42998.17	13624.53	548252.89	548252.89	0.00	0.00	0.00	0.33	4.16	0.00	0.12
717	32.00	35.00	543.10	42998.17	13624.53	548252.89	548252.89	0.00	0.00	0.00	0.33	4.10	0.00	0.12
718	33.00	35.00	543.10	42998.17	13624.53	548252.89	548252.89	0.00	0.00	0.00	0.32	4.04	0.00	0.12
719	34.00	35.00	543.10	42998.17	13624.53	548252.89	548252.89	0.00	0.00	0.00	0.32	3.98	0.00	0.12
720	35.00	35.00	543.10	42998.17	13624.53	548252.89	548252.89	0.00	0.00	0.00	0.31	3.93	0.00	0.12
721	36.00	35.00	543.10	42998.17	13624.53	548252.89	548252.89	0.00	0.00	0.00	0.31	3.87	0.00	0.12
722	37.00	35.00	543.10	42998.17	13624.53	548252.89	548252.89	0.00	0.00	0.00	0.30	3.82	0.00	0.12
723	38.00	35.00	543.10	42998.17	13624.53	548252.89	548252.89	0.00	0.00	0.00	0.30	3.77	0.00	0.12
724	39.00	35.00	543.10	42998.17	13624.53	548252.89	548252.89	0.00	0.00	0.00	0.29	3.71	0.00	0.12
725	40.00	35.00	543.10	42998.17	13624.53	548252.89	548252.89	0.00	0.00	0.00	0.29	3.67	0.00	0.12
726	41.00	35.00	543.10	42998.17	13624.53	548252.89	548252.89	0.00	0.00	0.00	0.29	3.62	0.00	0.12
727	42.00	35.00	543.10	42998.17	13624.53	548252.89	548252.89	0.00	0.00	0.00	0.28	3.57	0.00	0.12
728	43.00	35.00	543.10	42998.17	13624.53	548252.89	548252.89	0.00	0.00	0.00	0.28	3.52	0.00	0.12
729	44.00	35.00	543.10	42998.17	13624.53	548252.89	548252.89	0.00	0.00	0.00	0.28	3.48	0.00	0.12
730	45.00	35.00	543.10	42998.17	13624.53	548252.89	548252.89	0.00	0.00	0.00	0.27	3.44	0.00	0.12
731	45.00	36.00	543.10	42998.17	13624.53	548252.89	548252.89	0.00	0.00	0.00	0.27	3.53	0.00	0.12
732	46.00	36.00	543.10	42998.17	13624.53	548252.89	548252.89	0.00	0.00	0.00	0.27	3.49	0.00	0.12
733	47.00	36.00	543.10	42998.17	13624.53	548252.89	548252.89	0.00	0.00	0.00	0.26	3.45	0.00	0.12
734	47.00	37.00	543.10	42998.17	13624.53	548252.89	548252.89	0.00	0.00	0.00	0.26	3.54	0.00	0.12
735	48.00	37.00	543.10	42998.17	13624.53	548252.89	548252.89	0.00	0.00	0.00	0.26	3.50	0.00	0.12
736	49.00	37.00	543.10	42998.17	13624.53	548252.89	548252.89	0.00	0.00	0.00	0.25	3.46	0.00	0.12
737	50.00	37.00	543.10	42998.17	13624.53	548252.89	548252.89	0.00	0.00	0.00	0.25	3.42	0.00	0.12
738	51.00	37.00	543.10	42998.17	13624.53	548252.89	548252.89	0.00	0.00	0.00	0.25	3.38	0.00	0.12
739	52.00	37.00	543.10	42998.17	13624.53	548252.89	548252.89	0.00	0.00	0.00	0.24	3.35	0.00	0.12
740	53.00	37.00	543.10	42998.17	13624.53	548252.89	548252.89	0.00	0.00	0.00	0.24	3.31	0.00	0.12
741	53.00	38.00	543.10	42998.17	13624.53	548252.89	548252.89	0.00	0.00	0.00	0.24	3.30	0.00	0.12
742	53.00	39.00	543.10	42998.17	13624.53	548252.89	548252.89	0.00	0.00	0.00	0.24	3.30	0.00	0.12
743	53.00	40.00	543.10	42998.17	13624.53	548252.89	548252.89	0.00	0.00	0.00	0.23	3.29	0.00	0.12
744	54.00	40.00	543.10	42998.17	13624.53	548252.89	548252.89	0.00	0.00	0.00	0.23	3.26	0.00	0.12
745	55.00	40.00	543.10	42998.17	13624.53	548252.89	548252.89	0.00	0.00	0.00	0.23	3.22	0.00	0.12
746	56.00	40.00	543.10	42998.17	13624.53	548252.89	548252.89	0.00	0.00	0.00	0.23	3.19	0.00	0.12
747	57.00	40.00	543.10	42998.17	13624.53	548252.89	548252.89	0.00	0.00	0.00	0.22	3.16	0.00	0.12
748	58.00	40.00	543.10	42998.17	13624.53	548252.89	548252.89	0.00	0.00	0.00	0.22	3.12	0.00	0.12
749	58.00	41.00	543.10	42998.17	13624.53	548252.89	548252.89	0.00	0.00	0.00	0.22	3.21	0.00	0.12
750	59.00	41.00	543.10	42998.17	13624.53	548252.89	548252.89	0.00	0.00	0.00	0.22	3.18	0.00	0.12
751	60.00	41.00	543.10	42998.17	13624.53	548252.89	548252.89	0.00	0.00	0.00	0.22	3.14	0.00	0.12
752	61.00	41.00	543.10	42998.17	13624.53	548252.89	548252.89	0.00	0.00	0.00	0.21	3.11	0.00	0.12
753	62.00	41.00	543.10	42998.17	13624.53	548252.89	548252.89	0.00	0.00	0.00	0.21	3.08	0.00	0.12
754	63.00	41.00	543.10	42998.17	13624.53	548252.89	548252.89	0.00	0.00	0.00	0.21	3.05	0.00	0.12
755	64.00	41.00	543.10	42998.17	13624.53	548252.89	548252.89	0.00	0.00	0.00	0.21	3.02	0.00	0.12
756	65.00	41.00	543.10	42998.17	13624.53	548252.89	548252.89	0.00	0.00	0.00	0.21	3.00	0.00	0.12
757	66.00	41.00	543.10	42998.17	13624.53	548252.89	548252.89	0.00	0.00	0.00	0.20	2.97	0.00	0.12
758	67.00	41.00	543.10	42998.17	13624.53	548252.89	548252.89	0.00	0.00	0.00	0.20	2.94	0.00	0.12
759	68.00	41.00	543.10	42998.17	13624.53	548252.89	548252.89	0.00	0.00	0.00	0.20	2.91	0.00	0.12
760	69.00	41.00	543.10	42998.17	13624.53	548252.89	548252.89	0.00	0.00	0.00	0.20	2.89	0.00	0.12
761	69.00	42.00	543.10	42998.17	13624.53	548252.89	548252.89	0.00	0.00	0.00	0.20	2.89	0.00	0.12
762	69.00	43.00	543.10	42998.17	13624.53	548252.89	548252.89	0.00	0.00	0.00	0.19	2.89	0.00	0.12
763	69.00	44.00	543.10	42998.17	13624.53	548252.89	548252.89	0.00	0.00	0.00	0.19	2.96	0.00	0.12
764	70.00	44.00	543.10	42998.17	13624.53	548252.89	548252.89	0.00	0.00	0.00	0.19	2.94	0.00	0.12
765	71.00	44.00	543.10	42998.17	13624.53	548252.89	548252.89	0.00	0.00	0.00	0.19	2.91	0.00	0.12
766	71.00	45.00	543.10	42998.17	13624.53	548252.89	548252.89	0.00	0.00	0.00	0.19	2.98	0.00	0.12
767	71.00	46.00	543.10	42998.17	13624.53	548252.89	548252.89	0.00	0.00	0.00	0.19	3.06	0.00	0.12
768	72.00	46.00	543.10	42998.17	13624.53	548252.89	548252.89	0.00	0.00	0.00	0.18	3.03	0.00	0.12
769	73.00	46.00	543.10	42998.17	13624.53	548252.89	548252.89	0.00	0.00	0.00	0.18	3.00	0.00	0.12
770	74.00	46.00	543.10	42998.17	13624.53	548252.89	548252.89	0.00	0.00	0.00	0.18	2.98	0.00	0.12
771	25.00	46.00	543.10	42998.17	13624.53	548252.89	548252.89	0.00	0.00	0.00	0.31	5.04	0.00	0.12
772	26.00	46.00	543.10	42998.17	13624.53	548252.89	548252.89	0.00	0.00	0.00	0.30	4.97	0.00	0.12
773	27.00	46.00	543.10	42998.17	13624.53	548252.89	548252.89	0.00	0.00	0.00	0.30	4.90	0.00	0.12
774	28.00	46.00	543.10	42998.17	13624.53	548252.89	548252.89	0.00	0.00	0.00	0.29	4.83	0.00	0.12
775	29.00	46.00	543.10	42998.17	13624.53	548252.89	548252.89	0.00	0.00	0.00	0.29	4.77	0.00	0.12
776	30.00	46.00	543.10	42998.17	13624.53	548252.89	548252.89	0.00	0.00	0.00	0.29	4.70	0.00	0.12
777	31.00	46.00	543.10	42998.17	13624.53	548252.89	548252.89	0.00	0.00	0.00	0.28	4.64	0.00	0.12
778	32.00	46.00	543.10	42998.17	13624.53	548252.89	548252.89	0.00	0.00	0.00	0.28	4.58	0.00	0.12
779	33.00	46.00	543.10	42998.17	13624.53	548252.89	548252.89	0.00	0.00	0.00	0.28	4.53	0.00	0.12
780	34.00	46.00	543.10	42998.17	13624.53	548252.89	548252.89	0.00	0.00	0.00	0.27	4.47	0.00	0.12
781	35.00	46.00	543.10	42998.17	13624.53	548252.89	548252.89	0.00	0.00	0.00	0.27	4.41	0.00	0.12
782	36.00	46.00	543.10	42998.17	13624.53	548252.89	548252.89	0.00	0.00	0.00	0.27	4.36	0.00	0.12
783	37.00	46.00	543.10	42998.17	13624.53	548252.89	548252.89	0.00	0.00	0.00	0.26	4.31	0.00	0.12
784	37.00	47.00	543.10	42998.17	13624.53	548252.89	548252.89	0.00	0.00	0.00	0.26	4.39	0.00	0.12
785	38.00	47.00	543.10	42998.17	13624.53	548252.89	548252.89	0.00	0.00	0.00	0.26	4.34	0.00	0.12
786	39.00	47.00	543.10	42998.17	13624.53	548252.89	548252.89	0.00	0.00	0.00	0.25	4.29	0.00	0.12
787	40.00	47.00	543.10	42998.17	13624.53	548252.89	548252.89	0.00	0.00	0.00	0.25	4.24	0.00	0.12
788	41.00	47.00	543.10	42998.17	13624.53	548252.89	548252.89	0.00	0.00	0.00	0.25	4.19	0.00	0.12
789	41.00	48.00	543.10	42998.17	13624.53	548252.89	548252.89	0.00	0.00	0.00	0.24	4.27	0.00	0.12
790	42.00	48.00	543.10	42998.17	13624.53	548252.89	548252.89	0.00	0.00	0.00	0.24	4.23	0.00	0.12
791	43.00	48.00	543.10	42998.17	13624.53	548252.89	548252.89	0.00	0.00	0.00	0.24	4.18	0.00	0.12
792	44.00	48.00	543.10	42998.17	13624.53	548252.89	548252.89	0.00	0.00	0.00	0.24	4.13	0.00	0.12
793	45.00	48.00	543.10	42998.17	13624.53	548252.89	548252.89	0.00	0.00	0.00	0.23	4.09	0.00	0.12
794	46.00	48.00	543.10	42998.17	13624.53	548252.89	548252.89	0.00	0.00	0.00	0.23	4.05	0.00	0.12
795	47.00	48.00	543.10	42998.17	13624.53	548252.89	548252.89	0.00	0.00	0.00	0.23	4.00	0.00	0.12
796	48.00	48.00	543.10	42998.17	13624.53	548252.89	548252.89	0.00	0.00	0.00	0.23	3.96	0.00	0.12
797	49.00	48.00	543.10	42998.17	13624.53	548252.89	548252.89	0.00	0.00	0.00	0.22	3.92	0.00	0.12
798	50.00	48.00	543.10	42998.17	13624.53	548252.89	548252.89	0.00	0.00	0.00	0.22	3.88	0.00	0.12
799	51.00	48.00	543.10	42998.17	13624.53	548252.89	548252.89	0.00	0.00	0.00	0.22	3.84	0.00	0.12
800	55.00	45.00	543.10	42998.17	13624.53	548252.89	548252.89	0.00	0.00	0.00	0.22	3.77	0.00	0.12
801	56.00	45.00	651.71	51597.80	11580.85	548252.89	548252.89	0.00	0.00	0.00	0.22	3.74	0.00	0.12
802	57.00	45.00	651.71	51597.80	11580.85	548252.89	548252.89	0.00	0.00	0.00	0.21	3.70	0.00	0.12
803	58.00	45.00	651.71	51597.80	11580.85	548252.89	548252.89	0.00	0.00	0.00	0.21	3.66	0.00	0.12
804	59.00	45.00	651.71	51597.80	11580.85	548252.89	548252.89	0.00	0.00	0.00	0.21	3.63	0.00	0.12
805	60.00	45.00	651.71	51597.80	11580.85	548252.89	548252.89	0.00	0.00	0.00	0.21	3.59	0.00	0.12
806	61.00	45.00	651.71	51597.80	11580.85	548252.89	548252.89	0.00	0.00	0.00	0.21	3.56	0.00	0.12
807	62.00	45.00	651.71	51597.80	11580.85	548252.89	548252.89	0.00	0.00	0.00	0.20	3.53	0.00	0.12
808	62.00	46.00	651.71	51597.80	11580.85	548252.89	548252.89	0.00	0.00	0.00	0.20	3.52	0.00	0.12
809	62.00	47.00	651.71	51597.80	11580.85	548252.89	548252.89	0.00	0.00	0.00	0.20	3.67	0.00	0.12
810	63.00	47.00	651.71	51597.80	11580.85	548252.89	548252.89	0.00	0.00	0.00	0.20	3.64	0.00	0.12
811	64.00	47.00	651.71	51597.80	11580.85	548252.89	548252.89	0.00	0.00	0.00	0.20	3.60	0.00	0.12
812	65.00	47.00	651.71	51597.80	11580.85	548252.89	548252.89	0.00	0.00	0.00	0.19	3.57	0.00	0.12
813	66.00	47.00	651.71	51597.80	11580.85	548252.89	548252.89	0.00	0.00	0.00	0.19	3.54	0.00	0.12
814	67.00	47.00	651.71	51597.80	11580.85	548252.89	548252.89	0.00	0.00	0.00	0.19	3.51	0.00	0.12
815	68.00	47.00	651.71	51597.80	11580.85	548252.89	548252.89	0.00	0.00	0.00	0.19	3.48	0.00	0.12
816	69.00	47.00	651.71	51597.80	11580.85	548252.89	548252.89	0.00	0.00	0.00	0.19	3.45	0.00	0.12
817	70.00	47.00	651.71	51597.80	11580.85	548252.89	548252.89	0.00	0.00	0.00	0.19	3.42	0.00	0.12
818	71.00	47.00	651.71	51597.80	11580.85	548252.89	548252.89	0.00	0.00	0.00	0.18	3.39	0.00	0.12
819	72.00	47.00	651.71	51597.80	11580.85	548252.89	548252.89	0.00	0.00	0.00	0.18	3.36	0.00	0.12
820	72.00	48.00	651.71	51597.80	11580.85	548252.89	548252.89	0.00	0.00	0.00	0.18	3.43	0.00	0.12
821	73.00	48.00	651.71	51597.80	11580.85	548252.89	548252.89	0.00	0.00	0.00	0.18	3.40	0.00	0.12
822	74.00	48.00	651.71	51597.80	11580.85	548252.89	548252.89	0.00	0.00	0.00	0.18	3.37	0.00	0.12
823	25.00	48.00	651.71	51597.80	11580.85	548252.89	548252.89	0.00	0.00	0.00	0.30	5.63	0.00	0.12
824	26.00	48.00	651.71	51597.80	11580.85	548252.89	548252.89	0.00	0.00	0.00	0.29	5.56	0.00	0.12
825	26.00	49.00	651.71	51597.80	11580.85	548252.89	548252.89	0.00	0.00	0.00	0.29	5.64	0.00	0.12
826	27.00	49.00	651.71	51597.80	11580.85	548252.89	548252.89	0.00	0.00	0.00	0.29	5.56	0.00	0.12
827	28.00	49.00	651.71	51597.80	11580.85	548252.89	548252.89	0.00	0.00	0.00	0.28	5.49	0.00	0.12
828	29.00	49.00	651.71	51597.80	11580.85	548252.89	548252.89	0.00	0.00	0.00	0.28	5.42	0.00	0.12
829	30.00	49.00	651.71	51597.80	11580.85	548252.89	548252.89	0.00	0.00	0.00	0.28	5.35	0.00	0.12
830	30.00	50.00	651.71	51597.80	11580.85	548252.89	548252.89	0.00	0.00	0.00	0.27	5.43	0.00	0.12
831	31.00	50.00	651.71	51597.80	11580.85	548252.89	548252.89	0.00	0.00	0.00	0.27	5.36	0.00	0.12
832	32.00	50.00	651.71	51597.80	11580.85	548252.89	548252.89	0.00	0.00	0.00	0.27	5.29	0.00	0.12
833	33.00	50.00	651.71	51597.80	11580.85	548252.89	548252.89	0.00	0.00	0.00	0.26	5.23	0.00	0.12
834	34.00	50.00	651.71	51597.80	11580.85	548252.89	548252.89	0.00	0.00	0.00	0.26	5.17	0.00	0.12
835	35.00	50.00	651.71	51597.80	11580.85	548252.89	548252.89	0.00	0.00	0.00	0.26	5.11	0.00	0.12
836	35.00	51.00	651.71	51597.80	11580.85	548252.89	548252.89	0.00	0.00	0.00	0.25	5.08	0.00	0.12
837	36.00	51.00	651.71	51597.80	11580.85	548252.89	548252.89	0.00	0.00	0.00	0.25	5.02	0.00	0.12
838	37.00	51.00	651.71	51597.80	11580.85	548252.89	548252.89	0.00	0.00	0.00	0.25	4.97	0.00	0.12
839	38.00	51.00	651.71	51597.80	11580.85	548252.89	548252.89	0.00	0.00	0.00	0.24	4.91	0.00	0.12
840	39.00	51.00	651.71	51597.80	11580.85	548252.89	548252.89	0.00	0.00	0.00	0.24	4.85	0.00	0.12
841	40.00	51.00	651.71	51597.80	11580.85	548252.89	548252.89	0.00	0.00	0.00	0.24	4.80	0.00	0.12
842	41.00	51.00	651.71	51597.80	11580.85	548252.89	548252.89	0.00	0.00	0.00	0.24	4.75	0.00	0.12
843	42.00	51.00	651.71	51597.80	11580.85	548252.89	548252.89	0.00	0.00	0.00	0.23	4.70	0.00	0.12
844	43.00	51.00	651.71	51597.80	11580.85	548252.89	548252.89	0.00	0.00	0.00	0.23	4.65	0.00	0.12
845	43.00	52.00	651.71	51597.80	11580.85	548252.89	548252.89	0.00	0.00	0.00	0.23	4.72	0.00	0.12
846	44.00	52.00	651.71	51597.80	11580.85	548252.89	548252.89	0.00	0.00	0.00	0.23	4.67	0.00	0.12
847	45.00	52.00	651.71	51597.80	11580.85	548252.89	548252.89	0.00	0.00	0.00	0.22	4.62	0.00	0.12
848	45.00	53.00	651.71	51597.80	11580.85	548252.89	548252.89	0.00	0.00	0.00	0.22	4.69	0.00	0.12
849	46.00	53.00	651.71	51597.80	11580.85	548252.89	548252.89	0.00	0.00	0.00	0.22	4.64	0.00	0.12
850	47.00	53.00	651.71	51597.80	11580.85	548252.89	548252.89	0.00	0.00	0.00	0.22	4.60	0.00	0.12
851	48.00	53.00	651.71	51597.80	11580.85	548252.89	548252.89	0.00	0.00	0.00	0.22	4.55	0.00	0.12
852	49.00	53.00	651.71	51597.80	11580.85	548252.89	548252.89	0.00	0.00	0.00	0.21	4.51	0.00	0.12
853	49.00	54.00	651.71	51597.80	11580.85	548252.89	548252.89	0.00	0.00	0.00	0.21	4.57	0.00	0.12
854	50.00	54.00	651.71	51597.80	11580.85	548252.89	548252.89	0.00	0.00	0.00	0.21	4.53	0.00	0.12
855	51.00	54.00	651.71	51597.80	11580.85	548252.89	548252.89	0.00	0.00	0.00	0.21	4.49	0.00	0.12
856	52.00	54.00	651.71	51597.80	11580.85	548252.89	548252.89	0.00	0.00	0.00	0.21	4.45	0.00	0.12
857	53.00	54.00	651.71	51597.80	11580.85	548252.89	548252.89	0.00	0.00	0.00	0.20	4.40	0.00	0.12
858	53.00	55.00	651.71	51597.80	11580.85	548252.89	548252.89	0.00	0.00	0.00	0.20	4.47	0.00	0.12
859	54.00	55.00	651.71	51597.80	11580.85	548252.89	548252.89	0.00	0.00	0.00	0.20	4.43	0.00	0.12
860	55.00	55.00	651.71	51597.80	11580.85	548252.89	548252.89	0.00	0.00	0.00	0.20	4.39	0.00	0.12
861	56.00	55.00	651.71	51597.80	11580.85	548252.89	548252.89	0.00	0.00	0.00	0.20	4.35	0.00	0.12
862	57.00	55.00	651.71	51597.80	11580.85	548252.89	548252.89	0.00	0.00	0.00	0.19	4.31	0.00	0.12
863	57.00	56.00	651.71	51597.80	11580.85	548252.89	548252.89	0.00	0.00	0.00	0.19	4.30	0.00	0.12
864	58.00	56.00	651.71	51597.80	11580.85	548252.89	548252.89	0.00	0.00	0.00	0.19	4.26	0.00	0.12
865	58.00	57.00	651.71	51597.80	11580.85	548252.89	548252.89	0.00	0.00	0.00	0.19	4.25	0.00	0.12
866	59.00	57.00	651.71	51597.80	11580.85	548252.89	548252.89	0.00	0.00	0.00	0.19	4.21	0.00	0.12
867	59.00	58.00	651.71	51597.80	11580.85	548252.89	548252.89	0.00	0.00	0.00	0.19	4.27	0.00	0.12
868	60.00	58.00	651.71	51597.80	11580.85	548252.89	548252.89	0.00	0.00	0.00	0.18	4.23	0.00	0.12
869	61.00	58.00	651.71	51597.80	11580.85	548252.89	548252.89	0.00	0.00	0.00	0.18	4.20	0.00	0.12
870	62.00	58.00	651.71	51597.80	11580.85	548252.89	548252.89	0.00	0.00	0.00	0.18	4.16	0.00	0.12
871	63.00	58.00	651.71	51597.80	11580.85	548252.89	548252.89	0.00	0.00	0.00	0.18	4.13	0.00	0.12
872	64.00	58.00	651.71	51597.80	11580.85	548252.89	548252.89	0.00	0.00	0.00	0.18	4.10	0.00	0.12
873	65.00	58.00	651.71	51597.80	11580.85	548252.89	548252.89	0.00	0.00	0.00	0.18	4.06	0.00	0.12
874	66.00	58.00	651.71	51597.80	11580.85	548252.89	548252.89	0.00	0.00	0.00	0.18	4.03	0.00	0.12
875	67.00	58.00	651.71	51597.80	11580.85	548252.89	548252.89	0.00	0.00	0.00	0.17	4.00	0.00	0.12
876	68.00	58.00	651.71	51597.80	11580.85	548252.89	548252.89	0.00	0.00	0.00	0.17	3.97	0.00	0.12
877	69.00	58.00	651.71	51597.80	11580.85	548252.89	548252.89	0.00	0.00	0.00	0.17	3.93	0.00	0.12
878	70.00	58.00	651.71	51597.80	11580.85	548252.89	548252.89	0.00	0.00	0.00	0.17	3.90	0.00	0.12
879	71.00	58.00	651.71	51597.80	11580.85	548252.89	548252.89	0.00	0.00	0.00	0.17	3.87	0.00	0.12
880	71.00	59.00	651.71	51597.80	11580.85	548252.89	548252.89	0.00	0.00	0.00	0.17	3.87	0.00	0.12
881	72.00	59.00	651.71	51597.80	11580.85	548252.89	548252.89	0.00	0.00	0.00	0.17	3.84	0.00	0.12
882	73.00	59.00	651.71	51597.80	11580.85	548252.89	548252.89	0.00	0.00	0.00	0.17	3.81	0.00	0.12
883	74.00	59.00	651.71	51597.80	11580.85	548252.89	548252.89	0.00	0.00	0.00	0.16	3.78	0.00	0.12
884	25.00	59.00	651.71	51597.80	11580.85	548252.89	548252.89	0.00	0.00	0.00	0.26	5.98	0.00	0.12
885	25.00	60.00	651.71	51597.80	11580.85	548252.89	548252.89	0.00	0.00	0.00	0.26	5.94	0.00	0.12
886	26.00	60.00	651.71	51597.80	11580.85	548252.89	548252.89	0.00	0.00	0.00	0.25	5.88	0.00	0.12
887	27.00	60.00	651.71	51597.80	11580.85	548252.89	548252.89	0.00	0.00	0.00	0.25	5.81	0.00	0.12
888	28.00	60.00	651.71	51597.80	11580.85	548252.89	548252.89	0.00	0.00	0.00	0.25	5.74	0.00	0.12
889	29.00	60.00	651.71	51597.80	11580.85	548252.89	548252.89	0.00	0.00	0.00	0.24	5.68	0.00	0.12
890	29.00	61.00	651.71	51597.80	11580.85	548252.89	548252.89	0.00	0.00	0.00	0.24	5.74	0.00	0.12
891	30.00	61.00	651.71	51597.80	11580.85	548252.89	548252.89	0.00	0.00	0.00	0.24	5.68	0.00	0.12
892	31.00	61.00	651.71	51597.80	11580.85	548252.89	548252.89	0.00	0.00	0.00	0.24	5.62	0.00	0.12
893	32.00	61.00	651.71	51597.80	11580.85	548252.89	548252.89	0.00	0.00	0.00	0.23	5.56	0.00	0.12
894	33.00	61.00	651.71	51597.80	11580.85	548252.89	548252.89	0.00	0.00	0.00	0.23	5.50	0.00	0.12
895	34.00	61.00	651.71	51597.80	11580.85	548252.89	548252.89	0.00	0.00	0.00	0.23	5.44	0.00	0.12
896	35.00	61.00	651.71	51597.80	11580.85	548252.89	548252.89	0.00	0.00	0.00	0.23	5.38	0.00	0.12
897	36.00	61.00	651.71	51597.80	11580.85	548252.89	548252.89	0.00	0.00	0.00	0.22	5.33	0.00	0.12
898	36.00	62.00	651.71	51597.80	11580.85	548252.89	548252.89	0.00	0.00	0.00	0.22	5.30	0.00	0.12
899	37.00	62.00	651.71	51597.80	11580.85	548252.89	548252.89	0.00	0.00	0.00	0.22	5.25	0.00	0.12
900	38.00	62.00	651.71	51597.80	11580.85	548252.89	548252.89	0.00	0.00	0.00	0.22	5.20	0.00	0.12
901	39.00	62.00	553.96	61917.36	9843.72	548252.89	548252.89	0.00	0.00	0.00	0.22	5.14	0.00	0.12
902	39.00	63.00	553.96	61917.36	9843.72	548252.89	548252.89	0.00	0.00	0.00	0.21	5.21	0.00	0.12
903	40.00	63.00	553.96	61917.36	9843.72	548252.89	548252.89	0.00	0.00	0.00	0.21	5.16	0.00	0.12
904	41.00	63.00	553.96	61917.36	9843.72	548252.89	548252.89	0.00	0.00	0.00	0.21	5.11	0.00	0.12
905	42.00	63.00	553.96	61917.36	9843.72	548252.89	548252.89	0.00	0.00	0.00	0.21	5.06	0.00	0.12
906	42.00	64.00	553.96	61917.36	9843.72	548252.89	548252.89	0.00	0.00	0.00	0.21	5.04	0.00	0.12
907	43.00	64.00	553.96	61917.36	9843.72	548252.89	548252.89	0.00	0.00	0.00	0.20	4.99	0.00	0.12
908	43.00	65.00	553.96	61917.36	9843.72	548252.89	548252.89	0.00	0.00	0.00	0.20	4.97	0.00	0.12
909	44.00	65.00	553.96	61917.36	9843.72	548252.89	548252.89	0.00	0.00	0.00	0.20	4.92	0.00	0.12
910	44.00	66.00	553.96	61917.36	9843.72	548252.89	548252.89	0.00	0.00	0.00	0.20	4.98	0.00	0.12
911	45.00	66.00	553.96	61917.36	9843.72	548252.89	548252.89	0.00	0.00	0.00	0.20	4.94	0.00	0.12
912	46.00	66.00	553.96	61917.36	9843.72	548252.89	548252.89	0.00	0.00	0.00	0.19	4.89	0.00	0.12
913	47.00	66.00	553.96	61917.36	9843.72	548252.89	548252.89	0.00	0.00	0.00	0.19	4.85	0.00	0.12
914	47.00	67.00	553.96	61917.36	9843.72	548252.89	548252.89	0.00	0.00	0.00	0.19	4.83	0.00	0.12
915	48.00	67.00	553.96	61917.36	9843.72	548252.89	548252.89	0.00	0.00	0.00	0.19	4.79	0.00	0.12
916	49.00	67.00	553.96	61917.36	9843.72	548252.89	548252.89	0.00	0.00	0.00	0.19	4.75	0.00	0.12
917	50.00	67.00	553.96	61917.36	9843.72	548252.89	548252.89	0.00	0.00	0.00	0.19	4.71	0.00	0.12
918	51.00	67.00	553.96	61917.36	9843.72	548252.89	548252.89	0.00	0.00	0.00	0.18	4.67	0.00	0.12
919	52.00	67.00	553.96	61917.36	9843.72	548252.89	548252.89	0.00	0.00	0.00	0.18	4.63	0.00	0.12
920	53.00	67.00	553.96	61917.36	9843.72	548252.89	548252.89	0.00	0.00	0.00	0.18	4.59	0.00	0.12
921	54.00	67.00	553.96	61917.36	9843.72	548252.89	548252.89	0.00	0.00	0.00	0.18	4.55	0.00	0.12
922	55.00	67.00	553.96	61917.36	9843.72	548252.89	548252.89	0.00	0.00	0.00	0.18	4.52	0.00	0.12
923	56.00	67.00	553.96	61917.36	9843.72	548252.89	548252.89	0.00	0.00	0.00	0.18	4.48	0.00	0.12
924	57.00	67.00	553.96	61917.36	9843.72	548252.89	548252.89	0.00	0.00	0.00	0.18	4.44	0.00	0.12
925	58.00	67.00	553.96	61917.36	9843.72	548252.89	548252.89	0.00	0.00	0.00	0.17	4.41	0.00	0.12
926	59.00	67.00	553.96	61917.36	9843.72	548252.89	548252.89	0.00	0.00	0.00	0.17	4.37	0.00	0.12
927	59.00	68.00	553.96	61917.36	9843.72	548252.89	548252.89	0.00	0.00	0.00	0.17	4.43	0.00	0.12
928	60.00	68.00	553.96	61917.36	9843.72	548252.89	548252.89	0.00	0.00	0.00	0.17	4.39	0.00	0.12
929	60.00	69.00	553.96	61917.36	9843.72	548252.89	548252.89	0.00	0.00	0.00	0.17	4.38	0.00	0.12
930	61.00	69.00	553.96	61917.36	9843.72	548252.89	548252.89	0.00	0.00	0.00	0.17	4.35	0.00	0.12
931	62.00	69.00	553.96	61917.36	9843.72	548252.89	548252.89	0.00	0.00	0.00	0.17	4.31	0.00	0.12
932	63.00	69.00	553.96	61917.36	9843.72	548252.89	548252.89	0.00	0.00	0.00	0.17	4.28	0.00	0.12
933	63.00	70.00	553.96	61917.36	9843.72	548252.89	548252.89	0.00	0.00	0.00	0.16	4.27	0.00	0.12
934	64.00	70.00	553.96	61917.36	9843.72	548252.89	548252.89	0.00	0.00	0.00	0.16	4.24	0.00	0.12
935	65.00	70.00	553.96	61917.36	9843.72	548252.89	548252.89	0.00	0.00	0.00	0.16	4.21	0.00	0.12
936	66.00	70.00	553.96	61917.36	9843.72	548252.89	548252.89	0.00	0.00	0.00	0.16	4.18	0.00	0.12
937	67.00	70.00	553.96	61917.36	9843.72	548252.89	548252.89	0.00	0.00	0.00	0.16	4.15	0.00	0.12
938	68.00	70.00	553.96	61917.36	9843.72	548252.89	548252.89	0.00	0.00	0.00	0.16	4.12	0.00	0.12
939	68.00	71.00	553.96	61917.36	9843.72	548252.89	548252.89	0.00	0.00	0.00	0.16	4.17	0.00	0.12
940	69.00	71.00	553.96	61917.36	9843.72	548252.89	548252.89	0.00	0.00	0.00	0.16	4.14	0.00	0.12
941	69.00	72.00	553.96	61917.36	9843.72	548252.89	548252.89	0.00	0.00	0.00	0.15	4.19	0.00	0.12
942	69.00	73.00	553.96	61917.36	9843.72	548252.89	548252.89	0.00	0.00	0.00	0.15	4.24	0.00	0.12
943	70.00	73.00	553.96	61917.36	9843.72	548252.89	548252.89	0.00	0.00	0.00	0.15	4.21	0.00	0.12
944	71.00	73.00	553.96	61917.36	9843.72	548252.89	548252.89	0.00	0.00	0.00	0.15	4.18	0.00	0.12
945	71.00	74.00	553.96	61917.36	9843.72	548252.89	548252.89	0.00	0.00	0.00	0.15	4.23	0.00	0.12
946	72.00	74.00	553.96	61917.36	9843.72	548252.89	548252.89	0.00	0.00	0.00	0.15	4.20	0.00	0.12
947	73.00	74.00	553.96	61917.36	9843.72	548252.89	548252.89	0.00	0.00	0.00	0.15	4.17	0.00	0.12
948	74.00	74.00	553.96	61917.36	9843.72	548252.89	548252.89	0.00	0.00	0.00	0.15	4.15	0.00	0.12
949	25.00	74.00	553.96	61917.36	9843.72	548252.89	548252.89	0.00	0.00	0.00	0.22	6.20	0.00	0.12
950	26.00	74.00	553.96	61917.36	9843.72	548252.89	548252.89	0.00	0.00	0.00	0.22	6.14	0.00	0.12
951	27.00	74.00	553.96	61917.36	9843.72	548252.89	548252.89	0.00	0.00	0.00	0.22	6.08	0.00	0.12
952	28.00	74.00	553.96	61917.36	9843.72	548252.89	548252.89	0.00	0.00	0.00	0.21	6.02	0.00	0.12
953	29.00	74.00	553.96	61917.36	9843.72	548252.89	548252.89	0.00	0.00	0.00	0.21	5.96	0.00	0.12
954	30.00	74.00	553.96	61917.36	9843.72	548252.89	548252.89	0.00	0.00	0.00	0.21	5.90	0.00	0.12
955	31.00	74.00	553.96	61917.36	9843.72	548252.89	548252.89	0.00	0.00	0.00	0.21	5.84	0.00	0.12
956	32.00	74.00	553.96	61917.36	9843.72	548252.89	548252.89	0.00	0.00	0.00	0.21	5.79	0.00	0.12
957	33.00	74.00	553.96	61917.36	9843.72	548252.89	548252.89	0.00	0.00	0.00	0.20	5.73	0.00	0.12
958	33.00	25.00	553.96	61917.36	9843.72	548252.89	548252.89	0.00	0.00	0.00	0.00	3.12	0.00	0.12
959	34.00	25.00	553.96	61917.36	9843.72	548252.89	548252.89	0.00	0.00	0.00	0.00	3.07	0.00	0.12
960	35.00	25.00	553.96	61917.36	9843.72	548252.89	548252.89	0.00	0.00	0.00	0.00	3.02	0.00	0.12
961	36.00	25.00	553.96	61917.36	9843.72	548252.89	548252.89	0.00	0.00	0.00	0.00	2.97	0.00	0.12
962	37.00	25.00	553.96	61917.36	9843.72	548252.89	548252.89	0.00	0.00	0.00	0.00	2.92	0.00	0.12
963	37.00	26.00	553.96	61917.36	9843.72	548252.89	548252.89	0.00	0.00	0.00	0.00	2.92	0.00	0.12
964	38.00	26.00	553.96	61917.36	9843.72	548252.89	548252.89	0.00	0.00	0.00	0.00	2.87	0.00	0.12
965	39.00	26.00	553.96	61917.36	9843.72	548252.89	548252.89	0.00	0.00	0.00	0.00	2.83	0.00	0.12
966	40.00	26.00	553.96	61917.36	9843.72	548252.89	548252.89	0.00	0.00	0.00	0.00	2.78	0.00	0.12
967	41.00	26.00	553.96	61917.36	9843.72	548252.89	548252.89	0.00	0.00	0.00	0.00	2.74	0.00	0.12
968	42.00	26.00	553.96	61917.36	9843.72	548252.89	548252.89	0.00	0.00	0.00	0.00	2.70	0.00	0.12
969	42.00	27.00	553.96	61917.36	9843.72	548252.89	548252.89	0.00	0.00	0.00	0.00	2.83	0.00	0.12
970	43.00	27.00	553.96	61917.36	9843.72	548252.89	548252.89	0.00	0.00	0.00	0.00	2.79	0.00	0.12
971	44.00	27.00	553.96	61917.36	9843.72	548252.89	548252.89	0.00	0.00	0.00	0.00	2.75	0.00	0.12
972	44.00	28.00	553.96	61917.36	9843.72	548252.89	548252.89	0.00	0.00	0.00	0.00	2.87	0.00	0.12
973	45.00	28.00	553.96	61917.36	9843.72	548252.89	548252.89	0.00	0.00	0.00	0.00	2.83	0.00	0.12
974	46.00	28.00	553.96	61917.36	9843.72	548252.89	548252.89	0.00	0.00	0.00	0.00	2.79	0.00	0.12
975	47.00	28.00	553.96	61917.36	9843.72	548252.89	548252.89	0.00	0.00	0.00	0.00	2.75	0.00	0.12
976	48.00	28.00	553.96	61917.36	9843.72	548252.89	548252.89	0.00	0.00	0.00	0.00	2.72	0.00	0.12
977	49.00	28.00	553.96	61917.36	9843.72	548252.89	548252.89	0.00	0.00	0.00	0.00	2.68	0.00	0.12
978	50.00	28.00	553.96	61917.36	9843.72	548252.89	548252.89	0.00	0.00	0.00	0.00	2.65	0.00	0.12
979	51.00	28.00	553.96	61917.36	9843.72	548252.89	548252.89	0.00	0.00	0.00	0.00	2.62	0.00	0.12
980	52.00	28.00	553.96	61917.36	9843.72	548252.89	548252.89	0.00	0.00	0.00	0.00	2.58	0.00	0.12
981	53.00	28.00	553.96	61917.36	9843.72	548252.89	548252.89	0.00	0.00	0.00	0.00	2.55	0.00	0.12
982	54.00	28.00	553.96	61917.36	9843.72	548252.89	548252.89	0.00	0.00	0.00	0.00	2.52	0.00	0.12
983	54.00	29.00	553.96	61917.36	9843.72	548252.89	548252.89	0.00	0.00	0.00	0.00	2.63	0.00	0.12
984	55.00	29.00	553.96	61917.36	9843.72	548252.89	548252.89	0.00	0.00	0.00	0.00	2.60	0.00	0.12
985	56.00	29.00	553.96	61917.36	9843.72	548252.89	548252.89	0.00	0.00	0.00	0.00	2.56	0.00	0.12
986	57.00	29.00	553.96	61917.36	9843.72	548252.89	548252.89	0.00	0.00	0.00	0.00	2.53	0.00	0.12
987	58.00	29.00	553.96	61917.36	9843.72	548252.89	548252.89	0.00	0.00	0.00	0.00	2.51	0.00	0.12
988	59.00	29.00	553.96	61917.36	9843.72	548252.89	548252.89	0.00	0.00	0.00	0.00	2.48	0.00	0.12
989	60.00	29.00	553.96	61917.36	9843.72	548252.89	548252.89	0.00	0.00	0.00	0.00	2.45	0.00	0.12
990	61.00	29.00	553.96	61917.36	9843.72	548252.89	548252.89	0.00	0.00	0.00	0.00	2.42	0.00	0.12
991	62.00	29.00	553.96	61917.36	9843.72	548252.89	548252.89	0.00	0.00	0.00	0.00	2.40	0.00	0.12
992	63.00	29.00	553.96	61917.36	9843.72	548252.89	548252.89	0.00	0.00	0.00	0.00	2.37	0.00	0.12
993	64.00	29.00	553.96	61917.36	9843.72	548252.89	548252.89	0.00	0.00	0.00	0.00	2.34	0.00	0.12
994	65.00	29.00	553.96	61917.36	9843.72	548252.89	548252.89	0.00	0.00	0.00	0.00	2.32	0.00	0.12
995	66.00	29.00	553.96	61917.36	9843.72	548252.89	548252.89	0.00	0.00	0.00	0.00	2.29	0.00	0.12
996	67.00	29.00	553.96	61917.36	9843.72	548252.89	548252.89	0.00	0.00	0.00	0.00	2.27	0.00	0.12
997	68.00	29.00	553.96	61917.36	9843.72	548252.89	548252.89	0.00	0.00	0.00	0.00	2.25	0.00	0.12
998	69.00	29.00	553.96	61917.36	9843.72	548252.89	548252.89	0.00	0.00	0.00	0.00	2.22	0.00	0.12
999	69.00	30.00	553.96	61917.36	9843.72	548252.89	548252.89	0.00	0.00	0.00	0.00	2.23	0.00	0.12
1000	70.00	30.00	553.96	61917.36	9843.72	548252.89	548252.89	0.00	0.00	0.00	0.00	2.21	0.00	0.12
