some parameters
Gen.	# feasible solutions	# infeasible solutions	cap. penality	dur. penality	num. penality	best penalized cost	best feasible cost	best cap. violation	best dur. violation	best num. violation	avg cap. violation	avg dur. violation	avg num. violation	Gap from BKS
1	1.00	50.00	850.00	12000.00	42500.00	572491.49	572491.49	0.00	0.00	0.00	0.00	21.84	0.00	0.19
2	1.00	51.00	850.00	12000.00	42500.00	572491.49	572491.49	0.00	0.00	0.00	0.00	21.64	0.00	0.19
3	2.00	51.00	850.00	12000.00	42500.00	572491.49	572491.49	0.00	0.00	0.00	0.00	21.24	0.00	0.19
4	3.00	51.00	850.00	12000.00	42500.00	572491.49	572491.49	0.00	0.00	0.00	0.00	20.84	0.00	0.19
5	3.00	52.00	850.00	12000.00	42500.00	572491.49	572491.49	0.00	0.00	0.00	0.00	20.59	0.00	0.19
6	4.00	52.00	850.00	12000.00	42500.00	540981.31	540981.31	0.00	0.00	0.00	0.00	20.22	0.00	0.13
7	4.00	53.00	850.00	12000.00	42500.00	540981.31	540981.31	0.00	0.00	0.00	0.00	19.99	0.00	0.13
8	4.00	54.00	850.00	12000.00	42500.00	540981.31	540981.31	0.00	0.00	0.00	0.00	19.82	0.00	0.13
9	4.00	55.00	850.00	12000.00	42500.00	540981.31	540981.31	0.00	0.00	0.00	0.00	19.60	0.00	0.13
10	5.00	55.00	850.00	12000.00	42500.00	540981.31	540981.31	0.00	0.00	0.00	0.00	19.28	0.00	0.13
11	5.00	56.00	850.00	12000.00	42500.00	540981.31	540981.31	0.00	0.00	0.00	0.00	19.54	0.00	0.13
12	5.00	57.00	850.00	12000.00	42500.00	540981.31	540981.31	0.00	0.00	0.00	0.00	19.53	0.00	0.13
13	5.00	58.00	850.00	12000.00	42500.00	540981.31	540981.31	0.00	0.00	0.00	0.00	19.43	0.00	0.13
14	5.00	59.00	850.00	12000.00	42500.00	540981.31	540981.31	0.00	0.00	0.00	0.00	19.48	0.00	0.13
15	5.00	60.00	850.00	12000.00	42500.00	540981.31	540981.31	0.00	0.00	0.00	0.00	19.40	0.00	0.13
16	6.00	60.00	850.00	12000.00	42500.00	538557.45	538557.45	0.00	0.00	0.00	0.00	19.11	0.00	0.12
17	6.00	61.00	850.00	12000.00	42500.00	538557.45	538557.45	0.00	0.00	0.00	0.00	19.03	0.00	0.12
18	6.00	62.00	850.00	12000.00	42500.00	538557.45	538557.45	0.00	0.00	0.00	0.00	18.97	0.00	0.12
19	6.00	63.00	850.00	12000.00	42500.00	538557.45	538557.45	0.00	0.00	0.00	0.00	18.95	0.00	0.12
20	6.00	64.00	850.00	12000.00	42500.00	538557.45	538557.45	0.00	0.00	0.00	0.00	18.75	0.00	0.12
21	6.00	65.00	850.00	12000.00	42500.00	538557.45	538557.45	0.00	0.00	0.00	0.00	18.64	0.00	0.12
22	6.00	66.00	850.00	12000.00	42500.00	538557.45	538557.45	0.00	0.00	0.00	0.00	18.41	0.00	0.12
23	6.00	67.00	850.00	12000.00	42500.00	538557.45	538557.45	0.00	0.00	0.00	0.00	18.53	0.00	0.12
24	6.00	68.00	850.00	12000.00	42500.00	538557.45	538557.45	0.00	0.00	0.00	0.00	18.47	0.00	0.12
25	6.00	69.00	850.00	12000.00	42500.00	538557.45	538557.45	0.00	0.00	0.00	0.00	18.34	0.00	0.12
26	6.00	70.00	850.00	12000.00	42500.00	538557.45	538557.45	0.00	0.00	0.00	0.00	18.30	0.00	0.12
27	6.00	71.00	850.00	12000.00	42500.00	538557.45	538557.45	0.00	0.00	0.00	0.00	18.20	0.00	0.12
28	6.00	72.00	850.00	12000.00	42500.00	538557.45	538557.45	0.00	0.00	0.00	0.00	18.31	0.00	0.12
29	6.00	73.00	850.00	12000.00	42500.00	538557.45	538557.45	0.00	0.00	0.00	0.00	18.11	0.00	0.12
30	7.00	73.00	850.00	12000.00	42500.00	538557.45	538557.45	0.00	0.00	0.00	0.00	17.88	0.00	0.12
31	7.00	74.00	850.00	12000.00	42500.00	538557.45	538557.45	0.00	0.00	0.00	0.00	18.04	0.00	0.12
32	7.00	25.00	850.00	12000.00	42500.00	538557.45	538557.45	0.00	0.00	0.00	0.00	10.60	0.00	0.12
33	7.00	26.00	850.00	12000.00	42500.00	538557.45	538557.45	0.00	0.00	0.00	0.00	10.39	0.00	0.12
34	8.00	26.00	850.00	12000.00	42500.00	538557.45	538557.45	0.00	0.00	0.00	0.00	10.08	0.00	0.12
35	9.00	26.00	850.00	12000.00	42500.00	538557.45	538557.45	0.00	0.00	0.00	0.00	9.80	0.00	0.12
36	9.00	27.00	850.00	12000.00	42500.00	538557.45	538557.45	0.00	0.00	0.00	0.00	9.60	0.00	0.12
37	10.00	27.00	850.00	12000.00	42500.00	538557.45	538557.45	0.00	0.00	0.00	0.00	9.34	0.00	0.12
38	10.00	28.00	850.00	12000.00	42500.00	538557.45	538557.45	0.00	0.00	0.00	0.00	9.31	0.00	0.12
39	10.00	29.00	850.00	12000.00	42500.00	538557.45	538557.45	0.00	0.00	0.00	0.00	9.33	0.00	0.12
40	10.00	30.00	850.00	12000.00	42500.00	538557.45	538557.45	0.00	0.00	0.00	0.00	9.27	0.00	0.12
41	10.00	31.00	850.00	12000.00	42500.00	538557.45	538557.45	0.00	0.00	0.00	0.00	9.11	0.00	0.12
42	10.00	32.00	850.00	12000.00	42500.00	538557.45	538557.45	0.00	0.00	0.00	0.00	8.96	0.00	0.12
43	10.00	33.00	850.00	12000.00	42500.00	538557.45	538557.45	0.00	0.00	0.00	0.00	9.02	0.00	0.12
44	10.00	34.00	850.00	12000.00	42500.00	538557.45	538557.45	0.00	0.00	0.00	0.00	8.98	0.00	0.12
45	10.00	35.00	850.00	12000.00	42500.00	538557.45	538557.45	0.00	0.00	0.00	0.00	8.94	0.00	0.12
46	10.00	36.00	850.00	12000.00	42500.00	538557.45	538557.45	0.00	0.00	0.00	0.00	9.08	0.00	0.12
47	10.00	37.00	850.00	12000.00	42500.00	538557.45	538557.45	0.00	0.00	0.00	0.00	9.04	0.00	0.12
48	10.00	38.00	850.00	12000.00	42500.00	538557.45	538557.45	0.00	0.00	0.00	0.00	9.32	0.00	0.12
49	10.00	39.00	850.00	12000.00	42500.00	538557.45	538557.45	0.00	0.00	0.00	0.00	9.27	0.00	0.12
50	10.00	40.00	850.00	12000.00	42500.00	538557.45	538557.45	0.00	0.00	0.00	0.00	9.36	0.00	0.12
51	11.00	40.00	850.00	12000.00	42500.00	538557.45	538557.45	0.00	0.00	0.00	0.00	9.17	0.00	0.12
52	11.00	41.00	850.00	12000.00	42500.00	538557.45	538557.45	0.00	0.00	0.00	0.00	9.31	0.00	0.12
53	11.00	42.00	850.00	12000.00	42500.00	538557.45	538557.45	0.00	0.00	0.00	0.00	9.43	0.00	0.12
54	11.00	43.00	850.00	12000.00	42500.00	538557.45	538557.45	0.00	0.00	0.00	0.00	9.69	0.00	0.12
55	11.00	44.00	850.00	12000.00	42500.00	538557.45	538557.45	0.00	0.00	0.00	0.00	9.92	0.00	0.12
56	11.00	45.00	850.00	12000.00	42500.00	538557.45	538557.45	0.00	0.00	0.00	0.00	9.89	0.00	0.12
57	11.00	46.00	850.00	12000.00	42500.00	538557.45	538557.45	0.00	0.00	0.00	0.00	9.86	0.00	0.12
58	11.00	47.00	850.00	12000.00	42500.00	538557.45	538557.45	0.00	0.00	0.00	0.00	9.85	0.00	0.12
59	11.00	48.00	850.00	12000.00	42500.00	538557.45	538557.45	0.00	0.00	0.00	0.00	10.00	0.00	0.12
60	11.00	49.00	850.00	12000.00	42500.00	538557.45	538557.45	0.00	0.00	0.00	0.00	10.66	0.00	0.12
61	11.00	50.00	850.00	12000.00	42500.00	538557.45	538557.45	0.00	0.00	0.00	0.00	10.69	0.00	0.12
62	12.00	50.00	850.00	12000.00	42500.00	538557.45	538557.45	0.00	0.00	0.00	0.00	10.52	0.00	0.12
63	12.00	51.00	850.00	12000.00	42500.00	538557.45	538557.45	0.00	0.00	0.00	0.00	10.41	0.00	0.12
64	12.00	52.00	850.00	12000.00	42500.00	538557.45	538557.45	0.00	0.00	0.00	0.00	10.43	0.00	0.12
65	12.00	53.00	850.00	12000.00	42500.00	538557.45	538557.45	0.00	0.00	0.00	0.00	10.46	0.00	0.12
66	12.00	54.00	850.00	12000.00	42500.00	538557.45	538557.45	0.00	0.00	0.00	0.00	10.60	0.00	0.12
67	12.00	55.00	850.00	12000.00	42500.00	538557.45	538557.45	0.00	0.00	0.00	0.00	10.65	0.00	0.12
68	12.00	56.00	850.00	12000.00	42500.00	538557.45	538557.45	0.00	0.00	0.00	0.00	10.61	0.00	0.12
69	12.00	57.00	850.00	12000.00	42500.00	538557.45	538557.45	0.00	0.00	0.00	0.00	10.80	0.00	0.12
70	12.00	58.00	850.00	12000.00	42500.00	538557.45	538557.45	0.00	0.00	0.00	0.00	10.68	0.00	0.12
71	12.00	59.00	850.00	12000.00	42500.00	538557.45	538557.45	0.00	0.00	0.00	0.00	10.80	0.00	0.12
72	13.00	59.00	850.00	12000.00	42500.00	538557.45	538557.45	0.00	0.00	0.00	0.00	10.65	0.00	0.12
73	13.00	60.00	850.00	12000.00	42500.00	538557.45	538557.45	0.00	0.00	0.00	0.00	10.60	0.00	0.12
74	13.00	61.00	850.00	12000.00	42500.00	538557.45	538557.45	0.00	0.00	0.00	0.00	10.49	0.00	0.12
75	13.00	62.00	850.00	12000.00	42500.00	538557.45	538557.45	0.00	0.00	0.00	0.00	10.54	0.00	0.12
76	13.00	63.00	850.00	12000.00	42500.00	538557.45	538557.45	0.00	0.00	0.00	0.00	10.60	0.00	0.12
77	13.00	64.00	850.00	12000.00	42500.00	538557.45	538557.45	0.00	0.00	0.00	0.00	10.49	0.00	0.12
78	13.00	65.00	850.00	12000.00	42500.00	538557.45	538557.45	0.00	0.00	0.00	0.00	10.54	0.00	0.12
79	13.00	66.00	850.00	12000.00	42500.00	538557.45	538557.45	0.00	0.00	0.00	0.00	10.46	0.00	0.12
80	13.00	67.00	850.00	12000.00	42500.00	538557.45	538557.45	0.00	0.00	0.00	0.00	10.56	0.00	0.12
81	14.00	67.00	850.00	12000.00	42500.00	538557.45	538557.45	0.00	0.00	0.00	0.00	10.43	0.00	0.12
82	14.00	68.00	850.00	12000.00	42500.00	538557.45	538557.45	0.00	0.00	0.00	0.00	10.56	0.00	0.12
83	14.00	69.00	850.00	12000.00	42500.00	538557.45	538557.45	0.00	0.00	0.00	0.00	10.52	0.00	0.12
84	14.00	70.00	850.00	12000.00	42500.00	538557.45	538557.45	0.00	0.00	0.00	0.00	10.72	0.00	0.12
85	14.00	71.00	850.00	12000.00	42500.00	538557.45	538557.45	0.00	0.00	0.00	0.00	10.69	0.00	0.12
86	15.00	71.00	850.00	12000.00	42500.00	538557.45	538557.45	0.00	0.00	0.00	0.00	10.57	0.00	0.12
87	15.00	72.00	850.00	12000.00	42500.00	538557.45	538557.45	0.00	0.00	0.00	0.00	10.47	0.00	0.12
88	16.00	72.00	850.00	12000.00	42500.00	538557.45	538557.45	0.00	0.00	0.00	0.00	10.35	0.00	0.12
89	17.00	72.00	850.00	12000.00	42500.00	538557.45	538557.45	0.00	0.00	0.00	0.00	10.23	0.00	0.12
90	17.00	73.00	850.00	12000.00	42500.00	538557.45	538557.45	0.00	0.00	0.00	0.00	10.20	0.00	0.12
91	17.00	74.00	850.00	12000.00	42500.00	538557.45	538557.45	0.00	0.00	0.00	0.00	10.14	0.00	0.12
92	18.00	74.00	850.00	12000.00	42500.00	538557.45	538557.45	0.00	0.00	0.00	0.00	10.03	0.00	0.12
93	18.00	25.00	850.00	12000.00	42500.00	538557.45	538557.45	0.00	0.00	0.00	0.00	4.81	0.00	0.12
94	18.00	26.00	850.00	12000.00	42500.00	538557.45	538557.45	0.00	0.00	0.00	0.00	4.96	0.00	0.12
95	18.00	27.00	850.00	12000.00	42500.00	538557.45	538557.45	0.00	0.00	0.00	0.00	5.36	0.00	0.12
96	18.00	28.00	850.00	12000.00	42500.00	538557.45	538557.45	0.00	0.00	0.00	0.00	5.66	0.00	0.12
97	18.00	29.00	850.00	12000.00	42500.00	538557.45	538557.45	0.00	0.00	0.00	0.00	6.47	0.00	0.12
98	18.00	30.00	850.00	12000.00	42500.00	538557.45	538557.45	0.00	0.00	0.00	0.00	6.83	0.00	0.12
99	18.00	31.00	850.00	12000.00	42500.00	538557.45	538557.45	0.00	0.00	0.00	0.00	7.47	0.00	0.12
100	18.00	32.00	850.00	12000.00	42500.00	538557.45	538557.45	0.00	0.00	0.00	0.00	7.77	0.00	0.12
101	18.00	33.00	722.50	14400.00	36125.00	538557.45	538557.45	0.00	0.00	0.00	0.00	7.84	0.00	0.12
102	18.00	34.00	722.50	14400.00	36125.00	538557.45	538557.45	0.00	0.00	0.00	0.00	7.91	0.00	0.12
103	18.00	35.00	722.50	14400.00	36125.00	538557.45	538557.45	0.00	0.00	0.00	0.00	8.01	0.00	0.12
104	18.00	36.00	722.50	14400.00	36125.00	538557.45	538557.45	0.00	0.00	0.00	0.00	8.07	0.00	0.12
105	18.00	37.00	722.50	14400.00	36125.00	538557.45	538557.45	0.00	0.00	0.00	0.00	8.41	0.00	0.12
106	18.00	38.00	722.50	14400.00	36125.00	538557.45	538557.45	0.00	0.00	0.00	0.00	8.35	0.00	0.12
107	19.00	38.00	722.50	14400.00	36125.00	538557.45	538557.45	0.00	0.00	0.00	0.00	8.20	0.00	0.12
108	19.00	39.00	722.50	14400.00	36125.00	538557.45	538557.45	0.00	0.00	0.00	0.00	8.43	0.00	0.12
109	19.00	40.00	722.50	14400.00	36125.00	538557.45	538557.45	0.00	0.00	0.00	0.00	8.43	0.00	0.12
110	19.00	41.00	722.50	14400.00	36125.00	538557.45	538557.45	0.00	0.00	0.00	0.00	8.48	0.00	0.12
111	19.00	42.00	722.50	14400.00	36125.00	538557.45	538557.45	0.00	0.00	0.00	0.00	8.59	0.00	0.12
112	19.00	43.00	722.50	14400.00	36125.00	538557.45	538557.45	0.00	0.00	0.00	0.00	8.53	0.00	0.12
113	19.00	44.00	722.50	14400.00	36125.00	538557.45	538557.45	0.00	0.00	0.00	0.00	9.23	0.00	0.12
114	20.00	44.00	722.50	14400.00	36125.00	538557.45	538557.45	0.00	0.00	0.00	0.00	9.09	0.00	0.12
115	21.00	44.00	722.50	14400.00	36125.00	538557.45	538557.45	0.00	0.00	0.00	0.00	8.95	0.00	0.12
116	22.00	44.00	722.50	14400.00	36125.00	538557.45	538557.45	0.00	0.00	0.00	0.00	8.81	0.00	0.12
117	23.00	44.00	722.50	14400.00	36125.00	538557.45	538557.45	0.00	0.00	0.00	0.00	8.68	0.00	0.12
118	23.00	45.00	722.50	14400.00	36125.00	538557.45	538557.45	0.00	0.00	0.00	0.00	8.70	0.00	0.12
119	23.00	46.00	722.50	14400.00	36125.00	538557.45	538557.45	0.00	0.00	0.00	0.00	8.61	0.00	0.12
120	24.00	46.00	722.50	14400.00	36125.00	538557.45	538557.45	0.00	0.00	0.00	0.00	8.49	0.00	0.12
121	24.00	47.00	722.50	14400.00	36125.00	538557.45	538557.45	0.00	0.00	0.00	0.00	9.21	0.00	0.12
122	24.00	48.00	722.50	14400.00	36125.00	538557.45	538557.45	0.00	0.00	0.00	0.00	9.23	0.00	0.12
123	24.00	49.00	722.50	14400.00	36125.00	538557.45	538557.45	0.00	0.00	0.00	0.00	9.30	0.00	0.12
124	24.00	50.00	722.50	14400.00	36125.00	538557.45	538557.45	0.00	0.00	0.00	0.00	9.64	0.00	0.12
125	24.00	51.00	722.50	14400.00	36125.00	538557.45	538557.45	0.00	0.00	0.00	0.00	9.55	0.00	0.12
126	24.00	52.00	722.50	14400.00	36125.00	538557.45	538557.45	0.00	0.00	0.00	0.00	9.57	0.00	0.12
127	24.00	53.00	722.50	14400.00	36125.00	538557.45	538557.45	0.00	0.00	0.00	0.00	9.66	0.00	0.12
128	24.00	54.00	722.50	14400.00	36125.00	538557.45	538557.45	0.00	0.00	0.00	0.00	9.60	0.00	0.12
129	25.00	54.00	722.50	14400.00	36125.00	538557.45	538557.45	0.00	0.00	0.00	0.00	9.48	0.00	0.12
130	26.00	54.00	722.50	14400.00	36125.00	538557.45	538557.45	0.00	0.00	0.00	0.00	9.36	0.00	0.12
131	26.00	55.00	722.50	14400.00	36125.00	538557.45	538557.45	0.00	0.00	0.00	0.00	9.38	0.00	0.12
132	26.00	56.00	722.50	14400.00	36125.00	538557.45	538557.45	0.00	0.00	0.00	0.00	9.42	0.00	0.12
133	26.00	57.00	722.50	14400.00	36125.00	538557.45	538557.45	0.00	0.00	0.00	0.00	9.51	0.00	0.12
134	27.00	57.00	722.50	14400.00	36125.00	538557.45	538557.45	0.00	0.00	0.00	0.00	9.40	0.00	0.12
135	28.00	57.00	722.50	14400.00	36125.00	538557.45	538557.45	0.00	0.00	0.00	0.00	9.28	0.00	0.12
136	28.00	58.00	722.50	14400.00	36125.00	538557.45	538557.45	0.00	0.00	0.00	0.00	9.33	0.00	0.12
137	29.00	58.00	722.50	14400.00	36125.00	538557.45	538557.45	0.00	0.00	0.00	0.00	9.23	0.00	0.12
138	29.00	59.00	722.50	14400.00	36125.00	538557.45	538557.45	0.00	0.00	0.00	0.00	9.31	0.00	0.12
139	29.00	60.00	722.50	14400.00	36125.00	538557.45	538557.45	0.00	0.00	0.00	0.00	9.24	0.00	0.12
140	29.00	61.00	722.50	14400.00	36125.00	538557.45	538557.45	0.00	0.00	0.00	0.00	9.22	0.00	0.12
141	29.00	62.00	722.50	14400.00	36125.00	538557.45	538557.45	0.00	0.00	0.00	0.00	9.49	0.00	0.12
142	29.00	63.00	722.50	14400.00	36125.00	538557.45	538557.45	0.00	0.00	0.00	0.00	9.51	0.00	0.12
143	29.00	64.00	722.50	14400.00	36125.00	538557.45	538557.45	0.00	0.00	0.00	0.00	9.48	0.00	0.12
144	30.00	64.00	722.50	14400.00	36125.00	538557.45	538557.45	0.00	0.00	0.00	0.00	9.38	0.00	0.12
145	30.00	65.00	722.50	14400.00	36125.00	538557.45	538557.45	0.00	0.00	0.00	0.00	9.81	0.00	0.12
146	30.00	66.00	722.50	14400.00	36125.00	538557.45	538557.45	0.00	0.00	0.00	0.00	9.74	0.00	0.12
147	30.00	67.00	722.50	14400.00	36125.00	538557.45	538557.45	0.00	0.00	0.00	0.00	9.76	0.00	0.12
148	30.00	68.00	722.50	14400.00	36125.00	538557.45	538557.45	0.00	0.00	0.00	0.00	10.11	0.00	0.12
149	30.00	69.00	722.50	14400.00	36125.00	538557.45	538557.45	0.00	0.00	0.00	0.00	10.22	0.00	0.12
150	31.00	69.00	722.50	14400.00	36125.00	538557.45	538557.45	0.00	0.00	0.00	0.00	10.11	0.00	0.12
151	32.00	69.00	722.50	14400.00	36125.00	538557.45	538557.45	0.00	0.00	0.00	0.00	10.01	0.00	0.12
152	32.00	70.00	722.50	14400.00	36125.00	538557.45	538557.45	0.00	0.00	0.00	0.00	10.08	0.00	0.12
153	32.00	71.00	722.50	14400.00	36125.00	538557.45	538557.45	0.00	0.00	0.00	0.00	10.27	0.00	0.12
154	32.00	72.00	722.50	14400.00	36125.00	538557.45	538557.45	0.00	0.00	0.00	0.00	10.25	0.00	0.12
155	32.00	73.00	722.50	14400.00	36125.00	538557.45	538557.45	0.00	0.00	0.00	0.00	10.47	0.00	0.12
156	32.00	74.00	722.50	14400.00	36125.00	538557.45	538557.45	0.00	0.00	0.00	0.00	10.39	0.00	0.12
157	33.00	74.00	722.50	14400.00	36125.00	538557.45	538557.45	0.00	0.00	0.00	0.00	10.30	0.00	0.12
158	33.00	25.00	722.50	14400.00	36125.00	538557.45	538557.45	0.00	0.00	0.00	0.00	3.35	0.00	0.12
159	33.00	26.00	722.50	14400.00	36125.00	538557.45	538557.45	0.00	0.00	0.00	0.00	3.35	0.00	0.12
160	33.00	27.00	722.50	14400.00	36125.00	538557.45	538557.45	0.00	0.00	0.00	0.00	3.49	0.00	0.12
161	33.00	28.00	722.50	14400.00	36125.00	538557.45	538557.45	0.00	0.00	0.00	0.00	3.71	0.00	0.12
162	33.00	29.00	722.50	14400.00	36125.00	538557.45	538557.45	0.00	0.00	0.00	0.00	3.78	0.00	0.12
163	33.00	30.00	722.50	14400.00	36125.00	538557.45	538557.45	0.00	0.00	0.00	0.00	4.09	0.00	0.12
164	33.00	31.00	722.50	14400.00	36125.00	538557.45	538557.45	0.00	0.00	0.00	0.00	4.20	0.00	0.12
165	33.00	32.00	722.50	14400.00	36125.00	538557.45	538557.45	0.00	0.00	0.00	0.00	4.18	0.00	0.12
166	33.00	33.00	722.50	14400.00	36125.00	538557.45	538557.45	0.00	0.00	0.00	0.00	4.38	0.00	0.12
167	34.00	33.00	722.50	14400.00	36125.00	538557.45	538557.45	0.00	0.00	0.00	0.00	4.31	0.00	0.12
168	35.00	33.00	722.50	14400.00	36125.00	538557.45	538557.45	0.00	0.00	0.00	0.00	4.25	0.00	0.12
169	35.00	34.00	722.50	14400.00	36125.00	538557.45	538557.45	0.00	0.00	0.00	0.00	4.24	0.00	0.12
170	36.00	34.00	722.50	14400.00	36125.00	538557.45	538557.45	0.00	0.00	0.00	0.00	4.18	0.00	0.12
171	36.00	35.00	722.50	14400.00	36125.00	538557.45	538557.45	0.00	0.00	0.00	0.00	4.67	0.00	0.12
172	37.00	35.00	722.50	14400.00	36125.00	538557.45	538557.45	0.00	0.00	0.00	0.00	4.61	0.00	0.12
173	37.00	36.00	722.50	14400.00	36125.00	538557.45	538557.45	0.00	0.00	0.00	0.00	4.81	0.00	0.12
174	37.00	37.00	722.50	14400.00	36125.00	538557.45	538557.45	0.00	0.00	0.00	0.00	4.95	0.00	0.12
175	37.00	38.00	722.50	14400.00	36125.00	538557.45	538557.45	0.00	0.00	0.00	0.00	5.09	0.00	0.12
176	37.00	39.00	722.50	14400.00	36125.00	538557.45	538557.45	0.00	0.00	0.00	0.00	5.06	0.00	0.12
177	37.00	40.00	722.50	14400.00	36125.00	538557.45	538557.45	0.00	0.00	0.00	0.00	5.17	0.00	0.12
178	37.00	41.00	722.50	14400.00	36125.00	538557.45	538557.45	0.00	0.00	0.00	0.00	5.25	0.00	0.12
179	37.00	42.00	722.50	14400.00	36125.00	538557.45	538557.45	0.00	0.00	0.00	0.00	5.28	0.00	0.12
180	37.00	43.00	722.50	14400.00	36125.00	538557.45	538557.45	0.00	0.00	0.00	0.00	5.53	0.00	0.12
181	37.00	44.00	722.50	14400.00	36125.00	538557.45	538557.45	0.00	0.00	0.00	0.00	5.69	0.00	0.12
182	37.00	45.00	722.50	14400.00	36125.00	538557.45	538557.45	0.00	0.00	0.00	0.00	5.71	0.00	0.12
183	37.00	46.00	722.50	14400.00	36125.00	538557.45	538557.45	0.00	0.00	0.00	0.00	6.69	0.00	0.12
184	37.00	47.00	722.50	14400.00	36125.00	538557.45	538557.45	0.00	0.00	0.00	0.00	6.69	0.00	0.12
185	38.00	47.00	722.50	14400.00	36125.00	538557.45	538557.45	0.00	0.00	0.00	0.00	6.61	0.00	0.12
186	39.00	47.00	722.50	14400.00	36125.00	538557.45	538557.45	0.00	0.00	0.00	0.00	6.53	0.00	0.12
187	40.00	47.00	722.50	14400.00	36125.00	538557.45	538557.45	0.00	0.00	0.00	0.00	6.46	0.00	0.12
188	40.00	48.00	722.50	14400.00	36125.00	538557.45	538557.45	0.00	0.00	0.00	0.00	6.66	0.00	0.12
189	41.00	48.00	722.50	14400.00	36125.00	538557.45	538557.45	0.00	0.00	0.00	0.00	6.58	0.00	0.12
190	42.00	48.00	722.50	14400.00	36125.00	538557.45	538557.45	0.00	0.00	0.00	0.00	6.51	0.00	0.12
191	43.00	48.00	722.50	14400.00	36125.00	538557.45	538557.45	0.00	0.00	0.00	0.00	6.44	0.00	0.12
192	43.00	49.00	722.50	14400.00	36125.00	538557.45	538557.45	0.00	0.00	0.00	0.00	6.43	0.00	0.12
193	43.00	50.00	722.50	14400.00	36125.00	538557.45	538557.45	0.00	0.00	0.00	0.00	6.51	0.00	0.12
194	43.00	51.00	722.50	14400.00	36125.00	538557.45	538557.45	0.00	0.00	0.00	0.00	6.69	0.00	0.12
195	43.00	52.00	722.50	14400.00	36125.00	538557.45	538557.45	0.00	0.00	0.00	0.00	6.90	0.00	0.12
196	43.00	53.00	722.50	14400.00	36125.00	538557.45	538557.45	0.00	0.00	0.00	0.00	6.98	0.00	0.12
197	44.00	53.00	722.50	14400.00	36125.00	538557.45	538557.45	0.00	0.00	0.00	0.00	6.90	0.00	0.12
198	44.00	54.00	722.50	14400.00	36125.00	538557.45	538557.45	0.00	0.00	0.00	0.00	6.92	0.00	0.12
199	44.00	55.00	722.50	14400.00	36125.00	538557.45	538557.45	0.00	0.00	0.00	0.00	6.97	0.00	0.12
200	44.00	56.00	722.50	14400.00	36125.00	538557.45	538557.45	0.00	0.00	0.00	0.00	6.96	0.00	0.12
201	45.00	56.00	614.12	17280.00	30706.25	538557.45	538557.45	0.00	0.00	0.00	0.00	6.89	0.00	0.12
202	46.00	56.00	614.12	17280.00	30706.25	538557.45	538557.45	0.00	0.00	0.00	0.00	6.82	0.00	0.12
203	47.00	56.00	614.12	17280.00	30706.25	538557.45	538557.45	0.00	0.00	0.00	0.00	6.76	0.00	0.12
204	47.00	57.00	614.12	17280.00	30706.25	538557.45	538557.45	0.00	0.00	0.00	0.00	6.78	0.00	0.12
205	47.00	58.00	614.12	17280.00	30706.25	538557.45	538557.45	0.00	0.00	0.00	0.00	6.83	0.00	0.12
206	47.00	59.00	614.12	17280.00	30706.25	538557.45	538557.45	0.00	0.00	0.00	0.00	6.84	0.00	0.12
207	48.00	59.00	614.12	17280.00	30706.25	538557.45	538557.45	0.00	0.00	0.00	0.00	6.78	0.00	0.12
208	48.00	60.00	614.12	17280.00	30706.25	538557.45	538557.45	0.00	0.00	0.00	0.00	7.04	0.00	0.12
209	48.00	61.00	614.12	17280.00	30706.25	538557.45	538557.45	0.00	0.00	0.00	0.00	7.01	0.00	0.12
210	48.00	62.00	614.12	17280.00	30706.25	538557.45	538557.45	0.00	0.00	0.00	0.00	7.00	0.00	0.12
211	48.00	63.00	614.12	17280.00	30706.25	538557.45	538557.45	0.00	0.00	0.00	0.00	6.97	0.00	0.12
212	49.00	63.00	614.12	17280.00	30706.25	538557.45	538557.45	0.00	0.00	0.00	0.00	6.90	0.00	0.12
213	49.00	64.00	614.12	17280.00	30706.25	538557.45	538557.45	0.00	0.00	0.00	0.00	7.01	0.00	0.12
214	49.00	65.00	614.12	17280.00	30706.25	538557.45	538557.45	0.00	0.00	0.00	0.00	7.16	0.00	0.12
215	49.00	66.00	614.12	17280.00	30706.25	538557.45	538557.45	0.00	0.00	0.00	0.00	7.17	0.00	0.12
216	49.00	67.00	614.12	17280.00	30706.25	538557.45	538557.45	0.00	0.00	0.00	0.00	7.85	0.00	0.12
217	49.00	68.00	614.12	17280.00	30706.25	538557.45	538557.45	0.00	0.00	0.00	0.00	7.94	0.00	0.12
218	49.00	69.00	614.12	17280.00	30706.25	538557.45	538557.45	0.00	0.00	0.00	0.00	7.97	0.00	0.12
219	49.00	70.00	614.12	17280.00	30706.25	538557.45	538557.45	0.00	0.00	0.00	0.00	8.01	0.00	0.12
220	50.00	70.00	614.12	17280.00	30706.25	538557.45	538557.45	0.00	0.00	0.00	0.00	7.94	0.00	0.12
221	50.00	71.00	614.12	17280.00	30706.25	538557.45	538557.45	0.00	0.00	0.00	0.00	8.07	0.00	0.12
222	50.00	72.00	614.12	17280.00	30706.25	538557.45	538557.45	0.00	0.00	0.00	0.00	8.07	0.00	0.12
223	50.00	73.00	614.12	17280.00	30706.25	538557.45	538557.45	0.00	0.00	0.00	0.00	8.04	0.00	0.12
224	50.00	74.00	614.12	17280.00	30706.25	538557.45	538557.45	0.00	0.00	0.00	0.00	8.07	0.00	0.12
225	50.00	25.00	614.12	17280.00	30706.25	538557.45	538557.45	0.00	0.00	0.00	0.00	2.42	0.00	0.12
226	51.00	25.00	614.12	17280.00	30706.25	538557.45	538557.45	0.00	0.00	0.00	0.00	2.38	0.00	0.12
227	51.00	26.00	614.12	17280.00	30706.25	538557.45	538557.45	0.00	0.00	0.00	0.00	2.49	0.00	0.12
228	51.00	27.00	614.12	17280.00	30706.25	538557.45	538557.45	0.00	0.00	0.00	0.00	2.58	0.00	0.12
229	52.00	27.00	614.12	17280.00	30706.25	538557.45	538557.45	0.00	0.00	0.00	0.00	2.55	0.00	0.12
230	52.00	28.00	614.12	17280.00	30706.25	538557.45	538557.45	0.00	0.00	0.00	0.00	2.80	0.00	0.12
231	53.00	28.00	614.12	17280.00	30706.25	538557.45	538557.45	0.00	0.00	0.00	0.00	2.77	0.00	0.12
232	54.00	28.00	614.12	17280.00	30706.25	538557.45	538557.45	0.00	0.00	0.00	0.00	2.74	0.00	0.12
233	54.00	29.00	614.12	17280.00	30706.25	538557.45	538557.45	0.00	0.00	0.00	0.00	2.75	0.00	0.12
234	54.00	30.00	614.12	17280.00	30706.25	538557.45	538557.45	0.00	0.00	0.00	0.00	2.88	0.00	0.12
235	54.00	31.00	614.12	17280.00	30706.25	538557.45	538557.45	0.00	0.00	0.00	0.00	3.52	0.00	0.12
236	54.00	32.00	614.12	17280.00	30706.25	538557.45	538557.45	0.00	0.00	0.00	0.00	3.71	0.00	0.12
237	54.00	33.00	614.12	17280.00	30706.25	538557.45	538557.45	0.00	0.00	0.00	0.00	4.13	0.00	0.12
238	54.00	34.00	614.12	17280.00	30706.25	538557.45	538557.45	0.00	0.00	0.00	0.00	4.43	0.00	0.12
239	54.00	35.00	614.12	17280.00	30706.25	538557.45	538557.45	0.00	0.00	0.00	0.00	4.43	0.00	0.12
240	54.00	36.00	614.12	17280.00	30706.25	538557.45	538557.45	0.00	0.00	0.00	0.00	4.41	0.00	0.12
241	55.00	36.00	614.12	17280.00	30706.25	538557.45	538557.45	0.00	0.00	0.00	0.00	4.36	0.00	0.12
242	55.00	37.00	614.12	17280.00	30706.25	538557.45	538557.45	0.00	0.00	0.00	0.00	4.44	0.00	0.12
243	55.00	38.00	614.12	17280.00	30706.25	538557.45	538557.45	0.00	0.00	0.00	0.00	4.83	0.00	0.12
244	55.00	39.00	614.12	17280.00	30706.25	538557.45	538557.45	0.00	0.00	0.00	0.00	5.01	0.00	0.12
245	55.00	40.00	614.12	17280.00	30706.25	538557.45	538557.45	0.00	0.00	0.00	0.00	5.03	0.00	0.12
246	55.00	41.00	614.12	17280.00	30706.25	538557.45	538557.45	0.00	0.00	0.00	0.00	5.11	0.00	0.12
247	55.00	42.00	614.12	17280.00	30706.25	538557.45	538557.45	0.00	0.00	0.00	0.00	5.25	0.00	0.12
248	55.00	43.00	614.12	17280.00	30706.25	538557.45	538557.45	0.00	0.00	0.00	0.00	5.49	0.00	0.12
249	56.00	43.00	614.12	17280.00	30706.25	538557.45	538557.45	0.00	0.00	0.00	0.00	5.43	0.00	0.12
250	57.00	43.00	614.12	17280.00	30706.25	538557.45	538557.45	0.00	0.00	0.00	0.00	5.38	0.00	0.12
251	57.00	44.00	614.12	17280.00	30706.25	538557.45	538557.45	0.00	0.00	0.00	0.00	5.46	0.00	0.12
252	57.00	45.00	614.12	17280.00	30706.25	538557.45	538557.45	0.00	0.00	0.00	0.00	5.65	0.00	0.12
253	57.00	46.00	614.12	17280.00	30706.25	538557.45	538557.45	0.00	0.00	0.00	0.00	5.69	0.00	0.12
254	58.00	46.00	614.12	17280.00	30706.25	538557.45	538557.45	0.00	0.00	0.00	0.00	5.64	0.00	0.12
255	59.00	46.00	614.12	17280.00	30706.25	538557.45	538557.45	0.00	0.00	0.00	0.00	5.58	0.00	0.12
256	59.00	47.00	614.12	17280.00	30706.25	538557.45	538557.45	0.00	0.00	0.00	0.00	5.73	0.00	0.12
257	60.00	47.00	614.12	17280.00	30706.25	538557.45	538557.45	0.00	0.00	0.00	0.00	5.67	0.00	0.12
258	60.00	48.00	614.12	17280.00	30706.25	538557.45	538557.45	0.00	0.00	0.00	0.00	6.14	0.00	0.12
259	60.00	49.00	614.12	17280.00	30706.25	538557.45	538557.45	0.00	0.00	0.00	0.00	6.45	0.00	0.12
260	60.00	50.00	614.12	17280.00	30706.25	538557.45	538557.45	0.00	0.00	0.00	0.00	6.41	0.00	0.12
261	60.00	51.00	614.12	17280.00	30706.25	538557.45	538557.45	0.00	0.00	0.00	0.00	6.38	0.00	0.12
262	60.00	52.00	614.12	17280.00	30706.25	538557.45	538557.45	0.00	0.00	0.00	0.00	6.39	0.00	0.12
263	61.00	52.00	614.12	17280.00	30706.25	538557.45	538557.45	0.00	0.00	0.00	0.00	6.34	0.00	0.12
264	62.00	52.00	614.12	17280.00	30706.25	538557.45	538557.45	0.00	0.00	0.00	0.00	6.28	0.00	0.12
265	62.00	53.00	614.12	17280.00	30706.25	538557.45	538557.45	0.00	0.00	0.00	0.00	6.33	0.00	0.12
266	62.00	54.00	614.12	17280.00	30706.25	538557.45	538557.45	0.00	0.00	0.00	0.00	6.37	0.00	0.12
267	63.00	54.00	614.12	17280.00	30706.25	538557.45	538557.45	0.00	0.00	0.00	0.00	6.31	0.00	0.12
268	64.00	54.00	614.12	17280.00	30706.25	538557.45	538557.45	0.00	0.00	0.00	0.00	6.26	0.00	0.12
269	64.00	55.00	614.12	17280.00	30706.25	538557.45	538557.45	0.00	0.00	0.00	0.00	6.47	0.00	0.12
270	64.00	56.00	614.12	17280.00	30706.25	538557.45	538557.45	0.00	0.00	0.00	0.00	6.52	0.00	0.12
271	65.00	56.00	614.12	17280.00	30706.25	538557.45	538557.45	0.00	0.00	0.00	0.00	6.46	0.00	0.12
272	66.00	56.00	614.12	17280.00	30706.25	538557.45	538557.45	0.00	0.00	0.00	0.00	6.41	0.00	0.12
273	66.00	57.00	614.12	17280.00	30706.25	538557.45	538557.45	0.00	0.00	0.00	0.00	6.46	0.00	0.12
274	67.00	57.00	614.12	17280.00	30706.25	538557.45	538557.45	0.00	0.00	0.00	0.00	6.41	0.00	0.12
275	67.00	58.00	614.12	17280.00	30706.25	538557.45	538557.45	0.00	0.00	0.00	0.00	6.45	0.00	0.12
276	67.00	59.00	614.12	17280.00	30706.25	538557.45	538557.45	0.00	0.00	0.00	0.00	6.42	0.00	0.12
277	67.00	60.00	614.12	17280.00	30706.25	538557.45	538557.45	0.00	0.00	0.00	0.00	6.46	0.00	0.12
278	68.00	60.00	614.12	17280.00	30706.25	538557.45	538557.45	0.00	0.00	0.00	0.00	6.41	0.00	0.12
279	69.00	60.00	614.12	17280.00	30706.25	538557.45	538557.45	0.00	0.00	0.00	0.00	6.36	0.00	0.12
280	69.00	61.00	614.12	17280.00	30706.25	538557.45	538557.45	0.00	0.00	0.00	0.00	6.44	0.00	0.12
281	69.00	62.00	614.12	17280.00	30706.25	538557.45	538557.45	0.00	0.00	0.00	0.00	6.55	0.00	0.12
282	69.00	63.00	614.12	17280.00	30706.25	538557.45	538557.45	0.00	0.00	0.00	0.00	6.64	0.00	0.12
283	69.00	64.00	614.12	17280.00	30706.25	538557.45	538557.45	0.00	0.00	0.00	0.00	6.64	0.00	0.12
284	70.00	64.00	614.12	17280.00	30706.25	538557.45	538557.45	0.00	0.00	0.00	0.00	6.60	0.00	0.12
285	70.00	65.00	614.12	17280.00	30706.25	538557.45	538557.45	0.00	0.00	0.00	0.00	6.60	0.00	0.12
286	70.00	66.00	614.12	17280.00	30706.25	538557.45	538557.45	0.00	0.00	0.00	0.00	6.57	0.00	0.12
287	71.00	66.00	614.12	17280.00	30706.25	538557.45	538557.45	0.00	0.00	0.00	0.00	6.52	0.00	0.12
288	71.00	67.00	614.12	17280.00	30706.25	538557.45	538557.45	0.00	0.00	0.00	0.00	6.60	0.00	0.12
289	71.00	68.00	614.12	17280.00	30706.25	538557.45	538557.45	0.00	0.00	0.00	0.00	6.89	0.00	0.12
290	71.00	69.00	614.12	17280.00	30706.25	538557.45	538557.45	0.00	0.00	0.00	0.00	7.05	0.00	0.12
291	71.00	70.00	614.12	17280.00	30706.25	538557.45	538557.45	0.00	0.00	0.00	0.00	7.10	0.00	0.12
292	71.00	71.00	614.12	17280.00	30706.25	538557.45	538557.45	0.00	0.00	0.00	0.00	7.13	0.00	0.12
293	71.00	72.00	614.12	17280.00	30706.25	538557.45	538557.45	0.00	0.00	0.00	0.00	7.18	0.00	0.12
294	71.00	73.00	614.12	17280.00	30706.25	538557.45	538557.45	0.00	0.00	0.00	0.00	7.21	0.00	0.12
295	71.00	74.00	614.12	17280.00	30706.25	538557.45	538557.45	0.00	0.00	0.00	0.00	7.34	0.00	0.12
296	72.00	74.00	614.12	17280.00	30706.25	538557.45	538557.45	0.00	0.00	0.00	0.00	7.29	0.00	0.12
297	73.00	74.00	614.12	17280.00	30706.25	538557.45	538557.45	0.00	0.00	0.00	0.00	7.24	0.00	0.12
298	73.00	25.00	614.12	17280.00	30706.25	538557.45	538557.45	0.00	0.00	0.00	0.00	1.46	0.00	0.12
299	73.00	26.00	614.12	17280.00	30706.25	538557.45	538557.45	0.00	0.00	0.00	0.00	1.48	0.00	0.12
300	73.00	27.00	614.12	17280.00	30706.25	538557.45	538557.45	0.00	0.00	0.00	0.00	1.60	0.00	0.12
301	73.00	28.00	522.01	20736.00	26100.31	538557.45	538557.45	0.00	0.00	0.00	0.00	3.16	0.00	0.12
302	73.00	29.00	522.01	20736.00	26100.31	538557.45	538557.45	0.00	0.00	0.00	0.00	3.20	0.00	0.12
303	73.00	30.00	522.01	20736.00	26100.31	538557.45	538557.45	0.00	0.00	0.00	0.00	3.24	0.00	0.12
304	73.00	31.00	522.01	20736.00	26100.31	538557.45	538557.45	0.00	0.00	0.00	0.00	3.58	0.00	0.12
305	73.00	32.00	522.01	20736.00	26100.31	538557.45	538557.45	0.00	0.00	0.00	0.00	3.57	0.00	0.12
306	74.00	32.00	522.01	20736.00	26100.31	538557.45	538557.45	0.00	0.00	0.00	0.00	3.54	0.00	0.12
307	74.00	33.00	522.01	20736.00	26100.31	538557.45	538557.45	0.00	0.00	0.00	0.00	3.65	0.00	0.12
308	74.00	34.00	522.01	20736.00	26100.31	538557.45	538557.45	0.00	0.00	0.00	0.00	3.72	0.00	0.12
309	74.00	35.00	522.01	20736.00	26100.31	538557.45	538557.45	0.00	0.00	0.00	0.00	4.16	0.00	0.12
310	74.00	36.00	522.01	20736.00	26100.31	538557.45	538557.45	0.00	0.00	0.00	0.00	4.49	0.00	0.12
311	25.00	36.00	522.01	20736.00	26100.31	538557.45	538557.45	0.00	0.00	0.00	0.00	8.10	0.00	0.12
312	26.00	36.00	522.01	20736.00	26100.31	538557.45	538557.45	0.00	0.00	0.00	0.00	7.97	0.00	0.12
313	26.00	37.00	522.01	20736.00	26100.31	538557.45	538557.45	0.00	0.00	0.00	0.00	8.17	0.00	0.12
314	26.00	38.00	522.01	20736.00	26100.31	538557.45	538557.45	0.00	0.00	0.00	0.00	10.38	0.00	0.12
315	26.00	39.00	522.01	20736.00	26100.31	538557.45	538557.45	0.00	0.00	0.00	0.00	10.57	0.00	0.12
316	26.00	40.00	522.01	20736.00	26100.31	538557.45	538557.45	0.00	0.00	0.00	0.00	10.60	0.00	0.12
317	26.00	41.00	522.01	20736.00	26100.31	538557.45	538557.45	0.00	0.00	0.00	0.00	10.48	0.00	0.12
318	27.00	41.00	522.01	20736.00	26100.31	538557.45	538557.45	0.00	0.00	0.00	0.00	10.33	0.00	0.12
319	27.00	42.00	522.01	20736.00	26100.31	538557.45	538557.45	0.00	0.00	0.00	0.00	10.30	0.00	0.12
320	28.00	42.00	522.01	20736.00	26100.31	538557.45	538557.45	0.00	0.00	0.00	0.00	10.15	0.00	0.12
321	29.00	42.00	522.01	20736.00	26100.31	538557.45	538557.45	0.00	0.00	0.00	0.00	10.01	0.00	0.12
322	29.00	43.00	522.01	20736.00	26100.31	538557.45	538557.45	0.00	0.00	0.00	0.00	10.57	0.00	0.12
323	29.00	44.00	522.01	20736.00	26100.31	538557.45	538557.45	0.00	0.00	0.00	0.00	10.58	0.00	0.12
324	30.00	44.00	522.01	20736.00	26100.31	538557.45	538557.45	0.00	0.00	0.00	0.00	10.44	0.00	0.12
325	31.00	44.00	522.01	20736.00	26100.31	538557.45	538557.45	0.00	0.00	0.00	0.00	10.30	0.00	0.12
326	31.00	45.00	522.01	20736.00	26100.31	538557.45	538557.45	0.00	0.00	0.00	0.00	10.37	0.00	0.12
327	32.00	45.00	522.01	20736.00	26100.31	538557.45	538557.45	0.00	0.00	0.00	0.00	10.23	0.00	0.12
328	33.00	45.00	522.01	20736.00	26100.31	538557.45	538557.45	0.00	0.00	0.00	0.00	10.10	0.00	0.12
329	33.00	46.00	522.01	20736.00	26100.31	538557.45	538557.45	0.00	0.00	0.00	0.00	10.14	0.00	0.12
330	33.00	47.00	522.01	20736.00	26100.31	538557.45	538557.45	0.00	0.00	0.00	0.00	10.16	0.00	0.12
331	34.00	47.00	522.01	20736.00	26100.31	538557.45	538557.45	0.00	0.00	0.00	0.00	10.04	0.00	0.12
332	34.00	48.00	522.01	20736.00	26100.31	538557.45	538557.45	0.00	0.00	0.00	0.00	10.05	0.00	0.12
333	35.00	48.00	522.01	20736.00	26100.31	538557.45	538557.45	0.00	0.00	0.00	0.00	9.93	0.00	0.12
334	36.00	48.00	522.01	20736.00	26100.31	538557.45	538557.45	0.00	0.00	0.00	0.00	9.81	0.00	0.12
335	36.00	49.00	522.01	20736.00	26100.31	538557.45	538557.45	0.00	0.00	0.00	0.00	9.91	0.00	0.12
336	37.00	49.00	522.01	20736.00	26100.31	538557.45	538557.45	0.00	0.00	0.00	0.00	9.79	0.00	0.12
337	37.00	50.00	522.01	20736.00	26100.31	538557.45	538557.45	0.00	0.00	0.00	0.00	9.77	0.00	0.12
338	37.00	51.00	522.01	20736.00	26100.31	538557.45	538557.45	0.00	0.00	0.00	0.00	9.69	0.00	0.12
339	37.00	52.00	522.01	20736.00	26100.31	538557.45	538557.45	0.00	0.00	0.00	0.00	9.71	0.00	0.12
340	37.00	53.00	522.01	20736.00	26100.31	538557.45	538557.45	0.00	0.00	0.00	0.00	9.73	0.00	0.12
341	38.00	53.00	522.01	20736.00	26100.31	538557.45	538557.45	0.00	0.00	0.00	0.00	9.63	0.00	0.12
342	38.00	54.00	522.01	20736.00	26100.31	538557.45	538557.45	0.00	0.00	0.00	0.00	10.21	0.00	0.12
343	39.00	54.00	522.01	20736.00	26100.31	538557.45	538557.45	0.00	0.00	0.00	0.00	10.10	0.00	0.12
344	39.00	55.00	522.01	20736.00	26100.31	538557.45	538557.45	0.00	0.00	0.00	0.00	10.10	0.00	0.12
345	39.00	56.00	522.01	20736.00	26100.31	538557.45	538557.45	0.00	0.00	0.00	0.00	10.04	0.00	0.12
346	39.00	57.00	522.01	20736.00	26100.31	538557.45	538557.45	0.00	0.00	0.00	0.00	10.02	0.00	0.12
347	39.00	58.00	522.01	20736.00	26100.31	538557.45	538557.45	0.00	0.00	0.00	0.00	9.94	0.00	0.12
348	40.00	58.00	522.01	20736.00	26100.31	538557.45	538557.45	0.00	0.00	0.00	0.00	9.84	0.00	0.12
349	41.00	58.00	522.01	20736.00	26100.31	538557.45	538557.45	0.00	0.00	0.00	0.00	9.74	0.00	0.12
350	41.00	59.00	522.01	20736.00	26100.31	538557.45	538557.45	0.00	0.00	0.00	0.00	10.00	0.00	0.12
351	41.00	60.00	522.01	20736.00	26100.31	538557.45	538557.45	0.00	0.00	0.00	0.00	10.01	0.00	0.12
352	41.00	61.00	522.01	20736.00	26100.31	538557.45	538557.45	0.00	0.00	0.00	0.00	9.94	0.00	0.12
353	41.00	62.00	522.01	20736.00	26100.31	538557.45	538557.45	0.00	0.00	0.00	0.00	10.14	0.00	0.12
354	41.00	63.00	522.01	20736.00	26100.31	538557.45	538557.45	0.00	0.00	0.00	0.00	10.30	0.00	0.12
355	41.00	64.00	522.01	20736.00	26100.31	538557.45	538557.45	0.00	0.00	0.00	0.00	10.23	0.00	0.12
356	41.00	65.00	522.01	20736.00	26100.31	538557.45	538557.45	0.00	0.00	0.00	0.00	10.33	0.00	0.12
357	41.00	66.00	522.01	20736.00	26100.31	538557.45	538557.45	0.00	0.00	0.00	0.00	10.31	0.00	0.12
358	41.00	67.00	522.01	20736.00	26100.31	538557.45	538557.45	0.00	0.00	0.00	0.00	10.39	0.00	0.12
359	42.00	67.00	522.01	20736.00	26100.31	538557.45	538557.45	0.00	0.00	0.00	0.00	10.30	0.00	0.12
360	42.00	68.00	522.01	20736.00	26100.31	538557.45	538557.45	0.00	0.00	0.00	0.00	10.27	0.00	0.12
361	42.00	69.00	522.01	20736.00	26100.31	538557.45	538557.45	0.00	0.00	0.00	0.00	10.20	0.00	0.12
362	42.00	70.00	522.01	20736.00	26100.31	538557.45	538557.45	0.00	0.00	0.00	0.00	10.22	0.00	0.12
363	42.00	71.00	522.01	20736.00	26100.31	538557.45	538557.45	0.00	0.00	0.00	0.00	10.25	0.00	0.12
364	42.00	72.00	522.01	20736.00	26100.31	538557.45	538557.45	0.00	0.00	0.00	0.00	10.31	0.00	0.12
365	42.00	73.00	522.01	20736.00	26100.31	538557.45	538557.45	0.00	0.00	0.00	0.00	10.32	0.00	0.12
366	42.00	74.00	522.01	20736.00	26100.31	538557.45	538557.45	0.00	0.00	0.00	0.00	10.33	0.00	0.12
367	42.00	25.00	522.01	20736.00	26100.31	538557.45	538557.45	0.00	0.00	0.00	0.00	2.32	0.00	0.12
368	42.00	26.00	522.01	20736.00	26100.31	538557.45	538557.45	0.00	0.00	0.00	0.00	2.39	0.00	0.12
369	42.00	27.00	522.01	20736.00	26100.31	538557.45	538557.45	0.00	0.00	0.00	0.00	3.13	0.00	0.12
370	43.00	27.00	522.01	20736.00	26100.31	538557.45	538557.45	0.00	0.00	0.00	0.00	3.09	0.00	0.12
371	44.00	27.00	522.01	20736.00	26100.31	538557.45	538557.45	0.00	0.00	0.00	0.00	3.05	0.00	0.12
372	45.00	27.00	522.01	20736.00	26100.31	538557.45	538557.45	0.00	0.00	0.00	0.00	3.00	0.00	0.12
373	45.00	28.00	522.01	20736.00	26100.31	538557.45	538557.45	0.00	0.00	0.00	0.00	3.00	0.00	0.12
374	45.00	29.00	522.01	20736.00	26100.31	538557.45	538557.45	0.00	0.00	0.00	0.00	3.00	0.00	0.12
375	45.00	30.00	522.01	20736.00	26100.31	538557.45	538557.45	0.00	0.00	0.00	0.00	2.98	0.00	0.12
376	45.00	31.00	522.01	20736.00	26100.31	538557.45	538557.45	0.00	0.00	0.00	0.00	2.97	0.00	0.12
377	46.00	31.00	522.01	20736.00	26100.31	538557.45	538557.45	0.00	0.00	0.00	0.00	2.93	0.00	0.12
378	47.00	31.00	522.01	20736.00	26100.31	538557.45	538557.45	0.00	0.00	0.00	0.00	2.89	0.00	0.12
379	48.00	31.00	522.01	20736.00	26100.31	538557.45	538557.45	0.00	0.00	0.00	0.00	2.86	0.00	0.12
380	48.00	32.00	522.01	20736.00	26100.31	538557.45	538557.45	0.00	0.00	0.00	0.00	2.99	0.00	0.12
381	49.00	32.00	522.01	20736.00	26100.31	538557.45	538557.45	0.00	0.00	0.00	0.00	2.95	0.00	0.12
382	49.00	33.00	522.01	20736.00	26100.31	538557.45	538557.45	0.00	0.00	0.00	0.00	3.12	0.00	0.12
383	50.00	33.00	522.01	20736.00	26100.31	538557.45	538557.45	0.00	0.00	0.00	0.00	3.08	0.00	0.12
384	50.00	34.00	522.01	20736.00	26100.31	538557.45	538557.45	0.00	0.00	0.00	0.00	3.18	0.00	0.12
385	51.00	34.00	522.01	20736.00	26100.31	538557.45	538557.45	0.00	0.00	0.00	0.00	3.14	0.00	0.12
386	51.00	35.00	522.01	20736.00	26100.31	538557.45	538557.45	0.00	0.00	0.00	0.00	3.12	0.00	0.12
387	51.00	36.00	522.01	20736.00	26100.31	538557.45	538557.45	0.00	0.00	0.00	0.00	3.12	0.00	0.12
388	51.00	37.00	522.01	20736.00	26100.31	538557.45	538557.45	0.00	0.00	0.00	0.00	3.31	0.00	0.12
389	51.00	38.00	522.01	20736.00	26100.31	538557.45	538557.45	0.00	0.00	0.00	0.00	3.51	0.00	0.12
390	51.00	39.00	522.01	20736.00	26100.31	538557.45	538557.45	0.00	0.00	0.00	0.00	3.57	0.00	0.12
391	51.00	40.00	522.01	20736.00	26100.31	538557.45	538557.45	0.00	0.00	0.00	0.00	3.74	0.00	0.12
392	51.00	41.00	522.01	20736.00	26100.31	538557.45	538557.45	0.00	0.00	0.00	0.00	3.82	0.00	0.12
393	51.00	42.00	522.01	20736.00	26100.31	538557.45	538557.45	0.00	0.00	0.00	0.00	3.81	0.00	0.12
394	52.00	42.00	522.01	20736.00	26100.31	538557.45	538557.45	0.00	0.00	0.00	0.00	3.77	0.00	0.12
395	53.00	42.00	522.01	20736.00	26100.31	538557.45	538557.45	0.00	0.00	0.00	0.00	3.73	0.00	0.12
396	53.00	43.00	522.01	20736.00	26100.31	538557.45	538557.45	0.00	0.00	0.00	0.00	3.84	0.00	0.12
397	53.00	44.00	522.01	20736.00	26100.31	538557.45	538557.45	0.00	0.00	0.00	0.00	4.23	0.00	0.12
398	54.00	44.00	522.01	20736.00	26100.31	538557.45	538557.45	0.00	0.00	0.00	0.00	4.19	0.00	0.12
399	54.00	45.00	522.01	20736.00	26100.31	538557.45	538557.45	0.00	0.00	0.00	0.00	4.31	0.00	0.12
400	54.00	46.00	522.01	20736.00	26100.31	538557.45	538557.45	0.00	0.00	0.00	0.00	4.31	0.00	0.12
401	55.00	46.00	443.71	24883.20	22185.27	538557.45	538557.45	0.00	0.00	0.00	0.00	4.26	0.00	0.12
402	55.00	47.00	443.71	24883.20	22185.27	538557.45	538557.45	0.00	0.00	0.00	0.00	4.33	0.00	0.12
403	55.00	48.00	443.71	24883.20	22185.27	538557.45	538557.45	0.00	0.00	0.00	0.00	4.42	0.00	0.12
404	56.00	48.00	443.71	24883.20	22185.27	538557.45	538557.45	0.00	0.00	0.00	0.00	4.38	0.00	0.12
405	57.00	48.00	443.71	24883.20	22185.27	538557.45	538557.45	0.00	0.00	0.00	0.00	4.34	0.00	0.12
406	58.00	48.00	443.71	24883.20	22185.27	538557.45	538557.45	0.00	0.00	0.00	0.00	4.30	0.00	0.12
407	59.00	48.00	443.71	24883.20	22185.27	538557.45	538557.45	0.00	0.00	0.00	0.00	4.26	0.00	0.12
408	59.00	49.00	443.71	24883.20	22185.27	538557.45	538557.45	0.00	0.00	0.00	0.00	4.36	0.00	0.12
409	60.00	49.00	443.71	24883.20	22185.27	538557.45	538557.45	0.00	0.00	0.00	0.00	4.32	0.00	0.12
410	61.00	49.00	443.71	24883.20	22185.27	538557.45	538557.45	0.00	0.00	0.00	0.00	4.28	0.00	0.12
411	61.00	50.00	443.71	24883.20	22185.27	538557.45	538557.45	0.00	0.00	0.00	0.00	4.28	0.00	0.12
412	62.00	50.00	443.71	24883.20	22185.27	538557.45	538557.45	0.00	0.00	0.00	0.00	4.24	0.00	0.12
413	63.00	50.00	443.71	24883.20	22185.27	538557.45	538557.45	0.00	0.00	0.00	0.00	4.20	0.00	0.12
414	63.00	51.00	443.71	24883.20	22185.27	538557.45	538557.45	0.00	0.00	0.00	0.00	4.29	0.00	0.12
415	65.00	50.00	443.71	24883.20	22185.27	538557.45	538557.45	0.00	0.00	0.00	0.00	8.57	0.00	0.12
416	65.00	51.00	377.15	29859.84	18857.48	538557.45	538557.45	0.00	0.00	0.00	0.00	8.96	0.00	0.12
417	66.00	51.00	377.15	29859.84	18857.48	538557.45	538557.45	0.00	0.00	0.00	0.00	8.88	0.00	0.12
418	67.00	51.00	377.15	29859.84	18857.48	538557.45	538557.45	0.00	0.00	0.00	0.00	8.81	0.00	0.12
419	68.00	51.00	377.15	29859.84	18857.48	538557.45	538557.45	0.00	0.00	0.00	0.00	8.73	0.00	0.12
420	69.00	51.00	377.15	29859.84	18857.48	538557.45	538557.45	0.00	0.00	0.00	0.00	8.66	0.00	0.12
421	70.00	51.00	377.15	29859.84	18857.48	538557.45	538557.45	0.00	0.00	0.00	0.00	8.59	0.00	0.12
422	71.00	51.00	377.15	29859.84	18857.48	538557.45	538557.45	0.00	0.00	0.00	0.00	8.52	0.00	0.12
423	72.00	51.00	377.15	29859.84	18857.48	538557.45	538557.45	0.00	0.00	0.00	0.00	8.45	0.00	0.12
424	73.00	51.00	377.15	29859.84	18857.48	538557.45	538557.45	0.00	0.00	0.00	0.00	8.38	0.00	0.12
425	74.00	51.00	377.15	29859.84	18857.48	538557.45	538557.45	0.00	0.00	0.00	0.00	8.31	0.00	0.12
426	74.00	52.00	377.15	29859.84	18857.48	538557.45	538557.45	0.00	0.00	0.00	0.00	8.38	0.00	0.12
427	25.00	52.00	377.15	29859.84	18857.48	538557.45	538557.45	0.00	0.00	0.00	0.00	13.71	0.00	0.12
428	25.00	53.00	377.15	29859.84	18857.48	538557.45	538557.45	0.00	0.00	0.00	0.00	13.92	0.00	0.12
429	26.00	53.00	377.15	29859.84	18857.48	538557.45	538557.45	0.00	0.00	0.00	0.00	13.75	0.00	0.12
430	26.00	54.00	377.15	29859.84	18857.48	538557.45	538557.45	0.00	0.00	0.00	0.00	14.14	0.00	0.12
431	27.00	54.00	377.15	29859.84	18857.48	538557.45	538557.45	0.00	0.00	0.00	0.00	13.97	0.00	0.12
432	28.00	54.00	377.15	29859.84	18857.48	538557.45	538557.45	0.00	0.00	0.00	0.00	13.80	0.00	0.12
433	28.00	55.00	377.15	29859.84	18857.48	538557.45	538557.45	0.00	0.00	0.00	0.00	14.30	0.00	0.12
434	29.00	55.00	377.15	29859.84	18857.48	538557.45	538557.45	0.00	0.00	0.00	0.00	14.13	0.00	0.12
435	29.00	56.00	377.15	29859.84	18857.48	538557.45	538557.45	0.00	0.00	0.00	0.00	14.91	0.00	0.12
436	30.00	56.00	377.15	29859.84	18857.48	538557.45	538557.45	0.00	0.00	0.00	0.00	14.74	0.00	0.12
437	30.00	57.00	377.15	29859.84	18857.48	538557.45	538557.45	0.00	0.00	0.00	0.00	14.78	0.00	0.12
438	31.00	57.00	377.15	29859.84	18857.48	538557.45	538557.45	0.00	0.00	0.00	0.00	14.61	0.00	0.12
439	32.00	57.00	377.15	29859.84	18857.48	538557.45	538557.45	0.00	0.00	0.00	0.00	14.45	0.00	0.12
440	33.00	57.00	377.15	29859.84	18857.48	538557.45	538557.45	0.00	0.00	0.00	0.00	14.29	0.00	0.12
441	34.00	57.00	377.15	29859.84	18857.48	538557.45	538557.45	0.00	0.00	0.00	0.00	14.13	0.00	0.12
442	34.00	58.00	377.15	29859.84	18857.48	538557.45	538557.45	0.00	0.00	0.00	0.00	14.10	0.00	0.12
443	35.00	58.00	377.15	29859.84	18857.48	538557.45	538557.45	0.00	0.00	0.00	0.00	13.95	0.00	0.12
444	35.00	59.00	377.15	29859.84	18857.48	538557.45	538557.45	0.00	0.00	0.00	0.00	14.24	0.00	0.12
445	36.00	59.00	377.15	29859.84	18857.48	538557.45	538557.45	0.00	0.00	0.00	0.00	14.09	0.00	0.12
446	37.00	59.00	377.15	29859.84	18857.48	538557.45	538557.45	0.00	0.00	0.00	0.00	13.94	0.00	0.12
447	38.00	59.00	377.15	29859.84	18857.48	538557.45	538557.45	0.00	0.00	0.00	0.00	13.80	0.00	0.12
448	39.00	59.00	377.15	29859.84	18857.48	538557.45	538557.45	0.00	0.00	0.00	0.00	13.66	0.00	0.12
449	39.00	60.00	377.15	29859.84	18857.48	538557.45	538557.45	0.00	0.00	0.00	0.00	13.66	0.00	0.12
450	40.00	60.00	377.15	29859.84	18857.48	538557.45	538557.45	0.00	0.00	0.00	0.00	13.52	0.00	0.12
451	40.00	61.00	377.15	29859.84	18857.48	538557.45	538557.45	0.00	0.00	0.00	0.00	13.62	0.00	0.12
452	40.00	62.00	377.15	29859.84	18857.48	538557.45	538557.45	0.00	0.00	0.00	0.00	13.52	0.00	0.12
453	41.00	62.00	377.15	29859.84	18857.48	538557.45	538557.45	0.00	0.00	0.00	0.00	13.39	0.00	0.12
454	42.00	62.00	377.15	29859.84	18857.48	538557.45	538557.45	0.00	0.00	0.00	0.00	13.26	0.00	0.12
455	43.00	62.00	377.15	29859.84	18857.48	538557.45	538557.45	0.00	0.00	0.00	0.00	13.13	0.00	0.12
456	43.00	63.00	377.15	29859.84	18857.48	538557.45	538557.45	0.00	0.00	0.00	0.00	13.11	0.00	0.12
457	43.00	64.00	377.15	29859.84	18857.48	538557.45	538557.45	0.00	0.00	0.00	0.00	13.09	0.00	0.12
458	44.00	64.00	377.15	29859.84	18857.48	538557.45	538557.45	0.00	0.00	0.00	0.00	12.97	0.00	0.12
459	45.00	64.00	377.15	29859.84	18857.48	538557.45	538557.45	0.00	0.00	0.00	0.00	12.85	0.00	0.12
460	46.00	64.00	377.15	29859.84	18857.48	538557.45	538557.45	0.00	0.00	0.00	0.00	12.73	0.00	0.12
461	47.00	64.00	377.15	29859.84	18857.48	538557.45	538557.45	0.00	0.00	0.00	0.00	12.62	0.00	0.12
462	48.00	64.00	377.15	29859.84	18857.48	538557.45	538557.45	0.00	0.00	0.00	0.00	12.51	0.00	0.12
463	48.00	65.00	377.15	29859.84	18857.48	538557.45	538557.45	0.00	0.00	0.00	0.00	12.47	0.00	0.12
464	48.00	66.00	377.15	29859.84	18857.48	538557.45	538557.45	0.00	0.00	0.00	0.00	12.44	0.00	0.12
465	49.00	66.00	377.15	29859.84	18857.48	538557.45	538557.45	0.00	0.00	0.00	0.00	12.33	0.00	0.12
466	49.00	67.00	377.15	29859.84	18857.48	538557.45	538557.45	0.00	0.00	0.00	0.00	12.32	0.00	0.12
467	50.00	67.00	377.15	29859.84	18857.48	538557.45	538557.45	0.00	0.00	0.00	0.00	12.22	0.00	0.12
468	51.00	67.00	377.15	29859.84	18857.48	538557.45	538557.45	0.00	0.00	0.00	0.00	12.12	0.00	0.12
469	52.00	67.00	377.15	29859.84	18857.48	538557.45	538557.45	0.00	0.00	0.00	0.00	12.01	0.00	0.12
470	52.00	68.00	377.15	29859.84	18857.48	538557.45	538557.45	0.00	0.00	0.00	0.00	12.01	0.00	0.12
471	52.00	69.00	377.15	29859.84	18857.48	538557.45	538557.45	0.00	0.00	0.00	0.00	12.00	0.00	0.12
472	53.00	69.00	377.15	29859.84	18857.48	538557.45	538557.45	0.00	0.00	0.00	0.00	11.91	0.00	0.12
473	54.00	69.00	377.15	29859.84	18857.48	538557.45	538557.45	0.00	0.00	0.00	0.00	11.81	0.00	0.12
474	54.00	70.00	377.15	29859.84	18857.48	538557.45	538557.45	0.00	0.00	0.00	0.00	11.74	0.00	0.12
475	55.00	70.00	377.15	29859.84	18857.48	538557.45	538557.45	0.00	0.00	0.00	0.00	11.64	0.00	0.12
476	56.00	70.00	377.15	29859.84	18857.48	538557.45	538557.45	0.00	0.00	0.00	0.00	11.55	0.00	0.12
477	57.00	70.00	377.15	29859.84	18857.48	538557.45	538557.45	0.00	0.00	0.00	0.00	11.46	0.00	0.12
478	58.00	70.00	377.15	29859.84	18857.48	538557.45	538557.45	0.00	0.00	0.00	0.00	11.37	0.00	0.12
479	59.00	70.00	377.15	29859.84	18857.48	538557.45	538557.45	0.00	0.00	0.00	0.00	11.28	0.00	0.12
480	59.00	71.00	377.15	29859.84	18857.48	538557.45	538557.45	0.00	0.00	0.00	0.00	11.44	0.00	0.12
481	60.00	71.00	377.15	29859.84	18857.48	538557.45	538557.45	0.00	0.00	0.00	0.00	11.36	0.00	0.12
482	61.00	71.00	377.15	29859.84	18857.48	538557.45	538557.45	0.00	0.00	0.00	0.00	11.27	0.00	0.12
483	61.00	72.00	377.15	29859.84	18857.48	538557.45	538557.45	0.00	0.00	0.00	0.00	11.21	0.00	0.12
484	62.00	72.00	377.15	29859.84	18857.48	538557.45	538557.45	0.00	0.00	0.00	0.00	11.12	0.00	0.12
485	63.00	72.00	377.15	29859.84	18857.48	538557.45	538557.45	0.00	0.00	0.00	0.00	11.04	0.00	0.12
486	63.00	73.00	377.15	29859.84	18857.48	538557.45	538557.45	0.00	0.00	0.00	0.00	11.04	0.00	0.12
487	63.00	74.00	377.15	29859.84	18857.48	538557.45	538557.45	0.00	0.00	0.00	0.00	11.24	0.00	0.12
488	64.00	74.00	377.15	29859.84	18857.48	538557.45	538557.45	0.00	0.00	0.00	0.00	11.16	0.00	0.12
489	64.00	25.00	377.15	29859.84	18857.48	538557.45	538557.45	0.00	0.00	0.00	0.00	4.19	0.00	0.12
490	65.00	25.00	377.15	29859.84	18857.48	538557.45	538557.45	0.00	0.00	0.00	0.00	4.14	0.00	0.12
491	65.00	26.00	377.15	29859.84	18857.48	538557.45	538557.45	0.00	0.00	0.00	0.00	4.28	0.00	0.12
492	65.00	27.00	377.15	29859.84	18857.48	538557.45	538557.45	0.00	0.00	0.00	0.00	4.32	0.00	0.12
493	66.00	27.00	377.15	29859.84	18857.48	538557.45	538557.45	0.00	0.00	0.00	0.00	4.28	0.00	0.12
494	66.00	28.00	377.15	29859.84	18857.48	538557.45	538557.45	0.00	0.00	0.00	0.00	4.35	0.00	0.12
495	66.00	29.00	377.15	29859.84	18857.48	538557.45	538557.45	0.00	0.00	0.00	0.00	4.43	0.00	0.12
496	67.00	29.00	377.15	29859.84	18857.48	538557.45	538557.45	0.00	0.00	0.00	0.00	4.38	0.00	0.12
497	68.00	29.00	377.15	29859.84	18857.48	538557.45	538557.45	0.00	0.00	0.00	0.00	4.33	0.00	0.12
498	68.00	30.00	377.15	29859.84	18857.48	538557.45	538557.45	0.00	0.00	0.00	0.00	4.41	0.00	0.12
499	69.00	30.00	377.15	29859.84	18857.48	538557.45	538557.45	0.00	0.00	0.00	0.00	4.36	0.00	0.12
500	70.00	30.00	377.15	29859.84	18857.48	538557.45	538557.45	0.00	0.00	0.00	0.00	4.32	0.00	0.12
501	70.00	31.00	377.15	29859.84	18857.48	538557.45	538557.45	0.00	0.00	0.00	0.00	4.47	0.00	0.12
502	70.00	32.00	377.15	29859.84	18857.48	538557.45	538557.45	0.00	0.00	0.00	0.00	4.45	0.00	0.12
503	70.00	33.00	377.15	29859.84	18857.48	538557.45	538557.45	0.00	0.00	0.00	0.00	4.76	0.00	0.12
504	70.00	34.00	377.15	29859.84	18857.48	538557.45	538557.45	0.00	0.00	0.00	0.00	4.73	0.00	0.12
505	71.00	34.00	377.15	29859.84	18857.48	538557.45	538557.45	0.00	0.00	0.00	0.00	4.69	0.00	0.12
506	72.00	34.00	377.15	29859.84	18857.48	538557.45	538557.45	0.00	0.00	0.00	0.00	4.65	0.00	0.12
507	73.00	34.00	377.15	29859.84	18857.48	538557.45	538557.45	0.00	0.00	0.00	0.00	4.60	0.00	0.12
508	74.00	34.00	377.15	29859.84	18857.48	538557.45	538557.45	0.00	0.00	0.00	0.00	4.56	0.00	0.12
509	74.00	35.00	377.15	29859.84	18857.48	538557.45	538557.45	0.00	0.00	0.00	0.00	4.62	0.00	0.12
510	74.00	36.00	377.15	29859.84	18857.48	538557.45	538557.45	0.00	0.00	0.00	0.00	4.65	0.00	0.12
511	25.00	36.00	377.15	29859.84	18857.48	538557.45	538557.45	0.00	0.00	0.00	0.00	8.39	0.00	0.12
512	25.00	37.00	377.15	29859.84	18857.48	538557.45	538557.45	0.00	0.00	0.00	0.00	10.46	0.00	0.12
513	26.00	37.00	377.15	29859.84	18857.48	538557.45	538557.45	0.00	0.00	0.00	0.00	10.29	0.00	0.12
514	26.00	38.00	377.15	29859.84	18857.48	538557.45	538557.45	0.00	0.00	0.00	0.00	10.18	0.00	0.12
515	27.00	38.00	377.15	29859.84	18857.48	538557.45	538557.45	0.00	0.00	0.00	0.00	10.02	0.00	0.12
516	27.00	39.00	320.58	35831.81	16028.85	538557.45	538557.45	0.00	0.00	0.00	0.00	10.16	0.00	0.12
517	28.00	39.00	320.58	35831.81	16028.85	538557.45	538557.45	0.00	0.00	0.00	0.00	10.01	0.00	0.12
518	28.00	40.00	320.58	35831.81	16028.85	538557.45	538557.45	0.00	0.00	0.00	0.00	10.03	0.00	0.12
519	28.00	41.00	320.58	35831.81	16028.85	538557.45	538557.45	0.00	0.00	0.00	0.00	10.00	0.00	0.12
520	28.00	42.00	320.58	35831.81	16028.85	538557.45	538557.45	0.00	0.00	0.00	0.00	10.11	0.00	0.12
521	28.00	43.00	320.58	35831.81	16028.85	538557.45	538557.45	0.00	0.00	0.00	0.00	10.12	0.00	0.12
522	28.00	44.00	320.58	35831.81	16028.85	538557.45	538557.45	0.00	0.00	0.00	0.00	10.17	0.00	0.12
523	29.00	44.00	320.58	35831.81	16028.85	538557.45	538557.45	0.00	0.00	0.00	0.00	10.03	0.00	0.12
524	30.00	44.00	320.58	35831.81	16028.85	538557.45	538557.45	0.00	0.00	0.00	0.00	9.90	0.00	0.12
525	31.00	44.00	320.58	35831.81	16028.85	538557.45	538557.45	0.00	0.00	0.00	0.00	9.77	0.00	0.12
526	32.00	44.00	320.58	35831.81	16028.85	538557.45	538557.45	0.00	0.00	0.00	0.00	9.64	0.00	0.12
527	33.00	44.00	320.58	35831.81	16028.85	538557.45	538557.45	0.00	0.00	0.00	0.00	9.51	0.00	0.12
528	33.00	45.00	320.58	35831.81	16028.85	538557.45	538557.45	0.00	0.00	0.00	0.00	9.44	0.00	0.12
529	34.00	45.00	320.58	35831.81	16028.85	538557.45	538557.45	0.00	0.00	0.00	0.00	9.32	0.00	0.12
530	35.00	45.00	320.58	35831.81	16028.85	538557.45	538557.45	0.00	0.00	0.00	0.00	9.20	0.00	0.12
531	36.00	45.00	320.58	35831.81	16028.85	538557.45	538557.45	0.00	0.00	0.00	0.00	9.09	0.00	0.12
532	36.00	46.00	320.58	35831.81	16028.85	538557.45	538557.45	0.00	0.00	0.00	0.00	9.08	0.00	0.12
533	37.00	46.00	320.58	35831.81	16028.85	538557.45	538557.45	0.00	0.00	0.00	0.00	8.97	0.00	0.12
534	38.00	46.00	320.58	35831.81	16028.85	538557.45	538557.45	0.00	0.00	0.00	0.00	8.86	0.00	0.12
535	39.00	46.00	320.58	35831.81	16028.85	538557.45	538557.45	0.00	0.00	0.00	0.00	8.76	0.00	0.12
536	39.00	47.00	320.58	35831.81	16028.85	538557.45	538557.45	0.00	0.00	0.00	0.00	9.02	0.00	0.12
537	40.00	47.00	320.58	35831.81	16028.85	538557.45	538557.45	0.00	0.00	0.00	0.00	8.91	0.00	0.12
538	41.00	47.00	320.58	35831.81	16028.85	538557.45	538557.45	0.00	0.00	0.00	0.00	8.81	0.00	0.12
539	42.00	47.00	320.58	35831.81	16028.85	538557.45	538557.45	0.00	0.00	0.00	0.00	8.71	0.00	0.12
540	43.00	47.00	320.58	35831.81	16028.85	538557.45	538557.45	0.00	0.00	0.00	0.00	8.62	0.00	0.12
541	43.00	48.00	320.58	35831.81	16028.85	538557.45	538557.45	0.00	0.00	0.00	0.00	8.94	0.00	0.12
542	44.00	48.00	320.58	35831.81	16028.85	538557.45	538557.45	0.00	0.00	0.00	0.00	8.84	0.00	0.12
543	45.00	48.00	320.58	35831.81	16028.85	538557.45	538557.45	0.00	0.00	0.00	0.00	8.75	0.00	0.12
544	45.00	49.00	320.58	35831.81	16028.85	538557.45	538557.45	0.00	0.00	0.00	0.00	8.78	0.00	0.12
545	45.00	50.00	320.58	35831.81	16028.85	538557.45	538557.45	0.00	0.00	0.00	0.00	8.80	0.00	0.12
546	45.00	51.00	320.58	35831.81	16028.85	538557.45	538557.45	0.00	0.00	0.00	0.00	9.15	0.00	0.12
547	46.00	51.00	320.58	35831.81	16028.85	538557.45	538557.45	0.00	0.00	0.00	0.00	9.06	0.00	0.12
548	47.00	51.00	320.58	35831.81	16028.85	538557.45	538557.45	0.00	0.00	0.00	0.00	8.96	0.00	0.12
549	47.00	52.00	320.58	35831.81	16028.85	538557.45	538557.45	0.00	0.00	0.00	0.00	9.02	0.00	0.12
550	47.00	53.00	320.58	35831.81	16028.85	538557.45	538557.45	0.00	0.00	0.00	0.00	9.07	0.00	0.12
551	48.00	53.00	320.58	35831.81	16028.85	538557.45	538557.45	0.00	0.00	0.00	0.00	8.98	0.00	0.12
552	49.00	53.00	320.58	35831.81	16028.85	538557.45	538557.45	0.00	0.00	0.00	0.00	8.90	0.00	0.12
553	49.00	54.00	320.58	35831.81	16028.85	538557.45	538557.45	0.00	0.00	0.00	0.00	8.95	0.00	0.12
554	49.00	55.00	320.58	35831.81	16028.85	538557.45	538557.45	0.00	0.00	0.00	0.00	8.96	0.00	0.12
555	50.00	55.00	320.58	35831.81	16028.85	538557.45	538557.45	0.00	0.00	0.00	0.00	8.87	0.00	0.12
556	50.00	56.00	320.58	35831.81	16028.85	538557.45	538557.45	0.00	0.00	0.00	0.00	8.89	0.00	0.12
557	51.00	56.00	320.58	35831.81	16028.85	538557.45	538557.45	0.00	0.00	0.00	0.00	8.81	0.00	0.12
558	52.00	56.00	320.58	35831.81	16028.85	538557.45	538557.45	0.00	0.00	0.00	0.00	8.73	0.00	0.12
559	53.00	56.00	320.58	35831.81	16028.85	538557.45	538557.45	0.00	0.00	0.00	0.00	8.65	0.00	0.12
560	53.00	57.00	320.58	35831.81	16028.85	538557.45	538557.45	0.00	0.00	0.00	0.00	8.60	0.00	0.12
561	54.00	57.00	320.58	35831.81	16028.85	538557.45	538557.45	0.00	0.00	0.00	0.00	8.52	0.00	0.12
562	55.00	57.00	320.58	35831.81	16028.85	538557.45	538557.45	0.00	0.00	0.00	0.00	8.44	0.00	0.12
563	56.00	57.00	320.58	35831.81	16028.85	538557.45	538557.45	0.00	0.00	0.00	0.00	8.37	0.00	0.12
564	56.00	58.00	320.58	35831.81	16028.85	538557.45	538557.45	0.00	0.00	0.00	0.00	8.33	0.00	0.12
565	56.00	59.00	320.58	35831.81	16028.85	538557.45	538557.45	0.00	0.00	0.00	0.00	8.35	0.00	0.12
566	56.00	60.00	320.58	35831.81	16028.85	538557.45	538557.45	0.00	0.00	0.00	0.00	8.49	0.00	0.12
567	56.00	61.00	320.58	35831.81	16028.85	538557.45	538557.45	0.00	0.00	0.00	0.00	8.56	0.00	0.12
568	57.00	61.00	320.58	35831.81	16028.85	538557.45	538557.45	0.00	0.00	0.00	0.00	8.49	0.00	0.12
569	58.00	61.00	320.58	35831.81	16028.85	538557.45	538557.45	0.00	0.00	0.00	0.00	8.42	0.00	0.12
570	59.00	61.00	320.58	35831.81	16028.85	538557.45	538557.45	0.00	0.00	0.00	0.00	8.35	0.00	0.12
571	59.00	62.00	320.58	35831.81	16028.85	538557.45	538557.45	0.00	0.00	0.00	0.00	8.35	0.00	0.12
572	60.00	62.00	320.58	35831.81	16028.85	538557.45	538557.45	0.00	0.00	0.00	0.00	8.28	0.00	0.12
573	60.00	63.00	320.58	35831.81	16028.85	538557.45	538557.45	0.00	0.00	0.00	0.00	8.30	0.00	0.12
574	60.00	64.00	320.58	35831.81	16028.85	538557.45	538557.45	0.00	0.00	0.00	0.00	8.26	0.00	0.12
575	60.00	65.00	320.58	35831.81	16028.85	538557.45	538557.45	0.00	0.00	0.00	0.00	8.61	0.00	0.12
576	61.00	65.00	320.58	35831.81	16028.85	538557.45	538557.45	0.00	0.00	0.00	0.00	8.54	0.00	0.12
577	62.00	65.00	320.58	35831.81	16028.85	538557.45	538557.45	0.00	0.00	0.00	0.00	8.48	0.00	0.12
578	63.00	65.00	320.58	35831.81	16028.85	538557.45	538557.45	0.00	0.00	0.00	0.00	8.41	0.00	0.12
579	63.00	66.00	320.58	35831.81	16028.85	538557.45	538557.45	0.00	0.00	0.00	0.00	8.69	0.00	0.12
580	64.00	66.00	320.58	35831.81	16028.85	538557.45	538557.45	0.00	0.00	0.00	0.00	8.62	0.00	0.12
581	65.00	66.00	320.58	35831.81	16028.85	538557.45	538557.45	0.00	0.00	0.00	0.00	8.56	0.00	0.12
582	65.00	67.00	320.58	35831.81	16028.85	538557.45	538557.45	0.00	0.00	0.00	0.00	8.51	0.00	0.12
583	66.00	67.00	320.58	35831.81	16028.85	538557.45	538557.45	0.00	0.00	0.00	0.00	8.45	0.00	0.12
584	66.00	68.00	320.58	35831.81	16028.85	538557.45	538557.45	0.00	0.00	0.00	0.00	8.62	0.00	0.12
585	66.00	69.00	320.58	35831.81	16028.85	538557.45	538557.45	0.00	0.00	0.00	0.00	8.65	0.00	0.12
586	67.00	69.00	320.58	35831.81	16028.85	538557.45	538557.45	0.00	0.00	0.00	0.00	8.59	0.00	0.12
587	67.00	70.00	320.58	35831.81	16028.85	538557.45	538557.45	0.00	0.00	0.00	0.00	8.83	0.00	0.12
588	68.00	70.00	320.58	35831.81	16028.85	538557.45	538557.45	0.00	0.00	0.00	0.00	8.76	0.00	0.12
589	68.00	71.00	320.58	35831.81	16028.85	538557.45	538557.45	0.00	0.00	0.00	0.00	8.82	0.00	0.12
590	69.00	71.00	320.58	35831.81	16028.85	538557.45	538557.45	0.00	0.00	0.00	0.00	8.76	0.00	0.12
591	69.00	72.00	320.58	35831.81	16028.85	538557.45	538557.45	0.00	0.00	0.00	0.00	8.87	0.00	0.12
592	69.00	73.00	320.58	35831.81	16028.85	538557.45	538557.45	0.00	0.00	0.00	0.00	8.85	0.00	0.12
593	70.00	73.00	320.58	35831.81	16028.85	538557.45	538557.45	0.00	0.00	0.00	0.00	8.79	0.00	0.12
594	70.00	74.00	320.58	35831.81	16028.85	538557.45	538557.45	0.00	0.00	0.00	0.00	8.74	0.00	0.12
595	70.00	25.00	320.58	35831.81	16028.85	538557.45	538557.45	0.00	0.00	0.00	0.00	4.52	0.00	0.12
596	71.00	25.00	320.58	35831.81	16028.85	538557.45	538557.45	0.00	0.00	0.00	0.00	4.47	0.00	0.12
597	72.00	25.00	320.58	35831.81	16028.85	538557.45	538557.45	0.00	0.00	0.00	0.00	4.43	0.00	0.12
598	73.00	25.00	320.58	35831.81	16028.85	538557.45	538557.45	0.00	0.00	0.00	0.00	4.38	0.00	0.12
599	73.00	26.00	320.58	35831.81	16028.85	538557.45	538557.45	0.00	0.00	0.00	0.00	4.37	0.00	0.12
600	74.00	26.00	320.58	35831.81	16028.85	538557.45	538557.45	0.00	0.00	0.00	0.00	4.32	0.00	0.12
601	25.00	26.00	320.58	35831.81	16028.85	538557.45	538557.45	0.00	0.00	0.00	0.00	8.48	0.00	0.12
602	26.00	26.00	320.58	35831.81	16028.85	538557.45	538557.45	0.00	0.00	0.00	0.00	8.32	0.00	0.12
603	27.00	26.00	320.58	35831.81	16028.85	538557.45	538557.45	0.00	0.00	0.00	0.00	8.16	0.00	0.12
604	27.00	27.00	320.58	35831.81	16028.85	538557.45	538557.45	0.00	0.00	0.00	0.00	8.14	0.00	0.12
605	27.00	28.00	320.58	35831.81	16028.85	538557.45	538557.45	0.00	0.00	0.00	0.00	8.14	0.00	0.12
606	28.00	28.00	320.58	35831.81	16028.85	538557.45	538557.45	0.00	0.00	0.00	0.00	7.99	0.00	0.12
607	29.00	28.00	320.58	35831.81	16028.85	538557.45	538557.45	0.00	0.00	0.00	0.00	7.85	0.00	0.12
608	30.00	28.00	320.58	35831.81	16028.85	538557.45	538557.45	0.00	0.00	0.00	0.00	7.72	0.00	0.12
609	31.00	28.00	320.58	35831.81	16028.85	538557.45	538557.45	0.00	0.00	0.00	0.00	7.59	0.00	0.12
610	31.00	29.00	320.58	35831.81	16028.85	538557.45	538557.45	0.00	0.00	0.00	0.00	7.92	0.00	0.12
611	32.00	29.00	320.58	35831.81	16028.85	538557.45	538557.45	0.00	0.00	0.00	0.00	7.79	0.00	0.12
612	32.00	30.00	320.58	35831.81	16028.85	538557.45	538557.45	0.00	0.00	0.00	0.00	7.79	0.00	0.12
613	32.00	31.00	320.58	35831.81	16028.85	538557.45	538557.45	0.00	0.00	0.00	0.00	7.89	0.00	0.12
614	33.00	31.00	320.58	35831.81	16028.85	538557.45	538557.45	0.00	0.00	0.00	0.00	7.76	0.00	0.12
615	34.00	31.00	320.58	35831.81	16028.85	538557.45	538557.45	0.00	0.00	0.00	0.00	7.64	0.00	0.12
616	34.00	32.00	272.49	42998.17	13624.53	538557.45	538557.45	0.00	0.00	0.00	0.00	7.72	0.00	0.12
617	34.00	33.00	272.49	42998.17	13624.53	538557.45	538557.45	0.00	0.00	0.00	0.00	7.86	0.00	0.12
618	35.00	33.00	272.49	42998.17	13624.53	538557.45	538557.45	0.00	0.00	0.00	0.00	7.74	0.00	0.12
619	35.00	34.00	272.49	42998.17	13624.53	538557.45	538557.45	0.00	0.00	0.00	0.00	7.67	0.00	0.12
620	35.00	35.00	272.49	42998.17	13624.53	538557.45	538557.45	0.00	0.00	0.00	0.00	7.72	0.00	0.12
621	36.00	35.00	272.49	42998.17	13624.53	538557.45	538557.45	0.00	0.00	0.00	0.00	7.61	0.00	0.12
622	37.00	35.00	272.49	42998.17	13624.53	538557.45	538557.45	0.00	0.00	0.00	0.00	7.51	0.00	0.12
623	37.00	36.00	272.49	42998.17	13624.53	538557.45	538557.45	0.00	0.00	0.00	0.00	7.44	0.00	0.12
624	38.00	36.00	272.49	42998.17	13624.53	538557.45	538557.45	0.00	0.00	0.00	0.00	7.34	0.00	0.12
625	38.00	37.00	272.49	42998.17	13624.53	538557.45	538557.45	0.00	0.00	0.00	0.00	7.60	0.00	0.12
626	39.00	37.00	272.49	42998.17	13624.53	538557.45	538557.45	0.00	0.00	0.00	0.00	7.50	0.00	0.12
627	40.00	37.00	272.49	42998.17	13624.53	538557.45	538557.45	0.00	0.00	0.00	0.00	7.41	0.00	0.12
628	40.00	38.00	272.49	42998.17	13624.53	538557.45	538557.45	0.00	0.00	0.00	0.00	7.39	0.00	0.12
629	41.00	38.00	272.49	42998.17	13624.53	538557.45	538557.45	0.00	0.00	0.00	0.00	7.30	0.00	0.12
630	42.00	38.00	272.49	42998.17	13624.53	538557.45	538557.45	0.00	0.00	0.00	0.00	7.21	0.00	0.12
631	43.00	38.00	272.49	42998.17	13624.53	538557.45	538557.45	0.00	0.00	0.00	0.00	7.12	0.00	0.12
632	43.00	39.00	272.49	42998.17	13624.53	538557.45	538557.45	0.00	0.00	0.00	0.00	7.21	0.00	0.12
633	44.00	39.00	272.49	42998.17	13624.53	538557.45	538557.45	0.00	0.00	0.00	0.00	7.12	0.00	0.12
634	45.00	39.00	272.49	42998.17	13624.53	538557.45	538557.45	0.00	0.00	0.00	0.00	7.04	0.00	0.12
635	45.00	40.00	272.49	42998.17	13624.53	538557.45	538557.45	0.00	0.00	0.00	0.00	6.97	0.00	0.12
636	46.00	40.00	272.49	42998.17	13624.53	538557.45	538557.45	0.00	0.00	0.00	0.00	6.89	0.00	0.12
637	46.00	41.00	272.49	42998.17	13624.53	538557.45	538557.45	0.00	0.00	0.00	0.00	6.85	0.00	0.12
638	47.00	41.00	272.49	42998.17	13624.53	538557.45	538557.45	0.00	0.00	0.00	0.00	6.77	0.00	0.12
639	48.00	41.00	272.49	42998.17	13624.53	538557.45	538557.45	0.00	0.00	0.00	0.00	6.69	0.00	0.12
640	48.00	42.00	272.49	42998.17	13624.53	538557.45	538557.45	0.00	0.00	0.00	0.00	7.01	0.00	0.12
641	48.00	43.00	272.49	42998.17	13624.53	538557.45	538557.45	0.00	0.00	0.00	0.00	6.96	0.00	0.12
642	49.00	43.00	272.49	42998.17	13624.53	538557.45	538557.45	0.00	0.00	0.00	0.00	6.89	0.00	0.12
643	50.00	43.00	272.49	42998.17	13624.53	538557.45	538557.45	0.00	0.00	0.00	0.00	6.81	0.00	0.12
644	51.00	43.00	272.49	42998.17	13624.53	538557.45	538557.45	0.00	0.00	0.00	0.00	6.74	0.00	0.12
645	51.00	44.00	272.49	42998.17	13624.53	538557.45	538557.45	0.00	0.00	0.00	0.00	6.70	0.00	0.12
646	52.00	44.00	272.49	42998.17	13624.53	538557.45	538557.45	0.00	0.00	0.00	0.00	6.63	0.00	0.12
647	53.00	44.00	272.49	42998.17	13624.53	538557.45	538557.45	0.00	0.00	0.00	0.00	6.56	0.00	0.12
648	54.00	44.00	272.49	42998.17	13624.53	538557.45	538557.45	0.00	0.00	0.00	0.00	6.50	0.00	0.12
649	54.00	45.00	272.49	42998.17	13624.53	538557.45	538557.45	0.00	0.00	0.00	0.00	6.50	0.00	0.12
650	54.00	46.00	272.49	42998.17	13624.53	538557.45	538557.45	0.00	0.00	0.00	0.00	6.55	0.00	0.12
651	54.00	47.00	272.49	42998.17	13624.53	538557.45	538557.45	0.00	0.00	0.00	0.00	6.64	0.00	0.12
652	55.00	47.00	272.49	42998.17	13624.53	538557.45	538557.45	0.00	0.00	0.00	0.00	6.57	0.00	0.12
653	56.00	47.00	272.49	42998.17	13624.53	538557.45	538557.45	0.00	0.00	0.00	0.00	6.51	0.00	0.12
654	57.00	47.00	272.49	42998.17	13624.53	538557.45	538557.45	0.00	0.00	0.00	0.00	6.45	0.00	0.12
655	57.00	48.00	272.49	42998.17	13624.53	538557.45	538557.45	0.00	0.00	0.00	0.00	6.49	0.00	0.12
656	58.00	48.00	272.49	42998.17	13624.53	538557.45	538557.45	0.00	0.00	0.00	0.00	6.43	0.00	0.12
657	59.00	48.00	272.49	42998.17	13624.53	538557.45	538557.45	0.00	0.00	0.00	0.00	6.37	0.00	0.12
658	60.00	48.00	272.49	42998.17	13624.53	538557.45	538557.45	0.00	0.00	0.00	0.00	6.31	0.00	0.12
659	61.00	48.00	272.49	42998.17	13624.53	538557.45	538557.45	0.00	0.00	0.00	0.00	6.26	0.00	0.12
660	61.00	49.00	272.49	42998.17	13624.53	538557.45	538557.45	0.00	0.00	0.00	0.00	6.35	0.00	0.12
661	61.00	50.00	272.49	42998.17	13624.53	538557.45	538557.45	0.00	0.00	0.00	0.00	6.55	0.00	0.12
662	62.00	50.00	272.49	42998.17	13624.53	538557.45	538557.45	0.00	0.00	0.00	0.00	6.50	0.00	0.12
663	62.00	51.00	272.49	42998.17	13624.53	538557.45	538557.45	0.00	0.00	0.00	0.00	6.61	0.00	0.12
664	63.00	51.00	272.49	42998.17	13624.53	538557.45	538557.45	0.00	0.00	0.00	0.00	6.56	0.00	0.12
665	64.00	51.00	272.49	42998.17	13624.53	538557.45	538557.45	0.00	0.00	0.00	0.00	6.50	0.00	0.12
666	65.00	51.00	272.49	42998.17	13624.53	538557.45	538557.45	0.00	0.00	0.00	0.00	6.44	0.00	0.12
667	66.00	51.00	272.49	42998.17	13624.53	538557.45	538557.45	0.00	0.00	0.00	0.00	6.39	0.00	0.12
668	67.00	51.00	272.49	42998.17	13624.53	538557.45	538557.45	0.00	0.00	0.00	0.00	6.33	0.00	0.12
669	67.00	52.00	272.49	42998.17	13624.53	538557.45	538557.45	0.00	0.00	0.00	0.00	6.40	0.00	0.12
670	68.00	52.00	272.49	42998.17	13624.53	538557.45	538557.45	0.00	0.00	0.00	0.00	6.35	0.00	0.12
671	69.00	52.00	272.49	42998.17	13624.53	538557.45	538557.45	0.00	0.00	0.00	0.00	6.29	0.00	0.12
672	70.00	52.00	272.49	42998.17	13624.53	538557.45	538557.45	0.00	0.00	0.00	0.00	6.24	0.00	0.12
673	70.00	53.00	272.49	42998.17	13624.53	538557.45	538557.45	0.00	0.00	0.00	0.00	6.28	0.00	0.12
674	70.00	54.00	272.49	42998.17	13624.53	538557.45	538557.45	0.00	0.00	0.00	0.00	6.30	0.00	0.12
675	70.00	55.00	272.49	42998.17	13624.53	538557.45	538557.45	0.00	0.00	0.00	0.00	6.31	0.00	0.12
676	71.00	55.00	272.49	42998.17	13624.53	538557.45	538557.45	0.00	0.00	0.00	0.00	6.26	0.00	0.12
677	72.00	55.00	272.49	42998.17	13624.53	538557.45	538557.45	0.00	0.00	0.00	0.00	6.21	0.00	0.12
678	73.00	55.00	272.49	42998.17	13624.53	538557.45	538557.45	0.00	0.00	0.00	0.00	6.16	0.00	0.12
679	74.00	55.00	272.49	42998.17	13624.53	538557.45	538557.45	0.00	0.00	0.00	0.00	6.11	0.00	0.12
680	25.00	55.00	272.49	42998.17	13624.53	538557.45	538557.45	0.00	0.00	0.00	0.00	9.85	0.00	0.12
681	25.00	56.00	272.49	42998.17	13624.53	538557.45	538557.45	0.00	0.00	0.00	0.00	9.87	0.00	0.12
682	25.00	57.00	272.49	42998.17	13624.53	538557.45	538557.45	0.00	0.00	0.00	0.00	9.92	0.00	0.12
683	25.00	58.00	272.49	42998.17	13624.53	538557.45	538557.45	0.00	0.00	0.00	0.00	9.95	0.00	0.12
684	25.00	59.00	272.49	42998.17	13624.53	538557.45	538557.45	0.00	0.00	0.00	0.00	9.92	0.00	0.12
685	25.00	60.00	272.49	42998.17	13624.53	538557.45	538557.45	0.00	0.00	0.00	0.00	9.90	0.00	0.12
686	26.00	60.00	272.49	42998.17	13624.53	538557.45	538557.45	0.00	0.00	0.00	0.00	9.78	0.00	0.12
687	27.00	60.00	272.49	42998.17	13624.53	538557.45	538557.45	0.00	0.00	0.00	0.00	9.67	0.00	0.12
688	28.00	60.00	272.49	42998.17	13624.53	538557.45	538557.45	0.00	0.00	0.00	0.00	9.56	0.00	0.12
689	28.00	61.00	272.49	42998.17	13624.53	538557.45	538557.45	0.00	0.00	0.00	0.00	9.50	0.00	0.12
690	29.00	61.00	272.49	42998.17	13624.53	538557.45	538557.45	0.00	0.00	0.00	0.00	9.39	0.00	0.12
691	29.00	62.00	272.49	42998.17	13624.53	538557.45	538557.45	0.00	0.00	0.00	0.00	9.74	0.00	0.12
692	30.00	62.00	272.49	42998.17	13624.53	538557.45	538557.45	0.00	0.00	0.00	0.00	9.63	0.00	0.12
693	31.00	62.00	272.49	42998.17	13624.53	538557.45	538557.45	0.00	0.00	0.00	0.00	9.53	0.00	0.12
694	31.00	63.00	272.49	42998.17	13624.53	538557.45	538557.45	0.00	0.00	0.00	0.00	9.55	0.00	0.12
695	32.00	63.00	272.49	42998.17	13624.53	538557.45	538557.45	0.00	0.00	0.00	0.00	9.45	0.00	0.12
696	33.00	63.00	272.49	42998.17	13624.53	538557.45	538557.45	0.00	0.00	0.00	0.00	9.35	0.00	0.12
697	34.00	63.00	272.49	42998.17	13624.53	538557.45	538557.45	0.00	0.00	0.00	0.00	9.25	0.00	0.12
698	34.00	64.00	272.49	42998.17	13624.53	538557.45	538557.45	0.00	0.00	0.00	0.00	9.19	0.00	0.12
699	35.00	64.00	272.49	42998.17	13624.53	538557.45	538557.45	0.00	0.00	0.00	0.00	9.09	0.00	0.12
700	35.00	65.00	272.49	42998.17	13624.53	538557.45	538557.45	0.00	0.00	0.00	0.00	9.12	0.00	0.12
701	35.00	66.00	272.49	42998.17	13624.53	538557.45	538557.45	0.00	0.00	0.00	0.00	9.11	0.00	0.12
702	35.00	67.00	272.49	42998.17	13624.53	538557.45	538557.45	0.00	0.00	0.00	0.00	9.13	0.00	0.12
703	36.00	67.00	272.49	42998.17	13624.53	538557.45	538557.45	0.00	0.00	0.00	0.00	9.04	0.00	0.12
704	36.00	68.00	272.49	42998.17	13624.53	538557.45	538557.45	0.00	0.00	0.00	0.00	9.09	0.00	0.12
705	37.00	68.00	272.49	42998.17	13624.53	538557.45	538557.45	0.00	0.00	0.00	0.00	9.00	0.00	0.12
706	37.00	69.00	272.49	42998.17	13624.53	538557.45	538557.45	0.00	0.00	0.00	0.00	9.07	0.00	0.12
707	37.00	70.00	272.49	42998.17	13624.53	538557.45	538557.45	0.00	0.00	0.00	0.00	9.01	0.00	0.12
708	37.00	71.00	272.49	42998.17	13624.53	538557.45	538557.45	0.00	0.00	0.00	0.00	9.34	0.00	0.12
709	38.00	71.00	272.49	42998.17	13624.53	538557.45	538557.45	0.00	0.00	0.00	0.00	9.25	0.00	0.12
710	39.00	71.00	272.49	42998.17	13624.53	538557.45	538557.45	0.00	0.00	0.00	0.00	9.17	0.00	0.12
711	39.00	72.00	272.49	42998.17	13624.53	538557.45	538557.45	0.00	0.00	0.00	0.00	9.52	0.00	0.12
712	39.00	73.00	272.49	42998.17	13624.53	538557.45	538557.45	0.00	0.00	0.00	0.00	9.66	0.00	0.12
713	40.00	73.00	272.49	42998.17	13624.53	538557.45	538557.45	0.00	0.00	0.00	0.00	9.57	0.00	0.12
714	41.00	73.00	272.49	42998.17	13624.53	538557.45	538557.45	0.00	0.00	0.00	0.00	9.49	0.00	0.12
715	41.00	74.00	272.49	42998.17	13624.53	538557.45	538557.45	0.00	0.00	0.00	0.00	9.55	0.00	0.12
716	41.00	25.00	231.62	51597.80	11580.85	538557.45	538557.45	0.00	0.00	0.00	0.00	6.95	0.00	0.12
717	41.00	26.00	231.62	51597.80	11580.85	538557.45	538557.45	0.00	0.00	0.00	0.00	7.02	0.00	0.12
718	42.00	26.00	231.62	51597.80	11580.85	538557.45	538557.45	0.00	0.00	0.00	0.00	6.92	0.00	0.12
719	42.00	27.00	231.62	51597.80	11580.85	538557.45	538557.45	0.00	0.00	0.00	0.00	6.86	0.00	0.12
720	42.00	28.00	231.62	51597.80	11580.85	538557.45	538557.45	0.00	0.00	0.00	0.00	7.00	0.00	0.12
721	42.00	29.00	231.62	51597.80	11580.85	538557.45	538557.45	0.00	0.00	0.00	0.00	6.99	0.00	0.12
722	43.00	29.00	231.62	51597.80	11580.85	538557.45	538557.45	0.00	0.00	0.00	0.00	6.90	0.00	0.12
723	44.00	29.00	231.62	51597.80	11580.85	538557.45	538557.45	0.00	0.00	0.00	0.00	6.80	0.00	0.12
724	44.00	30.00	231.62	51597.80	11580.85	538557.45	538557.45	0.00	0.00	0.00	0.00	6.99	0.00	0.12
725	44.00	31.00	231.62	51597.80	11580.85	538557.45	538557.45	0.00	0.00	0.00	0.00	7.10	0.00	0.12
726	44.00	32.00	231.62	51597.80	11580.85	538557.45	538557.45	0.00	0.00	0.00	0.00	7.38	0.00	0.12
727	44.00	33.00	231.62	51597.80	11580.85	538557.45	538557.45	0.00	0.00	0.00	0.00	7.51	0.00	0.12
728	45.00	33.00	231.62	51597.80	11580.85	538557.45	538557.45	0.00	0.00	0.00	0.00	7.41	0.00	0.12
729	46.00	33.00	231.62	51597.80	11580.85	538557.45	538557.45	0.00	0.00	0.00	0.00	7.32	0.00	0.12
730	46.00	34.00	231.62	51597.80	11580.85	538557.45	538557.45	0.00	0.00	0.00	0.00	7.26	0.00	0.12
731	46.00	35.00	231.62	51597.80	11580.85	538557.45	538557.45	0.00	0.00	0.00	0.00	7.40	0.00	0.12
732	46.00	36.00	231.62	51597.80	11580.85	538557.45	538557.45	0.00	0.00	0.00	0.00	7.35	0.00	0.12
733	46.00	37.00	231.62	51597.80	11580.85	538557.45	538557.45	0.00	0.00	0.00	0.00	7.29	0.00	0.12
734	47.00	37.00	231.62	51597.80	11580.85	538557.45	538557.45	0.00	0.00	0.00	0.00	7.20	0.00	0.12
735	48.00	37.00	231.62	51597.80	11580.85	538557.45	538557.45	0.00	0.00	0.00	0.00	7.12	0.00	0.12
736	49.00	37.00	231.62	51597.80	11580.85	538557.45	538557.45	0.00	0.00	0.00	0.00	7.04	0.00	0.12
737	50.00	37.00	231.62	51597.80	11580.85	538557.45	538557.45	0.00	0.00	0.00	0.00	6.96	0.00	0.12
738	51.00	37.00	231.62	51597.80	11580.85	538557.45	538557.45	0.00	0.00	0.00	0.00	6.88	0.00	0.12
739	51.00	38.00	231.62	51597.80	11580.85	538557.45	538557.45	0.00	0.00	0.00	0.00	6.87	0.00	0.12
740	51.00	39.00	231.62	51597.80	11580.85	538557.45	538557.45	0.00	0.00	0.00	0.00	6.84	0.00	0.12
741	51.00	40.00	231.62	51597.80	11580.85	538557.45	538557.45	0.00	0.00	0.00	0.00	6.85	0.00	0.12
742	51.00	41.00	231.62	51597.80	11580.85	538557.45	538557.45	0.00	0.00	0.00	0.00	6.90	0.00	0.12
743	52.00	41.00	231.62	51597.80	11580.85	538557.45	538557.45	0.00	0.00	0.00	0.00	6.83	0.00	0.12
744	52.00	42.00	231.62	51597.80	11580.85	538557.45	538557.45	0.00	0.00	0.00	0.00	6.79	0.00	0.12
745	53.00	42.00	231.62	51597.80	11580.85	538557.45	538557.45	0.00	0.00	0.00	0.00	6.72	0.00	0.12
746	53.00	43.00	231.62	51597.80	11580.85	538557.45	538557.45	0.00	0.00	0.00	0.00	6.67	0.00	0.12
747	54.00	43.00	231.62	51597.80	11580.85	538557.45	538557.45	0.00	0.00	0.00	0.00	6.61	0.00	0.12
748	55.00	43.00	231.62	51597.80	11580.85	538557.45	538557.45	0.00	0.00	0.00	0.00	6.54	0.00	0.12
749	56.00	43.00	231.62	51597.80	11580.85	538557.45	538557.45	0.00	0.00	0.00	0.00	6.47	0.00	0.12
750	57.00	43.00	231.62	51597.80	11580.85	538557.45	538557.45	0.00	0.00	0.00	0.00	6.41	0.00	0.12
751	58.00	43.00	231.62	51597.80	11580.85	538557.45	538557.45	0.00	0.00	0.00	0.00	6.34	0.00	0.12
752	58.00	44.00	231.62	51597.80	11580.85	538557.45	538557.45	0.00	0.00	0.00	0.00	6.39	0.00	0.12
753	59.00	44.00	231.62	51597.80	11580.85	538557.45	538557.45	0.00	0.00	0.00	0.00	6.33	0.00	0.12
754	60.00	44.00	231.62	51597.80	11580.85	538557.45	538557.45	0.00	0.00	0.00	0.00	6.27	0.00	0.12
755	61.00	44.00	231.62	51597.80	11580.85	538557.45	538557.45	0.00	0.00	0.00	0.00	6.21	0.00	0.12
756	62.00	44.00	231.62	51597.80	11580.85	538557.45	538557.45	0.00	0.00	0.00	0.00	6.15	0.00	0.12
757	63.00	44.00	231.62	51597.80	11580.85	538557.45	538557.45	0.00	0.00	0.00	0.00	6.10	0.00	0.12
758	64.00	44.00	231.62	51597.80	11580.85	538557.45	538557.45	0.00	0.00	0.00	0.00	6.04	0.00	0.12
759	65.00	44.00	231.62	51597.80	11580.85	538557.45	538557.45	0.00	0.00	0.00	0.00	5.98	0.00	0.12
760	66.00	44.00	231.62	51597.80	11580.85	538557.45	538557.45	0.00	0.00	0.00	0.00	5.93	0.00	0.12
761	67.00	44.00	231.62	51597.80	11580.85	538557.45	538557.45	0.00	0.00	0.00	0.00	5.88	0.00	0.12
762	68.00	44.00	231.62	51597.80	11580.85	538557.45	538557.45	0.00	0.00	0.00	0.00	5.82	0.00	0.12
763	68.00	45.00	231.62	51597.80	11580.85	538557.45	538557.45	0.00	0.00	0.00	0.00	5.92	0.00	0.12
764	69.00	45.00	231.62	51597.80	11580.85	538557.45	538557.45	0.00	0.00	0.00	0.00	5.87	0.00	0.12
765	70.00	45.00	231.62	51597.80	11580.85	538557.45	538557.45	0.00	0.00	0.00	0.00	5.82	0.00	0.12
766	70.00	46.00	231.62	51597.80	11580.85	538557.45	538557.45	0.00	0.00	0.00	0.00	5.89	0.00	0.12
767	71.00	46.00	231.62	51597.80	11580.85	538557.45	538557.45	0.00	0.00	0.00	0.00	5.84	0.00	0.12
768	72.00	46.00	231.62	51597.80	11580.85	538557.45	538557.45	0.00	0.00	0.00	0.00	5.79	0.00	0.12
769	72.00	47.00	231.62	51597.80	11580.85	538557.45	538557.45	0.00	0.00	0.00	0.00	5.80	0.00	0.12
770	73.00	47.00	231.62	51597.80	11580.85	538557.45	538557.45	0.00	0.00	0.00	0.00	5.75	0.00	0.12
771	73.00	48.00	231.62	51597.80	11580.85	538557.45	538557.45	0.00	0.00	0.00	0.00	5.78	0.00	0.12
772	74.00	48.00	231.62	51597.80	11580.85	538557.45	538557.45	0.00	0.00	0.00	0.00	5.74	0.00	0.12
773	74.00	49.00	231.62	51597.80	11580.85	538557.45	538557.45	0.00	0.00	0.00	0.00	5.77	0.00	0.12
774	25.00	49.00	231.62	51597.80	11580.85	538557.45	538557.45	0.00	0.00	0.00	0.00	9.59	0.00	0.12
775	26.00	49.00	231.62	51597.80	11580.85	538557.45	538557.45	0.00	0.00	0.00	0.00	9.46	0.00	0.12
776	26.00	50.00	231.62	51597.80	11580.85	538557.45	538557.45	0.00	0.00	0.00	0.00	9.48	0.00	0.12
777	27.00	50.00	231.62	51597.80	11580.85	538557.45	538557.45	0.00	0.00	0.00	0.00	9.36	0.00	0.12
778	27.00	51.00	231.62	51597.80	11580.85	538557.45	538557.45	0.00	0.00	0.00	0.00	9.46	0.00	0.12
779	27.00	52.00	231.62	51597.80	11580.85	538557.45	538557.45	0.00	0.00	0.00	0.00	9.55	0.00	0.12
780	27.00	53.00	231.62	51597.80	11580.85	538557.45	538557.45	0.00	0.00	0.00	0.00	9.82	0.00	0.12
781	27.00	54.00	231.62	51597.80	11580.85	538557.45	538557.45	0.00	0.00	0.00	0.00	9.80	0.00	0.12
782	27.00	55.00	231.62	51597.80	11580.85	538557.45	538557.45	0.00	0.00	0.00	0.00	10.16	0.00	0.12
783	27.00	56.00	231.62	51597.80	11580.85	538557.45	538557.45	0.00	0.00	0.00	0.00	10.27	0.00	0.12
784	27.00	57.00	231.62	51597.80	11580.85	538557.45	538557.45	0.00	0.00	0.00	0.00	10.31	0.00	0.12
785	27.00	58.00	231.62	51597.80	11580.85	538557.45	538557.45	0.00	0.00	0.00	0.00	10.35	0.00	0.12
786	27.00	59.00	231.62	51597.80	11580.85	538557.45	538557.45	0.00	0.00	0.00	0.00	10.76	0.00	0.12
787	28.00	59.00	231.62	51597.80	11580.85	538557.45	538557.45	0.00	0.00	0.00	0.00	10.64	0.00	0.12
788	28.00	60.00	231.62	51597.80	11580.85	538557.45	538557.45	0.00	0.00	0.00	0.00	10.65	0.00	0.12
789	28.00	61.00	231.62	51597.80	11580.85	538557.45	538557.45	0.00	0.00	0.00	0.00	10.77	0.00	0.12
790	28.00	62.00	231.62	51597.80	11580.85	538557.45	538557.45	0.00	0.00	0.00	0.00	10.80	0.00	0.12
791	29.00	62.00	231.62	51597.80	11580.85	538557.45	538557.45	0.00	0.00	0.00	0.00	10.68	0.00	0.12
792	29.00	63.00	231.62	51597.80	11580.85	538557.45	538557.45	0.00	0.00	0.00	0.00	10.60	0.00	0.12
793	30.00	63.00	231.62	51597.80	11580.85	538557.45	538557.45	0.00	0.00	0.00	0.00	10.49	0.00	0.12
794	31.00	63.00	231.62	51597.80	11580.85	538557.45	538557.45	0.00	0.00	0.00	0.00	10.37	0.00	0.12
795	32.00	63.00	231.62	51597.80	11580.85	538557.45	538557.45	0.00	0.00	0.00	0.00	10.26	0.00	0.12
796	32.00	64.00	231.62	51597.80	11580.85	538557.45	538557.45	0.00	0.00	0.00	0.00	10.49	0.00	0.12
797	32.00	65.00	231.62	51597.80	11580.85	538557.45	538557.45	0.00	0.00	0.00	0.00	10.57	0.00	0.12
798	33.00	65.00	231.62	51597.80	11580.85	538557.45	538557.45	0.00	0.00	0.00	0.00	10.46	0.00	0.12
799	33.00	66.00	231.62	51597.80	11580.85	538557.45	538557.45	0.00	0.00	0.00	0.00	10.57	0.00	0.12
800	33.00	67.00	231.62	51597.80	11580.85	538557.45	538557.45	0.00	0.00	0.00	0.00	10.49	0.00	0.12
801	33.00	68.00	231.62	51597.80	11580.85	538557.45	538557.45	0.00	0.00	0.00	0.00	10.42	0.00	0.12
802	33.00	69.00	231.62	51597.80	11580.85	538557.45	538557.45	0.00	0.00	0.00	0.00	10.35	0.00	0.12
803	34.00	69.00	231.62	51597.80	11580.85	538557.45	538557.45	0.00	0.00	0.00	0.00	10.25	0.00	0.12
804	35.00	69.00	231.62	51597.80	11580.85	538557.45	538557.45	0.00	0.00	0.00	0.00	10.15	0.00	0.12
805	36.00	69.00	231.62	51597.80	11580.85	538557.45	538557.45	0.00	0.00	0.00	0.00	10.05	0.00	0.12
806	36.00	70.00	231.62	51597.80	11580.85	538557.45	538557.45	0.00	0.00	0.00	0.00	10.12	0.00	0.12
807	36.00	71.00	231.62	51597.80	11580.85	538557.45	538557.45	0.00	0.00	0.00	0.00	10.06	0.00	0.12
808	37.00	71.00	231.62	51597.80	11580.85	538557.45	538557.45	0.00	0.00	0.00	0.00	9.96	0.00	0.12
809	37.00	72.00	231.62	51597.80	11580.85	538557.45	538557.45	0.00	0.00	0.00	0.00	10.16	0.00	0.12
810	38.00	72.00	231.62	51597.80	11580.85	538557.45	538557.45	0.00	0.00	0.00	0.00	10.07	0.00	0.12
811	38.00	73.00	231.62	51597.80	11580.85	538557.45	538557.45	0.00	0.00	0.00	0.00	10.04	0.00	0.12
812	39.00	73.00	231.62	51597.80	11580.85	538557.45	538557.45	0.00	0.00	0.00	0.00	9.95	0.00	0.12
813	40.00	73.00	231.62	51597.80	11580.85	538557.45	538557.45	0.00	0.00	0.00	0.00	9.86	0.00	0.12
814	40.00	74.00	231.62	51597.80	11580.85	538557.45	538557.45	0.00	0.00	0.00	0.00	9.80	0.00	0.12
815	44.00	71.00	231.62	51597.80	11580.85	538557.45	538557.45	0.00	0.00	0.00	0.00	14.05	0.00	0.12
816	44.00	72.00	196.87	61917.36	9843.72	538557.45	538557.45	0.00	0.00	0.00	0.00	13.95	0.00	0.12
817	44.00	73.00	196.87	61917.36	9843.72	538557.45	538557.45	0.00	0.00	0.00	0.00	13.93	0.00	0.12
818	45.00	73.00	196.87	61917.36	9843.72	538557.45	538557.45	0.00	0.00	0.00	0.00	13.81	0.00	0.12
819	46.00	73.00	196.87	61917.36	9843.72	538557.45	538557.45	0.00	0.00	0.00	0.00	13.69	0.00	0.12
820	46.00	74.00	196.87	61917.36	9843.72	538557.45	538557.45	0.00	0.00	0.00	0.00	13.71	0.00	0.12
821	47.00	74.00	196.87	61917.36	9843.72	538557.45	538557.45	0.00	0.00	0.00	0.00	13.59	0.00	0.12
822	48.00	74.00	196.87	61917.36	9843.72	538557.45	538557.45	0.00	0.00	0.00	0.00	13.48	0.00	0.12
823	48.00	25.00	196.87	61917.36	9843.72	538557.45	538557.45	0.00	0.00	0.00	0.00	5.11	0.00	0.12
824	48.00	26.00	196.87	61917.36	9843.72	538557.45	538557.45	0.00	0.00	0.00	0.00	5.56	0.00	0.12
825	48.00	27.00	196.87	61917.36	9843.72	538557.45	538557.45	0.00	0.00	0.00	0.00	5.76	0.00	0.12
826	49.00	27.00	196.87	61917.36	9843.72	538557.45	538557.45	0.00	0.00	0.00	0.00	5.68	0.00	0.12
827	50.00	27.00	196.87	61917.36	9843.72	538557.45	538557.45	0.00	0.00	0.00	0.00	5.61	0.00	0.12
828	51.00	27.00	196.87	61917.36	9843.72	538557.45	538557.45	0.00	0.00	0.00	0.00	5.53	0.00	0.12
829	51.00	28.00	196.87	61917.36	9843.72	538557.45	538557.45	0.00	0.00	0.00	0.00	5.61	0.00	0.12
830	52.00	28.00	196.87	61917.36	9843.72	538557.45	538557.45	0.00	0.00	0.00	0.00	5.54	0.00	0.12
831	53.00	28.00	196.87	61917.36	9843.72	538557.45	538557.45	0.00	0.00	0.00	0.00	5.47	0.00	0.12
832	54.00	28.00	196.87	61917.36	9843.72	538557.45	538557.45	0.00	0.00	0.00	0.00	5.40	0.00	0.12
833	55.00	28.00	196.87	61917.36	9843.72	538557.45	538557.45	0.00	0.00	0.00	0.00	5.34	0.00	0.12
834	55.00	29.00	196.87	61917.36	9843.72	538557.45	538557.45	0.00	0.00	0.00	0.00	5.48	0.00	0.12
835	55.00	30.00	196.87	61917.36	9843.72	538557.45	538557.45	0.00	0.00	0.00	0.00	5.51	0.00	0.12
836	55.00	31.00	196.87	61917.36	9843.72	538557.45	538557.45	0.00	0.00	0.00	0.00	5.48	0.00	0.12
837	56.00	31.00	196.87	61917.36	9843.72	538557.45	538557.45	0.00	0.00	0.00	0.00	5.41	0.00	0.12
838	57.00	31.00	196.87	61917.36	9843.72	538557.45	538557.45	0.00	0.00	0.00	0.00	5.35	0.00	0.12
839	57.00	32.00	196.87	61917.36	9843.72	538557.45	538557.45	0.00	0.00	0.00	0.00	5.53	0.00	0.12
840	57.00	33.00	196.87	61917.36	9843.72	538557.45	538557.45	0.00	0.00	0.00	0.00	5.65	0.00	0.12
841	57.00	34.00	196.87	61917.36	9843.72	538557.45	538557.45	0.00	0.00	0.00	0.00	5.71	0.00	0.12
842	57.00	35.00	196.87	61917.36	9843.72	538557.45	538557.45	0.00	0.00	0.00	0.00	5.80	0.00	0.12
843	58.00	35.00	196.87	61917.36	9843.72	538557.45	538557.45	0.00	0.00	0.00	0.00	5.74	0.00	0.12
844	58.00	36.00	196.87	61917.36	9843.72	538557.45	538557.45	0.00	0.00	0.00	0.00	5.85	0.00	0.12
845	59.00	36.00	196.87	61917.36	9843.72	538557.45	538557.45	0.00	0.00	0.00	0.00	5.79	0.00	0.12
846	59.00	37.00	196.87	61917.36	9843.72	538557.45	538557.45	0.00	0.00	0.00	0.00	5.77	0.00	0.12
847	60.00	37.00	196.87	61917.36	9843.72	538557.45	538557.45	0.00	0.00	0.00	0.00	5.71	0.00	0.12
848	61.00	37.00	196.87	61917.36	9843.72	538557.45	538557.45	0.00	0.00	0.00	0.00	5.65	0.00	0.12
849	62.00	37.00	196.87	61917.36	9843.72	538557.45	538557.45	0.00	0.00	0.00	0.00	5.60	0.00	0.12
850	63.00	37.00	196.87	61917.36	9843.72	538557.45	538557.45	0.00	0.00	0.00	0.00	5.54	0.00	0.12
851	63.00	38.00	196.87	61917.36	9843.72	538557.45	538557.45	0.00	0.00	0.00	0.00	5.68	0.00	0.12
852	63.00	39.00	196.87	61917.36	9843.72	538557.45	538557.45	0.00	0.00	0.00	0.00	5.90	0.00	0.12
853	64.00	39.00	196.87	61917.36	9843.72	538557.45	538557.45	0.00	0.00	0.00	0.00	5.84	0.00	0.12
854	64.00	40.00	196.87	61917.36	9843.72	538557.45	538557.45	0.00	0.00	0.00	0.00	5.95	0.00	0.12
855	64.00	41.00	196.87	61917.36	9843.72	538557.45	538557.45	0.00	0.00	0.00	0.00	6.14	0.00	0.12
856	64.00	42.00	196.87	61917.36	9843.72	538557.45	538557.45	0.00	0.00	0.00	0.00	6.33	0.00	0.12
857	64.00	43.00	196.87	61917.36	9843.72	538557.45	538557.45	0.00	0.00	0.00	0.00	6.29	0.00	0.12
858	65.00	43.00	196.87	61917.36	9843.72	538557.45	538557.45	0.00	0.00	0.00	0.00	6.23	0.00	0.12
859	66.00	43.00	196.87	61917.36	9843.72	538557.45	538557.45	0.00	0.00	0.00	0.00	6.17	0.00	0.12
860	66.00	44.00	196.87	61917.36	9843.72	538557.45	538557.45	0.00	0.00	0.00	0.00	6.29	0.00	0.12
861	66.00	45.00	196.87	61917.36	9843.72	538557.45	538557.45	0.00	0.00	0.00	0.00	6.60	0.00	0.12
862	66.00	46.00	196.87	61917.36	9843.72	538557.45	538557.45	0.00	0.00	0.00	0.00	6.69	0.00	0.12
863	67.00	46.00	196.87	61917.36	9843.72	538557.45	538557.45	0.00	0.00	0.00	0.00	6.63	0.00	0.12
864	67.00	47.00	196.87	61917.36	9843.72	538557.45	538557.45	0.00	0.00	0.00	0.00	6.68	0.00	0.12
865	68.00	47.00	196.87	61917.36	9843.72	538557.45	538557.45	0.00	0.00	0.00	0.00	6.62	0.00	0.12
866	69.00	47.00	196.87	61917.36	9843.72	538557.45	538557.45	0.00	0.00	0.00	0.00	6.56	0.00	0.12
867	70.00	47.00	196.87	61917.36	9843.72	538557.45	538557.45	0.00	0.00	0.00	0.00	6.51	0.00	0.12
868	71.00	47.00	196.87	61917.36	9843.72	538557.45	538557.45	0.00	0.00	0.00	0.00	6.45	0.00	0.12
869	71.00	48.00	196.87	61917.36	9843.72	538557.45	538557.45	0.00	0.00	0.00	0.00	6.56	0.00	0.12
870	71.00	49.00	196.87	61917.36	9843.72	538557.45	538557.45	0.00	0.00	0.00	0.00	6.62	0.00	0.12
871	71.00	50.00	196.87	61917.36	9843.72	538557.45	538557.45	0.00	0.00	0.00	0.00	6.62	0.00	0.12
872	72.00	50.00	196.87	61917.36	9843.72	538557.45	538557.45	0.00	0.00	0.00	0.00	6.57	0.00	0.12
873	73.00	50.00	196.87	61917.36	9843.72	538557.45	538557.45	0.00	0.00	0.00	0.00	6.52	0.00	0.12
874	73.00	51.00	196.87	61917.36	9843.72	538557.45	538557.45	0.00	0.00	0.00	0.00	6.56	0.00	0.12
875	73.00	52.00	196.87	61917.36	9843.72	538557.45	538557.45	0.00	0.00	0.00	0.00	6.59	0.00	0.12
876	73.00	53.00	196.87	61917.36	9843.72	538557.45	538557.45	0.00	0.00	0.00	0.00	6.72	0.00	0.12
877	73.00	54.00	196.87	61917.36	9843.72	538557.45	538557.45	0.00	0.00	0.00	0.00	6.69	0.00	0.12
878	73.00	55.00	196.87	61917.36	9843.72	538557.45	538557.45	0.00	0.00	0.00	0.00	6.73	0.00	0.12
879	74.00	55.00	196.87	61917.36	9843.72	538557.45	538557.45	0.00	0.00	0.00	0.00	6.68	0.00	0.12
880	25.00	55.00	196.87	61917.36	9843.72	538557.45	538557.45	0.00	0.00	0.00	0.00	10.77	0.00	0.12
881	25.00	56.00	196.87	61917.36	9843.72	538557.45	538557.45	0.00	0.00	0.00	0.00	10.92	0.00	0.12
882	25.00	57.00	196.87	61917.36	9843.72	538557.45	538557.45	0.00	0.00	0.00	0.00	11.09	0.00	0.12
883	26.00	57.00	196.87	61917.36	9843.72	538557.45	538557.45	0.00	0.00	0.00	0.00	10.96	0.00	0.12
884	26.00	58.00	196.87	61917.36	9843.72	538557.45	538557.45	0.00	0.00	0.00	0.00	10.96	0.00	0.12
885	26.00	59.00	196.87	61917.36	9843.72	538557.45	538557.45	0.00	0.00	0.00	0.00	10.86	0.00	0.12
886	26.00	60.00	196.87	61917.36	9843.72	538557.45	538557.45	0.00	0.00	0.00	0.00	11.00	0.00	0.12
887	27.00	60.00	196.87	61917.36	9843.72	538557.45	538557.45	0.00	0.00	0.00	0.00	10.88	0.00	0.12
888	27.00	61.00	196.87	61917.36	9843.72	538557.45	538557.45	0.00	0.00	0.00	0.00	10.79	0.00	0.12
889	28.00	61.00	196.87	61917.36	9843.72	538557.45	538557.45	0.00	0.00	0.00	0.00	10.66	0.00	0.12
890	28.00	62.00	196.87	61917.36	9843.72	538557.45	538557.45	0.00	0.00	0.00	0.00	10.67	0.00	0.12
891	28.00	63.00	196.87	61917.36	9843.72	538557.45	538557.45	0.00	0.00	0.00	0.00	10.79	0.00	0.12
892	28.00	64.00	196.87	61917.36	9843.72	538557.45	538557.45	0.00	0.00	0.00	0.00	11.04	0.00	0.12
893	28.00	65.00	196.87	61917.36	9843.72	538557.45	538557.45	0.00	0.00	0.00	0.00	10.95	0.00	0.12
894	29.00	65.00	196.87	61917.36	9843.72	538557.45	538557.45	0.00	0.00	0.00	0.00	10.83	0.00	0.12
895	30.00	65.00	196.87	61917.36	9843.72	538557.45	538557.45	0.00	0.00	0.00	0.00	10.72	0.00	0.12
896	31.00	65.00	196.87	61917.36	9843.72	538557.45	538557.45	0.00	0.00	0.00	0.00	10.61	0.00	0.12
897	31.00	66.00	196.87	61917.36	9843.72	538557.45	538557.45	0.00	0.00	0.00	0.00	10.69	0.00	0.12
898	32.00	66.00	196.87	61917.36	9843.72	538557.45	538557.45	0.00	0.00	0.00	0.00	10.58	0.00	0.12
899	33.00	66.00	196.87	61917.36	9843.72	538557.45	538557.45	0.00	0.00	0.00	0.00	10.48	0.00	0.12
900	34.00	66.00	196.87	61917.36	9843.72	538557.45	538557.45	0.00	0.00	0.00	0.00	10.37	0.00	0.12
901	35.00	66.00	196.87	61917.36	9843.72	538557.45	538557.45	0.00	0.00	0.00	0.00	10.27	0.00	0.12
902	36.00	66.00	196.87	61917.36	9843.72	538557.45	538557.45	0.00	0.00	0.00	0.00	10.17	0.00	0.12
903	37.00	66.00	196.87	61917.36	9843.72	538557.45	538557.45	0.00	0.00	0.00	0.00	10.07	0.00	0.12
904	38.00	66.00	196.87	61917.36	9843.72	538557.45	538557.45	0.00	0.00	0.00	0.00	9.97	0.00	0.12
905	38.00	67.00	196.87	61917.36	9843.72	538557.45	538557.45	0.00	0.00	0.00	0.00	10.02	0.00	0.12
906	39.00	67.00	196.87	61917.36	9843.72	538557.45	538557.45	0.00	0.00	0.00	0.00	9.93	0.00	0.12
907	39.00	68.00	196.87	61917.36	9843.72	538557.45	538557.45	0.00	0.00	0.00	0.00	9.98	0.00	0.12
908	39.00	69.00	196.87	61917.36	9843.72	538557.45	538557.45	0.00	0.00	0.00	0.00	9.95	0.00	0.12
909	40.00	69.00	196.87	61917.36	9843.72	538557.45	538557.45	0.00	0.00	0.00	0.00	9.86	0.00	0.12
910	41.00	69.00	196.87	61917.36	9843.72	538557.45	538557.45	0.00	0.00	0.00	0.00	9.77	0.00	0.12
911	42.00	69.00	196.87	61917.36	9843.72	538557.45	538557.45	0.00	0.00	0.00	0.00	9.68	0.00	0.12
912	42.00	70.00	196.87	61917.36	9843.72	538557.45	538557.45	0.00	0.00	0.00	0.00	9.69	0.00	0.12
913	42.00	71.00	196.87	61917.36	9843.72	538557.45	538557.45	0.00	0.00	0.00	0.00	9.63	0.00	0.12
914	42.00	72.00	196.87	61917.36	9843.72	538557.45	538557.45	0.00	0.00	0.00	0.00	9.68	0.00	0.12
915	43.00	72.00	196.87	61917.36	9843.72	538557.45	538557.45	0.00	0.00	0.00	0.00	9.59	0.00	0.12
916	44.00	72.00	167.34	74300.84	8367.16	538557.45	538557.45	0.00	0.00	0.00	0.00	9.51	0.00	0.12
917	44.00	73.00	167.34	74300.84	8367.16	538557.45	538557.45	0.00	0.00	0.00	0.00	9.46	0.00	0.12
918	44.00	74.00	167.34	74300.84	8367.16	538557.45	538557.45	0.00	0.00	0.00	0.00	9.47	0.00	0.12
919	44.00	25.00	167.34	74300.84	8367.16	538557.45	538557.45	0.00	0.00	0.00	0.00	5.05	0.00	0.12
920	44.00	26.00	167.34	74300.84	8367.16	538557.45	538557.45	0.00	0.00	0.00	0.00	5.24	0.00	0.12
921	44.00	27.00	167.34	74300.84	8367.16	538557.45	538557.45	0.00	0.00	0.00	0.00	5.33	0.00	0.12
922	44.00	28.00	167.34	74300.84	8367.16	538557.45	538557.45	0.00	0.00	0.00	0.00	5.49	0.00	0.12
923	44.00	29.00	167.34	74300.84	8367.16	538557.45	538557.45	0.00	0.00	0.00	0.00	5.65	0.00	0.12
924	44.00	30.00	167.34	74300.84	8367.16	538557.45	538557.45	0.00	0.00	0.00	0.00	5.80	0.00	0.12
925	45.00	30.00	167.34	74300.84	8367.16	538557.45	538557.45	0.00	0.00	0.00	0.00	5.72	0.00	0.12
926	46.00	30.00	167.34	74300.84	8367.16	538557.45	538557.45	0.00	0.00	0.00	0.00	5.64	0.00	0.12
927	47.00	30.00	167.34	74300.84	8367.16	538557.45	538557.45	0.00	0.00	0.00	0.00	5.57	0.00	0.12
928	48.00	30.00	167.34	74300.84	8367.16	538557.45	538557.45	0.00	0.00	0.00	0.00	5.50	0.00	0.12
929	49.00	30.00	167.34	74300.84	8367.16	538557.45	538557.45	0.00	0.00	0.00	0.00	5.43	0.00	0.12
930	50.00	30.00	167.34	74300.84	8367.16	538557.45	538557.45	0.00	0.00	0.00	0.00	5.36	0.00	0.12
931	51.00	30.00	167.34	74300.84	8367.16	538557.45	538557.45	0.00	0.00	0.00	0.00	5.30	0.00	0.12
932	52.00	30.00	167.34	74300.84	8367.16	538557.45	538557.45	0.00	0.00	0.00	0.00	5.23	0.00	0.12
933	53.00	30.00	167.34	74300.84	8367.16	538557.45	538557.45	0.00	0.00	0.00	0.00	5.17	0.00	0.12
934	53.00	31.00	167.34	74300.84	8367.16	538557.45	538557.45	0.00	0.00	0.00	0.00	5.32	0.00	0.12
935	54.00	31.00	167.34	74300.84	8367.16	538557.45	538557.45	0.00	0.00	0.00	0.00	5.26	0.00	0.12
936	55.00	31.00	167.34	74300.84	8367.16	538557.45	538557.45	0.00	0.00	0.00	0.00	5.20	0.00	0.12
937	55.00	32.00	167.34	74300.84	8367.16	538557.45	538557.45	0.00	0.00	0.00	0.00	5.39	0.00	0.12
938	55.00	33.00	167.34	74300.84	8367.16	538557.45	538557.45	0.00	0.00	0.00	0.00	5.46	0.00	0.12
939	56.00	33.00	167.34	74300.84	8367.16	538557.45	538557.45	0.00	0.00	0.00	0.00	5.40	0.00	0.12
940	57.00	33.00	167.34	74300.84	8367.16	538557.45	538557.45	0.00	0.00	0.00	0.00	5.34	0.00	0.12
941	58.00	33.00	167.34	74300.84	8367.16	538557.45	538557.45	0.00	0.00	0.00	0.00	5.28	0.00	0.12
942	58.00	34.00	167.34	74300.84	8367.16	538557.45	538557.45	0.00	0.00	0.00	0.00	5.35	0.00	0.12
943	59.00	34.00	167.34	74300.84	8367.16	538557.45	538557.45	0.00	0.00	0.00	0.00	5.29	0.00	0.12
944	60.00	34.00	167.34	74300.84	8367.16	538557.45	538557.45	0.00	0.00	0.00	0.00	5.23	0.00	0.12
945	61.00	34.00	167.34	74300.84	8367.16	538557.45	538557.45	0.00	0.00	0.00	0.00	5.18	0.00	0.12
946	62.00	34.00	167.34	74300.84	8367.16	538557.45	538557.45	0.00	0.00	0.00	0.00	5.13	0.00	0.12
947	62.00	35.00	167.34	74300.84	8367.16	538557.45	538557.45	0.00	0.00	0.00	0.00	5.19	0.00	0.12
948	63.00	35.00	167.34	74300.84	8367.16	538557.45	538557.45	0.00	0.00	0.00	0.00	5.14	0.00	0.12
949	64.00	35.00	167.34	74300.84	8367.16	538557.45	538557.45	0.00	0.00	0.00	0.00	5.09	0.00	0.12
950	65.00	35.00	167.34	74300.84	8367.16	538557.45	538557.45	0.00	0.00	0.00	0.00	5.03	0.00	0.12
951	66.00	35.00	167.34	74300.84	8367.16	538557.45	538557.45	0.00	0.00	0.00	0.00	4.98	0.00	0.12
952	67.00	35.00	167.34	74300.84	8367.16	538557.45	538557.45	0.00	0.00	0.00	0.00	4.94	0.00	0.12
953	68.00	35.00	167.34	74300.84	8367.16	538557.45	538557.45	0.00	0.00	0.00	0.00	4.89	0.00	0.12
954	69.00	35.00	167.34	74300.84	8367.16	538557.45	538557.45	0.00	0.00	0.00	0.00	4.84	0.00	0.12
955	69.00	36.00	167.34	74300.84	8367.16	538557.45	538557.45	0.00	0.00	0.00	0.00	4.82	0.00	0.12
956	69.00	37.00	167.34	74300.84	8367.16	538557.45	538557.45	0.00	0.00	0.00	0.00	4.91	0.00	0.12
957	69.00	38.00	167.34	74300.84	8367.16	538557.45	538557.45	0.00	0.00	0.00	0.00	4.89	0.00	0.12
958	69.00	39.00	167.34	74300.84	8367.16	538557.45	538557.45	0.00	0.00	0.00	0.00	4.95	0.00	0.12
959	69.00	40.00	167.34	74300.84	8367.16	538557.45	538557.45	0.00	0.00	0.00	0.00	5.06	0.00	0.12
960	70.00	40.00	167.34	74300.84	8367.16	538557.45	538557.45	0.00	0.00	0.00	0.00	5.02	0.00	0.12
961	71.00	40.00	167.34	74300.84	8367.16	538557.45	538557.45	0.00	0.00	0.00	0.00	4.97	0.00	0.12
962	71.00	41.00	167.34	74300.84	8367.16	538557.45	538557.45	0.00	0.00	0.00	0.00	5.03	0.00	0.12
963	72.00	41.00	167.34	74300.84	8367.16	538557.45	538557.45	0.00	0.00	0.00	0.00	4.98	0.00	0.12
964	73.00	41.00	167.34	74300.84	8367.16	538557.45	538557.45	0.00	0.00	0.00	0.00	4.94	0.00	0.12
965	73.00	42.00	167.34	74300.84	8367.16	538557.45	538557.45	0.00	0.00	0.00	0.00	5.00	0.00	0.12
966	74.00	42.00	167.34	74300.84	8367.16	538557.45	538557.45	0.00	0.00	0.00	0.00	4.95	0.00	0.12
967	25.00	42.00	167.34	74300.84	8367.16	538557.45	538557.45	0.00	0.00	0.00	0.00	8.58	0.00	0.12
968	26.00	42.00	167.34	74300.84	8367.16	538557.45	538557.45	0.00	0.00	0.00	0.00	8.45	0.00	0.12
969	26.00	43.00	167.34	74300.84	8367.16	538557.45	538557.45	0.00	0.00	0.00	0.00	8.42	0.00	0.12
970	27.00	43.00	167.34	74300.84	8367.16	538557.45	538557.45	0.00	0.00	0.00	0.00	8.30	0.00	0.12
971	27.00	44.00	167.34	74300.84	8367.16	538557.45	538557.45	0.00	0.00	0.00	0.00	8.34	0.00	0.12
972	28.00	44.00	167.34	74300.84	8367.16	538557.45	538557.45	0.00	0.00	0.00	0.00	8.23	0.00	0.12
973	28.00	45.00	167.34	74300.84	8367.16	538557.45	538557.45	0.00	0.00	0.00	0.00	8.76	0.00	0.12
974	28.00	46.00	167.34	74300.84	8367.16	538557.45	538557.45	0.00	0.00	0.00	0.00	8.66	0.00	0.12
975	29.00	46.00	167.34	74300.84	8367.16	538557.45	538557.45	0.00	0.00	0.00	0.00	8.55	0.00	0.12
976	30.00	46.00	167.34	74300.84	8367.16	538557.45	538557.45	0.00	0.00	0.00	0.00	8.44	0.00	0.12
977	31.00	46.00	167.34	74300.84	8367.16	538557.45	538557.45	0.00	0.00	0.00	0.00	8.33	0.00	0.12
978	31.00	47.00	167.34	74300.84	8367.16	538557.45	538557.45	0.00	0.00	0.00	0.00	8.38	0.00	0.12
979	31.00	48.00	167.34	74300.84	8367.16	538557.45	538557.45	0.00	0.00	0.00	0.00	8.59	0.00	0.12
980	32.00	48.00	167.34	74300.84	8367.16	538557.45	538557.45	0.00	0.00	0.00	0.00	8.48	0.00	0.12
981	33.00	48.00	167.34	74300.84	8367.16	538557.45	538557.45	0.00	0.00	0.00	0.00	8.38	0.00	0.12
982	33.00	49.00	167.34	74300.84	8367.16	538557.45	538557.45	0.00	0.00	0.00	0.00	8.46	0.00	0.12
983	34.00	49.00	167.34	74300.84	8367.16	538557.45	538557.45	0.00	0.00	0.00	0.00	8.36	0.00	0.12
984	35.00	49.00	167.34	74300.84	8367.16	538557.45	538557.45	0.00	0.00	0.00	0.00	8.26	0.00	0.12
985	35.00	50.00	167.34	74300.84	8367.16	538557.45	538557.45	0.00	0.00	0.00	0.00	8.18	0.00	0.12
986	36.00	50.00	167.34	74300.84	8367.16	538557.45	538557.45	0.00	0.00	0.00	0.00	8.09	0.00	0.12
987	37.00	50.00	167.34	74300.84	8367.16	538557.45	538557.45	0.00	0.00	0.00	0.00	8.00	0.00	0.12
988	38.00	50.00	167.34	74300.84	8367.16	538557.45	538557.45	0.00	0.00	0.00	0.00	7.91	0.00	0.12
989	38.00	51.00	167.34	74300.84	8367.16	538557.45	538557.45	0.00	0.00	0.00	0.00	7.84	0.00	0.12
990	39.00	51.00	167.34	74300.84	8367.16	538557.45	538557.45	0.00	0.00	0.00	0.00	7.75	0.00	0.12
991	40.00	51.00	167.34	74300.84	8367.16	538557.45	538557.45	0.00	0.00	0.00	0.00	7.67	0.00	0.12
992	40.00	52.00	167.34	74300.84	8367.16	538557.45	538557.45	0.00	0.00	0.00	0.00	7.60	0.00	0.12
993	41.00	52.00	167.34	74300.84	8367.16	538557.45	538557.45	0.00	0.00	0.00	0.00	7.52	0.00	0.12
994	41.00	53.00	167.34	74300.84	8367.16	538557.45	538557.45	0.00	0.00	0.00	0.00	7.58	0.00	0.12
995	41.00	54.00	167.34	74300.84	8367.16	538557.45	538557.45	0.00	0.00	0.00	0.00	7.53	0.00	0.12
996	42.00	54.00	167.34	74300.84	8367.16	538557.45	538557.45	0.00	0.00	0.00	0.00	7.45	0.00	0.12
997	42.00	55.00	167.34	74300.84	8367.16	538557.45	538557.45	0.00	0.00	0.00	0.00	7.40	0.00	0.12
998	43.00	55.00	167.34	74300.84	8367.16	538557.45	538557.45	0.00	0.00	0.00	0.00	7.33	0.00	0.12
999	44.00	55.00	167.34	74300.84	8367.16	538557.45	538557.45	0.00	0.00	0.00	0.00	7.25	0.00	0.12
1000	44.00	56.00	167.34	74300.84	8367.16	538557.45	538557.45	0.00	0.00	0.00	0.00	7.21	0.00	0.12
