some parameters
Gen.	# feasible solutions	# infeasible solutions	cap. penality	dur. penality	num. penality	best penalized cost	best feasible cost	best cap. violation	best dur. violation	best num. violation	avg cap. violation	avg dur. violation	avg num. violation
1	0.00	51.00	1200.00	12000.00	60000.00	2210450.16	0.00	324.94	60.14	1.00	906.66	156.42	5.39
2	0.00	52.00	1200.00	12000.00	60000.00	2210450.16	0.00	324.94	60.14	1.00	894.57	155.20	5.33
3	0.00	53.00	1200.00	12000.00	60000.00	2210450.16	0.00	324.94	60.14	1.00	896.26	154.92	5.32
4	0.00	54.00	1200.00	12000.00	60000.00	2210450.16	0.00	324.94	60.14	1.00	881.81	154.17	5.22
5	0.00	55.00	1200.00	12000.00	60000.00	2210450.16	0.00	324.94	60.14	1.00	868.31	152.75	5.15
6	0.00	56.00	1200.00	12000.00	60000.00	2210450.16	0.00	324.94	60.14	1.00	857.77	151.58	5.09
7	0.00	57.00	1200.00	12000.00	60000.00	2210450.16	0.00	324.94	60.14	1.00	856.00	150.06	5.09
8	0.00	58.00	1200.00	12000.00	60000.00	2210450.16	0.00	324.94	60.14	1.00	848.26	149.39	5.09
9	0.00	59.00	1200.00	12000.00	60000.00	2210450.16	0.00	324.94	60.14	1.00	835.86	148.67	5.00
10	0.00	60.00	1200.00	12000.00	60000.00	2210450.16	0.00	324.94	60.14	1.00	837.21	148.06	4.98
11	0.00	61.00	1200.00	12000.00	60000.00	2210450.16	0.00	324.94	60.14	1.00	830.54	147.54	4.95
12	0.00	62.00	1200.00	12000.00	60000.00	2210450.16	0.00	324.94	60.14	1.00	821.23	146.93	4.89
13	0.00	63.00	1200.00	12000.00	60000.00	2210450.16	0.00	324.94	60.14	1.00	813.96	146.25	4.87
14	0.00	64.00	1200.00	12000.00	60000.00	2210450.16	0.00	324.94	60.14	1.00	810.95	146.09	4.83
15	0.00	65.00	1200.00	12000.00	60000.00	2210450.16	0.00	324.94	60.14	1.00	807.98	146.24	4.78
16	0.00	66.00	1200.00	12000.00	60000.00	2210450.16	0.00	324.94	60.14	1.00	803.94	146.15	4.74
17	0.00	67.00	1200.00	12000.00	60000.00	2210450.16	0.00	324.94	60.14	1.00	800.95	145.46	4.72
18	0.00	68.00	1200.00	12000.00	60000.00	2210450.16	0.00	324.94	60.14	1.00	795.59	146.09	4.68
19	0.00	69.00	1200.00	12000.00	60000.00	1660871.22	0.00	88.14	33.78	1.00	785.33	144.47	4.62
20	0.00	70.00	1200.00	12000.00	60000.00	1660871.22	0.00	88.14	33.78	1.00	777.40	143.72	4.56
21	0.00	71.00	1200.00	12000.00	60000.00	1660871.22	0.00	88.14	33.78	1.00	773.86	143.27	4.51
22	0.00	72.00	1200.00	12000.00	60000.00	1660871.22	0.00	88.14	33.78	1.00	763.11	142.50	4.44
23	0.00	73.00	1200.00	12000.00	60000.00	1660871.22	0.00	88.14	33.78	1.00	757.62	141.80	4.41
24	0.00	74.00	1200.00	12000.00	60000.00	1660871.22	0.00	88.14	33.78	1.00	750.81	141.47	4.36
25	0.00	25.00	1200.00	12000.00	60000.00	1660871.22	0.00	88.14	33.78	1.00	418.49	111.34	2.36
26	0.00	26.00	1200.00	12000.00	60000.00	1660871.22	0.00	88.14	33.78	1.00	406.56	110.35	2.31
27	0.00	27.00	1200.00	12000.00	60000.00	1660871.22	0.00	88.14	33.78	1.00	391.50	109.08	2.22
28	0.00	28.00	1200.00	12000.00	60000.00	1660871.22	0.00	88.14	33.78	1.00	380.00	109.97	2.14
29	0.00	29.00	1200.00	12000.00	60000.00	1660871.22	0.00	88.14	33.78	1.00	366.90	109.92	2.10
30	0.00	30.00	1200.00	12000.00	60000.00	1660871.22	0.00	88.14	33.78	1.00	366.76	111.74	2.10
31	0.00	31.00	1200.00	12000.00	60000.00	1660871.22	0.00	88.14	33.78	1.00	355.19	110.80	2.06
32	0.00	32.00	1200.00	12000.00	60000.00	1660871.22	0.00	88.14	33.78	1.00	360.09	110.76	2.22
33	0.00	33.00	1200.00	12000.00	60000.00	1660871.22	0.00	88.14	33.78	1.00	351.85	108.72	2.18
34	0.00	34.00	1200.00	12000.00	60000.00	1660871.22	0.00	88.14	33.78	1.00	353.48	108.85	2.24
35	0.00	35.00	1200.00	12000.00	60000.00	1660871.22	0.00	88.14	33.78	1.00	344.49	107.29	2.20
36	0.00	36.00	1200.00	12000.00	60000.00	1660871.22	0.00	88.14	33.78	1.00	355.94	111.00	2.28
37	0.00	37.00	1200.00	12000.00	60000.00	1576178.30	0.00	0.00	44.98	0.00	346.32	109.21	2.22
38	0.00	38.00	1200.00	12000.00	60000.00	1576178.30	0.00	0.00	44.98	0.00	346.76	108.66	2.26
39	0.00	39.00	1200.00	12000.00	60000.00	1576178.30	0.00	0.00	44.98	0.00	342.09	107.16	2.21
40	0.00	40.00	1200.00	12000.00	60000.00	1576178.30	0.00	0.00	44.98	0.00	333.54	105.52	2.15
41	0.00	41.00	1200.00	12000.00	60000.00	1576178.30	0.00	0.00	44.98	0.00	325.40	104.52	2.10
42	0.00	42.00	1200.00	12000.00	60000.00	1576178.30	0.00	0.00	44.98	0.00	317.66	103.85	2.05
43	0.00	43.00	1200.00	12000.00	60000.00	1576178.30	0.00	0.00	44.98	0.00	334.07	104.24	2.14
44	0.00	44.00	1200.00	12000.00	60000.00	1576178.30	0.00	0.00	44.98	0.00	326.55	103.74	2.09
45	0.00	45.00	1200.00	12000.00	60000.00	1576178.30	0.00	0.00	44.98	0.00	325.80	103.42	2.11
46	0.00	46.00	1200.00	12000.00	60000.00	1576178.30	0.00	0.00	44.98	0.00	322.35	103.06	2.09
47	0.00	47.00	1200.00	12000.00	60000.00	1576178.30	0.00	0.00	44.98	0.00	328.10	102.99	2.09
48	0.00	48.00	1200.00	12000.00	60000.00	1576178.30	0.00	0.00	44.98	0.00	351.13	103.39	2.25
49	0.00	49.00	1200.00	12000.00	60000.00	1576178.30	0.00	0.00	44.98	0.00	350.14	103.95	2.24
50	0.00	50.00	1200.00	12000.00	60000.00	1576178.30	0.00	0.00	44.98	0.00	363.63	107.46	2.42
51	0.00	51.00	1200.00	12000.00	60000.00	1576178.30	0.00	0.00	44.98	0.00	357.33	107.99	2.39
52	0.00	52.00	1200.00	12000.00	60000.00	1576178.30	0.00	0.00	44.98	0.00	350.45	107.49	2.35
53	0.00	53.00	1200.00	12000.00	60000.00	1576178.30	0.00	0.00	44.98	0.00	343.84	109.39	2.30
54	0.00	54.00	1200.00	12000.00	60000.00	1576178.30	0.00	0.00	44.98	0.00	339.06	108.36	2.28
55	0.00	55.00	1200.00	12000.00	60000.00	1576178.30	0.00	0.00	44.98	0.00	333.58	107.82	2.24
56	0.00	56.00	1200.00	12000.00	60000.00	1576178.30	0.00	0.00	44.98	0.00	332.59	107.94	2.23
57	0.00	57.00	1200.00	12000.00	60000.00	1576178.30	0.00	0.00	44.98	0.00	332.07	106.63	2.21
58	0.00	58.00	1200.00	12000.00	60000.00	1576178.30	0.00	0.00	44.98	0.00	326.34	106.58	2.17
59	0.00	59.00	1200.00	12000.00	60000.00	1576178.30	0.00	0.00	44.98	0.00	320.81	106.21	2.14
60	0.00	60.00	1200.00	12000.00	60000.00	1576178.30	0.00	0.00	44.98	0.00	315.46	105.63	2.10
61	0.00	61.00	1200.00	12000.00	60000.00	1576178.30	0.00	0.00	44.98	0.00	311.60	105.26	2.07
62	0.00	62.00	1200.00	12000.00	60000.00	1576178.30	0.00	0.00	44.98	0.00	313.98	105.80	2.11
63	0.00	63.00	1200.00	12000.00	60000.00	1576178.30	0.00	0.00	44.98	0.00	309.61	105.81	2.10
64	0.00	64.00	1200.00	12000.00	60000.00	1576178.30	0.00	0.00	44.98	0.00	310.55	105.77	2.08
65	0.00	65.00	1200.00	12000.00	60000.00	1576178.30	0.00	0.00	44.98	0.00	306.96	106.31	2.08
66	0.00	66.00	1200.00	12000.00	60000.00	1576178.30	0.00	0.00	44.98	0.00	302.31	105.69	2.05
67	0.00	67.00	1200.00	12000.00	60000.00	1576178.30	0.00	0.00	44.98	0.00	302.34	106.06	2.07
68	0.00	68.00	1200.00	12000.00	60000.00	1576178.30	0.00	0.00	44.98	0.00	300.56	105.70	2.07
69	0.00	69.00	1200.00	12000.00	60000.00	1576178.30	0.00	0.00	44.98	0.00	300.15	106.26	2.09
70	0.00	70.00	1200.00	12000.00	60000.00	1576178.30	0.00	0.00	44.98	0.00	306.92	107.13	2.10
71	0.00	71.00	1200.00	12000.00	60000.00	1576178.30	0.00	0.00	44.98	0.00	304.02	107.01	2.07
72	0.00	72.00	1200.00	12000.00	60000.00	1576178.30	0.00	0.00	44.98	0.00	304.84	106.79	2.10
73	0.00	73.00	1200.00	12000.00	60000.00	1576178.30	0.00	0.00	44.98	0.00	300.67	105.92	2.07
74	0.00	74.00	1200.00	12000.00	60000.00	1576178.30	0.00	0.00	44.98	0.00	307.45	108.01	2.09
75	0.00	25.00	1200.00	12000.00	60000.00	1576178.30	0.00	0.00	44.98	0.00	147.72	80.28	0.76
76	0.00	26.00	1200.00	12000.00	60000.00	1576178.30	0.00	0.00	44.98	0.00	142.04	79.71	0.73
77	0.00	27.00	1200.00	12000.00	60000.00	1576178.30	0.00	0.00	44.98	0.00	152.10	78.98	0.78
78	0.00	28.00	1200.00	12000.00	60000.00	1576178.30	0.00	0.00	44.98	0.00	151.86	77.79	0.75
79	0.00	29.00	1200.00	12000.00	60000.00	1576178.30	0.00	0.00	44.98	0.00	146.62	77.34	0.72
80	0.00	30.00	1200.00	12000.00	60000.00	1576178.30	0.00	0.00	44.98	0.00	143.13	79.62	0.70
81	0.00	31.00	1200.00	12000.00	60000.00	1576178.30	0.00	0.00	44.98	0.00	149.12	86.45	0.68
82	0.00	32.00	1200.00	12000.00	60000.00	1576178.30	0.00	0.00	44.98	0.00	147.21	87.43	0.69
83	0.00	33.00	1200.00	12000.00	60000.00	1576178.30	0.00	0.00	44.98	0.00	142.75	87.67	0.67
84	0.00	34.00	1200.00	12000.00	60000.00	1576178.30	0.00	0.00	44.98	0.00	138.55	87.03	0.65
85	0.00	35.00	1200.00	12000.00	60000.00	1576178.30	0.00	0.00	44.98	0.00	150.98	88.92	0.66
86	0.00	36.00	1200.00	12000.00	60000.00	1576178.30	0.00	0.00	44.98	0.00	146.79	90.17	0.64
87	0.00	37.00	1200.00	12000.00	60000.00	1576178.30	0.00	0.00	44.98	0.00	145.83	90.18	0.68
88	0.00	38.00	1200.00	12000.00	60000.00	1576178.30	0.00	0.00	44.98	0.00	146.33	92.61	0.68
89	0.00	39.00	1200.00	12000.00	60000.00	1576178.30	0.00	0.00	44.98	0.00	151.73	92.60	0.72
90	0.00	40.00	1200.00	12000.00	60000.00	1576178.30	0.00	0.00	44.98	0.00	151.76	95.15	0.72
91	0.00	41.00	1200.00	12000.00	60000.00	1576178.30	0.00	0.00	44.98	0.00	148.06	95.13	0.71
92	0.00	42.00	1200.00	12000.00	60000.00	1576178.30	0.00	0.00	44.98	0.00	156.38	95.80	0.74
93	0.00	43.00	1200.00	12000.00	60000.00	1576178.30	0.00	0.00	44.98	0.00	158.48	102.76	0.72
94	0.00	44.00	1200.00	12000.00	60000.00	1576178.30	0.00	0.00	44.98	0.00	154.87	101.89	0.70
95	0.00	45.00	1200.00	12000.00	60000.00	1576178.30	0.00	0.00	44.98	0.00	151.43	102.13	0.69
96	0.00	46.00	1200.00	12000.00	60000.00	1576178.30	0.00	0.00	44.98	0.00	153.93	102.67	0.74
97	0.00	47.00	1200.00	12000.00	60000.00	1576178.30	0.00	0.00	44.98	0.00	159.46	101.61	0.77
98	0.00	48.00	1200.00	12000.00	60000.00	1576178.30	0.00	0.00	44.98	0.00	161.23	109.28	0.77
99	0.00	49.00	1200.00	12000.00	60000.00	1576178.30	0.00	0.00	44.98	0.00	161.19	109.22	0.76
100	0.00	50.00	1200.00	12000.00	60000.00	1576178.30	0.00	0.00	44.98	0.00	158.13	108.64	0.76
101	0.00	51.00	1440.00	14400.00	72000.00	1681419.64	0.00	0.00	41.65	0.00	160.80	109.41	0.75
102	0.00	52.00	1440.00	14400.00	72000.00	1681419.64	0.00	0.00	41.65	0.00	157.77	110.07	0.73
103	0.00	53.00	1440.00	14400.00	72000.00	1681419.64	0.00	0.00	41.65	0.00	166.96	111.35	0.77
104	0.00	54.00	1440.00	14400.00	72000.00	1681419.64	0.00	0.00	41.65	0.00	163.95	110.96	0.78
105	0.00	55.00	1440.00	14400.00	72000.00	1681419.64	0.00	0.00	41.65	0.00	166.67	110.17	0.78
106	0.00	56.00	1440.00	14400.00	72000.00	1681419.64	0.00	0.00	41.65	0.00	172.87	109.23	0.79
107	0.00	57.00	1440.00	14400.00	72000.00	1681419.64	0.00	0.00	41.65	0.00	178.47	108.77	0.81
108	0.00	58.00	1440.00	14400.00	72000.00	1681419.64	0.00	0.00	41.65	0.00	175.39	107.70	0.79
109	0.00	59.00	1440.00	14400.00	72000.00	1681419.64	0.00	0.00	41.65	0.00	173.38	107.53	0.80
110	0.00	60.00	1440.00	14400.00	72000.00	1681419.64	0.00	0.00	41.65	0.00	188.20	110.97	0.88
111	0.00	61.00	1440.00	14400.00	72000.00	1681419.64	0.00	0.00	41.65	0.00	198.27	113.42	0.93
112	0.00	62.00	1440.00	14400.00	72000.00	1681419.64	0.00	0.00	41.65	0.00	204.34	114.20	0.98
113	0.00	63.00	1440.00	14400.00	72000.00	1681419.64	0.00	0.00	41.65	0.00	209.07	117.92	0.98
114	0.00	64.00	1440.00	14400.00	72000.00	1681419.64	0.00	0.00	41.65	0.00	207.11	117.81	0.97
115	0.00	65.00	1440.00	14400.00	72000.00	1681419.64	0.00	0.00	41.65	0.00	208.45	118.11	0.95
116	0.00	66.00	1440.00	14400.00	72000.00	1681419.64	0.00	0.00	41.65	0.00	216.29	122.36	0.95
117	0.00	67.00	1440.00	14400.00	72000.00	1681419.64	0.00	0.00	41.65	0.00	213.06	121.40	0.94
118	0.00	68.00	1440.00	14400.00	72000.00	1681419.64	0.00	0.00	41.65	0.00	213.84	120.94	0.97
119	0.00	69.00	1440.00	14400.00	72000.00	1681419.64	0.00	0.00	41.65	0.00	212.00	122.41	0.96
120	0.00	70.00	1440.00	14400.00	72000.00	1681419.64	0.00	0.00	41.65	0.00	212.21	121.44	0.96
121	0.00	71.00	1440.00	14400.00	72000.00	1681419.64	0.00	0.00	41.65	0.00	209.25	120.89	0.94
122	0.00	72.00	1440.00	14400.00	72000.00	1681419.64	0.00	0.00	41.65	0.00	212.66	120.15	0.93
123	0.00	73.00	1440.00	14400.00	72000.00	1681419.64	0.00	0.00	41.65	0.00	210.52	119.61	0.93
124	0.00	74.00	1440.00	14400.00	72000.00	1681419.64	0.00	0.00	41.65	0.00	207.68	121.45	0.92
125	0.00	25.00	1440.00	14400.00	72000.00	1681419.64	0.00	0.00	41.65	0.00	85.35	68.54	0.44
126	0.00	26.00	1440.00	14400.00	72000.00	1681419.64	0.00	0.00	41.65	0.00	82.07	69.99	0.42
127	0.00	27.00	1440.00	14400.00	72000.00	1681419.64	0.00	0.00	41.65	0.00	92.65	72.51	0.44
128	0.00	28.00	1440.00	14400.00	72000.00	1681419.64	0.00	0.00	41.65	0.00	94.80	81.44	0.46
129	0.00	29.00	1440.00	14400.00	72000.00	1681419.64	0.00	0.00	41.65	0.00	98.98	87.76	0.48
130	0.00	30.00	1440.00	14400.00	72000.00	1681419.64	0.00	0.00	41.65	0.00	100.55	92.02	0.57
131	0.00	31.00	1440.00	14400.00	72000.00	1681419.64	0.00	0.00	41.65	0.00	129.03	95.63	0.61
132	0.00	32.00	1440.00	14400.00	72000.00	1681419.64	0.00	0.00	41.65	0.00	144.02	99.69	0.69
133	0.00	33.00	1440.00	14400.00	72000.00	1681419.64	0.00	0.00	41.65	0.00	139.66	98.62	0.67
134	0.00	34.00	1440.00	14400.00	72000.00	1681419.64	0.00	0.00	41.65	0.00	143.77	106.33	0.68
135	0.00	35.00	1440.00	14400.00	72000.00	1681419.64	0.00	0.00	41.65	0.00	142.05	106.66	0.66
136	0.00	36.00	1440.00	14400.00	72000.00	1681419.64	0.00	0.00	41.65	0.00	141.57	106.31	0.67
137	0.00	37.00	1440.00	14400.00	72000.00	1681419.64	0.00	0.00	41.65	0.00	155.75	114.97	0.68
138	0.00	38.00	1440.00	14400.00	72000.00	1681419.64	0.00	0.00	41.65	0.00	151.65	115.27	0.66
139	0.00	39.00	1440.00	14400.00	72000.00	1681419.64	0.00	0.00	41.65	0.00	150.97	113.67	0.64
140	0.00	40.00	1440.00	14400.00	72000.00	1681419.64	0.00	0.00	41.65	0.00	150.32	112.98	0.62
141	0.00	41.00	1440.00	14400.00	72000.00	1681419.64	0.00	0.00	41.65	0.00	149.11	112.61	0.61
142	0.00	42.00	1440.00	14400.00	72000.00	1681419.64	0.00	0.00	41.65	0.00	149.12	111.83	0.60
143	0.00	43.00	1440.00	14400.00	72000.00	1681419.64	0.00	0.00	41.65	0.00	146.66	110.55	0.60
144	0.00	44.00	1440.00	14400.00	72000.00	1681419.64	0.00	0.00	41.65	0.00	143.33	109.58	0.59
145	0.00	45.00	1440.00	14400.00	72000.00	1681419.64	0.00	0.00	41.65	0.00	148.76	110.20	0.64
146	0.00	46.00	1440.00	14400.00	72000.00	1681419.64	0.00	0.00	41.65	0.00	151.50	109.01	0.63
147	0.00	47.00	1440.00	14400.00	72000.00	1681419.64	0.00	0.00	41.65	0.00	159.83	108.12	0.72
148	0.00	48.00	1440.00	14400.00	72000.00	1681419.64	0.00	0.00	41.65	0.00	164.47	115.34	0.79
149	0.00	49.00	1440.00	14400.00	72000.00	1681419.64	0.00	0.00	41.65	0.00	161.11	114.53	0.78
150	0.00	50.00	1440.00	14400.00	72000.00	1681419.64	0.00	0.00	41.65	0.00	158.76	114.61	0.78
151	0.00	51.00	1440.00	14400.00	72000.00	1681419.64	0.00	0.00	41.65	0.00	163.49	115.23	0.82
152	0.00	52.00	1440.00	14400.00	72000.00	1681419.64	0.00	0.00	41.65	0.00	164.91	117.25	0.85
153	0.00	53.00	1440.00	14400.00	72000.00	1681419.64	0.00	0.00	41.65	0.00	169.01	124.30	0.91
154	0.00	54.00	1440.00	14400.00	72000.00	1681419.64	0.00	0.00	41.65	0.00	175.83	123.83	0.96
155	0.00	55.00	1440.00	14400.00	72000.00	1681419.64	0.00	0.00	41.65	0.00	179.03	125.23	1.02
156	0.00	56.00	1440.00	14400.00	72000.00	1681419.64	0.00	0.00	41.65	0.00	178.07	123.93	1.00
157	0.00	57.00	1440.00	14400.00	72000.00	1681419.64	0.00	0.00	41.65	0.00	175.19	122.51	0.98
158	0.00	58.00	1440.00	14400.00	72000.00	1681419.64	0.00	0.00	41.65	0.00	173.01	122.55	0.97
159	0.00	59.00	1440.00	14400.00	72000.00	1681419.64	0.00	0.00	41.65	0.00	170.08	122.97	0.95
160	0.00	60.00	1440.00	14400.00	72000.00	1681419.64	0.00	0.00	41.65	0.00	171.02	123.16	0.93
161	0.00	61.00	1440.00	14400.00	72000.00	1681419.64	0.00	0.00	41.65	0.00	168.21	122.24	0.92
162	0.00	62.00	1440.00	14400.00	72000.00	1681419.64	0.00	0.00	41.65	0.00	176.70	127.85	0.94
163	0.00	63.00	1440.00	14400.00	72000.00	1681419.64	0.00	0.00	41.65	0.00	175.26	129.35	0.94
164	0.00	64.00	1440.00	14400.00	72000.00	1681419.64	0.00	0.00	41.65	0.00	176.05	128.79	0.94
165	0.00	65.00	1440.00	14400.00	72000.00	1681419.64	0.00	0.00	41.65	0.00	173.35	127.71	0.92
166	0.00	66.00	1440.00	14400.00	72000.00	1681419.64	0.00	0.00	41.65	0.00	177.39	127.27	0.95
167	0.00	67.00	1440.00	14400.00	72000.00	1681419.64	0.00	0.00	41.65	0.00	183.34	128.16	0.97
168	0.00	68.00	1440.00	14400.00	72000.00	1681419.64	0.00	0.00	41.65	0.00	182.13	127.69	0.96
169	0.00	69.00	1440.00	14400.00	72000.00	1681419.64	0.00	0.00	41.65	0.00	179.49	126.76	0.94
170	0.00	70.00	1440.00	14400.00	72000.00	1681419.64	0.00	0.00	41.65	0.00	180.72	126.31	0.96
171	0.00	71.00	1440.00	14400.00	72000.00	1681419.64	0.00	0.00	41.65	0.00	178.38	125.61	0.94
172	0.00	72.00	1440.00	14400.00	72000.00	1681419.64	0.00	0.00	41.65	0.00	175.90	124.72	0.93
173	0.00	73.00	1440.00	14400.00	72000.00	1681419.64	0.00	0.00	41.65	0.00	174.14	124.67	0.92
174	0.00	74.00	1440.00	14400.00	72000.00	1681419.64	0.00	0.00	41.65	0.00	178.32	124.59	0.93
175	0.00	25.00	1440.00	14400.00	72000.00	1681419.64	0.00	0.00	41.65	0.00	97.67	65.82	0.40
176	0.00	26.00	1440.00	14400.00	72000.00	1681419.64	0.00	0.00	41.65	0.00	105.52	65.94	0.38
177	0.00	27.00	1440.00	14400.00	72000.00	1681419.64	0.00	0.00	41.65	0.00	124.16	73.96	0.48
178	0.00	28.00	1440.00	14400.00	72000.00	1681419.64	0.00	0.00	41.65	0.00	119.72	74.10	0.46
179	0.00	29.00	1440.00	14400.00	72000.00	1681419.64	0.00	0.00	41.65	0.00	118.63	76.06	0.45
180	0.00	30.00	1440.00	14400.00	72000.00	1681419.64	0.00	0.00	41.65	0.00	118.85	75.59	0.43
181	0.00	31.00	1440.00	14400.00	72000.00	1681419.64	0.00	0.00	41.65	0.00	122.80	75.83	0.45
182	0.00	32.00	1440.00	14400.00	72000.00	1681419.64	0.00	0.00	41.65	0.00	122.87	75.56	0.44
183	0.00	33.00	1440.00	14400.00	72000.00	1681419.64	0.00	0.00	41.65	0.00	122.34	82.50	0.45
184	0.00	34.00	1440.00	14400.00	72000.00	1681419.64	0.00	0.00	41.65	0.00	118.74	82.79	0.44
185	0.00	35.00	1440.00	14400.00	72000.00	1681419.64	0.00	0.00	41.65	0.00	115.81	82.61	0.43
186	0.00	36.00	1440.00	14400.00	72000.00	1681419.64	0.00	0.00	41.65	0.00	128.22	88.91	0.47
187	0.00	37.00	1440.00	14400.00	72000.00	1681419.64	0.00	0.00	41.65	0.00	136.37	89.18	0.46
188	0.00	38.00	1440.00	14400.00	72000.00	1681419.64	0.00	0.00	41.65	0.00	132.79	89.21	0.45
189	0.00	39.00	1440.00	14400.00	72000.00	1681419.64	0.00	0.00	41.65	0.00	152.23	93.98	0.51
190	0.00	40.00	1440.00	14400.00	72000.00	1681419.64	0.00	0.00	41.65	0.00	152.17	97.21	0.53
191	0.00	41.00	1440.00	14400.00	72000.00	1681419.64	0.00	0.00	41.65	0.00	148.54	96.14	0.51
192	0.00	42.00	1440.00	14400.00	72000.00	1681419.64	0.00	0.00	41.65	0.00	166.01	99.96	0.55
193	0.00	43.00	1440.00	14400.00	72000.00	1681419.64	0.00	0.00	41.65	0.00	165.06	99.83	0.53
194	0.00	44.00	1440.00	14400.00	72000.00	1681419.64	0.00	0.00	41.65	0.00	161.31	99.19	0.52
195	0.00	45.00	1440.00	14400.00	72000.00	1681419.64	0.00	0.00	41.65	0.00	166.53	99.34	0.58
196	0.00	46.00	1440.00	14400.00	72000.00	1681419.64	0.00	0.00	41.65	0.00	197.12	100.73	0.76
197	0.00	47.00	1440.00	14400.00	72000.00	1681419.64	0.00	0.00	41.65	0.00	220.32	105.02	0.85
198	0.00	48.00	1440.00	14400.00	72000.00	1681419.64	0.00	0.00	41.65	0.00	219.09	105.28	0.85
199	0.00	49.00	1440.00	14400.00	72000.00	1681419.64	0.00	0.00	41.65	0.00	240.54	112.64	0.94
200	0.00	50.00	1440.00	14400.00	72000.00	1681419.64	0.00	0.00	41.65	0.00	235.83	113.21	0.94
201	0.00	51.00	1728.00	17280.00	86400.00	1801371.64	0.00	0.00	41.65	0.00	233.66	112.99	0.92
202	0.00	52.00	1728.00	17280.00	86400.00	1801371.64	0.00	0.00	41.65	0.00	246.36	113.20	0.94
203	0.00	53.00	1728.00	17280.00	86400.00	1801371.64	0.00	0.00	41.65	0.00	250.00	116.51	0.96
204	0.00	54.00	1728.00	17280.00	86400.00	1801371.64	0.00	0.00	41.65	0.00	247.74	115.90	0.94
205	0.00	55.00	1728.00	17280.00	86400.00	1801371.64	0.00	0.00	41.65	0.00	244.84	115.35	0.93
206	0.00	56.00	1728.00	17280.00	86400.00	1801371.64	0.00	0.00	41.65	0.00	240.47	114.33	0.91
207	0.00	57.00	1728.00	17280.00	86400.00	1801371.64	0.00	0.00	41.65	0.00	236.25	113.69	0.89
208	0.00	58.00	1728.00	17280.00	86400.00	1801371.64	0.00	0.00	41.65	0.00	244.83	115.37	0.91
209	0.00	59.00	1728.00	17280.00	86400.00	1801371.64	0.00	0.00	41.65	0.00	249.21	115.27	0.93
210	0.00	60.00	1728.00	17280.00	86400.00	1801371.64	0.00	0.00	41.65	0.00	251.44	115.35	0.93
211	0.00	61.00	1728.00	17280.00	86400.00	1801371.64	0.00	0.00	41.65	0.00	248.33	114.64	0.92
212	0.00	62.00	1728.00	17280.00	86400.00	1801371.64	0.00	0.00	41.65	0.00	248.60	117.51	0.90
213	0.00	63.00	1728.00	17280.00	86400.00	1801371.64	0.00	0.00	41.65	0.00	244.65	116.66	0.89
214	0.00	64.00	1728.00	17280.00	86400.00	1801371.64	0.00	0.00	41.65	0.00	240.83	115.79	0.88
215	0.00	65.00	1728.00	17280.00	86400.00	1801371.64	0.00	0.00	41.65	0.00	237.34	115.55	0.86
216	0.00	66.00	1728.00	17280.00	86400.00	1801371.64	0.00	0.00	41.65	0.00	236.87	115.11	0.86
217	0.00	67.00	1728.00	17280.00	86400.00	1801371.64	0.00	0.00	41.65	0.00	238.11	119.84	0.88
218	0.00	68.00	1728.00	17280.00	86400.00	1801371.64	0.00	0.00	41.65	0.00	241.93	119.35	0.88
219	0.00	69.00	1728.00	17280.00	86400.00	1801371.64	0.00	0.00	41.65	0.00	244.66	119.10	0.87
220	0.00	70.00	1728.00	17280.00	86400.00	1801371.64	0.00	0.00	41.65	0.00	242.95	118.51	0.86
221	0.00	71.00	1728.00	17280.00	86400.00	1801371.64	0.00	0.00	41.65	0.00	240.42	118.79	0.85
222	0.00	72.00	1728.00	17280.00	86400.00	1801371.64	0.00	0.00	41.65	0.00	247.40	119.23	0.88
223	0.00	73.00	1728.00	17280.00	86400.00	1801371.64	0.00	0.00	41.65	0.00	246.66	119.57	0.88
224	0.00	74.00	1728.00	17280.00	86400.00	1801371.64	0.00	0.00	41.65	0.00	251.55	121.26	0.91
225	0.00	25.00	1728.00	17280.00	86400.00	1801371.64	0.00	0.00	41.65	0.00	85.70	66.23	0.36
226	0.00	26.00	1728.00	17280.00	86400.00	1801371.64	0.00	0.00	41.65	0.00	99.08	70.68	0.50
227	0.00	27.00	1728.00	17280.00	86400.00	1801371.64	0.00	0.00	41.65	0.00	117.43	73.63	0.59
228	0.00	28.00	1728.00	17280.00	86400.00	1801371.64	0.00	0.00	41.65	0.00	122.52	73.28	0.57
229	0.00	29.00	1728.00	17280.00	86400.00	1801371.64	0.00	0.00	41.65	0.00	132.06	72.82	0.59
230	0.00	30.00	1728.00	17280.00	86400.00	1801371.64	0.00	0.00	41.65	0.00	149.94	72.13	0.67
231	0.00	31.00	1728.00	17280.00	86400.00	1801371.64	0.00	0.00	41.65	0.00	182.40	82.14	0.74
232	0.00	32.00	1728.00	17280.00	86400.00	1801371.64	0.00	0.00	41.65	0.00	195.04	82.59	0.81
233	0.00	33.00	1728.00	17280.00	86400.00	1801371.64	0.00	0.00	41.65	0.00	215.41	89.48	0.94
234	0.00	34.00	1728.00	17280.00	86400.00	1801371.64	0.00	0.00	41.65	0.00	209.18	89.36	0.91
235	0.00	35.00	1728.00	17280.00	86400.00	1801371.64	0.00	0.00	41.65	0.00	219.64	89.90	0.97
236	0.00	36.00	1728.00	17280.00	86400.00	1801371.64	0.00	0.00	41.65	0.00	251.25	102.67	1.08
237	0.00	37.00	1728.00	17280.00	86400.00	1801371.64	0.00	0.00	41.65	0.00	244.46	102.09	1.08
238	0.00	38.00	1728.00	17280.00	86400.00	1801371.64	0.00	0.00	41.65	0.00	258.00	102.32	1.08
239	0.00	39.00	1728.00	17280.00	86400.00	1801371.64	0.00	0.00	41.65	0.00	259.35	107.83	1.13
240	0.00	40.00	1728.00	17280.00	86400.00	1801371.64	0.00	0.00	41.65	0.00	252.95	107.56	1.12
241	0.00	41.00	1728.00	17280.00	86400.00	1801371.64	0.00	0.00	41.65	0.00	248.63	106.75	1.10
242	0.00	42.00	1728.00	17280.00	86400.00	1801371.64	0.00	0.00	41.65	0.00	248.90	106.19	1.07
243	0.00	43.00	1728.00	17280.00	86400.00	1801371.64	0.00	0.00	41.65	0.00	248.07	106.35	1.12
244	0.00	44.00	1728.00	17280.00	86400.00	1801371.64	0.00	0.00	41.65	0.00	247.92	106.13	1.11
245	0.00	45.00	1728.00	17280.00	86400.00	1801371.64	0.00	0.00	41.65	0.00	253.75	109.78	1.13
246	0.00	46.00	1728.00	17280.00	86400.00	1801371.64	0.00	0.00	41.65	0.00	254.65	109.42	1.11
247	0.00	47.00	1728.00	17280.00	86400.00	1733439.14	0.00	3.62	37.45	0.00	249.31	107.89	1.09
248	0.00	48.00	1728.00	17280.00	86400.00	1733439.14	0.00	3.62	37.45	0.00	253.41	108.84	1.10
249	0.00	49.00	1728.00	17280.00	86400.00	1733439.14	0.00	3.62	37.45	0.00	252.23	109.09	1.10
250	0.00	50.00	1728.00	17280.00	86400.00	1733439.14	0.00	3.62	37.45	0.00	247.19	109.14	1.08
251	0.00	51.00	1728.00	17280.00	86400.00	1733439.14	0.00	3.62	37.45	0.00	267.59	115.02	1.16
252	0.00	52.00	1728.00	17280.00	86400.00	1733439.14	0.00	3.62	37.45	0.00	271.42	116.19	1.19
253	0.00	53.00	1728.00	17280.00	86400.00	1733439.14	0.00	3.62	37.45	0.00	272.58	115.52	1.17
254	0.00	54.00	1728.00	17280.00	86400.00	1733439.14	0.00	3.62	37.45	0.00	291.38	119.24	1.24
255	0.00	55.00	1728.00	17280.00	86400.00	1733439.14	0.00	3.62	37.45	0.00	302.39	122.63	1.29
256	0.00	56.00	1728.00	17280.00	86400.00	1729686.86	0.00	0.00	35.07	0.00	296.99	121.06	1.27
257	0.00	57.00	1728.00	17280.00	86400.00	1729686.86	0.00	0.00	35.07	0.00	303.27	120.99	1.32
258	0.00	58.00	1728.00	17280.00	86400.00	1729686.86	0.00	0.00	35.07	0.00	307.87	121.01	1.33
259	0.00	59.00	1728.00	17280.00	86400.00	1729686.86	0.00	0.00	35.07	0.00	312.48	119.88	1.34
260	0.00	60.00	1728.00	17280.00	86400.00	1729686.86	0.00	0.00	35.07	0.00	313.35	119.50	1.35
261	0.00	61.00	1728.00	17280.00	86400.00	1729686.86	0.00	0.00	35.07	0.00	313.06	119.14	1.33
262	0.00	62.00	1728.00	17280.00	86400.00	1729686.86	0.00	0.00	35.07	0.00	308.07	118.31	1.31
263	0.00	63.00	1728.00	17280.00	86400.00	1729686.86	0.00	0.00	35.07	0.00	303.18	117.70	1.30
264	0.00	64.00	1728.00	17280.00	86400.00	1729686.86	0.00	0.00	35.07	0.00	302.85	116.97	1.28
265	0.00	65.00	1728.00	17280.00	86400.00	1729686.86	0.00	0.00	35.07	0.00	298.19	115.92	1.26
266	0.00	66.00	1728.00	17280.00	86400.00	1729686.86	0.00	0.00	35.07	0.00	300.16	117.15	1.30
267	0.00	67.00	1728.00	17280.00	86400.00	1729686.86	0.00	0.00	35.07	0.00	295.68	116.24	1.30
268	0.00	68.00	1728.00	17280.00	86400.00	1729686.86	0.00	0.00	35.07	0.00	297.89	117.48	1.31
269	0.00	69.00	1728.00	17280.00	86400.00	1729686.86	0.00	0.00	35.07	0.00	293.57	119.69	1.29
270	0.00	70.00	1728.00	17280.00	86400.00	1729686.86	0.00	0.00	35.07	0.00	298.88	121.64	1.33
271	0.00	71.00	1728.00	17280.00	86400.00	1729686.86	0.00	0.00	35.07	0.00	297.42	123.40	1.32
272	0.00	72.00	1728.00	17280.00	86400.00	1729686.86	0.00	0.00	35.07	0.00	296.88	122.93	1.31
273	0.00	73.00	1728.00	17280.00	86400.00	1729686.86	0.00	0.00	35.07	0.00	305.99	122.76	1.34
274	0.00	74.00	1728.00	17280.00	86400.00	1729686.86	0.00	0.00	35.07	0.00	305.84	122.33	1.32
275	0.00	25.00	1728.00	17280.00	86400.00	1729686.86	0.00	0.00	35.07	0.00	70.03	64.72	0.40
276	0.00	26.00	1728.00	17280.00	86400.00	1729686.86	0.00	0.00	35.07	0.00	68.19	65.16	0.38
277	0.00	27.00	1728.00	17280.00	86400.00	1729686.86	0.00	0.00	35.07	0.00	98.53	76.57	0.56
278	0.00	28.00	1728.00	17280.00	86400.00	1729686.86	0.00	0.00	35.07	0.00	102.00	84.49	0.57
279	0.00	29.00	1728.00	17280.00	86400.00	1729686.86	0.00	0.00	35.07	0.00	98.48	84.31	0.55
280	0.00	30.00	1728.00	17280.00	86400.00	1729686.86	0.00	0.00	35.07	0.00	97.47	86.00	0.53
281	0.00	31.00	1728.00	17280.00	86400.00	1729686.86	0.00	0.00	35.07	0.00	94.33	85.07	0.55
282	0.00	32.00	1728.00	17280.00	86400.00	1729686.86	0.00	0.00	35.07	0.00	129.25	91.43	0.75
283	0.00	33.00	1728.00	17280.00	86400.00	1729686.86	0.00	0.00	35.07	0.00	151.61	98.19	0.88
284	0.00	34.00	1728.00	17280.00	86400.00	1729686.86	0.00	0.00	35.07	0.00	174.11	98.91	0.97
285	0.00	35.00	1728.00	17280.00	86400.00	1729686.86	0.00	0.00	35.07	0.00	204.97	107.36	1.09
286	0.00	36.00	1728.00	17280.00	86400.00	1729686.86	0.00	0.00	35.07	0.00	219.68	112.81	1.14
287	0.00	37.00	1728.00	17280.00	86400.00	1729686.86	0.00	0.00	35.07	0.00	213.75	112.25	1.11
288	0.00	38.00	1728.00	17280.00	86400.00	1729686.86	0.00	0.00	35.07	0.00	220.08	111.06	1.13
289	0.00	39.00	1728.00	17280.00	86400.00	1729686.86	0.00	0.00	35.07	0.00	240.81	119.33	1.26
290	0.00	40.00	1728.00	17280.00	86400.00	1729686.86	0.00	0.00	35.07	0.00	234.79	120.22	1.23
291	0.00	41.00	1728.00	17280.00	86400.00	1729686.86	0.00	0.00	35.07	0.00	229.07	118.42	1.20
292	0.00	42.00	1728.00	17280.00	86400.00	1729686.86	0.00	0.00	35.07	0.00	225.33	119.05	1.21
293	0.00	43.00	1728.00	17280.00	86400.00	1729686.86	0.00	0.00	35.07	0.00	220.09	118.54	1.19
294	0.00	44.00	1728.00	17280.00	86400.00	1729686.86	0.00	0.00	35.07	0.00	223.74	130.28	1.18
295	0.00	45.00	1728.00	17280.00	86400.00	1729686.86	0.00	0.00	35.07	0.00	225.31	131.77	1.22
296	0.00	46.00	1728.00	17280.00	86400.00	1729686.86	0.00	0.00	35.07	0.00	227.16	138.56	1.26
297	0.00	47.00	1728.00	17280.00	86400.00	1729686.86	0.00	0.00	35.07	0.00	224.68	138.03	1.26
298	0.00	48.00	1728.00	17280.00	86400.00	1609682.50	0.00	0.38	29.49	0.00	220.00	135.77	1.23
299	0.00	49.00	1728.00	17280.00	86400.00	1609682.50	0.00	0.38	29.49	0.00	234.22	135.34	1.29
300	0.00	50.00	1728.00	17280.00	86400.00	1609682.50	0.00	0.38	29.49	0.00	236.29	134.28	1.28
301	0.00	51.00	2073.60	20736.00	103680.00	1711731.27	0.00	0.38	29.49	0.00	251.78	136.36	1.35
302	0.00	52.00	2073.60	20736.00	103680.00	1711731.27	0.00	0.38	29.49	0.00	246.94	135.28	1.33
303	0.00	53.00	2073.60	20736.00	103680.00	1711731.27	0.00	0.38	29.49	0.00	253.40	134.04	1.38
304	0.00	54.00	2073.60	20736.00	103680.00	1711731.27	0.00	0.38	29.49	0.00	264.36	135.68	1.48
305	0.00	55.00	2073.60	20736.00	103680.00	1711731.27	0.00	0.38	29.49	0.00	259.55	134.65	1.45
306	0.00	56.00	2073.60	20736.00	103680.00	1711731.27	0.00	0.38	29.49	0.00	276.01	135.00	1.55
307	0.00	57.00	2073.60	20736.00	103680.00	1711731.27	0.00	0.38	29.49	0.00	275.61	134.43	1.53
308	0.00	58.00	2073.60	20736.00	103680.00	1711731.27	0.00	0.38	29.49	0.00	294.03	137.41	1.62
309	0.00	59.00	2073.60	20736.00	103680.00	1711731.27	0.00	0.38	29.49	0.00	292.63	137.27	1.61
310	0.00	60.00	2073.60	20736.00	103680.00	1711731.27	0.00	0.38	29.49	0.00	287.75	136.39	1.58
311	0.00	61.00	2073.60	20736.00	103680.00	1711731.27	0.00	0.38	29.49	0.00	288.07	143.51	1.57
312	0.00	62.00	2073.60	20736.00	103680.00	1711731.27	0.00	0.38	29.49	0.00	312.33	147.35	1.71
313	0.00	63.00	2073.60	20736.00	103680.00	1711731.27	0.00	0.38	29.49	0.00	313.38	146.01	1.70
314	0.00	64.00	2073.60	20736.00	103680.00	1711731.27	0.00	0.38	29.49	0.00	308.49	145.07	1.67
315	0.00	65.00	2073.60	20736.00	103680.00	1711731.27	0.00	0.38	29.49	0.00	312.71	148.57	1.68
316	0.00	66.00	2073.60	20736.00	103680.00	1711731.27	0.00	0.38	29.49	0.00	311.89	150.38	1.67
317	0.00	67.00	2073.60	20736.00	103680.00	1711731.27	0.00	0.38	29.49	0.00	307.23	149.55	1.64
318	0.00	68.00	2073.60	20736.00	103680.00	1711731.27	0.00	0.38	29.49	0.00	302.71	149.09	1.63
319	0.00	69.00	2073.60	20736.00	103680.00	1711731.27	0.00	0.38	29.49	0.00	298.33	147.74	1.62
320	0.00	70.00	2073.60	20736.00	103680.00	1711731.27	0.00	0.38	29.49	0.00	295.48	146.92	1.60
321	0.00	71.00	2073.60	20736.00	103680.00	1711731.27	0.00	0.38	29.49	0.00	292.02	145.60	1.58
322	0.00	72.00	2073.60	20736.00	103680.00	1711731.27	0.00	0.38	29.49	0.00	290.96	144.66	1.57
323	0.00	73.00	2073.60	20736.00	103680.00	1711731.27	0.00	0.38	29.49	0.00	287.02	143.23	1.55
324	0.00	74.00	2073.60	20736.00	103680.00	1711731.27	0.00	0.38	29.49	0.00	287.34	143.00	1.54
325	0.00	25.00	2073.60	20736.00	103680.00	1711731.27	0.00	0.38	29.49	0.00	66.12	62.39	0.36
326	0.00	26.00	2073.60	20736.00	103680.00	1711731.27	0.00	0.38	29.49	0.00	63.57	62.49	0.38
327	0.00	27.00	2073.60	20736.00	103680.00	1711731.27	0.00	0.38	29.49	0.00	86.07	67.72	0.56
328	0.00	28.00	2073.60	20736.00	103680.00	1711731.27	0.00	0.38	29.49	0.00	82.99	67.38	0.54
329	0.00	29.00	2073.60	20736.00	103680.00	1711731.27	0.00	0.38	29.49	0.00	80.13	71.76	0.52
330	0.00	30.00	2073.60	20736.00	103680.00	1711731.27	0.00	0.38	29.49	0.00	81.96	73.19	0.53
331	0.00	31.00	2073.60	20736.00	103680.00	1711731.27	0.00	0.38	29.49	0.00	79.31	72.75	0.55
332	0.00	32.00	2073.60	20736.00	103680.00	1711731.27	0.00	0.38	29.49	0.00	104.96	77.90	0.72
333	0.00	33.00	2073.60	20736.00	103680.00	1711731.27	0.00	0.38	29.49	0.00	127.01	88.23	0.79
334	0.00	34.00	2073.60	20736.00	103680.00	1711731.27	0.00	0.38	29.49	0.00	131.86	93.85	0.85
335	0.00	35.00	2073.60	20736.00	103680.00	1711731.27	0.00	0.38	29.49	0.00	135.33	95.99	0.83
336	0.00	36.00	2073.60	20736.00	103680.00	1711731.27	0.00	0.38	29.49	0.00	133.58	97.65	0.86
337	0.00	37.00	2073.60	20736.00	103680.00	1711731.27	0.00	0.38	29.49	0.00	142.76	97.03	0.86
338	0.00	38.00	2073.60	20736.00	103680.00	1711731.27	0.00	0.38	29.49	0.00	140.90	105.82	0.89
339	0.00	39.00	2073.60	20736.00	103680.00	1711731.27	0.00	0.38	29.49	0.00	160.38	105.01	1.00
340	0.00	40.00	2073.60	20736.00	103680.00	1711731.27	0.00	0.38	29.49	0.00	186.65	115.69	1.07
341	0.00	41.00	2073.60	20736.00	103680.00	1711731.27	0.00	0.38	29.49	0.00	218.74	123.47	1.22
342	0.00	42.00	2073.60	20736.00	103680.00	1711731.27	0.00	0.38	29.49	0.00	218.29	128.84	1.21
343	0.00	43.00	2073.60	20736.00	103680.00	1711731.27	0.00	0.38	29.49	0.00	213.63	127.00	1.19
344	0.00	44.00	2073.60	20736.00	103680.00	1711731.27	0.00	0.38	29.49	0.00	242.64	130.75	1.27
345	0.00	45.00	2073.60	20736.00	103680.00	1711731.27	0.00	0.38	29.49	0.00	238.43	130.15	1.27
346	0.00	46.00	2073.60	20736.00	103680.00	1711731.27	0.00	0.38	29.49	0.00	243.54	129.63	1.26
347	0.00	47.00	2073.60	20736.00	103680.00	1711731.27	0.00	0.38	29.49	0.00	247.33	130.45	1.32
348	0.00	48.00	2073.60	20736.00	103680.00	1711731.27	0.00	0.38	29.49	0.00	242.71	129.71	1.29
349	0.00	49.00	2073.60	20736.00	103680.00	1711731.27	0.00	0.38	29.49	0.00	237.76	129.35	1.27
350	0.00	50.00	2073.60	20736.00	103680.00	1711731.27	0.00	0.38	29.49	0.00	235.92	134.75	1.32
351	0.00	51.00	2073.60	20736.00	103680.00	1711731.27	0.00	0.38	29.49	0.00	231.36	135.50	1.29
352	0.00	52.00	2073.60	20736.00	103680.00	1711731.27	0.00	0.38	29.49	0.00	226.91	133.96	1.29
353	0.00	53.00	2073.60	20736.00	103680.00	1711731.27	0.00	0.38	29.49	0.00	224.46	133.85	1.30
354	0.00	54.00	2073.60	20736.00	103680.00	1711731.27	0.00	0.38	29.49	0.00	229.85	133.37	1.31
355	0.00	55.00	2073.60	20736.00	103680.00	1711731.27	0.00	0.38	29.49	0.00	232.59	140.64	1.29
356	0.00	56.00	2073.60	20736.00	103680.00	1711731.27	0.00	0.38	29.49	0.00	228.44	140.16	1.27
357	0.00	57.00	2073.60	20736.00	103680.00	1711731.27	0.00	0.38	29.49	0.00	237.46	141.94	1.30
358	0.00	58.00	2073.60	20736.00	103680.00	1711731.27	0.00	0.38	29.49	0.00	233.46	142.12	1.29
359	0.00	59.00	2073.60	20736.00	103680.00	1711731.27	0.00	0.38	29.49	0.00	242.82	143.30	1.37
360	0.00	60.00	2073.60	20736.00	103680.00	1711731.27	0.00	0.38	29.49	0.00	238.78	141.85	1.35
361	0.00	61.00	2073.60	20736.00	103680.00	1711731.27	0.00	0.38	29.49	0.00	262.15	145.78	1.44
362	0.00	62.00	2073.60	20736.00	103680.00	1711731.27	0.00	0.38	29.49	0.00	267.30	145.37	1.48
363	0.00	63.00	2073.60	20736.00	103680.00	1711731.27	0.00	0.38	29.49	0.00	265.52	144.56	1.46
364	0.00	64.00	2073.60	20736.00	103680.00	1711731.27	0.00	0.38	29.49	0.00	261.37	144.39	1.44
365	0.00	65.00	2073.60	20736.00	103680.00	1711731.27	0.00	0.38	29.49	0.00	257.35	143.43	1.42
366	0.00	66.00	2073.60	20736.00	103680.00	1711731.27	0.00	0.38	29.49	0.00	253.45	142.28	1.41
367	0.00	67.00	2073.60	20736.00	103680.00	1711731.27	0.00	0.38	29.49	0.00	270.51	148.05	1.46
368	0.00	68.00	2073.60	20736.00	103680.00	1711731.27	0.00	0.38	29.49	0.00	274.02	149.56	1.50
369	0.00	69.00	2073.60	20736.00	103680.00	1711731.27	0.00	0.38	29.49	0.00	278.82	149.08	1.51
370	0.00	70.00	2073.60	20736.00	103680.00	1711731.27	0.00	0.38	29.49	0.00	275.09	148.00	1.49
371	0.00	71.00	2073.60	20736.00	103680.00	1711731.27	0.00	0.38	29.49	0.00	277.16	147.55	1.52
372	0.00	72.00	2073.60	20736.00	103680.00	1711731.27	0.00	0.38	29.49	0.00	277.94	146.11	1.50
373	0.00	73.00	2073.60	20736.00	103680.00	1711731.27	0.00	0.38	29.49	0.00	277.17	146.08	1.52
374	0.00	74.00	2073.60	20736.00	103680.00	1711731.27	0.00	0.38	29.49	0.00	273.43	145.47	1.50
375	0.00	25.00	2073.60	20736.00	103680.00	1711731.27	0.00	0.38	29.49	0.00	66.83	58.15	0.40
376	0.00	26.00	2073.60	20736.00	103680.00	1711731.27	0.00	0.38	29.49	0.00	78.29	62.83	0.42
377	0.00	27.00	2073.60	20736.00	103680.00	1711731.27	0.00	0.38	29.49	0.00	107.50	77.51	0.59
378	0.00	28.00	2073.60	20736.00	103680.00	1711731.27	0.00	0.38	29.49	0.00	138.39	79.83	0.86
379	0.00	29.00	2073.60	20736.00	103680.00	1711731.27	0.00	0.38	29.49	0.00	144.89	80.16	0.83
380	0.00	30.00	2073.60	20736.00	103680.00	1711731.27	0.00	0.38	29.49	0.00	153.52	86.19	0.90
381	0.00	31.00	2073.60	20736.00	103680.00	1711731.27	0.00	0.38	29.49	0.00	187.09	95.21	1.10
382	0.00	32.00	2073.60	20736.00	103680.00	1711731.27	0.00	0.38	29.49	0.00	185.04	98.62	1.09
383	0.00	33.00	2073.60	20736.00	103680.00	1711731.27	0.00	0.38	29.49	0.00	237.15	102.52	1.30
384	0.00	34.00	2073.60	20736.00	103680.00	1711731.27	0.00	0.38	29.49	0.00	230.70	103.95	1.26
385	0.00	35.00	2073.60	20736.00	103680.00	1711731.27	0.00	0.38	29.49	0.00	232.45	111.56	1.31
386	0.00	36.00	2073.60	20736.00	103680.00	1711731.27	0.00	0.38	29.49	0.00	226.83	109.28	1.28
387	0.00	37.00	2073.60	20736.00	103680.00	1711731.27	0.00	0.38	29.49	0.00	233.88	109.90	1.35
388	0.00	38.00	2073.60	20736.00	103680.00	1711731.27	0.00	0.38	29.49	0.00	240.56	109.85	1.39
389	0.00	39.00	2073.60	20736.00	103680.00	1711731.27	0.00	0.38	29.49	0.00	255.18	110.66	1.49
390	0.00	40.00	2073.60	20736.00	103680.00	1711731.27	0.00	0.38	29.49	0.00	283.25	122.77	1.65
391	0.00	41.00	2073.60	20736.00	103680.00	1711731.27	0.00	0.38	29.49	0.00	277.01	123.26	1.61
392	0.00	42.00	2073.60	20736.00	103680.00	1711731.27	0.00	0.38	29.49	0.00	279.01	123.39	1.64
393	0.00	43.00	2073.60	20736.00	103680.00	1711731.27	0.00	0.38	29.49	0.00	272.52	122.12	1.63
394	0.00	44.00	2073.60	20736.00	103680.00	1711731.27	0.00	0.38	29.49	0.00	303.43	122.68	1.80
395	0.00	45.00	2073.60	20736.00	103680.00	1711731.27	0.00	0.38	29.49	0.00	314.01	128.87	1.78
396	0.00	46.00	2073.60	20736.00	103680.00	1711731.27	0.00	0.38	29.49	0.00	327.95	133.84	1.83
397	0.00	47.00	2073.60	20736.00	103680.00	1711731.27	0.00	0.38	29.49	0.00	344.70	134.41	1.91
398	0.00	48.00	2073.60	20736.00	103680.00	1711731.27	0.00	0.38	29.49	0.00	371.53	136.12	2.06
399	0.00	49.00	2073.60	20736.00	103680.00	1711731.27	0.00	0.38	29.49	0.00	381.50	135.37	2.10
400	0.00	50.00	2073.60	20736.00	103680.00	1711731.27	0.00	0.38	29.49	0.00	378.53	135.63	2.12
401	0.00	51.00	2488.32	24883.20	124416.00	1834189.79	0.00	0.38	29.49	0.00	399.32	136.38	2.24
402	0.00	52.00	2488.32	24883.20	124416.00	1834189.79	0.00	0.38	29.49	0.00	397.45	142.42	2.21
403	0.00	53.00	2488.32	24883.20	124416.00	1834189.79	0.00	0.38	29.49	0.00	395.71	142.50	2.23
404	0.00	54.00	2488.32	24883.20	124416.00	1834189.79	0.00	0.38	29.49	0.00	388.71	141.54	2.19
405	0.00	55.00	2488.32	24883.20	124416.00	1834189.79	0.00	0.38	29.49	0.00	381.97	140.60	2.15
406	0.00	56.00	2488.32	24883.20	124416.00	1834189.79	0.00	0.38	29.49	0.00	381.95	147.97	2.12
407	0.00	57.00	2488.32	24883.20	124416.00	1834189.79	0.00	0.38	29.49	0.00	385.86	147.97	2.16
408	0.00	58.00	2488.32	24883.20	124416.00	1834189.79	0.00	0.38	29.49	0.00	387.27	148.33	2.19
409	0.00	59.00	2488.32	24883.20	124416.00	1834189.79	0.00	0.38	29.49	0.00	401.32	147.25	2.24
410	0.00	60.00	2488.32	24883.20	124416.00	1834189.79	0.00	0.38	29.49	0.00	414.08	146.09	2.28
411	0.00	61.00	2488.32	24883.20	124416.00	1834189.79	0.00	0.38	29.49	0.00	431.93	148.52	2.41
412	0.00	62.00	2488.32	24883.20	124416.00	1834189.79	0.00	0.38	29.49	0.00	426.90	147.36	2.37
413	0.00	63.00	2488.32	24883.20	124416.00	1834189.79	0.00	0.38	29.49	0.00	436.44	146.44	2.41
414	0.00	64.00	2488.32	24883.20	124416.00	1834189.79	0.00	0.38	29.49	0.00	431.07	145.68	2.38
415	0.00	65.00	2488.32	24883.20	124416.00	1834189.79	0.00	0.38	29.49	0.00	430.29	154.36	2.35
416	0.00	66.00	2488.32	24883.20	124416.00	1834189.79	0.00	0.38	29.49	0.00	424.19	153.24	2.32
417	0.00	67.00	2488.32	24883.20	124416.00	1834189.79	0.00	0.38	29.49	0.00	418.46	153.39	2.28
418	0.00	68.00	2488.32	24883.20	124416.00	1834189.79	0.00	0.38	29.49	0.00	412.86	152.65	2.26
419	0.00	69.00	2488.32	24883.20	124416.00	1834189.79	0.00	0.38	29.49	0.00	407.24	151.73	2.23
420	0.00	70.00	2488.32	24883.20	124416.00	1834189.79	0.00	0.38	29.49	0.00	417.33	151.28	2.29
421	0.00	71.00	2488.32	24883.20	124416.00	1834189.79	0.00	0.38	29.49	0.00	414.16	150.61	2.27
422	0.00	72.00	2488.32	24883.20	124416.00	1834189.79	0.00	0.38	29.49	0.00	429.28	153.74	2.38
423	0.00	73.00	2488.32	24883.20	124416.00	1834189.79	0.00	0.38	29.49	0.00	425.29	152.60	2.34
424	0.00	74.00	2488.32	24883.20	124416.00	1834189.79	0.00	0.38	29.49	0.00	419.96	152.24	2.32
425	0.00	25.00	2488.32	24883.20	124416.00	1834189.79	0.00	0.38	29.49	0.00	55.37	60.03	0.44
426	0.00	26.00	2488.32	24883.20	124416.00	1834189.79	0.00	0.38	29.49	0.00	58.74	66.90	0.42
427	0.00	27.00	2488.32	24883.20	124416.00	1834189.79	0.00	0.38	29.49	0.00	61.06	74.53	0.44
428	0.00	28.00	2488.32	24883.20	124416.00	1834189.79	0.00	0.38	29.49	0.00	97.44	77.32	0.57
429	0.00	29.00	2488.32	24883.20	124416.00	1834189.79	0.00	0.38	29.49	0.00	150.53	84.95	0.83
430	0.00	30.00	2488.32	24883.20	124416.00	1834189.79	0.00	0.38	29.49	0.00	161.59	91.06	0.90
431	0.00	31.00	2488.32	24883.20	124416.00	1834189.79	0.00	0.38	29.49	0.00	172.66	103.54	0.90
432	0.00	32.00	2488.32	24883.20	124416.00	1834189.79	0.00	0.38	29.49	0.00	181.88	108.79	0.97
433	0.00	33.00	2488.32	24883.20	124416.00	1834189.79	0.00	0.38	29.49	0.00	183.57	108.04	1.03
434	0.00	34.00	2488.32	24883.20	124416.00	1834189.79	0.00	0.38	29.49	0.00	183.35	111.59	1.00
435	0.00	35.00	2488.32	24883.20	124416.00	1834189.79	0.00	0.38	29.49	0.00	180.57	114.21	0.97
436	0.00	36.00	2488.32	24883.20	124416.00	1834189.79	0.00	0.38	29.49	0.00	423.94	95.55	2.39
437	0.00	37.00	2985.98	29859.84	149299.20	1981140.01	0.00	0.38	29.49	0.00	413.08	96.20	2.35
438	0.00	38.00	2985.98	29859.84	149299.20	1981140.01	0.00	0.38	29.49	0.00	441.01	110.41	2.45
439	0.00	39.00	2985.98	29859.84	149299.20	1981140.01	0.00	0.38	29.49	0.00	458.52	110.79	2.56
440	0.00	40.00	2985.98	29859.84	149299.20	1981140.01	0.00	0.38	29.49	0.00	456.58	122.73	2.52
441	0.00	41.00	2985.98	29859.84	149299.20	1981140.01	0.00	0.38	29.49	0.00	459.40	123.41	2.54
442	0.00	42.00	2985.98	29859.84	149299.20	1981140.01	0.00	0.38	29.49	0.00	462.49	125.96	2.57
443	0.00	43.00	2985.98	29859.84	149299.20	1981140.01	0.00	0.38	29.49	0.00	463.29	125.19	2.56
444	0.00	44.00	2985.98	29859.84	149299.20	1981140.01	0.00	0.38	29.49	0.00	472.68	124.56	2.59
445	0.00	45.00	2985.98	29859.84	149299.20	1981140.01	0.00	0.38	29.49	0.00	462.67	123.42	2.56
446	0.00	46.00	2985.98	29859.84	149299.20	1981140.01	0.00	0.38	29.49	0.00	465.24	122.95	2.59
447	0.00	47.00	2985.98	29859.84	149299.20	1981140.01	0.00	0.38	29.49	0.00	479.95	126.01	2.62
448	0.00	48.00	2985.98	29859.84	149299.20	1981140.01	0.00	0.38	29.49	0.00	491.14	128.41	2.71
449	0.00	49.00	2985.98	29859.84	149299.20	1981140.01	0.00	0.38	29.49	0.00	494.81	128.12	2.71
450	0.00	50.00	2985.98	29859.84	149299.20	1981140.01	0.00	0.38	29.49	0.00	486.36	133.87	2.70
451	0.00	51.00	2985.98	29859.84	149299.20	1981140.01	0.00	0.38	29.49	0.00	508.86	137.01	2.86
452	0.00	52.00	2985.98	29859.84	149299.20	1981140.01	0.00	0.38	29.49	0.00	514.60	138.75	2.87
453	0.00	53.00	2985.98	29859.84	149299.20	1981140.01	0.00	0.38	29.49	0.00	520.85	142.59	2.89
454	0.00	54.00	2985.98	29859.84	149299.20	1981140.01	0.00	0.38	29.49	0.00	522.49	141.38	2.93
455	0.00	55.00	2985.98	29859.84	149299.20	1981140.01	0.00	0.38	29.49	0.00	527.32	141.45	2.93
456	0.00	56.00	2985.98	29859.84	149299.20	1981140.01	0.00	0.38	29.49	0.00	526.72	142.93	2.95
457	0.00	57.00	2985.98	29859.84	149299.20	1981140.01	0.00	0.38	29.49	0.00	527.80	142.87	2.95
458	0.00	58.00	2985.98	29859.84	149299.20	1981140.01	0.00	0.38	29.49	0.00	532.44	142.42	2.97
459	0.00	59.00	2985.98	29859.84	149299.20	1981140.01	0.00	0.38	29.49	0.00	523.71	141.16	2.92
460	0.00	60.00	2985.98	29859.84	149299.20	1981140.01	0.00	0.38	29.49	0.00	520.58	140.98	2.92
461	0.00	61.00	2985.98	29859.84	149299.20	1981140.01	0.00	0.38	29.49	0.00	526.47	142.79	2.93
462	0.00	62.00	2985.98	29859.84	149299.20	1981140.01	0.00	0.38	29.49	0.00	518.84	141.49	2.89
463	0.00	63.00	2985.98	29859.84	149299.20	1981140.01	0.00	0.38	29.49	0.00	518.61	141.44	2.87
464	0.00	64.00	2985.98	29859.84	149299.20	1981140.01	0.00	0.38	29.49	0.00	512.60	140.52	2.83
465	0.00	65.00	2985.98	29859.84	149299.20	1981140.01	0.00	0.38	29.49	0.00	505.97	140.24	2.78
466	0.00	66.00	2985.98	29859.84	149299.20	1981140.01	0.00	0.38	29.49	0.00	510.01	140.96	2.85
467	0.00	67.00	2985.98	29859.84	149299.20	1981140.01	0.00	0.38	29.49	0.00	509.13	140.90	2.85
468	0.00	68.00	2985.98	29859.84	149299.20	1981140.01	0.00	0.38	29.49	0.00	503.51	140.18	2.84
469	0.00	69.00	2985.98	29859.84	149299.20	1981140.01	0.00	0.38	29.49	0.00	506.46	139.49	2.84
470	0.00	70.00	2985.98	29859.84	149299.20	1981140.01	0.00	0.38	29.49	0.00	517.01	139.83	2.90
471	0.00	71.00	2985.98	29859.84	149299.20	1981140.01	0.00	0.38	29.49	0.00	514.46	139.47	2.90
472	0.00	72.00	2985.98	29859.84	149299.20	1981140.01	0.00	0.38	29.49	0.00	516.63	138.86	2.90
473	0.00	73.00	2985.98	29859.84	149299.20	1981140.01	0.00	0.38	29.49	0.00	516.36	139.60	2.90
474	0.00	74.00	2985.98	29859.84	149299.20	1981140.01	0.00	0.38	29.49	0.00	518.45	138.65	2.91
475	0.00	25.00	2985.98	29859.84	149299.20	1981140.01	0.00	0.38	29.49	0.00	48.93	62.27	0.32
476	0.00	26.00	2985.98	29859.84	149299.20	1981140.01	0.00	0.38	29.49	0.00	56.06	63.45	0.31
477	0.00	27.00	2985.98	29859.84	149299.20	1981140.01	0.00	0.38	29.49	0.00	82.92	69.35	0.48
478	0.00	28.00	2985.98	29859.84	149299.20	1981140.01	0.00	0.38	29.49	0.00	98.13	79.46	0.61
479	0.00	29.00	2985.98	29859.84	149299.20	1981140.01	0.00	0.38	29.49	0.00	111.86	80.49	0.69
480	0.00	30.00	2985.98	29859.84	149299.20	1981140.01	0.00	0.38	29.49	0.00	124.58	81.02	0.83
481	0.00	31.00	2985.98	29859.84	149299.20	1981140.01	0.00	0.38	29.49	0.00	128.46	89.92	0.84
482	0.00	32.00	2985.98	29859.84	149299.20	1981140.01	0.00	0.38	29.49	0.00	175.69	107.82	1.03
483	0.00	33.00	2985.98	29859.84	149299.20	1981140.01	0.00	0.38	29.49	0.00	173.30	107.18	1.06
484	0.00	34.00	2985.98	29859.84	149299.20	1981140.01	0.00	0.38	29.49	0.00	208.72	123.11	1.26
485	0.00	35.00	2985.98	29859.84	149299.20	1981140.01	0.00	0.38	29.49	0.00	212.95	121.48	1.23
486	0.00	36.00	2985.98	29859.84	149299.20	1981140.01	0.00	0.38	29.49	0.00	215.75	120.24	1.25
487	0.00	37.00	2985.98	29859.84	149299.20	1981140.01	0.00	0.38	29.49	0.00	239.85	129.75	1.32
488	0.00	38.00	2985.98	29859.84	149299.20	1981140.01	0.00	0.38	29.49	0.00	269.79	143.28	1.50
489	0.00	39.00	2985.98	29859.84	149299.20	1981140.01	0.00	0.38	29.49	0.00	281.52	144.59	1.59
490	0.00	40.00	2985.98	29859.84	149299.20	1981140.01	0.00	0.38	29.49	0.00	275.61	143.72	1.62
491	0.00	41.00	2985.98	29859.84	149299.20	1981140.01	0.00	0.38	29.49	0.00	280.29	144.98	1.66
492	0.00	42.00	2985.98	29859.84	149299.20	1981140.01	0.00	0.38	29.49	0.00	275.52	143.46	1.62
493	0.00	43.00	2985.98	29859.84	149299.20	1981140.01	0.00	0.38	29.49	0.00	275.61	141.83	1.58
494	0.00	44.00	2985.98	29859.84	149299.20	1981140.01	0.00	0.38	29.49	0.00	286.53	141.00	1.61
495	0.00	45.00	2985.98	29859.84	149299.20	1981140.01	0.00	0.38	29.49	0.00	288.28	141.23	1.69
496	0.00	46.00	2985.98	29859.84	149299.20	1981140.01	0.00	0.38	29.49	0.00	287.91	139.71	1.72
497	0.00	47.00	2985.98	29859.84	149299.20	1981140.01	0.00	0.38	29.49	0.00	281.79	138.63	1.68
498	0.00	48.00	2985.98	29859.84	149299.20	1981140.01	0.00	0.38	29.49	0.00	277.58	137.39	1.65
499	0.00	49.00	2985.98	29859.84	149299.20	1981140.01	0.00	0.38	29.49	0.00	272.68	136.46	1.65
500	0.00	50.00	2985.98	29859.84	149299.20	1981140.01	0.00	0.38	29.49	0.00	275.56	137.60	1.70
501	0.00	51.00	2985.98	29859.84	149299.20	1981140.01	0.00	0.38	29.49	0.00	275.61	137.03	1.73
502	0.00	52.00	2985.98	29859.84	149299.20	1981140.01	0.00	0.38	29.49	0.00	275.72	135.93	1.75
503	0.00	53.00	2985.98	29859.84	149299.20	1981140.01	0.00	0.38	29.49	0.00	286.46	136.41	1.85
504	0.00	54.00	2985.98	29859.84	149299.20	1981140.01	0.00	0.38	29.49	0.00	289.20	135.47	1.85
505	0.00	55.00	2985.98	29859.84	149299.20	1981140.01	0.00	0.38	29.49	0.00	283.94	134.51	1.82
506	0.00	56.00	2985.98	29859.84	149299.20	1981140.01	0.00	0.38	29.49	0.00	291.56	137.18	1.88
507	0.00	57.00	2985.98	29859.84	149299.20	1981140.01	0.00	0.38	29.49	0.00	286.44	136.68	1.86
508	0.00	58.00	2985.98	29859.84	149299.20	1981140.01	0.00	0.38	29.49	0.00	300.39	136.31	1.90
509	0.00	59.00	2985.98	29859.84	149299.20	1981140.01	0.00	0.38	29.49	0.00	295.30	135.71	1.88
510	0.00	60.00	2985.98	29859.84	149299.20	1981140.01	0.00	0.38	29.49	0.00	309.34	136.37	1.92
511	0.00	61.00	2985.98	29859.84	149299.20	1981140.01	0.00	0.38	29.49	0.00	309.19	134.88	1.93
512	0.00	62.00	2985.98	29859.84	149299.20	1981140.01	0.00	0.38	29.49	0.00	307.76	134.21	1.94
513	0.00	63.00	2985.98	29859.84	149299.20	1981140.01	0.00	0.38	29.49	0.00	308.03	133.42	1.95
514	0.00	64.00	2985.98	29859.84	149299.20	1981140.01	0.00	0.38	29.49	0.00	303.67	132.91	1.94
515	0.00	65.00	2985.98	29859.84	149299.20	1981140.01	0.00	0.38	29.49	0.00	313.84	133.49	2.00
516	0.00	66.00	2985.98	29859.84	149299.20	1981140.01	0.00	0.38	29.49	0.00	314.49	132.20	1.97
517	0.00	67.00	2985.98	29859.84	149299.20	1981140.01	0.00	0.38	29.49	0.00	316.28	131.52	1.97
518	0.00	68.00	2985.98	29859.84	149299.20	1981140.01	0.00	0.38	29.49	0.00	333.12	132.67	2.04
519	0.00	69.00	2985.98	29859.84	149299.20	1981140.01	0.00	0.38	29.49	0.00	344.16	133.04	2.07
520	0.00	70.00	2985.98	29859.84	149299.20	1981140.01	0.00	0.38	29.49	0.00	343.58	134.60	2.07
521	0.00	71.00	2985.98	29859.84	149299.20	1981140.01	0.00	0.38	29.49	0.00	343.26	133.78	2.04
522	0.00	72.00	2985.98	29859.84	149299.20	1981140.01	0.00	0.38	29.49	0.00	342.00	133.84	2.06
523	0.00	73.00	2985.98	29859.84	149299.20	1981140.01	0.00	0.38	29.49	0.00	340.05	133.89	2.04
524	0.00	74.00	2985.98	29859.84	149299.20	1981140.01	0.00	0.38	29.49	0.00	335.81	132.88	2.03
525	0.00	25.00	2985.98	29859.84	149299.20	1981140.01	0.00	0.38	29.49	0.00	48.93	62.27	0.32
526	0.00	26.00	2985.98	29859.84	149299.20	1981140.01	0.00	0.38	29.49	0.00	47.51	64.36	0.31
527	0.00	27.00	2985.98	29859.84	149299.20	1981140.01	0.00	0.38	29.49	0.00	83.10	65.01	0.48
528	0.00	28.00	2985.98	29859.84	149299.20	1981140.01	0.00	0.38	29.49	0.00	80.13	66.02	0.46
529	0.00	29.00	2985.98	29859.84	149299.20	1981140.01	0.00	0.38	29.49	0.00	121.67	73.98	0.66
530	0.00	30.00	2985.98	29859.84	149299.20	1981140.01	0.00	0.38	29.49	0.00	137.62	88.47	0.80
531	0.00	31.00	2985.98	29859.84	149299.20	1981140.01	0.00	0.38	29.49	0.00	139.86	89.28	0.84
532	0.00	32.00	2985.98	29859.84	149299.20	1981140.01	0.00	0.38	29.49	0.00	147.39	103.42	0.84
533	0.00	33.00	2985.98	29859.84	149299.20	1981140.01	0.00	0.38	29.49	0.00	155.16	103.84	0.91
534	0.00	34.00	2985.98	29859.84	149299.20	1981140.01	0.00	0.38	29.49	0.00	176.80	104.51	1.12
535	0.00	35.00	2985.98	29859.84	149299.20	1981140.01	0.00	0.38	29.49	0.00	183.28	103.99	1.17
536	0.00	36.00	2985.98	29859.84	149299.20	1981140.01	0.00	0.38	29.49	0.00	180.46	102.39	1.14
537	0.00	37.00	3583.18	35831.81	179159.04	2157480.28	0.00	0.38	29.49	0.00	195.64	103.13	1.22
538	0.00	38.00	3583.18	35831.81	179159.04	2157480.28	0.00	0.38	29.49	0.00	197.25	103.20	1.26
539	0.00	39.00	3583.18	35831.81	179159.04	2157480.28	0.00	0.38	29.49	0.00	209.28	104.84	1.38
540	0.00	40.00	3583.18	35831.81	179159.04	2157480.28	0.00	0.38	29.49	0.00	231.26	105.55	1.43
541	0.00	41.00	3583.18	35831.81	179159.04	2157480.28	0.00	0.38	29.49	0.00	227.61	109.15	1.39
542	0.00	42.00	3583.18	35831.81	179159.04	2157480.28	0.00	0.38	29.49	0.00	233.32	110.17	1.43
543	0.00	43.00	3583.18	35831.81	179159.04	2157480.28	0.00	0.38	29.49	0.00	293.31	115.72	1.74
544	0.00	44.00	3583.18	35831.81	179159.04	2157480.28	0.00	0.38	29.49	0.00	286.64	117.08	1.70
545	0.00	45.00	3583.18	35831.81	179159.04	2157480.28	0.00	0.38	29.49	0.00	298.38	121.34	1.78
546	0.00	46.00	3583.18	35831.81	179159.04	2157480.28	0.00	0.38	29.49	0.00	319.82	125.67	1.87
547	0.00	47.00	3583.18	35831.81	179159.04	2157480.28	0.00	0.38	29.49	0.00	356.07	140.25	2.00
548	0.00	48.00	3583.18	35831.81	179159.04	2157480.28	0.00	0.38	29.49	0.00	369.66	139.54	2.06
549	0.00	49.00	3583.18	35831.81	179159.04	2157480.28	0.00	0.38	29.49	0.00	384.64	142.60	2.14
550	0.00	50.00	3583.18	35831.81	179159.04	2157480.28	0.00	0.38	29.49	0.00	379.20	141.91	2.10
551	0.00	51.00	3583.18	35831.81	179159.04	2157480.28	0.00	0.38	29.49	0.00	404.30	148.55	2.27
552	0.00	52.00	3583.18	35831.81	179159.04	2157480.28	0.00	0.38	29.49	0.00	396.53	147.25	2.23
553	0.00	53.00	3583.18	35831.81	179159.04	2157480.28	0.00	0.38	29.49	0.00	401.58	156.40	2.23
554	0.00	54.00	3583.18	35831.81	179159.04	2157480.28	0.00	0.38	29.49	0.00	412.82	155.65	2.28
555	0.00	55.00	3583.18	35831.81	179159.04	2157480.28	0.00	0.38	29.49	0.00	417.91	157.21	2.35
556	0.00	56.00	3583.18	35831.81	179159.04	2157480.28	0.00	0.38	29.49	0.00	413.39	160.58	2.32
557	0.00	57.00	3583.18	35831.81	179159.04	2157480.28	0.00	0.38	29.49	0.00	414.99	160.26	2.32
558	0.00	58.00	3583.18	35831.81	179159.04	2157480.28	0.00	0.38	29.49	0.00	422.87	161.09	2.36
559	0.00	59.00	3583.18	35831.81	179159.04	2157480.28	0.00	0.38	29.49	0.00	417.42	160.06	2.32
560	0.00	60.00	3583.18	35831.81	179159.04	2157480.28	0.00	0.38	29.49	0.00	411.35	158.15	2.28
561	0.00	61.00	3583.18	35831.81	179159.04	2157480.28	0.00	0.38	29.49	0.00	409.15	158.30	2.25
562	0.00	62.00	3583.18	35831.81	179159.04	2157480.28	0.00	0.38	29.49	0.00	404.80	157.16	2.24
563	0.00	63.00	3583.18	35831.81	179159.04	2157480.28	0.00	0.38	29.49	0.00	409.38	157.36	2.30
564	0.00	64.00	3583.18	35831.81	179159.04	2157480.28	0.00	0.38	29.49	0.00	402.98	156.39	2.27
565	0.00	65.00	3583.18	35831.81	179159.04	2157480.28	0.00	0.38	29.49	0.00	405.55	156.55	2.26
566	0.00	66.00	3583.18	35831.81	179159.04	2157480.28	0.00	0.38	29.49	0.00	399.89	155.49	2.23
567	0.00	67.00	3583.18	35831.81	179159.04	2157480.28	0.00	0.38	29.49	0.00	394.10	154.22	2.19
568	0.00	68.00	3583.18	35831.81	179159.04	2157480.28	0.00	0.38	29.49	0.00	418.06	162.23	2.28
569	0.00	69.00	3583.18	35831.81	179159.04	2157480.28	0.00	0.38	29.49	0.00	416.91	161.28	2.25
570	0.00	70.00	3583.18	35831.81	179159.04	2157480.28	0.00	0.38	29.49	0.00	429.41	165.30	2.30
571	0.00	71.00	3583.18	35831.81	179159.04	2157480.28	0.00	0.38	29.49	0.00	425.56	164.11	2.30
572	0.00	72.00	3583.18	35831.81	179159.04	2157480.28	0.00	0.38	29.49	0.00	447.64	168.86	2.43
573	0.00	73.00	3583.18	35831.81	179159.04	2157480.28	0.00	0.38	29.49	0.00	449.02	168.79	2.42
574	0.00	74.00	3583.18	35831.81	179159.04	2157480.28	0.00	0.38	29.49	0.00	450.65	168.14	2.42
575	0.00	25.00	3583.18	35831.81	179159.04	2157480.28	0.00	0.38	29.49	0.00	83.44	62.90	0.64
576	0.00	26.00	3583.18	35831.81	179159.04	2157480.28	0.00	0.38	29.49	0.00	90.07	66.37	0.73
577	0.00	27.00	3583.18	35831.81	179159.04	2157480.28	0.00	0.38	29.49	0.00	182.01	79.36	1.22
578	0.00	28.00	3583.18	35831.81	179159.04	2157480.28	0.00	0.38	29.49	0.00	218.30	85.53	1.39
579	0.00	29.00	3583.18	35831.81	179159.04	2157480.28	0.00	0.38	29.49	0.00	212.61	83.92	1.34
580	0.00	30.00	3583.18	35831.81	179159.04	2157480.28	0.00	0.38	29.49	0.00	248.73	92.83	1.53
581	0.00	31.00	3583.18	35831.81	179159.04	2157480.28	0.00	0.38	29.49	0.00	331.44	106.33	1.97
582	0.00	32.00	3583.18	35831.81	179159.04	2157480.28	0.00	0.38	29.49	0.00	322.75	104.22	1.91
583	0.00	33.00	3583.18	35831.81	179159.04	2157480.28	0.00	0.38	29.49	0.00	322.20	103.94	1.91
584	0.00	34.00	3583.18	35831.81	179159.04	2157480.28	0.00	0.38	29.49	0.00	347.03	115.33	2.03
585	0.00	35.00	3583.18	35831.81	179159.04	2157480.28	0.00	0.38	29.49	0.00	357.34	116.63	2.09
586	0.00	36.00	3583.18	35831.81	179159.04	2157480.28	0.00	0.38	29.49	0.00	365.35	126.83	2.08
587	0.00	37.00	3583.18	35831.81	179159.04	2157480.28	0.00	0.38	29.49	0.00	380.69	139.64	2.11
588	0.00	38.00	3583.18	35831.81	179159.04	2157480.28	0.00	0.38	29.49	0.00	378.48	139.32	2.11
589	0.00	39.00	3583.18	35831.81	179159.04	2157480.28	0.00	0.38	29.49	0.00	376.57	138.59	2.10
590	0.00	40.00	3583.18	35831.81	179159.04	2157480.28	0.00	0.38	29.49	0.00	389.44	142.63	2.17
591	0.00	41.00	3583.18	35831.81	179159.04	2157480.28	0.00	0.38	29.49	0.00	381.24	140.00	2.12
592	0.00	42.00	3583.18	35831.81	179159.04	2157480.28	0.00	0.38	29.49	0.00	388.67	147.12	2.21
593	0.00	43.00	3583.18	35831.81	179159.04	2157480.28	0.00	0.38	29.49	0.00	381.98	146.07	2.16
594	0.00	44.00	3583.18	35831.81	179159.04	2157480.28	0.00	0.38	29.49	0.00	388.48	157.28	2.18
595	0.00	45.00	3583.18	35831.81	179159.04	2157480.28	0.00	0.38	29.49	0.00	394.87	156.96	2.22
596	0.00	46.00	3583.18	35831.81	179159.04	2157480.28	0.00	0.38	29.49	0.00	396.92	155.53	2.24
597	0.00	47.00	3583.18	35831.81	179159.04	2157480.28	0.00	0.38	29.49	0.00	413.39	156.48	2.32
598	0.00	48.00	3583.18	35831.81	179159.04	2157480.28	0.00	0.38	29.49	0.00	404.78	155.17	2.27
599	0.00	49.00	3583.18	35831.81	179159.04	2157480.28	0.00	0.38	29.49	0.00	399.87	153.62	2.27
600	0.00	50.00	3583.18	35831.81	179159.04	2157480.28	0.00	0.38	29.49	0.00	392.81	151.99	2.24
601	0.00	51.00	3583.18	35831.81	179159.04	2157480.28	0.00	0.38	29.49	0.00	389.47	152.28	2.25
602	0.00	52.00	3583.18	35831.81	179159.04	2157480.28	0.00	0.38	29.49	0.00	385.68	152.93	2.25
603	0.00	53.00	3583.18	35831.81	179159.04	2157480.28	0.00	0.38	29.49	0.00	398.22	152.27	2.28
604	0.00	54.00	3583.18	35831.81	179159.04	2157480.28	0.00	0.38	29.49	0.00	421.21	163.45	2.37
605	0.00	55.00	3583.18	35831.81	179159.04	2157480.28	0.00	0.38	29.49	0.00	413.55	161.90	2.33
606	0.00	56.00	3583.18	35831.81	179159.04	2157480.28	0.00	0.38	29.49	0.00	411.67	160.84	2.36
607	0.00	57.00	3583.18	35831.81	179159.04	2157480.28	0.00	0.38	29.49	0.00	423.69	160.47	2.44
608	0.00	58.00	3583.18	35831.81	179159.04	2157480.28	0.00	0.38	29.49	0.00	428.34	163.39	2.50
609	0.00	59.00	3583.18	35831.81	179159.04	2157480.28	0.00	0.38	29.49	0.00	427.55	161.69	2.51
610	0.00	60.00	3583.18	35831.81	179159.04	2157480.28	0.00	0.38	29.49	0.00	422.75	160.68	2.47
611	0.00	61.00	3583.18	35831.81	179159.04	2157480.28	0.00	0.38	29.49	0.00	434.80	164.03	2.52
612	0.00	62.00	3583.18	35831.81	179159.04	2157480.28	0.00	0.38	29.49	0.00	430.04	163.16	2.52
613	0.00	63.00	3583.18	35831.81	179159.04	2157480.28	0.00	0.38	29.49	0.00	449.83	170.71	2.62
614	0.00	64.00	3583.18	35831.81	179159.04	2157480.28	0.00	0.38	29.49	0.00	442.81	168.90	2.58
615	0.00	65.00	3583.18	35831.81	179159.04	2157480.28	0.00	0.38	29.49	0.00	449.71	169.22	2.62
616	0.00	66.00	3583.18	35831.81	179159.04	2157480.28	0.00	0.38	29.49	0.00	442.89	167.88	2.58
617	0.00	67.00	3583.18	35831.81	179159.04	2157480.28	0.00	0.38	29.49	0.00	437.79	167.64	2.55
618	0.00	68.00	3583.18	35831.81	179159.04	2157480.28	0.00	0.38	29.49	0.00	441.49	169.31	2.57
619	0.00	69.00	3583.18	35831.81	179159.04	2157480.28	0.00	0.38	29.49	0.00	438.31	169.75	2.58
620	0.00	70.00	3583.18	35831.81	179159.04	2157480.28	0.00	0.38	29.49	0.00	448.95	172.01	2.66
621	0.00	71.00	3583.18	35831.81	179159.04	2157480.28	0.00	0.38	29.49	0.00	444.05	170.89	2.62
622	0.00	72.00	3583.18	35831.81	179159.04	2157480.28	0.00	0.38	29.49	0.00	443.19	170.60	2.65
623	0.00	73.00	3583.18	35831.81	179159.04	2157480.28	0.00	0.38	29.49	0.00	444.34	169.69	2.66
624	0.00	74.00	3583.18	35831.81	179159.04	2157480.28	0.00	0.38	29.49	0.00	443.59	168.44	2.65
625	0.00	25.00	3583.18	35831.81	179159.04	2157480.28	0.00	0.38	29.49	0.00	41.69	57.10	0.24
626	0.00	26.00	3583.18	35831.81	179159.04	2157480.28	0.00	0.38	29.49	0.00	45.81	59.04	0.31
627	0.00	27.00	3583.18	35831.81	179159.04	2157480.28	0.00	0.38	29.49	0.00	46.09	61.57	0.30
628	0.00	28.00	3583.18	35831.81	179159.04	2157480.28	0.00	0.38	29.49	0.00	46.34	62.87	0.29
629	0.00	29.00	3583.18	35831.81	179159.04	2157480.28	0.00	0.38	29.49	0.00	60.24	67.83	0.41
630	0.00	30.00	3583.18	35831.81	179159.04	2157480.28	0.00	0.38	29.49	0.00	86.91	68.86	0.53
631	0.00	31.00	3583.18	35831.81	179159.04	2157480.28	0.00	0.38	29.49	0.00	108.95	72.24	0.68
632	0.00	32.00	3583.18	35831.81	179159.04	2157480.28	0.00	0.38	29.49	0.00	129.45	72.83	0.81
633	0.00	33.00	3583.18	35831.81	179159.04	2157480.28	0.00	0.38	29.49	0.00	179.91	83.19	1.15
634	0.00	34.00	3583.18	35831.81	179159.04	2157480.28	0.00	0.38	29.49	0.00	252.94	97.17	1.53
635	0.00	35.00	3583.18	35831.81	179159.04	2157480.28	0.00	0.38	29.49	0.00	267.57	96.89	1.63
636	0.00	36.00	3583.18	35831.81	179159.04	2157480.28	0.00	0.38	29.49	0.00	271.00	97.02	1.64
637	0.00	37.00	4299.82	42998.17	214990.85	2369088.61	0.00	0.38	29.49	0.00	277.95	98.87	1.73
638	0.00	38.00	4299.82	42998.17	214990.85	2369088.61	0.00	0.38	29.49	0.00	295.90	101.29	1.82
639	0.00	39.00	4299.82	42998.17	214990.85	2369088.61	0.00	0.38	29.49	0.00	289.99	100.68	1.79
640	0.00	40.00	4299.82	42998.17	214990.85	2369088.61	0.00	0.38	29.49	0.00	302.64	100.75	1.88
641	0.00	41.00	4299.82	42998.17	214990.85	2369088.61	0.00	0.38	29.49	0.00	297.73	100.66	1.83
642	0.00	42.00	4299.82	42998.17	214990.85	2369088.61	0.00	0.38	29.49	0.00	293.65	100.46	1.81
643	0.00	43.00	4299.82	42998.17	214990.85	2369088.61	0.00	0.38	29.49	0.00	292.61	100.95	1.79
644	0.00	44.00	4299.82	42998.17	214990.85	2369088.61	0.00	0.38	29.49	0.00	293.07	100.88	1.82
645	0.00	45.00	4299.82	42998.17	214990.85	2369088.61	0.00	0.38	29.49	0.00	315.10	105.21	1.91
646	0.00	46.00	4299.82	42998.17	214990.85	2369088.61	0.00	0.38	29.49	0.00	318.23	105.07	1.93
647	0.00	47.00	4299.82	42998.17	214990.85	2369088.61	0.00	0.38	29.49	0.00	332.14	104.47	2.00
648	0.00	48.00	4299.82	42998.17	214990.85	2369088.61	0.00	0.38	29.49	0.00	343.41	104.96	2.08
649	0.00	49.00	4299.82	42998.17	214990.85	2369088.61	0.00	0.38	29.49	0.00	336.40	104.35	2.04
650	0.00	50.00	4299.82	42998.17	214990.85	2369088.61	0.00	0.38	29.49	0.00	340.18	104.29	2.08
651	0.00	51.00	4299.82	42998.17	214990.85	2369088.61	0.00	0.38	29.49	0.00	336.15	103.78	2.04
652	0.00	52.00	4299.82	42998.17	214990.85	2369088.61	0.00	0.38	29.49	0.00	332.36	104.34	2.02
653	0.00	53.00	4299.82	42998.17	214990.85	2369088.61	0.00	0.38	29.49	0.00	326.57	104.45	1.98
654	0.00	54.00	4299.82	42998.17	214990.85	2369088.61	0.00	0.38	29.49	0.00	352.95	108.61	2.13
655	0.00	55.00	4299.82	42998.17	214990.85	2369088.61	0.00	0.38	29.49	0.00	348.50	108.08	2.09
656	0.00	56.00	4299.82	42998.17	214990.85	2369088.61	0.00	0.38	29.49	0.00	349.19	109.56	2.12
657	0.00	57.00	4299.82	42998.17	214990.85	2369088.61	0.00	0.38	29.49	0.00	343.07	110.74	2.09
658	0.00	58.00	4299.82	42998.17	214990.85	2369088.61	0.00	0.38	29.49	0.00	351.47	111.04	2.14
659	0.00	59.00	4299.82	42998.17	214990.85	2369088.61	0.00	0.38	29.49	0.00	345.94	110.97	2.12
660	0.00	60.00	4299.82	42998.17	214990.85	2369088.61	0.00	0.38	29.49	0.00	362.00	111.54	2.23
661	0.00	61.00	4299.82	42998.17	214990.85	2369088.61	0.00	0.38	29.49	0.00	360.63	111.38	2.25
662	0.00	62.00	4299.82	42998.17	214990.85	2369088.61	0.00	0.38	29.49	0.00	363.19	111.47	2.26
663	0.00	63.00	4299.82	42998.17	214990.85	2369088.61	0.00	0.38	29.49	0.00	359.05	110.94	2.24
664	0.00	64.00	4299.82	42998.17	214990.85	2369088.61	0.00	0.38	29.49	0.00	363.53	115.12	2.23
665	0.00	65.00	4299.82	42998.17	214990.85	2369088.61	0.00	0.38	29.49	0.00	361.45	114.92	2.25
666	0.00	66.00	4299.82	42998.17	214990.85	2369088.61	0.00	0.38	29.49	0.00	355.97	114.25	2.21
667	0.00	67.00	4299.82	42998.17	214990.85	2369088.61	0.00	0.38	29.49	0.00	350.66	114.31	2.18
668	0.00	68.00	4299.82	42998.17	214990.85	2369088.61	0.00	0.38	29.49	0.00	348.80	114.10	2.19
669	0.00	69.00	4299.82	42998.17	214990.85	2369088.61	0.00	0.38	29.49	0.00	345.90	113.76	2.19
670	0.00	70.00	4299.82	42998.17	214990.85	2369088.61	0.00	0.38	29.49	0.00	341.72	113.75	2.16
671	0.00	71.00	4299.82	42998.17	214990.85	2369088.61	0.00	0.38	29.49	0.00	341.86	113.99	2.15
672	0.00	72.00	4299.82	42998.17	214990.85	2369088.61	0.00	0.38	29.49	0.00	338.52	113.86	2.12
673	0.00	73.00	4299.82	42998.17	214990.85	2369088.61	0.00	0.38	29.49	0.00	337.70	114.40	2.11
674	0.00	74.00	4299.82	42998.17	214990.85	2369088.61	0.00	0.38	29.49	0.00	344.01	114.15	2.11
675	0.00	25.00	4299.82	42998.17	214990.85	2369088.61	0.00	0.38	29.49	0.00	29.59	50.54	0.12
676	0.00	26.00	4299.82	42998.17	214990.85	2369088.61	0.00	0.38	29.49	0.00	56.01	53.99	0.27
677	0.00	27.00	4299.82	42998.17	214990.85	2369088.61	0.00	0.38	29.49	0.00	65.62	57.07	0.33
678	0.00	28.00	4299.82	42998.17	214990.85	2369088.61	0.00	0.38	29.49	0.00	127.37	76.05	0.75
679	0.00	29.00	4299.82	42998.17	214990.85	2369088.61	0.00	0.38	29.49	0.00	135.50	77.53	0.86
680	0.00	30.00	4299.82	42998.17	214990.85	2369088.61	0.00	0.38	29.49	0.00	183.90	94.71	1.17
681	0.00	31.00	4299.82	42998.17	214990.85	2369088.61	0.00	0.38	29.49	0.00	185.24	93.98	1.16
682	0.00	32.00	4299.82	42998.17	214990.85	2369088.61	0.00	0.38	29.49	0.00	235.53	104.76	1.50
683	0.00	33.00	4299.82	42998.17	214990.85	2369088.61	0.00	0.38	29.49	0.00	248.48	104.20	1.61
684	0.00	34.00	4299.82	42998.17	214990.85	2369088.61	0.00	0.38	29.49	0.00	244.14	103.65	1.56
685	0.00	35.00	4299.82	42998.17	214990.85	2369088.61	0.00	0.38	29.49	0.00	255.15	102.70	1.60
686	0.00	36.00	4299.82	42998.17	214990.85	2369088.61	0.00	0.38	29.49	0.00	296.41	121.38	1.75
687	0.00	37.00	4299.82	42998.17	214990.85	2369088.61	0.00	0.38	29.49	0.00	316.92	124.94	1.89
688	0.00	38.00	4299.82	42998.17	214990.85	2369088.61	0.00	0.38	29.49	0.00	340.60	126.60	2.05
689	0.00	39.00	4299.82	42998.17	214990.85	2369088.61	0.00	0.38	29.49	0.00	346.25	125.70	2.13
690	0.00	40.00	4299.82	42998.17	214990.85	2369088.61	0.00	0.38	29.49	0.00	358.39	127.96	2.17
691	0.00	41.00	4299.82	42998.17	214990.85	2369088.61	0.00	0.38	29.49	0.00	393.42	138.19	2.41
692	0.00	42.00	4299.82	42998.17	214990.85	2369088.61	0.00	0.38	29.49	0.00	417.85	141.90	2.55
693	0.00	43.00	4299.82	42998.17	214990.85	2369088.61	0.00	0.38	29.49	0.00	438.17	150.63	2.63
694	0.00	44.00	4299.82	42998.17	214990.85	2369088.61	0.00	0.38	29.49	0.00	435.19	150.22	2.64
695	0.00	45.00	4299.82	42998.17	214990.85	2369088.61	0.00	0.38	29.49	0.00	464.85	155.96	2.80
696	0.00	46.00	4299.82	42998.17	214990.85	2369088.61	0.00	0.38	29.49	0.00	470.00	157.98	2.83
697	0.00	47.00	4299.82	42998.17	214990.85	2369088.61	0.00	0.38	29.49	0.00	462.16	156.89	2.77
698	0.00	48.00	4299.82	42998.17	214990.85	2369088.61	0.00	0.38	29.49	0.00	459.93	160.20	2.71
699	0.00	49.00	4299.82	42998.17	214990.85	2369088.61	0.00	0.38	29.49	0.00	466.26	162.24	2.73
700	0.00	50.00	4299.82	42998.17	214990.85	2369088.61	0.00	0.38	29.49	0.00	474.78	163.52	2.78
701	0.00	51.00	4299.82	42998.17	214990.85	2369088.61	0.00	0.38	29.49	0.00	477.66	162.83	2.78
702	0.00	52.00	4299.82	42998.17	214990.85	2369088.61	0.00	0.38	29.49	0.00	468.48	161.29	2.73
703	0.00	53.00	4299.82	42998.17	214990.85	2369088.61	0.00	0.38	29.49	0.00	464.98	160.06	2.72
704	0.00	54.00	4299.82	42998.17	214990.85	2369088.61	0.00	0.38	29.49	0.00	466.36	159.14	2.74
705	0.00	55.00	4299.82	42998.17	214990.85	2369088.61	0.00	0.38	29.49	0.00	483.69	160.45	2.84
706	0.00	56.00	4299.82	42998.17	214990.85	2369088.61	0.00	0.38	29.49	0.00	475.05	158.95	2.79
707	0.00	57.00	4299.82	42998.17	214990.85	2369088.61	0.00	0.38	29.49	0.00	472.47	157.79	2.79
708	0.00	58.00	4299.82	42998.17	214990.85	2369088.61	0.00	0.38	29.49	0.00	468.59	156.80	2.78
709	0.00	59.00	4299.82	42998.17	214990.85	2369088.61	0.00	0.38	29.49	0.00	472.54	158.18	2.80
710	0.00	60.00	4299.82	42998.17	214990.85	2369088.61	0.00	0.38	29.49	0.00	489.85	161.16	2.87
711	0.00	61.00	4299.82	42998.17	214990.85	2369088.61	0.00	0.38	29.49	0.00	487.99	160.80	2.84
712	0.00	62.00	4299.82	42998.17	214990.85	2369088.61	0.00	0.38	29.49	0.00	489.32	161.48	2.82
713	0.00	63.00	4299.82	42998.17	214990.85	2369088.61	0.00	0.38	29.49	0.00	483.16	161.13	2.78
714	0.00	64.00	4299.82	42998.17	214990.85	2369088.61	0.00	0.38	29.49	0.00	475.61	160.88	2.73
715	0.00	65.00	4299.82	42998.17	214990.85	2369088.61	0.00	0.38	29.49	0.00	490.17	164.40	2.83
716	0.00	66.00	4299.82	42998.17	214990.85	2369088.61	0.00	0.38	29.49	0.00	500.22	163.49	2.89
717	0.00	67.00	4299.82	42998.17	214990.85	2369088.61	0.00	0.38	29.49	0.00	492.76	162.64	2.85
718	0.00	68.00	4299.82	42998.17	214990.85	2369088.61	0.00	0.38	29.49	0.00	493.27	161.37	2.87
719	0.00	69.00	4299.82	42998.17	214990.85	2369088.61	0.00	0.38	29.49	0.00	494.62	160.58	2.87
720	0.00	70.00	4299.82	42998.17	214990.85	2369088.61	0.00	0.38	29.49	0.00	507.93	163.04	2.96
721	0.00	71.00	4299.82	42998.17	214990.85	2369088.61	0.00	0.38	29.49	0.00	516.34	163.70	3.00
722	0.00	72.00	4299.82	42998.17	214990.85	2369088.61	0.00	0.38	29.49	0.00	514.21	162.66	3.01
723	0.00	73.00	4299.82	42998.17	214990.85	2369088.61	0.00	0.38	29.49	0.00	508.56	162.20	2.97
724	0.00	74.00	4299.82	42998.17	214990.85	2369088.61	0.00	0.38	29.49	0.00	504.06	160.74	2.95
725	0.00	25.00	4299.82	42998.17	214990.85	2369088.61	0.00	0.38	29.49	0.00	29.59	50.54	0.12
726	0.00	26.00	4299.82	42998.17	214990.85	2369088.61	0.00	0.38	29.49	0.00	55.11	55.26	0.35
727	0.00	27.00	4299.82	42998.17	214990.85	2369088.61	0.00	0.38	29.49	0.00	126.01	63.09	0.78
728	0.00	28.00	4299.82	42998.17	214990.85	2369088.61	0.00	0.38	29.49	0.00	146.26	77.52	0.96
729	0.00	29.00	4299.82	42998.17	214990.85	2369088.61	0.00	0.38	29.49	0.00	169.86	79.03	1.14
730	0.00	30.00	4299.82	42998.17	214990.85	2369088.61	0.00	0.38	29.49	0.00	179.90	85.98	1.20
731	0.00	31.00	4299.82	42998.17	214990.85	2369088.61	0.00	0.38	29.49	0.00	177.81	85.32	1.16
732	0.00	32.00	4299.82	42998.17	214990.85	2369088.61	0.00	0.38	29.49	0.00	237.56	96.91	1.50
733	0.00	33.00	4299.82	42998.17	214990.85	2369088.61	0.00	0.38	29.49	0.00	236.52	96.82	1.45
734	0.00	34.00	4299.82	42998.17	214990.85	2369088.61	0.00	0.38	29.49	0.00	229.56	96.95	1.41
735	0.00	35.00	4299.82	42998.17	214990.85	2369088.61	0.00	0.38	29.49	0.00	260.51	100.16	1.57
736	0.00	36.00	4299.82	42998.17	214990.85	2369088.61	0.00	0.38	29.49	0.00	289.15	105.65	1.72
737	0.00	37.00	5159.78	51597.80	257989.02	2623018.60	0.00	0.38	29.49	0.00	297.19	111.66	1.84
738	0.00	38.00	5159.78	51597.80	257989.02	2623018.60	0.00	0.38	29.49	0.00	324.24	123.92	2.00
739	0.00	39.00	5159.78	51597.80	257989.02	2623018.60	0.00	0.38	29.49	0.00	327.39	125.01	2.05
740	0.00	40.00	5159.78	51597.80	257989.02	2623018.60	0.00	0.38	29.49	0.00	333.42	127.48	2.08
741	0.00	41.00	5159.78	51597.80	257989.02	2623018.60	0.00	0.38	29.49	0.00	338.53	126.87	2.07
742	0.00	42.00	5159.78	51597.80	257989.02	2623018.60	0.00	0.38	29.49	0.00	339.03	131.67	2.14
743	0.00	43.00	5159.78	51597.80	257989.02	2623018.60	0.00	0.38	29.49	0.00	371.44	142.38	2.28
744	0.00	44.00	5159.78	51597.80	257989.02	2623018.60	0.00	0.38	29.49	0.00	407.06	146.21	2.45
745	0.00	45.00	5159.78	51597.80	257989.02	2623018.60	0.00	0.38	29.49	0.00	424.66	152.29	2.58
746	0.00	46.00	5159.78	51597.80	257989.02	2623018.60	0.00	0.38	29.49	0.00	439.27	159.77	2.67
747	0.00	47.00	5159.78	51597.80	257989.02	2623018.60	0.00	0.38	29.49	0.00	442.29	159.54	2.72
748	0.00	48.00	5159.78	51597.80	257989.02	2623018.60	0.00	0.38	29.49	0.00	445.19	159.31	2.77
749	0.00	49.00	5159.78	51597.80	257989.02	2623018.60	0.00	0.38	29.49	0.00	482.02	163.85	2.98
750	0.00	50.00	5159.78	51597.80	257989.02	2623018.60	0.00	0.38	29.49	0.00	480.66	163.23	2.94
751	0.00	51.00	5159.78	51597.80	257989.02	2623018.60	0.00	0.38	29.49	0.00	506.42	169.35	3.12
752	0.00	52.00	5159.78	51597.80	257989.02	2623018.60	0.00	0.38	29.49	0.00	516.06	168.46	3.17
753	0.00	53.00	5159.78	51597.80	257989.02	2623018.60	0.00	0.38	29.49	0.00	521.80	171.37	3.21
754	0.00	54.00	5159.78	51597.80	257989.02	2623018.60	0.00	0.38	29.49	0.00	527.55	171.15	3.26
755	0.00	55.00	5159.78	51597.80	257989.02	2623018.60	0.00	0.38	29.49	0.00	569.10	178.52	3.47
756	0.00	56.00	5159.78	51597.80	257989.02	2623018.60	0.00	0.38	29.49	0.00	568.82	177.56	3.50
757	0.00	57.00	5159.78	51597.80	257989.02	2623018.60	0.00	0.38	29.49	0.00	567.00	181.89	3.51
758	0.00	58.00	5159.78	51597.80	257989.02	2623018.60	0.00	0.38	29.49	0.00	569.73	182.26	3.52
759	0.00	59.00	5159.78	51597.80	257989.02	2623018.60	0.00	0.38	29.49	0.00	565.52	180.51	3.47
760	0.00	60.00	5159.78	51597.80	257989.02	2623018.60	0.00	0.38	29.49	0.00	575.20	182.48	3.52
761	0.00	61.00	5159.78	51597.80	257989.02	2623018.60	0.00	0.38	29.49	0.00	571.63	181.69	3.46
762	0.00	62.00	5159.78	51597.80	257989.02	2623018.60	0.00	0.38	29.49	0.00	566.73	180.38	3.44
763	0.00	63.00	5159.78	51597.80	257989.02	2623018.60	0.00	0.38	29.49	0.00	560.44	179.52	3.41
764	0.00	64.00	5159.78	51597.80	257989.02	2623018.60	0.00	0.38	29.49	0.00	566.32	181.36	3.47
765	0.00	65.00	5159.78	51597.80	257989.02	2623018.60	0.00	0.38	29.49	0.00	563.10	179.51	3.45
766	0.00	66.00	5159.78	51597.80	257989.02	2623018.60	0.00	0.38	29.49	0.00	559.99	177.91	3.39
767	0.00	67.00	5159.78	51597.80	257989.02	2623018.60	0.00	0.38	29.49	0.00	552.66	176.79	3.37
768	0.00	68.00	5159.78	51597.80	257989.02	2623018.60	0.00	0.38	29.49	0.00	546.95	175.35	3.32
769	0.00	69.00	5159.78	51597.80	257989.02	2623018.60	0.00	0.38	29.49	0.00	561.23	179.29	3.39
770	0.00	70.00	5159.78	51597.80	257989.02	2623018.60	0.00	0.38	29.49	0.00	566.46	178.43	3.40
771	0.00	71.00	5159.78	51597.80	257989.02	2623018.60	0.00	0.38	29.49	0.00	573.09	178.05	3.44
772	0.00	72.00	5159.78	51597.80	257989.02	2623018.60	0.00	0.38	29.49	0.00	570.11	176.66	3.39
773	0.00	73.00	5159.78	51597.80	257989.02	2623018.60	0.00	0.38	29.49	0.00	573.97	177.89	3.40
774	0.00	74.00	5159.78	51597.80	257989.02	2623018.60	0.00	0.38	29.49	0.00	577.76	177.29	3.42
775	0.00	25.00	5159.78	51597.80	257989.02	2623018.60	0.00	0.38	29.49	0.00	25.54	50.71	0.12
776	0.00	26.00	5159.78	51597.80	257989.02	2623018.60	0.00	0.38	29.49	0.00	81.58	54.46	0.42
777	0.00	27.00	5159.78	51597.80	257989.02	2623018.60	0.00	0.38	29.49	0.00	95.99	60.98	0.56
778	0.00	28.00	5159.78	51597.80	257989.02	2623018.60	0.00	0.38	29.49	0.00	105.34	65.56	0.54
779	0.00	29.00	5159.78	51597.80	257989.02	2623018.60	0.00	0.38	29.49	0.00	160.74	70.88	0.83
780	0.00	30.00	5159.78	51597.80	257989.02	2623018.60	0.00	0.38	29.49	0.00	181.68	79.63	0.87
781	0.00	31.00	5159.78	51597.80	257989.02	2623018.60	0.00	0.38	29.49	0.00	221.35	93.56	1.03
782	0.00	32.00	5159.78	51597.80	257989.02	2623018.60	0.00	0.38	29.49	0.00	262.23	100.96	1.28
783	0.00	33.00	5159.78	51597.80	257989.02	2623018.60	0.00	0.38	29.49	0.00	309.16	104.18	1.55
784	0.00	34.00	5159.78	51597.80	257989.02	2623018.60	0.00	0.38	29.49	0.00	322.61	104.82	1.65
785	0.00	35.00	5159.78	51597.80	257989.02	2623018.60	0.00	0.38	29.49	0.00	351.05	105.46	1.80
786	0.00	36.00	5159.78	51597.80	257989.02	2623018.60	0.00	0.38	29.49	0.00	358.37	105.00	1.83
787	0.00	37.00	5159.78	51597.80	257989.02	2623018.60	0.00	0.38	29.49	0.00	360.14	116.81	1.86
788	0.00	38.00	5159.78	51597.80	257989.02	2623018.60	0.00	0.38	29.49	0.00	368.90	121.89	1.97
789	0.00	39.00	5159.78	51597.80	257989.02	2623018.60	0.00	0.38	29.49	0.00	386.63	132.14	2.05
790	0.00	40.00	5159.78	51597.80	257989.02	2623018.60	0.00	0.38	29.49	0.00	382.99	131.89	2.02
791	0.00	41.00	5159.78	51597.80	257989.02	2623018.60	0.00	0.38	29.49	0.00	395.46	136.64	2.07
792	0.00	42.00	5159.78	51597.80	257989.02	2623018.60	0.00	0.38	29.49	0.00	410.37	136.18	2.17
793	0.00	43.00	5159.78	51597.80	257989.02	2623018.60	0.00	0.38	29.49	0.00	417.15	137.21	2.21
794	0.00	44.00	5159.78	51597.80	257989.02	2623018.60	0.00	0.38	29.49	0.00	417.49	139.08	2.20
795	0.00	45.00	5159.78	51597.80	257989.02	2623018.60	0.00	0.38	29.49	0.00	458.21	147.03	2.44
796	0.00	46.00	5159.78	51597.80	257989.02	2623018.60	0.00	0.38	29.49	0.00	461.71	145.97	2.43
797	0.00	47.00	5159.78	51597.80	257989.02	2623018.60	0.00	0.38	29.49	0.00	481.25	152.57	2.57
798	0.00	48.00	5159.78	51597.80	257989.02	2623018.60	0.00	0.38	29.49	0.00	480.09	151.40	2.60
799	0.00	49.00	5159.78	51597.80	257989.02	2623018.60	0.00	0.38	29.49	0.00	490.43	149.69	2.63
800	0.00	50.00	5159.78	51597.80	257989.02	2623018.60	0.00	0.38	29.49	0.00	499.83	148.95	2.70
801	0.00	51.00	5159.78	51597.80	257989.02	2623018.60	0.00	0.38	29.49	0.00	502.93	148.23	2.75
802	0.00	52.00	5159.78	51597.80	257989.02	2623018.60	0.00	0.38	29.49	0.00	519.32	149.94	2.87
803	0.00	53.00	5159.78	51597.80	257989.02	2623018.60	0.00	0.38	29.49	0.00	533.08	158.17	3.00
804	0.00	54.00	5159.78	51597.80	257989.02	2623018.60	0.00	0.38	29.49	0.00	535.62	156.72	3.00
805	0.00	55.00	5159.78	51597.80	257989.02	2623018.60	0.00	0.38	29.49	0.00	532.78	155.20	2.96
806	0.00	56.00	5159.78	51597.80	257989.02	2623018.60	0.00	0.38	29.49	0.00	535.23	153.84	2.96
807	0.00	57.00	5159.78	51597.80	257989.02	2623018.60	0.00	0.38	29.49	0.00	532.91	153.56	2.96
808	0.00	58.00	5159.78	51597.80	257989.02	2623018.60	0.00	0.38	29.49	0.00	528.13	152.47	2.91
809	0.00	59.00	5159.78	51597.80	257989.02	2623018.60	0.00	0.38	29.49	0.00	526.75	151.72	2.90
810	0.00	60.00	5159.78	51597.80	257989.02	2623018.60	0.00	0.38	29.49	0.00	519.89	150.55	2.85
811	0.00	61.00	5159.78	51597.80	257989.02	2623018.60	0.00	0.38	29.49	0.00	518.54	149.99	2.85
812	0.00	62.00	5159.78	51597.80	257989.02	2623018.60	0.00	0.38	29.49	0.00	520.15	149.07	2.87
813	0.00	63.00	5159.78	51597.80	257989.02	2623018.60	0.00	0.38	29.49	0.00	533.02	148.99	3.00
814	0.00	64.00	5159.78	51597.80	257989.02	2623018.60	0.00	0.38	29.49	0.00	543.27	151.19	3.06
815	0.00	65.00	5159.78	51597.80	257989.02	2623018.60	0.00	0.38	29.49	0.00	555.39	151.08	3.18
816	0.00	66.00	5159.78	51597.80	257989.02	2623018.60	0.00	0.38	29.49	0.00	577.63	160.09	3.26
817	0.00	67.00	5159.78	51597.80	257989.02	2623018.60	0.00	0.38	29.49	0.00	575.09	158.97	3.24
818	0.00	68.00	5159.78	51597.80	257989.02	2623018.60	0.00	0.38	29.49	0.00	566.64	157.75	3.19
819	0.00	69.00	5159.78	51597.80	257989.02	2623018.60	0.00	0.38	29.49	0.00	569.75	156.83	3.20
820	0.00	70.00	5159.78	51597.80	257989.02	2623018.60	0.00	0.38	29.49	0.00	568.52	156.36	3.19
821	0.00	71.00	5159.78	51597.80	257989.02	2623018.60	0.00	0.38	29.49	0.00	585.18	157.29	3.28
822	0.00	72.00	5159.78	51597.80	257989.02	2623018.60	0.00	0.38	29.49	0.00	581.07	156.94	3.28
823	0.00	73.00	5159.78	51597.80	257989.02	2623018.60	0.00	0.38	29.49	0.00	588.26	158.56	3.33
824	0.00	74.00	5159.78	51597.80	257989.02	2623018.60	0.00	0.38	29.49	0.00	588.67	157.53	3.34
825	0.00	25.00	5159.78	51597.80	257989.02	2623018.60	0.00	0.38	29.49	0.00	35.75	50.29	0.12
826	0.00	26.00	5159.78	51597.80	257989.02	2623018.60	0.00	0.38	29.49	0.00	120.92	61.16	0.62
827	0.00	27.00	5159.78	51597.80	257989.02	2623018.60	0.00	0.38	29.49	0.00	184.88	64.71	0.96
828	0.00	28.00	5159.78	51597.80	257989.02	2623018.60	0.00	0.38	29.49	0.00	208.15	72.58	1.18
829	0.00	29.00	5159.78	51597.80	257989.02	2623018.60	0.00	0.38	29.49	0.00	222.93	73.19	1.21
830	0.00	30.00	5159.78	51597.80	257989.02	2623018.60	0.00	0.38	29.49	0.00	270.75	90.57	1.37
831	0.00	31.00	5159.78	51597.80	257989.02	2623018.60	0.00	0.38	29.49	0.00	276.80	91.23	1.42
832	0.00	32.00	5159.78	51597.80	257989.02	2623018.60	0.00	0.38	29.49	0.00	278.87	94.94	1.38
833	0.00	33.00	5159.78	51597.80	257989.02	2623018.60	0.00	0.38	29.49	0.00	293.17	94.75	1.52
834	0.00	34.00	5159.78	51597.80	257989.02	2623018.60	0.00	0.38	29.49	0.00	304.05	97.16	1.65
835	0.00	35.00	5159.78	51597.80	257989.02	2623018.60	0.00	0.38	29.49	0.00	306.14	96.53	1.60
836	0.00	36.00	5159.78	51597.80	257989.02	2623018.60	0.00	0.38	29.49	0.00	432.69	88.76	2.39
837	0.00	37.00	6191.74	61917.36	309586.82	2927734.59	0.00	0.38	29.49	0.00	434.48	89.01	2.46
838	0.00	38.00	6191.74	61917.36	309586.82	2927734.59	0.00	0.38	29.49	0.00	443.94	89.51	2.58
839	0.00	39.00	6191.74	61917.36	309586.82	2927734.59	0.00	0.38	29.49	0.00	436.93	91.14	2.59
840	0.00	40.00	6191.74	61917.36	309586.82	2927734.59	0.00	0.38	29.49	0.00	440.47	92.35	2.62
841	0.00	41.00	6191.74	61917.36	309586.82	2927734.59	0.00	0.38	29.49	0.00	473.16	100.41	2.78
842	0.00	42.00	6191.74	61917.36	309586.82	2927734.59	0.00	0.38	29.49	0.00	486.19	106.30	2.83
843	0.00	43.00	6191.74	61917.36	309586.82	2927734.59	0.00	0.38	29.49	0.00	502.01	106.10	2.91
844	0.00	44.00	6191.74	61917.36	309586.82	2927734.59	0.00	0.38	29.49	0.00	525.18	110.69	3.00
845	0.00	45.00	6191.74	61917.36	309586.82	2927734.59	0.00	0.38	29.49	0.00	535.95	113.11	3.04
846	0.00	46.00	6191.74	61917.36	309586.82	2927734.59	0.00	0.38	29.49	0.00	541.29	115.06	3.09
847	0.00	47.00	6191.74	61917.36	309586.82	2927734.59	0.00	0.38	29.49	0.00	535.20	114.84	3.02
848	0.00	48.00	6191.74	61917.36	309586.82	2927734.59	0.00	0.38	29.49	0.00	535.46	114.65	3.02
849	0.00	49.00	6191.74	61917.36	309586.82	2927734.59	0.00	0.38	29.49	0.00	529.93	113.98	3.02
850	0.00	50.00	6191.74	61917.36	309586.82	2927734.59	0.00	0.38	29.49	0.00	526.71	113.71	3.06
851	0.00	51.00	6191.74	61917.36	309586.82	2927734.59	0.00	0.38	29.49	0.00	529.65	116.05	3.06
852	0.00	52.00	6191.74	61917.36	309586.82	2927734.59	0.00	0.38	29.49	0.00	558.37	126.33	3.15
853	0.00	53.00	6191.74	61917.36	309586.82	2927734.59	0.00	0.38	29.49	0.00	555.47	128.51	3.15
854	0.00	54.00	6191.74	61917.36	309586.82	2927734.59	0.00	0.38	29.49	0.00	551.81	129.48	3.09
855	0.00	55.00	6191.74	61917.36	309586.82	2927734.59	0.00	0.38	29.49	0.00	589.50	136.47	3.29
856	0.00	56.00	6191.74	61917.36	309586.82	2927734.59	0.00	0.38	29.49	0.00	600.56	136.30	3.38
857	0.00	57.00	6191.74	61917.36	309586.82	2927734.59	0.00	0.38	29.49	0.00	590.02	135.27	3.32
858	0.00	58.00	6191.74	61917.36	309586.82	2927734.59	0.00	0.38	29.49	0.00	589.83	135.69	3.33
859	0.00	59.00	6191.74	61917.36	309586.82	2927734.59	0.00	0.38	29.49	0.00	579.83	134.43	3.27
860	0.00	60.00	6191.74	61917.36	309586.82	2927734.59	0.00	0.38	29.49	0.00	608.92	135.69	3.43
861	0.00	61.00	6191.74	61917.36	309586.82	2927734.59	0.00	0.38	29.49	0.00	610.44	138.96	3.44
862	0.00	62.00	6191.74	61917.36	309586.82	2927734.59	0.00	0.38	29.49	0.00	604.80	139.21	3.40
863	0.00	63.00	6191.74	61917.36	309586.82	2927734.59	0.00	0.38	29.49	0.00	624.86	143.79	3.56
864	0.00	64.00	6191.74	61917.36	309586.82	2927734.59	0.00	0.38	29.49	0.00	621.90	143.81	3.56
865	0.00	65.00	6191.74	61917.36	309586.82	2927734.59	0.00	0.38	29.49	0.00	622.95	147.07	3.54
866	0.00	66.00	6191.74	61917.36	309586.82	2927734.59	0.00	0.38	29.49	0.00	623.16	146.22	3.53
867	0.00	67.00	6191.74	61917.36	309586.82	2927734.59	0.00	0.38	29.49	0.00	616.39	147.49	3.51
868	0.00	68.00	6191.74	61917.36	309586.82	2927734.59	0.00	0.38	29.49	0.00	625.01	148.56	3.54
869	0.00	69.00	6191.74	61917.36	309586.82	2927734.59	0.00	0.38	29.49	0.00	642.39	156.92	3.65
870	0.00	70.00	6191.74	61917.36	309586.82	2927734.59	0.00	0.38	29.49	0.00	640.09	156.73	3.63
871	0.00	71.00	6191.74	61917.36	309586.82	2927734.59	0.00	0.38	29.49	0.00	633.26	156.02	3.61
872	0.00	72.00	6191.74	61917.36	309586.82	2927734.59	0.00	0.38	29.49	0.00	642.28	158.61	3.69
873	0.00	73.00	6191.74	61917.36	309586.82	2927734.59	0.00	0.38	29.49	0.00	648.06	160.15	3.74
874	0.00	74.00	6191.74	61917.36	309586.82	2927734.59	0.00	0.38	29.49	0.00	643.83	159.27	3.69
875	0.00	25.00	6191.74	61917.36	309586.82	2927734.59	0.00	0.38	29.49	0.00	25.54	49.11	0.12
876	0.00	26.00	6191.74	61917.36	309586.82	2927734.59	0.00	0.38	29.49	0.00	81.41	57.30	0.42
877	0.00	27.00	6191.74	61917.36	309586.82	2927734.59	0.00	0.38	29.49	0.00	78.39	59.01	0.41
878	0.00	28.00	6191.74	61917.36	309586.82	2927734.59	0.00	0.38	29.49	0.00	120.58	78.20	0.75
879	0.00	29.00	6191.74	61917.36	309586.82	2927734.59	0.00	0.38	29.49	0.00	162.10	90.83	1.03
880	0.00	30.00	6191.74	61917.36	309586.82	2927734.59	0.00	0.38	29.49	0.00	161.12	91.31	1.03
881	0.00	31.00	6191.74	61917.36	309586.82	2927734.59	0.00	0.38	29.49	0.00	212.25	103.44	1.29
882	0.00	32.00	6191.74	61917.36	309586.82	2927734.59	0.00	0.38	29.49	0.00	245.63	111.21	1.44
883	0.00	33.00	6191.74	61917.36	309586.82	2927734.59	0.00	0.38	29.49	0.00	255.13	110.98	1.52
884	0.00	34.00	6191.74	61917.36	309586.82	2927734.59	0.00	0.38	29.49	0.00	258.76	110.58	1.59
885	0.00	35.00	6191.74	61917.36	309586.82	2927734.59	0.00	0.38	29.49	0.00	271.53	111.43	1.74
886	0.00	36.00	6191.74	61917.36	309586.82	2927734.59	0.00	0.38	29.49	0.00	283.25	117.48	1.86
887	0.00	37.00	6191.74	61917.36	309586.82	2927734.59	0.00	0.38	29.49	0.00	286.53	117.86	1.84
888	0.00	38.00	6191.74	61917.36	309586.82	2927734.59	0.00	0.38	29.49	0.00	296.42	120.71	1.95
889	0.00	39.00	6191.74	61917.36	309586.82	2927734.59	0.00	0.38	29.49	0.00	324.39	122.96	2.08
890	0.00	40.00	6191.74	61917.36	309586.82	2927734.59	0.00	0.38	29.49	0.00	372.53	130.15	2.35
891	0.00	41.00	6191.74	61917.36	309586.82	2927734.59	0.00	0.38	29.49	0.00	386.77	133.33	2.41
892	0.00	42.00	6191.74	61917.36	309586.82	2927734.59	0.00	0.38	29.49	0.00	436.25	138.33	2.74
893	0.00	43.00	6191.74	61917.36	309586.82	2927734.59	0.00	0.38	29.49	0.00	474.08	147.32	2.98
894	0.00	44.00	6191.74	61917.36	309586.82	2927734.59	0.00	0.38	29.49	0.00	469.93	146.06	3.00
895	0.00	45.00	6191.74	61917.36	309586.82	2927734.59	0.00	0.38	29.49	0.00	485.91	148.80	3.09
896	0.00	46.00	6191.74	61917.36	309586.82	2927734.59	0.00	0.38	29.49	0.00	489.61	151.13	3.15
897	0.00	47.00	6191.74	61917.36	309586.82	2927734.59	0.00	0.38	29.49	0.00	482.89	152.98	3.13
898	0.00	48.00	6191.74	61917.36	309586.82	2927734.59	0.00	0.38	29.49	0.00	483.35	152.55	3.17
899	0.00	49.00	6191.74	61917.36	309586.82	2927734.59	0.00	0.38	29.49	0.00	483.78	152.56	3.20
900	0.00	50.00	6191.74	61917.36	309586.82	2927734.59	0.00	0.38	29.49	0.00	495.46	157.31	3.26
901	0.00	51.00	6191.74	61917.36	309586.82	2927734.59	0.00	0.38	29.49	0.00	493.17	156.46	3.27
902	0.00	52.00	6191.74	61917.36	309586.82	2927734.59	0.00	0.38	29.49	0.00	483.69	155.21	3.21
903	0.00	53.00	6191.74	61917.36	309586.82	2927734.59	0.00	0.38	29.49	0.00	487.06	155.74	3.26
904	0.00	54.00	6191.74	61917.36	309586.82	2927734.59	0.00	0.38	29.49	0.00	490.88	160.73	3.31
905	0.00	55.00	6191.74	61917.36	309586.82	2927734.59	0.00	0.38	29.49	0.00	493.77	162.36	3.36
906	0.00	56.00	6191.74	61917.36	309586.82	2927734.59	0.00	0.38	29.49	0.00	492.78	161.08	3.34
907	0.00	57.00	6191.74	61917.36	309586.82	2927734.59	0.00	0.38	29.49	0.00	492.84	161.01	3.35
908	0.00	58.00	6191.74	61917.36	309586.82	2927734.59	0.00	0.38	29.49	0.00	506.67	160.15	3.41
909	0.00	59.00	6191.74	61917.36	309586.82	2927734.59	0.00	0.38	29.49	0.00	508.18	159.68	3.41
910	0.00	60.00	6191.74	61917.36	309586.82	2927734.59	0.00	0.38	29.49	0.00	525.33	159.92	3.52
911	0.00	61.00	6191.74	61917.36	309586.82	2927734.59	0.00	0.38	29.49	0.00	516.72	158.46	3.46
912	0.00	62.00	6191.74	61917.36	309586.82	2927734.59	0.00	0.38	29.49	0.00	525.20	160.48	3.50
913	0.00	63.00	6191.74	61917.36	309586.82	2927734.59	0.00	0.38	29.49	0.00	532.17	166.06	3.59
914	0.00	64.00	6191.74	61917.36	309586.82	2927734.59	0.00	0.38	29.49	0.00	528.56	166.43	3.56
915	0.00	65.00	6191.74	61917.36	309586.82	2927734.59	0.00	0.38	29.49	0.00	541.77	166.88	3.62
916	0.00	66.00	6191.74	61917.36	309586.82	2927734.59	0.00	0.38	29.49	0.00	567.65	171.52	3.76
917	0.00	67.00	6191.74	61917.36	309586.82	2927734.59	0.00	0.38	29.49	0.00	562.72	171.34	3.75
918	0.00	68.00	6191.74	61917.36	309586.82	2927734.59	0.00	0.38	29.49	0.00	561.93	173.90	3.75
919	0.00	69.00	6191.74	61917.36	309586.82	2927734.59	0.00	0.38	29.49	0.00	563.83	174.78	3.78
920	0.00	70.00	6191.74	61917.36	309586.82	2927734.59	0.00	0.38	29.49	0.00	571.35	176.76	3.83
921	0.00	71.00	6191.74	61917.36	309586.82	2927734.59	0.00	0.38	29.49	0.00	565.75	176.15	3.80
922	0.00	72.00	6191.74	61917.36	309586.82	2927734.59	0.00	0.38	29.49	0.00	565.56	174.70	3.82
923	0.00	73.00	6191.74	61917.36	309586.82	2927734.59	0.00	0.38	29.49	0.00	568.81	174.01	3.85
924	0.00	74.00	6191.74	61917.36	309586.82	2927734.59	0.00	0.38	29.49	0.00	572.29	173.94	3.88
925	0.00	25.00	6191.74	61917.36	309586.82	2927734.59	0.00	0.38	29.49	0.00	25.54	49.11	0.12
926	0.00	26.00	6191.74	61917.36	309586.82	2927734.59	0.00	0.38	29.49	0.00	87.70	67.34	0.54
927	0.00	27.00	6191.74	61917.36	309586.82	2927734.59	0.00	0.38	29.49	0.00	118.64	74.29	0.67
928	0.00	28.00	6191.74	61917.36	309586.82	2927734.59	0.00	0.38	29.49	0.00	194.77	93.72	1.11
929	0.00	29.00	6191.74	61917.36	309586.82	2927734.59	0.00	0.38	29.49	0.00	224.95	102.53	1.31
930	0.00	30.00	6191.74	61917.36	309586.82	2927734.59	0.00	0.38	29.49	0.00	226.81	103.27	1.30
931	0.00	31.00	6191.74	61917.36	309586.82	2927734.59	0.00	0.38	29.49	0.00	253.35	104.83	1.42
932	0.00	32.00	6191.74	61917.36	309586.82	2927734.59	0.00	0.38	29.49	0.00	297.19	109.77	1.75
933	0.00	33.00	6191.74	61917.36	309586.82	2927734.59	0.00	0.38	29.49	0.00	299.36	109.64	1.73
934	0.00	34.00	6191.74	61917.36	309586.82	2927734.59	0.00	0.38	29.49	0.00	301.72	117.34	1.74
935	0.00	35.00	6191.74	61917.36	309586.82	2927734.59	0.00	0.38	29.49	0.00	352.40	136.97	2.00
936	0.00	36.00	6191.74	61917.36	309586.82	2927734.59	0.00	0.38	29.49	0.00	366.09	137.84	2.14
937	0.00	37.00	7430.08	74300.84	371504.19	3293393.77	0.00	0.38	29.49	0.00	363.79	137.74	2.11
938	0.00	38.00	7430.08	74300.84	371504.19	3293393.77	0.00	0.38	29.49	0.00	373.98	136.99	2.11
939	0.00	39.00	7430.08	74300.84	371504.19	3293393.77	0.00	0.38	29.49	0.00	371.41	135.57	2.08
940	0.00	40.00	7430.08	74300.84	371504.19	3293393.77	0.00	0.38	29.49	0.00	374.25	134.16	2.12
941	0.00	41.00	7430.08	74300.84	371504.19	3293393.77	0.00	0.38	29.49	0.00	370.89	133.36	2.12
942	0.00	42.00	7430.08	74300.84	371504.19	3293393.77	0.00	0.38	29.49	0.00	420.75	139.80	2.45
943	0.00	43.00	7430.08	74300.84	371504.19	3293393.77	0.00	0.38	29.49	0.00	423.31	145.34	2.44
944	0.00	44.00	7430.08	74300.84	371504.19	3293393.77	0.00	0.38	29.49	0.00	459.67	159.44	2.57
945	0.00	45.00	7430.08	74300.84	371504.19	3293393.77	0.00	0.38	29.49	0.00	449.46	158.01	2.51
946	0.00	46.00	7430.08	74300.84	371504.19	3293393.77	0.00	0.38	29.49	0.00	439.69	156.38	2.46
947	0.00	47.00	7430.08	74300.84	371504.19	3293393.77	0.00	0.38	29.49	0.00	430.33	154.75	2.40
948	0.00	48.00	7430.08	74300.84	371504.19	3293393.77	0.00	0.38	29.49	0.00	456.40	155.25	2.60
949	0.00	49.00	7430.08	74300.84	371504.19	3293393.77	0.00	0.38	29.49	0.00	471.21	162.69	2.73
950	0.00	50.00	7430.08	74300.84	371504.19	3293393.77	0.00	0.38	29.49	0.00	467.82	163.92	2.72
951	0.00	51.00	7430.08	74300.84	371504.19	3293393.77	0.00	0.38	29.49	0.00	487.66	172.79	2.82
952	0.00	52.00	7430.08	74300.84	371504.19	3293393.77	0.00	0.38	29.49	0.00	522.63	181.56	3.02
953	0.00	53.00	7430.08	74300.84	371504.19	3293393.77	0.00	0.38	29.49	0.00	527.47	186.76	3.08
954	0.00	54.00	7430.08	74300.84	371504.19	3293393.77	0.00	0.38	29.49	0.00	540.69	188.92	3.13
955	0.00	55.00	7430.08	74300.84	371504.19	3293393.77	0.00	0.38	29.49	0.00	558.31	192.01	3.24
956	0.00	56.00	7430.08	74300.84	371504.19	3293393.77	0.00	0.38	29.49	0.00	565.58	190.82	3.30
957	0.00	57.00	7430.08	74300.84	371504.19	3293393.77	0.00	0.38	29.49	0.00	563.17	189.66	3.28
958	0.00	58.00	7430.08	74300.84	371504.19	3293393.77	0.00	0.38	29.49	0.00	567.29	190.94	3.31
959	0.00	59.00	7430.08	74300.84	371504.19	3293393.77	0.00	0.38	29.49	0.00	557.85	188.58	3.25
960	0.00	60.00	7430.08	74300.84	371504.19	3293393.77	0.00	0.38	29.49	0.00	586.05	192.79	3.42
961	0.00	61.00	7430.08	74300.84	371504.19	3293393.77	0.00	0.38	29.49	0.00	586.40	196.81	3.44
962	0.00	62.00	7430.08	74300.84	371504.19	3293393.77	0.00	0.38	29.49	0.00	592.59	196.01	3.48
963	0.00	63.00	7430.08	74300.84	371504.19	3293393.77	0.00	0.38	29.49	0.00	609.61	203.24	3.57
964	0.00	64.00	7430.08	74300.84	371504.19	3293393.77	0.00	0.38	29.49	0.00	618.34	208.25	3.66
965	0.00	65.00	7430.08	74300.84	371504.19	3293393.77	0.00	0.38	29.49	0.00	634.31	209.04	3.78
966	0.00	66.00	7430.08	74300.84	371504.19	3293393.77	0.00	0.38	29.49	0.00	641.05	208.50	3.85
967	0.00	67.00	7430.08	74300.84	371504.19	3293393.77	0.00	0.38	29.49	0.00	643.55	208.48	3.85
968	0.00	68.00	7430.08	74300.84	371504.19	3293393.77	0.00	0.38	29.49	0.00	638.54	207.00	3.81
969	0.00	69.00	7430.08	74300.84	371504.19	3293393.77	0.00	0.38	29.49	0.00	665.01	209.49	3.99
970	0.00	70.00	7430.08	74300.84	371504.19	3293393.77	0.00	0.38	29.49	0.00	659.97	208.00	3.94
971	0.00	71.00	7430.08	74300.84	371504.19	3293393.77	0.00	0.38	29.49	0.00	690.98	211.09	4.10
972	0.00	72.00	7430.08	74300.84	371504.19	3293393.77	0.00	0.38	29.49	0.00	690.13	209.72	4.08
973	0.00	73.00	7430.08	74300.84	371504.19	3293393.77	0.00	0.38	29.49	0.00	683.93	208.24	4.07
974	0.00	74.00	7430.08	74300.84	371504.19	3293393.77	0.00	0.38	29.49	0.00	689.43	208.04	4.11
975	0.00	25.00	7430.08	74300.84	371504.19	3293393.77	0.00	0.38	29.49	0.00	24.41	49.00	0.08
976	0.00	26.00	7430.08	74300.84	371504.19	3293393.77	0.00	0.38	29.49	0.00	38.94	51.15	0.19
977	0.00	27.00	7430.08	74300.84	371504.19	3293393.77	0.00	0.38	29.49	0.00	85.05	63.24	0.48
978	0.00	28.00	7430.08	74300.84	371504.19	3293393.77	0.00	0.38	29.49	0.00	119.88	63.74	0.64
979	0.00	29.00	7430.08	74300.84	371504.19	3293393.77	0.00	0.38	29.49	0.00	135.42	64.79	0.72
980	0.00	30.00	7430.08	74300.84	371504.19	3293393.77	0.00	0.38	29.49	0.00	202.71	81.43	1.20
981	0.00	31.00	7430.08	74300.84	371504.19	3293393.77	0.00	0.38	29.49	0.00	239.61	84.51	1.42
982	0.00	32.00	7430.08	74300.84	371504.19	3293393.77	0.00	0.38	29.49	0.00	278.37	98.94	1.62
983	0.00	33.00	7430.08	74300.84	371504.19	3293393.77	0.00	0.38	29.49	0.00	315.59	110.44	1.88
984	0.00	34.00	7430.08	74300.84	371504.19	3293393.77	0.00	0.38	29.49	0.00	320.81	110.98	1.97
985	0.00	35.00	7430.08	74300.84	371504.19	3293393.77	0.00	0.38	29.49	0.00	363.80	125.74	2.17
986	0.00	36.00	7430.08	74300.84	371504.19	3293393.77	0.00	0.38	29.49	0.00	361.21	129.43	2.22
987	0.00	37.00	7430.08	74300.84	371504.19	3293393.77	0.00	0.38	29.49	0.00	391.31	129.96	2.38
988	0.00	38.00	7430.08	74300.84	371504.19	3293393.77	0.00	0.38	29.49	0.00	399.25	138.06	2.47
989	0.00	39.00	7430.08	74300.84	371504.19	3293393.77	0.00	0.38	29.49	0.00	405.48	136.29	2.49
990	0.00	40.00	7430.08	74300.84	371504.19	3293393.77	0.00	0.38	29.49	0.00	412.41	143.52	2.58
991	0.00	41.00	7430.08	74300.84	371504.19	3293393.77	0.00	0.38	29.49	0.00	418.06	146.59	2.59
992	0.00	42.00	7430.08	74300.84	371504.19	3293393.77	0.00	0.38	29.49	0.00	419.48	146.10	2.64
993	0.00	43.00	7430.08	74300.84	371504.19	3293393.77	0.00	0.38	29.49	0.00	463.36	156.99	2.88
994	0.00	44.00	7430.08	74300.84	371504.19	3293393.77	0.00	0.38	29.49	0.00	499.12	158.58	3.09
995	0.00	45.00	7430.08	74300.84	371504.19	3293393.77	0.00	0.38	29.49	0.00	509.27	161.25	3.20
996	0.00	46.00	7430.08	74300.84	371504.19	3293393.77	0.00	0.38	29.49	0.00	516.94	162.94	3.17
997	0.00	47.00	7430.08	74300.84	371504.19	3293393.77	0.00	0.38	29.49	0.00	534.71	169.53	3.26
998	0.00	48.00	7430.08	74300.84	371504.19	3293393.77	0.00	0.38	29.49	0.00	569.40	171.91	3.50
999	0.00	49.00	7430.08	74300.84	371504.19	3293393.77	0.00	0.38	29.49	0.00	599.71	180.35	3.63
1000	0.00	50.00	7430.08	74300.84	371504.19	3293393.77	0.00	0.38	29.49	0.00	639.17	186.13	3.84
