some parameters
Gen.	# feasible solutions	# infeasible solutions	cap. penality	dur. penality	num. penality	best penalized cost	best feasible cost	best cap. violation	best dur. violation	best num. violation	avg cap. violation	avg dur. violation	avg num. violation	Gap from BKS
1	2.00	49.00	850.00	12000.00	42500.00	696108.35	696108.35	0.00	0.00	0.00	0.00	21.79	0.00	0.45
2	2.00	50.00	850.00	12000.00	42500.00	696108.35	696108.35	0.00	0.00	0.00	0.00	21.81	0.00	0.45
3	2.00	51.00	850.00	12000.00	42500.00	696108.35	696108.35	0.00	0.00	0.00	0.00	21.68	0.00	0.45
4	2.00	52.00	850.00	12000.00	42500.00	696108.35	696108.35	0.00	0.00	0.00	0.00	21.49	0.00	0.45
5	2.00	53.00	850.00	12000.00	42500.00	696108.35	696108.35	0.00	0.00	0.00	0.00	21.52	0.00	0.45
6	2.00	54.00	850.00	12000.00	42500.00	696108.35	696108.35	0.00	0.00	0.00	0.00	21.28	0.00	0.45
7	2.00	55.00	850.00	12000.00	42500.00	696108.35	696108.35	0.00	0.00	0.00	0.00	21.11	0.00	0.45
8	2.00	56.00	850.00	12000.00	42500.00	696108.35	696108.35	0.00	0.00	0.00	0.00	21.10	0.00	0.45
9	2.00	57.00	850.00	12000.00	42500.00	696108.35	696108.35	0.00	0.00	0.00	0.00	20.88	0.00	0.45
10	2.00	58.00	850.00	12000.00	42500.00	696108.35	696108.35	0.00	0.00	0.00	0.00	20.58	0.00	0.45
11	2.00	59.00	850.00	12000.00	42500.00	696108.35	696108.35	0.00	0.00	0.00	0.00	20.49	0.00	0.45
12	2.00	60.00	850.00	12000.00	42500.00	696108.35	696108.35	0.00	0.00	0.00	0.00	20.46	0.00	0.45
13	3.00	60.00	850.00	12000.00	42500.00	676717.47	676717.47	0.00	0.00	0.00	0.00	20.13	0.00	0.41
14	3.00	61.00	850.00	12000.00	42500.00	676717.47	676717.47	0.00	0.00	0.00	0.00	20.14	0.00	0.41
15	3.00	62.00	850.00	12000.00	42500.00	676717.47	676717.47	0.00	0.00	0.00	0.00	20.10	0.00	0.41
16	4.00	62.00	850.00	12000.00	42500.00	676717.47	676717.47	0.00	0.00	0.00	0.00	19.79	0.00	0.41
17	5.00	62.00	850.00	12000.00	42500.00	676717.47	676717.47	0.00	0.00	0.00	0.00	19.50	0.00	0.41
18	5.00	63.00	850.00	12000.00	42500.00	676717.47	676717.47	0.00	0.00	0.00	0.00	19.46	0.00	0.41
19	5.00	64.00	850.00	12000.00	42500.00	676717.47	676717.47	0.00	0.00	0.00	0.00	19.30	0.00	0.41
20	5.00	65.00	850.00	12000.00	42500.00	676717.47	676717.47	0.00	0.00	0.00	0.00	19.22	0.00	0.41
21	5.00	66.00	850.00	12000.00	42500.00	676717.47	676717.47	0.00	0.00	0.00	0.00	19.42	0.00	0.41
22	5.00	67.00	850.00	12000.00	42500.00	676717.47	676717.47	0.00	0.00	0.00	0.00	19.31	0.00	0.41
23	5.00	68.00	850.00	12000.00	42500.00	676717.47	676717.47	0.00	0.00	0.00	0.00	19.20	0.00	0.41
24	6.00	68.00	850.00	12000.00	42500.00	676717.47	676717.47	0.00	0.00	0.00	0.00	18.94	0.00	0.41
25	6.00	69.00	850.00	12000.00	42500.00	676717.47	676717.47	0.00	0.00	0.00	0.00	18.87	0.00	0.41
26	6.00	70.00	850.00	12000.00	42500.00	676717.47	676717.47	0.00	0.00	0.00	0.00	18.70	0.00	0.41
27	6.00	71.00	850.00	12000.00	42500.00	676717.47	676717.47	0.00	0.00	0.00	0.00	18.57	0.00	0.41
28	6.00	72.00	850.00	12000.00	42500.00	676717.47	676717.47	0.00	0.00	0.00	0.00	18.51	0.00	0.41
29	6.00	73.00	850.00	12000.00	42500.00	676717.47	676717.47	0.00	0.00	0.00	0.00	18.60	0.00	0.41
30	6.00	74.00	850.00	12000.00	42500.00	676717.47	676717.47	0.00	0.00	0.00	0.00	18.83	0.00	0.41
31	6.00	25.00	850.00	12000.00	42500.00	676717.47	676717.47	0.00	0.00	0.00	0.00	11.91	0.00	0.41
32	6.00	26.00	850.00	12000.00	42500.00	676717.47	676717.47	0.00	0.00	0.00	0.00	11.87	0.00	0.41
33	7.00	26.00	850.00	12000.00	42500.00	676717.47	676717.47	0.00	0.00	0.00	0.00	11.52	0.00	0.41
34	7.00	27.00	850.00	12000.00	42500.00	676717.47	676717.47	0.00	0.00	0.00	0.00	11.62	0.00	0.41
35	7.00	28.00	850.00	12000.00	42500.00	676717.47	676717.47	0.00	0.00	0.00	0.00	11.60	0.00	0.41
36	7.00	29.00	850.00	12000.00	42500.00	676717.47	676717.47	0.00	0.00	0.00	0.00	11.44	0.00	0.41
37	7.00	30.00	850.00	12000.00	42500.00	676717.47	676717.47	0.00	0.00	0.00	0.00	11.72	0.00	0.41
38	7.00	31.00	850.00	12000.00	42500.00	676717.47	676717.47	0.00	0.00	0.00	0.00	11.62	0.00	0.41
39	7.00	32.00	850.00	12000.00	42500.00	676717.47	676717.47	0.00	0.00	0.00	0.00	11.91	0.00	0.41
40	7.00	33.00	850.00	12000.00	42500.00	676717.47	676717.47	0.00	0.00	0.00	0.00	11.90	0.00	0.41
41	7.00	34.00	850.00	12000.00	42500.00	676717.47	676717.47	0.00	0.00	0.00	0.00	11.89	0.00	0.41
42	7.00	35.00	850.00	12000.00	42500.00	676717.47	676717.47	0.00	0.00	0.00	0.00	12.04	0.00	0.41
43	7.00	36.00	850.00	12000.00	42500.00	676717.47	676717.47	0.00	0.00	0.00	0.00	11.93	0.00	0.41
44	7.00	37.00	850.00	12000.00	42500.00	676717.47	676717.47	0.00	0.00	0.00	0.00	11.71	0.00	0.41
45	7.00	38.00	850.00	12000.00	42500.00	676717.47	676717.47	0.00	0.00	0.00	0.00	11.66	0.00	0.41
46	7.00	39.00	850.00	12000.00	42500.00	676717.47	676717.47	0.00	0.00	0.00	0.00	11.65	0.00	0.41
47	7.00	40.00	850.00	12000.00	42500.00	676717.47	676717.47	0.00	0.00	0.00	0.00	11.46	0.00	0.41
48	7.00	41.00	850.00	12000.00	42500.00	676717.47	676717.47	0.00	0.00	0.00	0.00	11.54	0.00	0.41
49	7.00	42.00	850.00	12000.00	42500.00	676717.47	676717.47	0.00	0.00	0.00	0.00	11.36	0.00	0.41
50	7.00	43.00	850.00	12000.00	42500.00	654928.69	676717.47	0.00	2.83	0.00	0.00	11.19	0.00	0.41
51	7.00	44.00	850.00	12000.00	42500.00	654928.69	676717.47	0.00	2.83	0.00	0.00	11.13	0.00	0.41
52	7.00	45.00	850.00	12000.00	42500.00	654928.69	676717.47	0.00	2.83	0.00	0.00	11.51	0.00	0.41
53	7.00	46.00	850.00	12000.00	42500.00	654928.69	676717.47	0.00	2.83	0.00	0.00	11.43	0.00	0.41
54	7.00	47.00	850.00	12000.00	42500.00	654928.69	676717.47	0.00	2.83	0.00	0.00	11.39	0.00	0.41
55	7.00	48.00	850.00	12000.00	42500.00	654928.69	676717.47	0.00	2.83	0.00	0.00	11.54	0.00	0.41
56	7.00	49.00	850.00	12000.00	42500.00	654928.69	676717.47	0.00	2.83	0.00	0.00	11.53	0.00	0.41
57	8.00	49.00	850.00	12000.00	42500.00	654928.69	676717.47	0.00	2.83	0.00	0.00	11.33	0.00	0.41
58	9.00	49.00	850.00	12000.00	42500.00	654928.69	676717.47	0.00	2.83	0.00	0.00	11.13	0.00	0.41
59	9.00	50.00	850.00	12000.00	42500.00	654928.69	676717.47	0.00	2.83	0.00	0.00	11.09	0.00	0.41
60	10.00	50.00	850.00	12000.00	42500.00	654928.69	676717.47	0.00	2.83	0.00	0.00	10.90	0.00	0.41
61	11.00	50.00	850.00	12000.00	42500.00	654928.69	676717.47	0.00	2.83	0.00	0.00	10.72	0.00	0.41
62	11.00	51.00	850.00	12000.00	42500.00	654928.69	676717.47	0.00	2.83	0.00	0.00	10.87	0.00	0.41
63	11.00	52.00	850.00	12000.00	42500.00	654928.69	676717.47	0.00	2.83	0.00	0.00	10.83	0.00	0.41
64	11.00	53.00	850.00	12000.00	42500.00	654928.69	676717.47	0.00	2.83	0.00	0.00	11.02	0.00	0.41
65	11.00	54.00	850.00	12000.00	42500.00	654928.69	676717.47	0.00	2.83	0.00	0.00	11.06	0.00	0.41
66	11.00	55.00	850.00	12000.00	42500.00	654928.69	676717.47	0.00	2.83	0.00	0.00	11.17	0.00	0.41
67	11.00	56.00	850.00	12000.00	42500.00	654928.69	676717.47	0.00	2.83	0.00	0.00	11.10	0.00	0.41
68	12.00	56.00	850.00	12000.00	42500.00	654928.69	676717.47	0.00	2.83	0.00	0.00	10.94	0.00	0.41
69	12.00	57.00	850.00	12000.00	42500.00	654928.69	676717.47	0.00	2.83	0.00	0.00	10.94	0.00	0.41
70	12.00	58.00	850.00	12000.00	42500.00	654928.69	676717.47	0.00	2.83	0.00	0.00	10.92	0.00	0.41
71	12.00	59.00	850.00	12000.00	42500.00	654928.69	676717.47	0.00	2.83	0.00	0.00	11.08	0.00	0.41
72	12.00	60.00	850.00	12000.00	42500.00	654928.69	676717.47	0.00	2.83	0.00	0.00	11.20	0.00	0.41
73	12.00	61.00	850.00	12000.00	42500.00	654928.69	676717.47	0.00	2.83	0.00	0.00	11.19	0.00	0.41
74	12.00	62.00	850.00	12000.00	42500.00	654928.69	676717.47	0.00	2.83	0.00	0.00	11.13	0.00	0.41
75	12.00	63.00	850.00	12000.00	42500.00	654928.69	676717.47	0.00	2.83	0.00	0.00	11.19	0.00	0.41
76	12.00	64.00	850.00	12000.00	42500.00	654928.69	676717.47	0.00	2.83	0.00	0.00	11.37	0.00	0.41
77	12.00	65.00	850.00	12000.00	42500.00	654928.69	676717.47	0.00	2.83	0.00	0.00	11.94	0.00	0.41
78	12.00	66.00	850.00	12000.00	42500.00	654928.69	676717.47	0.00	2.83	0.00	0.00	12.05	0.00	0.41
79	12.00	67.00	850.00	12000.00	42500.00	654928.69	676717.47	0.00	2.83	0.00	0.00	12.11	0.00	0.41
80	12.00	68.00	850.00	12000.00	42500.00	654928.69	676717.47	0.00	2.83	0.00	0.00	12.19	0.00	0.41
81	12.00	69.00	850.00	12000.00	42500.00	654928.69	676717.47	0.00	2.83	0.00	0.00	12.29	0.00	0.41
82	12.00	70.00	850.00	12000.00	42500.00	654928.69	676717.47	0.00	2.83	0.00	0.00	12.22	0.00	0.41
83	12.00	71.00	850.00	12000.00	42500.00	654928.69	676717.47	0.00	2.83	0.00	0.00	12.32	0.00	0.41
84	12.00	72.00	850.00	12000.00	42500.00	654928.69	676717.47	0.00	2.83	0.00	0.00	12.27	0.00	0.41
85	12.00	73.00	850.00	12000.00	42500.00	654928.69	676717.47	0.00	2.83	0.00	0.00	12.21	0.00	0.41
86	12.00	74.00	850.00	12000.00	42500.00	654928.69	676717.47	0.00	2.83	0.00	0.00	12.20	0.00	0.41
87	12.00	25.00	850.00	12000.00	42500.00	654928.69	676717.47	0.00	2.83	0.00	0.00	7.54	0.00	0.41
88	13.00	25.00	850.00	12000.00	42500.00	654928.69	676717.47	0.00	2.83	0.00	0.00	7.34	0.00	0.41
89	13.00	26.00	850.00	12000.00	42500.00	654928.69	676717.47	0.00	2.83	0.00	0.00	7.33	0.00	0.41
90	13.00	27.00	850.00	12000.00	42500.00	654928.69	676717.47	0.00	2.83	0.00	0.00	7.22	0.00	0.41
91	13.00	28.00	850.00	12000.00	42500.00	654928.69	676717.47	0.00	2.83	0.00	0.00	7.53	0.00	0.41
92	13.00	29.00	850.00	12000.00	42500.00	654928.69	676717.47	0.00	2.83	0.00	0.00	7.75	0.00	0.41
93	13.00	30.00	850.00	12000.00	42500.00	654928.69	676717.47	0.00	2.83	0.00	0.00	7.82	0.00	0.41
94	13.00	31.00	850.00	12000.00	42500.00	654928.69	676717.47	0.00	2.83	0.00	0.00	8.59	0.00	0.41
95	13.00	32.00	850.00	12000.00	42500.00	654928.69	676717.47	0.00	2.83	0.00	0.00	8.64	0.00	0.41
96	13.00	33.00	850.00	12000.00	42500.00	654928.69	676717.47	0.00	2.83	0.00	0.00	8.78	0.00	0.41
97	14.00	33.00	850.00	12000.00	42500.00	654928.69	676717.47	0.00	2.83	0.00	0.00	8.60	0.00	0.41
98	14.00	34.00	850.00	12000.00	42500.00	654928.69	676717.47	0.00	2.83	0.00	0.00	8.86	0.00	0.41
99	14.00	35.00	850.00	12000.00	42500.00	654928.69	676717.47	0.00	2.83	0.00	0.00	9.08	0.00	0.41
100	15.00	35.00	850.00	12000.00	42500.00	654928.69	676717.47	0.00	2.83	0.00	0.00	8.90	0.00	0.41
101	15.00	36.00	722.50	14400.00	36125.00	661720.69	676717.47	0.00	2.83	0.00	0.00	9.12	0.00	0.41
102	15.00	37.00	722.50	14400.00	36125.00	661720.69	676717.47	0.00	2.83	0.00	0.00	9.10	0.00	0.41
103	15.00	38.00	722.50	14400.00	36125.00	661720.69	676717.47	0.00	2.83	0.00	0.00	9.24	0.00	0.41
104	15.00	39.00	722.50	14400.00	36125.00	661720.69	676717.47	0.00	2.83	0.00	0.00	9.65	0.00	0.41
105	15.00	40.00	722.50	14400.00	36125.00	661720.69	676717.47	0.00	2.83	0.00	0.00	9.68	0.00	0.41
106	16.00	40.00	722.50	14400.00	36125.00	661720.69	676717.47	0.00	2.83	0.00	0.00	9.51	0.00	0.41
107	16.00	41.00	722.50	14400.00	36125.00	661720.69	676717.47	0.00	2.83	0.00	0.00	9.53	0.00	0.41
108	16.00	42.00	722.50	14400.00	36125.00	661720.69	676717.47	0.00	2.83	0.00	0.00	9.40	0.00	0.41
109	16.00	43.00	722.50	14400.00	36125.00	661720.69	676717.47	0.00	2.83	0.00	0.00	9.29	0.00	0.41
110	16.00	44.00	722.50	14400.00	36125.00	661720.69	676717.47	0.00	2.83	0.00	0.00	9.42	0.00	0.41
111	16.00	45.00	722.50	14400.00	36125.00	661720.69	676717.47	0.00	2.83	0.00	0.00	9.38	0.00	0.41
112	16.00	46.00	722.50	14400.00	36125.00	661720.69	676717.47	0.00	2.83	0.00	0.00	9.36	0.00	0.41
113	16.00	47.00	722.50	14400.00	36125.00	661720.69	676717.47	0.00	2.83	0.00	0.00	9.72	0.00	0.41
114	16.00	48.00	722.50	14400.00	36125.00	661720.69	676717.47	0.00	2.83	0.00	0.00	9.80	0.00	0.41
115	16.00	49.00	722.50	14400.00	36125.00	661720.69	676717.47	0.00	2.83	0.00	0.00	9.93	0.00	0.41
116	16.00	50.00	722.50	14400.00	36125.00	661720.69	676717.47	0.00	2.83	0.00	0.00	10.12	0.00	0.41
117	16.00	51.00	722.50	14400.00	36125.00	661720.69	676717.47	0.00	2.83	0.00	0.00	10.09	0.00	0.41
118	17.00	51.00	722.50	14400.00	36125.00	661720.69	676717.47	0.00	2.83	0.00	0.00	9.95	0.00	0.41
119	17.00	52.00	722.50	14400.00	36125.00	661720.69	676717.47	0.00	2.83	0.00	0.00	10.15	0.00	0.41
120	18.00	52.00	722.50	14400.00	36125.00	661720.69	676717.47	0.00	2.83	0.00	0.00	10.00	0.00	0.41
121	18.00	53.00	722.50	14400.00	36125.00	661720.69	676717.47	0.00	2.83	0.00	0.00	10.24	0.00	0.41
122	18.00	54.00	722.50	14400.00	36125.00	661720.69	676717.47	0.00	2.83	0.00	0.00	10.21	0.00	0.41
123	18.00	55.00	722.50	14400.00	36125.00	661720.69	676717.47	0.00	2.83	0.00	0.00	10.18	0.00	0.41
124	18.00	56.00	722.50	14400.00	36125.00	661720.69	676717.47	0.00	2.83	0.00	0.00	10.07	0.00	0.41
125	18.00	57.00	722.50	14400.00	36125.00	661720.69	676717.47	0.00	2.83	0.00	0.00	10.26	0.00	0.41
126	18.00	58.00	722.50	14400.00	36125.00	661720.69	676717.47	0.00	2.83	0.00	0.00	10.16	0.00	0.41
127	18.00	59.00	722.50	14400.00	36125.00	661720.69	676717.47	0.00	2.83	0.00	0.00	10.27	0.00	0.41
128	18.00	60.00	722.50	14400.00	36125.00	661720.69	676717.47	0.00	2.83	0.00	0.00	10.24	0.00	0.41
129	18.00	61.00	722.50	14400.00	36125.00	661720.69	676717.47	0.00	2.83	0.00	0.00	10.22	0.00	0.41
130	18.00	62.00	722.50	14400.00	36125.00	661720.69	676717.47	0.00	2.83	0.00	0.00	10.23	0.00	0.41
131	18.00	63.00	722.50	14400.00	36125.00	661720.69	676717.47	0.00	2.83	0.00	0.00	11.07	0.00	0.41
132	19.00	63.00	722.50	14400.00	36125.00	661720.69	676717.47	0.00	2.83	0.00	0.00	10.94	0.00	0.41
133	19.00	64.00	722.50	14400.00	36125.00	661720.69	676717.47	0.00	2.83	0.00	0.00	10.94	0.00	0.41
134	20.00	64.00	722.50	14400.00	36125.00	661720.69	676717.47	0.00	2.83	0.00	0.00	10.81	0.00	0.41
135	20.00	65.00	722.50	14400.00	36125.00	661720.69	676717.47	0.00	2.83	0.00	0.00	10.78	0.00	0.41
136	20.00	66.00	722.50	14400.00	36125.00	661720.69	676717.47	0.00	2.83	0.00	0.00	10.85	0.00	0.41
137	21.00	66.00	722.50	14400.00	36125.00	661720.69	676717.47	0.00	2.83	0.00	0.00	10.72	0.00	0.41
138	21.00	67.00	722.50	14400.00	36125.00	661720.69	676717.47	0.00	2.83	0.00	0.00	10.97	0.00	0.41
139	22.00	67.00	722.50	14400.00	36125.00	661720.69	676717.47	0.00	2.83	0.00	0.00	10.85	0.00	0.41
140	22.00	68.00	722.50	14400.00	36125.00	661720.69	676717.47	0.00	2.83	0.00	0.00	11.17	0.00	0.41
141	22.00	69.00	722.50	14400.00	36125.00	661720.69	676717.47	0.00	2.83	0.00	0.00	11.20	0.00	0.41
142	22.00	70.00	722.50	14400.00	36125.00	661720.69	676717.47	0.00	2.83	0.00	0.00	11.36	0.00	0.41
143	22.00	71.00	722.50	14400.00	36125.00	661720.69	676717.47	0.00	2.83	0.00	0.00	11.36	0.00	0.41
144	22.00	72.00	722.50	14400.00	36125.00	661720.69	676717.47	0.00	2.83	0.00	0.00	11.39	0.00	0.41
145	22.00	73.00	722.50	14400.00	36125.00	661720.69	676717.47	0.00	2.83	0.00	0.00	11.58	0.00	0.41
146	22.00	74.00	722.50	14400.00	36125.00	661720.69	676717.47	0.00	2.83	0.00	0.00	11.49	0.00	0.41
147	22.00	25.00	722.50	14400.00	36125.00	661720.69	676717.47	0.00	2.83	0.00	0.00	4.37	0.00	0.41
148	22.00	26.00	722.50	14400.00	36125.00	661720.69	676717.47	0.00	2.83	0.00	0.00	4.56	0.00	0.41
149	22.00	27.00	722.50	14400.00	36125.00	661720.69	676717.47	0.00	2.83	0.00	0.00	4.80	0.00	0.41
150	22.00	28.00	722.50	14400.00	36125.00	661720.69	676717.47	0.00	2.83	0.00	0.00	4.94	0.00	0.41
151	22.00	29.00	722.50	14400.00	36125.00	661720.69	676717.47	0.00	2.83	0.00	0.00	5.43	0.00	0.41
152	23.00	29.00	722.50	14400.00	36125.00	645207.29	645207.29	0.00	0.00	0.00	0.00	5.32	0.00	0.34
153	23.00	30.00	722.50	14400.00	36125.00	645207.29	645207.29	0.00	0.00	0.00	0.00	5.36	0.00	0.34
154	23.00	31.00	722.50	14400.00	36125.00	645207.29	645207.29	0.00	0.00	0.00	0.00	6.37	0.00	0.34
155	23.00	32.00	722.50	14400.00	36125.00	645207.29	645207.29	0.00	0.00	0.00	0.00	6.29	0.00	0.34
156	23.00	33.00	722.50	14400.00	36125.00	645207.29	645207.29	0.00	0.00	0.00	0.00	6.23	0.00	0.34
157	23.00	34.00	722.50	14400.00	36125.00	645207.29	645207.29	0.00	0.00	0.00	0.00	6.60	0.00	0.34
158	23.00	35.00	722.50	14400.00	36125.00	645207.29	645207.29	0.00	0.00	0.00	0.00	6.73	0.00	0.34
159	23.00	36.00	722.50	14400.00	36125.00	645207.29	645207.29	0.00	0.00	0.00	0.00	7.27	0.00	0.34
160	24.00	36.00	722.50	14400.00	36125.00	645207.29	645207.29	0.00	0.00	0.00	0.00	7.15	0.00	0.34
161	25.00	36.00	722.50	14400.00	36125.00	645207.29	645207.29	0.00	0.00	0.00	0.00	7.03	0.00	0.34
162	25.00	37.00	722.50	14400.00	36125.00	645207.29	645207.29	0.00	0.00	0.00	0.00	7.16	0.00	0.34
163	25.00	38.00	722.50	14400.00	36125.00	645207.29	645207.29	0.00	0.00	0.00	0.00	7.10	0.00	0.34
164	25.00	39.00	722.50	14400.00	36125.00	645207.29	645207.29	0.00	0.00	0.00	0.00	7.12	0.00	0.34
165	26.00	39.00	722.50	14400.00	36125.00	645207.29	645207.29	0.00	0.00	0.00	0.00	7.01	0.00	0.34
166	26.00	40.00	722.50	14400.00	36125.00	645207.29	645207.29	0.00	0.00	0.00	0.00	9.30	0.00	0.34
167	26.00	41.00	722.50	14400.00	36125.00	645207.29	645207.29	0.00	0.00	0.00	0.00	9.20	0.00	0.34
168	27.00	41.00	722.50	14400.00	36125.00	645207.29	645207.29	0.00	0.00	0.00	0.00	9.07	0.00	0.34
169	27.00	42.00	722.50	14400.00	36125.00	645207.29	645207.29	0.00	0.00	0.00	0.00	9.15	0.00	0.34
170	27.00	43.00	722.50	14400.00	36125.00	645207.29	645207.29	0.00	0.00	0.00	0.00	9.23	0.00	0.34
171	27.00	44.00	722.50	14400.00	36125.00	645207.29	645207.29	0.00	0.00	0.00	0.00	9.35	0.00	0.34
172	27.00	45.00	722.50	14400.00	36125.00	645207.29	645207.29	0.00	0.00	0.00	0.00	9.84	0.00	0.34
173	27.00	46.00	722.50	14400.00	36125.00	645207.29	645207.29	0.00	0.00	0.00	0.00	9.97	0.00	0.34
174	28.00	46.00	722.50	14400.00	36125.00	645207.29	645207.29	0.00	0.00	0.00	0.00	9.84	0.00	0.34
175	28.00	47.00	722.50	14400.00	36125.00	645207.29	645207.29	0.00	0.00	0.00	0.00	9.90	0.00	0.34
176	28.00	48.00	722.50	14400.00	36125.00	645207.29	645207.29	0.00	0.00	0.00	0.00	9.80	0.00	0.34
177	29.00	48.00	722.50	14400.00	36125.00	645207.29	645207.29	0.00	0.00	0.00	0.00	9.68	0.00	0.34
178	29.00	49.00	722.50	14400.00	36125.00	645207.29	645207.29	0.00	0.00	0.00	0.00	10.03	0.00	0.34
179	29.00	50.00	722.50	14400.00	36125.00	645207.29	645207.29	0.00	0.00	0.00	0.00	10.72	0.00	0.34
180	29.00	51.00	722.50	14400.00	36125.00	645207.29	645207.29	0.00	0.00	0.00	0.00	11.19	0.00	0.34
181	29.00	52.00	722.50	14400.00	36125.00	645207.29	645207.29	0.00	0.00	0.00	0.00	11.08	0.00	0.34
182	30.00	52.00	722.50	14400.00	36125.00	645207.29	645207.29	0.00	0.00	0.00	0.00	10.95	0.00	0.34
183	30.00	53.00	722.50	14400.00	36125.00	645207.29	645207.29	0.00	0.00	0.00	0.00	11.16	0.00	0.34
184	30.00	54.00	722.50	14400.00	36125.00	645207.29	645207.29	0.00	0.00	0.00	0.00	11.07	0.00	0.34
185	30.00	55.00	722.50	14400.00	36125.00	645207.29	645207.29	0.00	0.00	0.00	0.00	11.17	0.00	0.34
186	30.00	56.00	722.50	14400.00	36125.00	645207.29	645207.29	0.00	0.00	0.00	0.00	11.28	0.00	0.34
187	30.00	57.00	722.50	14400.00	36125.00	645207.29	645207.29	0.00	0.00	0.00	0.00	11.27	0.00	0.34
188	30.00	58.00	722.50	14400.00	36125.00	645207.29	645207.29	0.00	0.00	0.00	0.00	11.18	0.00	0.34
189	30.00	59.00	722.50	14400.00	36125.00	645207.29	645207.29	0.00	0.00	0.00	0.00	11.21	0.00	0.34
190	30.00	60.00	722.50	14400.00	36125.00	645207.29	645207.29	0.00	0.00	0.00	0.00	11.13	0.00	0.34
191	30.00	61.00	722.50	14400.00	36125.00	645207.29	645207.29	0.00	0.00	0.00	0.00	11.04	0.00	0.34
192	30.00	62.00	722.50	14400.00	36125.00	645207.29	645207.29	0.00	0.00	0.00	0.00	11.12	0.00	0.34
193	31.00	62.00	722.50	14400.00	36125.00	645207.29	645207.29	0.00	0.00	0.00	0.00	11.00	0.00	0.34
194	31.00	63.00	722.50	14400.00	36125.00	645207.29	645207.29	0.00	0.00	0.00	0.00	11.04	0.00	0.34
195	31.00	64.00	722.50	14400.00	36125.00	645207.29	645207.29	0.00	0.00	0.00	0.00	10.98	0.00	0.34
196	31.00	65.00	722.50	14400.00	36125.00	645207.29	645207.29	0.00	0.00	0.00	0.00	10.98	0.00	0.34
197	31.00	66.00	722.50	14400.00	36125.00	645207.29	645207.29	0.00	0.00	0.00	0.00	10.92	0.00	0.34
198	31.00	67.00	722.50	14400.00	36125.00	645207.29	645207.29	0.00	0.00	0.00	0.00	11.01	0.00	0.34
199	32.00	67.00	722.50	14400.00	36125.00	645207.29	645207.29	0.00	0.00	0.00	0.00	10.90	0.00	0.34
200	33.00	67.00	722.50	14400.00	36125.00	645207.29	645207.29	0.00	0.00	0.00	0.00	10.79	0.00	0.34
201	33.00	68.00	614.12	17280.00	30706.25	645207.29	645207.29	0.00	0.00	0.00	0.00	10.76	0.00	0.34
202	33.00	69.00	614.12	17280.00	30706.25	645207.29	645207.29	0.00	0.00	0.00	0.00	10.80	0.00	0.34
203	33.00	70.00	614.12	17280.00	30706.25	645207.29	645207.29	0.00	0.00	0.00	0.00	11.22	0.00	0.34
204	33.00	71.00	614.12	17280.00	30706.25	645207.29	645207.29	0.00	0.00	0.00	0.00	11.16	0.00	0.34
205	33.00	72.00	614.12	17280.00	30706.25	645207.29	645207.29	0.00	0.00	0.00	0.00	11.18	0.00	0.34
206	33.00	73.00	614.12	17280.00	30706.25	645207.29	645207.29	0.00	0.00	0.00	0.00	11.30	0.00	0.34
207	34.00	73.00	614.12	17280.00	30706.25	645207.29	645207.29	0.00	0.00	0.00	0.00	11.20	0.00	0.34
208	34.00	74.00	614.12	17280.00	30706.25	645207.29	645207.29	0.00	0.00	0.00	0.00	11.34	0.00	0.34
209	34.00	25.00	614.12	17280.00	30706.25	645207.29	645207.29	0.00	0.00	0.00	0.00	3.12	0.00	0.34
210	34.00	26.00	614.12	17280.00	30706.25	645207.29	645207.29	0.00	0.00	0.00	0.00	3.31	0.00	0.34
211	34.00	27.00	614.12	17280.00	30706.25	645207.29	645207.29	0.00	0.00	0.00	0.00	3.30	0.00	0.34
212	34.00	28.00	614.12	17280.00	30706.25	645207.29	645207.29	0.00	0.00	0.00	0.00	3.48	0.00	0.34
213	34.00	29.00	614.12	17280.00	30706.25	645207.29	645207.29	0.00	0.00	0.00	0.00	3.57	0.00	0.34
214	34.00	30.00	614.12	17280.00	30706.25	645207.29	645207.29	0.00	0.00	0.00	0.00	3.78	0.00	0.34
215	34.00	31.00	614.12	17280.00	30706.25	645207.29	645207.29	0.00	0.00	0.00	0.00	3.77	0.00	0.34
216	35.00	31.00	614.12	17280.00	30706.25	645207.29	645207.29	0.00	0.00	0.00	0.00	3.71	0.00	0.34
217	35.00	32.00	614.12	17280.00	30706.25	645207.29	645207.29	0.00	0.00	0.00	0.00	4.08	0.00	0.34
218	35.00	33.00	614.12	17280.00	30706.25	645207.29	645207.29	0.00	0.00	0.00	0.00	4.27	0.00	0.34
219	36.00	33.00	614.12	17280.00	30706.25	645207.29	645207.29	0.00	0.00	0.00	0.00	4.21	0.00	0.34
220	36.00	34.00	614.12	17280.00	30706.25	645207.29	645207.29	0.00	0.00	0.00	0.00	4.40	0.00	0.34
221	37.00	34.00	614.12	17280.00	30706.25	645207.29	645207.29	0.00	0.00	0.00	0.00	4.34	0.00	0.34
222	38.00	34.00	614.12	17280.00	30706.25	645207.29	645207.29	0.00	0.00	0.00	0.00	4.28	0.00	0.34
223	39.00	34.00	614.12	17280.00	30706.25	645207.29	645207.29	0.00	0.00	0.00	0.00	4.22	0.00	0.34
224	39.00	35.00	614.12	17280.00	30706.25	645207.29	645207.29	0.00	0.00	0.00	0.00	4.20	0.00	0.34
225	39.00	36.00	614.12	17280.00	30706.25	645207.29	645207.29	0.00	0.00	0.00	0.00	4.18	0.00	0.34
226	39.00	37.00	614.12	17280.00	30706.25	645207.29	645207.29	0.00	0.00	0.00	0.00	4.51	0.00	0.34
227	39.00	38.00	614.12	17280.00	30706.25	645207.29	645207.29	0.00	0.00	0.00	0.00	4.54	0.00	0.34
228	40.00	38.00	614.12	17280.00	30706.25	645207.29	645207.29	0.00	0.00	0.00	0.00	4.48	0.00	0.34
229	40.00	39.00	614.12	17280.00	30706.25	645207.29	645207.29	0.00	0.00	0.00	0.00	4.94	0.00	0.34
230	41.00	39.00	614.12	17280.00	30706.25	645207.29	645207.29	0.00	0.00	0.00	0.00	4.88	0.00	0.34
231	42.00	39.00	614.12	17280.00	30706.25	645207.29	645207.29	0.00	0.00	0.00	0.00	4.82	0.00	0.34
232	42.00	40.00	614.12	17280.00	30706.25	645207.29	645207.29	0.00	0.00	0.00	0.00	5.01	0.00	0.34
233	42.00	41.00	614.12	17280.00	30706.25	645207.29	645207.29	0.00	0.00	0.00	0.00	5.39	0.00	0.34
234	43.00	41.00	614.12	17280.00	30706.25	645207.29	645207.29	0.00	0.00	0.00	0.00	5.33	0.00	0.34
235	43.00	42.00	614.12	17280.00	30706.25	645207.29	645207.29	0.00	0.00	0.00	0.00	5.30	0.00	0.34
236	43.00	43.00	614.12	17280.00	30706.25	645207.29	645207.29	0.00	0.00	0.00	0.00	5.27	0.00	0.34
237	44.00	43.00	614.12	17280.00	30706.25	645207.29	645207.29	0.00	0.00	0.00	0.00	5.21	0.00	0.34
238	44.00	44.00	614.12	17280.00	30706.25	645207.29	645207.29	0.00	0.00	0.00	0.00	5.26	0.00	0.34
239	44.00	45.00	614.12	17280.00	30706.25	645207.29	645207.29	0.00	0.00	0.00	0.00	5.42	0.00	0.34
240	44.00	46.00	614.12	17280.00	30706.25	645207.29	645207.29	0.00	0.00	0.00	0.00	5.45	0.00	0.34
241	44.00	47.00	614.12	17280.00	30706.25	645207.29	645207.29	0.00	0.00	0.00	0.00	5.57	0.00	0.34
242	44.00	48.00	614.12	17280.00	30706.25	645207.29	645207.29	0.00	0.00	0.00	0.00	5.66	0.00	0.34
243	44.00	49.00	614.12	17280.00	30706.25	645207.29	645207.29	0.00	0.00	0.00	0.00	5.63	0.00	0.34
244	44.00	50.00	614.12	17280.00	30706.25	645207.29	645207.29	0.00	0.00	0.00	0.00	5.65	0.00	0.34
245	45.00	50.00	614.12	17280.00	30706.25	645207.29	645207.29	0.00	0.00	0.00	0.00	5.59	0.00	0.34
246	45.00	51.00	614.12	17280.00	30706.25	645207.29	645207.29	0.00	0.00	0.00	0.00	5.57	0.00	0.34
247	46.00	51.00	614.12	17280.00	30706.25	645207.29	645207.29	0.00	0.00	0.00	0.00	5.51	0.00	0.34
248	46.00	52.00	614.12	17280.00	30706.25	645207.29	645207.29	0.00	0.00	0.00	0.00	5.61	0.00	0.34
249	46.00	53.00	614.12	17280.00	30706.25	645207.29	645207.29	0.00	0.00	0.00	0.00	5.74	0.00	0.34
250	46.00	54.00	614.12	17280.00	30706.25	645207.29	645207.29	0.00	0.00	0.00	0.00	5.77	0.00	0.34
251	46.00	55.00	614.12	17280.00	30706.25	645207.29	645207.29	0.00	0.00	0.00	0.00	6.23	0.00	0.34
252	47.00	55.00	614.12	17280.00	30706.25	645207.29	645207.29	0.00	0.00	0.00	0.00	6.17	0.00	0.34
253	48.00	55.00	614.12	17280.00	30706.25	645207.29	645207.29	0.00	0.00	0.00	0.00	6.11	0.00	0.34
254	49.00	55.00	614.12	17280.00	30706.25	645207.29	645207.29	0.00	0.00	0.00	0.00	6.05	0.00	0.34
255	49.00	56.00	614.12	17280.00	30706.25	645207.29	645207.29	0.00	0.00	0.00	0.00	6.16	0.00	0.34
256	50.00	56.00	614.12	17280.00	30706.25	645207.29	645207.29	0.00	0.00	0.00	0.00	6.10	0.00	0.34
257	50.00	57.00	614.12	17280.00	30706.25	645207.29	645207.29	0.00	0.00	0.00	0.00	6.17	0.00	0.34
258	50.00	58.00	614.12	17280.00	30706.25	645207.29	645207.29	0.00	0.00	0.00	0.00	6.85	0.00	0.34
259	51.00	58.00	614.12	17280.00	30706.25	645207.29	645207.29	0.00	0.00	0.00	0.00	6.78	0.00	0.34
260	51.00	59.00	614.12	17280.00	30706.25	645207.29	645207.29	0.00	0.00	0.00	0.00	6.80	0.00	0.34
261	51.00	60.00	614.12	17280.00	30706.25	645207.29	645207.29	0.00	0.00	0.00	0.00	6.97	0.00	0.34
262	52.00	60.00	614.12	17280.00	30706.25	645207.29	645207.29	0.00	0.00	0.00	0.00	6.91	0.00	0.34
263	52.00	61.00	614.12	17280.00	30706.25	645207.29	645207.29	0.00	0.00	0.00	0.00	6.99	0.00	0.34
264	52.00	62.00	614.12	17280.00	30706.25	645207.29	645207.29	0.00	0.00	0.00	0.00	7.07	0.00	0.34
265	53.00	62.00	614.12	17280.00	30706.25	645207.29	645207.29	0.00	0.00	0.00	0.00	7.01	0.00	0.34
266	54.00	62.00	614.12	17280.00	30706.25	645207.29	645207.29	0.00	0.00	0.00	0.00	6.95	0.00	0.34
267	54.00	63.00	614.12	17280.00	30706.25	645207.29	645207.29	0.00	0.00	0.00	0.00	7.09	0.00	0.34
268	54.00	64.00	614.12	17280.00	30706.25	645207.29	645207.29	0.00	0.00	0.00	0.00	7.14	0.00	0.34
269	54.00	65.00	614.12	17280.00	30706.25	645207.29	645207.29	0.00	0.00	0.00	0.00	7.25	0.00	0.34
270	55.00	65.00	614.12	17280.00	30706.25	645207.29	645207.29	0.00	0.00	0.00	0.00	7.19	0.00	0.34
271	56.00	65.00	614.12	17280.00	30706.25	645207.29	645207.29	0.00	0.00	0.00	0.00	7.13	0.00	0.34
272	56.00	66.00	614.12	17280.00	30706.25	645207.29	645207.29	0.00	0.00	0.00	0.00	7.09	0.00	0.34
273	56.00	67.00	614.12	17280.00	30706.25	645207.29	645207.29	0.00	0.00	0.00	0.00	7.06	0.00	0.34
274	56.00	68.00	614.12	17280.00	30706.25	645207.29	645207.29	0.00	0.00	0.00	0.00	7.10	0.00	0.34
275	57.00	68.00	614.12	17280.00	30706.25	645207.29	645207.29	0.00	0.00	0.00	0.00	7.04	0.00	0.34
276	57.00	69.00	614.12	17280.00	30706.25	645207.29	645207.29	0.00	0.00	0.00	0.00	7.01	0.00	0.34
277	57.00	70.00	614.12	17280.00	30706.25	645207.29	645207.29	0.00	0.00	0.00	0.00	7.27	0.00	0.34
278	58.00	70.00	614.12	17280.00	30706.25	645207.29	645207.29	0.00	0.00	0.00	0.00	7.22	0.00	0.34
279	58.00	71.00	614.12	17280.00	30706.25	645207.29	645207.29	0.00	0.00	0.00	0.00	7.34	0.00	0.34
280	58.00	72.00	614.12	17280.00	30706.25	645207.29	645207.29	0.00	0.00	0.00	0.00	7.30	0.00	0.34
281	59.00	72.00	614.12	17280.00	30706.25	645207.29	645207.29	0.00	0.00	0.00	0.00	7.25	0.00	0.34
282	59.00	73.00	614.12	17280.00	30706.25	645207.29	645207.29	0.00	0.00	0.00	0.00	7.31	0.00	0.34
283	59.00	74.00	614.12	17280.00	30706.25	645207.29	645207.29	0.00	0.00	0.00	0.00	7.27	0.00	0.34
284	59.00	25.00	614.12	17280.00	30706.25	645207.29	645207.29	0.00	0.00	0.00	0.00	1.87	0.00	0.34
285	59.00	26.00	614.12	17280.00	30706.25	645207.29	645207.29	0.00	0.00	0.00	0.00	1.88	0.00	0.34
286	59.00	27.00	614.12	17280.00	30706.25	645207.29	645207.29	0.00	0.00	0.00	0.00	1.98	0.00	0.34
287	60.00	27.00	614.12	17280.00	30706.25	645207.29	645207.29	0.00	0.00	0.00	0.00	1.95	0.00	0.34
288	61.00	27.00	614.12	17280.00	30706.25	645207.29	645207.29	0.00	0.00	0.00	0.00	1.93	0.00	0.34
289	62.00	27.00	614.12	17280.00	30706.25	645207.29	645207.29	0.00	0.00	0.00	0.00	1.91	0.00	0.34
290	62.00	28.00	614.12	17280.00	30706.25	645207.29	645207.29	0.00	0.00	0.00	0.00	1.97	0.00	0.34
291	62.00	29.00	614.12	17280.00	30706.25	645207.29	645207.29	0.00	0.00	0.00	0.00	2.14	0.00	0.34
292	62.00	30.00	614.12	17280.00	30706.25	645207.29	645207.29	0.00	0.00	0.00	0.00	2.15	0.00	0.34
293	62.00	31.00	614.12	17280.00	30706.25	645207.29	645207.29	0.00	0.00	0.00	0.00	2.16	0.00	0.34
294	62.00	32.00	614.12	17280.00	30706.25	645207.29	645207.29	0.00	0.00	0.00	0.00	2.37	0.00	0.34
295	62.00	33.00	614.12	17280.00	30706.25	645207.29	645207.29	0.00	0.00	0.00	0.00	2.42	0.00	0.34
296	63.00	33.00	614.12	17280.00	30706.25	645207.29	645207.29	0.00	0.00	0.00	0.00	2.39	0.00	0.34
297	63.00	34.00	614.12	17280.00	30706.25	645207.29	645207.29	0.00	0.00	0.00	0.00	3.21	0.00	0.34
298	63.00	35.00	614.12	17280.00	30706.25	645207.29	645207.29	0.00	0.00	0.00	0.00	3.35	0.00	0.34
299	63.00	36.00	614.12	17280.00	30706.25	645207.29	645207.29	0.00	0.00	0.00	0.00	3.52	0.00	0.34
300	63.00	37.00	614.12	17280.00	30706.25	645207.29	645207.29	0.00	0.00	0.00	0.00	3.66	0.00	0.34
301	63.00	38.00	522.01	20736.00	26100.31	645207.29	645207.29	0.00	0.00	0.00	0.00	3.82	0.00	0.34
302	63.00	39.00	522.01	20736.00	26100.31	645207.29	645207.29	0.00	0.00	0.00	0.00	3.95	0.00	0.34
303	64.00	39.00	522.01	20736.00	26100.31	645207.29	645207.29	0.00	0.00	0.00	0.00	3.92	0.00	0.34
304	64.00	40.00	522.01	20736.00	26100.31	645207.29	645207.29	0.00	0.00	0.00	0.00	3.99	0.00	0.34
305	64.00	41.00	522.01	20736.00	26100.31	645207.29	645207.29	0.00	0.00	0.00	0.00	4.03	0.00	0.34
306	65.00	41.00	522.01	20736.00	26100.31	645207.29	645207.29	0.00	0.00	0.00	0.00	3.99	0.00	0.34
307	66.00	41.00	522.01	20736.00	26100.31	645207.29	645207.29	0.00	0.00	0.00	0.00	3.95	0.00	0.34
308	67.00	41.00	522.01	20736.00	26100.31	645207.29	645207.29	0.00	0.00	0.00	0.00	3.91	0.00	0.34
309	68.00	41.00	522.01	20736.00	26100.31	645207.29	645207.29	0.00	0.00	0.00	0.00	3.88	0.00	0.34
310	68.00	42.00	522.01	20736.00	26100.31	645207.29	645207.29	0.00	0.00	0.00	0.00	4.16	0.00	0.34
311	68.00	43.00	522.01	20736.00	26100.31	645207.29	645207.29	0.00	0.00	0.00	0.00	4.18	0.00	0.34
312	69.00	43.00	522.01	20736.00	26100.31	645207.29	645207.29	0.00	0.00	0.00	0.00	4.15	0.00	0.34
313	70.00	43.00	522.01	20736.00	26100.31	645207.29	645207.29	0.00	0.00	0.00	0.00	4.11	0.00	0.34
314	71.00	43.00	522.01	20736.00	26100.31	645207.29	645207.29	0.00	0.00	0.00	0.00	4.07	0.00	0.34
315	71.00	44.00	522.01	20736.00	26100.31	645207.29	645207.29	0.00	0.00	0.00	0.00	4.68	0.00	0.34
316	71.00	45.00	522.01	20736.00	26100.31	645207.29	645207.29	0.00	0.00	0.00	0.00	4.74	0.00	0.34
317	72.00	45.00	522.01	20736.00	26100.31	645207.29	645207.29	0.00	0.00	0.00	0.00	4.70	0.00	0.34
318	72.00	46.00	522.01	20736.00	26100.31	645207.29	645207.29	0.00	0.00	0.00	0.00	4.75	0.00	0.34
319	72.00	47.00	522.01	20736.00	26100.31	645207.29	645207.29	0.00	0.00	0.00	0.00	4.79	0.00	0.34
320	73.00	47.00	522.01	20736.00	26100.31	645207.29	645207.29	0.00	0.00	0.00	0.00	4.75	0.00	0.34
321	73.00	48.00	522.01	20736.00	26100.31	645207.29	645207.29	0.00	0.00	0.00	0.00	4.78	0.00	0.34
322	73.00	49.00	522.01	20736.00	26100.31	645207.29	645207.29	0.00	0.00	0.00	0.00	4.85	0.00	0.34
323	73.00	50.00	522.01	20736.00	26100.31	645207.29	645207.29	0.00	0.00	0.00	0.00	4.97	0.00	0.34
324	73.00	51.00	522.01	20736.00	26100.31	645207.29	645207.29	0.00	0.00	0.00	0.00	4.95	0.00	0.34
325	73.00	52.00	522.01	20736.00	26100.31	645207.29	645207.29	0.00	0.00	0.00	0.00	5.01	0.00	0.34
326	74.00	52.00	522.01	20736.00	26100.31	645207.29	645207.29	0.00	0.00	0.00	0.00	4.97	0.00	0.34
327	25.00	52.00	522.01	20736.00	26100.31	645207.29	645207.29	0.00	0.00	0.00	0.00	8.13	0.00	0.34
328	26.00	52.00	522.01	20736.00	26100.31	577339.21	577339.21	0.00	0.00	0.00	0.00	8.03	0.00	0.20
329	26.00	53.00	522.01	20736.00	26100.31	577339.21	577339.21	0.00	0.00	0.00	0.00	8.33	0.00	0.20
330	26.00	54.00	522.01	20736.00	26100.31	577339.21	577339.21	0.00	0.00	0.00	0.00	8.26	0.00	0.20
331	26.00	55.00	522.01	20736.00	26100.31	577339.21	577339.21	0.00	0.00	0.00	0.00	8.33	0.00	0.20
332	27.00	55.00	522.01	20736.00	26100.31	577339.21	577339.21	0.00	0.00	0.00	0.00	8.23	0.00	0.20
333	28.00	55.00	522.01	20736.00	26100.31	577339.21	577339.21	0.00	0.00	0.00	0.00	8.13	0.00	0.20
334	29.00	55.00	522.01	20736.00	26100.31	577339.21	577339.21	0.00	0.00	0.00	0.00	8.03	0.00	0.20
335	30.00	55.00	522.01	20736.00	26100.31	577339.21	577339.21	0.00	0.00	0.00	0.00	7.94	0.00	0.20
336	30.00	56.00	522.01	20736.00	26100.31	577339.21	577339.21	0.00	0.00	0.00	0.00	8.18	0.00	0.20
337	30.00	57.00	522.01	20736.00	26100.31	577339.21	577339.21	0.00	0.00	0.00	0.00	8.18	0.00	0.20
338	30.00	58.00	522.01	20736.00	26100.31	577339.21	577339.21	0.00	0.00	0.00	0.00	8.29	0.00	0.20
339	30.00	59.00	522.01	20736.00	26100.31	577339.21	577339.21	0.00	0.00	0.00	0.00	8.23	0.00	0.20
340	30.00	60.00	522.01	20736.00	26100.31	577339.21	577339.21	0.00	0.00	0.00	0.00	8.17	0.00	0.20
341	31.00	60.00	522.01	20736.00	26100.31	577339.21	577339.21	0.00	0.00	0.00	0.00	8.08	0.00	0.20
342	31.00	61.00	522.01	20736.00	26100.31	577339.21	577339.21	0.00	0.00	0.00	0.00	8.14	0.00	0.20
343	32.00	61.00	522.01	20736.00	26100.31	577339.21	577339.21	0.00	0.00	0.00	0.00	8.05	0.00	0.20
344	32.00	62.00	522.01	20736.00	26100.31	577339.21	577339.21	0.00	0.00	0.00	0.00	8.04	0.00	0.20
345	32.00	63.00	522.01	20736.00	26100.31	577339.21	577339.21	0.00	0.00	0.00	0.00	8.34	0.00	0.20
346	32.00	64.00	522.01	20736.00	26100.31	577339.21	577339.21	0.00	0.00	0.00	0.00	9.26	0.00	0.20
347	32.00	65.00	522.01	20736.00	26100.31	577339.21	577339.21	0.00	0.00	0.00	0.00	9.77	0.00	0.20
348	33.00	65.00	522.01	20736.00	26100.31	577339.21	577339.21	0.00	0.00	0.00	0.00	9.67	0.00	0.20
349	33.00	66.00	522.01	20736.00	26100.31	577339.21	577339.21	0.00	0.00	0.00	0.00	9.74	0.00	0.20
350	34.00	66.00	522.01	20736.00	26100.31	577339.21	577339.21	0.00	0.00	0.00	0.00	9.65	0.00	0.20
351	34.00	67.00	522.01	20736.00	26100.31	577339.21	577339.21	0.00	0.00	0.00	0.00	9.76	0.00	0.20
352	35.00	67.00	522.01	20736.00	26100.31	577339.21	577339.21	0.00	0.00	0.00	0.00	9.67	0.00	0.20
353	36.00	67.00	522.01	20736.00	26100.31	577339.21	577339.21	0.00	0.00	0.00	0.00	9.57	0.00	0.20
354	36.00	68.00	522.01	20736.00	26100.31	577339.21	577339.21	0.00	0.00	0.00	0.00	9.51	0.00	0.20
355	36.00	69.00	522.01	20736.00	26100.31	577339.21	577339.21	0.00	0.00	0.00	0.00	9.45	0.00	0.20
356	36.00	70.00	522.01	20736.00	26100.31	577339.21	577339.21	0.00	0.00	0.00	0.00	9.56	0.00	0.20
357	37.00	70.00	522.01	20736.00	26100.31	577339.21	577339.21	0.00	0.00	0.00	0.00	9.47	0.00	0.20
358	38.00	70.00	522.01	20736.00	26100.31	577339.21	577339.21	0.00	0.00	0.00	0.00	9.38	0.00	0.20
359	38.00	71.00	522.01	20736.00	26100.31	577339.21	577339.21	0.00	0.00	0.00	0.00	9.48	0.00	0.20
360	38.00	72.00	522.01	20736.00	26100.31	577339.21	577339.21	0.00	0.00	0.00	0.00	9.48	0.00	0.20
361	39.00	72.00	522.01	20736.00	26100.31	577339.21	577339.21	0.00	0.00	0.00	0.00	9.39	0.00	0.20
362	40.00	72.00	522.01	20736.00	26100.31	577339.21	577339.21	0.00	0.00	0.00	0.00	9.31	0.00	0.20
363	40.00	73.00	522.01	20736.00	26100.31	577339.21	577339.21	0.00	0.00	0.00	0.00	9.42	0.00	0.20
364	40.00	74.00	522.01	20736.00	26100.31	577339.21	577339.21	0.00	0.00	0.00	0.00	9.40	0.00	0.20
365	40.00	25.00	522.01	20736.00	26100.31	577339.21	577339.21	0.00	0.00	0.00	0.00	4.11	0.00	0.20
366	41.00	25.00	522.01	20736.00	26100.31	577339.21	577339.21	0.00	0.00	0.00	0.00	4.05	0.00	0.20
367	41.00	26.00	522.01	20736.00	26100.31	577339.21	577339.21	0.00	0.00	0.00	0.00	4.40	0.00	0.20
368	42.00	26.00	522.01	20736.00	26100.31	577339.21	577339.21	0.00	0.00	0.00	0.00	4.34	0.00	0.20
369	43.00	26.00	522.01	20736.00	26100.31	577339.21	577339.21	0.00	0.00	0.00	0.00	4.27	0.00	0.20
370	44.00	26.00	522.01	20736.00	26100.31	577339.21	577339.21	0.00	0.00	0.00	0.00	4.21	0.00	0.20
371	44.00	27.00	522.01	20736.00	26100.31	577339.21	577339.21	0.00	0.00	0.00	0.00	4.19	0.00	0.20
372	45.00	27.00	522.01	20736.00	26100.31	577339.21	577339.21	0.00	0.00	0.00	0.00	4.13	0.00	0.20
373	45.00	28.00	522.01	20736.00	26100.31	577339.21	577339.21	0.00	0.00	0.00	0.00	4.12	0.00	0.20
374	46.00	28.00	522.01	20736.00	26100.31	538557.45	538557.45	0.00	0.00	0.00	0.00	4.06	0.00	0.12
375	47.00	28.00	522.01	20736.00	26100.31	538557.45	538557.45	0.00	0.00	0.00	0.00	4.01	0.00	0.12
376	48.00	28.00	522.01	20736.00	26100.31	538557.45	538557.45	0.00	0.00	0.00	0.00	3.95	0.00	0.12
377	48.00	29.00	522.01	20736.00	26100.31	538557.45	538557.45	0.00	0.00	0.00	0.00	3.94	0.00	0.12
378	49.00	29.00	522.01	20736.00	26100.31	538557.45	538557.45	0.00	0.00	0.00	0.00	3.89	0.00	0.12
379	50.00	29.00	522.01	20736.00	26100.31	538557.45	538557.45	0.00	0.00	0.00	0.00	3.84	0.00	0.12
380	50.00	30.00	522.01	20736.00	26100.31	538557.45	538557.45	0.00	0.00	0.00	0.00	3.91	0.00	0.12
381	51.00	30.00	522.01	20736.00	26100.31	538557.45	538557.45	0.00	0.00	0.00	0.00	3.86	0.00	0.12
382	52.00	30.00	522.01	20736.00	26100.31	538557.45	538557.45	0.00	0.00	0.00	0.00	3.81	0.00	0.12
383	52.00	31.00	522.01	20736.00	26100.31	538557.45	538557.45	0.00	0.00	0.00	0.00	3.93	0.00	0.12
384	53.00	31.00	522.01	20736.00	26100.31	538557.45	538557.45	0.00	0.00	0.00	0.00	3.88	0.00	0.12
385	54.00	31.00	522.01	20736.00	26100.31	538557.45	538557.45	0.00	0.00	0.00	0.00	3.84	0.00	0.12
386	54.00	32.00	522.01	20736.00	26100.31	538557.45	538557.45	0.00	0.00	0.00	0.00	3.88	0.00	0.12
387	55.00	32.00	522.01	20736.00	26100.31	538557.45	538557.45	0.00	0.00	0.00	0.00	3.83	0.00	0.12
388	56.00	32.00	522.01	20736.00	26100.31	538557.45	538557.45	0.00	0.00	0.00	0.00	3.79	0.00	0.12
389	56.00	33.00	522.01	20736.00	26100.31	538557.45	538557.45	0.00	0.00	0.00	0.00	4.07	0.00	0.12
390	56.00	34.00	522.01	20736.00	26100.31	538557.45	538557.45	0.00	0.00	0.00	0.00	4.06	0.00	0.12
391	57.00	34.00	522.01	20736.00	26100.31	538557.45	538557.45	0.00	0.00	0.00	0.00	4.01	0.00	0.12
392	58.00	34.00	522.01	20736.00	26100.31	538557.45	538557.45	0.00	0.00	0.00	0.00	3.97	0.00	0.12
393	59.00	34.00	522.01	20736.00	26100.31	538557.45	538557.45	0.00	0.00	0.00	0.00	3.93	0.00	0.12
394	59.00	35.00	522.01	20736.00	26100.31	538557.45	538557.45	0.00	0.00	0.00	0.00	4.12	0.00	0.12
395	59.00	36.00	522.01	20736.00	26100.31	538557.45	538557.45	0.00	0.00	0.00	0.00	4.15	0.00	0.12
396	60.00	36.00	522.01	20736.00	26100.31	538557.45	538557.45	0.00	0.00	0.00	0.00	4.11	0.00	0.12
397	60.00	37.00	522.01	20736.00	26100.31	538557.45	538557.45	0.00	0.00	0.00	0.00	4.15	0.00	0.12
398	60.00	38.00	522.01	20736.00	26100.31	538557.45	538557.45	0.00	0.00	0.00	0.00	4.20	0.00	0.12
399	60.00	39.00	522.01	20736.00	26100.31	538557.45	538557.45	0.00	0.00	0.00	0.00	4.26	0.00	0.12
400	61.00	39.00	522.01	20736.00	26100.31	538557.45	538557.45	0.00	0.00	0.00	0.00	4.21	0.00	0.12
401	62.00	39.00	443.71	24883.20	22185.27	538557.45	538557.45	0.00	0.00	0.00	0.00	4.17	0.00	0.12
402	62.00	40.00	443.71	24883.20	22185.27	538557.45	538557.45	0.00	0.00	0.00	0.00	4.16	0.00	0.12
403	63.00	40.00	443.71	24883.20	22185.27	538557.45	538557.45	0.00	0.00	0.00	0.00	4.12	0.00	0.12
404	64.00	40.00	443.71	24883.20	22185.27	538557.45	538557.45	0.00	0.00	0.00	0.00	4.08	0.00	0.12
405	64.00	41.00	443.71	24883.20	22185.27	538557.45	538557.45	0.00	0.00	0.00	0.00	4.31	0.00	0.12
406	65.00	41.00	443.71	24883.20	22185.27	538557.45	538557.45	0.00	0.00	0.00	0.00	4.27	0.00	0.12
407	65.00	42.00	443.71	24883.20	22185.27	538557.45	538557.45	0.00	0.00	0.00	0.00	4.34	0.00	0.12
408	65.00	43.00	443.71	24883.20	22185.27	538557.45	538557.45	0.00	0.00	0.00	0.00	4.39	0.00	0.12
409	65.00	44.00	443.71	24883.20	22185.27	538557.45	538557.45	0.00	0.00	0.00	0.00	4.37	0.00	0.12
410	66.00	44.00	443.71	24883.20	22185.27	538557.45	538557.45	0.00	0.00	0.00	0.00	4.33	0.00	0.12
411	67.00	44.00	443.71	24883.20	22185.27	538557.45	538557.45	0.00	0.00	0.00	0.00	4.29	0.00	0.12
412	68.00	44.00	443.71	24883.20	22185.27	538557.45	538557.45	0.00	0.00	0.00	0.00	4.25	0.00	0.12
413	69.00	44.00	443.71	24883.20	22185.27	538557.45	538557.45	0.00	0.00	0.00	0.00	4.21	0.00	0.12
414	69.00	45.00	443.71	24883.20	22185.27	538557.45	538557.45	0.00	0.00	0.00	0.00	4.27	0.00	0.12
415	70.00	45.00	443.71	24883.20	22185.27	538557.45	538557.45	0.00	0.00	0.00	0.00	4.24	0.00	0.12
416	71.00	45.00	443.71	24883.20	22185.27	538557.45	538557.45	0.00	0.00	0.00	0.00	4.20	0.00	0.12
417	72.00	45.00	443.71	24883.20	22185.27	538557.45	538557.45	0.00	0.00	0.00	0.00	4.16	0.00	0.12
418	73.00	45.00	443.71	24883.20	22185.27	538557.45	538557.45	0.00	0.00	0.00	0.00	4.13	0.00	0.12
419	73.00	46.00	443.71	24883.20	22185.27	538557.45	538557.45	0.00	0.00	0.00	0.00	4.16	0.00	0.12
420	73.00	47.00	443.71	24883.20	22185.27	538557.45	538557.45	0.00	0.00	0.00	0.00	4.19	0.00	0.12
421	73.00	48.00	443.71	24883.20	22185.27	538557.45	538557.45	0.00	0.00	0.00	0.00	4.22	0.00	0.12
422	74.00	48.00	443.71	24883.20	22185.27	538557.45	538557.45	0.00	0.00	0.00	0.00	4.18	0.00	0.12
423	25.00	48.00	443.71	24883.20	22185.27	538557.45	538557.45	0.00	0.00	0.00	0.00	6.99	0.00	0.12
424	26.00	48.00	443.71	24883.20	22185.27	538557.45	538557.45	0.00	0.00	0.00	0.00	6.90	0.00	0.12
425	26.00	49.00	443.71	24883.20	22185.27	538557.45	538557.45	0.00	0.00	0.00	0.00	7.38	0.00	0.12
426	27.00	49.00	443.71	24883.20	22185.27	538557.45	538557.45	0.00	0.00	0.00	0.00	7.28	0.00	0.12
427	28.00	49.00	443.71	24883.20	22185.27	538557.45	538557.45	0.00	0.00	0.00	0.00	7.19	0.00	0.12
428	28.00	50.00	443.71	24883.20	22185.27	538557.45	538557.45	0.00	0.00	0.00	0.00	7.22	0.00	0.12
429	29.00	50.00	443.71	24883.20	22185.27	538557.45	538557.45	0.00	0.00	0.00	0.00	7.12	0.00	0.12
430	30.00	50.00	443.71	24883.20	22185.27	538557.45	538557.45	0.00	0.00	0.00	0.00	7.04	0.00	0.12
431	31.00	50.00	443.71	24883.20	22185.27	538557.45	538557.45	0.00	0.00	0.00	0.00	6.95	0.00	0.12
432	32.00	50.00	443.71	24883.20	22185.27	538557.45	538557.45	0.00	0.00	0.00	0.00	6.86	0.00	0.12
433	33.00	50.00	443.71	24883.20	22185.27	538557.45	538557.45	0.00	0.00	0.00	0.00	6.78	0.00	0.12
434	34.00	50.00	443.71	24883.20	22185.27	538557.45	538557.45	0.00	0.00	0.00	0.00	6.70	0.00	0.12
435	35.00	50.00	443.71	24883.20	22185.27	538557.45	538557.45	0.00	0.00	0.00	0.00	6.62	0.00	0.12
436	35.00	51.00	443.71	24883.20	22185.27	538557.45	538557.45	0.00	0.00	0.00	0.00	6.72	0.00	0.12
437	36.00	51.00	443.71	24883.20	22185.27	538557.45	538557.45	0.00	0.00	0.00	0.00	6.64	0.00	0.12
438	37.00	51.00	443.71	24883.20	22185.27	538557.45	538557.45	0.00	0.00	0.00	0.00	6.57	0.00	0.12
439	38.00	51.00	443.71	24883.20	22185.27	538557.45	538557.45	0.00	0.00	0.00	0.00	6.49	0.00	0.12
440	38.00	52.00	443.71	24883.20	22185.27	538557.45	538557.45	0.00	0.00	0.00	0.00	6.45	0.00	0.12
441	39.00	52.00	443.71	24883.20	22185.27	538557.45	538557.45	0.00	0.00	0.00	0.00	6.38	0.00	0.12
442	39.00	53.00	443.71	24883.20	22185.27	538557.45	538557.45	0.00	0.00	0.00	0.00	6.56	0.00	0.12
443	40.00	53.00	443.71	24883.20	22185.27	538557.45	538557.45	0.00	0.00	0.00	0.00	6.49	0.00	0.12
444	40.00	54.00	443.71	24883.20	22185.27	538557.45	538557.45	0.00	0.00	0.00	0.00	6.49	0.00	0.12
445	40.00	55.00	443.71	24883.20	22185.27	538557.45	538557.45	0.00	0.00	0.00	0.00	6.50	0.00	0.12
446	41.00	55.00	443.71	24883.20	22185.27	538557.45	538557.45	0.00	0.00	0.00	0.00	6.43	0.00	0.12
447	41.00	56.00	443.71	24883.20	22185.27	538557.45	538557.45	0.00	0.00	0.00	0.00	6.48	0.00	0.12
448	42.00	56.00	443.71	24883.20	22185.27	538557.45	538557.45	0.00	0.00	0.00	0.00	6.41	0.00	0.12
449	42.00	57.00	443.71	24883.20	22185.27	538557.45	538557.45	0.00	0.00	0.00	0.00	6.79	0.00	0.12
450	43.00	57.00	443.71	24883.20	22185.27	538557.45	538557.45	0.00	0.00	0.00	0.00	6.72	0.00	0.12
451	44.00	57.00	443.71	24883.20	22185.27	538557.45	538557.45	0.00	0.00	0.00	0.00	6.65	0.00	0.12
452	44.00	58.00	443.71	24883.20	22185.27	538557.45	538557.45	0.00	0.00	0.00	0.00	6.66	0.00	0.12
453	44.00	59.00	443.71	24883.20	22185.27	538557.45	538557.45	0.00	0.00	0.00	0.00	6.98	0.00	0.12
454	44.00	60.00	443.71	24883.20	22185.27	538557.45	538557.45	0.00	0.00	0.00	0.00	7.11	0.00	0.12
455	45.00	60.00	443.71	24883.20	22185.27	538557.45	538557.45	0.00	0.00	0.00	0.00	7.04	0.00	0.12
456	45.00	61.00	443.71	24883.20	22185.27	538557.45	538557.45	0.00	0.00	0.00	0.00	7.05	0.00	0.12
457	45.00	62.00	443.71	24883.20	22185.27	538557.45	538557.45	0.00	0.00	0.00	0.00	7.06	0.00	0.12
458	45.00	63.00	443.71	24883.20	22185.27	538557.45	538557.45	0.00	0.00	0.00	0.00	7.02	0.00	0.12
459	46.00	63.00	443.71	24883.20	22185.27	538557.45	538557.45	0.00	0.00	0.00	0.00	6.95	0.00	0.12
460	46.00	64.00	443.71	24883.20	22185.27	538557.45	538557.45	0.00	0.00	0.00	0.00	6.92	0.00	0.12
461	47.00	64.00	443.71	24883.20	22185.27	538557.45	538557.45	0.00	0.00	0.00	0.00	6.85	0.00	0.12
462	48.00	64.00	443.71	24883.20	22185.27	538557.45	538557.45	0.00	0.00	0.00	0.00	6.79	0.00	0.12
463	49.00	64.00	443.71	24883.20	22185.27	538557.45	538557.45	0.00	0.00	0.00	0.00	6.73	0.00	0.12
464	49.00	65.00	443.71	24883.20	22185.27	538557.45	538557.45	0.00	0.00	0.00	0.00	7.36	0.00	0.12
465	50.00	65.00	443.71	24883.20	22185.27	538557.45	538557.45	0.00	0.00	0.00	0.00	7.30	0.00	0.12
466	51.00	65.00	443.71	24883.20	22185.27	538557.45	538557.45	0.00	0.00	0.00	0.00	7.23	0.00	0.12
467	51.00	66.00	443.71	24883.20	22185.27	538557.45	538557.45	0.00	0.00	0.00	0.00	7.20	0.00	0.12
468	52.00	66.00	443.71	24883.20	22185.27	538557.45	538557.45	0.00	0.00	0.00	0.00	7.14	0.00	0.12
469	52.00	67.00	443.71	24883.20	22185.27	538557.45	538557.45	0.00	0.00	0.00	0.00	7.30	0.00	0.12
470	53.00	67.00	443.71	24883.20	22185.27	538557.45	538557.45	0.00	0.00	0.00	0.00	7.24	0.00	0.12
471	53.00	68.00	443.71	24883.20	22185.27	538557.45	538557.45	0.00	0.00	0.00	0.00	7.77	0.00	0.12
472	54.00	68.00	443.71	24883.20	22185.27	538557.45	538557.45	0.00	0.00	0.00	0.00	7.71	0.00	0.12
473	54.00	69.00	443.71	24883.20	22185.27	538557.45	538557.45	0.00	0.00	0.00	0.00	7.70	0.00	0.12
474	55.00	69.00	443.71	24883.20	22185.27	538557.45	538557.45	0.00	0.00	0.00	0.00	7.64	0.00	0.12
475	56.00	69.00	443.71	24883.20	22185.27	538557.45	538557.45	0.00	0.00	0.00	0.00	7.58	0.00	0.12
476	57.00	69.00	443.71	24883.20	22185.27	538557.45	538557.45	0.00	0.00	0.00	0.00	7.52	0.00	0.12
477	57.00	70.00	443.71	24883.20	22185.27	538557.45	538557.45	0.00	0.00	0.00	0.00	7.59	0.00	0.12
478	57.00	71.00	443.71	24883.20	22185.27	538557.45	538557.45	0.00	0.00	0.00	0.00	8.05	0.00	0.12
479	58.00	71.00	443.71	24883.20	22185.27	538557.45	538557.45	0.00	0.00	0.00	0.00	7.99	0.00	0.12
480	58.00	72.00	443.71	24883.20	22185.27	538557.45	538557.45	0.00	0.00	0.00	0.00	8.02	0.00	0.12
481	58.00	73.00	443.71	24883.20	22185.27	538557.45	538557.45	0.00	0.00	0.00	0.00	7.98	0.00	0.12
482	58.00	74.00	443.71	24883.20	22185.27	538557.45	538557.45	0.00	0.00	0.00	0.00	7.94	0.00	0.12
483	59.00	74.00	443.71	24883.20	22185.27	538557.45	538557.45	0.00	0.00	0.00	0.00	7.88	0.00	0.12
484	59.00	25.00	443.71	24883.20	22185.27	538557.45	538557.45	0.00	0.00	0.00	0.00	1.78	0.00	0.12
485	59.00	26.00	443.71	24883.20	22185.27	538557.45	538557.45	0.00	0.00	0.00	0.00	1.98	0.00	0.12
486	59.00	27.00	443.71	24883.20	22185.27	538557.45	538557.45	0.00	0.00	0.00	0.00	2.04	0.00	0.12
487	60.00	27.00	443.71	24883.20	22185.27	538557.45	538557.45	0.00	0.00	0.00	0.00	2.02	0.00	0.12
488	61.00	27.00	443.71	24883.20	22185.27	538557.45	538557.45	0.00	0.00	0.00	0.00	1.99	0.00	0.12
489	62.00	27.00	443.71	24883.20	22185.27	538557.45	538557.45	0.00	0.00	0.00	0.00	1.97	0.00	0.12
490	63.00	27.00	443.71	24883.20	22185.27	538557.45	538557.45	0.00	0.00	0.00	0.00	1.95	0.00	0.12
491	64.00	27.00	443.71	24883.20	22185.27	538557.45	538557.45	0.00	0.00	0.00	0.00	1.93	0.00	0.12
492	65.00	27.00	443.71	24883.20	22185.27	538557.45	538557.45	0.00	0.00	0.00	0.00	1.91	0.00	0.12
493	66.00	27.00	443.71	24883.20	22185.27	538557.45	538557.45	0.00	0.00	0.00	0.00	1.89	0.00	0.12
494	66.00	28.00	443.71	24883.20	22185.27	538557.45	538557.45	0.00	0.00	0.00	0.00	1.94	0.00	0.12
495	67.00	28.00	443.71	24883.20	22185.27	538557.45	538557.45	0.00	0.00	0.00	0.00	1.92	0.00	0.12
496	68.00	28.00	443.71	24883.20	22185.27	538557.45	538557.45	0.00	0.00	0.00	0.00	1.90	0.00	0.12
497	69.00	28.00	443.71	24883.20	22185.27	538557.45	538557.45	0.00	0.00	0.00	0.00	1.88	0.00	0.12
498	69.00	29.00	443.71	24883.20	22185.27	538557.45	538557.45	0.00	0.00	0.00	0.00	2.22	0.00	0.12
499	70.00	29.00	443.71	24883.20	22185.27	538557.45	538557.45	0.00	0.00	0.00	0.00	2.20	0.00	0.12
500	71.00	29.00	443.71	24883.20	22185.27	538557.45	538557.45	0.00	0.00	0.00	0.00	2.18	0.00	0.12
501	71.00	30.00	377.15	29859.84	18857.48	538557.45	538557.45	0.00	0.00	0.00	0.00	2.23	0.00	0.12
502	72.00	30.00	377.15	29859.84	18857.48	538557.45	538557.45	0.00	0.00	0.00	0.00	2.21	0.00	0.12
503	73.00	30.00	377.15	29859.84	18857.48	538557.45	538557.45	0.00	0.00	0.00	0.00	2.19	0.00	0.12
504	74.00	30.00	377.15	29859.84	18857.48	538557.45	538557.45	0.00	0.00	0.00	0.00	2.17	0.00	0.12
505	25.00	30.00	377.15	29859.84	18857.48	538557.45	538557.45	0.00	0.00	0.00	0.00	4.09	0.00	0.12
506	25.00	31.00	377.15	29859.84	18857.48	538557.45	538557.45	0.00	0.00	0.00	0.00	4.07	0.00	0.12
507	26.00	31.00	377.15	29859.84	18857.48	538557.45	538557.45	0.00	0.00	0.00	0.00	4.00	0.00	0.12
508	27.00	31.00	377.15	29859.84	18857.48	538557.45	538557.45	0.00	0.00	0.00	0.00	3.93	0.00	0.12
509	28.00	31.00	377.15	29859.84	18857.48	538557.45	538557.45	0.00	0.00	0.00	0.00	3.86	0.00	0.12
510	28.00	32.00	377.15	29859.84	18857.48	538557.45	538557.45	0.00	0.00	0.00	0.00	3.99	0.00	0.12
511	28.00	33.00	377.15	29859.84	18857.48	538557.45	538557.45	0.00	0.00	0.00	0.00	3.97	0.00	0.12
512	28.00	34.00	377.15	29859.84	18857.48	538557.45	538557.45	0.00	0.00	0.00	0.00	4.35	0.00	0.12
513	28.00	35.00	377.15	29859.84	18857.48	538557.45	538557.45	0.00	0.00	0.00	0.00	4.41	0.00	0.12
514	29.00	35.00	377.15	29859.84	18857.48	538557.45	538557.45	0.00	0.00	0.00	0.00	4.34	0.00	0.12
515	29.00	36.00	377.15	29859.84	18857.48	538557.45	538557.45	0.00	0.00	0.00	0.00	4.48	0.00	0.12
516	30.00	36.00	377.15	29859.84	18857.48	538557.45	538557.45	0.00	0.00	0.00	0.00	4.41	0.00	0.12
517	30.00	37.00	377.15	29859.84	18857.48	538557.45	538557.45	0.00	0.00	0.00	0.00	4.54	0.00	0.12
518	30.00	38.00	377.15	29859.84	18857.48	538557.45	538557.45	0.00	0.00	0.00	0.00	4.73	0.00	0.12
519	30.00	39.00	377.15	29859.84	18857.48	538557.45	538557.45	0.00	0.00	0.00	0.00	4.94	0.00	0.12
520	31.00	39.00	377.15	29859.84	18857.48	538557.45	538557.45	0.00	0.00	0.00	0.00	4.87	0.00	0.12
521	32.00	39.00	377.15	29859.84	18857.48	538557.45	538557.45	0.00	0.00	0.00	0.00	4.80	0.00	0.12
522	32.00	40.00	377.15	29859.84	18857.48	538557.45	538557.45	0.00	0.00	0.00	0.00	4.84	0.00	0.12
523	32.00	41.00	377.15	29859.84	18857.48	538557.45	538557.45	0.00	0.00	0.00	0.00	5.92	0.00	0.12
524	33.00	41.00	377.15	29859.84	18857.48	538557.45	538557.45	0.00	0.00	0.00	0.00	5.84	0.00	0.12
525	34.00	41.00	377.15	29859.84	18857.48	538557.45	538557.45	0.00	0.00	0.00	0.00	5.76	0.00	0.12
526	35.00	41.00	377.15	29859.84	18857.48	538557.45	538557.45	0.00	0.00	0.00	0.00	5.68	0.00	0.12
527	35.00	42.00	377.15	29859.84	18857.48	538557.45	538557.45	0.00	0.00	0.00	0.00	5.83	0.00	0.12
528	35.00	43.00	377.15	29859.84	18857.48	538557.45	538557.45	0.00	0.00	0.00	0.00	5.79	0.00	0.12
529	35.00	44.00	377.15	29859.84	18857.48	538557.45	538557.45	0.00	0.00	0.00	0.00	5.81	0.00	0.12
530	36.00	44.00	377.15	29859.84	18857.48	538557.45	538557.45	0.00	0.00	0.00	0.00	5.73	0.00	0.12
531	36.00	45.00	377.15	29859.84	18857.48	538557.45	538557.45	0.00	0.00	0.00	0.00	5.80	0.00	0.12
532	36.00	46.00	377.15	29859.84	18857.48	538557.45	538557.45	0.00	0.00	0.00	0.00	6.03	0.00	0.12
533	37.00	46.00	377.15	29859.84	18857.48	538557.45	538557.45	0.00	0.00	0.00	0.00	5.96	0.00	0.12
534	37.00	47.00	377.15	29859.84	18857.48	538557.45	538557.45	0.00	0.00	0.00	0.00	6.49	0.00	0.12
535	38.00	47.00	377.15	29859.84	18857.48	538557.45	538557.45	0.00	0.00	0.00	0.00	6.42	0.00	0.12
536	39.00	47.00	377.15	29859.84	18857.48	538557.45	538557.45	0.00	0.00	0.00	0.00	6.34	0.00	0.12
537	40.00	47.00	377.15	29859.84	18857.48	538557.45	538557.45	0.00	0.00	0.00	0.00	6.27	0.00	0.12
538	41.00	47.00	377.15	29859.84	18857.48	538557.45	538557.45	0.00	0.00	0.00	0.00	6.20	0.00	0.12
539	42.00	47.00	377.15	29859.84	18857.48	538557.45	538557.45	0.00	0.00	0.00	0.00	6.13	0.00	0.12
540	42.00	48.00	377.15	29859.84	18857.48	538557.45	538557.45	0.00	0.00	0.00	0.00	6.19	0.00	0.12
541	43.00	48.00	377.15	29859.84	18857.48	538557.45	538557.45	0.00	0.00	0.00	0.00	6.12	0.00	0.12
542	44.00	48.00	377.15	29859.84	18857.48	538557.45	538557.45	0.00	0.00	0.00	0.00	6.05	0.00	0.12
543	44.00	49.00	377.15	29859.84	18857.48	538557.45	538557.45	0.00	0.00	0.00	0.00	6.02	0.00	0.12
544	45.00	49.00	377.15	29859.84	18857.48	538557.45	538557.45	0.00	0.00	0.00	0.00	5.95	0.00	0.12
545	46.00	49.00	377.15	29859.84	18857.48	538557.45	538557.45	0.00	0.00	0.00	0.00	5.89	0.00	0.12
546	46.00	50.00	377.15	29859.84	18857.48	538557.45	538557.45	0.00	0.00	0.00	0.00	6.07	0.00	0.12
547	47.00	50.00	377.15	29859.84	18857.48	538557.45	538557.45	0.00	0.00	0.00	0.00	6.00	0.00	0.12
548	47.00	51.00	377.15	29859.84	18857.48	538557.45	538557.45	0.00	0.00	0.00	0.00	5.96	0.00	0.12
549	48.00	51.00	377.15	29859.84	18857.48	538557.45	538557.45	0.00	0.00	0.00	0.00	5.90	0.00	0.12
550	49.00	51.00	377.15	29859.84	18857.48	538557.45	538557.45	0.00	0.00	0.00	0.00	5.84	0.00	0.12
551	50.00	51.00	377.15	29859.84	18857.48	538557.45	538557.45	0.00	0.00	0.00	0.00	5.79	0.00	0.12
552	50.00	52.00	377.15	29859.84	18857.48	538557.45	538557.45	0.00	0.00	0.00	0.00	5.77	0.00	0.12
553	51.00	52.00	377.15	29859.84	18857.48	538557.45	538557.45	0.00	0.00	0.00	0.00	5.71	0.00	0.12
554	51.00	53.00	377.15	29859.84	18857.48	538557.45	538557.45	0.00	0.00	0.00	0.00	6.00	0.00	0.12
555	51.00	54.00	377.15	29859.84	18857.48	538557.45	538557.45	0.00	0.00	0.00	0.00	6.59	0.00	0.12
556	52.00	54.00	377.15	29859.84	18857.48	538557.45	538557.45	0.00	0.00	0.00	0.00	6.53	0.00	0.12
557	53.00	54.00	377.15	29859.84	18857.48	538557.45	538557.45	0.00	0.00	0.00	0.00	6.47	0.00	0.12
558	54.00	54.00	377.15	29859.84	18857.48	538557.45	538557.45	0.00	0.00	0.00	0.00	6.41	0.00	0.12
559	54.00	55.00	377.15	29859.84	18857.48	538557.45	538557.45	0.00	0.00	0.00	0.00	6.58	0.00	0.12
560	54.00	56.00	377.15	29859.84	18857.48	538557.45	538557.45	0.00	0.00	0.00	0.00	6.68	0.00	0.12
561	54.00	57.00	377.15	29859.84	18857.48	538557.45	538557.45	0.00	0.00	0.00	0.00	6.73	0.00	0.12
562	55.00	57.00	377.15	29859.84	18857.48	538557.45	538557.45	0.00	0.00	0.00	0.00	6.67	0.00	0.12
563	55.00	58.00	377.15	29859.84	18857.48	538557.45	538557.45	0.00	0.00	0.00	0.00	6.73	0.00	0.12
564	56.00	58.00	377.15	29859.84	18857.48	538557.45	538557.45	0.00	0.00	0.00	0.00	6.67	0.00	0.12
565	57.00	58.00	377.15	29859.84	18857.48	538557.45	538557.45	0.00	0.00	0.00	0.00	6.62	0.00	0.12
566	57.00	59.00	377.15	29859.84	18857.48	538557.45	538557.45	0.00	0.00	0.00	0.00	6.70	0.00	0.12
567	58.00	59.00	377.15	29859.84	18857.48	538557.45	538557.45	0.00	0.00	0.00	0.00	6.64	0.00	0.12
568	59.00	59.00	377.15	29859.84	18857.48	538557.45	538557.45	0.00	0.00	0.00	0.00	6.59	0.00	0.12
569	59.00	60.00	377.15	29859.84	18857.48	538557.45	538557.45	0.00	0.00	0.00	0.00	6.59	0.00	0.12
570	60.00	60.00	377.15	29859.84	18857.48	538557.45	538557.45	0.00	0.00	0.00	0.00	6.54	0.00	0.12
571	60.00	61.00	377.15	29859.84	18857.48	538557.45	538557.45	0.00	0.00	0.00	0.00	6.61	0.00	0.12
572	61.00	61.00	377.15	29859.84	18857.48	538557.45	538557.45	0.00	0.00	0.00	0.00	6.55	0.00	0.12
573	61.00	62.00	377.15	29859.84	18857.48	538557.45	538557.45	0.00	0.00	0.00	0.00	6.79	0.00	0.12
574	61.00	63.00	377.15	29859.84	18857.48	538557.45	538557.45	0.00	0.00	0.00	0.00	6.82	0.00	0.12
575	62.00	63.00	377.15	29859.84	18857.48	538557.45	538557.45	0.00	0.00	0.00	0.00	6.77	0.00	0.12
576	63.00	63.00	377.15	29859.84	18857.48	538557.45	538557.45	0.00	0.00	0.00	0.00	6.72	0.00	0.12
577	64.00	63.00	377.15	29859.84	18857.48	538557.45	538557.45	0.00	0.00	0.00	0.00	6.66	0.00	0.12
578	65.00	63.00	377.15	29859.84	18857.48	538557.45	538557.45	0.00	0.00	0.00	0.00	6.61	0.00	0.12
579	66.00	63.00	377.15	29859.84	18857.48	538557.45	538557.45	0.00	0.00	0.00	0.00	6.56	0.00	0.12
580	66.00	64.00	377.15	29859.84	18857.48	538557.45	538557.45	0.00	0.00	0.00	0.00	6.59	0.00	0.12
581	67.00	64.00	377.15	29859.84	18857.48	538557.45	538557.45	0.00	0.00	0.00	0.00	6.54	0.00	0.12
582	67.00	65.00	377.15	29859.84	18857.48	538557.45	538557.45	0.00	0.00	0.00	0.00	6.57	0.00	0.12
583	68.00	65.00	377.15	29859.84	18857.48	538557.45	538557.45	0.00	0.00	0.00	0.00	6.52	0.00	0.12
584	68.00	66.00	377.15	29859.84	18857.48	538557.45	538557.45	0.00	0.00	0.00	0.00	6.50	0.00	0.12
585	69.00	66.00	377.15	29859.84	18857.48	538557.45	538557.45	0.00	0.00	0.00	0.00	6.45	0.00	0.12
586	70.00	66.00	377.15	29859.84	18857.48	538557.45	538557.45	0.00	0.00	0.00	0.00	6.41	0.00	0.12
587	71.00	66.00	377.15	29859.84	18857.48	538557.45	538557.45	0.00	0.00	0.00	0.00	6.36	0.00	0.12
588	71.00	67.00	377.15	29859.84	18857.48	538557.45	538557.45	0.00	0.00	0.00	0.00	6.42	0.00	0.12
589	71.00	68.00	377.15	29859.84	18857.48	538557.45	538557.45	0.00	0.00	0.00	0.00	6.43	0.00	0.12
590	71.00	69.00	377.15	29859.84	18857.48	538557.45	538557.45	0.00	0.00	0.00	0.00	6.40	0.00	0.12
591	72.00	69.00	377.15	29859.84	18857.48	538557.45	538557.45	0.00	0.00	0.00	0.00	6.36	0.00	0.12
592	73.00	69.00	377.15	29859.84	18857.48	538557.45	538557.45	0.00	0.00	0.00	0.00	6.31	0.00	0.12
593	73.00	70.00	377.15	29859.84	18857.48	538557.45	538557.45	0.00	0.00	0.00	0.00	6.36	0.00	0.12
594	73.00	71.00	377.15	29859.84	18857.48	538557.45	538557.45	0.00	0.00	0.00	0.00	6.42	0.00	0.12
595	74.00	71.00	377.15	29859.84	18857.48	538557.45	538557.45	0.00	0.00	0.00	0.00	6.37	0.00	0.12
596	25.00	71.00	377.15	29859.84	18857.48	538557.45	538557.45	0.00	0.00	0.00	0.00	9.63	0.00	0.12
597	26.00	71.00	377.15	29859.84	18857.48	538557.45	538557.45	0.00	0.00	0.00	0.00	9.53	0.00	0.12
598	27.00	71.00	377.15	29859.84	18857.48	538557.45	538557.45	0.00	0.00	0.00	0.00	9.43	0.00	0.12
599	28.00	71.00	377.15	29859.84	18857.48	538557.45	538557.45	0.00	0.00	0.00	0.00	9.34	0.00	0.12
600	28.00	72.00	377.15	29859.84	18857.48	538557.45	538557.45	0.00	0.00	0.00	0.00	9.39	0.00	0.12
601	28.00	73.00	320.58	35831.81	16028.85	538557.45	538557.45	0.00	0.00	0.00	0.00	9.63	0.00	0.12
602	29.00	73.00	320.58	35831.81	16028.85	538557.45	538557.45	0.00	0.00	0.00	0.00	9.53	0.00	0.12
603	29.00	74.00	320.58	35831.81	16028.85	538557.45	538557.45	0.00	0.00	0.00	0.00	9.60	0.00	0.12
604	30.00	74.00	320.58	35831.81	16028.85	538557.45	538557.45	0.00	0.00	0.00	0.00	9.51	0.00	0.12
605	30.00	25.00	320.58	35831.81	16028.85	538557.45	538557.45	0.00	0.00	0.00	0.00	2.55	0.00	0.12
606	31.00	25.00	320.58	35831.81	16028.85	538557.45	538557.45	0.00	0.00	0.00	0.00	2.51	0.00	0.12
607	32.00	25.00	320.58	35831.81	16028.85	538557.45	538557.45	0.00	0.00	0.00	0.00	2.46	0.00	0.12
608	32.00	26.00	320.58	35831.81	16028.85	538557.45	538557.45	0.00	0.00	0.00	0.00	2.47	0.00	0.12
609	33.00	26.00	320.58	35831.81	16028.85	538557.45	538557.45	0.00	0.00	0.00	0.00	2.43	0.00	0.12
610	33.00	27.00	320.58	35831.81	16028.85	538557.45	538557.45	0.00	0.00	0.00	0.00	2.50	0.00	0.12
611	33.00	28.00	320.58	35831.81	16028.85	538557.45	538557.45	0.00	0.00	0.00	0.00	2.57	0.00	0.12
612	33.00	29.00	320.58	35831.81	16028.85	538557.45	538557.45	0.00	0.00	0.00	0.00	3.05	0.00	0.12
613	33.00	30.00	320.58	35831.81	16028.85	538557.45	538557.45	0.00	0.00	0.00	0.00	3.23	0.00	0.12
614	33.00	31.00	320.58	35831.81	16028.85	538557.45	538557.45	0.00	0.00	0.00	0.00	5.23	0.00	0.12
615	34.00	31.00	320.58	35831.81	16028.85	538557.45	538557.45	0.00	0.00	0.00	0.00	5.15	0.00	0.12
616	34.00	32.00	320.58	35831.81	16028.85	538557.45	538557.45	0.00	0.00	0.00	0.00	5.17	0.00	0.12
617	34.00	33.00	320.58	35831.81	16028.85	538557.45	538557.45	0.00	0.00	0.00	0.00	5.14	0.00	0.12
618	34.00	34.00	320.58	35831.81	16028.85	538557.45	538557.45	0.00	0.00	0.00	0.00	5.31	0.00	0.12
619	35.00	34.00	320.58	35831.81	16028.85	538557.45	538557.45	0.00	0.00	0.00	0.00	5.23	0.00	0.12
620	36.00	34.00	320.58	35831.81	16028.85	538557.45	538557.45	0.00	0.00	0.00	0.00	5.16	0.00	0.12
621	37.00	34.00	320.58	35831.81	16028.85	538557.45	538557.45	0.00	0.00	0.00	0.00	5.09	0.00	0.12
622	37.00	35.00	320.58	35831.81	16028.85	538557.45	538557.45	0.00	0.00	0.00	0.00	5.45	0.00	0.12
623	37.00	36.00	320.58	35831.81	16028.85	538557.45	538557.45	0.00	0.00	0.00	0.00	5.53	0.00	0.12
624	38.00	36.00	320.58	35831.81	16028.85	538557.45	538557.45	0.00	0.00	0.00	0.00	5.46	0.00	0.12
625	39.00	36.00	320.58	35831.81	16028.85	538557.45	538557.45	0.00	0.00	0.00	0.00	5.39	0.00	0.12
626	39.00	37.00	320.58	35831.81	16028.85	538557.45	538557.45	0.00	0.00	0.00	0.00	5.54	0.00	0.12
627	39.00	38.00	320.58	35831.81	16028.85	538557.45	538557.45	0.00	0.00	0.00	0.00	5.57	0.00	0.12
628	40.00	38.00	320.58	35831.81	16028.85	538557.45	538557.45	0.00	0.00	0.00	0.00	5.50	0.00	0.12
629	40.00	39.00	320.58	35831.81	16028.85	538557.45	538557.45	0.00	0.00	0.00	0.00	5.84	0.00	0.12
630	40.00	40.00	320.58	35831.81	16028.85	538557.45	538557.45	0.00	0.00	0.00	0.00	6.30	0.00	0.12
631	40.00	41.00	320.58	35831.81	16028.85	538557.45	538557.45	0.00	0.00	0.00	0.00	6.41	0.00	0.12
632	41.00	41.00	320.58	35831.81	16028.85	538557.45	538557.45	0.00	0.00	0.00	0.00	6.33	0.00	0.12
633	41.00	42.00	320.58	35831.81	16028.85	538557.45	538557.45	0.00	0.00	0.00	0.00	6.44	0.00	0.12
634	41.00	43.00	320.58	35831.81	16028.85	538557.45	538557.45	0.00	0.00	0.00	0.00	6.46	0.00	0.12
635	42.00	43.00	320.58	35831.81	16028.85	538557.45	538557.45	0.00	0.00	0.00	0.00	6.38	0.00	0.12
636	43.00	43.00	320.58	35831.81	16028.85	538557.45	538557.45	0.00	0.00	0.00	0.00	6.31	0.00	0.12
637	44.00	43.00	320.58	35831.81	16028.85	538557.45	538557.45	0.00	0.00	0.00	0.00	6.23	0.00	0.12
638	44.00	44.00	320.58	35831.81	16028.85	538557.45	538557.45	0.00	0.00	0.00	0.00	6.24	0.00	0.12
639	44.00	45.00	320.58	35831.81	16028.85	538557.45	538557.45	0.00	0.00	0.00	0.00	6.69	0.00	0.12
640	44.00	46.00	320.58	35831.81	16028.85	538557.45	538557.45	0.00	0.00	0.00	0.00	6.80	0.00	0.12
641	45.00	46.00	320.58	35831.81	16028.85	538557.45	538557.45	0.00	0.00	0.00	0.00	6.73	0.00	0.12
642	46.00	46.00	320.58	35831.81	16028.85	538557.45	538557.45	0.00	0.00	0.00	0.00	6.66	0.00	0.12
643	46.00	47.00	320.58	35831.81	16028.85	538557.45	538557.45	0.00	0.00	0.00	0.00	6.77	0.00	0.12
644	46.00	48.00	320.58	35831.81	16028.85	538557.45	538557.45	0.00	0.00	0.00	0.00	7.34	0.00	0.12
645	47.00	48.00	320.58	35831.81	16028.85	538557.45	538557.45	0.00	0.00	0.00	0.00	7.26	0.00	0.12
646	48.00	48.00	320.58	35831.81	16028.85	538557.45	538557.45	0.00	0.00	0.00	0.00	7.19	0.00	0.12
647	48.00	49.00	320.58	35831.81	16028.85	538557.45	538557.45	0.00	0.00	0.00	0.00	7.34	0.00	0.12
648	49.00	49.00	320.58	35831.81	16028.85	538557.45	538557.45	0.00	0.00	0.00	0.00	7.26	0.00	0.12
649	50.00	49.00	320.58	35831.81	16028.85	538557.45	538557.45	0.00	0.00	0.00	0.00	7.19	0.00	0.12
650	50.00	50.00	320.58	35831.81	16028.85	538557.45	538557.45	0.00	0.00	0.00	0.00	7.25	0.00	0.12
651	50.00	51.00	320.58	35831.81	16028.85	538557.45	538557.45	0.00	0.00	0.00	0.00	7.32	0.00	0.12
652	51.00	51.00	320.58	35831.81	16028.85	538557.45	538557.45	0.00	0.00	0.00	0.00	7.25	0.00	0.12
653	52.00	51.00	320.58	35831.81	16028.85	538557.45	538557.45	0.00	0.00	0.00	0.00	7.18	0.00	0.12
654	52.00	52.00	320.58	35831.81	16028.85	538557.45	538557.45	0.00	0.00	0.00	0.00	7.25	0.00	0.12
655	53.00	52.00	320.58	35831.81	16028.85	538557.45	538557.45	0.00	0.00	0.00	0.00	7.18	0.00	0.12
656	53.00	53.00	320.58	35831.81	16028.85	538557.45	538557.45	0.00	0.00	0.00	0.00	7.21	0.00	0.12
657	53.00	54.00	320.58	35831.81	16028.85	538557.45	538557.45	0.00	0.00	0.00	0.00	7.17	0.00	0.12
658	54.00	54.00	320.58	35831.81	16028.85	538557.45	538557.45	0.00	0.00	0.00	0.00	7.11	0.00	0.12
659	55.00	54.00	320.58	35831.81	16028.85	538557.45	538557.45	0.00	0.00	0.00	0.00	7.04	0.00	0.12
660	55.00	55.00	320.58	35831.81	16028.85	538557.45	538557.45	0.00	0.00	0.00	0.00	7.04	0.00	0.12
661	55.00	56.00	320.58	35831.81	16028.85	538557.45	538557.45	0.00	0.00	0.00	0.00	7.01	0.00	0.12
662	55.00	57.00	320.58	35831.81	16028.85	538557.45	538557.45	0.00	0.00	0.00	0.00	7.07	0.00	0.12
663	55.00	58.00	320.58	35831.81	16028.85	538557.45	538557.45	0.00	0.00	0.00	0.00	7.11	0.00	0.12
664	55.00	59.00	320.58	35831.81	16028.85	538557.45	538557.45	0.00	0.00	0.00	0.00	7.19	0.00	0.12
665	56.00	59.00	320.58	35831.81	16028.85	538557.45	538557.45	0.00	0.00	0.00	0.00	7.13	0.00	0.12
666	57.00	59.00	320.58	35831.81	16028.85	538557.45	538557.45	0.00	0.00	0.00	0.00	7.07	0.00	0.12
667	58.00	59.00	320.58	35831.81	16028.85	538557.45	538557.45	0.00	0.00	0.00	0.00	7.01	0.00	0.12
668	58.00	60.00	320.58	35831.81	16028.85	538557.45	538557.45	0.00	0.00	0.00	0.00	7.42	0.00	0.12
669	59.00	60.00	320.58	35831.81	16028.85	538557.45	538557.45	0.00	0.00	0.00	0.00	7.36	0.00	0.12
670	60.00	60.00	320.58	35831.81	16028.85	538557.45	538557.45	0.00	0.00	0.00	0.00	7.30	0.00	0.12
671	61.00	60.00	320.58	35831.81	16028.85	538557.45	538557.45	0.00	0.00	0.00	0.00	7.24	0.00	0.12
672	62.00	60.00	320.58	35831.81	16028.85	538557.45	538557.45	0.00	0.00	0.00	0.00	7.18	0.00	0.12
673	63.00	60.00	320.58	35831.81	16028.85	538557.45	538557.45	0.00	0.00	0.00	0.00	7.12	0.00	0.12
674	63.00	61.00	320.58	35831.81	16028.85	538557.45	538557.45	0.00	0.00	0.00	0.00	7.21	0.00	0.12
675	64.00	61.00	320.58	35831.81	16028.85	538557.45	538557.45	0.00	0.00	0.00	0.00	7.16	0.00	0.12
676	65.00	61.00	320.58	35831.81	16028.85	538557.45	538557.45	0.00	0.00	0.00	0.00	7.10	0.00	0.12
677	66.00	61.00	320.58	35831.81	16028.85	538557.45	538557.45	0.00	0.00	0.00	0.00	7.04	0.00	0.12
678	67.00	61.00	320.58	35831.81	16028.85	538557.45	538557.45	0.00	0.00	0.00	0.00	6.99	0.00	0.12
679	68.00	61.00	320.58	35831.81	16028.85	538557.45	538557.45	0.00	0.00	0.00	0.00	6.93	0.00	0.12
680	69.00	61.00	320.58	35831.81	16028.85	538557.45	538557.45	0.00	0.00	0.00	0.00	6.88	0.00	0.12
681	69.00	62.00	320.58	35831.81	16028.85	538557.45	538557.45	0.00	0.00	0.00	0.00	6.96	0.00	0.12
682	69.00	63.00	320.58	35831.81	16028.85	538557.45	538557.45	0.00	0.00	0.00	0.00	7.57	0.00	0.12
683	69.00	64.00	320.58	35831.81	16028.85	538557.45	538557.45	0.00	0.00	0.00	0.00	7.64	0.00	0.12
684	69.00	65.00	320.58	35831.81	16028.85	538557.45	538557.45	0.00	0.00	0.00	0.00	7.64	0.00	0.12
685	69.00	66.00	320.58	35831.81	16028.85	538557.45	538557.45	0.00	0.00	0.00	0.00	7.71	0.00	0.12
686	70.00	66.00	320.58	35831.81	16028.85	538557.45	538557.45	0.00	0.00	0.00	0.00	7.65	0.00	0.12
687	70.00	67.00	320.58	35831.81	16028.85	538557.45	538557.45	0.00	0.00	0.00	0.00	7.68	0.00	0.12
688	70.00	68.00	320.58	35831.81	16028.85	538557.45	538557.45	0.00	0.00	0.00	0.00	7.64	0.00	0.12
689	70.00	69.00	320.58	35831.81	16028.85	538557.45	538557.45	0.00	0.00	0.00	0.00	7.71	0.00	0.12
690	71.00	69.00	320.58	35831.81	16028.85	538557.45	538557.45	0.00	0.00	0.00	0.00	7.66	0.00	0.12
691	72.00	69.00	320.58	35831.81	16028.85	538557.45	538557.45	0.00	0.00	0.00	0.00	7.60	0.00	0.12
692	72.00	70.00	320.58	35831.81	16028.85	538557.45	538557.45	0.00	0.00	0.00	0.00	7.60	0.00	0.12
693	72.00	71.00	320.58	35831.81	16028.85	538557.45	538557.45	0.00	0.00	0.00	0.00	7.57	0.00	0.12
694	73.00	71.00	320.58	35831.81	16028.85	538557.45	538557.45	0.00	0.00	0.00	0.00	7.52	0.00	0.12
695	74.00	71.00	320.58	35831.81	16028.85	538557.45	538557.45	0.00	0.00	0.00	0.00	7.47	0.00	0.12
696	25.00	71.00	320.58	35831.81	16028.85	538557.45	538557.45	0.00	0.00	0.00	0.00	11.28	0.00	0.12
697	26.00	71.00	320.58	35831.81	16028.85	538557.45	538557.45	0.00	0.00	0.00	0.00	11.16	0.00	0.12
698	27.00	71.00	320.58	35831.81	16028.85	538557.45	538557.45	0.00	0.00	0.00	0.00	11.05	0.00	0.12
699	28.00	71.00	320.58	35831.81	16028.85	538557.45	538557.45	0.00	0.00	0.00	0.00	10.94	0.00	0.12
700	29.00	71.00	320.58	35831.81	16028.85	538557.45	538557.45	0.00	0.00	0.00	0.00	10.83	0.00	0.12
701	30.00	71.00	272.49	42998.17	13624.53	538557.45	538557.45	0.00	0.00	0.00	0.00	10.72	0.00	0.12
702	31.00	71.00	272.49	42998.17	13624.53	538557.45	538557.45	0.00	0.00	0.00	0.00	10.62	0.00	0.12
703	31.00	72.00	272.49	42998.17	13624.53	538557.45	538557.45	0.00	0.00	0.00	0.00	10.83	0.00	0.12
704	32.00	72.00	272.49	42998.17	13624.53	538557.45	538557.45	0.00	0.00	0.00	0.00	10.72	0.00	0.12
705	33.00	72.00	272.49	42998.17	13624.53	538557.45	538557.45	0.00	0.00	0.00	0.00	10.62	0.00	0.12
706	34.00	72.00	272.49	42998.17	13624.53	538557.45	538557.45	0.00	0.00	0.00	0.00	10.52	0.00	0.12
707	35.00	72.00	272.49	42998.17	13624.53	538557.45	538557.45	0.00	0.00	0.00	0.00	10.42	0.00	0.12
708	35.00	73.00	272.49	42998.17	13624.53	538557.45	538557.45	0.00	0.00	0.00	0.00	10.58	0.00	0.12
709	35.00	74.00	272.49	42998.17	13624.53	538557.45	538557.45	0.00	0.00	0.00	0.00	10.51	0.00	0.12
710	35.00	25.00	272.49	42998.17	13624.53	538557.45	538557.45	0.00	0.00	0.00	0.00	2.47	0.00	0.12
711	36.00	25.00	272.49	42998.17	13624.53	538557.45	538557.45	0.00	0.00	0.00	0.00	2.43	0.00	0.12
712	37.00	25.00	272.49	42998.17	13624.53	538557.45	538557.45	0.00	0.00	0.00	0.00	2.39	0.00	0.12
713	38.00	25.00	272.49	42998.17	13624.53	538557.45	538557.45	0.00	0.00	0.00	0.00	2.35	0.00	0.12
714	38.00	26.00	272.49	42998.17	13624.53	538557.45	538557.45	0.00	0.00	0.00	0.00	2.52	0.00	0.12
715	39.00	26.00	272.49	42998.17	13624.53	538557.45	538557.45	0.00	0.00	0.00	0.00	2.48	0.00	0.12
716	39.00	27.00	272.49	42998.17	13624.53	538557.45	538557.45	0.00	0.00	0.00	0.00	2.65	0.00	0.12
717	40.00	27.00	272.49	42998.17	13624.53	538557.45	538557.45	0.00	0.00	0.00	0.00	2.61	0.00	0.12
718	40.00	28.00	272.49	42998.17	13624.53	538557.45	538557.45	0.00	0.00	0.00	0.00	2.98	0.00	0.12
719	41.00	28.00	272.49	42998.17	13624.53	538557.45	538557.45	0.00	0.00	0.00	0.00	2.94	0.00	0.12
720	41.00	29.00	272.49	42998.17	13624.53	538557.45	538557.45	0.00	0.00	0.00	0.00	3.26	0.00	0.12
721	42.00	29.00	272.49	42998.17	13624.53	538557.45	538557.45	0.00	0.00	0.00	0.00	3.21	0.00	0.12
722	42.00	30.00	272.49	42998.17	13624.53	538557.45	538557.45	0.00	0.00	0.00	0.00	3.40	0.00	0.12
723	43.00	30.00	272.49	42998.17	13624.53	538557.45	538557.45	0.00	0.00	0.00	0.00	3.35	0.00	0.12
724	44.00	30.00	272.49	42998.17	13624.53	538557.45	538557.45	0.00	0.00	0.00	0.00	3.31	0.00	0.12
725	45.00	30.00	272.49	42998.17	13624.53	538557.45	538557.45	0.00	0.00	0.00	0.00	3.26	0.00	0.12
726	45.00	31.00	272.49	42998.17	13624.53	538557.45	538557.45	0.00	0.00	0.00	0.00	3.37	0.00	0.12
727	45.00	32.00	272.49	42998.17	13624.53	538557.45	538557.45	0.00	0.00	0.00	0.00	3.35	0.00	0.12
728	46.00	32.00	272.49	42998.17	13624.53	538557.45	538557.45	0.00	0.00	0.00	0.00	3.31	0.00	0.12
729	47.00	32.00	272.49	42998.17	13624.53	538557.45	538557.45	0.00	0.00	0.00	0.00	3.27	0.00	0.12
730	48.00	32.00	272.49	42998.17	13624.53	538557.45	538557.45	0.00	0.00	0.00	0.00	3.23	0.00	0.12
731	49.00	32.00	272.49	42998.17	13624.53	538557.45	538557.45	0.00	0.00	0.00	0.00	3.19	0.00	0.12
732	49.00	33.00	272.49	42998.17	13624.53	538557.45	538557.45	0.00	0.00	0.00	0.00	3.29	0.00	0.12
733	50.00	33.00	272.49	42998.17	13624.53	538557.45	538557.45	0.00	0.00	0.00	0.00	3.25	0.00	0.12
734	50.00	34.00	272.49	42998.17	13624.53	538557.45	538557.45	0.00	0.00	0.00	0.00	3.55	0.00	0.12
735	50.00	35.00	272.49	42998.17	13624.53	538557.45	538557.45	0.00	0.00	0.00	0.00	3.64	0.00	0.12
736	50.00	36.00	272.49	42998.17	13624.53	538557.45	538557.45	0.00	0.00	0.00	0.00	3.87	0.00	0.12
737	51.00	36.00	272.49	42998.17	13624.53	538557.45	538557.45	0.00	0.00	0.00	0.00	3.82	0.00	0.12
738	52.00	36.00	272.49	42998.17	13624.53	538557.45	538557.45	0.00	0.00	0.00	0.00	3.78	0.00	0.12
739	52.00	37.00	272.49	42998.17	13624.53	538557.45	538557.45	0.00	0.00	0.00	0.00	3.83	0.00	0.12
740	52.00	38.00	272.49	42998.17	13624.53	538557.45	538557.45	0.00	0.00	0.00	0.00	3.98	0.00	0.12
741	52.00	39.00	272.49	42998.17	13624.53	538557.45	538557.45	0.00	0.00	0.00	0.00	4.06	0.00	0.12
742	52.00	40.00	272.49	42998.17	13624.53	538557.45	538557.45	0.00	0.00	0.00	0.00	4.14	0.00	0.12
743	52.00	41.00	272.49	42998.17	13624.53	538557.45	538557.45	0.00	0.00	0.00	0.00	4.18	0.00	0.12
744	53.00	41.00	272.49	42998.17	13624.53	538557.45	538557.45	0.00	0.00	0.00	0.00	4.14	0.00	0.12
745	53.00	42.00	272.49	42998.17	13624.53	538557.45	538557.45	0.00	0.00	0.00	0.00	4.47	0.00	0.12
746	53.00	43.00	272.49	42998.17	13624.53	538557.45	538557.45	0.00	0.00	0.00	0.00	4.60	0.00	0.12
747	54.00	43.00	272.49	42998.17	13624.53	538557.45	538557.45	0.00	0.00	0.00	0.00	4.55	0.00	0.12
748	55.00	43.00	272.49	42998.17	13624.53	538557.45	538557.45	0.00	0.00	0.00	0.00	4.50	0.00	0.12
749	56.00	43.00	272.49	42998.17	13624.53	538557.45	538557.45	0.00	0.00	0.00	0.00	4.46	0.00	0.12
750	56.00	44.00	272.49	42998.17	13624.53	538557.45	538557.45	0.00	0.00	0.00	0.00	4.48	0.00	0.12
751	56.00	45.00	272.49	42998.17	13624.53	538557.45	538557.45	0.00	0.00	0.00	0.00	4.52	0.00	0.12
752	57.00	45.00	272.49	42998.17	13624.53	538557.45	538557.45	0.00	0.00	0.00	0.00	4.48	0.00	0.12
753	57.00	46.00	272.49	42998.17	13624.53	538557.45	538557.45	0.00	0.00	0.00	0.00	4.78	0.00	0.12
754	58.00	46.00	272.49	42998.17	13624.53	538557.45	538557.45	0.00	0.00	0.00	0.00	4.73	0.00	0.12
755	58.00	47.00	272.49	42998.17	13624.53	538557.45	538557.45	0.00	0.00	0.00	0.00	4.71	0.00	0.12
756	58.00	48.00	272.49	42998.17	13624.53	538557.45	538557.45	0.00	0.00	0.00	0.00	4.73	0.00	0.12
757	59.00	48.00	272.49	42998.17	13624.53	538557.45	538557.45	0.00	0.00	0.00	0.00	4.69	0.00	0.12
758	60.00	48.00	272.49	42998.17	13624.53	538557.45	538557.45	0.00	0.00	0.00	0.00	4.65	0.00	0.12
759	60.00	49.00	272.49	42998.17	13624.53	538557.45	538557.45	0.00	0.00	0.00	0.00	4.79	0.00	0.12
760	60.00	50.00	272.49	42998.17	13624.53	538557.45	538557.45	0.00	0.00	0.00	0.00	5.09	0.00	0.12
761	61.00	50.00	272.49	42998.17	13624.53	538557.45	538557.45	0.00	0.00	0.00	0.00	5.04	0.00	0.12
762	62.00	50.00	272.49	42998.17	13624.53	538557.45	538557.45	0.00	0.00	0.00	0.00	5.00	0.00	0.12
763	62.00	51.00	272.49	42998.17	13624.53	538557.45	538557.45	0.00	0.00	0.00	0.00	5.10	0.00	0.12
764	62.00	52.00	272.49	42998.17	13624.53	538557.45	538557.45	0.00	0.00	0.00	0.00	5.16	0.00	0.12
765	62.00	53.00	272.49	42998.17	13624.53	538557.45	538557.45	0.00	0.00	0.00	0.00	5.18	0.00	0.12
766	63.00	53.00	272.49	42998.17	13624.53	538557.45	538557.45	0.00	0.00	0.00	0.00	5.14	0.00	0.12
767	64.00	53.00	272.49	42998.17	13624.53	538557.45	538557.45	0.00	0.00	0.00	0.00	5.10	0.00	0.12
768	64.00	54.00	272.49	42998.17	13624.53	538557.45	538557.45	0.00	0.00	0.00	0.00	5.22	0.00	0.12
769	65.00	54.00	272.49	42998.17	13624.53	538557.45	538557.45	0.00	0.00	0.00	0.00	5.17	0.00	0.12
770	65.00	55.00	272.49	42998.17	13624.53	538557.45	538557.45	0.00	0.00	0.00	0.00	5.25	0.00	0.12
771	66.00	55.00	272.49	42998.17	13624.53	538557.45	538557.45	0.00	0.00	0.00	0.00	5.21	0.00	0.12
772	67.00	55.00	272.49	42998.17	13624.53	538557.45	538557.45	0.00	0.00	0.00	0.00	5.16	0.00	0.12
773	70.00	53.00	272.49	42998.17	13624.53	538557.45	538557.45	0.00	0.00	0.00	0.00	10.05	0.00	0.12
774	71.00	53.00	231.62	51597.80	11580.85	538557.45	538557.45	0.00	0.00	0.00	0.00	9.97	0.00	0.12
775	71.00	54.00	231.62	51597.80	11580.85	538557.45	538557.45	0.00	0.00	0.00	0.00	9.92	0.00	0.12
776	72.00	54.00	231.62	51597.80	11580.85	538557.45	538557.45	0.00	0.00	0.00	0.00	9.84	0.00	0.12
777	73.00	54.00	231.62	51597.80	11580.85	538557.45	538557.45	0.00	0.00	0.00	0.00	9.76	0.00	0.12
778	74.00	54.00	231.62	51597.80	11580.85	538557.45	538557.45	0.00	0.00	0.00	0.00	9.69	0.00	0.12
779	74.00	55.00	231.62	51597.80	11580.85	538557.45	538557.45	0.00	0.00	0.00	0.00	9.70	0.00	0.12
780	25.00	55.00	231.62	51597.80	11580.85	538557.45	538557.45	0.00	0.00	0.00	0.00	15.64	0.00	0.12
781	25.00	56.00	231.62	51597.80	11580.85	538557.45	538557.45	0.00	0.00	0.00	0.00	15.64	0.00	0.12
782	26.00	56.00	231.62	51597.80	11580.85	538557.45	538557.45	0.00	0.00	0.00	0.00	15.44	0.00	0.12
783	26.00	57.00	231.62	51597.80	11580.85	538557.45	538557.45	0.00	0.00	0.00	0.00	15.29	0.00	0.12
784	26.00	58.00	231.62	51597.80	11580.85	538557.45	538557.45	0.00	0.00	0.00	0.00	15.32	0.00	0.12
785	26.00	59.00	231.62	51597.80	11580.85	538557.45	538557.45	0.00	0.00	0.00	0.00	15.55	0.00	0.12
786	26.00	60.00	231.62	51597.80	11580.85	538557.45	538557.45	0.00	0.00	0.00	0.00	15.53	0.00	0.12
787	26.00	61.00	231.62	51597.80	11580.85	538557.45	538557.45	0.00	0.00	0.00	0.00	15.60	0.00	0.12
788	27.00	61.00	231.62	51597.80	11580.85	538557.45	538557.45	0.00	0.00	0.00	0.00	15.42	0.00	0.12
789	27.00	62.00	231.62	51597.80	11580.85	538557.45	538557.45	0.00	0.00	0.00	0.00	15.29	0.00	0.12
790	27.00	63.00	231.62	51597.80	11580.85	538557.45	538557.45	0.00	0.00	0.00	0.00	15.31	0.00	0.12
791	27.00	64.00	231.62	51597.80	11580.85	538557.45	538557.45	0.00	0.00	0.00	0.00	15.28	0.00	0.12
792	28.00	64.00	231.62	51597.80	11580.85	538557.45	538557.45	0.00	0.00	0.00	0.00	15.11	0.00	0.12
793	28.00	65.00	231.62	51597.80	11580.85	538557.45	538557.45	0.00	0.00	0.00	0.00	15.03	0.00	0.12
794	28.00	66.00	231.62	51597.80	11580.85	538557.45	538557.45	0.00	0.00	0.00	0.00	15.09	0.00	0.12
795	28.00	67.00	231.62	51597.80	11580.85	538557.45	538557.45	0.00	0.00	0.00	0.00	15.17	0.00	0.12
796	29.00	67.00	231.62	51597.80	11580.85	538557.45	538557.45	0.00	0.00	0.00	0.00	15.01	0.00	0.12
797	29.00	68.00	231.62	51597.80	11580.85	538557.45	538557.45	0.00	0.00	0.00	0.00	14.91	0.00	0.12
798	30.00	68.00	231.62	51597.80	11580.85	538557.45	538557.45	0.00	0.00	0.00	0.00	14.76	0.00	0.12
799	30.00	69.00	231.62	51597.80	11580.85	538557.45	538557.45	0.00	0.00	0.00	0.00	14.73	0.00	0.12
800	30.00	70.00	231.62	51597.80	11580.85	538557.45	538557.45	0.00	0.00	0.00	0.00	14.64	0.00	0.12
801	31.00	70.00	231.62	51597.80	11580.85	538557.45	538557.45	0.00	0.00	0.00	0.00	14.49	0.00	0.12
802	32.00	70.00	231.62	51597.80	11580.85	538557.45	538557.45	0.00	0.00	0.00	0.00	14.35	0.00	0.12
803	32.00	71.00	231.62	51597.80	11580.85	538557.45	538557.45	0.00	0.00	0.00	0.00	14.43	0.00	0.12
804	33.00	71.00	231.62	51597.80	11580.85	538557.45	538557.45	0.00	0.00	0.00	0.00	14.29	0.00	0.12
805	33.00	72.00	231.62	51597.80	11580.85	538557.45	538557.45	0.00	0.00	0.00	0.00	14.34	0.00	0.12
806	34.00	72.00	231.62	51597.80	11580.85	538557.45	538557.45	0.00	0.00	0.00	0.00	14.21	0.00	0.12
807	34.00	73.00	231.62	51597.80	11580.85	538557.45	538557.45	0.00	0.00	0.00	0.00	14.23	0.00	0.12
808	35.00	73.00	231.62	51597.80	11580.85	538557.45	538557.45	0.00	0.00	0.00	0.00	14.10	0.00	0.12
809	36.00	73.00	231.62	51597.80	11580.85	538557.45	538557.45	0.00	0.00	0.00	0.00	13.97	0.00	0.12
810	36.00	74.00	231.62	51597.80	11580.85	538557.45	538557.45	0.00	0.00	0.00	0.00	13.90	0.00	0.12
811	37.00	74.00	231.62	51597.80	11580.85	538557.45	538557.45	0.00	0.00	0.00	0.00	13.77	0.00	0.12
812	37.00	25.00	231.62	51597.80	11580.85	538557.45	538557.45	0.00	0.00	0.00	0.00	4.37	0.00	0.12
813	38.00	25.00	231.62	51597.80	11580.85	538557.45	538557.45	0.00	0.00	0.00	0.00	4.30	0.00	0.12
814	38.00	26.00	231.62	51597.80	11580.85	538557.45	538557.45	0.00	0.00	0.00	0.00	4.42	0.00	0.12
815	39.00	26.00	231.62	51597.80	11580.85	538557.45	538557.45	0.00	0.00	0.00	0.00	4.35	0.00	0.12
816	39.00	27.00	231.62	51597.80	11580.85	538557.45	538557.45	0.00	0.00	0.00	0.00	4.69	0.00	0.12
817	39.00	28.00	231.62	51597.80	11580.85	538557.45	538557.45	0.00	0.00	0.00	0.00	4.93	0.00	0.12
818	39.00	29.00	231.62	51597.80	11580.85	538557.45	538557.45	0.00	0.00	0.00	0.00	5.17	0.00	0.12
819	40.00	29.00	231.62	51597.80	11580.85	538557.45	538557.45	0.00	0.00	0.00	0.00	5.10	0.00	0.12
820	40.00	30.00	231.62	51597.80	11580.85	538557.45	538557.45	0.00	0.00	0.00	0.00	5.13	0.00	0.12
821	40.00	31.00	231.62	51597.80	11580.85	538557.45	538557.45	0.00	0.00	0.00	0.00	5.22	0.00	0.12
822	41.00	31.00	231.62	51597.80	11580.85	538557.45	538557.45	0.00	0.00	0.00	0.00	5.15	0.00	0.12
823	41.00	32.00	231.62	51597.80	11580.85	538557.45	538557.45	0.00	0.00	0.00	0.00	5.37	0.00	0.12
824	42.00	32.00	231.62	51597.80	11580.85	538557.45	538557.45	0.00	0.00	0.00	0.00	5.30	0.00	0.12
825	43.00	32.00	231.62	51597.80	11580.85	538557.45	538557.45	0.00	0.00	0.00	0.00	5.23	0.00	0.12
826	44.00	32.00	231.62	51597.80	11580.85	538557.45	538557.45	0.00	0.00	0.00	0.00	5.16	0.00	0.12
827	45.00	32.00	231.62	51597.80	11580.85	538557.45	538557.45	0.00	0.00	0.00	0.00	5.09	0.00	0.12
828	45.00	33.00	231.62	51597.80	11580.85	538557.45	538557.45	0.00	0.00	0.00	0.00	5.17	0.00	0.12
829	46.00	33.00	231.62	51597.80	11580.85	538557.45	538557.45	0.00	0.00	0.00	0.00	5.11	0.00	0.12
830	47.00	33.00	231.62	51597.80	11580.85	538557.45	538557.45	0.00	0.00	0.00	0.00	5.04	0.00	0.12
831	47.00	34.00	231.62	51597.80	11580.85	538557.45	538557.45	0.00	0.00	0.00	0.00	5.38	0.00	0.12
832	48.00	34.00	231.62	51597.80	11580.85	538557.45	538557.45	0.00	0.00	0.00	0.00	5.31	0.00	0.12
833	49.00	34.00	231.62	51597.80	11580.85	538557.45	538557.45	0.00	0.00	0.00	0.00	5.25	0.00	0.12
834	50.00	34.00	231.62	51597.80	11580.85	538557.45	538557.45	0.00	0.00	0.00	0.00	5.19	0.00	0.12
835	51.00	34.00	231.62	51597.80	11580.85	538557.45	538557.45	0.00	0.00	0.00	0.00	5.13	0.00	0.12
836	52.00	34.00	231.62	51597.80	11580.85	538557.45	538557.45	0.00	0.00	0.00	0.00	5.07	0.00	0.12
837	53.00	34.00	231.62	51597.80	11580.85	538557.45	538557.45	0.00	0.00	0.00	0.00	5.01	0.00	0.12
838	54.00	34.00	231.62	51597.80	11580.85	538557.45	538557.45	0.00	0.00	0.00	0.00	4.95	0.00	0.12
839	54.00	35.00	231.62	51597.80	11580.85	538557.45	538557.45	0.00	0.00	0.00	0.00	5.06	0.00	0.12
840	55.00	35.00	231.62	51597.80	11580.85	538557.45	538557.45	0.00	0.00	0.00	0.00	5.00	0.00	0.12
841	55.00	36.00	231.62	51597.80	11580.85	538557.45	538557.45	0.00	0.00	0.00	0.00	5.29	0.00	0.12
842	55.00	37.00	231.62	51597.80	11580.85	538557.45	538557.45	0.00	0.00	0.00	0.00	5.26	0.00	0.12
843	56.00	37.00	231.62	51597.80	11580.85	538557.45	538557.45	0.00	0.00	0.00	0.00	5.20	0.00	0.12
844	56.00	38.00	231.62	51597.80	11580.85	538557.45	538557.45	0.00	0.00	0.00	0.00	5.39	0.00	0.12
845	57.00	38.00	231.62	51597.80	11580.85	538557.45	538557.45	0.00	0.00	0.00	0.00	5.33	0.00	0.12
846	58.00	38.00	231.62	51597.80	11580.85	538557.45	538557.45	0.00	0.00	0.00	0.00	5.28	0.00	0.12
847	58.00	39.00	231.62	51597.80	11580.85	538557.45	538557.45	0.00	0.00	0.00	0.00	5.31	0.00	0.12
848	59.00	39.00	231.62	51597.80	11580.85	538557.45	538557.45	0.00	0.00	0.00	0.00	5.26	0.00	0.12
849	60.00	39.00	231.62	51597.80	11580.85	538557.45	538557.45	0.00	0.00	0.00	0.00	5.20	0.00	0.12
850	61.00	39.00	231.62	51597.80	11580.85	538557.45	538557.45	0.00	0.00	0.00	0.00	5.15	0.00	0.12
851	61.00	40.00	231.62	51597.80	11580.85	538557.45	538557.45	0.00	0.00	0.00	0.00	5.21	0.00	0.12
852	62.00	40.00	231.62	51597.80	11580.85	538557.45	538557.45	0.00	0.00	0.00	0.00	5.16	0.00	0.12
853	62.00	41.00	231.62	51597.80	11580.85	538557.45	538557.45	0.00	0.00	0.00	0.00	5.19	0.00	0.12
854	62.00	42.00	231.62	51597.80	11580.85	538557.45	538557.45	0.00	0.00	0.00	0.00	5.17	0.00	0.12
855	62.00	43.00	231.62	51597.80	11580.85	538557.45	538557.45	0.00	0.00	0.00	0.00	5.30	0.00	0.12
856	63.00	43.00	231.62	51597.80	11580.85	538557.45	538557.45	0.00	0.00	0.00	0.00	5.25	0.00	0.12
857	64.00	43.00	231.62	51597.80	11580.85	538557.45	538557.45	0.00	0.00	0.00	0.00	5.20	0.00	0.12
858	65.00	43.00	231.62	51597.80	11580.85	538557.45	538557.45	0.00	0.00	0.00	0.00	5.15	0.00	0.12
859	65.00	44.00	231.62	51597.80	11580.85	538557.45	538557.45	0.00	0.00	0.00	0.00	5.13	0.00	0.12
860	66.00	44.00	231.62	51597.80	11580.85	538557.45	538557.45	0.00	0.00	0.00	0.00	5.08	0.00	0.12
861	67.00	44.00	231.62	51597.80	11580.85	538557.45	538557.45	0.00	0.00	0.00	0.00	5.04	0.00	0.12
862	67.00	45.00	231.62	51597.80	11580.85	538557.45	538557.45	0.00	0.00	0.00	0.00	5.18	0.00	0.12
863	67.00	46.00	231.62	51597.80	11580.85	538557.45	538557.45	0.00	0.00	0.00	0.00	5.23	0.00	0.12
864	68.00	46.00	231.62	51597.80	11580.85	538557.45	538557.45	0.00	0.00	0.00	0.00	5.19	0.00	0.12
865	69.00	46.00	231.62	51597.80	11580.85	538557.45	538557.45	0.00	0.00	0.00	0.00	5.14	0.00	0.12
866	69.00	47.00	231.62	51597.80	11580.85	538557.45	538557.45	0.00	0.00	0.00	0.00	5.26	0.00	0.12
867	69.00	48.00	231.62	51597.80	11580.85	538557.45	538557.45	0.00	0.00	0.00	0.00	5.24	0.00	0.12
868	70.00	48.00	231.62	51597.80	11580.85	538557.45	538557.45	0.00	0.00	0.00	0.00	5.20	0.00	0.12
869	71.00	48.00	231.62	51597.80	11580.85	538557.45	538557.45	0.00	0.00	0.00	0.00	5.15	0.00	0.12
870	71.00	49.00	231.62	51597.80	11580.85	538557.45	538557.45	0.00	0.00	0.00	0.00	5.16	0.00	0.12
871	71.00	50.00	231.62	51597.80	11580.85	538557.45	538557.45	0.00	0.00	0.00	0.00	5.25	0.00	0.12
872	72.00	50.00	231.62	51597.80	11580.85	538557.45	538557.45	0.00	0.00	0.00	0.00	5.21	0.00	0.12
873	72.00	51.00	231.62	51597.80	11580.85	538557.45	538557.45	0.00	0.00	0.00	0.00	5.27	0.00	0.12
874	73.00	51.00	196.87	61917.36	9843.72	538557.45	538557.45	0.00	0.00	0.00	0.00	5.22	0.00	0.12
875	74.00	51.00	196.87	61917.36	9843.72	538557.45	538557.45	0.00	0.00	0.00	0.00	5.18	0.00	0.12
876	74.00	52.00	196.87	61917.36	9843.72	538557.45	538557.45	0.00	0.00	0.00	0.00	5.38	0.00	0.12
877	25.00	52.00	196.87	61917.36	9843.72	538557.45	538557.45	0.00	0.00	0.00	0.00	8.80	0.00	0.12
878	25.00	53.00	196.87	61917.36	9843.72	538557.45	538557.45	0.00	0.00	0.00	0.00	8.73	0.00	0.12
879	26.00	53.00	196.87	61917.36	9843.72	538557.45	538557.45	0.00	0.00	0.00	0.00	8.62	0.00	0.12
880	26.00	54.00	196.87	61917.36	9843.72	538557.45	538557.45	0.00	0.00	0.00	0.00	8.55	0.00	0.12
881	26.00	55.00	196.87	61917.36	9843.72	538557.45	538557.45	0.00	0.00	0.00	0.00	8.58	0.00	0.12
882	26.00	56.00	196.87	61917.36	9843.72	538557.45	538557.45	0.00	0.00	0.00	0.00	8.57	0.00	0.12
883	27.00	56.00	196.87	61917.36	9843.72	538557.45	538557.45	0.00	0.00	0.00	0.00	8.46	0.00	0.12
884	28.00	56.00	196.87	61917.36	9843.72	538557.45	538557.45	0.00	0.00	0.00	0.00	8.36	0.00	0.12
885	29.00	56.00	196.87	61917.36	9843.72	538557.45	538557.45	0.00	0.00	0.00	0.00	8.26	0.00	0.12
886	29.00	57.00	196.87	61917.36	9843.72	538557.45	538557.45	0.00	0.00	0.00	0.00	8.19	0.00	0.12
887	30.00	57.00	196.87	61917.36	9843.72	538557.45	538557.45	0.00	0.00	0.00	0.00	8.10	0.00	0.12
888	31.00	57.00	196.87	61917.36	9843.72	538557.45	538557.45	0.00	0.00	0.00	0.00	8.00	0.00	0.12
889	32.00	57.00	196.87	61917.36	9843.72	538557.45	538557.45	0.00	0.00	0.00	0.00	7.91	0.00	0.12
890	33.00	57.00	196.87	61917.36	9843.72	538557.45	538557.45	0.00	0.00	0.00	0.00	7.83	0.00	0.12
891	34.00	57.00	196.87	61917.36	9843.72	538557.45	538557.45	0.00	0.00	0.00	0.00	7.74	0.00	0.12
892	34.00	58.00	196.87	61917.36	9843.72	538557.45	538557.45	0.00	0.00	0.00	0.00	7.84	0.00	0.12
893	35.00	58.00	196.87	61917.36	9843.72	538557.45	538557.45	0.00	0.00	0.00	0.00	7.75	0.00	0.12
894	35.00	59.00	196.87	61917.36	9843.72	538557.45	538557.45	0.00	0.00	0.00	0.00	7.89	0.00	0.12
895	36.00	59.00	196.87	61917.36	9843.72	538557.45	538557.45	0.00	0.00	0.00	0.00	7.81	0.00	0.12
896	36.00	60.00	196.87	61917.36	9843.72	538557.45	538557.45	0.00	0.00	0.00	0.00	8.11	0.00	0.12
897	36.00	61.00	196.87	61917.36	9843.72	538557.45	538557.45	0.00	0.00	0.00	0.00	8.12	0.00	0.12
898	37.00	61.00	196.87	61917.36	9843.72	538557.45	538557.45	0.00	0.00	0.00	0.00	8.04	0.00	0.12
899	37.00	62.00	196.87	61917.36	9843.72	538557.45	538557.45	0.00	0.00	0.00	0.00	8.09	0.00	0.12
900	37.00	63.00	196.87	61917.36	9843.72	538557.45	538557.45	0.00	0.00	0.00	0.00	8.12	0.00	0.12
901	38.00	63.00	196.87	61917.36	9843.72	538557.45	538557.45	0.00	0.00	0.00	0.00	8.04	0.00	0.12
902	38.00	64.00	196.87	61917.36	9843.72	538557.45	538557.45	0.00	0.00	0.00	0.00	8.28	0.00	0.12
903	38.00	65.00	196.87	61917.36	9843.72	538557.45	538557.45	0.00	0.00	0.00	0.00	8.31	0.00	0.12
904	39.00	65.00	196.87	61917.36	9843.72	538557.45	538557.45	0.00	0.00	0.00	0.00	8.23	0.00	0.12
905	40.00	65.00	196.87	61917.36	9843.72	538557.45	538557.45	0.00	0.00	0.00	0.00	8.15	0.00	0.12
906	41.00	65.00	196.87	61917.36	9843.72	538557.45	538557.45	0.00	0.00	0.00	0.00	8.07	0.00	0.12
907	41.00	66.00	196.87	61917.36	9843.72	538557.45	538557.45	0.00	0.00	0.00	0.00	8.02	0.00	0.12
908	42.00	66.00	196.87	61917.36	9843.72	538557.45	538557.45	0.00	0.00	0.00	0.00	7.95	0.00	0.12
909	42.00	67.00	196.87	61917.36	9843.72	538557.45	538557.45	0.00	0.00	0.00	0.00	7.94	0.00	0.12
910	42.00	68.00	196.87	61917.36	9843.72	538557.45	538557.45	0.00	0.00	0.00	0.00	7.93	0.00	0.12
911	43.00	68.00	196.87	61917.36	9843.72	538557.45	538557.45	0.00	0.00	0.00	0.00	7.86	0.00	0.12
912	43.00	69.00	196.87	61917.36	9843.72	538557.45	538557.45	0.00	0.00	0.00	0.00	7.82	0.00	0.12
913	43.00	70.00	196.87	61917.36	9843.72	538557.45	538557.45	0.00	0.00	0.00	0.00	7.77	0.00	0.12
914	43.00	71.00	196.87	61917.36	9843.72	538557.45	538557.45	0.00	0.00	0.00	0.00	7.82	0.00	0.12
915	43.00	72.00	196.87	61917.36	9843.72	538557.45	538557.45	0.00	0.00	0.00	0.00	7.93	0.00	0.12
916	43.00	73.00	196.87	61917.36	9843.72	538557.45	538557.45	0.00	0.00	0.00	0.00	7.96	0.00	0.12
917	44.00	73.00	196.87	61917.36	9843.72	538557.45	538557.45	0.00	0.00	0.00	0.00	7.90	0.00	0.12
918	44.00	74.00	196.87	61917.36	9843.72	538557.45	538557.45	0.00	0.00	0.00	0.00	7.95	0.00	0.12
919	44.00	25.00	196.87	61917.36	9843.72	538557.45	538557.45	0.00	0.00	0.00	0.00	3.56	0.00	0.12
920	45.00	25.00	196.87	61917.36	9843.72	538557.45	538557.45	0.00	0.00	0.00	0.00	3.51	0.00	0.12
921	45.00	26.00	196.87	61917.36	9843.72	538557.45	538557.45	0.00	0.00	0.00	0.00	3.62	0.00	0.12
922	45.00	27.00	196.87	61917.36	9843.72	538557.45	538557.45	0.00	0.00	0.00	0.00	3.92	0.00	0.12
923	46.00	27.00	196.87	61917.36	9843.72	538557.45	538557.45	0.00	0.00	0.00	0.00	3.87	0.00	0.12
924	46.00	28.00	196.87	61917.36	9843.72	538557.45	538557.45	0.00	0.00	0.00	0.00	4.33	0.00	0.12
925	47.00	28.00	196.87	61917.36	9843.72	538557.45	538557.45	0.00	0.00	0.00	0.00	4.28	0.00	0.12
926	48.00	28.00	196.87	61917.36	9843.72	538557.45	538557.45	0.00	0.00	0.00	0.00	4.22	0.00	0.12
927	49.00	28.00	196.87	61917.36	9843.72	538557.45	538557.45	0.00	0.00	0.00	0.00	4.17	0.00	0.12
928	49.00	29.00	196.87	61917.36	9843.72	538557.45	538557.45	0.00	0.00	0.00	0.00	4.56	0.00	0.12
929	49.00	30.00	196.87	61917.36	9843.72	538557.45	538557.45	0.00	0.00	0.00	0.00	5.34	0.00	0.12
930	49.00	31.00	196.87	61917.36	9843.72	538557.45	538557.45	0.00	0.00	0.00	0.00	5.47	0.00	0.12
931	50.00	31.00	196.87	61917.36	9843.72	538557.45	538557.45	0.00	0.00	0.00	0.00	5.40	0.00	0.12
932	51.00	31.00	196.87	61917.36	9843.72	538557.45	538557.45	0.00	0.00	0.00	0.00	5.33	0.00	0.12
933	52.00	31.00	196.87	61917.36	9843.72	538557.45	538557.45	0.00	0.00	0.00	0.00	5.27	0.00	0.12
934	52.00	32.00	196.87	61917.36	9843.72	538557.45	538557.45	0.00	0.00	0.00	0.00	5.35	0.00	0.12
935	52.00	33.00	196.87	61917.36	9843.72	538557.45	538557.45	0.00	0.00	0.00	0.00	5.42	0.00	0.12
936	53.00	33.00	196.87	61917.36	9843.72	538557.45	538557.45	0.00	0.00	0.00	0.00	5.36	0.00	0.12
937	54.00	33.00	196.87	61917.36	9843.72	538557.45	538557.45	0.00	0.00	0.00	0.00	5.30	0.00	0.12
938	55.00	33.00	196.87	61917.36	9843.72	538557.45	538557.45	0.00	0.00	0.00	0.00	5.24	0.00	0.12
939	55.00	34.00	196.87	61917.36	9843.72	538557.45	538557.45	0.00	0.00	0.00	0.00	5.32	0.00	0.12
940	56.00	34.00	196.87	61917.36	9843.72	538557.45	538557.45	0.00	0.00	0.00	0.00	5.26	0.00	0.12
941	56.00	35.00	196.87	61917.36	9843.72	538557.45	538557.45	0.00	0.00	0.00	0.00	5.24	0.00	0.12
942	57.00	35.00	196.87	61917.36	9843.72	538557.45	538557.45	0.00	0.00	0.00	0.00	5.18	0.00	0.12
943	57.00	36.00	196.87	61917.36	9843.72	538557.45	538557.45	0.00	0.00	0.00	0.00	5.25	0.00	0.12
944	58.00	36.00	196.87	61917.36	9843.72	538557.45	538557.45	0.00	0.00	0.00	0.00	5.19	0.00	0.12
945	58.00	37.00	196.87	61917.36	9843.72	538557.45	538557.45	0.00	0.00	0.00	0.00	5.44	0.00	0.12
946	59.00	37.00	196.87	61917.36	9843.72	538557.45	538557.45	0.00	0.00	0.00	0.00	5.38	0.00	0.12
947	60.00	37.00	196.87	61917.36	9843.72	538557.45	538557.45	0.00	0.00	0.00	0.00	5.32	0.00	0.12
948	61.00	37.00	196.87	61917.36	9843.72	538557.45	538557.45	0.00	0.00	0.00	0.00	5.27	0.00	0.12
949	61.00	38.00	196.87	61917.36	9843.72	538557.45	538557.45	0.00	0.00	0.00	0.00	5.33	0.00	0.12
950	62.00	38.00	196.87	61917.36	9843.72	538557.45	538557.45	0.00	0.00	0.00	0.00	5.28	0.00	0.12
951	62.00	39.00	196.87	61917.36	9843.72	538557.45	538557.45	0.00	0.00	0.00	0.00	5.38	0.00	0.12
952	63.00	39.00	196.87	61917.36	9843.72	538557.45	538557.45	0.00	0.00	0.00	0.00	5.32	0.00	0.12
953	63.00	40.00	196.87	61917.36	9843.72	538557.45	538557.45	0.00	0.00	0.00	0.00	5.36	0.00	0.12
954	64.00	40.00	196.87	61917.36	9843.72	538557.45	538557.45	0.00	0.00	0.00	0.00	5.31	0.00	0.12
955	64.00	41.00	196.87	61917.36	9843.72	538557.45	538557.45	0.00	0.00	0.00	0.00	5.37	0.00	0.12
956	64.00	42.00	196.87	61917.36	9843.72	538557.45	538557.45	0.00	0.00	0.00	0.00	5.73	0.00	0.12
957	65.00	42.00	196.87	61917.36	9843.72	538557.45	538557.45	0.00	0.00	0.00	0.00	5.68	0.00	0.12
958	66.00	42.00	196.87	61917.36	9843.72	538557.45	538557.45	0.00	0.00	0.00	0.00	5.63	0.00	0.12
959	66.00	43.00	196.87	61917.36	9843.72	538557.45	538557.45	0.00	0.00	0.00	0.00	5.77	0.00	0.12
960	67.00	43.00	196.87	61917.36	9843.72	538557.45	538557.45	0.00	0.00	0.00	0.00	5.72	0.00	0.12
961	68.00	43.00	196.87	61917.36	9843.72	538557.45	538557.45	0.00	0.00	0.00	0.00	5.67	0.00	0.12
962	69.00	43.00	196.87	61917.36	9843.72	538557.45	538557.45	0.00	0.00	0.00	0.00	5.62	0.00	0.12
963	70.00	43.00	196.87	61917.36	9843.72	538557.45	538557.45	0.00	0.00	0.00	0.00	5.57	0.00	0.12
964	70.00	44.00	196.87	61917.36	9843.72	538557.45	538557.45	0.00	0.00	0.00	0.00	5.71	0.00	0.12
965	70.00	45.00	196.87	61917.36	9843.72	538557.45	538557.45	0.00	0.00	0.00	0.00	5.71	0.00	0.12
966	70.00	46.00	196.87	61917.36	9843.72	538557.45	538557.45	0.00	0.00	0.00	0.00	5.68	0.00	0.12
967	70.00	47.00	196.87	61917.36	9843.72	538557.45	538557.45	0.00	0.00	0.00	0.00	6.23	0.00	0.12
968	70.00	48.00	196.87	61917.36	9843.72	538557.45	538557.45	0.00	0.00	0.00	0.00	6.30	0.00	0.12
969	71.00	48.00	196.87	61917.36	9843.72	538557.45	538557.45	0.00	0.00	0.00	0.00	6.25	0.00	0.12
970	72.00	48.00	196.87	61917.36	9843.72	538557.45	538557.45	0.00	0.00	0.00	0.00	6.20	0.00	0.12
971	73.00	48.00	196.87	61917.36	9843.72	538557.45	538557.45	0.00	0.00	0.00	0.00	6.15	0.00	0.12
972	73.00	49.00	196.87	61917.36	9843.72	538557.45	538557.45	0.00	0.00	0.00	0.00	6.16	0.00	0.12
973	73.00	50.00	196.87	61917.36	9843.72	538557.45	538557.45	0.00	0.00	0.00	0.00	6.13	0.00	0.12
974	74.00	50.00	167.34	74300.84	8367.16	538557.45	538557.45	0.00	0.00	0.00	0.00	6.08	0.00	0.12
975	25.00	50.00	167.34	74300.84	8367.16	538557.45	538557.45	0.00	0.00	0.00	0.00	10.05	0.00	0.12
976	26.00	50.00	167.34	74300.84	8367.16	538557.45	538557.45	0.00	0.00	0.00	0.00	9.92	0.00	0.12
977	26.00	51.00	167.34	74300.84	8367.16	538557.45	538557.45	0.00	0.00	0.00	0.00	9.83	0.00	0.12
978	26.00	52.00	167.34	74300.84	8367.16	538557.45	538557.45	0.00	0.00	0.00	0.00	9.85	0.00	0.12
979	26.00	53.00	167.34	74300.84	8367.16	538557.45	538557.45	0.00	0.00	0.00	0.00	9.95	0.00	0.12
980	27.00	53.00	167.34	74300.84	8367.16	538557.45	538557.45	0.00	0.00	0.00	0.00	9.82	0.00	0.12
981	27.00	54.00	167.34	74300.84	8367.16	538557.45	538557.45	0.00	0.00	0.00	0.00	9.74	0.00	0.12
982	27.00	55.00	167.34	74300.84	8367.16	538557.45	538557.45	0.00	0.00	0.00	0.00	9.75	0.00	0.12
983	28.00	55.00	167.34	74300.84	8367.16	538557.45	538557.45	0.00	0.00	0.00	0.00	9.63	0.00	0.12
984	28.00	56.00	167.34	74300.84	8367.16	538557.45	538557.45	0.00	0.00	0.00	0.00	9.66	0.00	0.12
985	29.00	56.00	167.34	74300.84	8367.16	538557.45	538557.45	0.00	0.00	0.00	0.00	9.54	0.00	0.12
986	30.00	56.00	167.34	74300.84	8367.16	538557.45	538557.45	0.00	0.00	0.00	0.00	9.43	0.00	0.12
987	31.00	56.00	167.34	74300.84	8367.16	538557.45	538557.45	0.00	0.00	0.00	0.00	9.32	0.00	0.12
988	32.00	56.00	167.34	74300.84	8367.16	538557.45	538557.45	0.00	0.00	0.00	0.00	9.22	0.00	0.12
989	33.00	56.00	167.34	74300.84	8367.16	538557.45	538557.45	0.00	0.00	0.00	0.00	9.11	0.00	0.12
990	33.00	57.00	167.34	74300.84	8367.16	538557.45	538557.45	0.00	0.00	0.00	0.00	9.05	0.00	0.12
991	33.00	58.00	167.34	74300.84	8367.16	538557.45	538557.45	0.00	0.00	0.00	0.00	9.08	0.00	0.12
992	34.00	58.00	167.34	74300.84	8367.16	538557.45	538557.45	0.00	0.00	0.00	0.00	8.98	0.00	0.12
993	34.00	59.00	167.34	74300.84	8367.16	538557.45	538557.45	0.00	0.00	0.00	0.00	8.96	0.00	0.12
994	34.00	60.00	167.34	74300.84	8367.16	538557.45	538557.45	0.00	0.00	0.00	0.00	8.96	0.00	0.12
995	35.00	60.00	167.34	74300.84	8367.16	538557.45	538557.45	0.00	0.00	0.00	0.00	8.87	0.00	0.12
996	36.00	60.00	167.34	74300.84	8367.16	538557.45	538557.45	0.00	0.00	0.00	0.00	8.78	0.00	0.12
997	36.00	61.00	167.34	74300.84	8367.16	538557.45	538557.45	0.00	0.00	0.00	0.00	8.77	0.00	0.12
998	36.00	62.00	167.34	74300.84	8367.16	538557.45	538557.45	0.00	0.00	0.00	0.00	8.71	0.00	0.12
999	37.00	62.00	167.34	74300.84	8367.16	538557.45	538557.45	0.00	0.00	0.00	0.00	8.62	0.00	0.12
1000	38.00	62.00	167.34	74300.84	8367.16	538557.45	538557.45	0.00	0.00	0.00	0.00	8.53	0.00	0.12
