some parameters
Gen.	# feasible solutions	# infeasible solutions	cap. penality	dur. penality	num. penality	best penalized cost	best feasible cost	best cap. violation	best dur. violation	best num. violation	avg cap. violation	avg dur. violation	avg num. violation
1	0.00	51.00	1200.00	12000.00	60000.00	2476171.58	0.00	82.44	92.04	2.00	996.47	164.28	5.84
2	0.00	52.00	1200.00	12000.00	60000.00	2476171.58	0.00	82.44	92.04	2.00	988.09	164.81	5.75
3	0.00	53.00	1200.00	12000.00	60000.00	2476171.58	0.00	82.44	92.04	2.00	983.78	163.59	5.74
4	0.00	54.00	1200.00	12000.00	60000.00	2476171.58	0.00	82.44	92.04	2.00	976.43	165.35	5.67
5	0.00	55.00	1200.00	12000.00	60000.00	2476171.58	0.00	82.44	92.04	2.00	978.23	164.98	5.64
6	0.00	56.00	1200.00	12000.00	60000.00	2258375.22	0.00	11.76	96.21	0.00	960.98	163.75	5.54
7	0.00	57.00	1200.00	12000.00	60000.00	2258375.22	0.00	11.76	96.21	0.00	956.50	163.74	5.49
8	0.00	58.00	1200.00	12000.00	60000.00	2258375.22	0.00	11.76	96.21	0.00	949.17	164.83	5.47
9	0.00	59.00	1200.00	12000.00	60000.00	2258375.22	0.00	11.76	96.21	0.00	941.84	164.61	5.41
10	0.00	60.00	1200.00	12000.00	60000.00	2258375.22	0.00	11.76	96.21	0.00	926.50	166.06	5.33
11	0.00	61.00	1200.00	12000.00	60000.00	2258375.22	0.00	11.76	96.21	0.00	919.57	168.08	5.30
12	0.00	62.00	1200.00	12000.00	60000.00	2258375.22	0.00	11.76	96.21	0.00	911.84	167.53	5.26
13	0.00	63.00	1200.00	12000.00	60000.00	2258375.22	0.00	11.76	96.21	0.00	917.40	169.61	5.30
14	0.00	64.00	1200.00	12000.00	60000.00	2258375.22	0.00	11.76	96.21	0.00	919.88	169.72	5.28
15	0.00	65.00	1200.00	12000.00	60000.00	2258375.22	0.00	11.76	96.21	0.00	915.92	172.24	5.28
16	0.00	66.00	1200.00	12000.00	60000.00	2258375.22	0.00	11.76	96.21	0.00	925.66	172.01	5.30
17	0.00	67.00	1200.00	12000.00	60000.00	2258375.22	0.00	11.76	96.21	0.00	918.27	174.07	5.22
18	0.00	68.00	1200.00	12000.00	60000.00	2258375.22	0.00	11.76	96.21	0.00	908.66	173.57	5.16
19	0.00	69.00	1200.00	12000.00	60000.00	2258375.22	0.00	11.76	96.21	0.00	906.91	173.11	5.14
20	0.00	70.00	1200.00	12000.00	60000.00	2258375.22	0.00	11.76	96.21	0.00	917.59	173.32	5.20
21	0.00	71.00	1200.00	12000.00	60000.00	2258375.22	0.00	11.76	96.21	0.00	908.40	173.13	5.14
22	0.00	72.00	1200.00	12000.00	60000.00	2258375.22	0.00	11.76	96.21	0.00	912.79	173.44	5.17
23	0.00	73.00	1200.00	12000.00	60000.00	2258375.22	0.00	11.76	96.21	0.00	909.95	173.11	5.14
24	0.00	74.00	1200.00	12000.00	60000.00	2258375.22	0.00	11.76	96.21	0.00	905.20	172.28	5.08
25	0.00	25.00	1200.00	12000.00	60000.00	2258375.22	0.00	11.76	96.21	0.00	615.93	143.73	3.52
26	0.00	26.00	1200.00	12000.00	60000.00	2258375.22	0.00	11.76	96.21	0.00	605.36	143.16	3.46
27	0.00	27.00	1200.00	12000.00	60000.00	2258375.22	0.00	11.76	96.21	0.00	591.99	143.41	3.37
28	0.00	28.00	1200.00	12000.00	60000.00	2258375.22	0.00	11.76	96.21	0.00	571.32	142.38	3.29
29	0.00	29.00	1200.00	12000.00	60000.00	2258375.22	0.00	11.76	96.21	0.00	564.37	143.15	3.34
30	0.00	30.00	1200.00	12000.00	60000.00	2258375.22	0.00	11.76	96.21	0.00	562.79	143.48	3.30
31	0.00	31.00	1200.00	12000.00	60000.00	2258375.22	0.00	11.76	96.21	0.00	544.63	142.21	3.19
32	0.00	32.00	1200.00	12000.00	60000.00	2258375.22	0.00	11.76	96.21	0.00	528.17	142.92	3.09
33	0.00	33.00	1200.00	12000.00	60000.00	2258375.22	0.00	11.76	96.21	0.00	524.99	141.90	3.00
34	0.00	34.00	1200.00	12000.00	60000.00	2258375.22	0.00	11.76	96.21	0.00	529.89	144.32	2.97
35	0.00	35.00	1200.00	12000.00	60000.00	2258375.22	0.00	11.76	96.21	0.00	520.28	144.10	2.91
36	0.00	36.00	1200.00	12000.00	60000.00	2258375.22	0.00	11.76	96.21	0.00	526.93	143.28	2.97
37	0.00	37.00	1200.00	12000.00	60000.00	2258375.22	0.00	11.76	96.21	0.00	512.69	142.74	2.89
38	0.00	38.00	1200.00	12000.00	60000.00	2258375.22	0.00	11.76	96.21	0.00	502.80	143.90	2.84
39	0.00	39.00	1200.00	12000.00	60000.00	2258375.22	0.00	11.76	96.21	0.00	512.19	147.82	2.92
40	0.00	40.00	1200.00	12000.00	60000.00	2258375.22	0.00	11.76	96.21	0.00	504.20	147.54	2.85
41	0.00	41.00	1200.00	12000.00	60000.00	2258375.22	0.00	11.76	96.21	0.00	518.96	150.22	2.90
42	0.00	42.00	1200.00	12000.00	60000.00	2258375.22	0.00	11.76	96.21	0.00	506.61	151.48	2.83
43	0.00	43.00	1200.00	12000.00	60000.00	2258375.22	0.00	11.76	96.21	0.00	527.81	154.64	3.00
44	0.00	44.00	1200.00	12000.00	60000.00	2258375.22	0.00	11.76	96.21	0.00	533.07	159.99	3.09
45	0.00	45.00	1200.00	12000.00	60000.00	2258375.22	0.00	11.76	96.21	0.00	521.62	159.06	3.02
46	0.00	46.00	1200.00	12000.00	60000.00	2258375.22	0.00	11.76	96.21	0.00	519.48	157.89	2.96
47	0.00	47.00	1200.00	12000.00	60000.00	2258375.22	0.00	11.76	96.21	0.00	513.23	156.72	2.94
48	0.00	48.00	1200.00	12000.00	60000.00	2258375.22	0.00	11.76	96.21	0.00	513.77	157.25	2.92
49	0.00	49.00	1200.00	12000.00	60000.00	2258375.22	0.00	11.76	96.21	0.00	536.99	157.87	3.10
50	0.00	50.00	1200.00	12000.00	60000.00	2258375.22	0.00	11.76	96.21	0.00	534.88	156.68	3.06
51	0.00	51.00	1200.00	12000.00	60000.00	2258375.22	0.00	11.76	96.21	0.00	529.09	158.51	3.04
52	0.00	52.00	1200.00	12000.00	60000.00	2258375.22	0.00	11.76	96.21	0.00	524.51	158.68	3.02
53	0.00	53.00	1200.00	12000.00	60000.00	2258375.22	0.00	11.76	96.21	0.00	515.32	158.46	2.96
54	0.00	54.00	1200.00	12000.00	60000.00	2258375.22	0.00	11.76	96.21	0.00	505.78	159.15	2.91
55	0.00	55.00	1200.00	12000.00	60000.00	2258375.22	0.00	11.76	96.21	0.00	504.59	159.53	2.91
56	0.00	56.00	1200.00	12000.00	60000.00	2258375.22	0.00	11.76	96.21	0.00	495.58	158.50	2.86
57	0.00	57.00	1200.00	12000.00	60000.00	2258375.22	0.00	11.76	96.21	0.00	496.04	159.14	2.81
58	0.00	58.00	1200.00	12000.00	60000.00	2258375.22	0.00	11.76	96.21	0.00	497.11	158.14	2.78
59	0.00	59.00	1200.00	12000.00	60000.00	2258375.22	0.00	11.76	96.21	0.00	488.92	157.09	2.73
60	0.00	60.00	1200.00	12000.00	60000.00	2258375.22	0.00	11.76	96.21	0.00	480.97	156.33	2.68
61	0.00	61.00	1200.00	12000.00	60000.00	2258375.22	0.00	11.76	96.21	0.00	480.30	155.97	2.69
62	0.00	62.00	1200.00	12000.00	60000.00	2258375.22	0.00	11.76	96.21	0.00	476.19	156.93	2.68
63	0.00	63.00	1200.00	12000.00	60000.00	2258375.22	0.00	11.76	96.21	0.00	475.87	157.10	2.68
64	0.00	64.00	1200.00	12000.00	60000.00	2258375.22	0.00	11.76	96.21	0.00	471.69	157.18	2.67
65	0.00	65.00	1200.00	12000.00	60000.00	2258375.22	0.00	11.76	96.21	0.00	469.87	158.41	2.66
66	0.00	66.00	1200.00	12000.00	60000.00	2258375.22	0.00	11.76	96.21	0.00	474.82	159.25	2.68
67	0.00	67.00	1200.00	12000.00	60000.00	2258375.22	0.00	11.76	96.21	0.00	475.05	159.97	2.73
68	0.00	68.00	1200.00	12000.00	60000.00	2258375.22	0.00	11.76	96.21	0.00	469.27	163.52	2.69
69	0.00	69.00	1200.00	12000.00	60000.00	2258375.22	0.00	11.76	96.21	0.00	462.47	165.95	2.65
70	0.00	70.00	1200.00	12000.00	60000.00	2258375.22	0.00	11.76	96.21	0.00	462.35	165.70	2.66
71	0.00	71.00	1200.00	12000.00	60000.00	2258375.22	0.00	11.76	96.21	0.00	462.43	167.10	2.68
72	0.00	72.00	1200.00	12000.00	60000.00	2258375.22	0.00	11.76	96.21	0.00	460.32	169.38	2.65
73	0.00	73.00	1200.00	12000.00	60000.00	2258375.22	0.00	11.76	96.21	0.00	461.92	173.70	2.66
74	0.00	74.00	1200.00	12000.00	60000.00	2258375.22	0.00	11.76	96.21	0.00	455.83	172.73	2.62
75	0.00	25.00	1200.00	12000.00	60000.00	2258375.22	0.00	11.76	96.21	0.00	298.62	127.18	1.52
76	0.00	26.00	1200.00	12000.00	60000.00	2012015.50	0.00	0.00	77.26	0.00	287.14	125.26	1.46
77	0.00	27.00	1200.00	12000.00	60000.00	2012015.50	0.00	0.00	77.26	0.00	276.50	124.10	1.41
78	0.00	28.00	1200.00	12000.00	60000.00	2012015.50	0.00	0.00	77.26	0.00	266.63	125.59	1.36
79	0.00	29.00	1200.00	12000.00	60000.00	2012015.50	0.00	0.00	77.26	0.00	257.43	124.76	1.31
80	0.00	30.00	1200.00	12000.00	60000.00	2012015.50	0.00	0.00	77.26	0.00	260.56	134.27	1.37
81	0.00	31.00	1200.00	12000.00	60000.00	2012015.50	0.00	0.00	77.26	0.00	252.16	132.67	1.32
82	0.00	32.00	1200.00	12000.00	60000.00	2012015.50	0.00	0.00	77.26	0.00	246.69	135.07	1.31
83	0.00	33.00	1200.00	12000.00	60000.00	2012015.50	0.00	0.00	77.26	0.00	239.22	134.88	1.27
84	0.00	34.00	1200.00	12000.00	60000.00	2012015.50	0.00	0.00	77.26	0.00	232.58	133.55	1.24
85	0.00	35.00	1200.00	12000.00	60000.00	2012015.50	0.00	0.00	77.26	0.00	225.94	133.26	1.20
86	0.00	36.00	1200.00	12000.00	60000.00	2012015.50	0.00	0.00	77.26	0.00	220.26	132.76	1.19
87	0.00	37.00	1200.00	12000.00	60000.00	2012015.50	0.00	0.00	77.26	0.00	225.74	133.18	1.16
88	0.00	38.00	1200.00	12000.00	60000.00	2012015.50	0.00	0.00	77.26	0.00	227.39	133.94	1.18
89	0.00	39.00	1200.00	12000.00	60000.00	2012015.50	0.00	0.00	77.26	0.00	221.56	135.16	1.15
90	0.00	40.00	1200.00	12000.00	60000.00	2012015.50	0.00	0.00	77.26	0.00	216.02	134.51	1.12
91	0.00	41.00	1200.00	12000.00	60000.00	2012015.50	0.00	0.00	77.26	0.00	210.75	136.00	1.10
92	0.00	42.00	1200.00	12000.00	60000.00	2012015.50	0.00	0.00	77.26	0.00	239.50	139.89	1.31
93	0.00	43.00	1200.00	12000.00	60000.00	2012015.50	0.00	0.00	77.26	0.00	242.26	150.18	1.30
94	0.00	44.00	1200.00	12000.00	60000.00	2012015.50	0.00	0.00	77.26	0.00	241.18	150.03	1.27
95	0.00	45.00	1200.00	12000.00	60000.00	2012015.50	0.00	0.00	77.26	0.00	235.82	149.47	1.24
96	0.00	46.00	1200.00	12000.00	60000.00	2012015.50	0.00	0.00	77.26	0.00	230.70	148.91	1.22
97	0.00	47.00	1200.00	12000.00	60000.00	2012015.50	0.00	0.00	77.26	0.00	235.16	148.19	1.26
98	0.00	48.00	1200.00	12000.00	60000.00	2012015.50	0.00	0.00	77.26	0.00	231.44	149.67	1.23
99	0.00	49.00	1200.00	12000.00	60000.00	2012015.50	0.00	0.00	77.26	0.00	253.89	150.93	1.35
100	0.00	50.00	1200.00	12000.00	60000.00	2012015.50	0.00	0.00	77.26	0.00	271.69	153.36	1.46
101	0.00	51.00	1440.00	14400.00	72000.00	2197439.50	0.00	0.00	77.26	0.00	272.53	156.37	1.43
102	0.00	52.00	1440.00	14400.00	72000.00	2197439.50	0.00	0.00	77.26	0.00	267.29	155.26	1.40
103	0.00	53.00	1440.00	14400.00	72000.00	2197439.50	0.00	0.00	77.26	0.00	262.25	155.16	1.38
104	0.00	54.00	1440.00	14400.00	72000.00	2197439.50	0.00	0.00	77.26	0.00	257.39	155.16	1.35
105	0.00	55.00	1440.00	14400.00	72000.00	2197439.50	0.00	0.00	77.26	0.00	260.56	155.06	1.35
106	0.00	56.00	1440.00	14400.00	72000.00	2197439.50	0.00	0.00	77.26	0.00	256.22	154.64	1.34
107	0.00	57.00	1440.00	14400.00	72000.00	2197439.50	0.00	0.00	77.26	0.00	257.45	157.69	1.32
108	0.00	58.00	1440.00	14400.00	72000.00	2197439.50	0.00	0.00	77.26	0.00	253.01	157.07	1.29
109	0.00	59.00	1440.00	14400.00	72000.00	2197439.50	0.00	0.00	77.26	0.00	249.09	156.51	1.29
110	0.00	60.00	1440.00	14400.00	72000.00	2197439.50	0.00	0.00	77.26	0.00	249.98	155.68	1.30
111	0.00	61.00	1440.00	14400.00	72000.00	2197439.50	0.00	0.00	77.26	0.00	267.37	158.08	1.41
112	0.00	62.00	1440.00	14400.00	72000.00	2197439.50	0.00	0.00	77.26	0.00	263.91	158.20	1.39
113	0.00	63.00	1440.00	14400.00	72000.00	2197439.50	0.00	0.00	77.26	0.00	259.91	163.46	1.37
114	0.00	64.00	1440.00	14400.00	72000.00	2197439.50	0.00	0.00	77.26	0.00	257.12	163.26	1.38
115	0.00	65.00	1440.00	14400.00	72000.00	2197439.50	0.00	0.00	77.26	0.00	253.34	165.53	1.35
116	0.00	66.00	1440.00	14400.00	72000.00	2197439.50	0.00	0.00	77.26	0.00	249.50	164.91	1.33
117	0.00	67.00	1440.00	14400.00	72000.00	2197439.50	0.00	0.00	77.26	0.00	248.40	169.51	1.33
118	0.00	68.00	1440.00	14400.00	72000.00	2197439.50	0.00	0.00	77.26	0.00	244.75	170.11	1.31
119	0.00	69.00	1440.00	14400.00	72000.00	2197439.50	0.00	0.00	77.26	0.00	245.04	171.28	1.30
120	0.00	70.00	1440.00	14400.00	72000.00	2197439.50	0.00	0.00	77.26	0.00	242.29	170.65	1.29
121	0.00	71.00	1440.00	14400.00	72000.00	2197439.50	0.00	0.00	77.26	0.00	255.22	170.50	1.37
122	0.00	72.00	1440.00	14400.00	72000.00	2197439.50	0.00	0.00	77.26	0.00	260.13	171.30	1.42
123	0.00	73.00	1440.00	14400.00	72000.00	2197439.50	0.00	0.00	77.26	0.00	257.48	170.44	1.41
124	0.00	74.00	1440.00	14400.00	72000.00	2197439.50	0.00	0.00	77.26	0.00	255.68	173.21	1.41
125	0.00	25.00	1440.00	14400.00	72000.00	2197439.50	0.00	0.00	77.26	0.00	56.39	115.51	0.40
126	0.00	26.00	1440.00	14400.00	72000.00	2197439.50	0.00	0.00	77.26	0.00	54.22	115.40	0.38
127	0.00	27.00	1440.00	14400.00	72000.00	2197439.50	0.00	0.00	77.26	0.00	54.22	116.46	0.44
128	0.00	28.00	1440.00	14400.00	72000.00	2197439.50	0.00	0.00	77.26	0.00	57.93	129.14	0.43
129	0.00	29.00	1440.00	14400.00	72000.00	2197439.50	0.00	0.00	77.26	0.00	56.39	130.31	0.45
130	0.00	30.00	1440.00	14400.00	72000.00	2197439.50	0.00	0.00	77.26	0.00	54.51	129.12	0.43
131	0.00	31.00	1440.00	14400.00	72000.00	2197439.50	0.00	0.00	77.26	0.00	66.91	139.92	0.48
132	0.00	32.00	1440.00	14400.00	72000.00	2197439.50	0.00	0.00	77.26	0.00	78.30	151.58	0.53
133	0.00	33.00	1440.00	14400.00	72000.00	2197439.50	0.00	0.00	77.26	0.00	82.93	154.13	0.64
134	0.00	34.00	1440.00	14400.00	72000.00	2197439.50	0.00	0.00	77.26	0.00	80.49	152.63	0.62
135	0.00	35.00	1440.00	14400.00	72000.00	2197439.50	0.00	0.00	77.26	0.00	78.19	151.33	0.60
136	0.00	36.00	1440.00	14400.00	72000.00	2197439.50	0.00	0.00	77.26	0.00	82.22	150.77	0.61
137	0.00	37.00	1440.00	14400.00	72000.00	2197439.50	0.00	0.00	77.26	0.00	100.52	164.47	0.78
138	0.00	38.00	1440.00	14400.00	72000.00	2197439.50	0.00	0.00	77.26	0.00	98.42	168.08	0.79
139	0.00	39.00	1440.00	14400.00	72000.00	2197439.50	0.00	0.00	77.26	0.00	100.29	166.96	0.77
140	0.00	40.00	1440.00	14400.00	72000.00	2197439.50	0.00	0.00	77.26	0.00	101.69	174.92	0.75
141	0.00	41.00	1440.00	14400.00	72000.00	2197439.50	0.00	0.00	77.26	0.00	100.32	172.79	0.73
142	0.00	42.00	1440.00	14400.00	72000.00	2197439.50	0.00	0.00	77.26	0.00	104.29	185.77	0.74
143	0.00	43.00	1440.00	14400.00	72000.00	2197439.50	0.00	0.00	77.26	0.00	105.55	197.63	0.74
144	0.00	44.00	1440.00	14400.00	72000.00	2197439.50	0.00	0.00	77.26	0.00	115.72	197.78	0.82
145	0.00	45.00	1440.00	14400.00	72000.00	2197439.50	0.00	0.00	77.26	0.00	123.44	210.48	0.87
146	0.00	46.00	1440.00	14400.00	72000.00	2197439.50	0.00	0.00	77.26	0.00	121.75	207.32	0.85
147	0.00	47.00	1440.00	14400.00	72000.00	2197439.50	0.00	0.00	77.26	0.00	126.73	206.65	0.85
148	0.00	48.00	1440.00	14400.00	72000.00	2197439.50	0.00	0.00	77.26	0.00	127.48	206.18	0.85
149	0.00	49.00	1440.00	14400.00	72000.00	2197439.50	0.00	0.00	77.26	0.00	124.88	205.28	0.84
150	0.00	50.00	1440.00	14400.00	72000.00	2197439.50	0.00	0.00	77.26	0.00	126.08	207.53	0.82
151	0.00	51.00	1440.00	14400.00	72000.00	2197439.50	0.00	0.00	77.26	0.00	129.40	207.48	0.82
152	0.00	52.00	1440.00	14400.00	72000.00	2197439.50	0.00	0.00	77.26	0.00	127.91	206.49	0.83
153	0.00	53.00	1440.00	14400.00	72000.00	2197439.50	0.00	0.00	77.26	0.00	125.50	204.38	0.81
154	0.00	54.00	1440.00	14400.00	72000.00	2197439.50	0.00	0.00	77.26	0.00	133.41	203.56	0.85
155	0.00	55.00	1440.00	14400.00	72000.00	2197439.50	0.00	0.00	77.26	0.00	139.41	212.58	0.89
156	0.00	56.00	1440.00	14400.00	72000.00	2197439.50	0.00	0.00	77.26	0.00	136.92	210.83	0.88
157	0.00	57.00	1440.00	14400.00	72000.00	2197439.50	0.00	0.00	77.26	0.00	136.13	210.17	0.86
158	0.00	58.00	1440.00	14400.00	72000.00	2197439.50	0.00	0.00	77.26	0.00	134.85	208.35	0.88
159	0.00	59.00	1440.00	14400.00	72000.00	2197439.50	0.00	0.00	77.26	0.00	142.47	207.80	0.90
160	0.00	60.00	1440.00	14400.00	72000.00	2197439.50	0.00	0.00	77.26	0.00	143.81	206.23	0.90
161	0.00	61.00	1440.00	14400.00	72000.00	2197439.50	0.00	0.00	77.26	0.00	143.34	205.16	0.89
162	0.00	62.00	1440.00	14400.00	72000.00	2197439.50	0.00	0.00	77.26	0.00	141.03	203.93	0.87
163	0.00	63.00	1440.00	14400.00	72000.00	2197439.50	0.00	0.00	77.26	0.00	148.07	203.24	0.89
164	0.00	64.00	1440.00	14400.00	72000.00	2197439.50	0.00	0.00	77.26	0.00	147.45	201.96	0.91
165	0.00	65.00	1440.00	14400.00	72000.00	2197439.50	0.00	0.00	77.26	0.00	145.43	200.55	0.89
166	0.00	66.00	1440.00	14400.00	72000.00	2197439.50	0.00	0.00	77.26	0.00	145.22	199.34	0.89
167	0.00	67.00	1440.00	14400.00	72000.00	2197439.50	0.00	0.00	77.26	0.00	143.92	197.61	0.90
168	0.00	68.00	1440.00	14400.00	72000.00	2197439.50	0.00	0.00	77.26	0.00	148.61	203.41	0.93
169	0.00	69.00	1440.00	14400.00	72000.00	2197439.50	0.00	0.00	77.26	0.00	148.47	203.21	0.93
170	0.00	70.00	1440.00	14400.00	72000.00	2197439.50	0.00	0.00	77.26	0.00	152.47	203.95	0.96
171	0.00	71.00	1440.00	14400.00	72000.00	2197439.50	0.00	0.00	77.26	0.00	155.00	211.57	0.97
172	0.00	72.00	1440.00	14400.00	72000.00	2197439.50	0.00	0.00	77.26	0.00	158.32	215.05	0.97
173	0.00	73.00	1440.00	14400.00	72000.00	2197439.50	0.00	0.00	77.26	0.00	161.47	217.63	1.01
174	0.00	74.00	1440.00	14400.00	72000.00	2197439.50	0.00	0.00	77.26	0.00	165.13	224.63	1.03
175	0.00	25.00	1440.00	14400.00	72000.00	2197439.50	0.00	0.00	77.26	0.00	33.19	112.96	0.24
176	0.00	26.00	1440.00	14400.00	72000.00	2197439.50	0.00	0.00	77.26	0.00	34.15	116.91	0.27
177	0.00	27.00	1440.00	14400.00	72000.00	2197439.50	0.00	0.00	77.26	0.00	50.04	139.52	0.37
178	0.00	28.00	1440.00	14400.00	72000.00	2197439.50	0.00	0.00	77.26	0.00	53.92	160.17	0.39
179	0.00	29.00	1440.00	14400.00	72000.00	2197439.50	0.00	0.00	77.26	0.00	69.89	168.11	0.41
180	0.00	30.00	1440.00	14400.00	72000.00	2197439.50	0.00	0.00	77.26	0.00	75.92	167.30	0.50
181	0.00	31.00	1440.00	14400.00	72000.00	2197439.50	0.00	0.00	77.26	0.00	81.12	168.11	0.55
182	0.00	32.00	1440.00	14400.00	72000.00	2197439.50	0.00	0.00	77.26	0.00	81.57	171.65	0.56
183	0.00	33.00	1440.00	14400.00	72000.00	2197439.50	0.00	0.00	77.26	0.00	79.58	170.19	0.55
184	0.00	34.00	1440.00	14400.00	72000.00	2197439.50	0.00	0.00	77.26	0.00	85.03	172.24	0.56
185	0.00	35.00	1440.00	14400.00	72000.00	2197439.50	0.00	0.00	77.26	0.00	86.11	181.91	0.57
186	0.00	36.00	1440.00	14400.00	72000.00	2197439.50	0.00	0.00	77.26	0.00	100.51	181.51	0.64
187	0.00	37.00	1440.00	14400.00	72000.00	2197439.50	0.00	0.00	77.26	0.00	97.80	179.18	0.62
188	0.00	38.00	1440.00	14400.00	72000.00	2197439.50	0.00	0.00	77.26	0.00	95.22	180.71	0.61
189	0.00	39.00	1440.00	14400.00	72000.00	2197439.50	0.00	0.00	77.26	0.00	99.80	180.06	0.69
190	0.00	40.00	1440.00	14400.00	72000.00	2197439.50	0.00	0.00	77.26	0.00	111.58	180.08	0.72
191	0.00	41.00	1440.00	14400.00	72000.00	2197439.50	0.00	0.00	77.26	0.00	111.83	178.85	0.76
192	0.00	42.00	1440.00	14400.00	72000.00	2197439.50	0.00	0.00	77.26	0.00	109.17	177.88	0.74
193	0.00	43.00	1440.00	14400.00	72000.00	2197439.50	0.00	0.00	77.26	0.00	112.35	177.53	0.74
194	0.00	44.00	1440.00	14400.00	72000.00	2197439.50	0.00	0.00	77.26	0.00	118.26	177.41	0.77
195	0.00	45.00	1440.00	14400.00	72000.00	2197439.50	0.00	0.00	77.26	0.00	117.92	175.32	0.80
196	0.00	46.00	1440.00	14400.00	72000.00	2197439.50	0.00	0.00	77.26	0.00	129.45	174.60	0.87
197	0.00	47.00	1440.00	14400.00	72000.00	2197439.50	0.00	0.00	77.26	0.00	126.70	173.99	0.87
198	0.00	48.00	1440.00	14400.00	72000.00	2197439.50	0.00	0.00	77.26	0.00	129.28	176.65	0.88
199	0.00	49.00	1440.00	14400.00	72000.00	2197439.50	0.00	0.00	77.26	0.00	139.90	176.56	0.94
200	0.00	50.00	1440.00	14400.00	72000.00	2197439.50	0.00	0.00	77.26	0.00	139.74	175.50	0.94
201	0.00	51.00	1728.00	17280.00	86400.00	2414844.80	0.00	45.56	64.94	0.00	141.18	182.92	0.92
202	0.00	52.00	1728.00	17280.00	86400.00	2414844.80	0.00	45.56	64.94	0.00	141.94	182.47	0.92
203	0.00	53.00	1728.00	17280.00	86400.00	2414844.80	0.00	45.56	64.94	0.00	139.26	181.47	0.91
204	0.00	54.00	1728.00	17280.00	86400.00	2414844.80	0.00	45.56	64.94	0.00	136.69	182.89	0.89
205	0.00	55.00	1728.00	17280.00	86400.00	2414844.80	0.00	45.56	64.94	0.00	135.15	181.55	0.89
206	0.00	56.00	1728.00	17280.00	86400.00	2414844.80	0.00	45.56	64.94	0.00	133.02	180.86	0.88
207	0.00	57.00	1728.00	17280.00	86400.00	2414844.80	0.00	45.56	64.94	0.00	130.69	180.02	0.88
208	0.00	58.00	1728.00	17280.00	86400.00	2414844.80	0.00	45.56	64.94	0.00	133.51	181.73	0.90
209	0.00	59.00	1728.00	17280.00	86400.00	2414844.80	0.00	45.56	64.94	0.00	140.01	185.25	0.90
210	0.00	60.00	1728.00	17280.00	86400.00	2414844.80	0.00	45.56	64.94	0.00	137.68	184.43	0.90
211	0.00	61.00	1728.00	17280.00	86400.00	2414844.80	0.00	45.56	64.94	0.00	149.34	185.71	0.97
212	0.00	62.00	1728.00	17280.00	86400.00	2414844.80	0.00	45.56	64.94	0.00	159.60	195.97	1.06
213	0.00	63.00	1728.00	17280.00	86400.00	2414844.80	0.00	45.56	64.94	0.00	157.06	196.76	1.06
214	0.00	64.00	1728.00	17280.00	86400.00	2414844.80	0.00	45.56	64.94	0.00	158.82	195.57	1.08
215	0.00	65.00	1728.00	17280.00	86400.00	2414844.80	0.00	45.56	64.94	0.00	158.82	202.00	1.08
216	0.00	66.00	1728.00	17280.00	86400.00	2414844.80	0.00	45.56	64.94	0.00	162.95	210.75	1.09
217	0.00	67.00	1728.00	17280.00	86400.00	2414844.80	0.00	45.56	64.94	0.00	162.78	211.31	1.09
218	0.00	68.00	1728.00	17280.00	86400.00	2414844.80	0.00	45.56	64.94	0.00	165.64	214.98	1.10
219	0.00	69.00	1728.00	17280.00	86400.00	2414844.80	0.00	45.56	64.94	0.00	175.40	224.48	1.19
220	0.00	70.00	1728.00	17280.00	86400.00	2414844.80	0.00	45.56	64.94	0.00	174.19	227.55	1.17
221	0.00	71.00	1728.00	17280.00	86400.00	2414844.80	0.00	45.56	64.94	0.00	175.35	226.57	1.20
222	0.00	72.00	1728.00	17280.00	86400.00	2414844.80	0.00	45.56	64.94	0.00	174.16	227.98	1.19
223	0.00	73.00	1728.00	17280.00	86400.00	2414844.80	0.00	45.56	64.94	0.00	173.03	226.34	1.19
224	0.00	74.00	1728.00	17280.00	86400.00	2414844.80	0.00	45.56	64.94	0.00	170.87	225.28	1.18
225	0.00	25.00	1728.00	17280.00	86400.00	2414844.80	0.00	45.56	64.94	0.00	28.79	108.23	0.32
226	0.00	26.00	1728.00	17280.00	86400.00	2414844.80	0.00	45.56	64.94	0.00	39.38	121.32	0.42
227	0.00	27.00	1728.00	17280.00	86400.00	2414844.80	0.00	45.56	64.94	0.00	52.32	140.54	0.52
228	0.00	28.00	1728.00	17280.00	86400.00	2414844.80	0.00	45.56	64.94	0.00	50.45	138.52	0.50
229	0.00	29.00	1728.00	17280.00	86400.00	2414844.80	0.00	45.56	64.94	0.00	76.42	147.62	0.66
230	0.00	30.00	1728.00	17280.00	86400.00	2414844.80	0.00	45.56	64.94	0.00	88.69	149.05	0.73
231	0.00	31.00	1728.00	17280.00	86400.00	2414844.80	0.00	45.56	64.94	0.00	85.83	149.25	0.71
232	0.00	32.00	1728.00	17280.00	86400.00	2414844.80	0.00	45.56	64.94	0.00	110.19	164.24	0.91
233	0.00	33.00	1728.00	17280.00	86400.00	2414844.80	0.00	45.56	64.94	0.00	124.87	164.51	0.97
234	0.00	34.00	1728.00	17280.00	86400.00	2414844.80	0.00	45.56	64.94	0.00	127.34	168.38	1.00
235	0.00	35.00	1728.00	17280.00	86400.00	2414844.80	0.00	45.56	64.94	0.00	139.20	171.23	1.06
236	0.00	36.00	1728.00	17280.00	86400.00	2414844.80	0.00	45.56	64.94	0.00	141.98	171.45	1.08
237	0.00	37.00	1728.00	17280.00	86400.00	2414844.80	0.00	45.56	64.94	0.00	138.56	170.77	1.05
238	0.00	38.00	1728.00	17280.00	86400.00	2414844.80	0.00	45.56	64.94	0.00	146.27	178.68	1.08
239	0.00	39.00	1728.00	17280.00	86400.00	2414844.80	0.00	45.56	64.94	0.00	154.09	186.08	1.15
240	0.00	40.00	1728.00	17280.00	86400.00	2414844.80	0.00	45.56	64.94	0.00	155.91	185.32	1.20
241	0.00	41.00	1728.00	17280.00	86400.00	2414844.80	0.00	45.56	64.94	0.00	158.38	184.21	1.22
242	0.00	42.00	1728.00	17280.00	86400.00	2414844.80	0.00	45.56	64.94	0.00	162.52	194.77	1.24
243	0.00	43.00	1728.00	17280.00	86400.00	2414844.80	0.00	45.56	64.94	0.00	158.74	192.15	1.21
244	0.00	44.00	1728.00	17280.00	86400.00	2414844.80	0.00	45.56	64.94	0.00	164.12	195.41	1.25
245	0.00	45.00	1728.00	17280.00	86400.00	2414844.80	0.00	45.56	64.94	0.00	182.73	195.83	1.40
246	0.00	46.00	1728.00	17280.00	86400.00	2414844.80	0.00	45.56	64.94	0.00	178.75	199.40	1.37
247	0.00	47.00	1728.00	17280.00	86400.00	2414844.80	0.00	45.56	64.94	0.00	186.48	204.23	1.45
248	0.00	48.00	1728.00	17280.00	86400.00	2414844.80	0.00	45.56	64.94	0.00	191.90	203.63	1.50
249	0.00	49.00	1728.00	17280.00	86400.00	2414844.80	0.00	45.56	64.94	0.00	190.47	203.24	1.51
250	0.00	50.00	1728.00	17280.00	86400.00	2414844.80	0.00	45.56	64.94	0.00	187.49	203.60	1.48
251	0.00	51.00	1728.00	17280.00	86400.00	2414844.80	0.00	45.56	64.94	0.00	187.99	201.51	1.47
252	0.00	52.00	1728.00	17280.00	86400.00	2414844.80	0.00	45.56	64.94	0.00	199.80	200.05	1.50
253	0.00	53.00	1728.00	17280.00	86400.00	2414844.80	0.00	45.56	64.94	0.00	196.03	198.49	1.47
254	0.00	54.00	1728.00	17280.00	86400.00	2414844.80	0.00	45.56	64.94	0.00	197.15	198.26	1.48
255	0.00	55.00	1728.00	17280.00	86400.00	2414844.80	0.00	45.56	64.94	0.00	202.73	197.49	1.53
256	0.00	56.00	1728.00	17280.00	86400.00	2414844.80	0.00	45.56	64.94	0.00	210.88	201.09	1.59
257	0.00	57.00	1728.00	17280.00	86400.00	2414844.80	0.00	45.56	64.94	0.00	211.51	199.49	1.56
258	0.00	58.00	1728.00	17280.00	86400.00	2414844.80	0.00	45.56	64.94	0.00	211.38	197.70	1.57
259	0.00	59.00	1728.00	17280.00	86400.00	2414844.80	0.00	45.56	64.94	0.00	213.63	199.42	1.61
260	0.00	60.00	1728.00	17280.00	86400.00	2414844.80	0.00	45.56	64.94	0.00	210.07	197.94	1.60
261	0.00	61.00	1728.00	17280.00	86400.00	2414844.80	0.00	45.56	64.94	0.00	210.83	196.58	1.59
262	0.00	62.00	1728.00	17280.00	86400.00	2414844.80	0.00	45.56	64.94	0.00	209.43	195.49	1.56
263	0.00	63.00	1728.00	17280.00	86400.00	2354587.96	0.00	0.00	74.74	0.00	206.11	193.57	1.54
264	0.00	64.00	1728.00	17280.00	86400.00	2354587.96	0.00	0.00	74.74	0.00	204.83	192.65	1.52
265	0.00	65.00	1728.00	17280.00	86400.00	2354587.96	0.00	0.00	74.74	0.00	201.67	195.31	1.49
266	0.00	66.00	1728.00	17280.00	86400.00	2354587.96	0.00	0.00	74.74	0.00	198.62	193.53	1.48
267	0.00	67.00	1728.00	17280.00	86400.00	2354587.96	0.00	0.00	74.74	0.00	205.33	193.37	1.52
268	0.00	68.00	1728.00	17280.00	86400.00	2354587.96	0.00	0.00	74.74	0.00	202.31	195.69	1.50
269	0.00	69.00	1728.00	17280.00	86400.00	2354587.96	0.00	0.00	74.74	0.00	203.82	200.45	1.51
270	0.00	70.00	1728.00	17280.00	86400.00	2354587.96	0.00	0.00	74.74	0.00	202.20	198.66	1.50
271	0.00	71.00	1728.00	17280.00	86400.00	2354587.96	0.00	0.00	74.74	0.00	199.65	197.54	1.49
272	0.00	72.00	1728.00	17280.00	86400.00	2354587.96	0.00	0.00	74.74	0.00	199.38	197.65	1.50
273	0.00	73.00	1728.00	17280.00	86400.00	2354587.96	0.00	0.00	74.74	0.00	196.65	197.73	1.48
274	0.00	74.00	1728.00	17280.00	86400.00	2354587.96	0.00	0.00	74.74	0.00	193.99	196.82	1.46
275	0.00	25.00	1728.00	17280.00	86400.00	2354587.96	0.00	0.00	74.74	0.00	43.10	107.80	0.36
276	0.00	26.00	1728.00	17280.00	86400.00	2354587.96	0.00	0.00	74.74	0.00	55.94	136.70	0.46
277	0.00	27.00	1728.00	17280.00	86400.00	2354587.96	0.00	0.00	74.74	0.00	56.03	148.57	0.48
278	0.00	28.00	1728.00	17280.00	86400.00	2354587.96	0.00	0.00	74.74	0.00	57.17	147.12	0.54
279	0.00	29.00	1728.00	17280.00	86400.00	2354587.96	0.00	0.00	74.74	0.00	58.00	145.64	0.55
280	0.00	30.00	1728.00	17280.00	86400.00	2354587.96	0.00	0.00	74.74	0.00	82.86	150.84	0.63
281	0.00	31.00	1728.00	17280.00	86400.00	2354587.96	0.00	0.00	74.74	0.00	80.62	149.77	0.61
282	0.00	32.00	1728.00	17280.00	86400.00	2354587.96	0.00	0.00	74.74	0.00	95.04	163.98	0.75
283	0.00	33.00	1728.00	17280.00	86400.00	2354587.96	0.00	0.00	74.74	0.00	107.31	166.83	0.85
284	0.00	34.00	1728.00	17280.00	86400.00	2354587.96	0.00	0.00	74.74	0.00	114.66	171.66	0.88
285	0.00	35.00	1728.00	17280.00	86400.00	2354587.96	0.00	0.00	74.74	0.00	124.17	171.27	0.94
286	0.00	36.00	1728.00	17280.00	86400.00	2354587.96	0.00	0.00	74.74	0.00	128.21	169.70	0.97
287	0.00	37.00	1728.00	17280.00	86400.00	2354587.96	0.00	0.00	74.74	0.00	132.82	167.70	0.97
288	0.00	38.00	1728.00	17280.00	86400.00	1879518.44	0.00	0.00	43.32	0.00	129.33	164.43	0.95
289	0.00	39.00	1728.00	17280.00	86400.00	1879518.44	0.00	0.00	43.32	0.00	135.25	165.04	1.00
290	0.00	40.00	1728.00	17280.00	86400.00	1879518.44	0.00	0.00	43.32	0.00	142.66	182.77	1.02
291	0.00	41.00	1728.00	17280.00	86400.00	1879518.44	0.00	0.00	43.32	0.00	142.86	181.97	1.05
292	0.00	42.00	1728.00	17280.00	86400.00	1879518.44	0.00	0.00	43.32	0.00	140.85	186.25	1.05
293	0.00	43.00	1728.00	17280.00	86400.00	1879518.44	0.00	0.00	43.32	0.00	156.27	186.15	1.09
294	0.00	44.00	1728.00	17280.00	86400.00	1879518.44	0.00	0.00	43.32	0.00	161.66	191.90	1.14
295	0.00	45.00	1728.00	17280.00	86400.00	1879518.44	0.00	0.00	43.32	0.00	181.84	195.26	1.27
296	0.00	46.00	1728.00	17280.00	86400.00	1879518.44	0.00	0.00	43.32	0.00	191.98	194.27	1.33
297	0.00	47.00	1728.00	17280.00	86400.00	1879518.44	0.00	0.00	43.32	0.00	189.83	192.39	1.32
298	0.00	48.00	1728.00	17280.00	86400.00	1879518.44	0.00	0.00	43.32	0.00	192.46	191.59	1.33
299	0.00	49.00	1728.00	17280.00	86400.00	1879518.44	0.00	0.00	43.32	0.00	197.99	203.49	1.37
300	0.00	50.00	1728.00	17280.00	86400.00	1879518.44	0.00	0.00	43.32	0.00	212.26	206.37	1.46
301	0.00	51.00	2073.60	20736.00	103680.00	2029232.36	0.00	0.00	43.32	0.00	218.13	216.96	1.49
302	0.00	52.00	2073.60	20736.00	103680.00	2029232.36	0.00	0.00	43.32	0.00	222.54	215.86	1.52
303	0.00	53.00	2073.60	20736.00	103680.00	2029232.36	0.00	0.00	43.32	0.00	220.22	213.68	1.51
304	0.00	54.00	2073.60	20736.00	103680.00	2029232.36	0.00	0.00	43.32	0.00	228.11	213.13	1.56
305	0.00	55.00	2073.60	20736.00	103680.00	2029232.36	0.00	0.00	43.32	0.00	230.00	222.81	1.56
306	0.00	56.00	2073.60	20736.00	103680.00	2029232.36	0.00	0.00	43.32	0.00	237.48	222.19	1.61
307	0.00	57.00	2073.60	20736.00	103680.00	2029232.36	0.00	0.00	43.32	0.00	237.49	220.76	1.63
308	0.00	58.00	2073.60	20736.00	103680.00	2029232.36	0.00	0.00	43.32	0.00	256.91	226.04	1.74
309	0.00	59.00	2073.60	20736.00	103680.00	2029232.36	0.00	0.00	43.32	0.00	258.99	227.32	1.75
310	0.00	60.00	2073.60	20736.00	103680.00	2029232.36	0.00	0.00	43.32	0.00	263.70	234.70	1.80
311	0.00	61.00	2073.60	20736.00	103680.00	2029232.36	0.00	0.00	43.32	0.00	262.93	232.92	1.80
312	0.00	62.00	2073.60	20736.00	103680.00	2029232.36	0.00	0.00	43.32	0.00	262.53	231.75	1.82
313	0.00	63.00	2073.60	20736.00	103680.00	2029232.36	0.00	0.00	43.32	0.00	263.87	235.65	1.83
314	0.00	64.00	2073.60	20736.00	103680.00	2029232.36	0.00	0.00	43.32	0.00	259.75	234.35	1.80
315	0.00	65.00	2073.60	20736.00	103680.00	2029232.36	0.00	0.00	43.32	0.00	264.61	233.66	1.82
316	0.00	66.00	2073.60	20736.00	103680.00	2029232.36	0.00	0.00	43.32	0.00	260.60	230.99	1.79
317	0.00	67.00	2073.60	20736.00	103680.00	2029232.36	0.00	0.00	43.32	0.00	263.31	231.54	1.79
318	0.00	68.00	2073.60	20736.00	103680.00	2029232.36	0.00	0.00	43.32	0.00	272.35	230.13	1.82
319	0.00	69.00	2073.60	20736.00	103680.00	2029232.36	0.00	0.00	43.32	0.00	268.40	228.20	1.80
320	0.00	70.00	2073.60	20736.00	103680.00	2029232.36	0.00	0.00	43.32	0.00	264.57	227.91	1.79
321	0.00	71.00	2073.60	20736.00	103680.00	2029232.36	0.00	0.00	43.32	0.00	261.57	226.39	1.76
322	0.00	72.00	2073.60	20736.00	103680.00	2029232.36	0.00	0.00	43.32	0.00	264.94	225.36	1.78
323	0.00	73.00	2073.60	20736.00	103680.00	2029232.36	0.00	0.00	43.32	0.00	261.31	223.80	1.75
324	0.00	74.00	2073.60	20736.00	103680.00	2029232.36	0.00	0.00	43.32	0.00	260.70	223.33	1.76
325	0.00	25.00	2073.60	20736.00	103680.00	2029232.36	0.00	0.00	43.32	0.00	42.38	104.69	0.32
326	0.00	26.00	2073.60	20736.00	103680.00	2029232.36	0.00	0.00	43.32	0.00	60.75	134.60	0.42
327	0.00	27.00	2073.60	20736.00	103680.00	2029232.36	0.00	0.00	43.32	0.00	77.75	156.86	0.52
328	0.00	28.00	2073.60	20736.00	103680.00	2029232.36	0.00	0.00	43.32	0.00	87.73	158.24	0.57
329	0.00	29.00	2073.60	20736.00	103680.00	2029232.36	0.00	0.00	43.32	0.00	84.71	156.59	0.55
330	0.00	30.00	2073.60	20736.00	103680.00	2029232.36	0.00	0.00	43.32	0.00	81.89	154.83	0.53
331	0.00	31.00	2073.60	20736.00	103680.00	2029232.36	0.00	0.00	43.32	0.00	96.73	164.03	0.68
332	0.00	32.00	2073.60	20736.00	103680.00	2029232.36	0.00	0.00	43.32	0.00	139.58	165.98	0.91
333	0.00	33.00	2073.60	20736.00	103680.00	1648399.02	0.00	0.00	26.24	0.00	135.35	161.75	0.88
334	0.00	34.00	2073.60	20736.00	103680.00	1648399.02	0.00	0.00	26.24	0.00	142.53	168.71	0.91
335	0.00	35.00	2073.60	20736.00	103680.00	1648399.02	0.00	0.00	26.24	0.00	138.85	169.36	0.89
336	0.00	36.00	2073.60	20736.00	103680.00	1648399.02	0.00	0.00	26.24	0.00	139.11	167.55	0.89
337	0.00	37.00	2073.60	20736.00	103680.00	1648399.02	0.00	0.00	26.24	0.00	143.58	170.05	0.92
338	0.00	38.00	2073.60	20736.00	103680.00	1648399.02	0.00	0.00	26.24	0.00	158.33	181.01	0.97
339	0.00	39.00	2073.60	20736.00	103680.00	1648399.02	0.00	0.00	26.24	0.00	154.27	178.73	0.95
340	0.00	40.00	2073.60	20736.00	103680.00	1648399.02	0.00	0.00	26.24	0.00	161.03	180.65	1.02
341	0.00	41.00	2073.60	20736.00	103680.00	1648399.02	0.00	0.00	26.24	0.00	173.19	180.11	1.15
342	0.00	42.00	2073.60	20736.00	103680.00	1648399.02	0.00	0.00	26.24	0.00	169.07	184.22	1.12
343	0.00	43.00	2073.60	20736.00	103680.00	1648399.02	0.00	0.00	26.24	0.00	165.13	180.98	1.09
344	0.00	44.00	2073.60	20736.00	103680.00	1648399.02	0.00	0.00	26.24	0.00	161.38	177.90	1.07
345	0.00	45.00	2073.60	20736.00	103680.00	1648399.02	0.00	0.00	26.24	0.00	165.75	176.03	1.11
346	0.00	46.00	2073.60	20736.00	103680.00	1648399.02	0.00	0.00	26.24	0.00	163.42	181.89	1.11
347	0.00	47.00	2073.60	20736.00	103680.00	1648399.02	0.00	0.00	26.24	0.00	168.19	192.31	1.15
348	0.00	48.00	2073.60	20736.00	103680.00	1648399.02	0.00	0.00	26.24	0.00	167.87	192.04	1.12
349	0.00	49.00	2073.60	20736.00	103680.00	1648399.02	0.00	0.00	26.24	0.00	173.00	191.31	1.16
350	0.00	50.00	2073.60	20736.00	103680.00	1648399.02	0.00	0.00	26.24	0.00	174.06	189.38	1.18
351	0.00	51.00	2073.60	20736.00	103680.00	1648399.02	0.00	0.00	26.24	0.00	181.27	195.54	1.25
352	0.00	52.00	2073.60	20736.00	103680.00	1648399.02	0.00	0.00	26.24	0.00	178.42	193.82	1.23
353	0.00	53.00	2073.60	20736.00	103680.00	1648399.02	0.00	0.00	26.24	0.00	175.06	191.68	1.21
354	0.00	54.00	2073.60	20736.00	103680.00	1648399.02	0.00	0.00	26.24	0.00	184.85	198.70	1.24
355	0.00	55.00	2073.60	20736.00	103680.00	1648399.02	0.00	0.00	26.24	0.00	187.31	197.67	1.24
356	0.00	56.00	2073.60	20736.00	103680.00	1648399.02	0.00	0.00	26.24	0.00	193.10	206.73	1.27
357	0.00	57.00	2073.60	20736.00	103680.00	1648399.02	0.00	0.00	26.24	0.00	189.82	204.61	1.25
358	0.00	58.00	2073.60	20736.00	103680.00	1648399.02	0.00	0.00	26.24	0.00	195.52	204.38	1.28
359	0.00	59.00	2073.60	20736.00	103680.00	1648399.02	0.00	0.00	26.24	0.00	192.21	202.15	1.25
360	0.00	60.00	2073.60	20736.00	103680.00	1648399.02	0.00	0.00	26.24	0.00	189.00	200.54	1.23
361	0.00	61.00	2073.60	20736.00	103680.00	1648399.02	0.00	0.00	26.24	0.00	188.85	202.35	1.23
362	0.00	62.00	2073.60	20736.00	103680.00	1648399.02	0.00	0.00	26.24	0.00	190.47	200.68	1.24
363	0.00	63.00	2073.60	20736.00	103680.00	1648399.02	0.00	0.00	26.24	0.00	198.62	203.93	1.27
364	0.00	64.00	2073.60	20736.00	103680.00	1648399.02	0.00	0.00	26.24	0.00	203.21	202.60	1.27
365	0.00	65.00	2073.60	20736.00	103680.00	1648399.02	0.00	0.00	26.24	0.00	204.27	202.38	1.26
366	0.00	66.00	2073.60	20736.00	103680.00	1648399.02	0.00	0.00	26.24	0.00	204.99	200.63	1.26
367	0.00	67.00	2073.60	20736.00	103680.00	1648399.02	0.00	0.00	26.24	0.00	209.39	205.15	1.28
368	0.00	68.00	2073.60	20736.00	103680.00	1648399.02	0.00	0.00	26.24	0.00	206.31	202.83	1.26
369	0.00	69.00	2073.60	20736.00	103680.00	1648399.02	0.00	0.00	26.24	0.00	211.14	205.90	1.28
370	0.00	70.00	2073.60	20736.00	103680.00	1648399.02	0.00	0.00	26.24	0.00	211.63	207.54	1.29
371	0.00	71.00	2073.60	20736.00	103680.00	1648399.02	0.00	0.00	26.24	0.00	209.93	209.92	1.28
372	0.00	72.00	2073.60	20736.00	103680.00	1648399.02	0.00	0.00	26.24	0.00	217.54	209.29	1.32
373	0.00	73.00	2073.60	20736.00	103680.00	1648399.02	0.00	0.00	26.24	0.00	214.56	207.70	1.30
374	0.00	74.00	2073.60	20736.00	103680.00	1648399.02	0.00	0.00	26.24	0.00	216.23	206.08	1.31
375	0.00	25.00	2073.60	20736.00	103680.00	1648399.02	0.00	0.00	26.24	0.00	32.13	82.62	0.24
376	0.00	26.00	2073.60	20736.00	103680.00	1648399.02	0.00	0.00	26.24	0.00	47.23	87.85	0.27
377	0.00	27.00	2073.60	20736.00	103680.00	1648399.02	0.00	0.00	26.24	0.00	50.00	87.41	0.30
378	0.00	28.00	2073.60	20736.00	103680.00	1648399.02	0.00	0.00	26.24	0.00	84.40	112.34	0.43
379	0.00	29.00	2073.60	20736.00	103680.00	1648399.02	0.00	0.00	26.24	0.00	81.49	112.08	0.45
380	0.00	30.00	2073.60	20736.00	103680.00	1648399.02	0.00	0.00	26.24	0.00	82.83	110.46	0.47
381	0.00	31.00	2073.60	20736.00	103680.00	1648399.02	0.00	0.00	26.24	0.00	80.16	109.99	0.45
382	0.00	32.00	2073.60	20736.00	103680.00	1648399.02	0.00	0.00	26.24	0.00	122.00	112.60	0.66
383	0.00	33.00	2073.60	20736.00	103680.00	1648399.02	0.00	0.00	26.24	0.00	118.31	110.81	0.64
384	0.00	34.00	2073.60	20736.00	103680.00	1648399.02	0.00	0.00	26.24	0.00	114.83	109.95	0.62
385	0.00	35.00	2073.60	20736.00	103680.00	1648399.02	0.00	0.00	26.24	0.00	111.55	108.93	0.60
386	0.00	36.00	2073.60	20736.00	103680.00	1648399.02	0.00	0.00	26.24	0.00	120.79	117.45	0.69
387	0.00	37.00	2073.60	20736.00	103680.00	1648399.02	0.00	0.00	26.24	0.00	124.30	117.11	0.73
388	0.00	38.00	2073.60	20736.00	103680.00	1648399.02	0.00	0.00	26.24	0.00	124.81	124.46	0.74
389	0.00	39.00	2073.60	20736.00	103680.00	1648399.02	0.00	0.00	26.24	0.00	141.33	130.14	0.77
390	0.00	40.00	2073.60	20736.00	103680.00	1648399.02	0.00	0.00	26.24	0.00	137.79	127.92	0.75
391	0.00	41.00	2073.60	20736.00	103680.00	1648399.02	0.00	0.00	26.24	0.00	138.41	136.43	0.78
392	0.00	42.00	2073.60	20736.00	103680.00	1648399.02	0.00	0.00	26.24	0.00	135.44	136.82	0.76
393	0.00	43.00	2073.60	20736.00	103680.00	1648399.02	0.00	0.00	26.24	0.00	138.03	136.13	0.74
394	0.00	44.00	2073.60	20736.00	103680.00	1648399.02	0.00	0.00	26.24	0.00	138.33	135.81	0.75
395	0.00	45.00	2073.60	20736.00	103680.00	1648399.02	0.00	0.00	26.24	0.00	170.80	141.06	0.93
396	0.00	46.00	2073.60	20736.00	103680.00	1648399.02	0.00	0.00	26.24	0.00	167.09	138.77	0.91
397	0.00	47.00	2073.60	20736.00	103680.00	1648399.02	0.00	0.00	26.24	0.00	173.24	146.19	0.98
398	0.00	48.00	2073.60	20736.00	103680.00	1648399.02	0.00	0.00	26.24	0.00	172.17	146.22	0.98
399	0.00	49.00	2073.60	20736.00	103680.00	1648399.02	0.00	0.00	26.24	0.00	177.07	145.39	1.02
400	0.00	50.00	2073.60	20736.00	103680.00	1648399.02	0.00	0.00	26.24	0.00	181.28	155.24	1.06
401	0.00	51.00	2488.32	24883.20	124416.00	1757221.55	0.00	0.00	26.24	0.00	195.96	160.84	1.16
402	0.00	52.00	2488.32	24883.20	124416.00	1757221.55	0.00	0.00	26.24	0.00	192.19	159.51	1.15
403	0.00	53.00	2488.32	24883.20	124416.00	1757221.55	0.00	0.00	26.24	0.00	190.86	160.39	1.15
404	0.00	54.00	2488.32	24883.20	124416.00	1757221.55	0.00	0.00	26.24	0.00	190.44	159.16	1.13
405	0.00	55.00	2488.32	24883.20	124416.00	1757221.55	0.00	0.00	26.24	0.00	194.21	165.81	1.16
406	0.00	56.00	2488.32	24883.20	124416.00	1757221.55	0.00	0.00	26.24	0.00	191.37	164.99	1.14
407	0.00	57.00	2488.32	24883.20	124416.00	1757221.55	0.00	0.00	26.24	0.00	188.01	163.74	1.12
408	0.00	58.00	2488.32	24883.20	124416.00	1757221.55	0.00	0.00	26.24	0.00	185.78	162.75	1.14
409	0.00	59.00	2488.32	24883.20	124416.00	1757221.55	0.00	0.00	26.24	0.00	192.35	169.24	1.19
410	0.00	60.00	2488.32	24883.20	124416.00	1757221.55	0.00	0.00	26.24	0.00	191.17	168.87	1.18
411	0.00	61.00	2488.32	24883.20	124416.00	1757221.55	0.00	0.00	26.24	0.00	192.66	167.82	1.21
412	0.00	62.00	2488.32	24883.20	124416.00	1757221.55	0.00	0.00	26.24	0.00	200.83	174.05	1.27
413	0.00	63.00	2488.32	24883.20	124416.00	1757221.55	0.00	0.00	26.24	0.00	199.03	172.92	1.25
414	0.00	64.00	2488.32	24883.20	124416.00	1757221.55	0.00	0.00	26.24	0.00	206.92	180.50	1.28
415	0.00	65.00	2488.32	24883.20	124416.00	1757221.55	0.00	0.00	26.24	0.00	203.74	178.98	1.26
416	0.00	66.00	2488.32	24883.20	124416.00	1757221.55	0.00	0.00	26.24	0.00	203.98	178.56	1.27
417	0.00	67.00	2488.32	24883.20	124416.00	1757221.55	0.00	0.00	26.24	0.00	201.02	177.03	1.25
418	0.00	68.00	2488.32	24883.20	124416.00	1757221.55	0.00	0.00	26.24	0.00	203.04	181.88	1.26
419	0.00	69.00	2488.32	24883.20	124416.00	1757221.55	0.00	0.00	26.24	0.00	209.17	182.56	1.32
420	0.00	70.00	2488.32	24883.20	124416.00	1757221.55	0.00	0.00	26.24	0.00	216.24	186.68	1.34
421	0.00	71.00	2488.32	24883.20	124416.00	1757221.55	0.00	0.00	26.24	0.00	219.18	187.02	1.34
422	0.00	72.00	2488.32	24883.20	124416.00	1757221.55	0.00	0.00	26.24	0.00	228.84	185.83	1.38
423	0.00	73.00	2488.32	24883.20	124416.00	1757221.55	0.00	0.00	26.24	0.00	234.24	190.14	1.41
424	0.00	74.00	2488.32	24883.20	124416.00	1757221.55	0.00	0.00	26.24	0.00	240.59	194.50	1.43
425	0.00	25.00	2488.32	24883.20	124416.00	1757221.55	0.00	0.00	26.24	0.00	31.07	74.34	0.24
426	0.00	26.00	2488.32	24883.20	124416.00	1757221.55	0.00	0.00	26.24	0.00	29.88	73.16	0.23
427	0.00	27.00	2488.32	24883.20	124416.00	1757221.55	0.00	0.00	26.24	0.00	32.86	76.09	0.26
428	0.00	28.00	2488.32	24883.20	124416.00	1757221.55	0.00	0.00	26.24	0.00	31.68	78.08	0.25
429	0.00	29.00	2488.32	24883.20	124416.00	1757221.55	0.00	0.00	26.24	0.00	30.59	77.03	0.24
430	0.00	30.00	2488.32	24883.20	124416.00	1757221.55	0.00	0.00	26.24	0.00	43.66	80.80	0.33
431	0.00	31.00	2488.32	24883.20	124416.00	1757221.55	0.00	0.00	26.24	0.00	46.18	84.05	0.35
432	0.00	32.00	2488.32	24883.20	124416.00	1757221.55	0.00	0.00	26.24	0.00	50.94	85.30	0.38
433	0.00	33.00	2488.32	24883.20	124416.00	1757221.55	0.00	0.00	26.24	0.00	52.84	93.68	0.42
434	0.00	34.00	2488.32	24883.20	124416.00	1757221.55	0.00	0.00	26.24	0.00	51.29	92.40	0.41
435	0.00	35.00	2488.32	24883.20	124416.00	1757221.55	0.00	0.00	26.24	0.00	52.15	93.03	0.43
436	0.00	36.00	2488.32	24883.20	124416.00	1757221.55	0.00	0.00	26.24	0.00	50.70	92.17	0.42
437	0.00	37.00	2488.32	24883.20	124416.00	1757221.55	0.00	0.00	26.24	0.00	49.33	91.15	0.41
438	0.00	38.00	2488.32	24883.20	124416.00	1757221.55	0.00	0.00	26.24	0.00	51.24	95.61	0.42
439	0.00	39.00	2488.32	24883.20	124416.00	1757221.55	0.00	0.00	26.24	0.00	53.79	96.44	0.46
440	0.00	40.00	2488.32	24883.20	124416.00	1757221.55	0.00	0.00	26.24	0.00	68.97	114.24	0.55
441	0.00	41.00	2488.32	24883.20	124416.00	1757221.55	0.00	0.00	26.24	0.00	69.80	113.43	0.59
442	0.00	42.00	2488.32	24883.20	124416.00	1757221.55	0.00	0.00	26.24	0.00	68.14	111.56	0.57
443	0.00	43.00	2488.32	24883.20	124416.00	1757221.55	0.00	0.00	26.24	0.00	66.61	109.80	0.56
444	0.00	44.00	2488.32	24883.20	124416.00	1757221.55	0.00	0.00	26.24	0.00	65.10	109.60	0.55
445	0.00	45.00	2488.32	24883.20	124416.00	1757221.55	0.00	0.00	26.24	0.00	78.03	117.08	0.64
446	0.00	46.00	2488.32	24883.20	124416.00	1747019.43	0.00	0.00	25.83	0.00	76.33	115.09	0.63
447	0.00	47.00	2488.32	24883.20	124416.00	1747019.43	0.00	0.00	25.83	0.00	90.49	118.00	0.66
448	0.00	48.00	2488.32	24883.20	124416.00	1747019.43	0.00	0.00	25.83	0.00	90.75	117.99	0.71
449	0.00	49.00	2488.32	24883.20	124416.00	1747019.43	0.00	0.00	25.83	0.00	93.60	117.49	0.73
450	0.00	50.00	2488.32	24883.20	124416.00	1747019.43	0.00	0.00	25.83	0.00	101.28	118.11	0.76
451	0.00	51.00	2488.32	24883.20	124416.00	1747019.43	0.00	0.00	25.83	0.00	108.57	132.94	0.80
452	0.00	52.00	2488.32	24883.20	124416.00	1747019.43	0.00	0.00	25.83	0.00	108.81	133.40	0.79
453	0.00	53.00	2488.32	24883.20	124416.00	1747019.43	0.00	0.00	25.83	0.00	106.75	133.67	0.77
454	0.00	54.00	2488.32	24883.20	124416.00	1747019.43	0.00	0.00	25.83	0.00	104.78	132.07	0.76
455	0.00	55.00	2488.32	24883.20	124416.00	1747019.43	0.00	0.00	25.83	0.00	109.02	140.04	0.78
456	0.00	56.00	2488.32	24883.20	124416.00	1747019.43	0.00	0.00	25.83	0.00	107.07	138.17	0.77
457	0.00	57.00	2488.32	24883.20	124416.00	1747019.43	0.00	0.00	25.83	0.00	105.19	137.29	0.77
458	0.00	58.00	2488.32	24883.20	124416.00	1747019.43	0.00	0.00	25.83	0.00	106.41	138.55	0.79
459	0.00	59.00	2488.32	24883.20	124416.00	1747019.43	0.00	0.00	25.83	0.00	105.49	137.58	0.78
460	0.00	60.00	2488.32	24883.20	124416.00	1747019.43	0.00	0.00	25.83	0.00	110.36	139.08	0.82
461	0.00	61.00	2488.32	24883.20	124416.00	1747019.43	0.00	0.00	25.83	0.00	115.07	145.41	0.85
462	0.00	62.00	2488.32	24883.20	124416.00	1747019.43	0.00	0.00	25.83	0.00	113.21	143.52	0.84
463	0.00	63.00	2488.32	24883.20	124416.00	1747019.43	0.00	0.00	25.83	0.00	111.41	142.10	0.83
464	0.00	64.00	2488.32	24883.20	124416.00	1747019.43	0.00	0.00	25.83	0.00	109.67	140.52	0.81
465	0.00	65.00	2488.32	24883.20	124416.00	1747019.43	0.00	0.00	25.83	0.00	110.41	140.78	0.83
466	0.00	66.00	2488.32	24883.20	124416.00	1747019.43	0.00	0.00	25.83	0.00	109.16	141.17	0.82
467	0.00	67.00	2488.32	24883.20	124416.00	1747019.43	0.00	0.00	25.83	0.00	107.57	140.04	0.81
468	0.00	68.00	2488.32	24883.20	124416.00	1747019.43	0.00	0.00	25.83	0.00	108.24	139.06	0.81
469	0.00	69.00	2488.32	24883.20	124416.00	1747019.43	0.00	0.00	25.83	0.00	108.87	140.32	0.81
470	0.00	70.00	2488.32	24883.20	124416.00	1747019.43	0.00	0.00	25.83	0.00	111.53	140.80	0.83
471	0.00	71.00	2488.32	24883.20	124416.00	1747019.43	0.00	0.00	25.83	0.00	109.99	139.31	0.82
472	0.00	72.00	2488.32	24883.20	124416.00	1747019.43	0.00	0.00	25.83	0.00	108.50	137.84	0.81
473	0.00	73.00	2488.32	24883.20	124416.00	1747019.43	0.00	0.00	25.83	0.00	110.39	137.53	0.79
474	0.00	74.00	2488.32	24883.20	124416.00	1747019.43	0.00	0.00	25.83	0.00	108.90	136.87	0.78
475	0.00	25.00	2488.32	24883.20	124416.00	1747019.43	0.00	0.00	25.83	0.00	28.31	54.03	0.20
476	0.00	26.00	2488.32	24883.20	124416.00	1747019.43	0.00	0.00	25.83	0.00	45.59	58.51	0.27
477	0.00	27.00	2488.32	24883.20	124416.00	1747019.43	0.00	0.00	25.83	0.00	43.90	57.58	0.26
478	0.00	28.00	2488.32	24883.20	124416.00	1747019.43	0.00	0.00	25.83	0.00	42.33	56.60	0.25
479	0.00	29.00	2488.32	24883.20	124416.00	1747019.43	0.00	0.00	25.83	0.00	45.13	56.07	0.28
480	0.00	30.00	2488.32	24883.20	124416.00	1747019.43	0.00	0.00	25.83	0.00	43.62	55.75	0.27
481	0.00	31.00	2488.32	24883.20	124416.00	1747019.43	0.00	0.00	25.83	0.00	68.89	64.20	0.52
482	0.00	32.00	2488.32	24883.20	124416.00	1747019.43	0.00	0.00	25.83	0.00	66.74	63.19	0.50
483	0.00	33.00	2488.32	24883.20	124416.00	1747019.43	0.00	0.00	25.83	0.00	65.45	62.88	0.48
484	0.00	34.00	2488.32	24883.20	124416.00	1747019.43	0.00	0.00	25.83	0.00	63.52	63.19	0.47
485	0.00	35.00	2488.32	24883.20	124416.00	1747019.43	0.00	0.00	25.83	0.00	61.71	62.75	0.46
486	0.00	36.00	2488.32	24883.20	124416.00	1747019.43	0.00	0.00	25.83	0.00	78.36	83.13	0.56
487	0.00	37.00	2488.32	24883.20	124416.00	1747019.43	0.00	0.00	25.83	0.00	82.67	82.61	0.62
488	0.00	38.00	2488.32	24883.20	124416.00	1747019.43	0.00	0.00	25.83	0.00	81.97	82.23	0.61
489	0.00	39.00	2488.32	24883.20	124416.00	1747019.43	0.00	0.00	25.83	0.00	79.87	80.87	0.59
490	0.00	40.00	2488.32	24883.20	124416.00	1747019.43	0.00	0.00	25.83	0.00	95.49	83.82	0.72
491	0.00	41.00	2488.32	24883.20	124416.00	1747019.43	0.00	0.00	25.83	0.00	93.16	82.44	0.71
492	0.00	42.00	2488.32	24883.20	124416.00	1747019.43	0.00	0.00	25.83	0.00	90.94	81.29	0.69
493	0.00	43.00	2488.32	24883.20	124416.00	1747019.43	0.00	0.00	25.83	0.00	88.83	80.09	0.67
494	0.00	44.00	2488.32	24883.20	124416.00	1747019.43	0.00	0.00	25.83	0.00	101.83	97.87	0.75
495	0.00	45.00	2488.32	24883.20	124416.00	1747019.43	0.00	0.00	25.83	0.00	104.47	98.41	0.78
496	0.00	46.00	2488.32	24883.20	124416.00	1747019.43	0.00	0.00	25.83	0.00	102.20	98.39	0.76
497	0.00	47.00	2488.32	24883.20	124416.00	1747019.43	0.00	0.00	25.83	0.00	100.84	97.03	0.74
498	0.00	48.00	2488.32	24883.20	124416.00	1747019.43	0.00	0.00	25.83	0.00	98.78	97.23	0.73
499	0.00	49.00	2488.32	24883.20	124416.00	1747019.43	0.00	0.00	25.83	0.00	97.54	96.01	0.71
500	0.00	50.00	2488.32	24883.20	124416.00	1747019.43	0.00	0.00	25.83	0.00	100.32	96.62	0.72
501	0.00	51.00	2985.98	29859.84	149299.20	1875566.04	0.00	0.00	25.83	0.00	103.29	96.67	0.73
502	0.00	52.00	2985.98	29859.84	149299.20	1875566.04	0.00	0.00	25.83	0.00	101.31	95.36	0.71
503	0.00	53.00	2985.98	29859.84	149299.20	1875566.04	0.00	0.00	25.83	0.00	108.72	105.15	0.75
504	0.00	54.00	2985.98	29859.84	149299.20	1875566.04	0.00	0.00	25.83	0.00	106.70	103.70	0.74
505	0.00	55.00	2985.98	29859.84	149299.20	1875566.04	0.00	0.00	25.83	0.00	105.71	102.87	0.73
506	0.00	56.00	2985.98	29859.84	149299.20	1875566.04	0.00	0.00	25.83	0.00	103.82	103.00	0.71
507	0.00	57.00	2985.98	29859.84	149299.20	1857948.74	0.00	0.00	25.24	0.00	102.00	101.63	0.70
508	0.00	58.00	2985.98	29859.84	149299.20	1857948.74	0.00	0.00	25.24	0.00	100.24	101.56	0.69
509	0.00	59.00	2985.98	29859.84	149299.20	1857948.74	0.00	0.00	25.24	0.00	98.64	100.72	0.68
510	0.00	60.00	2985.98	29859.84	149299.20	1857948.74	0.00	0.00	25.24	0.00	97.00	99.63	0.67
511	0.00	61.00	2985.98	29859.84	149299.20	1857948.74	0.00	0.00	25.24	0.00	95.41	98.43	0.66
512	0.00	62.00	2985.98	29859.84	149299.20	1857948.74	0.00	0.00	25.24	0.00	93.87	98.45	0.65
513	0.00	63.00	2985.98	29859.84	149299.20	1857948.74	0.00	0.00	25.24	0.00	92.38	98.61	0.63
514	0.00	64.00	2985.98	29859.84	149299.20	1857948.74	0.00	0.00	25.24	0.00	90.93	98.12	0.62
515	0.00	65.00	2985.98	29859.84	149299.20	1857948.74	0.00	0.00	25.24	0.00	89.53	97.53	0.62
516	0.00	66.00	2985.98	29859.84	149299.20	1857948.74	0.00	0.00	25.24	0.00	90.05	96.64	0.62
517	0.00	67.00	2985.98	29859.84	149299.20	1839559.83	0.00	0.00	26.41	0.00	88.70	95.59	0.61
518	0.00	68.00	2985.98	29859.84	149299.20	1839559.83	0.00	0.00	26.41	0.00	87.96	94.85	0.60
519	0.00	69.00	2985.98	29859.84	149299.20	1839559.83	0.00	0.00	26.41	0.00	86.69	94.52	0.59
520	0.00	70.00	2985.98	29859.84	149299.20	1839559.83	0.00	0.00	26.41	0.00	90.66	99.24	0.63
521	0.00	71.00	2985.98	29859.84	149299.20	1839559.83	0.00	0.00	26.41	0.00	89.38	98.18	0.62
522	0.00	72.00	2985.98	29859.84	149299.20	1839559.83	0.00	0.00	26.41	0.00	88.14	97.82	0.61
523	0.00	73.00	2985.98	29859.84	149299.20	1839559.83	0.00	0.00	26.41	0.00	89.41	98.64	0.63
524	0.00	74.00	2985.98	29859.84	149299.20	1839559.83	0.00	0.00	26.41	0.00	88.20	98.21	0.62
525	0.00	25.00	2985.98	29859.84	149299.20	1839559.83	0.00	0.00	26.41	0.00	8.37	39.57	0.00
526	0.00	26.00	2985.98	29859.84	149299.20	1839559.83	0.00	0.00	26.41	0.00	14.10	41.61	0.04
527	0.00	27.00	2985.98	29859.84	149299.20	1839559.83	0.00	0.00	26.41	0.00	16.61	41.85	0.07
528	0.00	28.00	2985.98	29859.84	149299.20	1839559.83	0.00	0.00	26.41	0.00	17.06	43.36	0.11
529	0.00	29.00	2985.98	29859.84	149299.20	1839559.83	0.00	0.00	26.41	0.00	16.47	43.66	0.10
530	0.00	30.00	2985.98	29859.84	149299.20	1839559.83	0.00	0.00	26.41	0.00	15.92	43.77	0.10
531	0.00	31.00	2985.98	29859.84	149299.20	1839559.83	0.00	0.00	26.41	0.00	15.41	45.16	0.10
532	0.00	32.00	2985.98	29859.84	149299.20	1839559.83	0.00	0.00	26.41	0.00	14.93	50.57	0.09
533	0.00	33.00	2985.98	29859.84	149299.20	1839559.83	0.00	0.00	26.41	0.00	14.48	50.23	0.09
534	0.00	34.00	2985.98	29859.84	149299.20	1839559.83	0.00	0.00	26.41	0.00	14.05	49.75	0.09
535	0.00	35.00	2985.98	29859.84	149299.20	1839559.83	0.00	0.00	26.41	0.00	13.72	49.29	0.09
536	0.00	36.00	2985.98	29859.84	149299.20	1839559.83	0.00	0.00	26.41	0.00	13.34	49.99	0.11
537	0.00	37.00	2985.98	29859.84	149299.20	1839559.83	0.00	0.00	26.41	0.00	12.98	50.20	0.11
538	0.00	38.00	2985.98	29859.84	149299.20	1839559.83	0.00	0.00	26.41	0.00	16.40	51.53	0.11
539	0.00	39.00	2985.98	29859.84	149299.20	1839559.83	0.00	0.00	26.41	0.00	16.05	51.84	0.10
540	0.00	40.00	2985.98	29859.84	149299.20	1839559.83	0.00	0.00	26.41	0.00	15.65	53.18	0.10
541	0.00	41.00	2985.98	29859.84	149299.20	1839559.83	0.00	0.00	26.41	0.00	15.33	52.68	0.10
542	0.00	42.00	2985.98	29859.84	149299.20	1839559.83	0.00	0.00	26.41	0.00	14.96	52.31	0.10
543	0.00	43.00	2985.98	29859.84	149299.20	1839559.83	0.00	0.00	26.41	0.00	18.08	51.87	0.12
544	0.00	44.00	2985.98	29859.84	149299.20	1839559.83	0.00	0.00	26.41	0.00	17.96	51.95	0.11
545	0.00	45.00	2985.98	29859.84	149299.20	1839559.83	0.00	0.00	26.41	0.00	22.46	51.64	0.16
546	0.00	46.00	2985.98	29859.84	149299.20	1839559.83	0.00	0.00	26.41	0.00	21.97	51.28	0.15
547	0.00	47.00	2985.98	29859.84	149299.20	1839559.83	0.00	0.00	26.41	0.00	23.70	52.53	0.19
548	0.00	48.00	2985.98	29859.84	149299.20	1839559.83	0.00	0.00	26.41	0.00	25.35	52.95	0.23
549	0.00	49.00	2985.98	29859.84	149299.20	1839559.83	0.00	0.00	26.41	0.00	24.83	54.52	0.22
550	0.00	50.00	2985.98	29859.84	149299.20	1839559.83	0.00	0.00	26.41	0.00	24.33	54.11	0.22
551	0.00	51.00	2985.98	29859.84	149299.20	1839559.83	0.00	0.00	26.41	0.00	23.85	55.02	0.22
552	0.00	52.00	2985.98	29859.84	149299.20	1839559.83	0.00	0.00	26.41	0.00	27.96	54.92	0.25
553	0.00	53.00	2985.98	29859.84	149299.20	1839559.83	0.00	0.00	26.41	0.00	27.43	54.64	0.25
554	0.00	54.00	2985.98	29859.84	149299.20	1839559.83	0.00	0.00	26.41	0.00	27.63	54.31	0.24
555	0.00	55.00	2985.98	29859.84	149299.20	1839559.83	0.00	0.00	26.41	0.00	27.13	54.47	0.24
556	0.00	56.00	2985.98	29859.84	149299.20	1839559.83	0.00	0.00	26.41	0.00	30.64	58.25	0.23
557	0.00	57.00	2985.98	29859.84	149299.20	1839559.83	0.00	0.00	26.41	0.00	30.10	59.74	0.23
558	0.00	58.00	2985.98	29859.84	149299.20	1839559.83	0.00	0.00	26.41	0.00	35.57	62.03	0.24
559	0.00	59.00	2985.98	29859.84	149299.20	1839559.83	0.00	0.00	26.41	0.00	34.97	61.64	0.24
560	0.00	60.00	2985.98	29859.84	149299.20	1839559.83	0.00	0.00	26.41	0.00	34.39	61.35	0.23
561	0.00	61.00	2985.98	29859.84	149299.20	1839559.83	0.00	0.00	26.41	0.00	48.05	64.76	0.34
562	0.00	62.00	2985.98	29859.84	149299.20	1839559.83	0.00	0.00	26.41	0.00	47.28	64.54	0.34
563	0.00	63.00	2985.98	29859.84	149299.20	1818407.68	0.00	38.34	20.65	0.00	47.14	63.85	0.33
564	0.00	64.00	2985.98	29859.84	149299.20	1818407.68	0.00	38.34	20.65	0.00	46.83	67.03	0.33
565	0.00	65.00	2985.98	29859.84	149299.20	1818407.68	0.00	38.34	20.65	0.00	46.11	66.39	0.32
566	0.00	66.00	2985.98	29859.84	149299.20	1818407.68	0.00	38.34	20.65	0.00	45.99	65.89	0.32
567	0.00	67.00	2985.98	29859.84	149299.20	1818407.68	0.00	38.34	20.65	0.00	45.30	65.29	0.31
568	0.00	68.00	2985.98	29859.84	149299.20	1818407.68	0.00	38.34	20.65	0.00	45.20	64.75	0.31
569	0.00	69.00	2985.98	29859.84	149299.20	1818407.68	0.00	38.34	20.65	0.00	45.36	65.27	0.30
570	0.00	70.00	2985.98	29859.84	149299.20	1818407.68	0.00	38.34	20.65	0.00	44.71	65.47	0.30
571	0.00	71.00	2985.98	29859.84	149299.20	1818407.68	0.00	38.34	20.65	0.00	46.84	67.97	0.30
572	0.00	72.00	2985.98	29859.84	149299.20	1818407.68	0.00	38.34	20.65	0.00	46.19	67.90	0.29
573	0.00	73.00	2985.98	29859.84	149299.20	1818407.68	0.00	38.34	20.65	0.00	46.09	67.36	0.29
574	0.00	74.00	2985.98	29859.84	149299.20	1818407.68	0.00	38.34	20.65	0.00	46.42	67.12	0.30
575	0.00	25.00	2985.98	29859.84	149299.20	1818407.68	0.00	38.34	20.65	0.00	6.30	33.69	0.00
576	0.00	26.00	2985.98	29859.84	149299.20	1818407.68	0.00	38.34	20.65	0.00	6.05	33.55	0.00
577	0.00	27.00	2985.98	29859.84	149299.20	1818407.68	0.00	38.34	20.65	0.00	5.83	34.28	0.00
578	0.00	28.00	2985.98	29859.84	149299.20	1818407.68	0.00	38.34	20.65	0.00	5.62	33.96	0.00
579	0.00	29.00	2985.98	29859.84	149299.20	1818407.68	0.00	38.34	20.65	0.00	5.43	37.47	0.00
580	0.00	30.00	2985.98	29859.84	149299.20	1818407.68	0.00	38.34	20.65	0.00	6.05	38.82	0.00
581	0.00	31.00	2985.98	29859.84	149299.20	1818407.68	0.00	38.34	20.65	0.00	5.86	38.75	0.00
582	0.00	32.00	2985.98	29859.84	149299.20	1818407.68	0.00	38.34	20.65	0.00	5.68	38.39	0.00
583	0.00	33.00	2985.98	29859.84	149299.20	1818407.68	0.00	38.34	20.65	0.00	11.02	39.94	0.03
584	0.00	34.00	2985.98	29859.84	149299.20	1818407.68	0.00	38.34	20.65	0.00	10.69	39.65	0.03
585	0.00	35.00	2985.98	29859.84	149299.20	1818407.68	0.00	38.34	20.65	0.00	11.48	39.39	0.03
586	0.00	36.00	2985.98	29859.84	149299.20	1815983.82	0.00	38.34	20.65	0.00	12.23	38.87	0.03
587	0.00	37.00	2985.98	29859.84	149299.20	1815983.82	0.00	38.34	20.65	0.00	16.86	41.62	0.05
588	0.00	38.00	2985.98	29859.84	149299.20	1815983.82	0.00	38.34	20.65	0.00	16.41	41.68	0.05
589	0.00	39.00	2985.98	29859.84	149299.20	1815983.82	0.00	38.34	20.65	0.00	15.99	41.43	0.05
590	0.00	40.00	2985.98	29859.84	149299.20	1815983.82	0.00	38.34	20.65	0.00	19.17	42.22	0.05
591	0.00	41.00	2985.98	29859.84	149299.20	1815983.82	0.00	38.34	20.65	0.00	30.76	58.87	0.12
592	0.00	42.00	2985.98	29859.84	149299.20	1815983.82	0.00	38.34	20.65	0.00	33.23	62.29	0.14
593	0.00	43.00	2985.98	29859.84	149299.20	1815983.82	0.00	38.34	20.65	0.00	32.46	61.93	0.14
594	0.00	44.00	2985.98	29859.84	149299.20	1815983.82	0.00	38.34	20.65	0.00	31.72	62.40	0.14
595	0.00	45.00	2985.98	29859.84	149299.20	1815983.82	0.00	38.34	20.65	0.00	35.06	62.53	0.16
596	0.00	46.00	2985.98	29859.84	149299.20	1815983.82	0.00	38.34	20.65	0.00	34.30	62.05	0.15
597	0.00	47.00	2985.98	29859.84	149299.20	1815983.82	0.00	38.34	20.65	0.00	38.50	64.91	0.15
598	0.00	48.00	2985.98	29859.84	149299.20	1815983.82	0.00	38.34	20.65	0.00	38.03	64.07	0.15
599	0.00	49.00	2985.98	29859.84	149299.20	1815983.82	0.00	38.34	20.65	0.00	37.50	63.76	0.14
600	0.00	50.00	2985.98	29859.84	149299.20	1815983.82	0.00	38.34	20.65	0.00	36.75	63.03	0.14
601	0.00	51.00	3583.18	35831.81	179159.04	1962201.48	0.00	38.34	20.65	0.00	36.03	62.66	0.14
602	0.00	52.00	3583.18	35831.81	179159.04	1962201.48	0.00	38.34	20.65	0.00	35.39	62.32	0.13
603	0.00	53.00	3583.18	35831.81	179159.04	1962201.48	0.00	38.34	20.65	0.00	34.99	62.40	0.13
604	0.00	54.00	3583.18	35831.81	179159.04	1962201.48	0.00	38.34	20.65	0.00	36.99	62.41	0.13
605	0.00	55.00	3583.18	35831.81	179159.04	1962201.48	0.00	38.34	20.65	0.00	36.37	61.81	0.13
606	0.00	56.00	3583.18	35831.81	179159.04	1962201.48	0.00	38.34	20.65	0.00	35.76	61.37	0.12
607	0.00	57.00	3583.18	35831.81	179159.04	1962201.48	0.00	38.34	20.65	0.00	35.35	61.42	0.12
608	0.00	58.00	3583.18	35831.81	179159.04	1962201.48	0.00	38.34	20.65	0.00	34.79	61.53	0.12
609	0.00	59.00	3583.18	35831.81	179159.04	1962201.48	0.00	38.34	20.65	0.00	34.20	61.01	0.12
610	0.00	60.00	3583.18	35831.81	179159.04	1962201.48	0.00	38.34	20.65	0.00	33.63	60.62	0.12
611	0.00	61.00	3583.18	35831.81	179159.04	1962201.48	0.00	38.34	20.65	0.00	33.12	60.38	0.11
612	0.00	62.00	3583.18	35831.81	179159.04	1962201.48	0.00	38.34	20.65	0.00	32.58	59.81	0.11
613	0.00	63.00	3583.18	35831.81	179159.04	1962201.48	0.00	38.34	20.65	0.00	32.06	59.47	0.11
614	0.00	64.00	3583.18	35831.81	179159.04	1962201.48	0.00	38.34	20.65	0.00	31.56	59.02	0.11
615	0.00	65.00	3583.18	35831.81	179159.04	1949579.58	0.00	0.00	23.32	0.00	31.08	58.47	0.11
616	0.00	66.00	3583.18	35831.81	179159.04	1949579.58	0.00	0.00	23.32	0.00	30.65	58.06	0.11
617	0.00	67.00	3583.18	35831.81	179159.04	1949579.58	0.00	0.00	23.32	0.00	30.19	57.91	0.10
618	0.00	68.00	3583.18	35831.81	179159.04	1949579.58	0.00	0.00	23.32	0.00	32.44	57.90	0.12
619	0.00	69.00	3583.18	35831.81	179159.04	1949579.58	0.00	0.00	23.32	0.00	31.97	57.61	0.12
620	0.00	70.00	3583.18	35831.81	179159.04	1949579.58	0.00	0.00	23.32	0.00	31.51	57.48	0.11
621	0.00	71.00	3583.18	35831.81	179159.04	1949579.58	0.00	0.00	23.32	0.00	31.07	57.84	0.11
622	0.00	72.00	3583.18	35831.81	179159.04	1949579.58	0.00	0.00	23.32	0.00	30.67	57.71	0.11
623	0.00	73.00	3583.18	35831.81	179159.04	1949579.58	0.00	0.00	23.32	0.00	30.25	57.50	0.11
624	0.00	74.00	3583.18	35831.81	179159.04	1949579.58	0.00	0.00	23.32	0.00	29.84	58.44	0.11
625	0.00	25.00	3583.18	35831.81	179159.04	1949579.58	0.00	0.00	23.32	0.00	25.26	60.89	0.12
626	0.00	26.00	3583.18	35831.81	179159.04	1949579.58	0.00	0.00	23.32	0.00	25.76	59.80	0.12
627	0.00	27.00	3583.18	35831.81	179159.04	1949579.58	0.00	0.00	23.32	0.00	24.81	59.02	0.11
628	0.00	28.00	3583.18	35831.81	179159.04	1949579.58	0.00	0.00	23.32	0.00	23.92	58.23	0.11
629	0.00	29.00	3583.18	35831.81	179159.04	1949579.58	0.00	0.00	23.32	0.00	23.64	57.25	0.10
630	0.00	30.00	3583.18	35831.81	179159.04	1949579.58	0.00	0.00	23.32	0.00	22.85	56.82	0.10
631	0.00	31.00	3583.18	35831.81	179159.04	1949579.58	0.00	0.00	23.32	0.00	22.11	55.91	0.10
632	0.00	32.00	3583.18	35831.81	179159.04	1949579.58	0.00	0.00	23.32	0.00	21.82	55.77	0.09
633	0.00	33.00	3583.18	35831.81	179159.04	1949579.58	0.00	0.00	23.32	0.00	21.16	55.61	0.09
634	0.00	34.00	3583.18	35831.81	179159.04	1949579.58	0.00	0.00	23.32	0.00	20.54	54.83	0.09
635	0.00	35.00	3583.18	35831.81	179159.04	1949579.58	0.00	0.00	23.32	0.00	31.28	75.85	0.14
636	0.00	36.00	3583.18	35831.81	179159.04	1949579.58	0.00	0.00	23.32	0.00	30.42	74.69	0.14
637	0.00	37.00	3583.18	35831.81	179159.04	1949579.58	0.00	0.00	23.32	0.00	29.59	74.04	0.14
638	0.00	38.00	3583.18	35831.81	179159.04	1949579.58	0.00	0.00	23.32	0.00	29.82	72.81	0.13
639	0.00	39.00	3583.18	35831.81	179159.04	1879224.13	0.00	0.00	22.98	0.00	29.06	71.53	0.13
640	0.00	40.00	3583.18	35831.81	179159.04	1879224.13	0.00	0.00	22.98	0.00	28.33	70.89	0.12
641	0.00	41.00	3583.18	35831.81	179159.04	1879224.13	0.00	0.00	22.98	0.00	33.26	70.16	0.17
642	0.00	42.00	3583.18	35831.81	179159.04	1879224.13	0.00	0.00	22.98	0.00	32.47	69.51	0.17
643	0.00	43.00	3583.18	35831.81	179159.04	1879224.13	0.00	0.00	22.98	0.00	31.72	69.08	0.16
644	0.00	44.00	3583.18	35831.81	179159.04	1879224.13	0.00	0.00	22.98	0.00	31.29	68.39	0.16
645	0.00	45.00	3583.18	35831.81	179159.04	1879224.13	0.00	0.00	22.98	0.00	31.45	67.44	0.16
646	0.00	46.00	3583.18	35831.81	179159.04	1879224.13	0.00	0.00	22.98	0.00	30.76	66.72	0.15
647	0.00	47.00	3583.18	35831.81	179159.04	1879224.13	0.00	0.00	22.98	0.00	30.20	66.15	0.17
648	0.00	48.00	3583.18	35831.81	179159.04	1879224.13	0.00	0.00	22.98	0.00	29.57	65.29	0.17
649	0.00	49.00	3583.18	35831.81	179159.04	1879224.13	0.00	0.00	22.98	0.00	28.97	64.94	0.16
650	0.00	50.00	3583.18	35831.81	179159.04	1879224.13	0.00	0.00	22.98	0.00	28.39	64.83	0.16
651	0.00	51.00	3583.18	35831.81	179159.04	1879224.13	0.00	0.00	22.98	0.00	28.58	64.07	0.16
652	0.00	52.00	3583.18	35831.81	179159.04	1879224.13	0.00	0.00	22.98	0.00	28.03	63.41	0.15
653	0.00	53.00	3583.18	35831.81	179159.04	1879224.13	0.00	0.00	22.98	0.00	27.51	63.01	0.15
654	0.00	54.00	3583.18	35831.81	179159.04	1879224.13	0.00	0.00	22.98	0.00	27.00	62.42	0.15
655	0.00	55.00	3583.18	35831.81	179159.04	1879224.13	0.00	0.00	22.98	0.00	26.51	62.62	0.15
656	0.00	56.00	3583.18	35831.81	179159.04	1879224.13	0.00	0.00	22.98	0.00	26.03	62.41	0.14
657	0.00	57.00	3583.18	35831.81	179159.04	1879224.13	0.00	0.00	22.98	0.00	25.62	62.40	0.14
658	0.00	58.00	3583.18	35831.81	179159.04	1879224.13	0.00	0.00	22.98	0.00	25.18	62.07	0.14
659	0.00	59.00	3583.18	35831.81	179159.04	1636537.57	0.00	0.00	16.41	0.00	24.75	61.30	0.14
660	0.00	60.00	3583.18	35831.81	179159.04	1636537.57	0.00	0.00	16.41	0.00	24.34	60.61	0.13
661	0.00	61.00	3583.18	35831.81	179159.04	1636537.57	0.00	0.00	16.41	0.00	23.94	60.26	0.13
662	0.00	62.00	3583.18	35831.81	179159.04	1636537.57	0.00	0.00	16.41	0.00	23.55	59.71	0.13
663	0.00	63.00	3583.18	35831.81	179159.04	1636537.57	0.00	0.00	16.41	0.00	23.18	59.22	0.13
664	0.00	64.00	3583.18	35831.81	179159.04	1636537.57	0.00	0.00	16.41	0.00	22.82	58.78	0.12
665	0.00	65.00	3583.18	35831.81	179159.04	1636537.57	0.00	0.00	16.41	0.00	22.47	58.52	0.12
666	0.00	66.00	3583.18	35831.81	179159.04	1636537.57	0.00	0.00	16.41	0.00	22.13	58.36	0.12
667	0.00	67.00	3583.18	35831.81	179159.04	1636537.57	0.00	0.00	16.41	0.00	21.80	58.15	0.12
668	0.00	68.00	3583.18	35831.81	179159.04	1636537.57	0.00	0.00	16.41	0.00	23.82	58.54	0.13
669	0.00	69.00	3583.18	35831.81	179159.04	1636537.57	0.00	0.00	16.41	0.00	23.47	57.99	0.13
670	0.00	70.00	3583.18	35831.81	179159.04	1636537.57	0.00	0.00	16.41	0.00	23.14	57.56	0.13
671	0.00	71.00	3583.18	35831.81	179159.04	1636537.57	0.00	0.00	16.41	0.00	25.46	57.55	0.13
672	0.00	72.00	3583.18	35831.81	179159.04	1636537.57	0.00	0.00	16.41	0.00	25.11	57.28	0.12
673	0.00	73.00	3583.18	35831.81	179159.04	1636537.57	0.00	0.00	16.41	0.00	24.76	57.58	0.12
674	0.00	74.00	3583.18	35831.81	179159.04	1636537.57	0.00	0.00	16.41	0.00	25.28	57.36	0.12
675	0.00	25.00	3583.18	35831.81	179159.04	1636537.57	0.00	0.00	16.41	0.00	5.39	30.79	0.00
676	0.00	26.00	3583.18	35831.81	179159.04	1636537.57	0.00	0.00	16.41	0.00	5.19	31.41	0.00
677	0.00	27.00	3583.18	35831.81	179159.04	1636537.57	0.00	0.00	16.41	0.00	5.58	31.28	0.00
678	0.00	28.00	3583.18	35831.81	179159.04	1636537.57	0.00	0.00	16.41	0.00	5.38	31.74	0.00
679	0.00	29.00	3583.18	35831.81	179159.04	1636537.57	0.00	0.00	16.41	0.00	5.19	31.33	0.00
680	0.00	30.00	3583.18	35831.81	179159.04	1610401.20	0.00	0.00	15.41	0.00	5.02	30.80	0.00
681	0.00	31.00	3583.18	35831.81	179159.04	1610401.20	0.00	0.00	15.41	0.00	4.86	31.46	0.00
682	0.00	32.00	3583.18	35831.81	179159.04	1610401.20	0.00	0.00	15.41	0.00	4.71	31.34	0.00
683	0.00	33.00	3583.18	35831.81	179159.04	1610401.20	0.00	0.00	15.41	0.00	5.72	31.42	0.00
684	0.00	34.00	3583.18	35831.81	179159.04	1610401.20	0.00	0.00	15.41	0.00	5.56	31.26	0.00
685	0.00	35.00	3583.18	35831.81	179159.04	1610401.20	0.00	0.00	15.41	0.00	11.70	32.88	0.06
686	0.00	36.00	3583.18	35831.81	179159.04	1610401.20	0.00	0.00	15.41	0.00	11.81	33.05	0.06
687	0.00	37.00	3583.18	35831.81	179159.04	1610401.20	0.00	0.00	15.41	0.00	11.49	32.64	0.05
688	0.00	38.00	3583.18	35831.81	179159.04	1610401.20	0.00	0.00	15.41	0.00	11.19	32.73	0.05
689	0.00	39.00	3583.18	35831.81	179159.04	1610401.20	0.00	0.00	15.41	0.00	10.90	34.26	0.05
690	0.00	40.00	3583.18	35831.81	179159.04	1610401.20	0.00	0.00	15.41	0.00	10.63	33.89	0.05
691	0.00	41.00	3583.18	35831.81	179159.04	1610401.20	0.00	0.00	15.41	0.00	10.37	34.76	0.05
692	0.00	42.00	3583.18	35831.81	179159.04	1610401.20	0.00	0.00	15.41	0.00	10.50	34.62	0.05
693	0.00	43.00	3583.18	35831.81	179159.04	1610401.20	0.00	0.00	15.41	0.00	10.62	34.58	0.05
694	0.00	44.00	3583.18	35831.81	179159.04	1610401.20	0.00	0.00	15.41	0.00	21.96	49.15	0.11
695	0.00	45.00	3583.18	35831.81	179159.04	1610401.20	0.00	0.00	15.41	0.00	21.47	48.64	0.11
696	0.00	46.00	3583.18	35831.81	179159.04	1610401.20	0.00	0.00	15.41	0.00	21.00	48.60	0.11
697	0.00	47.00	3583.18	35831.81	179159.04	1610401.20	0.00	0.00	15.41	0.00	20.56	48.07	0.11
698	0.00	48.00	3583.18	35831.81	179159.04	1610401.20	0.00	0.00	15.41	0.00	20.93	48.03	0.12
699	0.00	49.00	3583.18	35831.81	179159.04	1610401.20	0.00	0.00	15.41	0.00	20.50	47.97	0.12
700	0.00	50.00	3583.18	35831.81	179159.04	1610401.20	0.00	0.00	15.41	0.00	20.21	48.13	0.12
701	0.00	51.00	4299.82	42998.17	214990.85	1720834.83	0.00	0.00	15.41	0.00	19.81	47.65	0.12
702	0.00	52.00	4299.82	42998.17	214990.85	1720834.83	0.00	0.00	15.41	0.00	23.67	50.51	0.15
703	0.00	53.00	4299.82	42998.17	214990.85	1720834.83	0.00	0.00	15.41	0.00	23.52	50.19	0.15
704	0.00	54.00	4299.82	42998.17	214990.85	1720834.83	0.00	0.00	15.41	0.00	23.09	50.39	0.15
705	0.00	55.00	4299.82	42998.17	214990.85	1720834.83	0.00	0.00	15.41	0.00	22.95	50.30	0.15
706	0.00	56.00	4299.82	42998.17	214990.85	1720834.83	0.00	0.00	15.41	0.00	22.54	49.93	0.14
707	0.00	57.00	4299.82	42998.17	214990.85	1720834.83	0.00	0.00	15.41	0.00	22.15	49.48	0.14
708	0.00	58.00	4299.82	42998.17	214990.85	1720834.83	0.00	0.00	15.41	0.00	22.04	49.19	0.14
709	0.00	59.00	4299.82	42998.17	214990.85	1720834.83	0.00	0.00	15.41	0.00	21.67	48.84	0.14
710	0.00	60.00	4299.82	42998.17	214990.85	1720834.83	0.00	0.00	15.41	0.00	23.75	48.93	0.13
711	0.00	61.00	4299.82	42998.17	214990.85	1720834.83	0.00	0.00	15.41	0.00	25.54	48.90	0.13
712	0.00	62.00	4299.82	42998.17	214990.85	1720834.83	0.00	0.00	15.41	0.00	25.13	48.92	0.13
713	0.00	63.00	4299.82	42998.17	214990.85	1720834.83	0.00	0.00	15.41	0.00	25.11	49.08	0.13
714	0.00	64.00	4299.82	42998.17	214990.85	1720834.83	0.00	0.00	15.41	0.00	24.72	49.33	0.12
715	0.00	65.00	4299.82	42998.17	214990.85	1720834.83	0.00	0.00	15.41	0.00	24.34	48.87	0.12
716	0.00	66.00	4299.82	42998.17	214990.85	1720834.83	0.00	0.00	15.41	0.00	23.97	48.51	0.12
717	0.00	67.00	4299.82	42998.17	214990.85	1720834.83	0.00	0.00	15.41	0.00	23.85	48.35	0.12
718	0.00	68.00	4299.82	42998.17	214990.85	1720834.83	0.00	0.00	15.41	0.00	23.50	48.02	0.12
719	0.00	69.00	4299.82	42998.17	214990.85	1720834.83	0.00	0.00	15.41	0.00	23.16	48.86	0.12
720	0.00	70.00	4299.82	42998.17	214990.85	1720834.83	0.00	0.00	15.41	0.00	22.83	48.56	0.11
721	0.00	71.00	4299.82	42998.17	214990.85	1720834.83	0.00	0.00	15.41	0.00	22.50	48.28	0.11
722	0.00	72.00	4299.82	42998.17	214990.85	1720834.83	0.00	0.00	15.41	0.00	22.27	48.15	0.11
723	0.00	73.00	4299.82	42998.17	214990.85	1720834.83	0.00	0.00	15.41	0.00	22.05	48.05	0.11
724	0.00	74.00	4299.82	42998.17	214990.85	1720834.83	0.00	0.00	15.41	0.00	21.75	47.77	0.11
725	0.00	25.00	4299.82	42998.17	214990.85	1720834.83	0.00	0.00	15.41	0.00	2.50	25.86	0.00
726	0.00	26.00	4299.82	42998.17	214990.85	1720834.83	0.00	0.00	15.41	0.00	2.41	31.55	0.00
727	0.00	27.00	4299.82	42998.17	214990.85	1720834.83	0.00	0.00	15.41	0.00	2.32	31.61	0.00
728	0.00	28.00	4299.82	42998.17	214990.85	1720834.83	0.00	0.00	15.41	0.00	2.23	32.53	0.00
729	0.00	29.00	4299.82	42998.17	214990.85	1720834.83	0.00	0.00	15.41	0.00	2.16	32.78	0.00
730	0.00	30.00	4299.82	42998.17	214990.85	1720834.83	0.00	0.00	15.41	0.00	2.09	33.44	0.00
731	0.00	31.00	4299.82	42998.17	214990.85	1720834.83	0.00	0.00	15.41	0.00	2.02	33.60	0.00
732	0.00	32.00	4299.82	42998.17	214990.85	1720834.83	0.00	0.00	15.41	0.00	1.95	33.61	0.00
733	0.00	33.00	4299.82	42998.17	214990.85	1720834.83	0.00	0.00	15.41	0.00	5.97	34.41	0.00
734	0.00	34.00	4299.82	42998.17	214990.85	1720834.83	0.00	0.00	15.41	0.00	5.79	34.09	0.00
735	0.00	35.00	4299.82	42998.17	214990.85	1720834.83	0.00	0.00	15.41	0.00	6.32	36.13	0.00
736	0.00	36.00	4299.82	42998.17	214990.85	1720834.83	0.00	0.00	15.41	0.00	6.15	35.70	0.00
737	0.00	37.00	4299.82	42998.17	214990.85	1720834.83	0.00	0.00	15.41	0.00	6.63	35.48	0.00
738	0.00	38.00	4299.82	42998.17	214990.85	1720834.83	0.00	0.00	15.41	0.00	6.99	35.50	0.00
739	0.00	39.00	4299.82	42998.17	214990.85	1720834.83	0.00	0.00	15.41	0.00	6.81	35.17	0.00
740	0.00	40.00	4299.82	42998.17	214990.85	1720834.83	0.00	0.00	15.41	0.00	7.15	36.35	0.00
741	0.00	41.00	4299.82	42998.17	214990.85	1720834.83	0.00	0.00	15.41	0.00	6.98	35.86	0.00
742	0.00	42.00	4299.82	42998.17	214990.85	1720834.83	0.00	0.00	15.41	0.00	6.81	35.74	0.00
743	0.00	43.00	4299.82	42998.17	214990.85	1720834.83	0.00	0.00	15.41	0.00	6.65	35.35	0.00
744	0.00	44.00	4299.82	42998.17	214990.85	1720834.83	0.00	0.00	15.41	0.00	6.50	35.11	0.00
745	0.00	45.00	4299.82	42998.17	214990.85	1720834.83	0.00	0.00	15.41	0.00	6.36	34.69	0.00
746	0.00	46.00	4299.82	42998.17	214990.85	1720834.83	0.00	0.00	15.41	0.00	7.05	34.67	0.00
747	0.00	47.00	4299.82	42998.17	214990.85	1720834.83	0.00	0.00	15.41	0.00	6.90	34.48	0.00
748	0.00	48.00	4299.82	42998.17	214990.85	1720834.83	0.00	0.00	15.41	0.00	6.76	34.32	0.00
749	0.00	49.00	4299.82	42998.17	214990.85	1720834.83	0.00	0.00	15.41	0.00	6.62	34.64	0.00
750	0.00	50.00	4299.82	42998.17	214990.85	1720834.83	0.00	0.00	15.41	0.00	6.49	34.55	0.00
751	0.00	51.00	4299.82	42998.17	214990.85	1720834.83	0.00	0.00	15.41	0.00	9.48	35.31	0.02
752	0.00	52.00	4299.82	42998.17	214990.85	1720834.83	0.00	0.00	15.41	0.00	9.30	34.94	0.02
753	0.00	53.00	4299.82	42998.17	214990.85	1720834.83	0.00	0.00	15.41	0.00	9.12	34.59	0.02
754	0.00	54.00	4299.82	42998.17	214990.85	1720834.83	0.00	0.00	15.41	0.00	8.95	34.50	0.02
755	0.00	55.00	4299.82	42998.17	214990.85	1720834.83	0.00	0.00	15.41	0.00	8.79	34.72	0.02
756	0.00	56.00	4299.82	42998.17	214990.85	1720834.83	0.00	0.00	15.41	0.00	8.64	34.48	0.02
757	0.00	57.00	4299.82	42998.17	214990.85	1720834.83	0.00	0.00	15.41	0.00	8.48	35.05	0.02
758	0.00	58.00	4299.82	42998.17	214990.85	1720834.83	0.00	0.00	15.41	0.00	9.00	34.99	0.02
759	0.00	59.00	4299.82	42998.17	214990.85	1720834.83	0.00	0.00	15.41	0.00	9.19	34.94	0.02
760	0.00	60.00	4299.82	42998.17	214990.85	1720834.83	0.00	0.00	15.41	0.00	9.04	34.88	0.02
761	0.00	61.00	4299.82	42998.17	214990.85	1720834.83	0.00	0.00	15.41	0.00	8.89	34.83	0.02
762	0.00	62.00	4299.82	42998.17	214990.85	1720834.83	0.00	0.00	15.41	0.00	8.74	34.68	0.02
763	0.00	63.00	4299.82	42998.17	214990.85	1720834.83	0.00	0.00	15.41	0.00	8.61	34.71	0.02
764	0.00	64.00	4299.82	42998.17	214990.85	1720834.83	0.00	0.00	15.41	0.00	8.47	34.57	0.02
765	0.00	65.00	4299.82	42998.17	214990.85	1720834.83	0.00	0.00	15.41	0.00	8.34	34.59	0.02
766	0.00	66.00	4299.82	42998.17	214990.85	1720834.83	0.00	0.00	15.41	0.00	8.21	34.53	0.02
767	0.00	67.00	4299.82	42998.17	214990.85	1720834.83	0.00	0.00	15.41	0.00	8.09	34.71	0.01
768	0.00	68.00	4299.82	42998.17	214990.85	1720834.83	0.00	0.00	15.41	0.00	8.01	34.48	0.01
769	0.00	69.00	4299.82	42998.17	214990.85	1720834.83	0.00	0.00	15.41	0.00	7.89	34.27	0.01
770	0.00	70.00	4299.82	42998.17	214990.85	1720834.83	0.00	0.00	15.41	0.00	7.78	34.09	0.01
771	0.00	71.00	4299.82	42998.17	214990.85	1720834.83	0.00	0.00	15.41	0.00	7.67	34.04	0.01
772	0.00	72.00	4299.82	42998.17	214990.85	1720834.83	0.00	0.00	15.41	0.00	7.56	33.80	0.01
773	0.00	73.00	4299.82	42998.17	214990.85	1720834.83	0.00	0.00	15.41	0.00	7.46	33.79	0.01
774	0.00	74.00	4299.82	42998.17	214990.85	1720834.83	0.00	0.00	15.41	0.00	7.36	33.64	0.01
775	0.00	25.00	4299.82	42998.17	214990.85	1720834.83	0.00	0.00	15.41	0.00	2.60	22.14	0.00
776	0.00	26.00	4299.82	42998.17	214990.85	1720834.83	0.00	0.00	15.41	0.00	2.98	22.32	0.00
777	0.00	27.00	4299.82	42998.17	214990.85	1720834.83	0.00	0.00	15.41	0.00	2.87	22.78	0.00
778	0.00	28.00	4299.82	42998.17	214990.85	1720834.83	0.00	0.00	15.41	0.00	2.77	24.25	0.00
779	0.00	29.00	4299.82	42998.17	214990.85	1720834.83	0.00	0.00	15.41	0.00	2.67	24.55	0.00
780	0.00	30.00	4299.82	42998.17	214990.85	1720834.83	0.00	0.00	15.41	0.00	2.58	24.28	0.00
781	0.00	31.00	4299.82	42998.17	214990.85	1720834.83	0.00	0.00	15.41	0.00	4.61	24.22	0.00
782	0.00	32.00	4299.82	42998.17	214990.85	1720834.83	0.00	0.00	15.41	0.00	4.47	24.41	0.00
783	0.00	33.00	4299.82	42998.17	214990.85	1720834.83	0.00	0.00	15.41	0.00	4.34	25.31	0.00
784	0.00	34.00	4299.82	42998.17	214990.85	1720834.83	0.00	0.00	15.41	0.00	4.21	25.05	0.00
785	0.00	35.00	4299.82	42998.17	214990.85	1720834.83	0.00	0.00	15.41	0.00	4.09	25.69	0.00
786	0.00	36.00	4299.82	42998.17	214990.85	1720834.83	0.00	0.00	15.41	0.00	3.97	25.76	0.00
787	0.00	37.00	4299.82	42998.17	214990.85	1720834.83	0.00	0.00	15.41	0.00	4.29	25.54	0.00
788	0.00	38.00	4299.82	42998.17	214990.85	1720834.83	0.00	0.00	15.41	0.00	4.18	25.47	0.00
789	0.00	39.00	4299.82	42998.17	214990.85	1720834.83	0.00	0.00	15.41	0.00	4.07	25.42	0.00
790	0.00	40.00	4299.82	42998.17	214990.85	1720834.83	0.00	0.00	15.41	0.00	3.97	25.23	0.00
791	0.00	41.00	4299.82	42998.17	214990.85	1720834.83	0.00	0.00	15.41	0.00	3.87	25.23	0.00
792	0.00	42.00	4299.82	42998.17	214990.85	1720834.83	0.00	0.00	15.41	0.00	3.78	25.39	0.00
793	0.00	43.00	4299.82	42998.17	214990.85	1720834.83	0.00	0.00	15.41	0.00	3.69	25.27	0.00
794	0.00	44.00	4299.82	42998.17	214990.85	1720834.83	0.00	0.00	15.41	0.00	3.61	25.59	0.00
795	0.00	45.00	4299.82	42998.17	214990.85	1720834.83	0.00	0.00	15.41	0.00	10.32	29.71	0.02
796	0.00	46.00	4299.82	42998.17	214990.85	1720834.83	0.00	0.00	15.41	0.00	10.10	30.19	0.02
797	0.00	47.00	4299.82	42998.17	214990.85	1720834.83	0.00	0.00	15.41	0.00	9.88	30.09	0.02
798	0.00	48.00	4299.82	42998.17	214990.85	1720834.83	0.00	0.00	15.41	0.00	10.01	30.17	0.02
799	0.00	49.00	4299.82	42998.17	214990.85	1720834.83	0.00	0.00	15.41	0.00	9.85	29.92	0.02
800	0.00	50.00	4299.82	42998.17	214990.85	1720834.83	0.00	0.00	15.41	0.00	9.65	29.68	0.02
801	0.00	51.00	5159.78	51597.80	257989.02	1853355.19	0.00	0.00	15.41	0.00	9.46	29.48	0.02
802	0.00	52.00	5159.78	51597.80	257989.02	1853355.19	0.00	0.00	15.41	0.00	10.11	29.69	0.02
803	0.00	53.00	5159.78	51597.80	257989.02	1853355.19	0.00	0.00	15.41	0.00	9.92	29.65	0.02
804	0.00	54.00	5159.78	51597.80	257989.02	1853355.19	0.00	0.00	15.41	0.00	9.73	29.64	0.02
805	0.00	55.00	5159.78	51597.80	257989.02	1853355.19	0.00	0.00	15.41	0.00	9.55	29.43	0.02
806	0.00	56.00	5159.78	51597.80	257989.02	1853355.19	0.00	0.00	15.41	0.00	9.38	29.50	0.02
807	0.00	57.00	5159.78	51597.80	257989.02	1853355.19	0.00	0.00	15.41	0.00	9.26	29.30	0.02
808	0.00	58.00	5159.78	51597.80	257989.02	1853355.19	0.00	0.00	15.41	0.00	9.10	29.50	0.02
809	0.00	59.00	5159.78	51597.80	257989.02	1853355.19	0.00	0.00	15.41	0.00	8.95	29.69	0.02
810	0.00	60.00	5159.78	51597.80	257989.02	1853355.19	0.00	0.00	15.41	0.00	8.80	29.86	0.02
811	0.00	61.00	5159.78	51597.80	257989.02	1853355.19	0.00	0.00	15.41	0.00	9.28	30.02	0.02
812	0.00	62.00	5159.78	51597.80	257989.02	1853355.19	0.00	0.00	15.41	0.00	9.13	30.02	0.02
813	0.00	63.00	5159.78	51597.80	257989.02	1853355.19	0.00	0.00	15.41	0.00	8.99	29.99	0.02
814	0.00	64.00	5159.78	51597.80	257989.02	1853355.19	0.00	0.00	15.41	0.00	9.41	29.94	0.02
815	0.00	65.00	5159.78	51597.80	257989.02	1853355.19	0.00	0.00	15.41	0.00	9.27	29.84	0.02
816	0.00	66.00	5159.78	51597.80	257989.02	1853355.19	0.00	0.00	15.41	0.00	9.13	29.66	0.02
817	0.00	67.00	5159.78	51597.80	257989.02	1853355.19	0.00	0.00	15.41	0.00	8.99	30.19	0.01
818	0.00	68.00	5159.78	51597.80	257989.02	1853355.19	0.00	0.00	15.41	0.00	8.86	30.09	0.01
819	0.00	69.00	5159.78	51597.80	257989.02	1853355.19	0.00	0.00	15.41	0.00	8.73	30.10	0.01
820	0.00	70.00	5159.78	51597.80	257989.02	1853355.19	0.00	0.00	15.41	0.00	8.64	30.07	0.01
821	0.00	71.00	5159.78	51597.80	257989.02	1853355.19	0.00	0.00	15.41	0.00	8.52	30.08	0.01
822	0.00	72.00	5159.78	51597.80	257989.02	1853355.19	0.00	0.00	15.41	0.00	10.27	30.17	0.01
823	0.00	73.00	5159.78	51597.80	257989.02	1853355.19	0.00	0.00	15.41	0.00	10.72	30.23	0.01
824	0.00	74.00	5159.78	51597.80	257989.02	1853355.19	0.00	0.00	15.41	0.00	10.57	30.29	0.01
825	0.00	25.00	5159.78	51597.80	257989.02	1853355.19	0.00	0.00	15.41	0.00	0.28	20.25	0.00
826	0.00	26.00	5159.78	51597.80	257989.02	1853355.19	0.00	0.00	15.41	0.00	0.27	21.03	0.00
827	0.00	27.00	5159.78	51597.80	257989.02	1853355.19	0.00	0.00	15.41	0.00	0.26	21.07	0.00
828	0.00	28.00	5159.78	51597.80	257989.02	1853355.19	0.00	0.00	15.41	0.00	0.25	20.97	0.00
829	0.00	29.00	5159.78	51597.80	257989.02	1853355.19	0.00	0.00	15.41	0.00	10.72	22.39	0.03
830	0.00	30.00	5159.78	51597.80	257989.02	1853355.19	0.00	0.00	15.41	0.00	20.50	23.87	0.07
831	0.00	31.00	5159.78	51597.80	257989.02	1853355.19	0.00	0.00	15.41	0.00	19.84	24.30	0.06
832	0.00	32.00	5159.78	51597.80	257989.02	1853355.19	0.00	0.00	15.41	0.00	19.90	24.09	0.06
833	0.00	33.00	5159.78	51597.80	257989.02	1853355.19	0.00	0.00	15.41	0.00	19.30	24.84	0.06
834	0.00	34.00	5159.78	51597.80	257989.02	1853355.19	0.00	0.00	15.41	0.00	18.73	24.96	0.06
835	0.00	35.00	5159.78	51597.80	257989.02	1853355.19	0.00	0.00	15.41	0.00	22.85	25.89	0.06
836	0.00	36.00	5159.78	51597.80	257989.02	1853355.19	0.00	0.00	15.41	0.00	22.21	25.76	0.06
837	0.00	37.00	5159.78	51597.80	257989.02	1853355.19	0.00	0.00	15.41	0.00	21.61	25.94	0.05
838	0.00	38.00	5159.78	51597.80	257989.02	1846287.53	0.00	0.00	15.32	0.00	21.05	25.66	0.05
839	0.00	39.00	5159.78	51597.80	257989.02	1846287.53	0.00	0.00	15.32	0.00	20.51	26.12	0.05
840	0.00	40.00	5159.78	51597.80	257989.02	1846287.53	0.00	0.00	15.32	0.00	20.54	26.06	0.05
841	0.00	41.00	5159.78	51597.80	257989.02	1846287.53	0.00	0.00	15.32	0.00	20.04	26.23	0.05
842	0.00	42.00	5159.78	51597.80	257989.02	1846287.53	0.00	0.00	15.32	0.00	19.56	26.70	0.05
843	0.00	43.00	5159.78	51597.80	257989.02	1846287.53	0.00	0.00	15.32	0.00	19.11	26.69	0.05
844	0.00	44.00	5159.78	51597.80	257989.02	1846287.53	0.00	0.00	15.32	0.00	18.67	26.88	0.05
845	0.00	45.00	5159.78	51597.80	257989.02	1846287.53	0.00	0.00	15.32	0.00	18.26	26.79	0.04
846	0.00	46.00	5159.78	51597.80	257989.02	1846287.53	0.00	0.00	15.32	0.00	17.86	26.59	0.04
847	0.00	47.00	5159.78	51597.80	257989.02	1846287.53	0.00	0.00	15.32	0.00	17.48	26.94	0.04
848	0.00	48.00	5159.78	51597.80	257989.02	1846287.53	0.00	0.00	15.32	0.00	17.12	27.19	0.04
849	0.00	49.00	5159.78	51597.80	257989.02	1846287.53	0.00	0.00	15.32	0.00	16.77	27.17	0.04
850	0.00	50.00	5159.78	51597.80	257989.02	1846287.53	0.00	0.00	15.32	0.00	16.43	26.97	0.04
851	0.00	51.00	5159.78	51597.80	257989.02	1846287.53	0.00	0.00	15.32	0.00	16.11	27.08	0.04
852	0.00	52.00	5159.78	51597.80	257989.02	1846287.53	0.00	0.00	15.32	0.00	15.80	27.03	0.04
853	0.00	53.00	5159.78	51597.80	257989.02	1846287.53	0.00	0.00	15.32	0.00	15.50	27.05	0.04
854	0.00	54.00	5159.78	51597.80	257989.02	1846287.53	0.00	0.00	15.32	0.00	15.21	27.59	0.04
855	0.00	55.00	5159.78	51597.80	257989.02	1846287.53	0.00	0.00	15.32	0.00	14.94	27.48	0.04
856	0.00	56.00	5159.78	51597.80	257989.02	1846287.53	0.00	0.00	15.32	0.00	14.67	28.36	0.04
857	0.00	57.00	5159.78	51597.80	257989.02	1846287.53	0.00	0.00	15.32	0.00	14.41	28.58	0.04
858	0.00	58.00	5159.78	51597.80	257989.02	1846287.53	0.00	0.00	15.32	0.00	14.17	28.50	0.03
859	0.00	59.00	5159.78	51597.80	257989.02	1846287.53	0.00	0.00	15.32	0.00	13.96	28.36	0.03
860	0.00	60.00	5159.78	51597.80	257989.02	1846287.53	0.00	0.00	15.32	0.00	13.73	28.60	0.03
861	0.00	61.00	5159.78	51597.80	257989.02	1846287.53	0.00	0.00	15.32	0.00	13.51	28.57	0.03
862	0.00	62.00	5159.78	51597.80	257989.02	1846287.53	0.00	0.00	15.32	0.00	13.29	29.77	0.03
863	0.00	63.00	5159.78	51597.80	257989.02	1846287.53	0.00	0.00	15.32	0.00	16.03	29.70	0.03
864	0.00	64.00	5159.78	51597.80	257989.02	1846287.53	0.00	0.00	15.32	0.00	15.78	29.62	0.03
865	0.00	65.00	5159.78	51597.80	257989.02	1846287.53	0.00	0.00	15.32	0.00	15.53	30.16	0.03
866	0.00	66.00	5159.78	51597.80	257989.02	1846287.53	0.00	0.00	15.32	0.00	15.30	30.37	0.03
867	0.00	67.00	5159.78	51597.80	257989.02	1846287.53	0.00	0.00	15.32	0.00	15.07	30.28	0.03
868	0.00	68.00	5159.78	51597.80	257989.02	1846287.53	0.00	0.00	15.32	0.00	14.85	30.27	0.03
869	0.00	69.00	5159.78	51597.80	257989.02	1846287.53	0.00	0.00	15.32	0.00	14.63	30.18	0.03
870	0.00	70.00	5159.78	51597.80	257989.02	1846287.53	0.00	0.00	15.32	0.00	15.04	30.46	0.03
871	0.00	71.00	5159.78	51597.80	257989.02	1846287.53	0.00	0.00	15.32	0.00	14.83	30.54	0.03
872	0.00	72.00	5159.78	51597.80	257989.02	1846287.53	0.00	0.00	15.32	0.00	14.62	30.42	0.03
873	0.00	73.00	5159.78	51597.80	257989.02	1846287.53	0.00	0.00	15.32	0.00	14.42	30.36	0.03
874	0.00	74.00	5159.78	51597.80	257989.02	1846287.53	0.00	0.00	15.32	0.00	14.22	30.43	0.03
875	0.00	25.00	5159.78	51597.80	257989.02	1846287.53	0.00	0.00	15.32	0.00	0.28	23.38	0.00
876	0.00	26.00	5159.78	51597.80	257989.02	1846287.53	0.00	0.00	15.32	0.00	0.27	23.12	0.00
877	0.00	27.00	5159.78	51597.80	257989.02	1846287.53	0.00	0.00	15.32	0.00	0.26	29.04	0.00
878	0.00	28.00	5159.78	51597.80	257989.02	1846287.53	0.00	0.00	15.32	0.00	0.25	29.86	0.00
879	0.00	29.00	5159.78	51597.80	257989.02	1846287.53	0.00	0.00	15.32	0.00	0.24	29.75	0.00
880	0.00	30.00	5159.78	51597.80	257989.02	1846287.53	0.00	0.00	15.32	0.00	0.23	29.34	0.00
881	0.00	31.00	5159.78	51597.80	257989.02	1846287.53	0.00	0.00	15.32	0.00	0.22	29.20	0.00
882	0.00	32.00	5159.78	51597.80	257989.02	1846287.53	0.00	0.00	15.32	0.00	0.22	29.03	0.00
883	0.00	33.00	5159.78	51597.80	257989.02	1846287.53	0.00	0.00	15.32	0.00	0.69	28.69	0.00
884	0.00	34.00	5159.78	51597.80	257989.02	1846287.53	0.00	0.00	15.32	0.00	0.67	28.42	0.00
885	0.00	35.00	5159.78	51597.80	257989.02	1846287.53	0.00	0.00	15.32	0.00	0.65	28.93	0.03
886	0.00	36.00	5159.78	51597.80	257989.02	1846287.53	0.00	0.00	15.32	0.00	0.63	28.54	0.03
887	0.00	37.00	5159.78	51597.80	257989.02	1846287.53	0.00	0.00	15.32	0.00	0.61	28.32	0.03
888	0.00	38.00	5159.78	51597.80	257989.02	1846287.53	0.00	0.00	15.32	0.00	0.60	28.18	0.03
889	0.00	39.00	5159.78	51597.80	257989.02	1846287.53	0.00	0.00	15.32	0.00	0.58	28.23	0.03
890	0.00	40.00	5159.78	51597.80	257989.02	1846287.53	0.00	0.00	15.32	0.00	0.57	28.12	0.03
891	0.00	41.00	5159.78	51597.80	257989.02	1846287.53	0.00	0.00	15.32	0.00	0.55	28.00	0.02
892	0.00	42.00	5159.78	51597.80	257989.02	1846287.53	0.00	0.00	15.32	0.00	0.54	27.87	0.02
893	0.00	43.00	5159.78	51597.80	257989.02	1846287.53	0.00	0.00	15.32	0.00	0.53	27.90	0.02
894	0.00	44.00	5159.78	51597.80	257989.02	1846287.53	0.00	0.00	15.32	0.00	0.87	27.72	0.02
895	0.00	45.00	5159.78	51597.80	257989.02	1846287.53	0.00	0.00	15.32	0.00	0.86	27.75	0.02
896	0.00	46.00	5159.78	51597.80	257989.02	1846287.53	0.00	0.00	15.32	0.00	0.84	28.21	0.02
897	0.00	47.00	5159.78	51597.80	257989.02	1846287.53	0.00	0.00	15.32	0.00	1.15	28.25	0.02
898	0.00	48.00	5159.78	51597.80	257989.02	1846287.53	0.00	0.00	15.32	0.00	1.13	28.13	0.02
899	0.00	49.00	5159.78	51597.80	257989.02	1846287.53	0.00	0.00	15.32	0.00	4.90	28.38	0.02
900	0.00	50.00	5159.78	51597.80	257989.02	1846287.53	0.00	0.00	15.32	0.00	4.80	28.35	0.02
901	0.00	51.00	6191.74	61917.36	309586.82	2004383.20	0.00	0.00	15.32	0.00	4.71	29.60	0.02
902	0.00	52.00	6191.74	61917.36	309586.82	2004383.20	0.00	0.00	15.32	0.00	4.62	29.60	0.02
903	0.00	53.00	6191.74	61917.36	309586.82	2004383.20	0.00	0.00	15.32	0.00	5.67	29.94	0.02
904	0.00	54.00	6191.74	61917.36	309586.82	2004383.20	0.00	0.00	15.32	0.00	5.61	29.78	0.02
905	0.00	55.00	6191.74	61917.36	309586.82	2004383.20	0.00	0.00	15.32	0.00	5.50	30.41	0.02
906	0.00	56.00	6191.74	61917.36	309586.82	2004383.20	0.00	0.00	15.32	0.00	5.40	30.33	0.02
907	0.00	57.00	6191.74	61917.36	309586.82	2004383.20	0.00	0.00	15.32	0.00	5.31	30.10	0.02
908	0.00	58.00	6191.74	61917.36	309586.82	2004383.20	0.00	0.00	15.32	0.00	5.22	30.24	0.02
909	0.00	59.00	6191.74	61917.36	309586.82	2004383.20	0.00	0.00	15.32	0.00	5.13	30.07	0.02
910	0.00	60.00	6191.74	61917.36	309586.82	2004383.20	0.00	0.00	15.32	0.00	5.04	30.27	0.03
911	0.00	61.00	6191.74	61917.36	309586.82	2004383.20	0.00	0.00	15.32	0.00	4.96	30.33	0.03
912	0.00	62.00	6191.74	61917.36	309586.82	2004383.20	0.00	0.00	15.32	0.00	4.88	30.17	0.03
913	0.00	63.00	6191.74	61917.36	309586.82	2004383.20	0.00	0.00	15.32	0.00	4.80	30.14	0.03
914	0.00	64.00	6191.74	61917.36	309586.82	2004383.20	0.00	0.00	15.32	0.00	4.77	30.25	0.03
915	0.00	65.00	6191.74	61917.36	309586.82	2004383.20	0.00	0.00	15.32	0.00	4.69	30.24	0.03
916	0.00	66.00	6191.74	61917.36	309586.82	2004383.20	0.00	0.00	15.32	0.00	4.86	30.19	0.03
917	0.00	67.00	6191.74	61917.36	309586.82	2004383.20	0.00	0.00	15.32	0.00	5.02	30.05	0.03
918	0.00	68.00	6191.74	61917.36	309586.82	2004383.20	0.00	0.00	15.32	0.00	7.62	30.11	0.03
919	0.00	69.00	6191.74	61917.36	309586.82	2004383.20	0.00	0.00	15.32	0.00	7.73	29.94	0.03
920	0.00	70.00	6191.74	61917.36	309586.82	2004383.20	0.00	0.00	15.32	0.00	7.66	29.97	0.03
921	0.00	71.00	6191.74	61917.36	309586.82	2004383.20	0.00	0.00	15.32	0.00	8.19	30.04	0.03
922	0.00	72.00	6191.74	61917.36	309586.82	2004383.20	0.00	0.00	15.32	0.00	8.07	31.23	0.03
923	0.00	73.00	6191.74	61917.36	309586.82	2004383.20	0.00	0.00	15.32	0.00	7.96	31.27	0.04
924	0.00	74.00	6191.74	61917.36	309586.82	2004383.20	0.00	0.00	15.32	0.00	7.85	31.18	0.04
925	0.00	25.00	6191.74	61917.36	309586.82	2004383.20	0.00	0.00	15.32	0.00	0.19	18.40	0.00
926	0.00	26.00	6191.74	61917.36	309586.82	2004383.20	0.00	0.00	15.32	0.00	0.18	19.09	0.00
927	0.00	27.00	6191.74	61917.36	309586.82	2004383.20	0.00	0.00	15.32	0.00	0.17	19.98	0.04
928	0.00	28.00	6191.74	61917.36	309586.82	2004383.20	0.00	0.00	15.32	0.00	0.17	20.53	0.04
929	0.00	29.00	6191.74	61917.36	309586.82	2004383.20	0.00	0.00	15.32	0.00	0.86	24.87	0.03
930	0.00	30.00	6191.74	61917.36	309586.82	2004383.20	0.00	0.00	15.32	0.00	0.83	24.79	0.03
931	0.00	31.00	6191.74	61917.36	309586.82	2004383.20	0.00	0.00	15.32	0.00	0.80	24.76	0.03
932	0.00	32.00	6191.74	61917.36	309586.82	2004383.20	0.00	0.00	15.32	0.00	6.81	25.54	0.06
933	0.00	33.00	6191.74	61917.36	309586.82	2004383.20	0.00	0.00	15.32	0.00	11.13	26.18	0.06
934	0.00	34.00	6191.74	61917.36	309586.82	2004383.20	0.00	0.00	15.32	0.00	10.80	26.16	0.06
935	0.00	35.00	6191.74	61917.36	309586.82	2004383.20	0.00	0.00	15.32	0.00	10.49	26.31	0.06
936	0.00	36.00	6191.74	61917.36	309586.82	2002789.85	0.00	0.00	15.49	0.00	10.20	26.01	0.06
937	0.00	37.00	6191.74	61917.36	309586.82	2002789.85	0.00	0.00	15.49	0.00	9.93	26.11	0.05
938	0.00	38.00	6191.74	61917.36	309586.82	2002789.85	0.00	0.00	15.49	0.00	9.66	25.83	0.05
939	0.00	39.00	6191.74	61917.36	309586.82	2002789.85	0.00	0.00	15.49	0.00	9.48	25.86	0.05
940	0.00	40.00	6191.74	61917.36	309586.82	2002789.85	0.00	0.00	15.49	0.00	9.24	28.30	0.05
941	0.00	41.00	6191.74	61917.36	309586.82	2002789.85	0.00	0.00	15.49	0.00	11.26	29.36	0.07
942	0.00	42.00	6191.74	61917.36	309586.82	2002789.85	0.00	0.00	15.49	0.00	11.00	29.29	0.07
943	0.00	43.00	6191.74	61917.36	309586.82	2002789.85	0.00	0.00	15.49	0.00	10.74	28.97	0.07
944	0.00	44.00	6191.74	61917.36	309586.82	2002789.85	0.00	0.00	15.49	0.00	10.50	29.30	0.07
945	0.00	45.00	6191.74	61917.36	309586.82	2002789.85	0.00	0.00	15.49	0.00	10.26	29.94	0.07
946	0.00	46.00	6191.74	61917.36	309586.82	2002789.85	0.00	0.00	15.49	0.00	10.04	30.03	0.07
947	0.00	47.00	6191.74	61917.36	309586.82	2002789.85	0.00	0.00	15.49	0.00	9.88	30.04	0.06
948	0.00	48.00	6191.74	61917.36	309586.82	2002789.85	0.00	0.00	15.49	0.00	9.67	30.15	0.06
949	0.00	49.00	6191.74	61917.36	309586.82	2002789.85	0.00	0.00	15.49	0.00	9.47	30.05	0.06
950	0.00	50.00	6191.74	61917.36	309586.82	2002789.85	0.00	0.00	15.49	0.00	9.28	29.86	0.06
951	0.00	51.00	6191.74	61917.36	309586.82	2002789.85	0.00	0.00	15.49	0.00	9.10	29.67	0.06
952	0.00	52.00	6191.74	61917.36	309586.82	2002789.85	0.00	0.00	15.49	0.00	8.93	29.57	0.06
953	0.00	53.00	6191.74	61917.36	309586.82	2002789.85	0.00	0.00	15.49	0.00	8.76	29.38	0.06
954	0.00	54.00	6191.74	61917.36	309586.82	2002789.85	0.00	0.00	15.49	0.00	8.60	29.14	0.06
955	0.00	55.00	6191.74	61917.36	309586.82	2002789.85	0.00	0.00	15.49	0.00	8.44	28.94	0.05
956	0.00	56.00	6191.74	61917.36	309586.82	2002789.85	0.00	0.00	15.49	0.00	8.29	30.23	0.05
957	0.00	57.00	6191.74	61917.36	309586.82	2002789.85	0.00	0.00	15.49	0.00	8.14	29.97	0.05
958	0.00	58.00	6191.74	61917.36	309586.82	2002789.85	0.00	0.00	15.49	0.00	8.00	30.20	0.05
959	0.00	59.00	6191.74	61917.36	309586.82	2002789.85	0.00	0.00	15.49	0.00	7.87	30.15	0.05
960	0.00	60.00	6191.74	61917.36	309586.82	2002789.85	0.00	0.00	15.49	0.00	7.74	29.99	0.05
961	0.00	61.00	6191.74	61917.36	309586.82	2002789.85	0.00	0.00	15.49	0.00	7.61	30.62	0.05
962	0.00	62.00	6191.74	61917.36	309586.82	2002789.85	0.00	0.00	15.49	0.00	7.49	30.53	0.05
963	0.00	63.00	6191.74	61917.36	309586.82	2002789.85	0.00	0.00	15.49	0.00	7.57	30.60	0.05
964	0.00	64.00	6191.74	61917.36	309586.82	2002789.85	0.00	0.00	15.49	0.00	7.45	30.68	0.05
965	0.00	65.00	6191.74	61917.36	309586.82	2002789.85	0.00	0.00	15.49	0.00	7.34	30.75	0.05
966	0.00	66.00	6191.74	61917.36	309586.82	2002789.85	0.00	0.00	15.49	0.00	7.22	30.86	0.05
967	0.00	67.00	6191.74	61917.36	309586.82	2002789.85	0.00	0.00	15.49	0.00	7.12	30.76	0.04
968	0.00	68.00	6191.74	61917.36	309586.82	2002789.85	0.00	0.00	15.49	0.00	7.86	31.12	0.04
969	0.00	69.00	6191.74	61917.36	309586.82	2002789.85	0.00	0.00	15.49	0.00	7.78	30.93	0.04
970	0.00	70.00	6191.74	61917.36	309586.82	2002789.85	0.00	0.00	15.49	0.00	7.67	30.76	0.04
971	0.00	71.00	6191.74	61917.36	309586.82	2002789.85	0.00	0.00	15.49	0.00	7.60	30.59	0.04
972	0.00	72.00	6191.74	61917.36	309586.82	2002789.85	0.00	0.00	15.49	0.00	7.49	30.54	0.04
973	0.00	73.00	6191.74	61917.36	309586.82	2002789.85	0.00	0.00	15.49	0.00	9.43	30.70	0.05
974	0.00	74.00	6191.74	61917.36	309586.82	2002789.85	0.00	0.00	15.49	0.00	9.31	30.95	0.05
975	0.00	25.00	6191.74	61917.36	309586.82	2002789.85	0.00	0.00	15.49	0.00	0.19	17.86	0.00
976	0.00	26.00	6191.74	61917.36	309586.82	2002789.85	0.00	0.00	15.49	0.00	2.41	18.92	0.00
977	0.00	27.00	6191.74	61917.36	309586.82	2002789.85	0.00	0.00	15.49	0.00	2.32	19.14	0.00
978	0.00	28.00	6191.74	61917.36	309586.82	2002789.85	0.00	0.00	15.49	0.00	2.29	20.19	0.00
979	0.00	29.00	6191.74	61917.36	309586.82	2002789.85	0.00	0.00	15.49	0.00	2.21	21.67	0.00
980	0.00	30.00	6191.74	61917.36	309586.82	2002789.85	0.00	0.00	15.49	0.00	2.13	22.78	0.00
981	0.00	31.00	6191.74	61917.36	309586.82	2002789.85	0.00	0.00	15.49	0.00	2.06	23.34	0.00
982	0.00	32.00	6191.74	61917.36	309586.82	2002789.85	0.00	0.00	15.49	0.00	3.20	23.47	0.00
983	0.00	33.00	6191.74	61917.36	309586.82	2002789.85	0.00	0.00	15.49	0.00	3.10	24.06	0.00
984	0.00	34.00	6191.74	61917.36	309586.82	2002789.85	0.00	0.00	15.49	0.00	3.01	24.02	0.00
985	0.00	35.00	6191.74	61917.36	309586.82	2002789.85	0.00	0.00	15.49	0.00	5.03	24.27	0.00
986	0.00	36.00	6191.74	61917.36	309586.82	2002789.85	0.00	0.00	15.49	0.00	4.89	24.42	0.00
987	0.00	37.00	6191.74	61917.36	309586.82	2002789.85	0.00	0.00	15.49	0.00	4.76	24.74	0.00
988	0.00	38.00	6191.74	61917.36	309586.82	2002789.85	0.00	0.00	15.49	0.00	4.63	24.71	0.00
989	0.00	39.00	6191.74	61917.36	309586.82	2002789.85	0.00	0.00	15.49	0.00	4.51	24.89	0.00
990	0.00	40.00	6191.74	61917.36	309586.82	2002789.85	0.00	0.00	15.49	0.00	4.40	25.18	0.00
991	0.00	41.00	6191.74	61917.36	309586.82	2002789.85	0.00	0.00	15.49	0.00	4.29	25.00	0.00
992	0.00	42.00	6191.74	61917.36	309586.82	2002789.85	0.00	0.00	15.49	0.00	4.19	25.47	0.00
993	0.00	43.00	6191.74	61917.36	309586.82	2002789.85	0.00	0.00	15.49	0.00	4.09	26.02	0.00
994	0.00	44.00	6191.74	61917.36	309586.82	2002789.85	0.00	0.00	15.49	0.00	4.00	25.80	0.00
995	0.00	45.00	6191.74	61917.36	309586.82	2002789.85	0.00	0.00	15.49	0.00	5.20	26.18	0.00
996	0.00	46.00	6191.74	61917.36	309586.82	2002789.85	0.00	0.00	15.49	0.00	5.08	25.96	0.00
997	0.00	47.00	6191.74	61917.36	309586.82	2002789.85	0.00	0.00	15.49	0.00	4.98	25.83	0.00
998	0.00	48.00	6191.74	61917.36	309586.82	2002789.85	0.00	0.00	15.49	0.00	5.30	27.78	0.00
999	0.00	49.00	6191.74	61917.36	309586.82	2002789.85	0.00	0.00	15.49	0.00	5.19	27.61	0.00
1000	0.00	50.00	6191.74	61917.36	309586.82	2002789.85	0.00	0.00	15.49	0.00	5.08	27.52	0.00
