Skip number of rows: 48
Time used: 14,30 seconds

Problem instance parameters: 
Problem size = 9
Time windows = false
Maximum duration = 3
Best known sailing cost = 615212
Minimum number of installations = 1
Length of planning period = 7
Load factor = 1,2
Total charter cost of fleet = 589000
Maximum number of installations = 8
Dataset sheet = 1
Minimum duration = 2

Heuristic parameters: 
Number of installations violation penalty = 1
Fitness evaluation protocol = standard
Initial population heuristic = aimed
Reference proportion of feasible individuals = 0,2
Survivor selection protocol = standard
Diversification protocol = standard
Repair protocol = standard
Gap from best known solution = 0
Capacity constraint violation penalty = 1
Proportion of elite individuals = 0,4
Education rate = 1
Iterations before diversify = 4000
Genotype to phenotype converter protocol = standard
Education protocol = standard
Proportion of individuals considered for distance evaluation = 0,2
Reproduction protocol = standard
Population size = 25
Parent selection protocol = binary tournament
Number of offspring in a generation = 50
Granularity threshold in RI = 0,4
Max iterations = 10000
Duration constraint violation penalty = 1
Repair rate = 0,5

Number of iterations: 743
Diversifaction happened at iterations: []
Number of crossover restarts: 109
Number of construction heuristic restarts: 112

No feasible solution!
Gen.	# feasible solutions	# infeasible solutions	cap. penality	dur. penality	num. penality	best penalized cost	best feasible cost	best cap. violation	best dur. violation	best num. violation	avg cap. violation	avg dur. violation	avg num. violation	gap from BKS	best visits pr voyage	avg visits pr voyage
0	0.00	50.00	1.00	1.00	1.00	615236.00	0.00	8.16	15.81	0.00	127.19	78.63	0.00	0.00	7.00	6.98
1	0.00	51.00	1.20	1.20	0.85	615240.79	0.00	8.16	15.81	0.00	124.86	78.59	0.00	0.00	7.00	6.98
2	0.00	52.00	1.20	1.20	0.85	615240.79	0.00	8.16	15.81	0.00	127.66	78.53	0.00	0.00	7.00	6.98
3	0.00	53.00	1.20	1.20	0.85	615240.79	0.00	8.16	15.81	0.00	125.25	78.49	0.00	0.00	7.00	6.98
4	0.00	54.00	1.20	1.20	0.85	615240.79	0.00	8.16	15.81	0.00	125.70	78.44	0.00	0.00	7.00	6.98
5	0.00	55.00	1.20	1.20	0.85	615240.79	0.00	8.16	15.81	0.00	125.51	78.43	0.00	0.00	7.00	6.98
6	0.00	56.00	1.20	1.20	0.85	615240.79	0.00	8.16	15.81	0.00	125.41	78.38	0.00	0.00	7.00	6.98
7	0.00	57.00	1.20	1.20	0.85	615240.79	0.00	8.16	15.81	0.00	125.83	77.94	0.00	0.00	7.00	6.98
8	0.00	58.00	1.20	1.20	0.85	615240.79	0.00	8.16	15.81	0.00	125.75	77.92	0.00	0.00	7.00	6.98
9	0.00	59.00	1.20	1.20	0.85	615240.79	0.00	8.16	15.81	0.00	124.09	78.29	0.00	0.00	7.00	6.98
10	0.00	60.00	1.20	1.20	0.85	615240.79	0.00	8.16	15.81	0.00	123.78	78.27	0.00	0.00	7.00	6.98
11	0.00	61.00	1.20	1.20	0.85	615240.79	0.00	8.16	15.81	0.00	125.46	78.62	0.00	0.00	7.00	6.98
12	0.00	62.00	1.20	1.20	0.85	615240.79	0.00	8.16	15.81	0.00	125.85	78.46	0.00	0.00	7.00	6.98
13	0.00	63.00	1.20	1.20	0.85	615240.79	0.00	8.16	15.81	0.00	128.12	78.42	0.00	0.00	7.00	6.98
14	0.00	64.00	1.20	1.20	0.85	615240.79	0.00	8.16	15.81	0.00	127.76	78.37	0.00	0.00	7.00	6.98
15	0.00	65.00	1.20	1.20	0.85	615240.79	0.00	8.16	15.81	0.00	128.09	78.61	0.00	0.00	7.00	6.98
16	0.00	66.00	1.20	1.20	0.85	615240.79	0.00	8.16	15.81	0.00	129.58	78.22	0.00	0.00	7.00	6.98
17	0.00	67.00	1.20	1.20	0.85	615240.79	0.00	8.16	15.81	0.00	132.06	78.01	0.00	0.00	7.00	6.99
18	0.00	68.00	1.20	1.20	0.85	615240.79	0.00	8.16	15.81	0.00	130.12	77.99	0.00	0.00	7.00	6.99
19	0.00	69.00	1.20	1.20	0.85	615240.79	0.00	8.16	15.81	0.00	129.76	77.09	0.00	0.00	7.00	6.99
20	0.00	70.00	1.20	1.20	0.85	615240.79	0.00	8.16	15.81	0.00	130.03	77.43	0.00	0.00	7.00	6.99
21	0.00	71.00	1.20	1.20	0.85	615240.79	0.00	8.16	15.81	0.00	132.07	76.73	0.01	0.00	7.00	6.99
22	0.00	72.00	1.20	1.20	0.85	615240.79	0.00	8.16	15.81	0.00	130.24	76.71	0.01	0.00	7.00	6.99
23	0.00	73.00	1.20	1.20	0.85	615240.79	0.00	8.16	15.81	0.00	132.14	76.71	0.01	0.00	7.00	6.99
24	0.00	74.00	1.20	1.20	0.85	615240.79	0.00	8.16	15.81	0.00	132.37	76.64	0.01	0.00	7.00	6.99
25	0.00	25.00	1.20	1.20	0.85	615240.79	0.00	8.16	15.81	0.00	56.13	72.80	0.00	0.00	7.00	7.00
26	0.00	26.00	1.20	1.20	0.85	615240.79	0.00	8.16	15.81	0.00	55.04	72.91	0.00	0.00	7.00	7.00
27	0.00	27.00	1.20	1.20	0.85	615240.79	0.00	8.16	15.81	0.00	54.03	73.90	0.00	0.00	7.00	7.00
28	0.00	28.00	1.20	1.20	0.85	615240.79	0.00	8.16	15.81	0.00	55.86	73.96	0.00	0.00	7.00	7.00
29	0.00	29.00	1.20	1.20	0.85	615240.79	0.00	8.16	15.81	0.00	54.88	74.85	0.00	0.00	7.00	7.00
30	0.00	30.00	1.20	1.20	0.85	615240.79	0.00	8.16	15.81	0.00	53.98	74.08	0.00	0.00	7.00	7.00
31	0.00	31.00	1.20	1.20	0.85	615240.79	0.00	8.16	15.81	0.00	52.53	73.85	0.00	0.00	7.00	7.00
32	0.00	32.00	1.20	1.20	0.85	615240.79	0.00	8.16	15.81	0.00	54.18	74.41	0.00	0.00	7.00	7.00
33	0.00	33.00	1.20	1.20	0.85	615240.79	0.00	8.16	15.81	0.00	52.54	74.10	0.00	0.00	7.00	7.00
34	0.00	34.00	1.20	1.20	0.85	615240.79	0.00	8.16	15.81	0.00	53.63	72.53	0.00	0.00	7.00	7.00
35	0.00	35.00	1.20	1.20	0.85	615240.79	0.00	8.16	15.81	0.00	55.56	73.37	0.00	0.00	7.00	7.00
36	0.00	36.00	1.20	1.20	0.85	615240.79	0.00	8.16	15.81	0.00	54.79	74.10	0.00	0.00	7.00	7.00
37	0.00	37.00	1.20	1.20	0.85	615240.79	0.00	8.16	15.81	0.00	56.54	74.79	0.00	0.00	7.00	7.00
38	0.00	38.00	1.20	1.20	0.85	615240.79	0.00	8.16	15.81	0.00	55.06	74.47	0.00	0.00	7.00	7.00
39	0.00	39.00	1.20	1.20	0.85	615240.79	0.00	8.16	15.81	0.00	53.65	73.88	0.00	0.00	7.00	7.00
40	0.00	40.00	1.20	1.20	0.85	615240.79	0.00	8.16	15.81	0.00	53.00	73.33	0.00	0.00	7.00	7.00
41	0.00	41.00	1.20	1.20	0.85	615240.79	0.00	8.16	15.81	0.00	54.27	73.38	0.00	0.00	7.00	7.00
42	0.00	42.00	1.20	1.20	0.85	615240.79	0.00	8.16	15.81	0.00	55.49	73.27	0.00	0.00	7.00	7.00
43	0.00	43.00	1.20	1.20	0.85	615240.79	0.00	8.16	15.81	0.00	57.63	73.37	0.00	0.00	7.00	7.00
44	0.00	44.00	1.20	1.20	0.85	615240.79	0.00	8.16	15.81	0.00	59.08	73.46	0.00	0.00	7.00	7.00
45	0.00	45.00	1.20	1.20	0.85	615240.79	0.00	8.16	15.81	0.00	57.77	73.22	0.00	0.00	7.00	7.00
46	0.00	46.00	1.20	1.20	0.85	615240.79	0.00	8.16	15.81	0.00	56.51	73.03	0.00	0.00	7.00	7.00
47	0.00	47.00	1.20	1.20	0.85	615240.79	0.00	8.16	15.81	0.00	55.50	73.59	0.00	0.00	7.00	7.00
48	0.00	48.00	1.20	1.20	0.85	615240.79	0.00	8.16	15.81	0.00	54.35	73.87	0.00	0.00	7.00	7.00
49	0.00	49.00	1.20	1.20	0.85	615240.79	0.00	8.16	15.81	0.00	56.29	73.94	0.00	0.00	7.00	7.00
50	0.00	50.00	1.20	1.20	0.85	615240.79	0.00	8.16	15.81	0.00	55.16	73.50	0.00	0.00	7.00	7.00
51	0.00	51.00	1.20	1.20	0.85	615240.79	0.00	8.16	15.81	0.00	54.08	73.11	0.00	0.00	7.00	7.00
52	0.00	52.00	1.20	1.20	0.85	615234.19	0.00	0.00	18.47	0.00	53.04	72.06	0.00	0.00	7.00	7.00
53	0.00	53.00	1.20	1.20	0.85	615234.19	0.00	0.00	18.47	0.00	60.26	71.54	0.00	0.00	7.00	7.00
54	0.00	54.00	1.20	1.20	0.85	615234.19	0.00	0.00	18.47	0.00	59.49	72.37	0.00	0.00	7.00	7.00
55	0.00	55.00	1.20	1.20	0.85	615234.19	0.00	0.00	18.47	0.00	58.91	72.86	0.00	0.00	7.00	7.00
56	0.00	56.00	1.20	1.20	0.85	615234.19	0.00	0.00	18.47	0.00	57.86	72.48	0.00	0.00	7.00	7.00
57	0.00	57.00	1.20	1.20	0.85	615234.19	0.00	0.00	18.47	0.00	56.85	72.73	0.00	0.00	7.00	7.00
58	0.00	58.00	1.20	1.20	0.85	615234.19	0.00	0.00	18.47	0.00	57.86	71.99	0.00	0.00	7.00	7.00
59	0.00	59.00	1.20	1.20	0.85	615234.19	0.00	0.00	18.47	0.00	60.72	71.26	0.00	0.00	7.00	7.00
60	0.00	60.00	1.20	1.20	0.85	615234.19	0.00	0.00	18.47	0.00	59.71	70.53	0.00	0.00	7.00	7.00
61	0.00	61.00	1.20	1.20	0.85	615234.19	0.00	0.00	18.47	0.00	58.73	70.61	0.00	0.00	7.00	7.00
62	0.00	62.00	1.20	1.20	0.85	615234.19	0.00	0.00	18.47	0.00	57.78	70.15	0.00	0.00	7.00	7.00
63	0.00	63.00	1.20	1.20	0.85	615234.19	0.00	0.00	18.47	0.00	58.92	70.05	0.00	0.00	7.00	7.00
64	0.00	64.00	1.20	1.20	0.85	615234.19	0.00	0.00	18.47	0.00	59.64	70.53	0.00	0.00	7.00	7.00
65	0.00	65.00	1.20	1.20	0.85	615234.19	0.00	0.00	18.47	0.00	58.73	70.10	0.00	0.00	7.00	7.00
66	0.00	66.00	1.20	1.20	0.85	615234.19	0.00	0.00	18.47	0.00	57.84	70.35	0.00	0.00	7.00	7.00
67	0.00	67.00	1.20	1.20	0.85	615234.19	0.00	0.00	18.47	0.00	57.39	70.78	0.00	0.00	7.00	7.00
68	0.00	68.00	1.20	1.20	0.85	615234.19	0.00	0.00	18.47	0.00	56.54	70.15	0.00	0.00	7.00	7.00
69	0.00	69.00	1.20	1.20	0.85	615234.19	0.00	0.00	18.47	0.00	59.01	70.25	0.00	0.00	7.00	7.00
70	0.00	70.00	1.20	1.20	0.85	615234.19	0.00	0.00	18.47	0.00	58.16	69.64	0.00	0.00	7.00	7.00
71	0.00	71.00	1.20	1.20	0.85	615234.19	0.00	0.00	18.47	0.00	57.34	70.07	0.00	0.00	7.00	7.00
72	0.00	72.00	1.20	1.20	0.85	615234.19	0.00	0.00	18.47	0.00	58.62	69.48	0.00	0.00	7.00	7.00
73	0.00	73.00	1.20	1.20	0.85	615234.19	0.00	0.00	18.47	0.00	57.82	69.23	0.00	0.00	7.00	7.00
74	0.00	74.00	1.20	1.20	0.85	615234.19	0.00	0.00	18.47	0.00	57.04	68.99	0.00	0.00	7.00	7.00
75	0.00	25.00	1.20	1.20	0.85	615234.19	0.00	0.00	18.47	0.00	17.34	62.81	0.00	0.00	7.00	7.00
76	0.00	26.00	1.20	1.20	0.85	615234.19	0.00	0.00	18.47	0.00	21.34	62.89	0.00	0.00	7.00	7.00
77	0.00	27.00	1.20	1.20	0.85	615231.60	0.00	0.00	16.31	0.00	20.55	61.17	0.00	0.00	7.00	7.00
78	0.00	28.00	1.20	1.20	0.85	615231.60	0.00	0.00	16.31	0.00	19.81	59.57	0.00	0.00	7.00	7.00
79	0.00	29.00	1.20	1.20	0.85	615231.60	0.00	0.00	16.31	0.00	19.13	60.96	0.00	0.00	7.00	7.00
80	0.00	30.00	1.20	1.20	0.85	615231.60	0.00	0.00	16.31	0.00	26.04	61.45	0.00	0.00	7.00	7.00
81	0.00	31.00	1.20	1.20	0.85	615231.60	0.00	0.00	16.31	0.00	25.54	62.75	0.00	0.00	7.00	7.00
82	0.00	32.00	1.20	1.20	0.85	615231.60	0.00	0.00	16.31	0.00	37.76	63.15	0.00	0.00	7.00	7.00
83	0.00	33.00	1.20	1.20	0.85	615231.60	0.00	0.00	16.31	0.00	36.61	62.16	0.00	0.00	7.00	7.00
84	0.00	34.00	1.20	1.20	0.85	615231.60	0.00	0.00	16.31	0.00	35.54	61.85	0.00	0.00	7.00	7.00
85	0.00	35.00	1.20	1.20	0.85	615231.60	0.00	0.00	16.31	0.00	34.52	62.31	0.00	0.00	7.00	7.00
86	0.00	36.00	1.20	1.20	0.85	615231.60	0.00	0.00	16.31	0.00	33.56	61.34	0.00	0.00	7.00	7.00
87	0.00	37.00	1.20	1.20	0.85	615231.60	0.00	0.00	16.31	0.00	32.66	61.42	0.00	0.00	7.00	7.00
88	0.00	38.00	1.20	1.20	0.85	615231.60	0.00	0.00	16.31	0.00	32.04	62.83	0.00	0.00	7.00	7.00
89	0.00	39.00	1.20	1.20	0.85	615231.60	0.00	0.00	16.31	0.00	31.22	63.61	0.00	0.00	7.00	7.00
90	0.00	40.00	1.20	1.20	0.85	615231.60	0.00	0.00	16.31	0.00	30.67	64.51	0.00	0.00	7.00	7.00
91	0.00	41.00	1.20	1.20	0.85	615231.60	0.00	0.00	16.31	0.00	29.92	65.05	0.00	0.00	7.00	7.00
92	0.00	42.00	1.20	1.20	0.85	615231.60	0.00	0.00	16.31	0.00	29.21	65.87	0.00	0.00	7.00	7.00
93	0.00	43.00	1.20	1.20	0.85	615231.60	0.00	0.00	16.31	0.00	28.53	65.29	0.00	0.00	7.00	7.00
94	0.00	44.00	1.20	1.20	0.85	615231.60	0.00	0.00	16.31	0.00	27.88	64.75	0.00	0.00	7.00	6.98
95	0.00	45.00	1.20	1.20	0.85	615231.60	0.00	0.00	16.31	0.00	27.26	64.74	0.00	0.00	7.00	6.98
96	0.00	46.00	1.20	1.20	0.85	615231.60	0.00	0.00	16.31	0.00	26.87	64.97	0.00	0.00	7.00	6.98
97	0.00	47.00	1.20	1.20	0.85	615231.60	0.00	0.00	16.31	0.00	26.30	63.94	0.00	0.00	7.00	6.98
98	0.00	48.00	1.20	1.20	0.85	615231.60	0.00	0.00	16.31	0.00	28.86	63.68	0.00	0.00	7.00	6.98
99	0.00	49.00	1.20	1.20	0.85	615231.60	0.00	0.00	16.31	0.00	29.05	64.15	0.00	0.00	7.00	6.98
100	0.00	50.00	1.20	1.20	0.85	615231.60	0.00	0.00	16.31	0.00	33.00	64.88	0.00	0.00	7.00	6.98
101	0.00	51.00	1.02	1.44	0.72	615235.51	0.00	0.00	16.31	0.00	32.36	65.09	0.00	0.00	7.00	6.98
102	0.00	52.00	1.02	1.44	0.72	615235.51	0.00	0.00	16.31	0.00	32.27	65.76	0.00	0.00	7.00	6.98
103	0.00	53.00	1.02	1.44	0.72	615235.51	0.00	0.00	16.31	0.00	31.83	66.15	0.00	0.00	7.00	6.98
104	0.00	54.00	1.02	1.44	0.72	615235.51	0.00	0.00	16.31	0.00	31.24	65.71	0.00	0.00	7.00	6.98
105	0.00	55.00	1.02	1.44	0.72	615235.51	0.00	0.00	16.31	0.00	32.88	66.11	0.00	0.00	7.00	6.98
106	0.00	56.00	1.02	1.44	0.72	615235.51	0.00	0.00	16.31	0.00	36.34	65.85	0.00	0.00	7.00	6.98
107	0.00	57.00	1.02	1.44	0.72	615235.51	0.00	0.00	16.31	0.00	36.23	65.40	0.00	0.00	7.00	6.98
108	0.00	58.00	1.02	1.44	0.72	615235.51	0.00	0.00	16.31	0.00	35.60	65.43	0.00	0.00	7.00	6.98
109	0.00	59.00	1.02	1.44	0.72	615235.51	0.00	0.00	16.31	0.00	35.00	64.79	0.00	0.00	7.00	6.98
110	0.00	60.00	1.02	1.44	0.72	615235.51	0.00	0.00	16.31	0.00	36.90	64.59	0.00	0.00	7.00	6.98
111	0.00	61.00	1.02	1.44	0.72	615235.51	0.00	0.00	16.31	0.00	36.75	65.16	0.00	0.00	7.00	6.98
112	0.00	62.00	1.02	1.44	0.72	615235.51	0.00	0.00	16.31	0.00	36.16	65.51	0.00	0.00	7.00	6.98
113	0.00	63.00	1.02	1.44	0.72	615235.51	0.00	0.00	16.31	0.00	35.73	65.54	0.00	0.00	7.00	6.98
114	0.00	64.00	1.02	1.44	0.72	615235.51	0.00	0.00	16.31	0.00	35.17	65.18	0.00	0.00	7.00	6.98
115	0.00	65.00	1.02	1.44	0.72	615235.15	0.00	0.00	16.06	0.00	34.63	64.43	0.00	0.00	7.00	6.98
116	0.00	66.00	1.02	1.44	0.72	615235.15	0.00	0.00	16.06	0.00	34.11	64.77	0.00	0.00	7.00	6.98
117	0.00	67.00	1.02	1.44	0.72	615235.15	0.00	0.00	16.06	0.00	34.01	65.29	0.00	0.00	7.00	6.99
118	0.00	68.00	1.02	1.44	0.72	615235.15	0.00	0.00	16.06	0.00	33.51	65.44	0.00	0.00	7.00	6.99
119	0.00	69.00	1.02	1.44	0.72	615235.15	0.00	0.00	16.06	0.00	33.58	65.43	0.00	0.00	7.00	6.99
120	0.00	70.00	1.02	1.44	0.72	615235.15	0.00	0.00	16.06	0.00	33.10	64.73	0.00	0.00	7.00	6.99
121	0.00	71.00	1.02	1.44	0.72	615235.15	0.00	0.00	16.06	0.00	34.74	64.54	0.00	0.00	7.00	6.99
122	0.00	72.00	1.02	1.44	0.72	615235.15	0.00	0.00	16.06	0.00	34.64	65.03	0.00	0.00	7.00	6.99
123	0.00	73.00	1.02	1.44	0.72	615235.15	0.00	0.00	16.06	0.00	34.28	64.43	0.00	0.00	7.00	6.99
124	0.00	74.00	1.02	1.44	0.72	615235.15	0.00	0.00	16.06	0.00	36.93	63.84	0.01	0.00	7.00	6.99
125	0.00	25.00	1.02	1.44	0.72	615235.15	0.00	0.00	16.06	0.00	1.39	48.75	0.00	0.00	7.00	7.00
126	0.00	26.00	1.02	1.44	0.72	615235.15	0.00	0.00	16.06	0.00	1.34	48.86	0.00	0.00	7.00	7.00
127	0.00	27.00	1.02	1.44	0.72	615235.15	0.00	0.00	16.06	0.00	1.29	49.42	0.00	0.00	7.00	7.00
128	0.00	28.00	1.02	1.44	0.72	615235.15	0.00	0.00	16.06	0.00	1.24	48.64	0.00	0.00	7.00	7.00
129	0.00	29.00	1.02	1.44	0.72	615235.15	0.00	0.00	16.06	0.00	1.20	47.92	0.00	0.00	7.00	7.00
130	0.00	30.00	1.02	1.44	0.72	615235.15	0.00	0.00	16.06	0.00	1.16	48.04	0.00	0.00	7.00	7.00
131	0.00	31.00	1.02	1.44	0.72	615235.15	0.00	0.00	16.06	0.00	1.39	47.00	0.00	0.00	7.00	7.00
132	0.00	32.00	1.02	1.44	0.72	615235.15	0.00	0.00	16.06	0.00	5.13	47.99	0.00	0.00	7.00	7.00
133	0.00	33.00	1.02	1.44	0.72	615235.15	0.00	0.00	16.06	0.00	4.98	49.23	0.00	0.00	7.00	7.00
134	0.00	34.00	1.02	1.44	0.72	615235.15	0.00	0.00	16.06	0.00	4.83	48.26	0.00	0.00	7.00	7.00
135	0.00	35.00	1.02	1.44	0.72	615235.15	0.00	0.00	16.06	0.00	4.69	47.35	0.00	0.00	7.00	7.00
136	0.00	36.00	1.02	1.44	0.72	615235.15	0.00	0.00	16.06	0.00	4.56	46.49	0.00	0.00	7.00	7.00
137	0.00	37.00	1.02	1.44	0.72	615235.15	0.00	0.00	16.06	0.00	4.44	47.33	0.00	0.00	7.00	7.00
138	0.00	38.00	1.02	1.44	0.72	615235.15	0.00	0.00	16.06	0.00	4.32	47.47	0.00	0.00	7.00	7.00
139	0.00	39.00	1.02	1.44	0.72	615235.15	0.00	0.00	16.06	0.00	4.21	46.67	0.00	0.00	7.00	7.00
140	0.00	40.00	1.02	1.44	0.72	615235.15	0.00	0.00	16.06	0.00	4.31	45.89	0.00	0.00	7.00	7.00
141	0.00	41.00	1.02	1.44	0.72	615235.15	0.00	0.00	16.06	0.00	4.20	46.03	0.00	0.00	7.00	7.00
142	0.00	42.00	1.02	1.44	0.72	615235.15	0.00	0.00	16.06	0.00	4.10	45.60	0.00	0.00	7.00	7.00
143	0.00	43.00	1.02	1.44	0.72	615235.15	0.00	0.00	16.06	0.00	4.01	46.09	0.00	0.00	7.00	7.00
144	0.00	44.00	1.02	1.44	0.72	615235.15	0.00	0.00	16.06	0.00	3.92	45.71	0.00	0.00	7.00	7.00
145	0.00	45.00	1.02	1.44	0.72	615235.15	0.00	0.00	16.06	0.00	3.83	45.06	0.00	0.00	7.00	7.00
146	0.00	46.00	1.02	1.44	0.72	615235.15	0.00	0.00	16.06	0.00	3.75	45.44	0.00	0.00	7.00	7.00
147	0.00	47.00	1.02	1.44	0.72	615235.15	0.00	0.00	16.06	0.00	5.91	45.86	0.00	0.00	7.00	7.00
148	0.00	48.00	1.02	1.44	0.72	615235.15	0.00	0.00	16.06	0.00	5.78	45.98	0.00	0.00	7.00	7.00
149	0.00	49.00	1.02	1.44	0.72	615235.15	0.00	0.00	16.06	0.00	5.67	45.41	0.00	0.00	7.00	7.00
150	0.00	50.00	1.02	1.44	0.72	615235.15	0.00	0.00	16.06	0.00	7.66	45.56	0.00	0.00	7.00	7.00
151	0.00	51.00	1.02	1.44	0.72	615235.15	0.00	0.00	16.06	0.00	8.09	46.40	0.00	0.00	7.00	7.00
152	0.00	52.00	1.02	1.44	0.72	615235.15	0.00	0.00	16.06	0.00	11.01	47.17	0.00	0.00	7.00	7.00
153	0.00	53.00	1.02	1.44	0.72	615235.15	0.00	0.00	16.06	0.00	10.80	47.26	0.00	0.00	7.00	7.00
154	0.00	54.00	1.02	1.44	0.72	615235.15	0.00	0.00	16.06	0.00	10.60	46.71	0.00	0.00	7.00	7.00
155	0.00	55.00	1.02	1.44	0.72	615235.15	0.00	0.00	16.06	0.00	10.41	46.16	0.00	0.00	7.00	7.00
156	0.00	56.00	1.02	1.44	0.72	615235.15	0.00	0.00	16.06	0.00	15.50	45.87	0.00	0.00	7.00	7.00
157	0.00	57.00	1.02	1.44	0.72	615235.15	0.00	0.00	16.06	0.00	17.07	46.02	0.00	0.00	7.00	7.00
158	0.00	58.00	1.02	1.44	0.72	615235.15	0.00	0.00	16.06	0.00	16.78	45.50	0.00	0.00	7.00	7.00
159	0.00	59.00	1.02	1.44	0.72	615235.15	0.00	0.00	16.06	0.00	16.49	45.42	0.00	0.00	7.00	7.00
160	0.00	60.00	1.02	1.44	0.72	615235.15	0.00	0.00	16.06	0.00	16.22	44.94	0.00	0.00	7.00	7.00
161	0.00	61.00	1.02	1.44	0.72	615235.15	0.00	0.00	16.06	0.00	15.95	44.65	0.00	0.00	7.00	7.00
162	0.00	62.00	1.02	1.44	0.72	615235.15	0.00	0.00	16.06	0.00	15.69	44.19	0.00	0.00	7.00	7.00
163	0.00	63.00	1.02	1.44	0.72	615235.15	0.00	0.00	16.06	0.00	15.45	43.74	0.00	0.00	7.00	7.00
164	0.00	64.00	1.02	1.44	0.72	615235.15	0.00	0.00	16.06	0.00	15.20	43.70	0.00	0.00	7.00	7.00
165	0.00	65.00	1.02	1.44	0.72	615235.15	0.00	0.00	16.06	0.00	14.97	43.82	0.00	0.00	7.00	7.00
166	0.00	66.00	1.02	1.44	0.72	615235.15	0.00	0.00	16.06	0.00	14.74	43.59	0.00	0.00	7.00	7.00
167	0.00	67.00	1.02	1.44	0.72	615235.15	0.00	0.00	16.06	0.00	14.52	43.35	0.00	0.00	7.00	7.00
168	0.00	68.00	1.02	1.44	0.72	615235.15	0.00	0.00	16.06	0.00	14.45	43.99	0.00	0.00	7.00	7.00
169	0.00	69.00	1.02	1.44	0.72	615235.15	0.00	0.00	16.06	0.00	14.24	43.61	0.00	0.00	7.00	7.00
170	0.00	70.00	1.02	1.44	0.72	615235.15	0.00	0.00	16.06	0.00	14.03	43.91	0.00	0.00	7.00	7.00
171	0.00	71.00	1.02	1.44	0.72	615235.15	0.00	0.00	16.06	0.00	13.83	43.83	0.00	0.00	7.00	7.00
172	0.00	72.00	1.02	1.44	0.72	615235.15	0.00	0.00	16.06	0.00	13.64	44.09	0.00	0.00	7.00	7.00
173	0.00	73.00	1.02	1.44	0.72	615235.15	0.00	0.00	16.06	0.00	13.46	44.20	0.00	0.00	7.00	7.00
174	0.00	74.00	1.02	1.44	0.72	615235.15	0.00	0.00	16.06	0.00	13.27	43.99	0.00	0.00	7.00	7.00
175	0.00	25.00	1.02	1.44	0.72	615235.15	0.00	0.00	16.06	0.00	1.02	43.90	0.00	0.00	7.00	7.00
176	0.00	26.00	1.02	1.44	0.72	615235.15	0.00	0.00	16.06	0.00	0.98	43.31	0.00	0.00	7.00	7.00
177	0.00	27.00	1.02	1.44	0.72	615235.15	0.00	0.00	16.06	0.00	4.85	42.73	0.00	0.00	7.00	7.00
178	0.00	28.00	1.02	1.44	0.72	615235.15	0.00	0.00	16.06	0.00	4.67	42.62	0.00	0.00	7.00	7.00
179	0.00	29.00	1.02	1.44	0.72	615235.15	0.00	0.00	16.06	0.00	4.51	42.11	0.00	0.00	7.00	7.00
180	0.00	30.00	1.02	1.44	0.72	615235.15	0.00	0.00	16.06	0.00	4.36	41.62	0.00	0.00	7.00	7.00
181	0.00	31.00	1.02	1.44	0.72	615235.15	0.00	0.00	16.06	0.00	7.11	42.47	0.00	0.00	7.00	7.00
182	0.00	32.00	1.02	1.44	0.72	615235.15	0.00	0.00	16.06	0.00	6.89	42.41	0.00	0.00	7.00	7.00
183	0.00	33.00	1.02	1.44	0.72	615235.15	0.00	0.00	16.06	0.00	6.68	41.62	0.00	0.00	7.00	7.00
184	0.00	34.00	1.02	1.44	0.72	615235.15	0.00	0.00	16.06	0.00	6.48	40.89	0.00	0.00	7.00	7.00
185	0.00	35.00	1.02	1.44	0.72	615235.15	0.00	0.00	16.06	0.00	6.30	40.86	0.00	0.00	7.00	7.00
186	0.00	36.00	1.02	1.44	0.72	615235.15	0.00	0.00	16.06	0.00	6.12	40.24	0.00	0.00	7.00	7.00
187	0.00	37.00	1.02	1.44	0.72	615235.15	0.00	0.00	16.06	0.00	5.96	39.59	0.00	0.00	7.00	7.00
188	0.00	38.00	1.02	1.44	0.72	615235.15	0.00	0.00	16.06	0.00	5.80	40.83	0.00	0.00	7.00	7.00
189	0.00	39.00	1.02	1.44	0.72	615235.15	0.00	0.00	16.06	0.00	5.65	40.89	0.00	0.00	7.00	7.00
190	0.00	40.00	1.02	1.44	0.72	615235.15	0.00	0.00	16.06	0.00	5.51	40.27	0.00	0.00	7.00	7.00
191	0.00	41.00	1.02	1.44	0.72	615235.15	0.00	0.00	16.06	0.00	5.38	39.96	0.00	0.00	7.00	7.00
192	0.00	42.00	1.02	1.44	0.72	615235.15	0.00	0.00	16.06	0.00	5.25	39.40	0.00	0.00	7.00	7.00
193	0.00	43.00	1.02	1.44	0.72	615235.15	0.00	0.00	16.06	0.00	10.39	39.58	0.00	0.00	7.00	7.00
194	0.00	44.00	1.02	1.44	0.72	615235.15	0.00	0.00	16.06	0.00	13.19	39.16	0.00	0.00	7.00	7.00
195	0.00	45.00	1.02	1.44	0.72	615235.15	0.00	0.00	16.06	0.00	12.90	39.25	0.00	0.00	7.00	7.00
196	0.00	46.00	1.02	1.44	0.72	615235.15	0.00	0.00	16.06	0.00	12.62	39.33	0.00	0.00	7.00	7.00
197	0.00	47.00	1.02	1.44	0.72	615235.15	0.00	0.00	16.06	0.00	14.59	39.59	0.00	0.00	7.00	7.00
198	0.00	48.00	1.02	1.44	0.72	615235.15	0.00	0.00	16.06	0.00	14.29	39.34	0.00	0.00	7.00	7.00
199	0.00	49.00	1.02	1.44	0.72	615235.15	0.00	0.00	16.06	0.00	14.00	38.88	0.00	0.00	7.00	7.00
200	0.00	50.00	1.02	1.44	0.72	615235.15	0.00	0.00	16.06	0.00	13.72	39.61	0.00	0.00	7.00	7.00
201	0.00	51.00	0.87	1.73	0.61	615239.78	0.00	0.00	16.06	0.00	13.45	39.68	0.00	0.00	7.00	7.00
202	0.00	52.00	0.87	1.73	0.61	615239.78	0.00	0.00	16.06	0.00	18.87	40.30	0.00	0.00	7.00	7.00
203	0.00	53.00	0.87	1.73	0.61	615239.78	0.00	0.00	16.06	0.00	18.51	40.51	0.00	0.00	7.00	7.00
204	0.00	54.00	0.87	1.73	0.61	615239.78	0.00	0.00	16.06	0.00	20.41	40.95	0.00	0.00	7.00	7.00
205	0.00	55.00	0.87	1.73	0.61	615239.78	0.00	0.00	16.06	0.00	20.04	40.49	0.00	0.00	7.00	7.00
206	0.00	56.00	0.87	1.73	0.61	615239.78	0.00	0.00	16.06	0.00	19.68	40.05	0.00	0.00	7.00	7.00
207	0.00	57.00	0.87	1.73	0.61	615239.78	0.00	0.00	16.06	0.00	21.47	40.47	0.00	0.00	7.00	7.00
208	0.00	58.00	0.87	1.73	0.61	615239.78	0.00	0.00	16.06	0.00	21.10	40.10	0.00	0.00	7.00	7.00
209	0.00	59.00	0.87	1.73	0.61	615239.78	0.00	0.00	16.06	0.00	20.90	41.11	0.00	0.00	7.00	7.00
210	0.00	60.00	0.87	1.73	0.61	615239.78	0.00	0.00	16.06	0.00	20.55	40.70	0.00	0.00	7.00	7.00
211	0.00	61.00	0.87	1.73	0.61	615239.78	0.00	0.00	16.06	0.00	20.21	40.30	0.00	0.00	7.00	7.00
212	0.00	62.00	0.87	1.73	0.61	615239.78	0.00	0.00	16.06	0.00	19.89	40.10	0.00	0.00	7.00	7.00
213	0.00	63.00	0.87	1.73	0.61	615239.78	0.00	0.00	16.06	0.00	19.57	39.95	0.00	0.00	7.00	7.00
214	0.00	64.00	0.87	1.73	0.61	615239.78	0.00	0.00	16.06	0.00	19.39	39.57	0.00	0.00	7.00	7.00
215	0.00	65.00	0.87	1.73	0.61	615239.78	0.00	0.00	16.06	0.00	19.09	39.21	0.00	0.00	7.00	7.00
216	0.00	66.00	0.87	1.73	0.61	615239.78	0.00	0.00	16.06	0.00	18.80	38.86	0.00	0.00	7.00	7.00
217	0.00	67.00	0.87	1.73	0.61	615239.78	0.00	0.00	16.06	0.00	18.52	39.44	0.00	0.00	7.00	7.00
218	0.00	68.00	0.87	1.73	0.61	615239.78	0.00	0.00	16.06	0.00	18.25	39.28	0.00	0.00	7.00	7.00
219	0.00	69.00	0.87	1.73	0.61	615239.78	0.00	0.00	16.06	0.00	17.99	38.95	0.00	0.00	7.00	7.00
220	0.00	70.00	0.87	1.73	0.61	615239.78	0.00	0.00	16.06	0.00	21.02	38.81	0.01	0.00	7.00	7.00
221	0.00	71.00	0.87	1.73	0.61	615239.78	0.00	0.00	16.06	0.00	20.73	38.81	0.01	0.00	7.00	7.00
222	0.00	72.00	0.87	1.73	0.61	615239.78	0.00	0.00	16.06	0.00	20.44	38.50	0.01	0.00	7.00	7.00
223	0.00	73.00	0.87	1.73	0.61	615239.78	0.00	0.00	16.06	0.00	20.16	38.20	0.01	0.00	7.00	7.00
224	0.00	74.00	0.87	1.73	0.61	615239.78	0.00	0.00	16.06	0.00	19.89	38.21	0.01	0.00	7.00	7.00
225	0.00	25.00	0.87	1.73	0.61	615239.78	0.00	0.00	16.06	0.00	0.65	32.50	0.00	0.00	7.00	7.00
226	0.00	26.00	0.87	1.73	0.61	615239.78	0.00	0.00	16.06	0.00	0.63	32.82	0.00	0.00	7.00	7.00
227	0.00	27.00	0.87	1.73	0.61	615239.78	0.00	0.00	16.06	0.00	0.60	32.21	0.00	0.00	7.00	7.00
228	0.00	28.00	0.87	1.73	0.61	615239.78	0.00	0.00	16.06	0.00	0.58	32.90	0.00	0.00	7.00	7.00
229	0.00	29.00	0.87	1.73	0.61	615239.78	0.00	0.00	16.06	0.00	0.56	32.72	0.00	0.00	7.00	7.00
230	0.00	30.00	0.87	1.73	0.61	615239.78	0.00	0.00	16.06	0.00	0.54	32.59	0.00	0.00	7.00	7.00
231	0.00	31.00	0.87	1.73	0.61	615239.78	0.00	0.00	16.06	0.00	0.53	32.05	0.00	0.00	7.00	7.00
232	0.00	32.00	0.87	1.73	0.61	615239.78	0.00	0.00	16.06	0.00	0.51	31.57	0.00	0.00	7.00	7.00
233	0.00	33.00	0.87	1.73	0.61	615239.78	0.00	0.00	16.06	0.00	0.49	31.10	0.00	0.00	7.00	7.00
234	0.00	34.00	0.87	1.73	0.61	615239.78	0.00	0.00	16.06	0.00	0.48	32.47	0.00	0.00	7.00	7.00
235	0.00	35.00	0.87	1.73	0.61	615239.78	0.00	0.00	16.06	0.00	0.47	34.15	0.00	0.00	7.00	7.00
236	0.00	36.00	0.87	1.73	0.61	615239.78	0.00	0.00	16.06	0.00	0.74	35.67	0.00	0.00	7.00	7.00
237	0.00	37.00	0.87	1.73	0.61	615239.78	0.00	0.00	16.06	0.00	3.57	35.48	0.00	0.00	7.00	7.00
238	0.00	38.00	0.87	1.73	0.61	615239.78	0.00	0.00	16.06	0.00	3.47	34.97	0.00	0.00	7.00	7.00
239	0.00	39.00	0.87	1.73	0.61	615239.78	0.00	0.00	16.06	0.00	3.38	34.49	0.00	0.00	7.00	7.00
240	0.00	40.00	0.87	1.73	0.61	615239.78	0.00	0.00	16.06	0.00	3.30	34.03	0.00	0.00	7.00	7.00
241	0.00	41.00	0.87	1.73	0.61	615239.78	0.00	0.00	16.06	0.00	3.22	33.59	0.00	0.00	7.00	7.00
242	0.00	42.00	0.87	1.73	0.61	615239.78	0.00	0.00	16.06	0.00	3.14	33.19	0.00	0.00	7.00	7.00
243	0.00	43.00	0.87	1.73	0.61	615239.78	0.00	0.00	16.06	0.00	3.71	34.52	0.00	0.00	7.00	7.00
244	0.00	44.00	0.87	1.73	0.61	615239.78	0.00	0.00	16.06	0.00	3.63	34.36	0.00	0.00	7.00	7.00
245	0.00	45.00	0.87	1.73	0.61	615239.78	0.00	0.00	16.06	0.00	3.55	33.96	0.00	0.00	7.00	7.00
246	0.00	46.00	0.87	1.73	0.61	615239.78	0.00	0.00	16.06	0.00	3.47	34.35	0.00	0.00	7.00	7.00
247	0.00	47.00	0.87	1.73	0.61	615239.78	0.00	0.00	16.06	0.00	3.40	33.96	0.00	0.00	7.00	7.00
248	0.00	48.00	0.87	1.73	0.61	615239.78	0.00	0.00	16.06	0.00	6.10	34.35	0.00	0.00	7.00	7.00
249	0.00	49.00	0.87	1.73	0.61	615239.78	0.00	0.00	16.06	0.00	6.76	33.98	0.00	0.00	7.00	7.00
250	0.00	50.00	0.87	1.73	0.61	615239.78	0.00	0.00	16.06	0.00	6.62	33.62	0.00	0.00	7.00	7.00
251	0.00	51.00	0.87	1.73	0.61	615239.78	0.00	0.00	16.06	0.00	6.49	33.28	0.00	0.00	7.00	7.00
252	0.00	52.00	0.87	1.73	0.61	615239.78	0.00	0.00	16.06	0.00	6.37	32.95	0.00	0.00	7.00	7.00
253	0.00	53.00	0.87	1.73	0.61	615239.78	0.00	0.00	16.06	0.00	11.82	32.89	0.00	0.00	7.00	7.00
254	0.00	54.00	0.87	1.73	0.61	615239.78	0.00	0.00	16.06	0.00	11.60	32.58	0.00	0.00	7.00	7.00
255	0.00	55.00	0.87	1.73	0.61	615239.78	0.00	0.00	16.06	0.00	11.39	33.15	0.00	0.00	7.00	7.00
256	0.00	56.00	0.87	1.73	0.61	615239.78	0.00	0.00	16.06	0.00	11.18	33.25	0.00	0.00	7.00	7.00
257	0.00	57.00	0.87	1.73	0.61	615239.78	0.00	0.00	16.06	0.00	12.84	33.40	0.00	0.00	7.00	7.00
258	0.00	58.00	0.87	1.73	0.61	615239.78	0.00	0.00	16.06	0.00	12.61	33.10	0.00	0.00	7.00	7.00
259	0.00	59.00	0.87	1.73	0.61	615239.78	0.00	0.00	16.06	0.00	12.40	34.03	0.00	0.00	7.00	7.00
260	0.00	60.00	0.87	1.73	0.61	615239.78	0.00	0.00	16.06	0.00	12.19	33.92	0.00	0.00	7.00	7.00
261	0.00	61.00	0.87	1.73	0.61	615239.78	0.00	0.00	16.06	0.00	11.99	34.42	0.00	0.00	7.00	7.00
262	0.00	62.00	0.87	1.73	0.61	615239.78	0.00	0.00	16.06	0.00	15.52	34.21	0.02	0.00	7.00	7.00
263	0.00	63.00	0.87	1.73	0.61	615239.78	0.00	0.00	16.06	0.00	15.27	34.14	0.02	0.00	7.00	7.00
264	0.00	64.00	0.87	1.73	0.61	615239.78	0.00	0.00	16.06	0.00	15.04	33.85	0.02	0.00	7.00	7.00
265	0.00	65.00	0.87	1.73	0.61	615239.78	0.00	0.00	16.06	0.00	14.80	33.75	0.02	0.00	7.00	7.00
266	0.00	66.00	0.87	1.73	0.61	615239.78	0.00	0.00	16.06	0.00	14.58	34.19	0.02	0.00	7.00	7.00
267	0.00	67.00	0.87	1.73	0.61	615239.78	0.00	0.00	16.06	0.00	14.36	34.32	0.01	0.00	7.00	7.00
268	0.00	68.00	0.87	1.73	0.61	615239.78	0.00	0.00	16.06	0.00	15.91	35.17	0.01	0.00	7.00	7.00
269	0.00	69.00	0.87	1.73	0.61	615239.78	0.00	0.00	16.06	0.00	15.68	35.08	0.01	0.00	7.00	7.00
270	0.00	70.00	0.87	1.73	0.61	615239.78	0.00	0.00	16.06	0.00	15.46	35.49	0.01	0.00	7.00	7.00
271	0.00	71.00	0.87	1.73	0.61	615239.78	0.00	0.00	16.06	0.00	15.24	35.22	0.01	0.00	7.00	7.00
272	0.00	72.00	0.87	1.73	0.61	615239.78	0.00	0.00	16.06	0.00	15.03	35.13	0.01	0.00	7.00	7.00
273	0.00	73.00	0.87	1.73	0.61	615239.78	0.00	0.00	16.06	0.00	14.82	35.04	0.01	0.00	7.00	7.00
274	0.00	74.00	0.87	1.73	0.61	615239.78	0.00	0.00	16.06	0.00	14.62	34.94	0.01	0.00	7.00	7.00
275	0.00	25.00	0.87	1.73	0.61	615239.78	0.00	0.00	16.06	0.00	5.44	34.95	0.00	0.00	7.00	7.00
276	0.00	26.00	0.87	1.73	0.61	615239.78	0.00	0.00	16.06	0.00	5.24	34.21	0.00	0.00	7.00	7.00
277	0.00	27.00	0.87	1.73	0.61	615239.78	0.00	0.00	16.06	0.00	8.94	33.73	0.00	0.00	7.00	7.00
278	0.00	28.00	0.87	1.73	0.61	615239.78	0.00	0.00	16.06	0.00	8.62	33.10	0.00	0.00	7.00	7.00
279	0.00	29.00	0.87	1.73	0.61	615239.78	0.00	0.00	16.06	0.00	8.61	32.50	0.00	0.00	7.00	7.00
280	0.00	30.00	0.87	1.73	0.61	615239.78	0.00	0.00	16.06	0.00	8.32	31.96	0.00	0.00	7.00	7.00
281	0.00	31.00	0.87	1.73	0.61	615239.78	0.00	0.00	16.06	0.00	8.05	31.82	0.00	0.00	7.00	7.00
282	0.00	32.00	0.87	1.73	0.61	615239.78	0.00	0.00	16.06	0.00	7.80	31.33	0.00	0.00	7.00	7.00
283	0.00	33.00	0.87	1.73	0.61	615239.78	0.00	0.00	16.06	0.00	7.56	30.88	0.00	0.00	7.00	7.00
284	0.00	34.00	0.87	1.73	0.61	615239.78	0.00	0.00	16.06	0.00	7.34	30.45	0.00	0.00	7.00	7.00
285	0.00	35.00	0.87	1.73	0.61	615239.78	0.00	0.00	16.06	0.00	7.13	30.04	0.00	0.00	7.00	7.00
286	0.00	36.00	0.87	1.73	0.61	615239.78	0.00	0.00	16.06	0.00	6.93	29.97	0.00	0.00	7.00	7.00
287	0.00	37.00	0.87	1.73	0.61	615239.78	0.00	0.00	16.06	0.00	12.98	29.74	0.03	0.00	7.00	7.00
288	0.00	38.00	0.87	1.73	0.61	615239.78	0.00	0.00	16.06	0.00	12.64	30.34	0.03	0.00	7.00	7.00
289	0.00	39.00	0.87	1.73	0.61	615239.78	0.00	0.00	16.06	0.00	12.52	29.97	0.03	0.00	7.00	7.00
290	0.00	40.00	0.87	1.73	0.61	615239.78	0.00	0.00	16.06	0.00	12.21	30.29	0.03	0.00	7.00	7.00
291	0.00	41.00	0.87	1.73	0.61	615239.78	0.00	0.00	16.06	0.00	11.91	29.95	0.02	0.00	7.00	7.00
292	0.00	42.00	0.87	1.73	0.61	615239.78	0.00	0.00	16.06	0.00	11.63	29.62	0.02	0.00	7.00	7.00
293	0.00	43.00	0.87	1.73	0.61	615239.78	0.00	0.00	16.06	0.00	11.36	29.31	0.02	0.00	7.00	7.00
294	0.00	44.00	0.87	1.73	0.61	615239.78	0.00	0.00	16.06	0.00	11.10	29.27	0.02	0.00	7.00	7.00
295	0.00	45.00	0.87	1.73	0.61	615239.78	0.00	0.00	16.06	0.00	10.85	28.97	0.02	0.00	7.00	7.00
296	0.00	46.00	0.87	1.73	0.61	615239.78	0.00	0.00	16.06	0.00	10.79	28.69	0.02	0.00	7.00	7.00
297	0.00	47.00	0.87	1.73	0.61	615239.78	0.00	0.00	16.06	0.00	10.74	28.53	0.02	0.00	7.00	7.00
298	0.00	48.00	0.87	1.73	0.61	615239.78	0.00	0.00	16.06	0.00	10.51	28.28	0.02	0.00	7.00	7.00
299	0.00	49.00	0.87	1.73	0.61	615239.78	0.00	0.00	16.06	0.00	13.35	28.79	0.02	0.00	7.00	7.00
300	0.00	50.00	0.87	1.73	0.61	615239.78	0.00	0.00	16.06	0.00	13.08	28.54	0.02	0.00	7.00	7.00
301	0.00	51.00	0.74	2.07	0.52	615245.33	0.00	0.00	16.06	0.00	12.82	28.30	0.02	0.00	7.00	7.00
302	0.00	52.00	0.74	2.07	0.52	615245.33	0.00	0.00	16.06	0.00	12.58	28.06	0.02	0.00	7.00	7.00
303	0.00	53.00	0.74	2.07	0.52	615245.33	0.00	0.00	16.06	0.00	12.34	27.86	0.02	0.00	7.00	7.00
304	0.00	54.00	0.74	2.07	0.52	615245.33	0.00	0.00	16.06	0.00	12.11	27.63	0.02	0.00	7.00	7.00
305	0.00	55.00	0.74	2.07	0.52	615245.33	0.00	0.00	16.06	0.00	13.81	27.56	0.02	0.00	7.00	7.00
306	0.00	56.00	0.74	2.07	0.52	615245.33	0.00	0.00	16.06	0.00	13.56	27.35	0.02	0.00	7.00	7.00
307	0.00	57.00	0.74	2.07	0.52	615245.33	0.00	0.00	16.06	0.00	13.32	27.15	0.02	0.00	7.00	7.00
308	0.00	58.00	0.74	2.07	0.52	615245.33	0.00	0.00	16.06	0.00	13.09	26.97	0.02	0.00	7.00	7.00
309	0.00	59.00	0.74	2.07	0.52	615245.33	0.00	0.00	16.06	0.00	12.87	26.79	0.02	0.00	7.00	7.00
310	0.00	60.00	0.74	2.07	0.52	615245.33	0.00	0.00	16.06	0.00	12.65	26.60	0.02	0.00	7.00	7.00
311	0.00	61.00	0.74	2.07	0.52	615245.33	0.00	0.00	16.06	0.00	12.45	26.43	0.02	0.00	7.00	7.00
312	0.00	62.00	0.74	2.07	0.52	615245.33	0.00	0.00	16.06	0.00	12.25	26.26	0.02	0.00	7.00	7.00
313	0.00	63.00	0.74	2.07	0.52	615245.33	0.00	0.00	16.06	0.00	12.05	26.33	0.02	0.00	7.00	7.00
314	0.00	64.00	0.74	2.07	0.52	615245.33	0.00	0.00	16.06	0.00	12.46	26.17	0.02	0.00	7.00	7.00
315	0.00	65.00	0.74	2.07	0.52	615245.33	0.00	0.00	16.06	0.00	12.40	26.07	0.02	0.00	7.00	7.00
316	0.00	66.00	0.74	2.07	0.52	615245.33	0.00	0.00	16.06	0.00	12.21	25.94	0.02	0.00	7.00	7.00
317	0.00	67.00	0.74	2.07	0.52	615245.33	0.00	0.00	16.06	0.00	12.03	25.79	0.01	0.00	7.00	7.00
318	0.00	68.00	0.74	2.07	0.52	615245.33	0.00	0.00	16.06	0.00	11.97	25.64	0.01	0.00	7.00	7.00
319	0.00	69.00	0.74	2.07	0.52	615245.33	0.00	0.00	16.06	0.00	11.80	25.54	0.01	0.00	7.00	7.00
320	0.00	70.00	0.74	2.07	0.52	615245.33	0.00	0.00	16.06	0.00	11.63	25.40	0.01	0.00	7.00	7.00
321	0.00	71.00	0.74	2.07	0.52	615245.33	0.00	0.00	16.06	0.00	11.46	25.43	0.01	0.00	7.00	7.00
322	0.00	72.00	0.74	2.07	0.52	615245.33	0.00	0.00	16.06	0.00	11.31	25.30	0.01	0.00	7.00	7.00
323	0.00	73.00	0.74	2.07	0.52	615245.33	0.00	0.00	16.06	0.00	11.15	25.19	0.01	0.00	7.00	7.00
324	0.00	74.00	0.74	2.07	0.52	615245.33	0.00	0.00	16.06	0.00	11.00	25.06	0.01	0.00	7.00	7.00
325	0.00	25.00	0.74	2.07	0.52	615245.33	0.00	0.00	16.06	0.00	5.19	26.70	0.00	0.00	7.00	7.00
326	0.00	26.00	0.74	2.07	0.52	615245.33	0.00	0.00	16.06	0.00	4.99	26.77	0.00	0.00	7.00	7.00
327	0.00	27.00	0.74	2.07	0.52	615245.33	0.00	0.00	16.06	0.00	4.81	26.41	0.00	0.00	7.00	7.00
328	0.00	28.00	0.74	2.07	0.52	615245.33	0.00	0.00	16.06	0.00	4.63	26.04	0.00	0.00	7.00	7.00
329	0.00	29.00	0.74	2.07	0.52	615245.33	0.00	0.00	16.06	0.00	4.47	25.70	0.00	0.00	7.00	7.00
330	0.00	30.00	0.74	2.07	0.52	615245.33	0.00	0.00	16.06	0.00	4.33	27.88	0.00	0.00	7.00	7.00
331	0.00	31.00	0.74	2.07	0.52	615245.33	0.00	0.00	16.06	0.00	4.19	27.49	0.00	0.00	7.00	7.00
332	0.00	32.00	0.74	2.07	0.52	615245.33	0.00	0.00	16.06	0.00	4.05	27.16	0.00	0.00	7.00	7.00
333	0.00	33.00	0.74	2.07	0.52	615245.33	0.00	0.00	16.06	0.00	3.93	27.18	0.00	0.00	7.00	7.00
334	0.00	34.00	0.74	2.07	0.52	615245.33	0.00	0.00	16.06	0.00	3.82	26.87	0.00	0.00	7.00	7.00
335	0.00	35.00	0.74	2.07	0.52	615245.33	0.00	0.00	16.06	0.00	3.71	26.57	0.00	0.00	7.00	7.00
336	0.00	36.00	0.74	2.07	0.52	615245.33	0.00	0.00	16.06	0.00	3.60	26.27	0.00	0.00	7.00	7.00
337	0.00	37.00	0.74	2.07	0.52	615245.33	0.00	0.00	16.06	0.00	3.73	26.10	0.00	0.00	7.00	7.00
338	0.00	38.00	0.74	2.07	0.52	615245.33	0.00	0.00	16.06	0.00	3.63	25.91	0.00	0.00	7.00	7.00
339	0.00	39.00	0.74	2.07	0.52	615245.33	0.00	0.00	16.06	0.00	3.54	26.35	0.00	0.00	7.00	7.00
340	0.00	40.00	0.74	2.07	0.52	615245.33	0.00	0.00	16.06	0.00	3.45	26.11	0.00	0.00	7.00	7.00
341	0.00	41.00	0.74	2.07	0.52	615245.33	0.00	0.00	16.06	0.00	3.36	27.03	0.00	0.00	7.00	7.00
342	0.00	42.00	0.74	2.07	0.52	615245.33	0.00	0.00	16.06	0.00	3.48	26.76	0.00	0.00	7.00	7.00
343	0.00	43.00	0.74	2.07	0.52	615245.33	0.00	0.00	16.06	0.00	3.40	26.51	0.00	0.00	7.00	7.00
344	0.00	44.00	0.74	2.07	0.52	615245.33	0.00	0.00	16.06	0.00	3.32	26.27	0.00	0.00	7.00	7.00
345	0.00	45.00	0.74	2.07	0.52	615245.33	0.00	0.00	16.06	0.00	5.94	27.37	0.00	0.00	7.00	7.00
346	0.00	46.00	0.74	2.07	0.52	615245.33	0.00	0.00	16.06	0.00	5.81	27.14	0.00	0.00	7.00	7.00
347	0.00	47.00	0.74	2.07	0.52	615245.33	0.00	0.00	16.06	0.00	5.69	26.93	0.00	0.00	7.00	7.00
348	0.00	48.00	0.74	2.07	0.52	615245.33	0.00	0.00	16.06	0.00	5.57	26.70	0.00	0.00	7.00	7.00
349	0.00	49.00	0.74	2.07	0.52	615245.33	0.00	0.00	16.06	0.00	5.46	26.48	0.00	0.00	7.00	7.00
350	0.00	50.00	0.74	2.07	0.52	615245.33	0.00	0.00	16.06	0.00	5.35	26.28	0.00	0.00	7.00	7.00
351	0.00	51.00	0.74	2.07	0.52	615245.33	0.00	0.00	16.06	0.00	5.24	26.09	0.00	0.00	7.00	7.00
352	0.00	52.00	0.74	2.07	0.52	615245.33	0.00	0.00	16.06	0.00	5.14	25.90	0.00	0.00	7.00	7.00
353	0.00	53.00	0.74	2.07	0.52	615245.33	0.00	0.00	16.06	0.00	5.04	25.72	0.00	0.00	7.00	7.00
354	0.00	54.00	0.74	2.07	0.52	615245.33	0.00	0.00	16.06	0.00	4.95	25.55	0.00	0.00	7.00	7.00
355	0.00	55.00	0.74	2.07	0.52	615245.33	0.00	0.00	16.06	0.00	4.86	25.59	0.00	0.00	7.00	7.00
356	0.00	56.00	0.74	2.07	0.52	615245.33	0.00	0.00	16.06	0.00	4.92	25.41	0.00	0.00	7.00	7.00
357	0.00	57.00	0.74	2.07	0.52	615245.33	0.00	0.00	16.06	0.00	4.98	25.31	0.00	0.00	7.00	7.00
358	0.00	58.00	0.74	2.07	0.52	615245.33	0.00	0.00	16.06	0.00	4.89	25.16	0.00	0.00	7.00	7.00
359	0.00	59.00	0.74	2.07	0.52	615245.33	0.00	0.00	16.06	0.00	4.81	25.20	0.00	0.00	7.00	7.00
360	0.00	60.00	0.74	2.07	0.52	615245.33	0.00	0.00	16.06	0.00	8.57	25.13	0.02	0.00	7.00	7.00
361	0.00	61.00	0.74	2.07	0.52	615245.33	0.00	0.00	16.06	0.00	8.43	25.77	0.02	0.00	7.00	7.00
362	0.00	62.00	0.74	2.07	0.52	615245.33	0.00	0.00	16.06	0.00	8.30	25.80	0.02	0.00	7.00	7.00
363	0.00	63.00	0.74	2.07	0.52	615245.33	0.00	0.00	16.06	0.00	8.16	25.65	0.02	0.00	7.00	7.00
364	0.00	64.00	0.74	2.07	0.52	615245.33	0.00	0.00	16.06	0.00	8.04	26.46	0.02	0.00	7.00	7.00
365	0.00	65.00	0.74	2.07	0.52	615245.33	0.00	0.00	16.06	0.00	7.91	26.35	0.02	0.00	7.00	7.00
366	0.00	66.00	0.74	2.07	0.52	615245.33	0.00	0.00	16.06	0.00	7.79	26.21	0.02	0.00	7.00	7.00
367	0.00	67.00	0.74	2.07	0.52	615245.33	0.00	0.00	16.06	0.00	7.68	26.05	0.01	0.00	7.00	7.00
368	0.00	68.00	0.74	2.07	0.52	615245.33	0.00	0.00	16.06	0.00	7.56	25.92	0.01	0.00	7.00	7.00
369	0.00	69.00	0.74	2.07	0.52	615245.33	0.00	0.00	16.06	0.00	7.45	25.78	0.01	0.00	7.00	7.00
370	0.00	70.00	0.74	2.07	0.52	615245.33	0.00	0.00	16.06	0.00	10.64	25.71	0.03	0.00	7.00	7.00
371	0.00	71.00	0.74	2.07	0.52	615245.33	0.00	0.00	16.06	0.00	10.49	25.57	0.03	0.00	7.00	7.00
372	0.00	72.00	0.74	2.07	0.52	615245.33	0.00	0.00	16.06	0.00	13.55	25.62	0.04	0.00	7.00	7.00
373	0.00	73.00	0.74	2.07	0.52	615245.33	0.00	0.00	16.06	0.00	13.37	25.48	0.04	0.00	7.00	7.00
374	0.00	74.00	0.74	2.07	0.52	615245.33	0.00	0.00	16.06	0.00	13.19	25.36	0.04	0.00	7.00	7.00
375	0.00	25.00	0.74	2.07	0.52	615245.33	0.00	0.00	16.06	0.00	5.52	23.93	0.00	0.00	7.00	7.00
376	0.00	26.00	0.74	2.07	0.52	615245.33	0.00	0.00	16.06	0.00	5.62	23.77	0.00	0.00	7.00	7.00
377	0.00	27.00	0.74	2.07	0.52	615245.33	0.00	0.00	16.06	0.00	9.31	25.69	0.00	0.00	7.00	7.00
378	0.00	28.00	0.74	2.07	0.52	615245.33	0.00	0.00	16.06	0.00	8.98	25.35	0.00	0.00	7.00	7.00
379	0.00	29.00	0.74	2.07	0.52	615245.33	0.00	0.00	16.06	0.00	8.67	26.69	0.00	0.00	7.00	6.97
380	0.00	30.00	0.74	2.07	0.52	615245.33	0.00	0.00	16.06	0.00	8.38	26.42	0.00	0.00	7.00	6.97
381	0.00	31.00	0.74	2.07	0.52	615245.33	0.00	0.00	16.06	0.00	8.11	26.46	0.00	0.00	7.00	6.97
382	0.00	32.00	0.74	2.07	0.52	615245.33	0.00	0.00	16.06	0.00	15.06	26.29	0.03	0.00	7.00	6.97
383	0.00	33.00	0.74	2.07	0.52	615245.33	0.00	0.00	16.06	0.00	15.77	26.82	0.03	0.00	7.00	6.97
384	0.00	34.00	0.74	2.07	0.52	615245.33	0.00	0.00	16.06	0.00	15.31	26.50	0.03	0.00	7.00	6.97
385	0.00	35.00	0.74	2.07	0.52	615245.33	0.00	0.00	16.06	0.00	19.13	26.25	0.03	0.00	7.00	6.97
386	0.00	36.00	0.74	2.07	0.52	615245.33	0.00	0.00	16.06	0.00	18.60	25.97	0.03	0.00	7.00	6.97
387	0.00	37.00	0.74	2.07	0.52	615245.33	0.00	0.00	16.06	0.00	18.32	26.39	0.03	0.00	7.00	6.97
388	0.00	38.00	0.74	2.07	0.52	615245.33	0.00	0.00	16.06	0.00	17.84	26.12	0.03	0.00	7.00	6.97
389	0.00	39.00	0.74	2.07	0.52	615245.33	0.00	0.00	16.06	0.00	17.38	26.47	0.03	0.00	7.00	6.97
390	0.00	40.00	0.74	2.07	0.52	615245.33	0.00	0.00	16.06	0.00	16.95	26.22	0.03	0.00	7.00	6.97
391	0.00	41.00	0.74	2.07	0.52	615245.33	0.00	0.00	16.06	0.00	16.73	26.10	0.02	0.00	7.00	6.98
392	0.00	42.00	0.74	2.07	0.52	615245.33	0.00	0.00	16.06	0.00	16.33	25.86	0.02	0.00	7.00	6.98
393	0.00	43.00	0.74	2.07	0.52	615245.33	0.00	0.00	16.06	0.00	15.95	25.63	0.02	0.00	7.00	6.98
394	0.00	44.00	0.74	2.07	0.52	615245.33	0.00	0.00	16.06	0.00	15.59	25.42	0.02	0.00	7.00	6.98
395	0.00	45.00	0.74	2.07	0.52	615245.33	0.00	0.00	16.06	0.00	15.25	25.47	0.02	0.00	7.00	6.98
396	0.00	46.00	0.74	2.07	0.52	615245.33	0.00	0.00	16.06	0.00	14.91	25.29	0.02	0.00	7.00	6.98
397	0.00	47.00	0.74	2.07	0.52	615245.33	0.00	0.00	16.06	0.00	14.60	25.09	0.02	0.00	7.00	6.98
398	0.00	48.00	0.74	2.07	0.52	615245.33	0.00	0.00	16.06	0.00	14.29	25.37	0.02	0.00	7.00	6.98
399	0.00	49.00	0.74	2.07	0.52	615245.33	0.00	0.00	16.06	0.00	14.17	25.18	0.02	0.00	7.00	6.98
400	0.00	50.00	0.74	2.07	0.52	615245.33	0.00	0.00	16.06	0.00	13.88	25.00	0.02	0.00	7.00	6.98
401	0.00	51.00	0.63	2.49	0.44	615251.99	0.00	0.00	16.06	0.00	13.77	24.89	0.02	0.00	7.00	6.98
402	0.00	52.00	0.63	2.49	0.44	615251.99	0.00	0.00	16.06	0.00	13.66	24.79	0.02	0.00	7.00	6.98
403	0.00	53.00	0.63	2.49	0.44	615251.99	0.00	0.00	16.06	0.00	13.41	24.63	0.02	0.00	7.00	6.98
404	0.00	54.00	0.63	2.49	0.44	615251.99	0.00	0.00	16.06	0.00	13.16	24.48	0.02	0.00	7.00	6.98
405	0.00	55.00	0.63	2.49	0.44	615251.99	0.00	0.00	16.06	0.00	12.92	24.34	0.02	0.00	7.00	6.98
406	0.00	56.00	0.63	2.49	0.44	615251.99	0.00	0.00	16.06	0.00	16.73	24.22	0.02	0.00	7.00	6.98
407	0.00	57.00	0.63	2.49	0.44	615251.99	0.00	0.00	16.06	0.00	16.44	24.09	0.02	0.00	7.00	6.98
408	0.00	58.00	0.63	2.49	0.44	615251.99	0.00	0.00	16.06	0.00	16.16	23.95	0.02	0.00	7.00	6.98
409	0.00	59.00	0.63	2.49	0.44	615251.99	0.00	0.00	16.06	0.00	15.88	23.82	0.02	0.00	7.00	6.98
410	0.00	60.00	0.63	2.49	0.44	615251.99	0.00	0.00	16.06	0.00	15.62	23.70	0.02	0.00	7.00	6.98
411	0.00	61.00	0.63	2.49	0.44	615251.99	0.00	0.00	16.06	0.00	15.50	23.57	0.02	0.00	7.00	6.98
412	0.00	62.00	0.63	2.49	0.44	615251.99	0.00	0.00	16.06	0.00	15.25	23.45	0.02	0.00	7.00	6.98
413	0.00	63.00	0.63	2.49	0.44	615251.99	0.00	0.00	16.06	0.00	15.00	23.33	0.02	0.00	7.00	6.98
414	0.00	64.00	0.63	2.49	0.44	615251.99	0.00	0.00	16.06	0.00	14.77	23.22	0.02	0.00	7.00	6.98
415	0.00	65.00	0.63	2.49	0.44	615251.99	0.00	0.00	16.06	0.00	14.54	23.13	0.02	0.00	7.00	6.98
416	0.00	66.00	0.63	2.49	0.44	615251.99	0.00	0.00	16.06	0.00	15.92	23.94	0.02	0.00	7.00	6.98
417	0.00	67.00	0.63	2.49	0.44	615251.99	0.00	0.00	16.06	0.00	15.80	23.90	0.01	0.00	7.00	6.99
418	0.00	68.00	0.63	2.49	0.44	615251.99	0.00	0.00	16.06	0.00	15.57	23.80	0.01	0.00	7.00	6.99
419	0.00	69.00	0.63	2.49	0.44	615251.99	0.00	0.00	16.06	0.00	15.34	23.86	0.01	0.00	7.00	6.99
420	0.00	70.00	0.63	2.49	0.44	615251.99	0.00	0.00	16.06	0.00	15.12	23.79	0.01	0.00	7.00	6.99
421	0.00	71.00	0.63	2.49	0.44	615251.99	0.00	0.00	16.06	0.00	15.45	23.69	0.01	0.00	7.00	6.99
422	0.00	72.00	0.63	2.49	0.44	615251.99	0.00	0.00	16.06	0.00	15.24	23.58	0.01	0.00	7.00	6.99
423	0.00	73.00	0.63	2.49	0.44	615251.99	0.00	0.00	16.06	0.00	15.14	23.53	0.01	0.00	7.00	6.99
424	0.00	74.00	0.63	2.49	0.44	615251.99	0.00	0.00	16.06	0.00	14.94	23.43	0.01	0.00	7.00	6.99
425	0.00	25.00	0.63	2.49	0.44	615251.99	0.00	0.00	16.06	0.00	14.91	22.52	0.00	0.00	7.00	7.00
426	0.00	26.00	0.63	2.49	0.44	615251.99	0.00	0.00	16.06	0.00	14.33	22.27	0.00	0.00	7.00	7.00
427	0.00	27.00	0.63	2.49	0.44	615251.99	0.00	0.00	16.06	0.00	13.80	22.21	0.00	0.00	7.00	7.00
428	0.00	28.00	0.63	2.49	0.44	615251.99	0.00	0.00	16.06	0.00	13.31	22.00	0.00	0.00	7.00	7.00
429	0.00	29.00	0.63	2.49	0.44	615251.99	0.00	0.00	16.06	0.00	12.85	22.20	0.00	0.00	7.00	7.00
430	0.00	30.00	0.63	2.49	0.44	615251.99	0.00	0.00	16.06	0.00	12.69	21.98	0.00	0.00	7.00	7.00
431	0.00	31.00	0.63	2.49	0.44	615251.99	0.00	0.00	16.06	0.00	12.55	21.78	0.00	0.00	7.00	7.00
432	0.00	32.00	0.63	2.49	0.44	615251.99	0.00	0.00	16.06	0.00	12.15	21.62	0.00	0.00	7.00	7.00
433	0.00	33.00	0.63	2.49	0.44	615251.99	0.00	0.00	16.06	0.00	11.79	21.81	0.00	0.00	7.00	7.00
434	0.00	34.00	0.63	2.49	0.44	615251.99	0.00	0.00	16.06	0.00	11.44	21.64	0.00	0.00	7.00	7.00
435	0.00	35.00	0.63	2.49	0.44	615251.99	0.00	0.00	16.06	0.00	11.11	21.48	0.00	0.00	7.00	7.00
436	0.00	36.00	0.63	2.49	0.44	615251.99	0.00	0.00	16.06	0.00	10.80	21.33	0.00	0.00	7.00	7.00
437	0.00	37.00	0.63	2.49	0.44	615251.99	0.00	0.00	16.06	0.00	10.51	21.50	0.00	0.00	7.00	7.00
438	0.00	38.00	0.63	2.49	0.44	615251.99	0.00	0.00	16.06	0.00	10.24	21.66	0.00	0.00	7.00	7.00
439	0.00	39.00	0.63	2.49	0.44	615251.99	0.00	0.00	16.06	0.00	10.18	21.51	0.00	0.00	7.00	7.00
440	0.00	40.00	0.63	2.49	0.44	615251.99	0.00	0.00	16.06	0.00	9.93	21.48	0.00	0.00	7.00	7.00
441	0.00	41.00	0.63	2.49	0.44	615251.99	0.00	0.00	16.06	0.00	9.69	21.35	0.00	0.00	7.00	7.00
442	0.00	42.00	0.63	2.49	0.44	615251.99	0.00	0.00	16.06	0.00	9.46	21.22	0.00	0.00	7.00	7.00
443	0.00	43.00	0.63	2.49	0.44	615251.99	0.00	0.00	16.06	0.00	9.24	21.10	0.00	0.00	7.00	7.00
444	0.00	44.00	0.63	2.49	0.44	615251.99	0.00	0.00	16.06	0.00	14.27	21.53	0.02	0.00	7.00	7.00
445	0.00	45.00	0.63	2.49	0.44	615251.99	0.00	0.00	16.06	0.00	13.95	21.40	0.02	0.00	7.00	7.00
446	0.00	46.00	0.63	2.49	0.44	615251.99	0.00	0.00	16.06	0.00	13.65	21.28	0.02	0.00	7.00	7.00
447	0.00	47.00	0.63	2.49	0.44	615251.99	0.00	0.00	16.06	0.00	13.36	21.17	0.02	0.00	7.00	7.00
448	0.00	48.00	0.63	2.49	0.44	615251.99	0.00	0.00	16.06	0.00	13.08	21.10	0.02	0.00	7.00	7.00
449	0.00	49.00	0.63	2.49	0.44	615251.99	0.00	0.00	16.06	0.00	12.81	20.99	0.02	0.00	7.00	7.00
450	0.00	50.00	0.63	2.49	0.44	615251.99	0.00	0.00	16.06	0.00	12.56	21.13	0.02	0.00	7.00	7.00
451	0.00	51.00	0.63	2.49	0.44	615251.99	0.00	0.00	16.06	0.00	12.31	21.04	0.02	0.00	7.00	7.00
452	0.00	52.00	0.63	2.49	0.44	615251.99	0.00	0.00	16.06	0.00	16.51	21.04	0.04	0.00	7.00	7.00
453	0.00	53.00	0.63	2.49	0.44	615251.99	0.00	0.00	16.06	0.00	16.20	20.95	0.04	0.00	7.00	7.00
454	0.00	54.00	0.63	2.49	0.44	615251.99	0.00	0.00	16.06	0.00	15.90	20.87	0.04	0.00	7.00	7.00
455	0.00	55.00	0.63	2.49	0.44	615251.99	0.00	0.00	16.06	0.00	15.61	20.99	0.04	0.00	7.00	7.00
456	0.00	56.00	0.63	2.49	0.44	615251.99	0.00	0.00	16.06	0.00	15.33	20.90	0.04	0.00	7.00	7.00
457	0.00	57.00	0.63	2.49	0.44	615251.99	0.00	0.00	16.06	0.00	15.06	21.02	0.04	0.00	7.00	7.00
458	0.00	58.00	0.63	2.49	0.44	615251.99	0.00	0.00	16.06	0.00	14.80	21.13	0.03	0.00	7.00	7.00
459	0.00	59.00	0.63	2.49	0.44	615251.99	0.00	0.00	16.06	0.00	14.55	21.04	0.03	0.00	7.00	7.00
460	0.00	60.00	0.63	2.49	0.44	615251.99	0.00	0.00	16.06	0.00	14.31	20.96	0.03	0.00	7.00	7.00
461	0.00	61.00	0.63	2.49	0.44	615251.99	0.00	0.00	16.06	0.00	14.07	20.92	0.03	0.00	7.00	7.00
462	0.00	62.00	0.63	2.49	0.44	615251.99	0.00	0.00	16.06	0.00	13.85	20.89	0.03	0.00	7.00	7.00
463	0.00	63.00	0.63	2.49	0.44	615251.99	0.00	0.00	16.06	0.00	13.63	20.84	0.03	0.00	7.00	7.00
464	0.00	64.00	0.63	2.49	0.44	615251.99	0.00	0.00	16.06	0.00	13.41	20.77	0.03	0.00	7.00	7.00
465	0.00	65.00	0.63	2.49	0.44	615251.99	0.00	0.00	16.06	0.00	13.21	20.70	0.03	0.00	7.00	7.00
466	0.00	66.00	0.63	2.49	0.44	615251.99	0.00	0.00	16.06	0.00	13.01	21.04	0.03	0.00	7.00	7.00
467	0.00	67.00	0.63	2.49	0.44	615251.99	0.00	0.00	16.06	0.00	12.81	20.97	0.03	0.00	7.00	7.00
468	0.00	68.00	0.63	2.49	0.44	615251.99	0.00	0.00	16.06	0.00	12.62	20.90	0.03	0.00	7.00	7.00
469	0.00	69.00	0.63	2.49	0.44	615251.99	0.00	0.00	16.06	0.00	12.44	20.83	0.03	0.00	7.00	7.00
470	0.00	70.00	0.63	2.49	0.44	615251.99	0.00	0.00	16.06	0.00	12.26	20.77	0.03	0.00	7.00	7.00
471	0.00	71.00	0.63	2.49	0.44	615251.99	0.00	0.00	16.06	0.00	12.09	20.88	0.03	0.00	7.00	7.00
472	0.00	72.00	0.63	2.49	0.44	615251.99	0.00	0.00	16.06	0.00	13.61	21.48	0.03	0.00	7.00	7.00
473	0.00	73.00	0.63	2.49	0.44	615251.99	0.00	0.00	16.06	0.00	13.42	21.40	0.03	0.00	7.00	7.00
474	0.00	74.00	0.63	2.49	0.44	615251.99	0.00	0.00	16.06	0.00	13.24	21.33	0.03	0.00	7.00	7.00
475	0.00	25.00	0.63	2.49	0.44	615251.99	0.00	0.00	16.06	0.00	15.23	22.41	0.00	0.00	7.00	7.00
476	0.00	26.00	0.63	2.49	0.44	615251.99	0.00	0.00	16.06	0.00	14.65	22.61	0.00	0.00	7.00	7.00
477	0.00	27.00	0.63	2.49	0.44	615251.99	0.00	0.00	16.06	0.00	18.00	22.56	0.00	0.00	7.00	7.00
478	0.00	28.00	0.63	2.49	0.44	615251.99	0.00	0.00	16.06	0.00	17.36	22.33	0.00	0.00	7.00	7.00
479	0.00	29.00	0.63	2.49	0.44	615251.99	0.00	0.00	16.06	0.00	17.04	22.30	0.00	0.00	7.00	7.00
480	0.00	30.00	0.63	2.49	0.44	615251.99	0.00	0.00	16.06	0.00	16.47	22.09	0.00	0.00	7.00	7.00
481	0.00	31.00	0.63	2.49	0.44	615251.99	0.00	0.00	16.06	0.00	15.94	21.88	0.00	0.00	7.00	7.00
482	0.00	32.00	0.63	2.49	0.44	615251.99	0.00	0.00	16.06	0.00	15.44	21.70	0.00	0.00	7.00	7.00
483	0.00	33.00	0.63	2.49	0.44	615251.99	0.00	0.00	16.06	0.00	14.98	21.53	0.00	0.00	7.00	7.00
484	0.00	34.00	0.63	2.49	0.44	615251.99	0.00	0.00	16.06	0.00	14.54	21.38	0.00	0.00	7.00	7.00
485	0.00	35.00	0.63	2.49	0.44	615251.99	0.00	0.00	16.06	0.00	14.12	21.23	0.00	0.00	7.00	7.00
486	0.00	36.00	0.63	2.49	0.44	615251.99	0.00	0.00	16.06	0.00	13.73	21.09	0.00	0.00	7.00	7.00
487	0.00	37.00	0.63	2.49	0.44	615251.99	0.00	0.00	16.06	0.00	13.36	20.98	0.00	0.00	7.00	7.00
488	0.00	38.00	0.63	2.49	0.44	615251.99	0.00	0.00	16.06	0.00	13.01	21.15	0.00	0.00	7.00	7.00
489	0.00	39.00	0.63	2.49	0.44	615251.99	0.00	0.00	16.06	0.00	12.67	21.04	0.00	0.00	7.00	7.00
490	0.00	40.00	0.63	2.49	0.44	615251.99	0.00	0.00	16.06	0.00	12.36	21.48	0.00	0.00	7.00	7.00
491	0.00	41.00	0.63	2.49	0.44	615251.99	0.00	0.00	16.06	0.00	12.05	21.35	0.00	0.00	7.00	7.00
492	0.00	42.00	0.63	2.49	0.44	615251.99	0.00	0.00	16.06	0.00	11.77	21.22	0.00	0.00	7.00	7.00
493	0.00	43.00	0.63	2.49	0.44	615251.99	0.00	0.00	16.06	0.00	12.39	21.11	0.00	0.00	7.00	7.00
494	0.00	44.00	0.63	2.49	0.44	615251.99	0.00	0.00	16.06	0.00	12.11	21.28	0.00	0.00	7.00	7.00
495	0.00	45.00	0.63	2.49	0.44	615251.99	0.00	0.00	16.06	0.00	11.84	21.19	0.00	0.00	7.00	7.00
496	0.00	46.00	0.63	2.49	0.44	615251.99	0.00	0.00	16.06	0.00	11.58	21.07	0.00	0.00	7.00	7.00
497	0.00	47.00	0.63	2.49	0.44	615251.99	0.00	0.00	16.06	0.00	11.51	21.00	0.00	0.00	7.00	7.00
498	0.00	48.00	0.63	2.49	0.44	615251.99	0.00	0.00	16.06	0.00	11.27	20.90	0.00	0.00	7.00	7.00
499	0.00	49.00	0.63	2.49	0.44	615251.99	0.00	0.00	16.06	0.00	11.20	20.91	0.00	0.00	7.00	7.00
500	0.00	50.00	0.63	2.49	0.44	615251.99	0.00	0.00	16.06	0.00	10.98	20.87	0.00	0.00	7.00	7.00
501	0.00	51.00	0.53	2.99	0.38	615259.98	0.00	0.00	16.06	0.00	10.76	20.77	0.00	0.00	7.00	7.00
502	0.00	52.00	0.53	2.99	0.38	615259.98	0.00	0.00	16.06	0.00	10.56	20.68	0.00	0.00	7.00	7.00
503	0.00	53.00	0.53	2.99	0.38	615259.98	0.00	0.00	16.06	0.00	10.36	20.61	0.00	0.00	7.00	7.00
504	0.00	54.00	0.53	2.99	0.38	615259.98	0.00	0.00	16.06	0.00	10.17	20.52	0.00	0.00	7.00	7.00
505	0.00	55.00	0.53	2.99	0.38	615259.98	0.00	0.00	16.06	0.00	10.13	20.44	0.00	0.00	7.00	7.00
506	0.00	56.00	0.53	2.99	0.38	615259.98	0.00	0.00	16.06	0.00	9.95	20.99	0.00	0.00	7.00	7.00
507	0.00	57.00	0.53	2.99	0.38	615259.98	0.00	0.00	16.06	0.00	9.77	20.91	0.00	0.00	7.00	7.00
508	0.00	58.00	0.53	2.99	0.38	615259.98	0.00	0.00	16.06	0.00	9.61	20.83	0.00	0.00	7.00	7.00
509	0.00	59.00	0.53	2.99	0.38	615259.98	0.00	0.00	16.06	0.00	9.44	20.80	0.00	0.00	7.00	7.00
510	0.00	60.00	0.53	2.99	0.38	615259.98	0.00	0.00	16.06	0.00	9.29	20.72	0.00	0.00	7.00	7.00
511	0.00	61.00	0.53	2.99	0.38	615259.98	0.00	0.00	16.06	0.00	9.76	20.65	0.00	0.00	7.00	7.00
512	0.00	62.00	0.53	2.99	0.38	615259.98	0.00	0.00	16.06	0.00	9.61	20.58	0.00	0.00	7.00	7.00
513	0.00	63.00	0.53	2.99	0.38	615259.98	0.00	0.00	16.06	0.00	9.45	20.51	0.00	0.00	7.00	7.00
514	0.00	64.00	0.53	2.99	0.38	615259.98	0.00	0.00	16.06	0.00	9.30	20.45	0.00	0.00	7.00	7.00
515	0.00	65.00	0.53	2.99	0.38	615259.98	0.00	0.00	16.06	0.00	9.16	20.38	0.00	0.00	7.00	7.00
516	0.00	66.00	0.53	2.99	0.38	615259.98	0.00	0.00	16.06	0.00	9.02	20.32	0.00	0.00	7.00	7.00
517	0.00	67.00	0.53	2.99	0.38	615259.98	0.00	0.00	16.06	0.00	8.89	20.26	0.00	0.00	7.00	7.00
518	0.00	68.00	0.53	2.99	0.38	615259.98	0.00	0.00	16.06	0.00	8.76	20.20	0.00	0.00	7.00	7.00
519	0.00	69.00	0.53	2.99	0.38	615259.98	0.00	0.00	16.06	0.00	8.63	20.14	0.00	0.00	7.00	7.00
520	0.00	70.00	0.53	2.99	0.38	615259.98	0.00	0.00	16.06	0.00	8.51	20.08	0.00	0.00	7.00	7.00
521	0.00	71.00	0.53	2.99	0.38	615259.98	0.00	0.00	16.06	0.00	8.39	20.19	0.00	0.00	7.00	7.00
522	0.00	72.00	0.53	2.99	0.38	615259.98	0.00	0.00	16.06	0.00	8.27	20.14	0.00	0.00	7.00	7.00
523	0.00	73.00	0.53	2.99	0.38	615259.98	0.00	0.00	16.06	0.00	8.27	20.08	0.00	0.00	7.00	7.00
524	0.00	74.00	0.53	2.99	0.38	615259.98	0.00	0.00	16.06	0.00	8.16	20.03	0.00	0.00	7.00	7.00
525	0.00	25.00	0.53	2.99	0.38	615259.98	0.00	0.00	16.06	0.00	16.44	22.28	0.00	0.00	7.00	7.00
526	0.00	26.00	0.53	2.99	0.38	615259.98	0.00	0.00	16.06	0.00	15.81	22.48	0.00	0.00	7.00	7.00
527	0.00	27.00	0.53	2.99	0.38	615259.98	0.00	0.00	16.06	0.00	15.22	22.36	0.00	0.00	7.00	7.00
528	0.00	28.00	0.53	2.99	0.38	615259.98	0.00	0.00	16.06	0.00	14.68	22.16	0.00	0.00	7.00	7.00
529	0.00	29.00	0.53	2.99	0.38	615259.98	0.00	0.00	16.06	0.00	14.17	21.95	0.00	0.00	7.00	7.00
530	0.00	30.00	0.53	2.99	0.38	615259.98	0.00	0.00	16.06	0.00	17.74	23.36	0.00	0.00	7.00	7.00
531	0.00	31.00	0.53	2.99	0.38	615259.98	0.00	0.00	16.06	0.00	17.17	23.12	0.00	0.00	7.00	7.00
532	0.00	32.00	0.53	2.99	0.38	615259.98	0.00	0.00	16.06	0.00	16.89	22.89	0.00	0.00	7.00	7.00
533	0.00	33.00	0.53	2.99	0.38	615259.98	0.00	0.00	16.06	0.00	16.38	23.76	0.00	0.00	7.00	7.00
534	0.00	34.00	0.53	2.99	0.38	615259.98	0.00	0.00	16.06	0.00	15.90	23.54	0.00	0.00	7.00	7.00
535	0.00	35.00	0.53	2.99	0.38	615259.98	0.00	0.00	16.06	0.00	15.44	23.65	0.00	0.00	7.00	7.00
536	0.00	36.00	0.53	2.99	0.38	615259.98	0.00	0.00	16.06	0.00	15.01	23.46	0.00	0.00	7.00	7.00
537	0.00	37.00	0.53	2.99	0.38	615259.98	0.00	0.00	16.06	0.00	14.61	23.27	0.00	0.00	7.00	7.00
538	0.00	38.00	0.53	2.99	0.38	615259.98	0.00	0.00	16.06	0.00	14.22	23.08	0.00	0.00	7.00	7.00
539	0.00	39.00	0.53	2.99	0.38	615259.98	0.00	0.00	16.06	0.00	13.86	22.90	0.00	0.00	7.00	7.00
540	0.00	40.00	0.53	2.99	0.38	615259.98	0.00	0.00	16.06	0.00	13.51	23.64	0.00	0.00	7.00	7.00
541	0.00	41.00	0.53	2.99	0.38	615259.98	0.00	0.00	16.06	0.00	13.18	24.32	0.00	0.00	7.00	7.00
542	0.00	42.00	0.53	2.99	0.38	615259.98	0.00	0.00	16.06	0.00	12.87	24.12	0.00	0.00	7.00	7.00
543	0.00	43.00	0.53	2.99	0.38	615259.98	0.00	0.00	16.06	0.00	12.57	23.95	0.00	0.00	7.00	7.00
544	0.00	44.00	0.53	2.99	0.38	615259.98	0.00	0.00	16.06	0.00	14.89	23.90	0.00	0.00	7.00	7.00
545	0.00	45.00	0.53	2.99	0.38	615259.98	0.00	0.00	16.06	0.00	14.56	24.01	0.00	0.00	7.00	7.00
546	0.00	46.00	0.53	2.99	0.38	615259.98	0.00	0.00	16.06	0.00	14.42	23.83	0.00	0.00	7.00	7.00
547	0.00	47.00	0.53	2.99	0.38	615259.98	0.00	0.00	16.06	0.00	14.11	23.67	0.00	0.00	7.00	7.00
548	0.00	48.00	0.53	2.99	0.38	615259.98	0.00	0.00	16.06	0.00	13.82	24.25	0.00	0.00	7.00	7.00
549	0.00	49.00	0.53	2.99	0.38	615259.98	0.00	0.00	16.06	0.00	13.53	24.32	0.00	0.00	7.00	7.00
550	0.00	50.00	0.53	2.99	0.38	615259.98	0.00	0.00	16.06	0.00	13.26	24.17	0.00	0.00	7.00	7.00
551	0.00	51.00	0.53	2.99	0.38	615259.98	0.00	0.00	16.06	0.00	13.00	24.03	0.00	0.00	7.00	7.00
552	0.00	52.00	0.53	2.99	0.38	615259.98	0.00	0.00	16.06	0.00	12.75	23.87	0.00	0.00	7.00	7.00
553	0.00	53.00	0.53	2.99	0.38	615259.98	0.00	0.00	16.06	0.00	12.51	23.73	0.00	0.00	7.00	7.00
554	0.00	54.00	0.53	2.99	0.38	615259.98	0.00	0.00	16.06	0.00	17.75	23.62	0.00	0.00	7.00	7.00
555	0.00	55.00	0.53	2.99	0.38	615259.98	0.00	0.00	16.06	0.00	17.43	23.47	0.00	0.00	7.00	7.00
556	0.00	56.00	0.53	2.99	0.38	615259.98	0.00	0.00	16.06	0.00	17.11	23.34	0.00	0.00	7.00	7.00
557	0.00	57.00	0.53	2.99	0.38	615259.98	0.00	0.00	16.06	0.00	16.81	23.71	0.00	0.00	7.00	7.00
558	0.00	58.00	0.53	2.99	0.38	615259.98	0.00	0.00	16.06	0.00	16.67	23.57	0.00	0.00	7.00	7.00
559	0.00	59.00	0.53	2.99	0.38	615259.98	0.00	0.00	16.06	0.00	16.38	23.46	0.00	0.00	7.00	7.00
560	0.00	60.00	0.53	2.99	0.38	615259.98	0.00	0.00	16.06	0.00	16.11	23.34	0.00	0.00	7.00	7.00
561	0.00	61.00	0.53	2.99	0.38	615259.98	0.00	0.00	16.06	0.00	15.85	23.22	0.00	0.00	7.00	7.00
562	0.00	62.00	0.53	2.99	0.38	615259.98	0.00	0.00	16.06	0.00	15.59	23.11	0.00	0.00	7.00	7.00
563	0.00	63.00	0.53	2.99	0.38	615259.98	0.00	0.00	16.06	0.00	15.34	23.20	0.00	0.00	7.00	7.00
564	0.00	64.00	0.53	2.99	0.38	615259.98	0.00	0.00	16.06	0.00	15.10	23.09	0.00	0.00	7.00	7.00
565	0.00	65.00	0.53	2.99	0.38	615259.98	0.00	0.00	16.06	0.00	14.87	23.16	0.00	0.00	7.00	7.00
566	0.00	66.00	0.53	2.99	0.38	615259.98	0.00	0.00	16.06	0.00	14.77	23.05	0.00	0.00	7.00	7.00
567	0.00	67.00	0.53	2.99	0.38	615259.98	0.00	0.00	16.06	0.00	14.55	23.35	0.00	0.00	7.00	7.00
568	0.00	68.00	0.53	2.99	0.38	615259.98	0.00	0.00	16.06	0.00	14.33	23.24	0.00	0.00	7.00	7.00
569	0.00	69.00	0.53	2.99	0.38	615259.98	0.00	0.00	16.06	0.00	16.29	23.16	0.00	0.00	7.00	7.00
570	0.00	70.00	0.53	2.99	0.38	615259.98	0.00	0.00	16.06	0.00	16.06	23.06	0.00	0.00	7.00	7.00
571	0.00	71.00	0.53	2.99	0.38	615259.98	0.00	0.00	16.06	0.00	17.93	22.98	0.00	0.00	7.00	7.00
572	0.00	72.00	0.53	2.99	0.38	615259.98	0.00	0.00	16.06	0.00	17.68	22.89	0.00	0.00	7.00	7.00
573	0.00	73.00	0.53	2.99	0.38	615259.98	0.00	0.00	16.06	0.00	17.44	22.80	0.00	0.00	7.00	7.00
574	0.00	74.00	0.53	2.99	0.38	615259.98	0.00	0.00	16.06	0.00	17.21	22.71	0.00	0.00	7.00	7.00
575	0.00	25.00	0.53	2.99	0.38	615259.98	0.00	0.00	16.06	0.00	19.49	21.07	0.00	0.00	7.00	7.00
576	0.00	26.00	0.53	2.99	0.38	615259.98	0.00	0.00	16.06	0.00	18.74	20.87	0.00	0.00	7.00	7.00
577	0.00	27.00	0.53	2.99	0.38	615259.98	0.00	0.00	16.06	0.00	26.43	20.77	0.00	0.00	7.00	7.00
578	0.00	28.00	0.53	2.99	0.38	615259.98	0.00	0.00	16.06	0.00	25.49	21.06	0.00	0.00	7.00	7.00
579	0.00	29.00	0.53	2.99	0.38	615259.98	0.00	0.00	16.06	0.00	24.61	21.29	0.00	0.00	7.00	7.00
580	0.00	30.00	0.53	2.99	0.38	615259.98	0.00	0.00	16.06	0.00	27.30	21.27	0.00	0.00	7.00	7.00
581	0.00	31.00	0.53	2.99	0.38	615259.98	0.00	0.00	16.06	0.00	30.11	21.22	0.00	0.00	7.00	7.00
582	0.00	32.00	0.53	2.99	0.38	615259.98	0.00	0.00	16.06	0.00	29.17	21.11	0.00	0.00	7.00	7.00
583	0.00	33.00	0.53	2.99	0.38	615259.98	0.00	0.00	16.06	0.00	28.54	20.95	0.00	0.00	7.00	7.00
584	0.00	34.00	0.53	2.99	0.38	615259.98	0.00	0.00	16.06	0.00	27.70	21.14	0.00	0.00	7.00	7.00
585	0.00	35.00	0.53	2.99	0.38	615259.98	0.00	0.00	16.06	0.00	35.34	21.15	0.00	0.00	7.00	7.00
586	0.00	36.00	0.53	2.99	0.38	615259.98	0.00	0.00	16.06	0.00	34.36	21.01	0.00	0.00	7.00	7.00
587	0.00	37.00	0.53	2.99	0.38	615259.98	0.00	0.00	16.06	0.00	33.43	20.93	0.00	0.00	7.00	7.00
588	0.00	38.00	0.53	2.99	0.38	615259.98	0.00	0.00	16.06	0.00	32.55	20.80	0.00	0.00	7.00	7.00
589	0.00	39.00	0.53	2.99	0.38	615259.98	0.00	0.00	16.06	0.00	31.72	20.71	0.00	0.00	7.00	7.00
590	0.00	40.00	0.53	2.99	0.38	615259.98	0.00	0.00	16.06	0.00	30.92	20.60	0.00	0.00	7.00	7.00
591	0.00	41.00	0.53	2.99	0.38	615259.98	0.00	0.00	16.06	0.00	30.17	20.77	0.00	0.00	7.00	7.00
592	0.00	42.00	0.53	2.99	0.38	615259.98	0.00	0.00	16.06	0.00	29.45	21.22	0.00	0.00	7.00	7.00
593	0.00	43.00	0.53	2.99	0.38	615259.98	0.00	0.00	16.06	0.00	28.96	21.09	0.00	0.00	7.00	7.00
594	0.00	44.00	0.53	2.99	0.38	615259.98	0.00	0.00	16.06	0.00	28.30	20.99	0.00	0.00	7.00	7.00
595	0.00	45.00	0.53	2.99	0.38	615259.98	0.00	0.00	16.06	0.00	27.67	21.14	0.00	0.00	7.00	7.00
596	0.00	46.00	0.53	2.99	0.38	615259.98	0.00	0.00	16.06	0.00	27.07	21.03	0.00	0.00	7.00	7.00
597	0.00	47.00	0.53	2.99	0.38	615259.98	0.00	0.00	16.06	0.00	26.49	21.17	0.00	0.00	7.00	7.00
598	0.00	48.00	0.53	2.99	0.38	615259.98	0.00	0.00	16.06	0.00	25.94	21.06	0.00	0.00	7.00	7.00
599	0.00	49.00	0.53	2.99	0.38	615259.98	0.00	0.00	16.06	0.00	25.41	21.20	0.00	0.00	7.00	7.00
600	0.00	50.00	0.53	2.99	0.38	615259.98	0.00	0.00	16.06	0.00	25.07	21.09	0.00	0.00	7.00	7.00
601	0.00	51.00	0.45	3.58	0.32	615269.57	0.00	0.00	16.06	0.00	24.57	21.22	0.00	0.00	7.00	7.00
602	0.00	52.00	0.45	3.58	0.32	615269.57	0.00	0.00	16.06	0.00	24.10	21.12	0.00	0.00	7.00	7.00
603	0.00	53.00	0.45	3.58	0.32	615269.57	0.00	0.00	16.06	0.00	23.65	21.02	0.00	0.00	7.00	7.00
604	0.00	54.00	0.45	3.58	0.32	615269.57	0.00	0.00	16.06	0.00	23.36	20.94	0.00	0.00	7.00	7.00
605	0.00	55.00	0.45	3.58	0.32	615269.57	0.00	0.00	16.06	0.00	22.94	20.85	0.00	0.00	7.00	7.00
606	0.00	56.00	0.45	3.58	0.32	615269.57	0.00	0.00	16.06	0.00	22.53	20.97	0.00	0.00	7.00	7.00
607	0.00	57.00	0.45	3.58	0.32	615269.57	0.00	0.00	16.06	0.00	22.13	20.88	0.00	0.00	7.00	7.00
608	0.00	58.00	0.45	3.58	0.32	615269.57	0.00	0.00	16.06	0.00	21.75	21.00	0.00	0.00	7.00	7.00
609	0.00	59.00	0.45	3.58	0.32	615269.57	0.00	0.00	16.06	0.00	21.38	21.11	0.00	0.00	7.00	7.00
610	0.00	60.00	0.45	3.58	0.32	615269.57	0.00	0.00	16.06	0.00	24.87	21.11	0.02	0.00	7.00	7.00
611	0.00	61.00	0.45	3.58	0.32	615269.57	0.00	0.00	16.06	0.00	24.59	21.04	0.02	0.00	7.00	7.00
612	0.00	62.00	0.45	3.58	0.32	615269.57	0.00	0.00	16.06	0.00	25.90	21.42	0.02	0.00	7.00	7.00
613	0.00	63.00	0.45	3.58	0.32	615269.57	0.00	0.00	16.06	0.00	25.49	21.70	0.02	0.00	7.00	7.00
614	0.00	64.00	0.45	3.58	0.32	615269.57	0.00	0.00	16.06	0.00	25.09	21.79	0.02	0.00	7.00	7.00
615	0.00	65.00	0.45	3.58	0.32	615269.57	0.00	0.00	16.06	0.00	27.16	22.45	0.02	0.00	7.00	7.00
616	0.00	66.00	0.45	3.58	0.32	615269.57	0.00	0.00	16.06	0.00	26.75	22.40	0.02	0.00	7.00	7.00
617	0.00	67.00	0.45	3.58	0.32	615269.57	0.00	0.00	16.06	0.00	26.47	22.30	0.01	0.00	7.00	7.00
618	0.00	68.00	0.45	3.58	0.32	615269.57	0.00	0.00	16.06	0.00	28.27	22.27	0.01	0.00	7.00	7.00
619	0.00	69.00	0.45	3.58	0.32	615269.57	0.00	0.00	16.06	0.00	27.86	22.19	0.01	0.00	7.00	7.00
620	0.00	70.00	0.45	3.58	0.32	615269.57	0.00	0.00	16.06	0.00	27.47	22.10	0.01	0.00	7.00	7.00
621	0.00	71.00	0.45	3.58	0.32	615269.57	0.00	0.00	16.06	0.00	27.08	22.18	0.01	0.00	7.00	7.00
622	0.00	72.00	0.45	3.58	0.32	615269.57	0.00	0.00	16.06	0.00	26.70	22.10	0.01	0.00	7.00	7.00
623	0.00	73.00	0.45	3.58	0.32	615269.57	0.00	0.00	16.06	0.00	26.34	22.03	0.01	0.00	7.00	7.00
624	0.00	74.00	0.45	3.58	0.32	615269.57	0.00	0.00	16.06	0.00	25.98	22.10	0.01	0.00	7.00	7.00
625	0.00	25.00	0.45	3.58	0.32	615269.57	0.00	0.00	16.06	0.00	30.13	22.09	0.00	0.00	7.00	7.00
626	0.00	26.00	0.45	3.58	0.32	615269.57	0.00	0.00	16.06	0.00	28.97	21.88	0.00	0.00	7.00	7.00
627	0.00	27.00	0.45	3.58	0.32	615269.57	0.00	0.00	16.06	0.00	38.83	21.73	0.00	0.00	7.00	7.00
628	0.00	28.00	0.45	3.58	0.32	615269.57	0.00	0.00	16.06	0.00	45.54	21.59	0.00	0.00	7.00	7.00
629	0.00	29.00	0.45	3.58	0.32	615269.57	0.00	0.00	16.06	0.00	43.97	21.42	0.00	0.00	7.00	7.00
630	0.00	30.00	0.45	3.58	0.32	615269.57	0.00	0.00	16.06	0.00	42.77	21.24	0.00	0.00	7.00	7.00
631	0.00	31.00	0.45	3.58	0.32	615269.57	0.00	0.00	16.06	0.00	41.39	21.08	0.00	0.00	7.00	7.00
632	0.00	32.00	0.45	3.58	0.32	615269.57	0.00	0.00	16.06	0.00	40.10	20.92	0.00	0.00	7.00	7.00
633	0.00	33.00	0.45	3.58	0.32	615269.57	0.00	0.00	16.06	0.00	43.41	20.82	0.00	0.00	7.00	7.00
634	0.00	34.00	0.45	3.58	0.32	615269.57	0.00	0.00	16.06	0.00	45.50	20.85	0.00	0.00	7.00	7.00
635	0.00	35.00	0.45	3.58	0.32	615269.57	0.00	0.00	16.06	0.00	44.20	21.04	0.00	0.00	7.00	7.00
636	0.00	36.00	0.45	3.58	0.32	615269.57	0.00	0.00	16.06	0.00	42.97	20.92	0.00	0.00	7.00	7.00
637	0.00	37.00	0.45	3.58	0.32	615269.57	0.00	0.00	16.06	0.00	49.23	20.86	0.03	0.00	7.00	7.00
638	0.00	38.00	0.45	3.58	0.32	615269.57	0.00	0.00	16.06	0.00	54.01	21.08	0.05	0.00	7.00	7.00
639	0.00	39.00	0.45	3.58	0.32	615269.57	0.00	0.00	16.06	0.00	52.62	20.95	0.05	0.00	7.00	7.00
640	0.00	40.00	0.45	3.58	0.32	615269.57	0.00	0.00	16.06	0.00	51.31	20.84	0.05	0.00	7.00	7.00
641	0.00	41.00	0.45	3.58	0.32	615269.57	0.00	0.00	16.06	0.00	50.26	20.72	0.05	0.00	7.00	7.00
642	0.00	42.00	0.45	3.58	0.32	615269.57	0.00	0.00	16.06	0.00	49.25	20.69	0.05	0.00	7.00	7.00
643	0.00	43.00	0.45	3.58	0.32	615269.57	0.00	0.00	16.06	0.00	50.56	20.70	0.05	0.00	7.00	7.00
644	0.00	44.00	0.45	3.58	0.32	615269.57	0.00	0.00	16.06	0.00	49.41	20.62	0.05	0.00	7.00	7.00
645	0.00	45.00	0.45	3.58	0.32	615269.57	0.00	0.00	16.06	0.00	50.65	20.52	0.04	0.00	7.00	7.00
646	0.00	46.00	0.45	3.58	0.32	615269.57	0.00	0.00	16.06	0.00	49.55	20.42	0.04	0.00	7.00	7.00
647	0.00	47.00	0.45	3.58	0.32	615269.57	0.00	0.00	16.06	0.00	48.49	20.33	0.04	0.00	7.00	7.00
648	0.00	48.00	0.45	3.58	0.32	615269.57	0.00	0.00	16.06	0.00	47.48	20.24	0.04	0.00	7.00	7.00
649	0.00	49.00	0.45	3.58	0.32	615269.57	0.00	0.00	16.06	0.00	46.52	20.20	0.04	0.00	7.00	7.00
650	0.00	50.00	0.45	3.58	0.32	615269.57	0.00	0.00	16.06	0.00	45.75	20.35	0.04	0.00	7.00	7.00
651	0.00	51.00	0.45	3.58	0.32	615269.57	0.00	0.00	16.06	0.00	44.85	20.27	0.04	0.00	7.00	7.00
652	0.00	52.00	0.45	3.58	0.32	615269.57	0.00	0.00	16.06	0.00	43.99	20.19	0.04	0.00	7.00	7.00
653	0.00	53.00	0.45	3.58	0.32	615269.57	0.00	0.00	16.06	0.00	45.98	20.54	0.04	0.00	7.00	7.00
654	0.00	54.00	0.45	3.58	0.32	615269.57	0.00	0.00	16.06	0.00	45.12	20.69	0.04	0.00	7.00	7.00
655	0.00	55.00	0.45	3.58	0.32	615269.57	0.00	0.00	16.06	0.00	44.45	20.65	0.04	0.00	7.00	7.00
656	0.00	56.00	0.45	3.58	0.32	615269.57	0.00	0.00	16.06	0.00	43.66	20.79	0.04	0.00	7.00	7.00
657	0.00	57.00	0.45	3.58	0.32	615269.57	0.00	0.00	16.06	0.00	42.89	20.70	0.04	0.00	7.00	7.00
658	0.00	58.00	0.45	3.58	0.32	615269.57	0.00	0.00	16.06	0.00	42.29	20.62	0.03	0.00	7.00	7.00
659	0.00	59.00	0.45	3.58	0.32	615269.57	0.00	0.00	16.06	0.00	41.58	20.55	0.03	0.00	7.00	7.00
660	0.00	60.00	0.45	3.58	0.32	615269.57	0.00	0.00	16.06	0.00	40.88	20.48	0.03	0.00	7.00	7.00
661	0.00	61.00	0.45	3.58	0.32	615269.57	0.00	0.00	16.06	0.00	40.21	20.42	0.03	0.00	7.00	7.00
662	0.00	62.00	0.45	3.58	0.32	615269.57	0.00	0.00	16.06	0.00	39.56	20.35	0.03	0.00	7.00	7.00
663	0.00	63.00	0.45	3.58	0.32	615269.57	0.00	0.00	16.06	0.00	38.94	20.47	0.03	0.00	7.00	7.00
664	0.00	64.00	0.45	3.58	0.32	615269.57	0.00	0.00	16.06	0.00	39.97	20.48	0.03	0.00	7.00	7.00
665	0.00	65.00	0.45	3.58	0.32	615269.57	0.00	0.00	16.06	0.00	39.48	20.41	0.03	0.00	7.00	7.00
666	0.00	66.00	0.45	3.58	0.32	615269.57	0.00	0.00	16.06	0.00	38.89	20.34	0.03	0.00	7.00	7.00
667	0.00	67.00	0.45	3.58	0.32	615269.57	0.00	0.00	16.06	0.00	40.69	21.00	0.03	0.00	7.00	7.00
668	0.00	68.00	0.45	3.58	0.32	615269.57	0.00	0.00	16.06	0.00	40.09	20.93	0.03	0.00	7.00	7.00
669	0.00	69.00	0.45	3.58	0.32	615269.57	0.00	0.00	16.06	0.00	39.64	21.05	0.03	0.00	7.00	7.00
670	0.00	70.00	0.45	3.58	0.32	615269.57	0.00	0.00	16.06	0.00	40.81	21.66	0.03	0.00	7.00	7.00
671	0.00	71.00	0.45	3.58	0.32	615269.57	0.00	0.00	16.06	0.00	40.23	21.90	0.03	0.00	7.00	7.00
672	0.00	72.00	0.45	3.58	0.32	615269.57	0.00	0.00	16.06	0.00	39.68	21.82	0.03	0.00	7.00	7.00
673	0.00	73.00	0.45	3.58	0.32	615269.57	0.00	0.00	16.06	0.00	39.13	21.74	0.03	0.00	7.00	7.00
674	0.00	74.00	0.45	3.58	0.32	615269.57	0.00	0.00	16.06	0.00	38.60	21.68	0.03	0.00	7.00	7.00
675	0.00	25.00	0.45	3.58	0.32	615269.57	0.00	0.00	16.06	0.00	23.00	18.93	0.00	0.00	7.00	7.00
676	0.00	26.00	0.45	3.58	0.32	615269.57	0.00	0.00	16.06	0.00	22.12	18.94	0.00	0.00	7.00	7.00
677	0.00	27.00	0.45	3.58	0.32	615269.57	0.00	0.00	16.06	0.00	21.30	18.82	0.00	0.00	7.00	7.00
678	0.00	28.00	0.45	3.58	0.32	615269.57	0.00	0.00	16.06	0.00	20.54	19.13	0.00	0.00	7.00	7.00
679	0.00	29.00	0.45	3.58	0.32	615269.57	0.00	0.00	16.06	0.00	19.83	19.03	0.00	0.00	7.00	7.00
680	0.00	30.00	0.45	3.58	0.32	615269.57	0.00	0.00	16.06	0.00	19.17	18.93	0.00	0.00	7.00	7.00
681	0.00	31.00	0.45	3.58	0.32	615269.57	0.00	0.00	16.06	0.00	18.55	18.84	0.00	0.00	7.00	7.00
682	0.00	32.00	0.45	3.58	0.32	615269.57	0.00	0.00	16.06	0.00	17.97	18.75	0.00	0.00	7.00	7.00
683	0.00	33.00	0.45	3.58	0.32	615269.57	0.00	0.00	16.06	0.00	17.43	19.02	0.00	0.00	7.00	7.00
684	0.00	34.00	0.45	3.58	0.32	615269.57	0.00	0.00	16.06	0.00	16.91	18.93	0.00	0.00	7.00	7.00
685	0.00	35.00	0.45	3.58	0.32	615269.57	0.00	0.00	16.06	0.00	16.43	19.21	0.00	0.00	7.00	7.00
686	0.00	36.00	0.45	3.58	0.32	615269.57	0.00	0.00	16.06	0.00	15.97	19.13	0.00	0.00	7.00	7.00
687	0.00	37.00	0.45	3.58	0.32	615269.57	0.00	0.00	16.06	0.00	15.54	19.05	0.00	0.00	7.00	7.00
688	0.00	38.00	0.45	3.58	0.32	615269.57	0.00	0.00	16.06	0.00	15.13	18.97	0.00	0.00	7.00	7.00
689	0.00	39.00	0.45	3.58	0.32	615269.57	0.00	0.00	16.06	0.00	14.74	18.90	0.00	0.00	7.00	7.00
690	0.00	40.00	0.45	3.58	0.32	615269.57	0.00	0.00	16.06	0.00	14.38	18.85	0.00	0.00	7.00	7.00
691	0.00	41.00	0.45	3.58	0.32	615269.57	0.00	0.00	16.06	0.00	14.03	19.07	0.00	0.00	7.00	7.00
692	0.00	42.00	0.45	3.58	0.32	615269.57	0.00	0.00	16.06	0.00	13.69	19.27	0.00	0.00	7.00	7.00
693	0.00	43.00	0.45	3.58	0.32	615269.57	0.00	0.00	16.06	0.00	13.56	19.32	0.00	0.00	7.00	7.00
694	0.00	44.00	0.45	3.58	0.32	615269.57	0.00	0.00	16.06	0.00	13.25	19.26	0.00	0.00	7.00	7.00
695	0.00	45.00	0.45	3.58	0.32	615269.57	0.00	0.00	16.06	0.00	12.96	19.20	0.00	0.00	7.00	7.00
696	0.00	46.00	0.45	3.58	0.32	615269.57	0.00	0.00	16.06	0.00	12.68	19.13	0.00	0.00	7.00	7.00
697	0.00	47.00	0.45	3.58	0.32	615269.57	0.00	0.00	16.06	0.00	14.99	20.33	0.00	0.00	7.00	7.00
698	0.00	48.00	0.45	3.58	0.32	615269.57	0.00	0.00	16.06	0.00	14.68	20.48	0.00	0.00	7.00	7.00
699	0.00	49.00	0.45	3.58	0.32	615269.57	0.00	0.00	16.06	0.00	14.38	20.39	0.00	0.00	7.00	7.00
700	0.00	50.00	0.45	3.58	0.32	615269.57	0.00	0.00	16.06	0.00	14.09	20.32	0.00	0.00	7.00	7.00
701	0.00	51.00	0.38	4.30	0.27	615281.08	0.00	0.00	16.06	0.00	13.81	20.24	0.00	0.00	7.00	7.00
702	0.00	52.00	0.38	4.30	0.27	615281.08	0.00	0.00	16.06	0.00	13.55	20.16	0.00	0.00	7.00	7.00
703	0.00	53.00	0.38	4.30	0.27	615281.08	0.00	0.00	16.06	0.00	13.29	20.30	0.00	0.00	7.00	7.00
704	0.00	54.00	0.38	4.30	0.27	615281.08	0.00	0.00	16.06	0.00	13.05	20.44	0.00	0.00	7.00	7.00
705	0.00	55.00	0.38	4.30	0.27	615281.08	0.00	0.00	16.06	0.00	12.81	20.59	0.00	0.00	7.00	7.00
706	0.00	56.00	0.38	4.30	0.27	615281.08	0.00	0.00	16.06	0.00	12.58	20.71	0.00	0.00	7.00	7.00
707	0.00	57.00	0.38	4.30	0.27	615281.08	0.00	0.00	16.06	0.00	12.36	20.63	0.00	0.00	7.00	7.00
708	0.00	58.00	0.38	4.30	0.27	615281.08	0.00	0.00	16.06	0.00	12.15	20.55	0.00	0.00	7.00	7.00
709	0.00	59.00	0.38	4.30	0.27	615281.08	0.00	0.00	16.06	0.00	12.10	20.49	0.00	0.00	7.00	7.00
710	0.00	60.00	0.38	4.30	0.27	615281.08	0.00	0.00	16.06	0.00	11.90	20.41	0.00	0.00	7.00	7.00
711	0.00	61.00	0.38	4.30	0.27	615281.08	0.00	0.00	16.06	0.00	13.69	21.13	0.00	0.00	7.00	7.00
712	0.00	62.00	0.38	4.30	0.27	615281.08	0.00	0.00	16.06	0.00	13.47	21.05	0.00	0.00	7.00	7.00
713	0.00	63.00	0.38	4.30	0.27	615281.08	0.00	0.00	16.06	0.00	13.38	20.97	0.00	0.00	7.00	7.00
714	0.00	64.00	0.38	4.30	0.27	615281.08	0.00	0.00	16.06	0.00	13.17	20.89	0.00	0.00	7.00	7.00
715	0.00	65.00	0.38	4.30	0.27	615281.08	0.00	0.00	16.06	0.00	13.10	20.81	0.00	0.00	7.00	7.00
716	0.00	66.00	0.38	4.30	0.27	615281.08	0.00	0.00	16.06	0.00	12.90	20.91	0.00	0.00	7.00	7.00
717	0.00	67.00	0.38	4.30	0.27	615281.08	0.00	0.00	16.06	0.00	12.71	20.84	0.00	0.00	7.00	7.00
718	0.00	68.00	0.38	4.30	0.27	615281.08	0.00	0.00	16.06	0.00	12.52	20.77	0.00	0.00	7.00	7.00
719	0.00	69.00	0.38	4.30	0.27	615281.08	0.00	0.00	16.06	0.00	12.34	20.70	0.00	0.00	7.00	7.00
720	0.00	70.00	0.38	4.30	0.27	615281.08	0.00	0.00	16.06	0.00	12.16	20.82	0.00	0.00	7.00	7.00
721	0.00	71.00	0.38	4.30	0.27	615281.08	0.00	0.00	16.06	0.00	11.99	20.75	0.00	0.00	7.00	7.00
722	0.00	72.00	0.38	4.30	0.27	615281.08	0.00	0.00	16.06	0.00	11.82	20.69	0.00	0.00	7.00	7.00
723	0.00	73.00	0.38	4.30	0.27	615281.08	0.00	0.00	16.06	0.00	11.66	20.63	0.00	0.00	7.00	7.00
724	0.00	74.00	0.38	4.30	0.27	615281.08	0.00	0.00	16.06	0.00	11.50	20.57	0.00	0.00	7.00	7.00
725	0.00	25.00	0.38	4.30	0.27	615281.08	0.00	0.00	16.06	0.00	19.16	18.64	0.00	0.00	7.00	7.00
726	0.00	26.00	0.38	4.30	0.27	615281.08	0.00	0.00	16.06	0.00	18.42	18.54	0.00	0.00	7.00	7.00
727	0.00	27.00	0.38	4.30	0.27	615281.08	0.00	0.00	16.06	0.00	26.13	20.65	0.00	0.00	7.00	7.00
728	0.00	28.00	0.38	4.30	0.27	615281.08	0.00	0.00	16.06	0.00	25.49	20.48	0.00	0.00	7.00	7.00
729	0.00	29.00	0.38	4.30	0.27	615281.08	0.00	0.00	16.06	0.00	24.61	20.33	0.00	0.00	7.00	7.00
730	0.00	30.00	0.38	4.30	0.27	615281.08	0.00	0.00	16.06	0.00	23.79	20.60	0.00	0.00	7.00	7.00
731	0.00	31.00	0.38	4.30	0.27	615281.08	0.00	0.00	16.06	0.00	23.02	20.46	0.00	0.00	7.00	7.00
732	0.00	32.00	0.38	4.30	0.27	615281.08	0.00	0.00	16.06	0.00	22.30	20.32	0.00	0.00	7.00	7.00
733	0.00	33.00	0.38	4.30	0.27	615281.08	0.00	0.00	16.06	0.00	21.63	20.22	0.00	0.00	7.00	7.00
734	0.00	34.00	0.38	4.30	0.27	615281.08	0.00	0.00	16.06	0.00	25.10	20.20	0.00	0.00	7.00	7.00
735	0.00	35.00	0.38	4.30	0.27	615281.08	0.00	0.00	16.06	0.00	24.39	20.08	0.00	0.00	7.00	7.00
736	0.00	36.00	0.38	4.30	0.27	615281.08	0.00	0.00	16.06	0.00	26.63	20.12	0.00	0.00	7.00	7.00
737	0.00	37.00	0.38	4.30	0.27	615281.08	0.00	0.00	16.06	0.00	33.90	20.12	0.00	0.00	7.00	7.00
738	0.00	38.00	0.38	4.30	0.27	615281.08	0.00	0.00	16.06	0.00	33.00	20.01	0.00	0.00	7.00	7.00
739	0.00	39.00	0.38	4.30	0.27	615281.08	0.00	0.00	16.06	0.00	32.16	19.91	0.00	0.00	7.00	7.00
740	0.00	40.00	0.38	4.30	0.27	615281.08	0.00	0.00	16.06	0.00	33.98	20.10	0.00	0.00	7.00	7.00
741	0.00	41.00	0.38	4.30	0.27	615281.08	0.00	0.00	16.06	0.00	36.11	21.18	0.00	0.00	7.00	7.00
742	0.00	42.00	0.38	4.30	0.27	615281.08	0.00	0.00	16.06	0.00	35.25	21.06	0.00	0.00	7.00	7.00
743	0.00	43.00	0.38	4.30	0.27	615281.08	0.00	0.00	16.06	0.00	34.43	21.26	0.00	0.00	7.00	7.00
