some parameters
Gen.	# feasible solutions	# infeasible solutions	cap. penality	dur. penality	num. penality	best penalized cost	best feasible cost	best cap. violation	best dur. violation	best num. violation	avg cap. violation	avg dur. violation	avg num. violation	Gap from BKS
1	0.00	51.00	1200.00	12000.00	60000.00	1226123.54	0.00	0.00	29.14	0.00	430.80	77.22	3.14	0.00
2	0.00	52.00	1200.00	12000.00	60000.00	1014753.72	0.00	0.00	8.90	0.00	422.52	75.90	3.08	0.00
3	0.00	53.00	1200.00	12000.00	60000.00	1014753.72	0.00	0.00	8.90	0.00	414.55	75.22	3.02	0.00
4	0.00	54.00	1200.00	12000.00	60000.00	1014753.72	0.00	0.00	8.90	0.00	411.27	75.05	3.02	0.00
5	0.00	55.00	1200.00	12000.00	60000.00	1014753.72	0.00	0.00	8.90	0.00	403.80	74.77	2.96	0.00
6	0.00	56.00	1200.00	12000.00	60000.00	1005155.26	0.00	14.12	8.91	0.00	396.84	73.60	2.91	0.00
7	0.00	57.00	1200.00	12000.00	60000.00	1005155.26	0.00	14.12	8.91	0.00	389.88	72.69	2.86	0.00
8	0.00	58.00	1200.00	12000.00	60000.00	1005155.26	0.00	14.12	8.91	0.00	383.15	72.28	2.81	0.00
9	0.00	59.00	1200.00	12000.00	60000.00	1005155.26	0.00	14.12	8.91	0.00	395.99	72.66	2.90	0.00
10	0.00	60.00	1200.00	12000.00	60000.00	912754.42	0.00	0.00	1.41	0.00	389.39	71.47	2.85	0.00
11	0.00	61.00	1200.00	12000.00	60000.00	912754.42	0.00	0.00	1.41	0.00	383.24	70.45	2.80	0.00
12	0.00	62.00	1200.00	12000.00	60000.00	912754.42	0.00	0.00	1.41	0.00	377.05	69.42	2.76	0.00
13	1.00	62.00	1200.00	12000.00	60000.00	912754.42	980669.52	0.00	1.41	0.00	371.07	68.32	2.71	0.24
14	1.00	63.00	1200.00	12000.00	60000.00	912754.42	980669.52	0.00	1.41	0.00	365.27	67.65	2.67	0.24
15	1.00	64.00	1200.00	12000.00	60000.00	912754.42	980669.52	0.00	1.41	0.00	359.65	67.54	2.63	0.24
16	1.00	65.00	1200.00	12000.00	60000.00	912754.42	980669.52	0.00	1.41	0.00	354.20	67.02	2.59	0.24
17	1.00	66.00	1200.00	12000.00	60000.00	912754.42	980669.52	0.00	1.41	0.00	348.92	66.36	2.55	0.24
18	1.00	67.00	1200.00	12000.00	60000.00	912754.42	980669.52	0.00	1.41	0.00	343.78	66.15	2.51	0.24
19	1.00	68.00	1200.00	12000.00	60000.00	912754.42	980669.52	0.00	1.41	0.00	338.80	66.09	2.48	0.24
20	1.00	69.00	1200.00	12000.00	60000.00	912754.42	980669.52	0.00	1.41	0.00	333.96	65.24	2.44	0.24
21	1.00	70.00	1200.00	12000.00	60000.00	912754.42	980669.52	0.00	1.41	0.00	329.26	64.67	2.41	0.24
22	1.00	71.00	1200.00	12000.00	60000.00	912754.42	980669.52	0.00	1.41	0.00	324.69	63.88	2.38	0.24
23	1.00	72.00	1200.00	12000.00	60000.00	912754.42	980669.52	0.00	1.41	0.00	320.24	63.22	2.34	0.24
24	1.00	73.00	1200.00	12000.00	60000.00	912754.42	980669.52	0.00	1.41	0.00	315.91	62.74	2.31	0.24
25	1.00	74.00	1200.00	12000.00	60000.00	912754.42	980669.52	0.00	1.41	0.00	311.70	62.14	2.28	0.24
26	1.00	25.00	1200.00	12000.00	60000.00	912754.42	980669.52	0.00	1.41	0.00	186.29	42.52	1.19	0.24
27	1.00	26.00	1200.00	12000.00	60000.00	912754.42	980669.52	0.00	1.41	0.00	179.39	41.46	1.15	0.24
28	1.00	27.00	1200.00	12000.00	60000.00	912754.42	980669.52	0.00	1.41	0.00	172.98	40.18	1.11	0.24
29	1.00	28.00	1200.00	12000.00	60000.00	912754.42	980669.52	0.00	1.41	0.00	167.02	38.84	1.07	0.24
30	1.00	29.00	1200.00	12000.00	60000.00	911171.26	980669.52	0.00	2.49	0.00	161.45	37.63	1.03	0.24
31	1.00	30.00	1200.00	12000.00	60000.00	911171.26	980669.52	0.00	2.49	0.00	156.24	36.87	1.00	0.24
32	1.00	31.00	1200.00	12000.00	60000.00	911171.26	980669.52	0.00	2.49	0.00	151.36	36.15	0.97	0.24
33	1.00	32.00	1200.00	12000.00	60000.00	911171.26	980669.52	0.00	2.49	0.00	146.98	35.90	0.94	0.24
34	1.00	33.00	1200.00	12000.00	60000.00	911171.26	980669.52	0.00	2.49	0.00	142.66	35.49	0.91	0.24
35	1.00	34.00	1200.00	12000.00	60000.00	896604.10	980669.52	0.78	2.41	0.00	138.60	34.55	0.89	0.24
36	1.00	35.00	1200.00	12000.00	60000.00	896604.10	980669.52	0.78	2.41	0.00	134.75	33.81	0.86	0.24
37	1.00	36.00	1200.00	12000.00	60000.00	896604.10	980669.52	0.78	2.41	0.00	131.11	33.38	0.84	0.24
38	1.00	37.00	1200.00	12000.00	60000.00	896604.10	980669.52	0.78	2.41	0.00	144.45	35.45	0.97	0.24
39	1.00	38.00	1200.00	12000.00	60000.00	896604.10	980669.52	0.78	2.41	0.00	140.74	34.63	0.95	0.24
40	1.00	39.00	1200.00	12000.00	60000.00	896604.10	980669.52	0.78	2.41	0.00	137.46	34.64	0.93	0.24
41	1.00	40.00	1200.00	12000.00	60000.00	896604.10	980669.52	0.78	2.41	0.00	134.11	33.96	0.90	0.24
42	1.00	41.00	1200.00	12000.00	60000.00	896604.10	980669.52	0.78	2.41	0.00	130.91	33.17	0.88	0.24
43	1.00	42.00	1200.00	12000.00	60000.00	896604.10	980669.52	0.78	2.41	0.00	127.87	32.45	0.86	0.24
44	1.00	43.00	1200.00	12000.00	60000.00	896604.10	980669.52	0.78	2.41	0.00	124.96	31.83	0.84	0.24
45	1.00	44.00	1200.00	12000.00	60000.00	896604.10	980669.52	0.78	2.41	0.00	122.18	31.13	0.82	0.24
46	1.00	45.00	1200.00	12000.00	60000.00	896604.10	980669.52	0.78	2.41	0.00	119.53	30.87	0.80	0.24
47	1.00	46.00	1200.00	12000.00	60000.00	896604.10	980669.52	0.78	2.41	0.00	116.99	30.70	0.79	0.24
48	2.00	46.00	1200.00	12000.00	60000.00	896604.10	929768.46	0.78	2.41	0.00	114.55	30.06	0.77	0.17
49	2.00	47.00	1200.00	12000.00	60000.00	896604.10	929768.46	0.78	2.41	0.00	112.21	29.89	0.76	0.17
50	2.00	48.00	1200.00	12000.00	60000.00	896604.10	929768.46	0.78	2.41	0.00	110.25	29.40	0.74	0.17
51	3.00	48.00	1200.00	12000.00	60000.00	896604.10	929768.46	0.78	2.41	0.00	108.09	28.82	0.73	0.17
52	3.00	49.00	1200.00	12000.00	60000.00	896604.10	929768.46	0.78	2.41	0.00	106.01	28.42	0.71	0.17
53	4.00	49.00	1200.00	12000.00	60000.00	896604.10	929768.46	0.78	2.41	0.00	104.01	27.88	0.70	0.17
54	4.00	50.00	1200.00	12000.00	60000.00	896604.10	929768.46	0.78	2.41	0.00	102.08	27.72	0.69	0.17
55	4.00	51.00	1200.00	12000.00	60000.00	896604.10	929768.46	0.78	2.41	0.00	100.23	27.28	0.67	0.17
56	4.00	52.00	1200.00	12000.00	60000.00	896604.10	929768.46	0.78	2.41	0.00	98.44	26.91	0.66	0.17
57	4.00	53.00	1200.00	12000.00	60000.00	896604.10	929768.46	0.78	2.41	0.00	96.71	26.45	0.65	0.17
58	5.00	53.00	1200.00	12000.00	60000.00	896604.10	929768.46	0.78	2.41	0.00	95.04	25.99	0.64	0.17
59	5.00	54.00	1200.00	12000.00	60000.00	896604.10	929768.46	0.78	2.41	0.00	93.43	25.56	0.63	0.17
60	5.00	55.00	1200.00	12000.00	60000.00	896604.10	929768.46	0.78	2.41	0.00	91.87	25.22	0.62	0.17
61	5.00	56.00	1200.00	12000.00	60000.00	896604.10	929768.46	0.78	2.41	0.00	90.37	24.85	0.61	0.17
62	5.00	57.00	1200.00	12000.00	60000.00	896604.10	929768.46	0.78	2.41	0.00	88.91	24.46	0.60	0.17
63	5.00	58.00	1200.00	12000.00	60000.00	896604.10	929768.46	0.78	2.41	0.00	87.50	24.24	0.59	0.17
64	5.00	59.00	1200.00	12000.00	60000.00	896604.10	929768.46	0.78	2.41	0.00	86.13	23.94	0.58	0.17
65	6.00	59.00	1200.00	12000.00	60000.00	896604.10	929768.46	0.78	2.41	0.00	84.81	23.57	0.57	0.17
66	6.00	60.00	1200.00	12000.00	60000.00	896604.10	929768.46	0.78	2.41	0.00	83.52	23.27	0.56	0.17
67	6.00	61.00	1200.00	12000.00	60000.00	896604.10	929768.46	0.78	2.41	0.00	82.38	23.07	0.55	0.17
68	6.00	62.00	1200.00	12000.00	60000.00	896604.10	929768.46	0.78	2.41	0.00	81.17	22.78	0.54	0.17
69	6.00	63.00	1200.00	12000.00	60000.00	896604.10	929768.46	0.78	2.41	0.00	80.00	22.54	0.54	0.17
70	7.00	63.00	1200.00	12000.00	60000.00	896604.10	929768.46	0.78	2.41	0.00	78.85	22.22	0.53	0.17
71	7.00	64.00	1200.00	12000.00	60000.00	896604.10	929768.46	0.78	2.41	0.00	77.74	22.33	0.52	0.17
72	7.00	65.00	1200.00	12000.00	60000.00	896604.10	929768.46	0.78	2.41	0.00	76.66	22.13	0.51	0.17
73	7.00	66.00	1200.00	12000.00	60000.00	896604.10	929768.46	0.78	2.41	0.00	75.61	21.92	0.51	0.17
74	7.00	67.00	1200.00	12000.00	60000.00	896604.10	929768.46	0.78	2.41	0.00	74.59	22.02	0.50	0.17
75	7.00	68.00	1200.00	12000.00	60000.00	896604.10	929768.46	0.78	2.41	0.00	73.60	21.81	0.49	0.17
76	8.00	68.00	1200.00	12000.00	60000.00	896604.10	929768.46	0.78	2.41	0.00	72.63	21.52	0.49	0.17
77	8.00	69.00	1200.00	12000.00	60000.00	896604.10	929768.46	0.78	2.41	0.00	71.68	21.42	0.48	0.17
78	8.00	70.00	1200.00	12000.00	60000.00	896604.10	929768.46	0.78	2.41	0.00	70.77	21.19	0.47	0.17
79	8.00	71.00	1200.00	12000.00	60000.00	896604.10	929768.46	0.78	2.41	0.00	74.30	21.59	0.51	0.17
80	8.00	72.00	1200.00	12000.00	60000.00	896604.10	929768.46	0.78	2.41	0.00	73.37	21.40	0.50	0.17
81	8.00	73.00	1200.00	12000.00	60000.00	896604.10	929768.46	0.78	2.41	0.00	72.46	21.21	0.49	0.17
82	8.00	74.00	1200.00	12000.00	60000.00	896604.10	929768.46	0.78	2.41	0.00	71.60	21.16	0.49	0.17
83	8.00	25.00	1200.00	12000.00	60000.00	896604.10	929768.46	0.78	2.41	0.00	70.50	13.92	0.42	0.17
84	9.00	25.00	1200.00	12000.00	60000.00	896604.10	929768.46	0.78	2.41	0.00	68.42	13.51	0.41	0.17
85	10.00	25.00	1200.00	12000.00	60000.00	896604.10	929768.46	0.78	2.41	0.00	66.47	13.12	0.40	0.17
86	10.00	26.00	1200.00	12000.00	60000.00	896604.10	929768.46	0.78	2.41	0.00	64.62	12.78	0.39	0.17
87	10.00	27.00	1200.00	12000.00	60000.00	896604.10	929768.46	0.78	2.41	0.00	62.88	12.71	0.38	0.17
88	10.00	28.00	1200.00	12000.00	60000.00	896604.10	929768.46	0.78	2.41	0.00	61.22	12.56	0.37	0.17
89	10.00	29.00	1200.00	12000.00	60000.00	896604.10	929768.46	0.78	2.41	0.00	59.65	12.42	0.36	0.17
90	11.00	29.00	1200.00	12000.00	60000.00	896604.10	929768.46	0.78	2.41	0.00	58.16	12.11	0.35	0.17
91	11.00	30.00	1200.00	12000.00	60000.00	896604.10	929768.46	0.78	2.41	0.00	56.74	13.28	0.34	0.17
92	11.00	31.00	1200.00	12000.00	60000.00	896604.10	929768.46	0.78	2.41	0.00	55.39	13.51	0.33	0.17
93	11.00	32.00	1200.00	12000.00	60000.00	896604.10	929768.46	0.78	2.41	0.00	54.10	13.36	0.33	0.17
94	12.00	32.00	1200.00	12000.00	60000.00	896604.10	905529.86	0.78	2.41	0.00	52.87	13.05	0.32	0.14
95	13.00	32.00	1200.00	12000.00	60000.00	896604.10	905529.86	0.78	2.41	0.00	51.70	12.76	0.31	0.14
96	14.00	32.00	1200.00	12000.00	60000.00	895834.42	895834.42	0.00	0.00	0.00	50.57	12.48	0.30	0.13
97	15.00	32.00	1200.00	12000.00	60000.00	895834.42	895834.42	0.00	0.00	0.00	49.50	12.22	0.30	0.13
98	15.00	33.00	1200.00	12000.00	60000.00	895834.42	895834.42	0.00	0.00	0.00	48.47	12.26	0.29	0.13
99	15.00	34.00	1200.00	12000.00	60000.00	895834.42	895834.42	0.00	0.00	0.00	47.48	12.02	0.29	0.13
100	15.00	35.00	1200.00	12000.00	60000.00	895834.42	895834.42	0.00	0.00	0.00	46.53	11.93	0.28	0.13
101	15.00	36.00	1440.00	14400.00	72000.00	895834.42	895834.42	0.00	0.00	0.00	45.62	11.71	0.27	0.13
102	15.00	37.00	1440.00	14400.00	72000.00	895834.42	895834.42	0.00	0.00	0.00	44.88	11.67	0.27	0.13
103	15.00	38.00	1440.00	14400.00	72000.00	895834.42	895834.42	0.00	0.00	0.00	44.03	11.58	0.26	0.13
104	16.00	38.00	1440.00	14400.00	72000.00	895834.42	895834.42	0.00	0.00	0.00	43.22	11.36	0.26	0.13
105	16.00	39.00	1440.00	14400.00	72000.00	895834.42	895834.42	0.00	0.00	0.00	48.79	12.06	0.31	0.13
106	16.00	40.00	1440.00	14400.00	72000.00	895834.42	895834.42	0.00	0.00	0.00	47.92	11.91	0.30	0.13
107	16.00	41.00	1440.00	14400.00	72000.00	895834.42	895834.42	0.00	0.00	0.00	53.22	12.91	0.35	0.13
108	16.00	42.00	1440.00	14400.00	72000.00	895834.42	895834.42	0.00	0.00	0.00	52.30	12.87	0.34	0.13
109	16.00	43.00	1440.00	14400.00	72000.00	895834.42	895834.42	0.00	0.00	0.00	51.41	13.07	0.34	0.13
110	17.00	43.00	1440.00	14400.00	72000.00	895834.42	895834.42	0.00	0.00	0.00	50.56	12.85	0.33	0.13
111	18.00	43.00	1440.00	14400.00	72000.00	895834.42	895834.42	0.00	0.00	0.00	49.73	12.64	0.33	0.13
112	19.00	43.00	1440.00	14400.00	72000.00	895834.42	895834.42	0.00	0.00	0.00	48.93	12.44	0.32	0.13
113	19.00	44.00	1440.00	14400.00	72000.00	895834.42	895834.42	0.00	0.00	0.00	48.15	12.35	0.32	0.13
114	19.00	45.00	1440.00	14400.00	72000.00	895834.42	895834.42	0.00	0.00	0.00	47.40	12.44	0.31	0.13
115	19.00	46.00	1440.00	14400.00	72000.00	895834.42	895834.42	0.00	0.00	0.00	46.67	12.28	0.31	0.13
116	19.00	47.00	1440.00	14400.00	72000.00	895834.42	895834.42	0.00	0.00	0.00	45.96	12.11	0.30	0.13
117	19.00	48.00	1440.00	14400.00	72000.00	895834.42	895834.42	0.00	0.00	0.00	45.28	12.06	0.30	0.13
118	19.00	49.00	1440.00	14400.00	72000.00	895834.42	895834.42	0.00	0.00	0.00	44.61	11.90	0.29	0.13
119	19.00	50.00	1440.00	14400.00	72000.00	895834.42	895834.42	0.00	0.00	0.00	43.96	11.82	0.29	0.13
120	19.00	51.00	1440.00	14400.00	72000.00	870323.96	895834.42	0.00	0.08	0.00	43.33	11.65	0.29	0.13
121	20.00	51.00	1440.00	14400.00	72000.00	870323.96	895834.42	0.00	0.08	0.00	42.72	11.49	0.28	0.13
122	20.00	52.00	1440.00	14400.00	72000.00	870323.96	895834.42	0.00	0.08	0.00	42.13	11.34	0.28	0.13
123	20.00	53.00	1440.00	14400.00	72000.00	870323.96	895834.42	0.00	0.08	0.00	41.55	11.42	0.27	0.13
124	20.00	54.00	1440.00	14400.00	72000.00	870323.96	895834.42	0.00	0.08	0.00	40.99	11.39	0.27	0.13
125	21.00	54.00	1440.00	14400.00	72000.00	870323.96	895834.42	0.00	0.08	0.00	40.45	11.24	0.27	0.13
126	21.00	55.00	1440.00	14400.00	72000.00	870323.96	895834.42	0.00	0.08	0.00	39.91	11.23	0.26	0.13
127	21.00	56.00	1440.00	14400.00	72000.00	870323.96	895834.42	0.00	0.08	0.00	39.40	11.18	0.26	0.13
128	21.00	57.00	1440.00	14400.00	72000.00	870323.96	895834.42	0.00	0.08	0.00	38.89	11.12	0.26	0.13
129	21.00	58.00	1440.00	14400.00	72000.00	870323.96	895834.42	0.00	0.08	0.00	38.40	11.06	0.25	0.13
130	21.00	59.00	1440.00	14400.00	72000.00	870323.96	895834.42	0.00	0.08	0.00	37.92	11.01	0.25	0.13
131	22.00	59.00	1440.00	14400.00	72000.00	870323.96	895834.42	0.00	0.08	0.00	37.45	10.87	0.25	0.13
132	22.00	60.00	1440.00	14400.00	72000.00	870323.96	895834.42	0.00	0.08	0.00	36.99	10.97	0.24	0.13
133	22.00	61.00	1440.00	14400.00	72000.00	870323.96	895834.42	0.00	0.08	0.00	36.55	10.89	0.24	0.13
134	23.00	61.00	1440.00	14400.00	72000.00	870323.96	895834.42	0.00	0.08	0.00	36.11	10.76	0.24	0.13
135	23.00	62.00	1440.00	14400.00	72000.00	870323.96	895834.42	0.00	0.08	0.00	35.69	10.64	0.24	0.13
136	23.00	63.00	1440.00	14400.00	72000.00	870323.96	895834.42	0.00	0.08	0.00	35.27	10.75	0.23	0.13
137	23.00	64.00	1440.00	14400.00	72000.00	870323.96	895834.42	0.00	0.08	0.00	34.87	10.71	0.23	0.13
138	23.00	65.00	1440.00	14400.00	72000.00	870323.96	895834.42	0.00	0.08	0.00	34.47	10.83	0.23	0.13
139	23.00	66.00	1440.00	14400.00	72000.00	870323.96	895834.42	0.00	0.08	0.00	34.08	10.79	0.22	0.13
140	23.00	67.00	1440.00	14400.00	72000.00	870323.96	895834.42	0.00	0.08	0.00	33.70	10.68	0.22	0.13
141	23.00	68.00	1440.00	14400.00	72000.00	870323.96	895834.42	0.00	0.08	0.00	33.33	10.67	0.22	0.13
142	23.00	69.00	1440.00	14400.00	72000.00	870323.96	895834.42	0.00	0.08	0.00	32.97	10.65	0.22	0.13
143	24.00	69.00	1440.00	14400.00	72000.00	870323.96	895834.42	0.00	0.08	0.00	32.62	10.53	0.22	0.13
144	24.00	70.00	1440.00	14400.00	72000.00	870323.96	895834.42	0.00	0.08	0.00	32.27	10.65	0.21	0.13
145	24.00	71.00	1440.00	14400.00	72000.00	870323.96	895834.42	0.00	0.08	0.00	31.93	10.54	0.21	0.13
146	25.00	71.00	1440.00	14400.00	72000.00	870323.96	888562.84	0.00	0.08	0.00	31.60	10.43	0.21	0.12
147	25.00	72.00	1440.00	14400.00	72000.00	870323.96	888562.84	0.00	0.08	0.00	31.27	10.39	0.21	0.12
148	25.00	73.00	1440.00	14400.00	72000.00	870323.96	888562.84	0.00	0.08	0.00	30.95	10.90	0.20	0.12
149	25.00	74.00	1440.00	14400.00	72000.00	870323.96	888562.84	0.00	0.08	0.00	30.64	10.80	0.20	0.12
150	26.00	74.00	1440.00	14400.00	72000.00	870323.96	888562.84	0.00	0.08	0.00	30.33	10.69	0.20	0.12
151	26.00	25.00	1440.00	14400.00	72000.00	870323.96	888562.84	0.00	0.08	0.00	0.02	1.50	0.00	0.12
152	27.00	25.00	1440.00	14400.00	72000.00	870323.96	888562.84	0.00	0.08	0.00	0.01	1.47	0.00	0.12
153	27.00	26.00	1440.00	14400.00	72000.00	870323.96	888562.84	0.00	0.08	0.00	0.01	1.50	0.00	0.12
154	27.00	27.00	1440.00	14400.00	72000.00	870323.96	888562.84	0.00	0.08	0.00	0.01	1.47	0.00	0.12
155	27.00	28.00	1440.00	14400.00	72000.00	870323.96	888562.84	0.00	0.08	0.00	0.01	1.45	0.00	0.12
156	27.00	29.00	1440.00	14400.00	72000.00	870323.96	888562.84	0.00	0.08	0.00	0.01	1.44	0.00	0.12
157	27.00	30.00	1440.00	14400.00	72000.00	870323.96	888562.84	0.00	0.08	0.00	0.01	1.62	0.00	0.12
158	27.00	31.00	1440.00	14400.00	72000.00	870323.96	888562.84	0.00	0.08	0.00	0.01	1.65	0.00	0.12
159	27.00	32.00	1440.00	14400.00	72000.00	870323.96	888562.84	0.00	0.08	0.00	0.01	1.70	0.00	0.12
160	28.00	32.00	1440.00	14400.00	72000.00	870323.96	888562.84	0.00	0.08	0.00	0.01	1.68	0.00	0.12
161	28.00	33.00	1440.00	14400.00	72000.00	870323.96	888562.84	0.00	0.08	0.00	0.01	1.67	0.00	0.12
162	28.00	34.00	1440.00	14400.00	72000.00	870323.96	888562.84	0.00	0.08	0.00	0.01	1.79	0.00	0.12
163	28.00	35.00	1440.00	14400.00	72000.00	870323.96	888562.84	0.00	0.08	0.00	0.01	1.81	0.00	0.12
164	29.00	35.00	1440.00	14400.00	72000.00	870323.96	888562.84	0.00	0.08	0.00	0.01	1.78	0.00	0.12
165	29.00	36.00	1440.00	14400.00	72000.00	870323.96	888562.84	0.00	0.08	0.00	0.01	2.16	0.00	0.12
166	29.00	37.00	1440.00	14400.00	72000.00	870323.96	888562.84	0.00	0.08	0.00	0.01	2.41	0.00	0.12
167	29.00	38.00	1440.00	14400.00	72000.00	870323.96	888562.84	0.00	0.08	0.00	0.01	2.44	0.00	0.12
168	30.00	38.00	1440.00	14400.00	72000.00	870323.96	888562.84	0.00	0.08	0.00	0.01	2.41	0.00	0.12
169	31.00	38.00	1440.00	14400.00	72000.00	870323.96	888562.84	0.00	0.08	0.00	0.01	2.37	0.00	0.12
170	31.00	39.00	1440.00	14400.00	72000.00	870323.96	888562.84	0.00	0.08	0.00	0.01	2.39	0.00	0.12
171	31.00	40.00	1440.00	14400.00	72000.00	870323.96	888562.84	0.00	0.08	0.00	0.01	2.66	0.00	0.12
172	31.00	41.00	1440.00	14400.00	72000.00	870323.96	888562.84	0.00	0.08	0.00	0.01	2.70	0.00	0.12
173	32.00	41.00	1440.00	14400.00	72000.00	870323.96	888562.84	0.00	0.08	0.00	0.01	2.66	0.00	0.12
174	32.00	42.00	1440.00	14400.00	72000.00	870323.96	888562.84	0.00	0.08	0.00	0.01	2.72	0.00	0.12
175	32.00	43.00	1440.00	14400.00	72000.00	870323.96	888562.84	0.00	0.08	0.00	0.02	2.73	0.00	0.12
176	32.00	44.00	1440.00	14400.00	72000.00	870323.96	888562.84	0.00	0.08	0.00	0.02	2.71	0.00	0.12
177	33.00	44.00	1440.00	14400.00	72000.00	870323.96	888562.84	0.00	0.08	0.00	0.02	2.68	0.00	0.12
178	33.00	45.00	1440.00	14400.00	72000.00	870323.96	888562.84	0.00	0.08	0.00	0.02	2.65	0.00	0.12
179	33.00	46.00	1440.00	14400.00	72000.00	870323.96	888562.84	0.00	0.08	0.00	0.02	2.62	0.00	0.12
180	33.00	47.00	1440.00	14400.00	72000.00	870323.96	888562.84	0.00	0.08	0.00	0.02	2.73	0.00	0.12
181	33.00	48.00	1440.00	14400.00	72000.00	870323.96	888562.84	0.00	0.08	0.00	0.02	2.82	0.00	0.12
182	33.00	49.00	1440.00	14400.00	72000.00	870323.96	888562.84	0.00	0.08	0.00	0.02	2.81	0.00	0.12
183	34.00	49.00	1440.00	14400.00	72000.00	870323.96	888562.84	0.00	0.08	0.00	0.02	2.78	0.00	0.12
184	35.00	49.00	1440.00	14400.00	72000.00	870323.96	888562.84	0.00	0.08	0.00	0.02	2.74	0.00	0.12
185	36.00	49.00	1440.00	14400.00	72000.00	870323.96	888562.84	0.00	0.08	0.00	0.02	2.71	0.00	0.12
186	36.00	50.00	1440.00	14400.00	72000.00	870323.96	888562.84	0.00	0.08	0.00	0.02	2.70	0.00	0.12
187	37.00	50.00	1440.00	14400.00	72000.00	870323.96	888562.84	0.00	0.08	0.00	0.02	2.67	0.00	0.12
188	37.00	51.00	1440.00	14400.00	72000.00	870323.96	888562.84	0.00	0.08	0.00	0.02	2.64	0.00	0.12
189	37.00	52.00	1440.00	14400.00	72000.00	870323.96	888562.84	0.00	0.08	0.00	0.02	2.65	0.00	0.12
190	37.00	53.00	1440.00	14400.00	72000.00	870323.96	888562.84	0.00	0.08	0.00	0.02	2.62	0.00	0.12
191	37.00	54.00	1440.00	14400.00	72000.00	870323.96	888562.84	0.00	0.08	0.00	0.02	2.60	0.00	0.12
192	37.00	55.00	1440.00	14400.00	72000.00	870323.96	888562.84	0.00	0.08	0.00	0.02	2.60	0.00	0.12
193	38.00	55.00	1440.00	14400.00	72000.00	870323.96	888562.84	0.00	0.08	0.00	0.02	2.58	0.00	0.12
194	38.00	56.00	1440.00	14400.00	72000.00	870323.96	888562.84	0.00	0.08	0.00	0.02	2.65	0.00	0.12
195	38.00	57.00	1440.00	14400.00	72000.00	870323.96	888562.84	0.00	0.08	0.00	0.02	2.86	0.00	0.12
196	38.00	58.00	1440.00	14400.00	72000.00	870323.96	888562.84	0.00	0.08	0.00	0.02	2.87	0.00	0.12
197	39.00	58.00	1440.00	14400.00	72000.00	870323.96	888562.84	0.00	0.08	0.00	0.02	2.84	0.00	0.12
198	40.00	58.00	1440.00	14400.00	72000.00	870323.96	888562.84	0.00	0.08	0.00	0.02	2.81	0.00	0.12
199	40.00	59.00	1440.00	14400.00	72000.00	870323.96	888562.84	0.00	0.08	0.00	0.02	2.88	0.00	0.12
200	41.00	59.00	1440.00	14400.00	72000.00	870323.96	888562.84	0.00	0.08	0.00	0.02	2.85	0.00	0.12
201	41.00	60.00	1728.00	17280.00	86400.00	870554.36	888562.84	0.00	0.08	0.00	0.02	2.87	0.00	0.12
202	42.00	60.00	1728.00	17280.00	86400.00	870554.36	888562.84	0.00	0.08	0.00	0.02	2.85	0.00	0.12
203	42.00	61.00	1728.00	17280.00	86400.00	870554.36	888562.84	0.00	0.08	0.00	0.02	2.83	0.00	0.12
204	42.00	62.00	1728.00	17280.00	86400.00	870554.36	888562.84	0.00	0.08	0.00	0.01	2.82	0.00	0.12
205	42.00	63.00	1728.00	17280.00	86400.00	870554.36	888562.84	0.00	0.08	0.00	0.01	3.00	0.00	0.12
206	42.00	64.00	1728.00	17280.00	86400.00	870554.36	888562.84	0.00	0.08	0.00	0.01	3.01	0.00	0.12
207	42.00	65.00	1728.00	17280.00	86400.00	870554.36	888562.84	0.00	0.08	0.00	0.01	3.01	0.00	0.12
208	43.00	65.00	1728.00	17280.00	86400.00	870554.36	888562.84	0.00	0.08	0.00	0.01	2.98	0.00	0.12
209	44.00	65.00	1728.00	17280.00	86400.00	870554.36	888562.84	0.00	0.08	0.00	0.01	2.95	0.00	0.12
210	45.00	65.00	1728.00	17280.00	86400.00	870554.36	888562.84	0.00	0.08	0.00	0.01	2.92	0.00	0.12
211	45.00	66.00	1728.00	17280.00	86400.00	870554.36	888562.84	0.00	0.08	0.00	0.01	2.94	0.00	0.12
212	46.00	66.00	1728.00	17280.00	86400.00	870554.36	888562.84	0.00	0.08	0.00	0.01	2.91	0.00	0.12
213	46.00	67.00	1728.00	17280.00	86400.00	870554.36	888562.84	0.00	0.08	0.00	0.01	2.96	0.00	0.12
214	47.00	67.00	1728.00	17280.00	86400.00	859476.52	859476.52	0.00	0.00	0.00	0.01	2.94	0.00	0.08
215	47.00	68.00	1728.00	17280.00	86400.00	859476.52	859476.52	0.00	0.00	0.00	0.01	2.93	0.00	0.08
216	47.00	69.00	1728.00	17280.00	86400.00	859476.52	859476.52	0.00	0.00	0.00	0.01	2.94	0.00	0.08
217	48.00	69.00	1728.00	17280.00	86400.00	859476.52	859476.52	0.00	0.00	0.00	0.01	2.92	0.00	0.08
218	48.00	70.00	1728.00	17280.00	86400.00	859476.52	859476.52	0.00	0.00	0.00	0.01	3.09	0.00	0.08
219	49.00	70.00	1728.00	17280.00	86400.00	859476.52	859476.52	0.00	0.00	0.00	0.01	3.06	0.00	0.08
220	50.00	70.00	1728.00	17280.00	86400.00	859476.52	859476.52	0.00	0.00	0.00	0.01	3.04	0.00	0.08
221	51.00	70.00	1728.00	17280.00	86400.00	859476.52	859476.52	0.00	0.00	0.00	0.01	3.01	0.00	0.08
222	51.00	71.00	1728.00	17280.00	86400.00	859476.52	859476.52	0.00	0.00	0.00	0.01	3.14	0.00	0.08
223	52.00	71.00	1728.00	17280.00	86400.00	859476.52	859476.52	0.00	0.00	0.00	0.01	3.12	0.00	0.08
224	53.00	71.00	1728.00	17280.00	86400.00	859476.52	859476.52	0.00	0.00	0.00	0.01	3.09	0.00	0.08
225	54.00	71.00	1728.00	17280.00	86400.00	859476.52	859476.52	0.00	0.00	0.00	0.01	3.07	0.00	0.08
226	54.00	72.00	1728.00	17280.00	86400.00	859476.52	859476.52	0.00	0.00	0.00	0.01	3.05	0.00	0.08
227	55.00	72.00	1728.00	17280.00	86400.00	859476.52	859476.52	0.00	0.00	0.00	0.01	3.03	0.00	0.08
228	55.00	73.00	1728.00	17280.00	86400.00	859476.52	859476.52	0.00	0.00	0.00	0.01	3.04	0.00	0.08
229	56.00	73.00	1728.00	17280.00	86400.00	859476.52	859476.52	0.00	0.00	0.00	0.01	3.02	0.00	0.08
230	57.00	73.00	1728.00	17280.00	86400.00	859476.52	859476.52	0.00	0.00	0.00	0.01	2.99	0.00	0.08
231	57.00	74.00	1728.00	17280.00	86400.00	859476.52	859476.52	0.00	0.00	0.00	0.01	3.00	0.00	0.08
232	58.00	74.00	1728.00	17280.00	86400.00	859476.52	859476.52	0.00	0.00	0.00	0.01	2.98	0.00	0.08
233	59.00	74.00	1728.00	17280.00	86400.00	859476.52	859476.52	0.00	0.00	0.00	0.01	2.96	0.00	0.08
234	59.00	25.00	1728.00	17280.00	86400.00	859476.52	859476.52	0.00	0.00	0.00	0.02	0.36	0.00	0.08
235	60.00	25.00	1728.00	17280.00	86400.00	854628.80	854628.80	0.00	0.00	0.00	0.02	0.36	0.00	0.08
236	60.00	26.00	1728.00	17280.00	86400.00	854628.80	854628.80	0.00	0.00	0.00	0.02	0.37	0.00	0.08
237	60.00	27.00	1728.00	17280.00	86400.00	854628.80	854628.80	0.00	0.00	0.00	0.02	0.40	0.00	0.08
238	61.00	27.00	1728.00	17280.00	86400.00	854628.80	854628.80	0.00	0.00	0.00	0.02	0.40	0.00	0.08
239	61.00	28.00	1728.00	17280.00	86400.00	854628.80	854628.80	0.00	0.00	0.00	0.02	0.42	0.00	0.08
240	61.00	29.00	1728.00	17280.00	86400.00	854628.80	854628.80	0.00	0.00	0.00	0.02	0.48	0.00	0.08
241	61.00	30.00	1728.00	17280.00	86400.00	854628.80	854628.80	0.00	0.00	0.00	0.02	0.73	0.00	0.08
242	62.00	30.00	1728.00	17280.00	86400.00	854628.80	854628.80	0.00	0.00	0.00	0.02	0.73	0.00	0.08
243	63.00	30.00	1728.00	17280.00	86400.00	854628.80	854628.80	0.00	0.00	0.00	0.02	0.72	0.00	0.08
244	63.00	31.00	1728.00	17280.00	86400.00	854628.80	854628.80	0.00	0.00	0.00	0.02	0.95	0.00	0.08
245	63.00	32.00	1728.00	17280.00	86400.00	854628.80	854628.80	0.00	0.00	0.00	0.02	0.95	0.00	0.08
246	64.00	32.00	1728.00	17280.00	86400.00	849781.08	849781.08	0.00	0.00	0.00	0.02	0.94	0.00	0.07
247	64.00	33.00	1728.00	17280.00	86400.00	849781.08	849781.08	0.00	0.00	0.00	0.02	0.94	0.00	0.07
248	64.00	34.00	1728.00	17280.00	86400.00	849781.08	849781.08	0.00	0.00	0.00	0.02	0.94	0.00	0.07
249	65.00	34.00	1728.00	17280.00	86400.00	849781.08	849781.08	0.00	0.00	0.00	0.02	0.93	0.00	0.07
250	65.00	35.00	1728.00	17280.00	86400.00	849781.08	849781.08	0.00	0.00	0.00	0.02	1.28	0.00	0.07
251	65.00	36.00	1728.00	17280.00	86400.00	849781.08	849781.08	0.00	0.00	0.00	0.02	1.64	0.00	0.07
252	66.00	36.00	1728.00	17280.00	86400.00	849781.08	849781.08	0.00	0.00	0.00	0.02	1.63	0.00	0.07
253	67.00	36.00	1728.00	17280.00	86400.00	849781.08	849781.08	0.00	0.00	0.00	0.02	1.61	0.00	0.07
254	67.00	37.00	1728.00	17280.00	86400.00	849781.08	849781.08	0.00	0.00	0.00	0.01	1.82	0.00	0.07
255	68.00	37.00	1728.00	17280.00	86400.00	849781.08	849781.08	0.00	0.00	0.00	0.01	1.80	0.00	0.07
256	68.00	38.00	1728.00	17280.00	86400.00	849781.08	849781.08	0.00	0.00	0.00	0.01	1.84	0.00	0.07
257	69.00	38.00	1728.00	17280.00	86400.00	849781.08	849781.08	0.00	0.00	0.00	0.01	1.83	0.00	0.07
258	70.00	38.00	1728.00	17280.00	86400.00	849781.08	849781.08	0.00	0.00	0.00	0.01	1.81	0.00	0.07
259	70.00	39.00	1728.00	17280.00	86400.00	849781.08	849781.08	0.00	0.00	0.00	0.01	1.80	0.00	0.07
260	70.00	40.00	1728.00	17280.00	86400.00	849781.08	849781.08	0.00	0.00	0.00	0.01	1.81	0.00	0.07
261	71.00	40.00	1728.00	17280.00	86400.00	849781.08	849781.08	0.00	0.00	0.00	0.01	1.80	0.00	0.07
262	71.00	41.00	1728.00	17280.00	86400.00	849781.08	849781.08	0.00	0.00	0.00	0.01	1.79	0.00	0.07
263	71.00	42.00	1728.00	17280.00	86400.00	849781.08	849781.08	0.00	0.00	0.00	0.01	1.81	0.00	0.07
264	71.00	43.00	1728.00	17280.00	86400.00	849781.08	849781.08	0.00	0.00	0.00	0.01	1.79	0.00	0.07
265	71.00	44.00	1728.00	17280.00	86400.00	849781.08	849781.08	0.00	0.00	0.00	0.01	1.78	0.00	0.07
266	71.00	45.00	1728.00	17280.00	86400.00	849781.08	849781.08	0.00	0.00	0.00	0.01	1.80	0.00	0.07
267	72.00	45.00	1728.00	17280.00	86400.00	849781.08	849781.08	0.00	0.00	0.00	0.01	1.78	0.00	0.07
268	73.00	45.00	1728.00	17280.00	86400.00	849781.08	849781.08	0.00	0.00	0.00	0.01	1.77	0.00	0.07
269	73.00	46.00	1728.00	17280.00	86400.00	849781.08	849781.08	0.00	0.00	0.00	0.01	1.76	0.00	0.07
270	73.00	47.00	1728.00	17280.00	86400.00	849781.08	849781.08	0.00	0.00	0.00	0.01	1.78	0.00	0.07
271	74.00	47.00	1728.00	17280.00	86400.00	849781.08	849781.08	0.00	0.00	0.00	0.01	1.76	0.00	0.07
272	74.00	48.00	1728.00	17280.00	86400.00	849781.08	849781.08	0.00	0.00	0.00	0.01	1.75	0.00	0.07
273	74.00	49.00	1728.00	17280.00	86400.00	849781.08	849781.08	0.00	0.00	0.00	0.11	1.76	0.00	0.07
274	74.00	50.00	1728.00	17280.00	86400.00	849781.08	849781.08	0.00	0.00	0.00	0.11	2.01	0.00	0.07
275	74.00	51.00	1728.00	17280.00	86400.00	849781.08	849781.08	0.00	0.00	0.00	0.10	1.99	0.00	0.07
276	74.00	52.00	1728.00	17280.00	86400.00	849781.08	849781.08	0.00	0.00	0.00	0.10	2.02	0.00	0.07
277	25.00	52.00	1728.00	17280.00	86400.00	849781.08	849781.08	0.00	0.00	0.00	0.17	3.31	0.00	0.07
278	26.00	52.00	1728.00	17280.00	86400.00	849781.08	849781.08	0.00	0.00	0.00	0.17	3.27	0.00	0.07
279	26.00	53.00	1728.00	17280.00	86400.00	849781.08	849781.08	0.00	0.00	0.00	0.17	3.27	0.00	0.07
280	27.00	53.00	1728.00	17280.00	86400.00	849781.08	849781.08	0.00	0.00	0.00	0.16	3.23	0.00	0.07
281	27.00	54.00	1728.00	17280.00	86400.00	849781.08	849781.08	0.00	0.00	0.00	0.16	3.26	0.00	0.07
282	27.00	55.00	1728.00	17280.00	86400.00	849781.08	849781.08	0.00	0.00	0.00	0.16	3.22	0.00	0.07
283	28.00	55.00	1728.00	17280.00	86400.00	849781.08	849781.08	0.00	0.00	0.00	0.16	3.18	0.00	0.07
284	29.00	55.00	1728.00	17280.00	86400.00	849781.08	849781.08	0.00	0.00	0.00	0.16	3.14	0.00	0.07
285	29.00	56.00	1728.00	17280.00	86400.00	849781.08	849781.08	0.00	0.00	0.00	0.15	3.42	0.00	0.07
286	30.00	56.00	1728.00	17280.00	86400.00	849781.08	849781.08	0.00	0.00	0.00	0.15	3.38	0.00	0.07
287	31.00	56.00	1728.00	17280.00	86400.00	849781.08	849781.08	0.00	0.00	0.00	0.15	3.34	0.00	0.07
288	32.00	56.00	1728.00	17280.00	86400.00	849781.08	849781.08	0.00	0.00	0.00	0.15	3.30	0.00	0.07
289	33.00	56.00	1728.00	17280.00	86400.00	849781.08	849781.08	0.00	0.00	0.00	0.15	3.27	0.00	0.07
290	33.00	57.00	1728.00	17280.00	86400.00	849781.08	849781.08	0.00	0.00	0.00	0.15	3.35	0.00	0.07
291	33.00	58.00	1728.00	17280.00	86400.00	849781.08	849781.08	0.00	0.00	0.00	0.14	3.36	0.00	0.07
292	33.00	59.00	1728.00	17280.00	86400.00	849781.08	849781.08	0.00	0.00	0.00	0.14	3.33	0.00	0.07
293	33.00	60.00	1728.00	17280.00	86400.00	849781.08	849781.08	0.00	0.00	0.00	0.14	3.31	0.00	0.07
294	33.00	61.00	1728.00	17280.00	86400.00	849781.08	849781.08	0.00	0.00	0.00	0.14	3.32	0.00	0.07
295	33.00	62.00	1728.00	17280.00	86400.00	849781.08	849781.08	0.00	0.00	0.00	0.14	3.30	0.00	0.07
296	33.00	63.00	1728.00	17280.00	86400.00	849781.08	849781.08	0.00	0.00	0.00	0.14	3.31	0.00	0.07
297	34.00	63.00	1728.00	17280.00	86400.00	849781.08	849781.08	0.00	0.00	0.00	0.14	3.27	0.00	0.07
298	34.00	64.00	1728.00	17280.00	86400.00	849781.08	849781.08	0.00	0.00	0.00	0.13	3.24	0.00	0.07
299	34.00	65.00	1728.00	17280.00	86400.00	849781.08	849781.08	0.00	0.00	0.00	0.13	3.44	0.00	0.07
300	34.00	66.00	1728.00	17280.00	86400.00	849781.08	849781.08	0.00	0.00	0.00	0.13	3.42	0.00	0.07
301	35.00	66.00	2073.60	20736.00	73440.00	849781.08	849781.08	0.00	0.00	0.00	0.13	3.38	0.00	0.07
302	35.00	67.00	2073.60	20736.00	73440.00	849781.08	849781.08	0.00	0.00	0.00	0.13	3.62	0.00	0.07
303	35.00	68.00	2073.60	20736.00	73440.00	849781.08	849781.08	0.00	0.00	0.00	0.13	3.79	0.00	0.07
304	36.00	68.00	2073.60	20736.00	73440.00	849781.08	849781.08	0.00	0.00	0.00	0.13	3.76	0.00	0.07
305	37.00	68.00	2073.60	20736.00	73440.00	849781.08	849781.08	0.00	0.00	0.00	0.12	3.72	0.00	0.07
306	37.00	69.00	2073.60	20736.00	73440.00	849781.08	849781.08	0.00	0.00	0.00	0.12	4.07	0.00	0.07
307	38.00	69.00	2073.60	20736.00	73440.00	849781.08	849781.08	0.00	0.00	0.00	0.12	4.03	0.00	0.07
308	38.00	70.00	2073.60	20736.00	73440.00	849781.08	849781.08	0.00	0.00	0.00	0.12	4.22	0.00	0.07
309	39.00	70.00	2073.60	20736.00	73440.00	849781.08	849781.08	0.00	0.00	0.00	0.12	4.18	0.00	0.07
310	39.00	71.00	2073.60	20736.00	73440.00	849781.08	849781.08	0.00	0.00	0.00	0.12	4.49	0.00	0.07
311	40.00	71.00	2073.60	20736.00	73440.00	849781.08	849781.08	0.00	0.00	0.00	0.12	4.45	0.00	0.07
312	41.00	71.00	2073.60	20736.00	73440.00	849781.08	849781.08	0.00	0.00	0.00	0.12	4.41	0.00	0.07
313	41.00	72.00	2073.60	20736.00	73440.00	849781.08	849781.08	0.00	0.00	0.00	0.12	4.38	0.00	0.07
314	41.00	73.00	2073.60	20736.00	73440.00	849781.08	849781.08	0.00	0.00	0.00	0.12	4.44	0.00	0.07
315	41.00	74.00	2073.60	20736.00	73440.00	849781.08	849781.08	0.00	0.00	0.00	0.11	4.41	0.00	0.07
316	41.00	25.00	2073.60	20736.00	73440.00	849781.08	849781.08	0.00	0.00	0.00	0.01	1.56	0.00	0.07
317	41.00	26.00	2073.60	20736.00	73440.00	849781.08	849781.08	0.00	0.00	0.00	0.01	1.89	0.00	0.07
318	42.00	26.00	2073.60	20736.00	73440.00	849781.08	849781.08	0.00	0.00	0.00	0.01	1.86	0.00	0.07
319	42.00	27.00	2073.60	20736.00	73440.00	849781.08	849781.08	0.00	0.00	0.00	0.01	1.92	0.00	0.07
320	42.00	28.00	2073.60	20736.00	73440.00	849781.08	849781.08	0.00	0.00	0.00	0.01	1.99	0.00	0.07
321	43.00	28.00	2073.60	20736.00	73440.00	849781.08	849781.08	0.00	0.00	0.00	0.01	1.96	0.00	0.07
322	43.00	29.00	2073.60	20736.00	73440.00	849781.08	849781.08	0.00	0.00	0.00	0.01	2.30	0.00	0.07
323	44.00	29.00	2073.60	20736.00	73440.00	849781.08	849781.08	0.00	0.00	0.00	0.01	2.26	0.00	0.07
324	44.00	30.00	2073.60	20736.00	73440.00	849781.08	849781.08	0.00	0.00	0.00	0.01	2.69	0.00	0.07
325	45.00	30.00	2073.60	20736.00	73440.00	849781.08	849781.08	0.00	0.00	0.00	0.01	2.65	0.00	0.07
326	45.00	31.00	2073.60	20736.00	73440.00	849781.08	849781.08	0.00	0.00	0.00	0.01	2.63	0.00	0.07
327	45.00	32.00	2073.60	20736.00	73440.00	849781.08	849781.08	0.00	0.00	0.00	0.01	2.60	0.00	0.07
328	45.00	33.00	2073.60	20736.00	73440.00	849781.08	849781.08	0.00	0.00	0.00	0.01	2.62	0.00	0.07
329	45.00	34.00	2073.60	20736.00	73440.00	849781.08	849781.08	0.00	0.00	0.00	0.01	2.61	0.00	0.07
330	46.00	34.00	2073.60	20736.00	73440.00	849781.08	849781.08	0.00	0.00	0.00	0.01	2.58	0.00	0.07
331	47.00	34.00	2073.60	20736.00	73440.00	849781.08	849781.08	0.00	0.00	0.00	0.01	2.55	0.00	0.07
332	47.00	35.00	2073.60	20736.00	73440.00	849781.08	849781.08	0.00	0.00	0.00	0.01	2.74	0.00	0.07
333	47.00	36.00	2073.60	20736.00	73440.00	849781.08	849781.08	0.00	0.00	0.00	0.01	2.99	0.00	0.07
334	47.00	37.00	2073.60	20736.00	73440.00	849781.08	849781.08	0.00	0.00	0.00	0.01	3.00	0.00	0.07
335	48.00	37.00	2073.60	20736.00	73440.00	849781.08	849781.08	0.00	0.00	0.00	0.01	2.96	0.00	0.07
336	49.00	37.00	2073.60	20736.00	73440.00	849781.08	849781.08	0.00	0.00	0.00	0.01	2.93	0.00	0.07
337	49.00	38.00	2073.60	20736.00	73440.00	849781.08	849781.08	0.00	0.00	0.00	0.01	2.91	0.00	0.07
338	49.00	39.00	2073.60	20736.00	73440.00	849781.08	849781.08	0.00	0.00	0.00	0.01	2.92	0.00	0.07
339	50.00	39.00	2073.60	20736.00	73440.00	849781.08	849781.08	0.00	0.00	0.00	0.01	2.88	0.00	0.07
340	51.00	39.00	2073.60	20736.00	73440.00	849781.08	849781.08	0.00	0.00	0.00	0.01	2.85	0.00	0.07
341	51.00	40.00	2073.60	20736.00	73440.00	849781.08	849781.08	0.00	0.00	0.00	0.01	2.83	0.00	0.07
342	51.00	41.00	2073.60	20736.00	73440.00	849781.08	849781.08	0.00	0.00	0.00	0.01	2.81	0.00	0.07
343	51.00	42.00	2073.60	20736.00	73440.00	849781.08	849781.08	0.00	0.00	0.00	0.01	3.04	0.00	0.07
344	51.00	43.00	2073.60	20736.00	73440.00	849781.08	849781.08	0.00	0.00	0.00	0.01	3.05	0.00	0.07
345	52.00	43.00	2073.60	20736.00	73440.00	849781.08	849781.08	0.00	0.00	0.00	0.01	3.02	0.00	0.07
346	52.00	44.00	2073.60	20736.00	73440.00	849781.08	849781.08	0.00	0.00	0.00	0.01	3.03	0.00	0.07
347	52.00	45.00	2073.60	20736.00	73440.00	849781.08	849781.08	0.00	0.00	0.00	0.01	3.02	0.00	0.07
348	52.00	46.00	2073.60	20736.00	73440.00	849781.08	849781.08	0.00	0.00	0.00	0.01	3.05	0.00	0.07
349	52.00	47.00	2073.60	20736.00	73440.00	849781.08	849781.08	0.00	0.00	0.00	0.01	3.02	0.00	0.07
350	53.00	47.00	2073.60	20736.00	73440.00	849781.08	849781.08	0.00	0.00	0.00	0.01	2.99	0.00	0.07
351	53.00	48.00	2073.60	20736.00	73440.00	849781.08	849781.08	0.00	0.00	0.00	0.01	2.99	0.00	0.07
352	54.00	48.00	2073.60	20736.00	73440.00	849781.08	849781.08	0.00	0.00	0.00	0.01	2.97	0.00	0.07
353	55.00	48.00	2073.60	20736.00	73440.00	849781.08	849781.08	0.00	0.00	0.00	0.01	2.94	0.00	0.07
354	56.00	48.00	2073.60	20736.00	73440.00	849781.08	849781.08	0.00	0.00	0.00	0.01	2.91	0.00	0.07
355	57.00	48.00	2073.60	20736.00	73440.00	849781.08	849781.08	0.00	0.00	0.00	0.01	2.88	0.00	0.07
356	58.00	48.00	2073.60	20736.00	73440.00	849781.08	849781.08	0.00	0.00	0.00	0.01	2.85	0.00	0.07
357	58.00	49.00	2073.60	20736.00	73440.00	849781.08	849781.08	0.00	0.00	0.00	0.01	2.85	0.00	0.07
358	59.00	49.00	2073.60	20736.00	73440.00	849781.08	849781.08	0.00	0.00	0.00	0.01	2.82	0.00	0.07
359	60.00	49.00	2073.60	20736.00	73440.00	849781.08	849781.08	0.00	0.00	0.00	0.01	2.80	0.00	0.07
360	61.00	49.00	2073.60	20736.00	73440.00	849781.08	849781.08	0.00	0.00	0.00	0.01	2.77	0.00	0.07
361	61.00	50.00	2073.60	20736.00	73440.00	849781.08	849781.08	0.00	0.00	0.00	0.01	3.00	0.00	0.07
362	61.00	51.00	2073.60	20736.00	73440.00	849781.08	849781.08	0.00	0.00	0.00	0.01	3.03	0.00	0.07
363	61.00	52.00	2073.60	20736.00	73440.00	849781.08	849781.08	0.00	0.00	0.00	0.01	3.22	0.00	0.07
364	61.00	53.00	2073.60	20736.00	73440.00	849781.08	849781.08	0.00	0.00	0.00	0.01	3.30	0.00	0.07
365	62.00	53.00	2073.60	20736.00	73440.00	849781.08	849781.08	0.00	0.00	0.00	0.01	3.27	0.00	0.07
366	62.00	54.00	2073.60	20736.00	73440.00	849781.08	849781.08	0.00	0.00	0.00	0.01	3.24	0.00	0.07
367	63.00	54.00	2073.60	20736.00	73440.00	849781.08	849781.08	0.00	0.00	0.00	0.01	3.22	0.00	0.07
368	63.00	55.00	2073.60	20736.00	73440.00	849781.08	849781.08	0.00	0.00	0.00	0.01	3.38	0.00	0.07
369	63.00	56.00	2073.60	20736.00	73440.00	849781.08	849781.08	0.00	0.00	0.00	0.01	3.37	0.00	0.07
370	63.00	57.00	2073.60	20736.00	73440.00	849781.08	849781.08	0.00	0.00	0.00	0.01	3.34	0.00	0.07
371	64.00	57.00	2073.60	20736.00	73440.00	849781.08	849781.08	0.00	0.00	0.00	0.01	3.31	0.00	0.07
372	64.00	58.00	2073.60	20736.00	73440.00	849781.08	849781.08	0.00	0.00	0.00	0.01	3.31	0.00	0.07
373	65.00	58.00	2073.60	20736.00	73440.00	849781.08	849781.08	0.00	0.00	0.00	0.01	3.28	0.00	0.07
374	65.00	59.00	2073.60	20736.00	73440.00	849781.08	849781.08	0.00	0.00	0.00	0.01	3.29	0.00	0.07
375	65.00	60.00	2073.60	20736.00	73440.00	849781.08	849781.08	0.00	0.00	0.00	0.01	3.31	0.00	0.07
376	65.00	61.00	2073.60	20736.00	73440.00	849781.08	849781.08	0.00	0.00	0.00	0.01	3.33	0.00	0.07
377	65.00	62.00	2073.60	20736.00	73440.00	849781.08	849781.08	0.00	0.00	0.00	0.01	3.33	0.00	0.07
378	66.00	62.00	2073.60	20736.00	73440.00	849781.08	849781.08	0.00	0.00	0.00	0.01	3.30	0.00	0.07
379	66.00	63.00	2073.60	20736.00	73440.00	849781.08	849781.08	0.00	0.00	0.00	0.01	3.28	0.00	0.07
380	67.00	63.00	2073.60	20736.00	73440.00	849781.08	849781.08	0.00	0.00	0.00	0.01	3.25	0.00	0.07
381	68.00	63.00	2073.60	20736.00	73440.00	849781.08	849781.08	0.00	0.00	0.00	0.01	3.23	0.00	0.07
382	69.00	63.00	2073.60	20736.00	73440.00	849781.08	849781.08	0.00	0.00	0.00	0.01	3.20	0.00	0.07
383	69.00	64.00	2073.60	20736.00	73440.00	849781.08	849781.08	0.00	0.00	0.00	0.01	3.19	0.00	0.07
384	70.00	64.00	2073.60	20736.00	73440.00	849781.08	849781.08	0.00	0.00	0.00	0.01	3.16	0.00	0.07
385	70.00	65.00	2073.60	20736.00	73440.00	849781.08	849781.08	0.00	0.00	0.00	0.01	3.17	0.00	0.07
386	71.00	65.00	2073.60	20736.00	73440.00	849781.08	849781.08	0.00	0.00	0.00	0.01	3.15	0.00	0.07
387	72.00	65.00	2073.60	20736.00	73440.00	849781.08	849781.08	0.00	0.00	0.00	0.01	3.13	0.00	0.07
388	73.00	65.00	2073.60	20736.00	73440.00	849781.08	849781.08	0.00	0.00	0.00	0.01	3.10	0.00	0.07
389	74.00	65.00	2073.60	20736.00	73440.00	849781.08	849781.08	0.00	0.00	0.00	0.01	3.08	0.00	0.07
390	74.00	66.00	2073.60	20736.00	73440.00	849781.08	849781.08	0.00	0.00	0.00	0.01	3.09	0.00	0.07
391	25.00	66.00	2073.60	20736.00	73440.00	849781.08	849781.08	0.00	0.00	0.00	0.01	4.76	0.00	0.07
392	25.00	67.00	2073.60	20736.00	73440.00	849781.08	849781.08	0.00	0.00	0.00	0.01	4.76	0.00	0.07
393	25.00	68.00	2073.60	20736.00	73440.00	849781.08	849781.08	0.00	0.00	0.00	0.01	4.72	0.00	0.07
394	25.00	69.00	2073.60	20736.00	73440.00	849781.08	849781.08	0.00	0.00	0.00	0.01	4.68	0.00	0.07
395	25.00	70.00	2073.60	20736.00	73440.00	849781.08	849781.08	0.00	0.00	0.00	0.01	4.97	0.00	0.07
396	25.00	71.00	2073.60	20736.00	73440.00	849781.08	849781.08	0.00	0.00	0.00	0.01	4.93	0.00	0.07
397	25.00	72.00	2073.60	20736.00	73440.00	849781.08	849781.08	0.00	0.00	0.00	0.01	4.97	0.00	0.07
398	26.00	72.00	2073.60	20736.00	73440.00	849781.08	849781.08	0.00	0.00	0.00	0.01	4.92	0.00	0.07
399	27.00	72.00	2073.60	20736.00	73440.00	849781.08	849781.08	0.00	0.00	0.00	0.01	4.87	0.00	0.07
400	27.00	73.00	2073.60	20736.00	73440.00	849781.08	849781.08	0.00	0.00	0.00	0.01	4.83	0.00	0.07
401	28.00	73.00	1762.56	24883.20	62424.00	849781.08	849781.08	0.00	0.00	0.00	0.01	4.78	0.00	0.07
402	28.00	74.00	1762.56	24883.20	62424.00	849781.08	849781.08	0.00	0.00	0.00	0.02	4.74	0.00	0.07
403	28.00	25.00	1762.56	24883.20	62424.00	849781.08	849781.08	0.00	0.00	0.00	0.03	1.30	0.00	0.07
404	28.00	26.00	1762.56	24883.20	62424.00	849781.08	849781.08	0.00	0.00	0.00	0.03	1.30	0.00	0.07
405	28.00	27.00	1762.56	24883.20	62424.00	849781.08	849781.08	0.00	0.00	0.00	0.03	1.33	0.00	0.07
406	28.00	28.00	1762.56	24883.20	62424.00	849781.08	849781.08	0.00	0.00	0.00	0.03	1.31	0.00	0.07
407	28.00	29.00	1762.56	24883.20	62424.00	849781.08	849781.08	0.00	0.00	0.00	0.03	1.29	0.00	0.07
408	28.00	30.00	1762.56	24883.20	62424.00	849781.08	849781.08	0.00	0.00	0.00	0.03	1.97	0.00	0.07
409	29.00	30.00	1762.56	24883.20	62424.00	849781.08	849781.08	0.00	0.00	0.00	0.03	1.94	0.00	0.07
410	30.00	30.00	1762.56	24883.20	62424.00	849781.08	849781.08	0.00	0.00	0.00	0.03	1.91	0.00	0.07
411	30.00	31.00	1762.56	24883.20	62424.00	849781.08	849781.08	0.00	0.00	0.00	0.03	2.30	0.00	0.07
412	31.00	31.00	1762.56	24883.20	62424.00	849781.08	849781.08	0.00	0.00	0.00	0.03	2.26	0.00	0.07
413	31.00	32.00	1762.56	24883.20	62424.00	849781.08	849781.08	0.00	0.00	0.00	0.04	2.23	0.00	0.07
414	32.00	32.00	1762.56	24883.20	62424.00	849781.08	849781.08	0.00	0.00	0.00	0.04	2.20	0.00	0.07
415	33.00	32.00	1762.56	24883.20	62424.00	849781.08	849781.08	0.00	0.00	0.00	0.04	2.17	0.00	0.07
416	33.00	33.00	1762.56	24883.20	62424.00	849781.08	849781.08	0.00	0.00	0.00	0.04	2.20	0.00	0.07
417	34.00	33.00	1762.56	24883.20	62424.00	849781.08	849781.08	0.00	0.00	0.00	0.03	2.17	0.00	0.07
418	34.00	34.00	1762.56	24883.20	62424.00	849781.08	849781.08	0.00	0.00	0.00	0.03	2.14	0.00	0.07
419	35.00	34.00	1762.56	24883.20	62424.00	849781.08	849781.08	0.00	0.00	0.00	0.03	2.11	0.00	0.07
420	36.00	34.00	1762.56	24883.20	62424.00	849781.08	849781.08	0.00	0.00	0.00	0.03	2.08	0.00	0.07
421	37.00	34.00	1762.56	24883.20	62424.00	849781.08	849781.08	0.00	0.00	0.00	0.03	2.05	0.00	0.07
422	38.00	34.00	1762.56	24883.20	62424.00	849781.08	849781.08	0.00	0.00	0.00	0.03	2.02	0.00	0.07
423	39.00	34.00	1762.56	24883.20	62424.00	849781.08	849781.08	0.00	0.00	0.00	0.03	2.00	0.00	0.07
424	40.00	34.00	1762.56	24883.20	62424.00	849781.08	849781.08	0.00	0.00	0.00	0.03	1.97	0.00	0.07
425	41.00	34.00	1762.56	24883.20	62424.00	849781.08	849781.08	0.00	0.00	0.00	0.03	1.94	0.00	0.07
426	42.00	34.00	1762.56	24883.20	62424.00	849781.08	849781.08	0.00	0.00	0.00	0.03	1.92	0.00	0.07
427	43.00	34.00	1762.56	24883.20	62424.00	849781.08	849781.08	0.00	0.00	0.00	0.03	1.89	0.00	0.07
428	43.00	35.00	1762.56	24883.20	62424.00	849781.08	849781.08	0.00	0.00	0.00	0.03	1.90	0.00	0.07
429	43.00	36.00	1762.56	24883.20	62424.00	849781.08	849781.08	0.00	0.00	0.00	0.03	1.90	0.00	0.07
430	44.00	36.00	1762.56	24883.20	62424.00	849781.08	849781.08	0.00	0.00	0.00	0.03	1.88	0.00	0.07
431	44.00	37.00	1762.56	24883.20	62424.00	849781.08	849781.08	0.00	0.00	0.00	0.03	2.14	0.00	0.07
432	45.00	37.00	1762.56	24883.20	62424.00	849781.08	849781.08	0.00	0.00	0.00	0.03	2.11	0.00	0.07
433	45.00	38.00	1762.56	24883.20	62424.00	849781.08	849781.08	0.00	0.00	0.00	0.03	2.10	0.00	0.07
434	45.00	39.00	1762.56	24883.20	62424.00	849781.08	849781.08	0.00	0.00	0.00	0.03	2.08	0.00	0.07
435	45.00	40.00	1762.56	24883.20	62424.00	849781.08	849781.08	0.00	0.00	0.00	0.03	2.35	0.00	0.07
436	46.00	40.00	1762.56	24883.20	62424.00	849781.08	849781.08	0.00	0.00	0.00	0.03	2.32	0.00	0.07
437	46.00	41.00	1762.56	24883.20	62424.00	849781.08	849781.08	0.00	0.00	0.00	0.03	2.32	0.00	0.07
438	46.00	42.00	1762.56	24883.20	62424.00	849781.08	849781.08	0.00	0.00	0.00	0.03	2.45	0.00	0.07
439	47.00	42.00	1762.56	24883.20	62424.00	849781.08	849781.08	0.00	0.00	0.00	0.03	2.42	0.00	0.07
440	47.00	43.00	1762.56	24883.20	62424.00	849781.08	849781.08	0.00	0.00	0.00	0.03	2.63	0.00	0.07
441	47.00	44.00	1762.56	24883.20	62424.00	849781.08	849781.08	0.00	0.00	0.00	0.03	2.62	0.00	0.07
442	48.00	44.00	1762.56	24883.20	62424.00	849781.08	849781.08	0.00	0.00	0.00	0.03	2.59	0.00	0.07
443	48.00	45.00	1762.56	24883.20	62424.00	849781.08	849781.08	0.00	0.00	0.00	0.03	2.56	0.00	0.07
444	49.00	45.00	1762.56	24883.20	62424.00	849781.08	849781.08	0.00	0.00	0.00	0.03	2.53	0.00	0.07
445	50.00	45.00	1762.56	24883.20	62424.00	849781.08	849781.08	0.00	0.00	0.00	0.03	2.51	0.00	0.07
446	51.00	45.00	1762.56	24883.20	62424.00	849781.08	849781.08	0.00	0.00	0.00	0.03	2.48	0.00	0.07
447	51.00	46.00	1762.56	24883.20	62424.00	849781.08	849781.08	0.00	0.00	0.00	0.03	2.68	0.00	0.07
448	52.00	46.00	1762.56	24883.20	62424.00	849781.08	849781.08	0.00	0.00	0.00	0.03	2.65	0.00	0.07
449	52.00	47.00	1762.56	24883.20	62424.00	849781.08	849781.08	0.00	0.00	0.00	0.03	2.63	0.00	0.07
450	53.00	47.00	1762.56	24883.20	62424.00	849781.08	849781.08	0.00	0.00	0.00	0.03	2.60	0.00	0.07
451	54.00	47.00	1762.56	24883.20	62424.00	849781.08	849781.08	0.00	0.00	0.00	0.03	2.58	0.00	0.07
452	54.00	48.00	1762.56	24883.20	62424.00	849781.08	849781.08	0.00	0.00	0.00	0.03	2.76	0.00	0.07
453	55.00	48.00	1762.56	24883.20	62424.00	849781.08	849781.08	0.00	0.00	0.00	0.03	2.73	0.00	0.07
454	55.00	49.00	1762.56	24883.20	62424.00	849781.08	849781.08	0.00	0.00	0.00	0.03	2.70	0.00	0.07
455	56.00	49.00	1762.56	24883.20	62424.00	849781.08	849781.08	0.00	0.00	0.00	0.03	2.68	0.00	0.07
456	56.00	50.00	1762.56	24883.20	62424.00	849781.08	849781.08	0.00	0.00	0.00	0.03	2.68	0.00	0.07
457	57.00	50.00	1762.56	24883.20	62424.00	849781.08	849781.08	0.00	0.00	0.00	0.03	2.65	0.00	0.07
458	57.00	51.00	1762.56	24883.20	62424.00	849781.08	849781.08	0.00	0.00	0.00	0.03	2.67	0.00	0.07
459	57.00	52.00	1762.56	24883.20	62424.00	849781.08	849781.08	0.00	0.00	0.00	0.10	2.84	0.01	0.07
460	57.00	53.00	1762.56	24883.20	62424.00	849781.08	849781.08	0.00	0.00	0.00	0.10	2.97	0.01	0.07
461	57.00	54.00	1762.56	24883.20	62424.00	849781.08	849781.08	0.00	0.00	0.00	0.10	3.00	0.01	0.07
462	58.00	54.00	1762.56	24883.20	62424.00	849781.08	849781.08	0.00	0.00	0.00	0.10	2.97	0.01	0.07
463	59.00	54.00	1762.56	24883.20	62424.00	849781.08	849781.08	0.00	0.00	0.00	0.10	2.94	0.01	0.07
464	59.00	55.00	1762.56	24883.20	62424.00	849781.08	849781.08	0.00	0.00	0.00	0.09	2.94	0.01	0.07
465	59.00	56.00	1762.56	24883.20	62424.00	849781.08	849781.08	0.00	0.00	0.00	0.09	2.91	0.01	0.07
466	59.00	57.00	1762.56	24883.20	62424.00	849781.08	849781.08	0.00	0.00	0.00	0.09	2.89	0.01	0.07
467	59.00	58.00	1762.56	24883.20	62424.00	849781.08	849781.08	0.00	0.00	0.00	0.09	2.87	0.01	0.07
468	60.00	58.00	1762.56	24883.20	62424.00	849781.08	849781.08	0.00	0.00	0.00	0.09	2.85	0.01	0.07
469	60.00	59.00	1762.56	24883.20	62424.00	849781.08	849781.08	0.00	0.00	0.00	0.09	2.87	0.01	0.07
470	61.00	59.00	1762.56	24883.20	62424.00	849781.08	849781.08	0.00	0.00	0.00	0.09	2.85	0.01	0.07
471	61.00	60.00	1762.56	24883.20	62424.00	849781.08	849781.08	0.00	0.00	0.00	0.09	2.93	0.01	0.07
472	61.00	61.00	1762.56	24883.20	62424.00	849781.08	849781.08	0.00	0.00	0.00	0.09	2.94	0.01	0.07
473	61.00	62.00	1762.56	24883.20	62424.00	849781.08	849781.08	0.00	0.00	0.00	0.09	2.92	0.01	0.07
474	62.00	62.00	1762.56	24883.20	62424.00	849781.08	849781.08	0.00	0.00	0.00	0.09	2.89	0.01	0.07
475	62.00	63.00	1762.56	24883.20	62424.00	849781.08	849781.08	0.00	0.00	0.00	0.09	3.04	0.01	0.07
476	63.00	63.00	1762.56	24883.20	62424.00	849781.08	849781.08	0.00	0.00	0.00	0.09	3.02	0.01	0.07
477	63.00	64.00	1762.56	24883.20	62424.00	849781.08	849781.08	0.00	0.00	0.00	0.08	3.01	0.01	0.07
478	64.00	64.00	1762.56	24883.20	62424.00	849781.08	849781.08	0.00	0.00	0.00	0.08	2.99	0.01	0.07
479	65.00	64.00	1762.56	24883.20	62424.00	849781.08	849781.08	0.00	0.00	0.00	0.08	2.96	0.01	0.07
480	65.00	65.00	1762.56	24883.20	62424.00	849781.08	849781.08	0.00	0.00	0.00	0.08	2.98	0.01	0.07
481	66.00	65.00	1762.56	24883.20	62424.00	849781.08	849781.08	0.00	0.00	0.00	0.08	2.96	0.01	0.07
482	66.00	66.00	1762.56	24883.20	62424.00	849781.08	849781.08	0.00	0.00	0.00	0.08	2.94	0.01	0.07
483	66.00	67.00	1762.56	24883.20	62424.00	849781.08	849781.08	0.00	0.00	0.00	0.08	2.92	0.01	0.07
484	67.00	67.00	1762.56	24883.20	62424.00	849781.08	849781.08	0.00	0.00	0.00	0.08	2.90	0.01	0.07
485	67.00	68.00	1762.56	24883.20	62424.00	849781.08	849781.08	0.00	0.00	0.00	0.08	2.89	0.01	0.07
486	68.00	68.00	1762.56	24883.20	62424.00	849781.08	849781.08	0.00	0.00	0.00	0.08	2.87	0.01	0.07
487	68.00	69.00	1762.56	24883.20	62424.00	849781.08	849781.08	0.00	0.00	0.00	0.08	2.87	0.01	0.07
488	68.00	70.00	1762.56	24883.20	62424.00	849781.08	849781.08	0.00	0.00	0.00	0.08	2.96	0.01	0.07
489	68.00	71.00	1762.56	24883.20	62424.00	849781.08	849781.08	0.00	0.00	0.00	0.08	2.95	0.01	0.07
490	69.00	71.00	1762.56	24883.20	62424.00	849781.08	849781.08	0.00	0.00	0.00	0.08	2.93	0.01	0.07
491	69.00	72.00	1762.56	24883.20	62424.00	849781.08	849781.08	0.00	0.00	0.00	0.08	2.92	0.01	0.07
492	69.00	73.00	1762.56	24883.20	62424.00	849781.08	849781.08	0.00	0.00	0.00	0.08	2.92	0.01	0.07
493	70.00	73.00	1762.56	24883.20	62424.00	849781.08	849781.08	0.00	0.00	0.00	0.08	2.90	0.01	0.07
494	71.00	73.00	1762.56	24883.20	62424.00	849781.08	849781.08	0.00	0.00	0.00	0.07	2.88	0.01	0.07
495	72.00	73.00	1762.56	24883.20	62424.00	849781.08	849781.08	0.00	0.00	0.00	0.07	2.86	0.01	0.07
496	73.00	73.00	1762.56	24883.20	62424.00	849781.08	849781.08	0.00	0.00	0.00	0.07	2.84	0.01	0.07
497	73.00	74.00	1762.56	24883.20	62424.00	849781.08	849781.08	0.00	0.00	0.00	0.07	2.82	0.01	0.07
498	74.00	74.00	1762.56	24883.20	62424.00	849781.08	849781.08	0.00	0.00	0.00	0.07	2.80	0.01	0.07
499	25.00	74.00	1762.56	24883.20	62424.00	849781.08	849781.08	0.00	0.00	0.00	0.11	4.19	0.01	0.07
500	25.00	25.00	1762.56	24883.20	62424.00	849781.08	849781.08	0.00	0.00	0.00	0.03	1.93	0.00	0.07
501	25.00	26.00	2115.07	29859.84	74908.80	849781.08	849781.08	0.00	0.00	0.00	0.03	1.95	0.00	0.07
502	25.00	27.00	2115.07	29859.84	74908.80	849781.08	849781.08	0.00	0.00	0.00	0.03	1.97	0.00	0.07
503	25.00	28.00	2115.07	29859.84	74908.80	849781.08	849781.08	0.00	0.00	0.00	0.03	1.93	0.00	0.07
504	26.00	28.00	2115.07	29859.84	74908.80	849781.08	849781.08	0.00	0.00	0.00	0.03	1.90	0.00	0.07
505	26.00	29.00	2115.07	29859.84	74908.80	849781.08	849781.08	0.00	0.00	0.00	0.03	1.91	0.00	0.07
506	27.00	29.00	2115.07	29859.84	74908.80	849781.08	849781.08	0.00	0.00	0.00	0.03	1.87	0.00	0.07
507	28.00	29.00	2115.07	29859.84	74908.80	849781.08	849781.08	0.00	0.00	0.00	0.03	1.84	0.00	0.07
508	28.00	30.00	2115.07	29859.84	74908.80	849781.08	849781.08	0.00	0.00	0.00	0.03	2.19	0.00	0.07
509	29.00	30.00	2115.07	29859.84	74908.80	849781.08	849781.08	0.00	0.00	0.00	0.03	2.15	0.00	0.07
510	30.00	30.00	2115.07	29859.84	74908.80	849781.08	849781.08	0.00	0.00	0.00	0.03	2.12	0.00	0.07
511	31.00	30.00	2115.07	29859.84	74908.80	849781.08	849781.08	0.00	0.00	0.00	0.03	2.08	0.00	0.07
512	32.00	30.00	2115.07	29859.84	74908.80	849781.08	849781.08	0.00	0.00	0.00	0.03	2.05	0.00	0.07
513	32.00	31.00	2115.07	29859.84	74908.80	849781.08	849781.08	0.00	0.00	0.00	0.04	2.02	0.00	0.07
514	33.00	31.00	2115.07	29859.84	74908.80	849781.08	849781.08	0.00	0.00	0.00	0.04	1.99	0.00	0.07
515	33.00	32.00	2115.07	29859.84	74908.80	849781.08	849781.08	0.00	0.00	0.00	0.04	2.30	0.00	0.07
516	34.00	32.00	2115.07	29859.84	74908.80	849781.08	849781.08	0.00	0.00	0.00	0.04	2.26	0.00	0.07
517	35.00	32.00	2115.07	29859.84	74908.80	849781.08	849781.08	0.00	0.00	0.00	0.03	2.23	0.00	0.07
518	36.00	32.00	2115.07	29859.84	74908.80	849781.08	849781.08	0.00	0.00	0.00	0.03	2.20	0.00	0.07
519	36.00	33.00	2115.07	29859.84	74908.80	849781.08	849781.08	0.00	0.00	0.00	0.03	2.22	0.00	0.07
520	37.00	33.00	2115.07	29859.84	74908.80	849781.08	849781.08	0.00	0.00	0.00	0.03	2.19	0.00	0.07
521	37.00	34.00	2115.07	29859.84	74908.80	849781.08	849781.08	0.00	0.00	0.00	0.03	2.22	0.00	0.07
522	37.00	35.00	2115.07	29859.84	74908.80	849781.08	849781.08	0.00	0.00	0.00	0.03	2.54	0.00	0.07
523	38.00	35.00	2115.07	29859.84	74908.80	849781.08	849781.08	0.00	0.00	0.00	0.03	2.51	0.00	0.07
524	38.00	36.00	2115.07	29859.84	74908.80	849781.08	849781.08	0.00	0.00	0.00	0.03	2.47	0.00	0.07
525	39.00	36.00	2115.07	29859.84	74908.80	849781.08	849781.08	0.00	0.00	0.00	0.03	2.44	0.00	0.07
526	40.00	36.00	2115.07	29859.84	74908.80	849781.08	849781.08	0.00	0.00	0.00	0.03	2.41	0.00	0.07
527	40.00	37.00	2115.07	29859.84	74908.80	849781.08	849781.08	0.00	0.00	0.00	0.03	2.71	0.00	0.07
528	41.00	37.00	2115.07	29859.84	74908.80	849781.08	849781.08	0.00	0.00	0.00	0.03	2.67	0.00	0.07
529	42.00	37.00	2115.07	29859.84	74908.80	849781.08	849781.08	0.00	0.00	0.00	0.03	2.64	0.00	0.07
530	42.00	38.00	2115.07	29859.84	74908.80	849781.08	849781.08	0.00	0.00	0.00	0.03	2.87	0.00	0.07
531	43.00	38.00	2115.07	29859.84	74908.80	849781.08	849781.08	0.00	0.00	0.00	0.03	2.84	0.00	0.07
532	44.00	38.00	2115.07	29859.84	74908.80	849781.08	849781.08	0.00	0.00	0.00	0.03	2.80	0.00	0.07
533	44.00	39.00	2115.07	29859.84	74908.80	849781.08	849781.08	0.00	0.00	0.00	0.04	2.77	0.00	0.07
534	44.00	40.00	2115.07	29859.84	74908.80	849781.08	849781.08	0.00	0.00	0.00	0.04	2.82	0.00	0.07
535	44.00	41.00	2115.07	29859.84	74908.80	849781.08	849781.08	0.00	0.00	0.00	0.04	3.00	0.02	0.07
536	45.00	41.00	2115.07	29859.84	74908.80	849781.08	849781.08	0.00	0.00	0.00	0.04	2.97	0.02	0.07
537	46.00	41.00	2115.07	29859.84	74908.80	849781.08	849781.08	0.00	0.00	0.00	0.04	2.93	0.02	0.07
538	46.00	42.00	2115.07	29859.84	74908.80	849781.08	849781.08	0.00	0.00	0.00	0.04	2.96	0.03	0.07
539	47.00	42.00	2115.07	29859.84	74908.80	849781.08	849781.08	0.00	0.00	0.00	0.04	2.93	0.03	0.07
540	48.00	42.00	2115.07	29859.84	74908.80	849781.08	849781.08	0.00	0.00	0.00	0.03	2.89	0.03	0.07
541	49.00	42.00	2115.07	29859.84	74908.80	849781.08	849781.08	0.00	0.00	0.00	0.03	2.86	0.03	0.07
542	49.00	43.00	2115.07	29859.84	74908.80	849781.08	849781.08	0.00	0.00	0.00	0.03	2.90	0.03	0.07
543	50.00	43.00	2115.07	29859.84	74908.80	849781.08	849781.08	0.00	0.00	0.00	0.03	2.87	0.03	0.07
544	50.00	44.00	2115.07	29859.84	74908.80	849781.08	849781.08	0.00	0.00	0.00	0.03	2.86	0.03	0.07
545	51.00	44.00	2115.07	29859.84	74908.80	849781.08	849781.08	0.00	0.00	0.00	0.03	2.83	0.03	0.07
546	52.00	44.00	2115.07	29859.84	74908.80	849781.08	849781.08	0.00	0.00	0.00	0.03	2.80	0.03	0.07
547	53.00	44.00	2115.07	29859.84	74908.80	849781.08	849781.08	0.00	0.00	0.00	0.03	2.77	0.03	0.07
548	54.00	44.00	2115.07	29859.84	74908.80	849781.08	849781.08	0.00	0.00	0.00	0.03	2.75	0.03	0.07
549	54.00	45.00	2115.07	29859.84	74908.80	849781.08	849781.08	0.00	0.00	0.00	0.03	2.80	0.03	0.07
550	54.00	46.00	2115.07	29859.84	74908.80	849781.08	849781.08	0.00	0.00	0.00	0.03	2.78	0.03	0.07
551	55.00	46.00	2115.07	29859.84	74908.80	849781.08	849781.08	0.00	0.00	0.00	0.03	2.76	0.03	0.07
552	56.00	46.00	2115.07	29859.84	74908.80	849781.08	849781.08	0.00	0.00	0.00	0.03	2.73	0.03	0.07
553	56.00	47.00	2115.07	29859.84	74908.80	849781.08	849781.08	0.00	0.00	0.00	0.03	2.75	0.03	0.07
554	57.00	47.00	2115.07	29859.84	74908.80	849781.08	849781.08	0.00	0.00	0.00	0.03	2.72	0.03	0.07
555	58.00	47.00	2115.07	29859.84	74908.80	844933.36	844933.36	0.00	0.00	0.00	0.03	2.70	0.03	0.06
556	58.00	48.00	2115.07	29859.84	74908.80	844933.36	844933.36	0.00	0.00	0.00	0.03	2.86	0.03	0.06
557	58.00	49.00	2115.07	29859.84	74908.80	844933.36	844933.36	0.00	0.00	0.00	0.03	2.84	0.03	0.06
558	58.00	50.00	2115.07	29859.84	74908.80	844933.36	844933.36	0.00	0.00	0.00	0.03	2.87	0.03	0.06
559	58.00	51.00	2115.07	29859.84	74908.80	844933.36	844933.36	0.00	0.00	0.00	0.03	2.91	0.03	0.06
560	59.00	51.00	2115.07	29859.84	74908.80	844933.36	844933.36	0.00	0.00	0.00	0.03	2.88	0.03	0.06
561	59.00	52.00	2115.07	29859.84	74908.80	844933.36	844933.36	0.00	0.00	0.00	0.03	2.88	0.03	0.06
562	60.00	52.00	2115.07	29859.84	74908.80	844933.36	844933.36	0.00	0.00	0.00	0.03	2.86	0.03	0.06
563	60.00	53.00	2115.07	29859.84	74908.80	844933.36	844933.36	0.00	0.00	0.00	0.03	2.83	0.03	0.06
564	61.00	53.00	2115.07	29859.84	74908.80	844933.36	844933.36	0.00	0.00	0.00	0.03	2.81	0.03	0.06
565	62.00	53.00	2115.07	29859.84	74908.80	844933.36	844933.36	0.00	0.00	0.00	0.03	2.78	0.03	0.06
566	63.00	53.00	2115.07	29859.84	74908.80	844933.36	844933.36	0.00	0.00	0.00	0.03	2.76	0.03	0.06
567	63.00	54.00	2115.07	29859.84	74908.80	844933.36	844933.36	0.00	0.00	0.00	0.03	2.89	0.03	0.06
568	63.00	55.00	2115.07	29859.84	74908.80	844933.36	844933.36	0.00	0.00	0.00	0.03	2.88	0.03	0.06
569	63.00	56.00	2115.07	29859.84	74908.80	844933.36	844933.36	0.00	0.00	0.00	0.03	3.20	0.03	0.06
570	64.00	56.00	2115.07	29859.84	74908.80	844933.36	844933.36	0.00	0.00	0.00	0.03	3.17	0.03	0.06
571	64.00	57.00	2115.07	29859.84	74908.80	844933.36	844933.36	0.00	0.00	0.00	0.03	3.16	0.02	0.06
572	65.00	57.00	2115.07	29859.84	74908.80	844933.36	844933.36	0.00	0.00	0.00	0.03	3.14	0.02	0.06
573	65.00	58.00	2115.07	29859.84	74908.80	844933.36	844933.36	0.00	0.00	0.00	0.03	3.13	0.02	0.06
574	65.00	59.00	2115.07	29859.84	74908.80	844933.36	844933.36	0.00	0.00	0.00	0.03	3.13	0.02	0.06
575	66.00	59.00	2115.07	29859.84	74908.80	844933.36	844933.36	0.00	0.00	0.00	0.02	3.10	0.02	0.06
576	67.00	59.00	2115.07	29859.84	74908.80	844933.36	844933.36	0.00	0.00	0.00	0.02	3.08	0.02	0.06
577	68.00	59.00	2115.07	29859.84	74908.80	844933.36	844933.36	0.00	0.00	0.00	0.02	3.05	0.02	0.06
578	69.00	59.00	2115.07	29859.84	74908.80	844933.36	844933.36	0.00	0.00	0.00	0.02	3.03	0.02	0.06
579	70.00	59.00	2115.07	29859.84	74908.80	844933.36	844933.36	0.00	0.00	0.00	0.02	3.01	0.02	0.06
580	70.00	60.00	2115.07	29859.84	74908.80	844933.36	844933.36	0.00	0.00	0.00	0.02	2.99	0.02	0.06
581	71.00	60.00	2115.07	29859.84	74908.80	844933.36	844933.36	0.00	0.00	0.00	0.02	2.96	0.02	0.06
582	71.00	61.00	2115.07	29859.84	74908.80	844933.36	844933.36	0.00	0.00	0.00	0.02	2.96	0.02	0.06
583	72.00	61.00	2115.07	29859.84	74908.80	844933.36	844933.36	0.00	0.00	0.00	0.02	2.94	0.02	0.06
584	73.00	61.00	2115.07	29859.84	74908.80	844933.36	844933.36	0.00	0.00	0.00	0.02	2.91	0.02	0.06
585	74.00	61.00	2115.07	29859.84	74908.80	844933.36	844933.36	0.00	0.00	0.00	0.02	2.89	0.02	0.06
586	74.00	62.00	2115.07	29859.84	74908.80	844933.36	844933.36	0.00	0.00	0.00	0.02	2.87	0.02	0.06
587	74.00	63.00	2115.07	29859.84	74908.80	844933.36	844933.36	0.00	0.00	0.00	0.02	2.85	0.02	0.06
588	74.00	64.00	2115.07	29859.84	74908.80	844933.36	844933.36	0.00	0.00	0.00	0.02	2.83	0.02	0.06
589	25.00	64.00	2115.07	29859.84	74908.80	844933.36	844933.36	0.00	0.00	0.00	0.04	4.39	0.03	0.06
590	26.00	64.00	2115.07	29859.84	74908.80	844933.36	844933.36	0.00	0.00	0.00	0.03	4.34	0.03	0.06
591	26.00	65.00	2115.07	29859.84	74908.80	844933.36	844933.36	0.00	0.00	0.00	0.03	4.31	0.03	0.06
592	27.00	65.00	2115.07	29859.84	74908.80	844933.36	844933.36	0.00	0.00	0.00	0.03	4.26	0.03	0.06
593	27.00	66.00	2115.07	29859.84	74908.80	844933.36	844933.36	0.00	0.00	0.00	0.03	4.26	0.03	0.06
594	27.00	67.00	2115.07	29859.84	74908.80	844933.36	844933.36	0.00	0.00	0.00	0.03	4.22	0.03	0.06
595	27.00	68.00	2115.07	29859.84	74908.80	844933.36	844933.36	0.00	0.00	0.00	0.03	4.17	0.03	0.06
596	28.00	68.00	2115.07	29859.84	74908.80	844933.36	844933.36	0.00	0.00	0.00	0.03	4.13	0.03	0.06
597	29.00	68.00	2115.07	29859.84	74908.80	844933.36	844933.36	0.00	0.00	0.00	0.03	4.09	0.03	0.06
598	29.00	69.00	2115.07	29859.84	74908.80	844933.36	844933.36	0.00	0.00	0.00	0.03	4.11	0.03	0.06
599	30.00	69.00	2115.07	29859.84	74908.80	844933.36	844933.36	0.00	0.00	0.00	0.03	4.07	0.03	0.06
600	30.00	70.00	2115.07	29859.84	74908.80	844933.36	844933.36	0.00	0.00	0.00	0.03	4.03	0.03	0.06
601	30.00	71.00	2538.09	35831.81	89890.56	844933.36	844933.36	0.00	0.00	0.00	0.03	3.99	0.03	0.06
602	31.00	71.00	2538.09	35831.81	89890.56	844933.36	844933.36	0.00	0.00	0.00	0.03	3.95	0.03	0.06
603	31.00	72.00	2538.09	35831.81	89890.56	844933.36	844933.36	0.00	0.00	0.00	0.03	3.96	0.03	0.06
604	31.00	73.00	2538.09	35831.81	89890.56	844933.36	844933.36	0.00	0.00	0.00	0.03	3.92	0.03	0.06
605	31.00	74.00	2538.09	35831.81	89890.56	844933.36	844933.36	0.00	0.00	0.00	0.03	4.10	0.03	0.06
606	31.00	25.00	2538.09	35831.81	89890.56	844933.36	844933.36	0.00	0.00	0.00	0.01	0.98	0.00	0.06
607	32.00	25.00	2538.09	35831.81	89890.56	844933.36	844933.36	0.00	0.00	0.00	0.01	0.96	0.00	0.06
608	33.00	25.00	2538.09	35831.81	89890.56	844933.36	844933.36	0.00	0.00	0.00	0.01	0.95	0.00	0.06
609	34.00	25.00	2538.09	35831.81	89890.56	844933.36	844933.36	0.00	0.00	0.00	0.01	0.93	0.00	0.06
610	34.00	26.00	2538.09	35831.81	89890.56	844933.36	844933.36	0.00	0.00	0.00	0.01	0.94	0.00	0.06
611	35.00	26.00	2538.09	35831.81	89890.56	844933.36	844933.36	0.00	0.00	0.00	0.01	0.93	0.00	0.06
612	35.00	27.00	2538.09	35831.81	89890.56	844933.36	844933.36	0.00	0.00	0.00	0.01	0.92	0.00	0.06
613	35.00	28.00	2538.09	35831.81	89890.56	844933.36	844933.36	0.00	0.00	0.00	0.05	1.38	0.00	0.06
614	35.00	29.00	2538.09	35831.81	89890.56	844933.36	844933.36	0.00	0.00	0.00	0.05	1.49	0.00	0.06
615	36.00	29.00	2538.09	35831.81	89890.56	844933.36	844933.36	0.00	0.00	0.00	0.05	1.47	0.00	0.06
616	37.00	29.00	2538.09	35831.81	89890.56	844933.36	844933.36	0.00	0.00	0.00	0.05	1.44	0.00	0.06
617	38.00	29.00	2538.09	35831.81	89890.56	844933.36	844933.36	0.00	0.00	0.00	0.05	1.42	0.00	0.06
618	38.00	30.00	2538.09	35831.81	89890.56	844933.36	844933.36	0.00	0.00	0.00	0.05	1.73	0.00	0.06
619	38.00	31.00	2538.09	35831.81	89890.56	844933.36	844933.36	0.00	0.00	0.00	0.05	1.72	0.00	0.06
620	38.00	32.00	2538.09	35831.81	89890.56	844933.36	844933.36	0.00	0.00	0.00	0.05	1.84	0.00	0.06
621	39.00	32.00	2538.09	35831.81	89890.56	844933.36	844933.36	0.00	0.00	0.00	0.05	1.81	0.00	0.06
622	40.00	32.00	2538.09	35831.81	89890.56	844933.36	844933.36	0.00	0.00	0.00	0.05	1.79	0.00	0.06
623	41.00	32.00	2538.09	35831.81	89890.56	844933.36	844933.36	0.00	0.00	0.00	0.04	1.76	0.00	0.06
624	41.00	33.00	2538.09	35831.81	89890.56	844933.36	844933.36	0.00	0.00	0.00	0.04	1.79	0.00	0.06
625	41.00	34.00	2538.09	35831.81	89890.56	844933.36	844933.36	0.00	0.00	0.00	0.04	1.77	0.00	0.06
626	41.00	35.00	2538.09	35831.81	89890.56	844933.36	844933.36	0.00	0.00	0.00	0.04	1.76	0.00	0.06
627	41.00	36.00	2538.09	35831.81	89890.56	844933.36	844933.36	0.00	0.00	0.00	0.04	1.83	0.00	0.06
628	41.00	37.00	2538.09	35831.81	89890.56	844933.36	844933.36	0.00	0.00	0.00	0.04	2.12	0.00	0.06
629	41.00	38.00	2538.09	35831.81	89890.56	844933.36	844933.36	0.00	0.00	0.00	0.04	2.15	0.00	0.06
630	42.00	38.00	2538.09	35831.81	89890.56	844933.36	844933.36	0.00	0.00	0.00	0.04	2.12	0.00	0.06
631	42.00	39.00	2538.09	35831.81	89890.56	844933.36	844933.36	0.00	0.00	0.00	0.04	2.11	0.00	0.06
632	43.00	39.00	2538.09	35831.81	89890.56	844933.36	844933.36	0.00	0.00	0.00	0.04	2.08	0.00	0.06
633	44.00	39.00	2538.09	35831.81	89890.56	827966.34	827966.34	0.00	0.00	0.00	0.04	2.06	0.00	0.04
634	44.00	40.00	2538.09	35831.81	89890.56	827966.34	827966.34	0.00	0.00	0.00	0.04	2.06	0.00	0.04
635	44.00	41.00	2538.09	35831.81	89890.56	827966.34	827966.34	0.00	0.00	0.00	0.04	2.06	0.00	0.04
636	44.00	42.00	2538.09	35831.81	89890.56	827966.34	827966.34	0.00	0.00	0.00	0.04	2.27	0.00	0.04
637	45.00	42.00	2538.09	35831.81	89890.56	827966.34	827966.34	0.00	0.00	0.00	0.04	2.24	0.00	0.04
638	46.00	42.00	2538.09	35831.81	89890.56	827966.34	827966.34	0.00	0.00	0.00	0.04	2.21	0.00	0.04
639	46.00	43.00	2538.09	35831.81	89890.56	827966.34	827966.34	0.00	0.00	0.00	0.04	2.26	0.00	0.04
640	47.00	43.00	2538.09	35831.81	89890.56	827966.34	827966.34	0.00	0.00	0.00	0.04	2.23	0.00	0.04
641	48.00	43.00	2538.09	35831.81	89890.56	827966.34	827966.34	0.00	0.00	0.00	0.04	2.21	0.00	0.04
642	49.00	43.00	2538.09	35831.81	89890.56	827966.34	827966.34	0.00	0.00	0.00	0.04	2.18	0.00	0.04
643	50.00	43.00	2538.09	35831.81	89890.56	827966.34	827966.34	0.00	0.00	0.00	0.04	2.16	0.00	0.04
644	51.00	43.00	2538.09	35831.81	89890.56	827966.34	827966.34	0.00	0.00	0.00	0.03	2.14	0.00	0.04
645	52.00	43.00	2538.09	35831.81	89890.56	827966.34	827966.34	0.00	0.00	0.00	0.03	2.11	0.00	0.04
646	52.00	44.00	2538.09	35831.81	89890.56	827966.34	827966.34	0.00	0.00	0.00	0.03	2.10	0.00	0.04
647	52.00	45.00	2538.09	35831.81	89890.56	827966.34	827966.34	0.00	0.00	0.00	0.03	2.14	0.00	0.04
648	52.00	46.00	2538.09	35831.81	89890.56	827966.34	827966.34	0.00	0.00	0.00	0.03	2.35	0.00	0.04
649	52.00	47.00	2538.09	35831.81	89890.56	827966.34	827966.34	0.00	0.00	0.00	0.03	2.45	0.00	0.04
650	52.00	48.00	2538.09	35831.81	89890.56	827966.34	827966.34	0.00	0.00	0.00	0.03	2.49	0.00	0.04
651	53.00	48.00	2538.09	35831.81	89890.56	827966.34	827966.34	0.00	0.00	0.00	0.03	2.47	0.00	0.04
652	53.00	49.00	2538.09	35831.81	89890.56	827966.34	827966.34	0.00	0.00	0.00	0.03	2.58	0.00	0.04
653	54.00	49.00	2538.09	35831.81	89890.56	827966.34	827966.34	0.00	0.00	0.00	0.03	2.56	0.00	0.04
654	54.00	50.00	2538.09	35831.81	89890.56	827966.34	827966.34	0.00	0.00	0.00	0.03	2.74	0.01	0.04
655	54.00	51.00	2538.09	35831.81	89890.56	827966.34	827966.34	0.00	0.00	0.00	0.03	2.93	0.01	0.04
656	55.00	51.00	2538.09	35831.81	89890.56	827966.34	827966.34	0.00	0.00	0.00	0.03	2.90	0.01	0.04
657	56.00	51.00	2538.09	35831.81	89890.56	827966.34	827966.34	0.00	0.00	0.00	0.03	2.88	0.01	0.04
658	56.00	52.00	2538.09	35831.81	89890.56	827966.34	827966.34	0.00	0.00	0.00	0.03	3.09	0.01	0.04
659	56.00	53.00	2538.09	35831.81	89890.56	827966.34	827966.34	0.00	0.00	0.00	0.03	3.26	0.01	0.04
660	57.00	53.00	2538.09	35831.81	89890.56	827966.34	827966.34	0.00	0.00	0.00	0.03	3.23	0.01	0.04
661	57.00	54.00	2538.09	35831.81	89890.56	827966.34	827966.34	0.00	0.00	0.00	0.03	3.23	0.01	0.04
662	57.00	55.00	2538.09	35831.81	89890.56	827966.34	827966.34	0.00	0.00	0.00	0.03	3.42	0.01	0.04
663	58.00	55.00	2538.09	35831.81	89890.56	827966.34	827966.34	0.00	0.00	0.00	0.03	3.39	0.01	0.04
664	58.00	56.00	2538.09	35831.81	89890.56	827966.34	827966.34	0.00	0.00	0.00	0.03	3.36	0.01	0.04
665	58.00	57.00	2538.09	35831.81	89890.56	827966.34	827966.34	0.00	0.00	0.00	0.03	3.33	0.01	0.04
666	58.00	58.00	2538.09	35831.81	89890.56	827966.34	827966.34	0.00	0.00	0.00	0.03	3.34	0.01	0.04
667	59.00	58.00	2538.09	35831.81	89890.56	827966.34	827966.34	0.00	0.00	0.00	0.03	3.31	0.01	0.04
668	59.00	59.00	2538.09	35831.81	89890.56	827966.34	827966.34	0.00	0.00	0.00	0.03	3.48	0.01	0.04
669	60.00	59.00	2538.09	35831.81	89890.56	827966.34	827966.34	0.00	0.00	0.00	0.03	3.45	0.01	0.04
670	61.00	59.00	2538.09	35831.81	89890.56	827966.34	827966.34	0.00	0.00	0.00	0.03	3.43	0.01	0.04
671	62.00	59.00	2538.09	35831.81	89890.56	827966.34	827966.34	0.00	0.00	0.00	0.03	3.40	0.01	0.04
672	63.00	59.00	2538.09	35831.81	89890.56	827966.34	827966.34	0.00	0.00	0.00	0.03	3.37	0.01	0.04
673	63.00	60.00	2538.09	35831.81	89890.56	827966.34	827966.34	0.00	0.00	0.00	0.03	3.36	0.01	0.04
674	63.00	61.00	2538.09	35831.81	89890.56	827966.34	827966.34	0.00	0.00	0.00	0.03	3.33	0.01	0.04
675	64.00	61.00	2538.09	35831.81	89890.56	827966.34	827966.34	0.00	0.00	0.00	0.03	3.31	0.01	0.04
676	64.00	62.00	2538.09	35831.81	89890.56	827966.34	827966.34	0.00	0.00	0.00	0.03	3.29	0.01	0.04
677	65.00	62.00	2538.09	35831.81	89890.56	827966.34	827966.34	0.00	0.00	0.00	0.03	3.26	0.01	0.04
678	65.00	63.00	2538.09	35831.81	89890.56	827966.34	827966.34	0.00	0.00	0.00	0.03	3.24	0.01	0.04
679	65.00	64.00	2538.09	35831.81	89890.56	827966.34	827966.34	0.00	0.00	0.00	0.03	3.22	0.01	0.04
680	65.00	65.00	2538.09	35831.81	89890.56	827966.34	827966.34	0.00	0.00	0.00	0.03	3.22	0.01	0.04
681	66.00	65.00	2538.09	35831.81	89890.56	827966.34	827966.34	0.00	0.00	0.00	0.03	3.19	0.01	0.04
682	67.00	65.00	2538.09	35831.81	89890.56	827966.34	827966.34	0.00	0.00	0.00	0.02	3.17	0.01	0.04
683	67.00	66.00	2538.09	35831.81	89890.56	827966.34	827966.34	0.00	0.00	0.00	0.02	3.17	0.01	0.04
684	67.00	67.00	2538.09	35831.81	89890.56	827966.34	827966.34	0.00	0.00	0.00	0.02	3.15	0.01	0.04
685	67.00	68.00	2538.09	35831.81	89890.56	827966.34	827966.34	0.00	0.00	0.00	0.02	3.18	0.01	0.04
686	67.00	69.00	2538.09	35831.81	89890.56	827966.34	827966.34	0.00	0.00	0.00	0.02	3.18	0.01	0.04
687	68.00	69.00	2538.09	35831.81	89890.56	827966.34	827966.34	0.00	0.00	0.00	0.02	3.16	0.01	0.04
688	68.00	70.00	2538.09	35831.81	89890.56	827966.34	827966.34	0.00	0.00	0.00	0.02	3.14	0.01	0.04
689	68.00	71.00	2538.09	35831.81	89890.56	827966.34	827966.34	0.00	0.00	0.00	0.02	3.28	0.01	0.04
690	69.00	71.00	2538.09	35831.81	89890.56	827966.34	827966.34	0.00	0.00	0.00	0.02	3.26	0.01	0.04
691	70.00	71.00	2538.09	35831.81	89890.56	827966.34	827966.34	0.00	0.00	0.00	0.02	3.23	0.01	0.04
692	70.00	72.00	2538.09	35831.81	89890.56	827966.34	827966.34	0.00	0.00	0.00	0.02	3.37	0.01	0.04
693	70.00	73.00	2538.09	35831.81	89890.56	827966.34	827966.34	0.00	0.00	0.00	0.02	3.43	0.01	0.04
694	70.00	74.00	2538.09	35831.81	89890.56	827966.34	827966.34	0.00	0.00	0.00	0.02	3.59	0.01	0.04
695	70.00	25.00	2538.09	35831.81	89890.56	827966.34	827966.34	0.00	0.00	0.00	0.01	0.75	0.00	0.04
696	71.00	25.00	2538.09	35831.81	89890.56	827966.34	827966.34	0.00	0.00	0.00	0.01	0.75	0.00	0.04
697	72.00	25.00	2538.09	35831.81	89890.56	827966.34	827966.34	0.00	0.00	0.00	0.01	0.74	0.00	0.04
698	72.00	26.00	2538.09	35831.81	89890.56	827966.34	827966.34	0.00	0.00	0.00	0.01	0.78	0.00	0.04
699	72.00	27.00	2538.09	35831.81	89890.56	827966.34	827966.34	0.00	0.00	0.00	0.01	0.88	0.00	0.04
700	73.00	27.00	2538.09	35831.81	89890.56	827966.34	827966.34	0.00	0.00	0.00	0.01	0.87	0.00	0.04
701	73.00	28.00	3045.70	42998.17	107868.67	827966.34	827966.34	0.00	0.00	0.00	0.01	0.91	0.00	0.04
702	74.00	28.00	3045.70	42998.17	107868.67	827966.34	827966.34	0.00	0.00	0.00	0.01	0.90	0.00	0.04
703	74.00	29.00	3045.70	42998.17	107868.67	827966.34	827966.34	0.00	0.00	0.00	0.01	0.95	0.00	0.04
704	25.00	29.00	3045.70	42998.17	107868.67	827966.34	827966.34	0.00	0.00	0.00	0.01	1.81	0.00	0.04
705	26.00	29.00	3045.70	42998.17	107868.67	827966.34	827966.34	0.00	0.00	0.00	0.01	1.78	0.00	0.04
706	27.00	29.00	3045.70	42998.17	107868.67	827966.34	827966.34	0.00	0.00	0.00	0.01	1.75	0.00	0.04
707	27.00	30.00	3045.70	42998.17	107868.67	827966.34	827966.34	0.00	0.00	0.00	0.01	1.88	0.00	0.04
708	27.00	31.00	3045.70	42998.17	107868.67	827966.34	827966.34	0.00	0.00	0.00	0.01	1.96	0.00	0.04
709	28.00	31.00	3045.70	42998.17	107868.67	827966.34	827966.34	0.00	0.00	0.00	0.01	1.93	0.00	0.04
710	28.00	32.00	3045.70	42998.17	107868.67	827966.34	827966.34	0.00	0.00	0.00	0.01	1.90	0.00	0.04
711	28.00	33.00	3045.70	42998.17	107868.67	827966.34	827966.34	0.00	0.00	0.00	0.01	1.94	0.00	0.04
712	29.00	33.00	3045.70	42998.17	107868.67	827966.34	827966.34	0.00	0.00	0.00	0.01	1.91	0.00	0.04
713	30.00	33.00	3045.70	42998.17	107868.67	827966.34	827966.34	0.00	0.00	0.00	0.01	1.88	0.00	0.04
714	30.00	34.00	3045.70	42998.17	107868.67	827966.34	827966.34	0.00	0.00	0.00	0.01	1.91	0.00	0.04
715	31.00	34.00	3045.70	42998.17	107868.67	827966.34	827966.34	0.00	0.00	0.00	0.01	1.88	0.00	0.04
716	32.00	34.00	3045.70	42998.17	107868.67	827966.34	827966.34	0.00	0.00	0.00	0.01	1.85	0.00	0.04
717	33.00	34.00	3045.70	42998.17	107868.67	827966.34	827966.34	0.00	0.00	0.00	0.01	1.82	0.00	0.04
718	34.00	34.00	3045.70	42998.17	107868.67	827966.34	827966.34	0.00	0.00	0.00	0.01	1.79	0.00	0.04
719	35.00	34.00	3045.70	42998.17	107868.67	827966.34	827966.34	0.00	0.00	0.00	0.01	1.77	0.00	0.04
720	35.00	35.00	3045.70	42998.17	107868.67	827966.34	827966.34	0.00	0.00	0.00	0.01	1.80	0.00	0.04
721	35.00	36.00	3045.70	42998.17	107868.67	827966.34	827966.34	0.00	0.00	0.00	0.01	1.77	0.00	0.04
722	36.00	36.00	3045.70	42998.17	107868.67	825542.48	825542.48	0.00	0.00	0.00	0.01	1.75	0.00	0.04
723	37.00	36.00	3045.70	42998.17	107868.67	825542.48	825542.48	0.00	0.00	0.00	0.01	1.73	0.00	0.04
724	38.00	36.00	3045.70	42998.17	107868.67	825542.48	825542.48	0.00	0.00	0.00	0.01	1.70	0.00	0.04
725	39.00	36.00	3045.70	42998.17	107868.67	825542.48	825542.48	0.00	0.00	0.00	0.01	1.68	0.00	0.04
726	40.00	36.00	3045.70	42998.17	107868.67	825542.48	825542.48	0.00	0.00	0.00	0.01	1.66	0.00	0.04
727	41.00	36.00	3045.70	42998.17	107868.67	825542.48	825542.48	0.00	0.00	0.00	0.01	1.64	0.00	0.04
728	42.00	36.00	3045.70	42998.17	107868.67	825542.48	825542.48	0.00	0.00	0.00	0.01	1.61	0.00	0.04
729	43.00	36.00	3045.70	42998.17	107868.67	825542.48	825542.48	0.00	0.00	0.00	0.01	1.59	0.00	0.04
730	44.00	36.00	3045.70	42998.17	107868.67	825542.48	825542.48	0.00	0.00	0.00	0.01	1.57	0.00	0.04
731	44.00	37.00	3045.70	42998.17	107868.67	825542.48	825542.48	0.00	0.00	0.00	0.01	1.60	0.00	0.04
732	44.00	38.00	3045.70	42998.17	107868.67	825542.48	825542.48	0.00	0.00	0.00	0.01	1.61	0.00	0.04
733	44.00	39.00	3045.70	42998.17	107868.67	825542.48	825542.48	0.00	0.00	0.00	0.01	1.70	0.00	0.04
734	45.00	39.00	3045.70	42998.17	107868.67	825542.48	825542.48	0.00	0.00	0.00	0.01	1.68	0.00	0.04
735	46.00	39.00	3045.70	42998.17	107868.67	825542.48	825542.48	0.00	0.00	0.00	0.01	1.66	0.00	0.04
736	47.00	39.00	3045.70	42998.17	107868.67	825542.48	825542.48	0.00	0.00	0.00	0.01	1.64	0.00	0.04
737	48.00	39.00	3045.70	42998.17	107868.67	825542.48	825542.48	0.00	0.00	0.00	0.01	1.62	0.00	0.04
738	48.00	40.00	3045.70	42998.17	107868.67	825542.48	825542.48	0.00	0.00	0.00	0.01	1.71	0.00	0.04
739	49.00	40.00	3045.70	42998.17	107868.67	825542.48	825542.48	0.00	0.00	0.00	0.01	1.69	0.00	0.04
740	50.00	40.00	3045.70	42998.17	107868.67	825542.48	825542.48	0.00	0.00	0.00	0.01	1.67	0.00	0.04
741	50.00	41.00	3045.70	42998.17	107868.67	825542.48	825542.48	0.00	0.00	0.00	0.01	1.66	0.00	0.04
742	51.00	41.00	3045.70	42998.17	107868.67	825542.48	825542.48	0.00	0.00	0.00	0.01	1.65	0.00	0.04
743	51.00	42.00	3045.70	42998.17	107868.67	825542.48	825542.48	0.00	0.00	0.00	0.01	1.65	0.00	0.04
744	51.00	43.00	3045.70	42998.17	107868.67	825542.48	825542.48	0.00	0.00	0.00	0.01	1.64	0.00	0.04
745	52.00	43.00	3045.70	42998.17	107868.67	825542.48	825542.48	0.00	0.00	0.00	0.01	1.62	0.00	0.04
746	52.00	44.00	3045.70	42998.17	107868.67	825542.48	825542.48	0.00	0.00	0.00	0.01	1.61	0.00	0.04
747	52.00	45.00	3045.70	42998.17	107868.67	825542.48	825542.48	0.00	0.00	0.00	0.01	1.78	0.00	0.04
748	52.00	46.00	3045.70	42998.17	107868.67	825542.48	825542.48	0.00	0.00	0.00	0.04	1.80	0.00	0.04
749	53.00	46.00	3045.70	42998.17	107868.67	825542.48	825542.48	0.00	0.00	0.00	0.04	1.78	0.00	0.04
750	53.00	47.00	3045.70	42998.17	107868.67	825542.48	825542.48	0.00	0.00	0.00	0.04	1.77	0.00	0.04
751	53.00	48.00	3045.70	42998.17	107868.67	825542.48	825542.48	0.00	0.00	0.00	0.04	1.76	0.00	0.04
752	53.00	49.00	3045.70	42998.17	107868.67	825542.48	825542.48	0.00	0.00	0.00	0.04	1.78	0.00	0.04
753	54.00	49.00	3045.70	42998.17	107868.67	825542.48	825542.48	0.00	0.00	0.00	0.04	1.76	0.00	0.04
754	55.00	49.00	3045.70	42998.17	107868.67	825542.48	825542.48	0.00	0.00	0.00	0.04	1.75	0.00	0.04
755	55.00	50.00	3045.70	42998.17	107868.67	825542.48	825542.48	0.00	0.00	0.00	0.03	1.74	0.00	0.04
756	56.00	50.00	3045.70	42998.17	107868.67	825542.48	825542.48	0.00	0.00	0.00	0.03	1.72	0.00	0.04
757	56.00	51.00	3045.70	42998.17	107868.67	825542.48	825542.48	0.00	0.00	0.00	0.03	1.92	0.00	0.04
758	57.00	51.00	3045.70	42998.17	107868.67	825542.48	825542.48	0.00	0.00	0.00	0.03	1.90	0.00	0.04
759	58.00	51.00	3045.70	42998.17	107868.67	825542.48	825542.48	0.00	0.00	0.00	0.03	1.89	0.00	0.04
760	58.00	52.00	3045.70	42998.17	107868.67	825542.48	825542.48	0.00	0.00	0.00	0.03	1.90	0.00	0.04
761	59.00	52.00	3045.70	42998.17	107868.67	825542.48	825542.48	0.00	0.00	0.00	0.03	1.88	0.00	0.04
762	60.00	52.00	3045.70	42998.17	107868.67	825542.48	825542.48	0.00	0.00	0.00	0.03	1.86	0.00	0.04
763	60.00	53.00	3045.70	42998.17	107868.67	825542.48	825542.48	0.00	0.00	0.00	0.03	1.88	0.00	0.04
764	60.00	54.00	3045.70	42998.17	107868.67	825542.48	825542.48	0.00	0.00	0.00	0.03	1.87	0.00	0.04
765	60.00	55.00	3045.70	42998.17	107868.67	825542.48	825542.48	0.00	0.00	0.00	0.15	1.92	0.00	0.04
766	61.00	55.00	3045.70	42998.17	107868.67	825542.48	825542.48	0.00	0.00	0.00	0.15	1.90	0.00	0.04
767	61.00	56.00	3045.70	42998.17	107868.67	825542.48	825542.48	0.00	0.00	0.00	0.15	2.09	0.00	0.04
768	62.00	56.00	3045.70	42998.17	107868.67	825542.48	825542.48	0.00	0.00	0.00	0.15	2.07	0.00	0.04
769	62.00	57.00	3045.70	42998.17	107868.67	825542.48	825542.48	0.00	0.00	0.00	0.14	2.08	0.00	0.04
770	63.00	57.00	3045.70	42998.17	107868.67	825542.48	825542.48	0.00	0.00	0.00	0.14	2.06	0.00	0.04
771	63.00	58.00	3045.70	42998.17	107868.67	825542.48	825542.48	0.00	0.00	0.00	0.14	2.24	0.00	0.04
772	63.00	59.00	3045.70	42998.17	107868.67	825542.48	825542.48	0.00	0.00	0.00	0.14	2.23	0.00	0.04
773	64.00	59.00	3045.70	42998.17	107868.67	825542.48	825542.48	0.00	0.00	0.00	0.14	2.21	0.00	0.04
774	64.00	60.00	3045.70	42998.17	107868.67	825542.48	825542.48	0.00	0.00	0.00	0.14	2.20	0.00	0.04
775	65.00	60.00	3045.70	42998.17	107868.67	825542.48	825542.48	0.00	0.00	0.00	0.14	2.18	0.00	0.04
776	66.00	60.00	3045.70	42998.17	107868.67	825542.48	825542.48	0.00	0.00	0.00	0.14	2.16	0.00	0.04
777	67.00	60.00	3045.70	42998.17	107868.67	825542.48	825542.48	0.00	0.00	0.00	0.14	2.14	0.00	0.04
778	68.00	60.00	3045.70	42998.17	107868.67	825542.48	825542.48	0.00	0.00	0.00	0.13	2.13	0.00	0.04
779	68.00	61.00	3045.70	42998.17	107868.67	825542.48	825542.48	0.00	0.00	0.00	0.13	2.16	0.00	0.04
780	68.00	62.00	3045.70	42998.17	107868.67	825542.48	825542.48	0.00	0.00	0.00	0.13	2.19	0.00	0.04
781	69.00	62.00	3045.70	42998.17	107868.67	825542.48	825542.48	0.00	0.00	0.00	0.13	2.17	0.00	0.04
782	69.00	63.00	3045.70	42998.17	107868.67	825542.48	825542.48	0.00	0.00	0.00	0.13	2.18	0.00	0.04
783	70.00	63.00	3045.70	42998.17	107868.67	825542.48	825542.48	0.00	0.00	0.00	0.13	2.17	0.00	0.04
784	70.00	64.00	3045.70	42998.17	107868.67	825542.48	825542.48	0.00	0.00	0.00	0.13	2.32	0.00	0.04
785	71.00	64.00	3045.70	42998.17	107868.67	825542.48	825542.48	0.00	0.00	0.00	0.13	2.30	0.00	0.04
786	71.00	65.00	3045.70	42998.17	107868.67	825542.48	825542.48	0.00	0.00	0.00	0.13	2.45	0.00	0.04
787	72.00	65.00	3045.70	42998.17	107868.67	825542.48	825542.48	0.00	0.00	0.00	0.13	2.43	0.00	0.04
788	72.00	66.00	3045.70	42998.17	107868.67	825542.48	825542.48	0.00	0.00	0.00	0.12	2.43	0.00	0.04
789	72.00	67.00	3045.70	42998.17	107868.67	825542.48	825542.48	0.00	0.00	0.00	0.12	2.43	0.00	0.04
790	73.00	67.00	3045.70	42998.17	107868.67	825542.48	825542.48	0.00	0.00	0.00	0.12	2.41	0.00	0.04
791	74.00	67.00	3045.70	42998.17	107868.67	825542.48	825542.48	0.00	0.00	0.00	0.12	2.39	0.00	0.04
792	74.00	68.00	3045.70	42998.17	107868.67	825542.48	825542.48	0.00	0.00	0.00	0.12	2.41	0.00	0.04
793	74.00	69.00	3045.70	42998.17	107868.67	825542.48	825542.48	0.00	0.00	0.00	0.12	2.43	0.00	0.04
794	25.00	69.00	3045.70	42998.17	107868.67	825542.48	825542.48	0.00	0.00	0.00	0.18	3.70	0.00	0.04
795	26.00	69.00	3045.70	42998.17	107868.67	825542.48	825542.48	0.00	0.00	0.00	0.18	3.66	0.00	0.04
796	27.00	69.00	3045.70	42998.17	107868.67	825542.48	825542.48	0.00	0.00	0.00	0.18	3.62	0.00	0.04
797	28.00	69.00	3045.70	42998.17	107868.67	825542.48	825542.48	0.00	0.00	0.00	0.18	3.59	0.00	0.04
798	28.00	70.00	3045.70	42998.17	107868.67	825542.48	825542.48	0.00	0.00	0.00	0.18	3.58	0.00	0.04
799	28.00	71.00	3045.70	42998.17	107868.67	825542.48	825542.48	0.00	0.00	0.00	0.17	3.55	0.00	0.04
800	28.00	72.00	3045.70	42998.17	107868.67	825542.48	825542.48	0.00	0.00	0.00	0.17	3.54	0.00	0.04
801	29.00	72.00	3654.84	51597.80	91688.37	825542.48	825542.48	0.00	0.00	0.00	0.17	3.50	0.00	0.04
802	30.00	72.00	3654.84	51597.80	91688.37	825542.48	825542.48	0.00	0.00	0.00	0.17	3.47	0.00	0.04
803	31.00	72.00	3654.84	51597.80	91688.37	825542.48	825542.48	0.00	0.00	0.00	0.17	3.44	0.00	0.04
804	31.00	73.00	3654.84	51597.80	91688.37	825542.48	825542.48	0.00	0.00	0.00	0.19	3.44	0.01	0.04
805	32.00	73.00	3654.84	51597.80	91688.37	825542.48	825542.48	0.00	0.00	0.00	0.19	3.41	0.01	0.04
806	33.00	73.00	3654.84	51597.80	91688.37	825542.48	825542.48	0.00	0.00	0.00	0.19	3.37	0.01	0.04
807	33.00	74.00	3654.84	51597.80	91688.37	825542.48	825542.48	0.00	0.00	0.00	0.18	3.35	0.01	0.04
808	33.00	25.00	3654.84	51597.80	91688.37	825542.48	825542.48	0.00	0.00	0.00	0.01	0.75	0.00	0.04
809	34.00	25.00	3654.84	51597.80	91688.37	825542.48	825542.48	0.00	0.00	0.00	0.01	0.73	0.00	0.04
810	34.00	26.00	3654.84	51597.80	91688.37	825542.48	825542.48	0.00	0.00	0.00	0.01	0.77	0.00	0.04
811	35.00	26.00	3654.84	51597.80	91688.37	825542.48	825542.48	0.00	0.00	0.00	0.01	0.76	0.00	0.04
812	36.00	26.00	3654.84	51597.80	91688.37	825542.48	825542.48	0.00	0.00	0.00	0.01	0.74	0.00	0.04
813	36.00	27.00	3654.84	51597.80	91688.37	825542.48	825542.48	0.00	0.00	0.00	0.01	0.81	0.00	0.04
814	36.00	28.00	3654.84	51597.80	91688.37	825542.48	825542.48	0.00	0.00	0.00	0.01	0.83	0.00	0.04
815	37.00	28.00	3654.84	51597.80	91688.37	825542.48	825542.48	0.00	0.00	0.00	0.01	0.82	0.00	0.04
816	37.00	29.00	3654.84	51597.80	91688.37	825542.48	825542.48	0.00	0.00	0.00	0.01	0.86	0.00	0.04
817	37.00	30.00	3654.84	51597.80	91688.37	825542.48	825542.48	0.00	0.00	0.00	0.01	1.18	0.00	0.04
818	38.00	30.00	3654.84	51597.80	91688.37	825542.48	825542.48	0.00	0.00	0.00	0.01	1.17	0.00	0.04
819	39.00	30.00	3654.84	51597.80	91688.37	825542.48	825542.48	0.00	0.00	0.00	0.01	1.15	0.00	0.04
820	40.00	30.00	3654.84	51597.80	91688.37	825542.48	825542.48	0.00	0.00	0.00	0.01	1.13	0.00	0.04
821	41.00	30.00	3654.84	51597.80	91688.37	825542.48	825542.48	0.00	0.00	0.00	0.01	1.12	0.00	0.04
822	41.00	31.00	3654.84	51597.80	91688.37	825542.48	825542.48	0.00	0.00	0.00	0.01	1.10	0.00	0.04
823	41.00	32.00	3654.84	51597.80	91688.37	825542.48	825542.48	0.00	0.00	0.00	0.01	1.10	0.00	0.04
824	41.00	33.00	3654.84	51597.80	91688.37	825542.48	825542.48	0.00	0.00	0.00	0.01	1.09	0.00	0.04
825	42.00	33.00	3654.84	51597.80	91688.37	825542.48	825542.48	0.00	0.00	0.00	0.01	1.07	0.00	0.04
826	42.00	34.00	3654.84	51597.80	91688.37	825542.48	825542.48	0.00	0.00	0.00	0.01	1.60	0.00	0.04
827	43.00	34.00	3654.84	51597.80	91688.37	825542.48	825542.48	0.00	0.00	0.00	0.01	1.58	0.00	0.04
828	44.00	34.00	3654.84	51597.80	91688.37	825542.48	825542.48	0.00	0.00	0.00	0.01	1.56	0.00	0.04
829	44.00	35.00	3654.84	51597.80	91688.37	825542.48	825542.48	0.00	0.00	0.00	0.01	1.82	0.00	0.04
830	45.00	35.00	3654.84	51597.80	91688.37	825542.48	825542.48	0.00	0.00	0.00	0.01	1.80	0.00	0.04
831	45.00	36.00	3654.84	51597.80	91688.37	825542.48	825542.48	0.00	0.00	0.00	0.01	1.81	0.00	0.04
832	45.00	37.00	3654.84	51597.80	91688.37	825542.48	825542.48	0.00	0.00	0.00	0.01	2.03	0.00	0.04
833	45.00	38.00	3654.84	51597.80	91688.37	825542.48	825542.48	0.00	0.00	0.00	0.01	2.02	0.00	0.04
834	45.00	39.00	3654.84	51597.80	91688.37	825542.48	825542.48	0.00	0.00	0.00	0.01	2.13	0.00	0.04
835	46.00	39.00	3654.84	51597.80	91688.37	825542.48	825542.48	0.00	0.00	0.00	0.01	2.10	0.00	0.04
836	47.00	39.00	3654.84	51597.80	91688.37	825542.48	825542.48	0.00	0.00	0.00	0.01	2.08	0.00	0.04
837	47.00	40.00	3654.84	51597.80	91688.37	825542.48	825542.48	0.00	0.00	0.00	0.01	2.28	0.00	0.04
838	48.00	40.00	3654.84	51597.80	91688.37	825542.48	825542.48	0.00	0.00	0.00	0.01	2.25	0.00	0.04
839	49.00	40.00	3654.84	51597.80	91688.37	825542.48	825542.48	0.00	0.00	0.00	0.01	2.22	0.00	0.04
840	49.00	41.00	3654.84	51597.80	91688.37	825542.48	825542.48	0.00	0.00	0.00	0.01	2.45	0.00	0.04
841	50.00	41.00	3654.84	51597.80	91688.37	825542.48	825542.48	0.00	0.00	0.00	0.01	2.42	0.00	0.04
842	50.00	42.00	3654.84	51597.80	91688.37	825542.48	825542.48	0.00	0.00	0.00	0.01	2.64	0.00	0.04
843	50.00	43.00	3654.84	51597.80	91688.37	825542.48	825542.48	0.00	0.00	0.00	0.09	2.64	0.01	0.04
844	51.00	43.00	3654.84	51597.80	91688.37	825542.48	825542.48	0.00	0.00	0.00	0.09	2.61	0.01	0.04
845	52.00	43.00	3654.84	51597.80	91688.37	825542.48	825542.48	0.00	0.00	0.00	0.09	2.58	0.01	0.04
846	53.00	43.00	3654.84	51597.80	91688.37	825542.48	825542.48	0.00	0.00	0.00	0.09	2.55	0.01	0.04
847	53.00	44.00	3654.84	51597.80	91688.37	825542.48	825542.48	0.00	0.00	0.00	0.09	2.63	0.01	0.04
848	54.00	44.00	3654.84	51597.80	91688.37	825542.48	825542.48	0.00	0.00	0.00	0.09	2.60	0.01	0.04
849	54.00	45.00	3654.84	51597.80	91688.37	825542.48	825542.48	0.00	0.00	0.00	0.09	2.57	0.01	0.04
850	55.00	45.00	3654.84	51597.80	91688.37	825542.48	825542.48	0.00	0.00	0.00	0.08	2.55	0.01	0.04
851	55.00	46.00	3654.84	51597.80	91688.37	825542.48	825542.48	0.00	0.00	0.00	0.08	2.53	0.01	0.04
852	55.00	47.00	3654.84	51597.80	91688.37	825542.48	825542.48	0.00	0.00	0.00	0.08	2.55	0.01	0.04
853	55.00	48.00	3654.84	51597.80	91688.37	825542.48	825542.48	0.00	0.00	0.00	0.08	2.56	0.01	0.04
854	55.00	49.00	3654.84	51597.80	91688.37	825542.48	825542.48	0.00	0.00	0.00	0.08	2.61	0.01	0.04
855	55.00	50.00	3654.84	51597.80	91688.37	825542.48	825542.48	0.00	0.00	0.00	0.08	2.98	0.01	0.04
856	55.00	51.00	3654.84	51597.80	91688.37	825542.48	825542.48	0.00	0.00	0.00	0.29	3.09	0.01	0.04
857	55.00	52.00	3654.84	51597.80	91688.37	825542.48	825542.48	0.00	0.00	0.00	0.29	3.11	0.01	0.04
858	55.00	53.00	3654.84	51597.80	91688.37	825542.48	825542.48	0.00	0.00	0.00	0.29	3.13	0.01	0.04
859	56.00	53.00	3654.84	51597.80	91688.37	825542.48	825542.48	0.00	0.00	0.00	0.28	3.10	0.01	0.04
860	57.00	53.00	3654.84	51597.80	91688.37	825542.48	825542.48	0.00	0.00	0.00	0.28	3.08	0.01	0.04
861	58.00	53.00	3654.84	51597.80	91688.37	825542.48	825542.48	0.00	0.00	0.00	0.28	3.05	0.01	0.04
862	59.00	53.00	3654.84	51597.80	91688.37	825542.48	825542.48	0.00	0.00	0.00	0.28	3.02	0.01	0.04
863	60.00	53.00	3654.84	51597.80	91688.37	825542.48	825542.48	0.00	0.00	0.00	0.27	2.99	0.01	0.04
864	60.00	54.00	3654.84	51597.80	91688.37	825542.48	825542.48	0.00	0.00	0.00	0.27	3.04	0.01	0.04
865	60.00	55.00	3654.84	51597.80	91688.37	825542.48	825542.48	0.00	0.00	0.00	0.27	3.10	0.02	0.04
866	60.00	56.00	3654.84	51597.80	91688.37	825542.48	825542.48	0.00	0.00	0.00	0.27	3.13	0.02	0.04
867	60.00	57.00	3654.84	51597.80	91688.37	825542.48	825542.48	0.00	0.00	0.00	0.63	3.16	0.02	0.04
868	61.00	57.00	3654.84	51597.80	91688.37	825542.48	825542.48	0.00	0.00	0.00	0.63	3.13	0.02	0.04
869	61.00	58.00	3654.84	51597.80	91688.37	825542.48	825542.48	0.00	0.00	0.00	0.62	3.30	0.02	0.04
870	62.00	58.00	3654.84	51597.80	91688.37	825542.48	825542.48	0.00	0.00	0.00	0.62	3.27	0.02	0.04
871	62.00	59.00	3654.84	51597.80	91688.37	825542.48	825542.48	0.00	0.00	0.00	0.61	3.25	0.02	0.04
872	62.00	60.00	3654.84	51597.80	91688.37	825542.48	825542.48	0.00	0.00	0.00	0.61	3.23	0.02	0.04
873	62.00	61.00	3654.84	51597.80	91688.37	825542.48	825542.48	0.00	0.00	0.00	0.60	3.24	0.02	0.04
874	63.00	61.00	3654.84	51597.80	91688.37	825542.48	825542.48	0.00	0.00	0.00	0.60	3.21	0.02	0.04
875	64.00	61.00	3654.84	51597.80	91688.37	825542.48	825542.48	0.00	0.00	0.00	0.59	3.19	0.02	0.04
876	64.00	62.00	3654.84	51597.80	91688.37	825542.48	825542.48	0.00	0.00	0.00	0.59	3.19	0.02	0.04
877	64.00	63.00	3654.84	51597.80	91688.37	825542.48	825542.48	0.00	0.00	0.00	0.58	3.17	0.02	0.04
878	65.00	63.00	3654.84	51597.80	91688.37	825542.48	825542.48	0.00	0.00	0.00	0.58	3.15	0.02	0.04
879	65.00	64.00	3654.84	51597.80	91688.37	825542.48	825542.48	0.00	0.00	0.00	0.57	3.18	0.02	0.04
880	66.00	64.00	3654.84	51597.80	91688.37	825542.48	825542.48	0.00	0.00	0.00	0.57	3.15	0.02	0.04
881	66.00	65.00	3654.84	51597.80	91688.37	825542.48	825542.48	0.00	0.00	0.00	0.57	3.17	0.02	0.04
882	66.00	66.00	3654.84	51597.80	91688.37	825542.48	825542.48	0.00	0.00	0.00	0.56	3.18	0.02	0.04
883	67.00	66.00	3654.84	51597.80	91688.37	825542.48	825542.48	0.00	0.00	0.00	0.56	3.15	0.02	0.04
884	67.00	67.00	3654.84	51597.80	91688.37	825542.48	825542.48	0.00	0.00	0.00	0.55	3.15	0.01	0.04
885	67.00	68.00	3654.84	51597.80	91688.37	825542.48	825542.48	0.00	0.00	0.00	0.55	3.33	0.01	0.04
886	67.00	69.00	3654.84	51597.80	91688.37	825542.48	825542.48	0.00	0.00	0.00	0.54	3.33	0.02	0.04
887	67.00	70.00	3654.84	51597.80	91688.37	825542.48	825542.48	0.00	0.00	0.00	0.54	3.33	0.02	0.04
888	67.00	71.00	3654.84	51597.80	91688.37	825542.48	825542.48	0.00	0.00	0.00	0.54	3.31	0.02	0.04
889	68.00	71.00	3654.84	51597.80	91688.37	825542.48	825542.48	0.00	0.00	0.00	0.54	3.29	0.02	0.04
890	69.00	71.00	3654.84	51597.80	91688.37	825542.48	825542.48	0.00	0.00	0.00	0.53	3.26	0.02	0.04
891	69.00	72.00	3654.84	51597.80	91688.37	825542.48	825542.48	0.00	0.00	0.00	0.53	3.26	0.02	0.04
892	69.00	73.00	3654.84	51597.80	91688.37	825542.48	825542.48	0.00	0.00	0.00	0.52	3.24	0.02	0.04
893	70.00	73.00	3654.84	51597.80	91688.37	825542.48	825542.48	0.00	0.00	0.00	0.52	3.22	0.02	0.04
894	71.00	73.00	3654.84	51597.80	91688.37	825542.48	825542.48	0.00	0.00	0.00	0.52	3.20	0.02	0.04
895	72.00	73.00	3654.84	51597.80	91688.37	825542.48	825542.48	0.00	0.00	0.00	0.51	3.17	0.02	0.04
896	73.00	73.00	3654.84	51597.80	91688.37	823118.62	823118.62	0.00	0.00	0.00	0.51	3.15	0.02	0.04
897	73.00	74.00	3654.84	51597.80	91688.37	823118.62	823118.62	0.00	0.00	0.00	0.51	3.15	0.02	0.04
898	74.00	74.00	3654.84	51597.80	91688.37	823118.62	823118.62	0.00	0.00	0.00	0.50	3.13	0.02	0.04
899	74.00	25.00	3654.84	51597.80	91688.37	823118.62	823118.62	0.00	0.00	0.00	0.01	0.40	0.01	0.04
900	25.00	25.00	3654.84	51597.80	91688.37	823118.62	823118.62	0.00	0.00	0.00	0.02	0.79	0.02	0.04
901	26.00	25.00	4385.81	61917.36	110026.05	823118.62	823118.62	0.00	0.00	0.00	0.02	0.77	0.02	0.04
902	27.00	25.00	4385.81	61917.36	110026.05	823118.62	823118.62	0.00	0.00	0.00	0.01	0.76	0.02	0.04
903	28.00	25.00	4385.81	61917.36	110026.05	823118.62	823118.62	0.00	0.00	0.00	0.01	0.75	0.02	0.04
904	29.00	25.00	4385.81	61917.36	110026.05	823118.62	823118.62	0.00	0.00	0.00	0.01	0.73	0.02	0.04
905	30.00	25.00	4385.81	61917.36	110026.05	823118.62	823118.62	0.00	0.00	0.00	0.01	0.72	0.02	0.04
906	30.00	26.00	4385.81	61917.36	110026.05	823118.62	823118.62	0.00	0.00	0.00	0.01	0.72	0.02	0.04
907	31.00	26.00	4385.81	61917.36	110026.05	823118.62	823118.62	0.00	0.00	0.00	0.01	0.70	0.02	0.04
908	32.00	26.00	4385.81	61917.36	110026.05	823118.62	823118.62	0.00	0.00	0.00	0.01	0.69	0.02	0.04
909	32.00	27.00	4385.81	61917.36	110026.05	823118.62	823118.62	0.00	0.00	0.00	0.01	0.84	0.02	0.04
910	32.00	28.00	4385.81	61917.36	110026.05	823118.62	823118.62	0.00	0.00	0.00	0.01	0.87	0.02	0.04
911	33.00	28.00	4385.81	61917.36	110026.05	823118.62	823118.62	0.00	0.00	0.00	0.01	0.86	0.02	0.04
912	33.00	29.00	4385.81	61917.36	110026.05	823118.62	823118.62	0.00	0.00	0.00	0.01	0.86	0.02	0.04
913	34.00	29.00	4385.81	61917.36	110026.05	823118.62	823118.62	0.00	0.00	0.00	0.01	0.84	0.02	0.04
914	35.00	29.00	4385.81	61917.36	110026.05	823118.62	823118.62	0.00	0.00	0.00	0.01	0.83	0.02	0.04
915	36.00	29.00	4385.81	61917.36	110026.05	823118.62	823118.62	0.00	0.00	0.00	0.01	0.82	0.02	0.04
916	37.00	29.00	4385.81	61917.36	110026.05	823118.62	823118.62	0.00	0.00	0.00	0.01	0.80	0.02	0.04
917	38.00	29.00	4385.81	61917.36	110026.05	823118.62	823118.62	0.00	0.00	0.00	0.01	0.79	0.01	0.04
918	39.00	29.00	4385.81	61917.36	110026.05	823118.62	823118.62	0.00	0.00	0.00	0.01	0.78	0.01	0.04
919	40.00	29.00	4385.81	61917.36	110026.05	823118.62	823118.62	0.00	0.00	0.00	0.01	0.77	0.01	0.04
920	41.00	29.00	4385.81	61917.36	110026.05	823118.62	823118.62	0.00	0.00	0.00	0.01	0.76	0.01	0.04
921	41.00	30.00	4385.81	61917.36	110026.05	823118.62	823118.62	0.00	0.00	0.00	0.01	0.77	0.01	0.04
922	41.00	31.00	4385.81	61917.36	110026.05	823118.62	823118.62	0.00	0.00	0.00	0.01	0.81	0.01	0.04
923	42.00	31.00	4385.81	61917.36	110026.05	823118.62	823118.62	0.00	0.00	0.00	0.01	0.80	0.01	0.04
924	43.00	31.00	4385.81	61917.36	110026.05	823118.62	823118.62	0.00	0.00	0.00	0.01	0.79	0.01	0.04
925	43.00	32.00	4385.81	61917.36	110026.05	823118.62	823118.62	0.00	0.00	0.00	0.01	0.85	0.03	0.04
926	44.00	32.00	4385.81	61917.36	110026.05	823118.62	823118.62	0.00	0.00	0.00	0.01	0.84	0.03	0.04
927	45.00	32.00	4385.81	61917.36	110026.05	823118.62	823118.62	0.00	0.00	0.00	0.01	0.83	0.03	0.04
928	46.00	32.00	4385.81	61917.36	110026.05	823118.62	823118.62	0.00	0.00	0.00	0.01	0.82	0.03	0.04
929	46.00	33.00	4385.81	61917.36	110026.05	823118.62	823118.62	0.00	0.00	0.00	0.01	0.81	0.03	0.04
930	46.00	34.00	4385.81	61917.36	110026.05	823118.62	823118.62	0.00	0.00	0.00	0.01	1.09	0.03	0.04
931	46.00	35.00	4385.81	61917.36	110026.05	823118.62	823118.62	0.00	0.00	0.00	0.01	1.14	0.02	0.04
932	46.00	36.00	4385.81	61917.36	110026.05	823118.62	823118.62	0.00	0.00	0.00	0.01	1.40	0.02	0.04
933	46.00	37.00	4385.81	61917.36	110026.05	823118.62	823118.62	0.00	0.00	0.00	0.01	1.41	0.02	0.04
934	46.00	38.00	4385.81	61917.36	110026.05	823118.62	823118.62	0.00	0.00	0.00	0.01	1.43	0.04	0.04
935	47.00	38.00	4385.81	61917.36	110026.05	823118.62	823118.62	0.00	0.00	0.00	0.01	1.41	0.04	0.04
936	47.00	39.00	4385.81	61917.36	110026.05	823118.62	823118.62	0.00	0.00	0.00	0.01	1.45	0.03	0.04
937	48.00	39.00	4385.81	61917.36	110026.05	823118.62	823118.62	0.00	0.00	0.00	0.01	1.43	0.03	0.04
938	48.00	40.00	4385.81	61917.36	110026.05	823118.62	823118.62	0.00	0.00	0.00	0.01	1.46	0.03	0.04
939	49.00	40.00	4385.81	61917.36	110026.05	823118.62	823118.62	0.00	0.00	0.00	0.01	1.44	0.03	0.04
940	50.00	40.00	4385.81	61917.36	110026.05	823118.62	823118.62	0.00	0.00	0.00	0.01	1.43	0.03	0.04
941	51.00	40.00	4385.81	61917.36	110026.05	823118.62	823118.62	0.00	0.00	0.00	0.01	1.41	0.03	0.04
942	51.00	41.00	4385.81	61917.36	110026.05	823118.62	823118.62	0.00	0.00	0.00	0.01	1.50	0.03	0.04
943	52.00	41.00	4385.81	61917.36	110026.05	823118.62	823118.62	0.00	0.00	0.00	0.01	1.48	0.03	0.04
944	52.00	42.00	4385.81	61917.36	110026.05	823118.62	823118.62	0.00	0.00	0.00	0.01	1.52	0.03	0.04
945	52.00	43.00	4385.81	61917.36	110026.05	823118.62	823118.62	0.00	0.00	0.00	0.01	1.54	0.03	0.04
946	52.00	44.00	4385.81	61917.36	110026.05	823118.62	823118.62	0.00	0.00	0.00	0.01	1.54	0.03	0.04
947	53.00	44.00	4385.81	61917.36	110026.05	823118.62	823118.62	0.00	0.00	0.00	0.01	1.53	0.03	0.04
948	53.00	45.00	4385.81	61917.36	110026.05	823118.62	823118.62	0.00	0.00	0.00	0.01	1.55	0.03	0.04
949	53.00	46.00	4385.81	61917.36	110026.05	823118.62	823118.62	0.00	0.00	0.00	0.01	1.56	0.03	0.04
950	53.00	47.00	4385.81	61917.36	110026.05	823118.62	823118.62	0.00	0.00	0.00	0.01	1.76	0.03	0.04
951	54.00	47.00	4385.81	61917.36	110026.05	823118.62	823118.62	0.00	0.00	0.00	0.01	1.75	0.03	0.04
952	55.00	47.00	4385.81	61917.36	110026.05	823118.62	823118.62	0.00	0.00	0.00	0.01	1.73	0.03	0.04
953	55.00	48.00	4385.81	61917.36	110026.05	823118.62	823118.62	0.00	0.00	0.00	0.01	1.77	0.03	0.04
954	55.00	49.00	4385.81	61917.36	110026.05	823118.62	823118.62	0.00	0.00	0.00	0.01	1.84	0.03	0.04
955	56.00	49.00	4385.81	61917.36	110026.05	823118.62	823118.62	0.00	0.00	0.00	0.01	1.82	0.03	0.04
956	57.00	49.00	4385.81	61917.36	110026.05	823118.62	823118.62	0.00	0.00	0.00	0.01	1.80	0.03	0.04
957	58.00	49.00	4385.81	61917.36	110026.05	823118.62	823118.62	0.00	0.00	0.00	0.01	1.78	0.03	0.04
958	58.00	50.00	4385.81	61917.36	110026.05	823118.62	823118.62	0.00	0.00	0.00	0.01	1.98	0.03	0.04
959	59.00	50.00	4385.81	61917.36	110026.05	823118.62	823118.62	0.00	0.00	0.00	0.01	1.96	0.03	0.04
960	60.00	50.00	4385.81	61917.36	110026.05	823118.62	823118.62	0.00	0.00	0.00	0.01	1.94	0.03	0.04
961	60.00	51.00	4385.81	61917.36	110026.05	823118.62	823118.62	0.00	0.00	0.00	0.04	1.94	0.03	0.04
962	61.00	51.00	4385.81	61917.36	110026.05	823118.62	823118.62	0.00	0.00	0.00	0.04	1.92	0.03	0.04
963	61.00	52.00	4385.81	61917.36	110026.05	823118.62	823118.62	0.00	0.00	0.00	0.04	2.01	0.03	0.04
964	61.00	53.00	4385.81	61917.36	110026.05	823118.62	823118.62	0.00	0.00	0.00	0.04	2.23	0.03	0.04
965	61.00	54.00	4385.81	61917.36	110026.05	823118.62	823118.62	0.00	0.00	0.00	0.04	2.23	0.03	0.04
966	61.00	55.00	4385.81	61917.36	110026.05	823118.62	823118.62	0.00	0.00	0.00	0.03	2.30	0.03	0.04
967	62.00	55.00	4385.81	61917.36	110026.05	823118.62	823118.62	0.00	0.00	0.00	0.03	2.28	0.03	0.04
968	63.00	55.00	4385.81	61917.36	110026.05	823118.62	823118.62	0.00	0.00	0.00	0.03	2.26	0.03	0.04
969	64.00	55.00	4385.81	61917.36	110026.05	823118.62	823118.62	0.00	0.00	0.00	0.03	2.24	0.03	0.04
970	64.00	56.00	4385.81	61917.36	110026.05	823118.62	823118.62	0.00	0.00	0.00	0.03	2.41	0.03	0.04
971	65.00	56.00	4385.81	61917.36	110026.05	823118.62	823118.62	0.00	0.00	0.00	0.03	2.39	0.02	0.04
972	65.00	57.00	4385.81	61917.36	110026.05	823118.62	823118.62	0.00	0.00	0.00	0.03	2.39	0.02	0.04
973	66.00	57.00	4385.81	61917.36	110026.05	823118.62	823118.62	0.00	0.00	0.00	0.03	2.37	0.02	0.04
974	66.00	58.00	4385.81	61917.36	110026.05	823118.62	823118.62	0.00	0.00	0.00	0.03	2.50	0.02	0.04
975	67.00	58.00	4385.81	61917.36	110026.05	823118.62	823118.62	0.00	0.00	0.00	0.03	2.48	0.02	0.04
976	67.00	59.00	4385.81	61917.36	110026.05	823118.62	823118.62	0.00	0.00	0.00	0.03	2.50	0.02	0.04
977	67.00	60.00	4385.81	61917.36	110026.05	823118.62	823118.62	0.00	0.00	0.00	0.03	2.48	0.02	0.04
978	68.00	60.00	4385.81	61917.36	110026.05	823118.62	823118.62	0.00	0.00	0.00	0.03	2.46	0.02	0.04
979	68.00	61.00	4385.81	61917.36	110026.05	823118.62	823118.62	0.00	0.00	0.00	0.03	2.44	0.02	0.04
980	68.00	62.00	4385.81	61917.36	110026.05	823118.62	823118.62	0.00	0.00	0.00	0.03	2.43	0.02	0.04
981	68.00	63.00	4385.81	61917.36	110026.05	823118.62	823118.62	0.00	0.00	0.00	0.03	2.44	0.02	0.04
982	68.00	64.00	4385.81	61917.36	110026.05	823118.62	823118.62	0.00	0.00	0.00	0.03	2.59	0.02	0.04
983	68.00	65.00	4385.81	61917.36	110026.05	823118.62	823118.62	0.00	0.00	0.00	0.03	2.61	0.02	0.04
984	68.00	66.00	4385.81	61917.36	110026.05	823118.62	823118.62	0.00	0.00	0.00	0.03	2.61	0.02	0.04
985	68.00	67.00	4385.81	61917.36	110026.05	823118.62	823118.62	0.00	0.00	0.00	0.03	2.61	0.02	0.04
986	68.00	68.00	4385.81	61917.36	110026.05	823118.62	823118.62	0.00	0.00	0.00	0.03	2.60	0.02	0.04
987	69.00	68.00	4385.81	61917.36	110026.05	823118.62	823118.62	0.00	0.00	0.00	0.03	2.58	0.02	0.04
988	69.00	69.00	4385.81	61917.36	110026.05	823118.62	823118.62	0.00	0.00	0.00	0.03	2.61	0.02	0.04
989	70.00	69.00	4385.81	61917.36	110026.05	823118.62	823118.62	0.00	0.00	0.00	0.03	2.59	0.02	0.04
990	70.00	70.00	4385.81	61917.36	110026.05	823118.62	823118.62	0.00	0.00	0.00	0.03	2.60	0.02	0.04
991	70.00	71.00	4385.81	61917.36	110026.05	823118.62	823118.62	0.00	0.00	0.00	0.03	2.75	0.02	0.04
992	71.00	71.00	4385.81	61917.36	110026.05	823118.62	823118.62	0.00	0.00	0.00	0.03	2.73	0.02	0.04
993	71.00	72.00	4385.81	61917.36	110026.05	823118.62	823118.62	0.00	0.00	0.00	0.03	2.72	0.02	0.04
994	71.00	73.00	4385.81	61917.36	110026.05	823118.62	823118.62	0.00	0.00	0.00	0.03	2.72	0.02	0.04
995	72.00	73.00	4385.81	61917.36	110026.05	823118.62	823118.62	0.00	0.00	0.00	0.03	2.71	0.02	0.04
996	72.00	74.00	4385.81	61917.36	110026.05	823118.62	823118.62	0.00	0.00	0.00	0.03	2.88	0.02	0.04
997	72.00	25.00	4385.81	61917.36	110026.05	823118.62	823118.62	0.00	0.00	0.00	0.00	0.59	0.00	0.04
998	73.00	25.00	4385.81	61917.36	110026.05	823118.62	823118.62	0.00	0.00	0.00	0.00	0.58	0.00	0.04
999	74.00	25.00	4385.81	61917.36	110026.05	823118.62	823118.62	0.00	0.00	0.00	0.00	0.58	0.00	0.04
1000	25.00	25.00	4385.81	61917.36	110026.05	823118.62	823118.62	0.00	0.00	0.00	0.00	1.14	0.00	0.04
