!Summary:
!Execution time: 0,67 seconds
!Total # voyages: 1536 (256 unique)
!Number of installations (excluding depot): 8
!Number of time windows: 0
!Number of vessels: 6

!Min. # installations: 1
!Max. number of installations: 8
!Min. duration: 32
!Max. duration: 80

!Name: PSV_6	 # voyages: 256
!Name: PSV_2	 # voyages: 256
!Name: PSV_3	 # voyages: 256
!Name: PSV_1	 # voyages: 256
!Name: PSV_4	 # voyages: 256
!Name: PSV_5	 # voyages: 256
!------------------------------------------------------------------------------------------------------------------------
nV : 6
nR : 256
nN : 8
nT : 7
minL : 1
maxL : 3

! Sets: 
Rv : [
[1, 2, 3, 4, 5, 6, 7, 8, 9, 10, 11, 12, 13, 14, 15, 16, 17, 18, 19, 20, 21, 22, 23, 24, 25, 26, 27, 28, 29, 30, 31, 32, 33, 34, 35, 36, 37, 38, 39, 40, 41, 42, 43, 44, 45, 46, 47, 48, 49, 50, 51, 52, 53, 54, 55, 56, 57, 58, 59, 60, 61, 62, 63, 64, 65, 66, 67, 68, 69, 70, 71, 72, 73, 74, 75, 76, 77, 78, 79, 80, 81, 82, 83, 84, 85, 86, 87, 88, 89, 90, 91, 92, 93, 94, 95, 96, 97, 98, 99, 100, 101, 102, 103, 104, 105, 106, 107, 108, 109, 110, 111, 112, 113, 114, 115, 116, 117, 118, 119, 120, 121, 122, 123, 124, 125, 126, 127, 128, 129, 130, 131, 132, 133, 134, 135, 136, 137, 138, 139, 140, 141, 142, 143, 144, 145, 146, 147, 148, 149, 150, 151, 152, 153, 154, 155, 156, 157, 158, 159, 160, 161, 162, 163, 164, 165, 166, 167, 168, 169, 170, 171, 172, 173, 174, 175, 176, 177, 178, 179, 180, 181, 182, 183, 184, 185, 186, 187, 188, 189, 190, 191, 192, 193, 194, 195, 196, 197, 198, 199, 200, 201, 202, 203, 204, 205, 206, 207, 208, 209, 210, 211, 212, 213, 214, 215, 216, 217, 218, 219, 220, 221, 222, 223, 224, 225, 226, 227, 228, 229, 230, 231, 232, 233, 234, 235, 236, 237, 238, 239, 240, 241, 242, 243, 244, 245, 246, 247, 248, 249, 250, 251, 252, 253, 254, 255, 256]!Vessel: PSV_1
[1, 2, 3, 4, 5, 6, 7, 8, 9, 10, 11, 12, 13, 14, 15, 16, 17, 18, 19, 20, 21, 22, 23, 24, 25, 26, 27, 28, 29, 30, 31, 32, 33, 34, 35, 36, 37, 38, 39, 40, 41, 42, 43, 44, 45, 46, 47, 48, 49, 50, 51, 52, 53, 54, 55, 56, 57, 58, 59, 60, 61, 62, 63, 64, 65, 66, 67, 68, 69, 70, 71, 72, 73, 74, 75, 76, 77, 78, 79, 80, 81, 82, 83, 84, 85, 86, 87, 88, 89, 90, 91, 92, 93, 94, 95, 96, 97, 98, 99, 100, 101, 102, 103, 104, 105, 106, 107, 108, 109, 110, 111, 112, 113, 114, 115, 116, 117, 118, 119, 120, 121, 122, 123, 124, 125, 126, 127, 128, 129, 130, 131, 132, 133, 134, 135, 136, 137, 138, 139, 140, 141, 142, 143, 144, 145, 146, 147, 148, 149, 150, 151, 152, 153, 154, 155, 156, 157, 158, 159, 160, 161, 162, 163, 164, 165, 166, 167, 168, 169, 170, 171, 172, 173, 174, 175, 176, 177, 178, 179, 180, 181, 182, 183, 184, 185, 186, 187, 188, 189, 190, 191, 192, 193, 194, 195, 196, 197, 198, 199, 200, 201, 202, 203, 204, 205, 206, 207, 208, 209, 210, 211, 212, 213, 214, 215, 216, 217, 218, 219, 220, 221, 222, 223, 224, 225, 226, 227, 228, 229, 230, 231, 232, 233, 234, 235, 236, 237, 238, 239, 240, 241, 242, 243, 244, 245, 246, 247, 248, 249, 250, 251, 252, 253, 254, 255, 256]!Vessel: PSV_2
[1, 2, 3, 4, 5, 6, 7, 8, 9, 10, 11, 12, 13, 14, 15, 16, 17, 18, 19, 20, 21, 22, 23, 24, 25, 26, 27, 28, 29, 30, 31, 32, 33, 34, 35, 36, 37, 38, 39, 40, 41, 42, 43, 44, 45, 46, 47, 48, 49, 50, 51, 52, 53, 54, 55, 56, 57, 58, 59, 60, 61, 62, 63, 64, 65, 66, 67, 68, 69, 70, 71, 72, 73, 74, 75, 76, 77, 78, 79, 80, 81, 82, 83, 84, 85, 86, 87, 88, 89, 90, 91, 92, 93, 94, 95, 96, 97, 98, 99, 100, 101, 102, 103, 104, 105, 106, 107, 108, 109, 110, 111, 112, 113, 114, 115, 116, 117, 118, 119, 120, 121, 122, 123, 124, 125, 126, 127, 128, 129, 130, 131, 132, 133, 134, 135, 136, 137, 138, 139, 140, 141, 142, 143, 144, 145, 146, 147, 148, 149, 150, 151, 152, 153, 154, 155, 156, 157, 158, 159, 160, 161, 162, 163, 164, 165, 166, 167, 168, 169, 170, 171, 172, 173, 174, 175, 176, 177, 178, 179, 180, 181, 182, 183, 184, 185, 186, 187, 188, 189, 190, 191, 192, 193, 194, 195, 196, 197, 198, 199, 200, 201, 202, 203, 204, 205, 206, 207, 208, 209, 210, 211, 212, 213, 214, 215, 216, 217, 218, 219, 220, 221, 222, 223, 224, 225, 226, 227, 228, 229, 230, 231, 232, 233, 234, 235, 236, 237, 238, 239, 240, 241, 242, 243, 244, 245, 246, 247, 248, 249, 250, 251, 252, 253, 254, 255, 256]!Vessel: PSV_3
[1, 2, 3, 4, 5, 6, 7, 8, 9, 10, 11, 12, 13, 14, 15, 16, 17, 18, 19, 20, 21, 22, 23, 24, 25, 26, 27, 28, 29, 30, 31, 32, 33, 34, 35, 36, 37, 38, 39, 40, 41, 42, 43, 44, 45, 46, 47, 48, 49, 50, 51, 52, 53, 54, 55, 56, 57, 58, 59, 60, 61, 62, 63, 64, 65, 66, 67, 68, 69, 70, 71, 72, 73, 74, 75, 76, 77, 78, 79, 80, 81, 82, 83, 84, 85, 86, 87, 88, 89, 90, 91, 92, 93, 94, 95, 96, 97, 98, 99, 100, 101, 102, 103, 104, 105, 106, 107, 108, 109, 110, 111, 112, 113, 114, 115, 116, 117, 118, 119, 120, 121, 122, 123, 124, 125, 126, 127, 128, 129, 130, 131, 132, 133, 134, 135, 136, 137, 138, 139, 140, 141, 142, 143, 144, 145, 146, 147, 148, 149, 150, 151, 152, 153, 154, 155, 156, 157, 158, 159, 160, 161, 162, 163, 164, 165, 166, 167, 168, 169, 170, 171, 172, 173, 174, 175, 176, 177, 178, 179, 180, 181, 182, 183, 184, 185, 186, 187, 188, 189, 190, 191, 192, 193, 194, 195, 196, 197, 198, 199, 200, 201, 202, 203, 204, 205, 206, 207, 208, 209, 210, 211, 212, 213, 214, 215, 216, 217, 218, 219, 220, 221, 222, 223, 224, 225, 226, 227, 228, 229, 230, 231, 232, 233, 234, 235, 236, 237, 238, 239, 240, 241, 242, 243, 244, 245, 246, 247, 248, 249, 250, 251, 252, 253, 254, 255, 256]!Vessel: PSV_4
[1, 2, 3, 4, 5, 6, 7, 8, 9, 10, 11, 12, 13, 14, 15, 16, 17, 18, 19, 20, 21, 22, 23, 24, 25, 26, 27, 28, 29, 30, 31, 32, 33, 34, 35, 36, 37, 38, 39, 40, 41, 42, 43, 44, 45, 46, 47, 48, 49, 50, 51, 52, 53, 54, 55, 56, 57, 58, 59, 60, 61, 62, 63, 64, 65, 66, 67, 68, 69, 70, 71, 72, 73, 74, 75, 76, 77, 78, 79, 80, 81, 82, 83, 84, 85, 86, 87, 88, 89, 90, 91, 92, 93, 94, 95, 96, 97, 98, 99, 100, 101, 102, 103, 104, 105, 106, 107, 108, 109, 110, 111, 112, 113, 114, 115, 116, 117, 118, 119, 120, 121, 122, 123, 124, 125, 126, 127, 128, 129, 130, 131, 132, 133, 134, 135, 136, 137, 138, 139, 140, 141, 142, 143, 144, 145, 146, 147, 148, 149, 150, 151, 152, 153, 154, 155, 156, 157, 158, 159, 160, 161, 162, 163, 164, 165, 166, 167, 168, 169, 170, 171, 172, 173, 174, 175, 176, 177, 178, 179, 180, 181, 182, 183, 184, 185, 186, 187, 188, 189, 190, 191, 192, 193, 194, 195, 196, 197, 198, 199, 200, 201, 202, 203, 204, 205, 206, 207, 208, 209, 210, 211, 212, 213, 214, 215, 216, 217, 218, 219, 220, 221, 222, 223, 224, 225, 226, 227, 228, 229, 230, 231, 232, 233, 234, 235, 236, 237, 238, 239, 240, 241, 242, 243, 244, 245, 246, 247, 248, 249, 250, 251, 252, 253, 254, 255, 256]!Vessel: PSV_5
[1, 2, 3, 4, 5, 6, 7, 8, 9, 10, 11, 12, 13, 14, 15, 16, 17, 18, 19, 20, 21, 22, 23, 24, 25, 26, 27, 28, 29, 30, 31, 32, 33, 34, 35, 36, 37, 38, 39, 40, 41, 42, 43, 44, 45, 46, 47, 48, 49, 50, 51, 52, 53, 54, 55, 56, 57, 58, 59, 60, 61, 62, 63, 64, 65, 66, 67, 68, 69, 70, 71, 72, 73, 74, 75, 76, 77, 78, 79, 80, 81, 82, 83, 84, 85, 86, 87, 88, 89, 90, 91, 92, 93, 94, 95, 96, 97, 98, 99, 100, 101, 102, 103, 104, 105, 106, 107, 108, 109, 110, 111, 112, 113, 114, 115, 116, 117, 118, 119, 120, 121, 122, 123, 124, 125, 126, 127, 128, 129, 130, 131, 132, 133, 134, 135, 136, 137, 138, 139, 140, 141, 142, 143, 144, 145, 146, 147, 148, 149, 150, 151, 152, 153, 154, 155, 156, 157, 158, 159, 160, 161, 162, 163, 164, 165, 166, 167, 168, 169, 170, 171, 172, 173, 174, 175, 176, 177, 178, 179, 180, 181, 182, 183, 184, 185, 186, 187, 188, 189, 190, 191, 192, 193, 194, 195, 196, 197, 198, 199, 200, 201, 202, 203, 204, 205, 206, 207, 208, 209, 210, 211, 212, 213, 214, 215, 216, 217, 218, 219, 220, 221, 222, 223, 224, 225, 226, 227, 228, 229, 230, 231, 232, 233, 234, 235, 236, 237, 238, 239, 240, 241, 242, 243, 244, 245, 246, 247, 248, 249, 250, 251, 252, 253, 254, 255, 256]!Vessel: PSV_6
] 

Rvi : [
!i : 1, 2, 3, 4, 5, 6, 7, 8
[2, 10, 11, 12, 13, 14, 15, 27, 38, 39, 40, 41, 42, 43, 44, 45, 46, 47, 48, 49, 50, 51, 52, 53, 54, 55, 56, 67, 90, 94, 95, 96, 97, 98, 99, 100, 101, 102, 103, 104, 105, 106, 107, 108, 109, 110, 111, 112, 113, 114, 115, 116, 117, 118, 121, 123, 125, 129, 131, 134, 138, 141, 149, 155, 164, 165, 166, 167, 168, 169, 170, 171, 172, 173, 174, 175, 176, 177, 178, 179, 180, 181, 182, 183, 184, 185, 186, 187, 188, 190, 192, 193, 197, 200, 202, 203, 204, 208, 210, 220, 221, 222, 223, 224, 225, 226, 227, 228, 229, 230, 231, 232, 233, 234, 235, 236, 239, 241, 242, 243, 248, 249, 250, 251, 252, 253, 254, 256], [3, 10, 16, 17, 18, 19, 20, 21, 38, 41, 43, 44, 50, 57, 58, 59, 60, 61, 62, 63, 64, 65, 66, 67, 68, 69, 70, 71, 72, 94, 95, 96, 103, 106, 108, 109, 119, 120, 121, 122, 123, 124, 125, 126, 127, 128, 129, 130, 131, 132, 133, 134, 135, 136, 137, 138, 139, 140, 141, 142, 143, 144, 145, 146, 164, 165, 166, 167, 173, 174, 175, 176, 177, 178, 189, 190, 191, 192, 193, 194, 195, 196, 197, 198, 199, 200, 201, 202, 203, 204, 205, 206, 207, 208, 209, 210, 211, 212, 213, 220, 221, 222, 224, 225, 226, 227, 228, 229, 230, 231, 237, 238, 239, 240, 241, 242, 243, 244, 245, 246, 248, 249, 250, 252, 253, 254, 255, 256], [4, 11, 16, 22, 23, 24, 25, 26, 38, 39, 40, 45, 51, 54, 57, 58, 59, 62, 68, 73, 74, 75, 76, 78, 79, 80, 87, 91, 92, 94, 97, 98, 99, 104, 105, 110, 111, 112, 115, 119, 120, 121, 122, 123, 125, 126, 127, 128, 134, 135, 136, 137, 142, 147, 149, 150, 151, 156, 157, 158, 159, 160, 161, 162, 164, 165, 168, 169, 170, 172, 173, 174, 175, 177, 179, 180, 181, 182, 183, 184, 189, 191, 192, 194, 195, 197, 198, 199, 200, 201, 204, 205, 206, 207, 214, 215, 216, 218, 219, 220, 221, 222, 223, 224, 225, 227, 228, 229, 232, 233, 234, 235, 237, 238, 240, 241, 242, 244, 245, 247, 248, 249, 250, 251, 252, 253, 255, 256], [5, 17, 22, 27, 28, 29, 30, 31, 39, 41, 42, 46, 52, 55, 57, 60, 61, 63, 69, 73, 75, 76, 77, 81, 82, 83, 88, 91, 93, 94, 95, 97, 100, 101, 104, 106, 107, 110, 113, 114, 116, 119, 120, 124, 126, 129, 130, 132, 135, 138, 139, 140, 143, 147, 148, 149, 150, 151, 152, 153, 158, 159, 160, 163, 164, 165, 166, 168, 169, 171, 172, 175, 176, 179, 180, 182, 185, 186, 188, 189, 190, 191, 193, 194, 196, 197, 198, 199, 202, 205, 208, 209, 211, 213, 215, 216, 217, 218, 219, 220, 221, 222, 223, 224, 225, 226, 229, 230, 232, 233, 234, 236, 237, 238, 239, 240, 243, 244, 246, 247, 248, 249, 251, 252, 253, 254, 255, 256], [6, 12, 18, 23, 28, 32, 33, 34, 40, 42, 43, 47, 53, 56, 58, 60, 64, 66, 70, 73, 78, 79, 80, 81, 82, 83, 84, 85, 86, 95, 96, 98, 100, 102, 105, 107, 108, 111, 113, 117, 119, 121, 122, 124, 127, 130, 133, 136, 139, 141, 144, 146, 149, 150, 151, 152, 153, 154, 155, 156, 157, 158, 161, 163, 165, 166, 167, 168, 170, 171, 172, 177, 178, 179, 181, 183, 185, 187, 188, 189, 190, 191, 192, 193, 195, 196, 198, 200, 201, 203, 206, 209, 212, 213, 214, 215, 216, 217, 218, 221, 222, 223, 227, 228, 229, 230, 231, 232, 233, 235, 236, 237, 238, 239, 240, 241, 243, 245, 246, 247, 248, 250, 251, 252, 253, 254, 255, 256], [7, 13, 19, 24, 29, 32, 35, 36, 44, 45, 46, 47, 48, 49, 62, 63, 64, 65, 71, 74, 75, 77, 78, 81, 84, 85, 87, 89, 93, 96, 97, 98, 99, 100, 101, 102, 103, 115, 116, 117, 118, 125, 126, 127, 128, 129, 130, 131, 132, 133, 142, 143, 144, 145, 147, 148, 150, 152, 154, 156, 160, 161, 162, 163, 164, 167, 168, 169, 170, 171, 173, 176, 178, 182, 183, 184, 185, 186, 187, 191, 192, 193, 194, 195, 196, 204, 205, 206, 207, 208, 209, 210, 211, 212, 214, 215, 216, 217, 219, 220, 221, 223, 224, 226, 227, 230, 231, 233, 234, 235, 236, 237, 240, 241, 242, 243, 244, 245, 246, 247, 248, 249, 250, 251, 252, 254, 255, 256], [8, 14, 20, 25, 30, 33, 35, 37, 48, 50, 51, 52, 53, 59, 61, 65, 66, 72, 76, 77, 79, 82, 85, 86, 87, 88, 89, 90, 92, 99, 101, 102, 104, 105, 106, 107, 108, 109, 112, 114, 118, 120, 122, 123, 124, 128, 131, 132, 133, 137, 140, 145, 146, 147, 148, 151, 152, 153, 154, 155, 156, 157, 159, 162, 169, 170, 171, 172, 173, 174, 175, 176, 177, 178, 180, 181, 184, 186, 187, 188, 189, 190, 194, 195, 196, 199, 201, 202, 203, 207, 210, 211, 212, 213, 214, 216, 217, 218, 219, 223, 224, 225, 226, 227, 228, 229, 230, 231, 232, 234, 235, 236, 237, 238, 239, 242, 244, 245, 246, 247, 249, 250, 251, 252, 253, 254, 255, 256], [9, 15, 21, 26, 31, 34, 36, 37, 49, 54, 55, 56, 67, 68, 69, 70, 71, 72, 74, 80, 83, 84, 86, 88, 89, 90, 91, 92, 93, 103, 109, 110, 111, 112, 113, 114, 115, 116, 117, 118, 134, 135, 136, 137, 138, 139, 140, 141, 142, 143, 144, 145, 146, 148, 153, 154, 155, 157, 158, 159, 160, 161, 162, 163, 166, 167, 174, 179, 180, 181, 182, 183, 184, 185, 186, 187, 188, 197, 198, 199, 200, 201, 202, 203, 204, 205, 206, 207, 208, 209, 210, 211, 212, 213, 214, 215, 217, 218, 219, 220, 222, 225, 226, 228, 231, 232, 233, 234, 235, 236, 238, 239, 240, 241, 242, 243, 244, 245, 246, 247, 248, 249, 250, 251, 253, 254, 255, 256]!Vessel: PSV_1
[2, 10, 11, 12, 13, 14, 15, 27, 38, 39, 40, 41, 42, 43, 44, 45, 46, 47, 48, 49, 50, 51, 52, 53, 54, 55, 56, 67, 90, 94, 95, 96, 97, 98, 99, 100, 101, 102, 103, 104, 105, 106, 107, 108, 109, 110, 111, 112, 113, 114, 115, 116, 117, 118, 121, 123, 125, 129, 131, 134, 138, 141, 149, 155, 164, 165, 166, 167, 168, 169, 170, 171, 172, 173, 174, 175, 176, 177, 178, 179, 180, 181, 182, 183, 184, 185, 186, 187, 188, 190, 192, 193, 197, 200, 202, 203, 204, 208, 210, 220, 221, 222, 223, 224, 225, 226, 227, 228, 229, 230, 231, 232, 233, 234, 235, 236, 239, 241, 242, 243, 248, 249, 250, 251, 252, 253, 254, 256], [3, 10, 16, 17, 18, 19, 20, 21, 38, 41, 43, 44, 50, 57, 58, 59, 60, 61, 62, 63, 64, 65, 66, 67, 68, 69, 70, 71, 72, 94, 95, 96, 103, 106, 108, 109, 119, 120, 121, 122, 123, 124, 125, 126, 127, 128, 129, 130, 131, 132, 133, 134, 135, 136, 137, 138, 139, 140, 141, 142, 143, 144, 145, 146, 164, 165, 166, 167, 173, 174, 175, 176, 177, 178, 189, 190, 191, 192, 193, 194, 195, 196, 197, 198, 199, 200, 201, 202, 203, 204, 205, 206, 207, 208, 209, 210, 211, 212, 213, 220, 221, 222, 224, 225, 226, 227, 228, 229, 230, 231, 237, 238, 239, 240, 241, 242, 243, 244, 245, 246, 248, 249, 250, 252, 253, 254, 255, 256], [4, 11, 16, 22, 23, 24, 25, 26, 38, 39, 40, 45, 51, 54, 57, 58, 59, 62, 68, 73, 74, 75, 76, 78, 79, 80, 87, 91, 92, 94, 97, 98, 99, 104, 105, 110, 111, 112, 115, 119, 120, 121, 122, 123, 125, 126, 127, 128, 134, 135, 136, 137, 142, 147, 149, 150, 151, 156, 157, 158, 159, 160, 161, 162, 164, 165, 168, 169, 170, 172, 173, 174, 175, 177, 179, 180, 181, 182, 183, 184, 189, 191, 192, 194, 195, 197, 198, 199, 200, 201, 204, 205, 206, 207, 214, 215, 216, 218, 219, 220, 221, 222, 223, 224, 225, 227, 228, 229, 232, 233, 234, 235, 237, 238, 240, 241, 242, 244, 245, 247, 248, 249, 250, 251, 252, 253, 255, 256], [5, 17, 22, 27, 28, 29, 30, 31, 39, 41, 42, 46, 52, 55, 57, 60, 61, 63, 69, 73, 75, 76, 77, 81, 82, 83, 88, 91, 93, 94, 95, 97, 100, 101, 104, 106, 107, 110, 113, 114, 116, 119, 120, 124, 126, 129, 130, 132, 135, 138, 139, 140, 143, 147, 148, 149, 150, 151, 152, 153, 158, 159, 160, 163, 164, 165, 166, 168, 169, 171, 172, 175, 176, 179, 180, 182, 185, 186, 188, 189, 190, 191, 193, 194, 196, 197, 198, 199, 202, 205, 208, 209, 211, 213, 215, 216, 217, 218, 219, 220, 221, 222, 223, 224, 225, 226, 229, 230, 232, 233, 234, 236, 237, 238, 239, 240, 243, 244, 246, 247, 248, 249, 251, 252, 253, 254, 255, 256], [6, 12, 18, 23, 28, 32, 33, 34, 40, 42, 43, 47, 53, 56, 58, 60, 64, 66, 70, 73, 78, 79, 80, 81, 82, 83, 84, 85, 86, 95, 96, 98, 100, 102, 105, 107, 108, 111, 113, 117, 119, 121, 122, 124, 127, 130, 133, 136, 139, 141, 144, 146, 149, 150, 151, 152, 153, 154, 155, 156, 157, 158, 161, 163, 165, 166, 167, 168, 170, 171, 172, 177, 178, 179, 181, 183, 185, 187, 188, 189, 190, 191, 192, 193, 195, 196, 198, 200, 201, 203, 206, 209, 212, 213, 214, 215, 216, 217, 218, 221, 222, 223, 227, 228, 229, 230, 231, 232, 233, 235, 236, 237, 238, 239, 240, 241, 243, 245, 246, 247, 248, 250, 251, 252, 253, 254, 255, 256], [7, 13, 19, 24, 29, 32, 35, 36, 44, 45, 46, 47, 48, 49, 62, 63, 64, 65, 71, 74, 75, 77, 78, 81, 84, 85, 87, 89, 93, 96, 97, 98, 99, 100, 101, 102, 103, 115, 116, 117, 118, 125, 126, 127, 128, 129, 130, 131, 132, 133, 142, 143, 144, 145, 147, 148, 150, 152, 154, 156, 160, 161, 162, 163, 164, 167, 168, 169, 170, 171, 173, 176, 178, 182, 183, 184, 185, 186, 187, 191, 192, 193, 194, 195, 196, 204, 205, 206, 207, 208, 209, 210, 211, 212, 214, 215, 216, 217, 219, 220, 221, 223, 224, 226, 227, 230, 231, 233, 234, 235, 236, 237, 240, 241, 242, 243, 244, 245, 246, 247, 248, 249, 250, 251, 252, 254, 255, 256], [8, 14, 20, 25, 30, 33, 35, 37, 48, 50, 51, 52, 53, 59, 61, 65, 66, 72, 76, 77, 79, 82, 85, 86, 87, 88, 89, 90, 92, 99, 101, 102, 104, 105, 106, 107, 108, 109, 112, 114, 118, 120, 122, 123, 124, 128, 131, 132, 133, 137, 140, 145, 146, 147, 148, 151, 152, 153, 154, 155, 156, 157, 159, 162, 169, 170, 171, 172, 173, 174, 175, 176, 177, 178, 180, 181, 184, 186, 187, 188, 189, 190, 194, 195, 196, 199, 201, 202, 203, 207, 210, 211, 212, 213, 214, 216, 217, 218, 219, 223, 224, 225, 226, 227, 228, 229, 230, 231, 232, 234, 235, 236, 237, 238, 239, 242, 244, 245, 246, 247, 249, 250, 251, 252, 253, 254, 255, 256], [9, 15, 21, 26, 31, 34, 36, 37, 49, 54, 55, 56, 67, 68, 69, 70, 71, 72, 74, 80, 83, 84, 86, 88, 89, 90, 91, 92, 93, 103, 109, 110, 111, 112, 113, 114, 115, 116, 117, 118, 134, 135, 136, 137, 138, 139, 140, 141, 142, 143, 144, 145, 146, 148, 153, 154, 155, 157, 158, 159, 160, 161, 162, 163, 166, 167, 174, 179, 180, 181, 182, 183, 184, 185, 186, 187, 188, 197, 198, 199, 200, 201, 202, 203, 204, 205, 206, 207, 208, 209, 210, 211, 212, 213, 214, 215, 217, 218, 219, 220, 222, 225, 226, 228, 231, 232, 233, 234, 235, 236, 238, 239, 240, 241, 242, 243, 244, 245, 246, 247, 248, 249, 250, 251, 253, 254, 255, 256]!Vessel: PSV_2
[2, 10, 11, 12, 13, 14, 15, 27, 38, 39, 40, 41, 42, 43, 44, 45, 46, 47, 48, 49, 50, 51, 52, 53, 54, 55, 56, 67, 90, 94, 95, 96, 97, 98, 99, 100, 101, 102, 103, 104, 105, 106, 107, 108, 109, 110, 111, 112, 113, 114, 115, 116, 117, 118, 121, 123, 125, 129, 131, 134, 138, 141, 149, 155, 164, 165, 166, 167, 168, 169, 170, 171, 172, 173, 174, 175, 176, 177, 178, 179, 180, 181, 182, 183, 184, 185, 186, 187, 188, 190, 192, 193, 197, 200, 202, 203, 204, 208, 210, 220, 221, 222, 223, 224, 225, 226, 227, 228, 229, 230, 231, 232, 233, 234, 235, 236, 239, 241, 242, 243, 248, 249, 250, 251, 252, 253, 254, 256], [3, 10, 16, 17, 18, 19, 20, 21, 38, 41, 43, 44, 50, 57, 58, 59, 60, 61, 62, 63, 64, 65, 66, 67, 68, 69, 70, 71, 72, 94, 95, 96, 103, 106, 108, 109, 119, 120, 121, 122, 123, 124, 125, 126, 127, 128, 129, 130, 131, 132, 133, 134, 135, 136, 137, 138, 139, 140, 141, 142, 143, 144, 145, 146, 164, 165, 166, 167, 173, 174, 175, 176, 177, 178, 189, 190, 191, 192, 193, 194, 195, 196, 197, 198, 199, 200, 201, 202, 203, 204, 205, 206, 207, 208, 209, 210, 211, 212, 213, 220, 221, 222, 224, 225, 226, 227, 228, 229, 230, 231, 237, 238, 239, 240, 241, 242, 243, 244, 245, 246, 248, 249, 250, 252, 253, 254, 255, 256], [4, 11, 16, 22, 23, 24, 25, 26, 38, 39, 40, 45, 51, 54, 57, 58, 59, 62, 68, 73, 74, 75, 76, 78, 79, 80, 87, 91, 92, 94, 97, 98, 99, 104, 105, 110, 111, 112, 115, 119, 120, 121, 122, 123, 125, 126, 127, 128, 134, 135, 136, 137, 142, 147, 149, 150, 151, 156, 157, 158, 159, 160, 161, 162, 164, 165, 168, 169, 170, 172, 173, 174, 175, 177, 179, 180, 181, 182, 183, 184, 189, 191, 192, 194, 195, 197, 198, 199, 200, 201, 204, 205, 206, 207, 214, 215, 216, 218, 219, 220, 221, 222, 223, 224, 225, 227, 228, 229, 232, 233, 234, 235, 237, 238, 240, 241, 242, 244, 245, 247, 248, 249, 250, 251, 252, 253, 255, 256], [5, 17, 22, 27, 28, 29, 30, 31, 39, 41, 42, 46, 52, 55, 57, 60, 61, 63, 69, 73, 75, 76, 77, 81, 82, 83, 88, 91, 93, 94, 95, 97, 100, 101, 104, 106, 107, 110, 113, 114, 116, 119, 120, 124, 126, 129, 130, 132, 135, 138, 139, 140, 143, 147, 148, 149, 150, 151, 152, 153, 158, 159, 160, 163, 164, 165, 166, 168, 169, 171, 172, 175, 176, 179, 180, 182, 185, 186, 188, 189, 190, 191, 193, 194, 196, 197, 198, 199, 202, 205, 208, 209, 211, 213, 215, 216, 217, 218, 219, 220, 221, 222, 223, 224, 225, 226, 229, 230, 232, 233, 234, 236, 237, 238, 239, 240, 243, 244, 246, 247, 248, 249, 251, 252, 253, 254, 255, 256], [6, 12, 18, 23, 28, 32, 33, 34, 40, 42, 43, 47, 53, 56, 58, 60, 64, 66, 70, 73, 78, 79, 80, 81, 82, 83, 84, 85, 86, 95, 96, 98, 100, 102, 105, 107, 108, 111, 113, 117, 119, 121, 122, 124, 127, 130, 133, 136, 139, 141, 144, 146, 149, 150, 151, 152, 153, 154, 155, 156, 157, 158, 161, 163, 165, 166, 167, 168, 170, 171, 172, 177, 178, 179, 181, 183, 185, 187, 188, 189, 190, 191, 192, 193, 195, 196, 198, 200, 201, 203, 206, 209, 212, 213, 214, 215, 216, 217, 218, 221, 222, 223, 227, 228, 229, 230, 231, 232, 233, 235, 236, 237, 238, 239, 240, 241, 243, 245, 246, 247, 248, 250, 251, 252, 253, 254, 255, 256], [7, 13, 19, 24, 29, 32, 35, 36, 44, 45, 46, 47, 48, 49, 62, 63, 64, 65, 71, 74, 75, 77, 78, 81, 84, 85, 87, 89, 93, 96, 97, 98, 99, 100, 101, 102, 103, 115, 116, 117, 118, 125, 126, 127, 128, 129, 130, 131, 132, 133, 142, 143, 144, 145, 147, 148, 150, 152, 154, 156, 160, 161, 162, 163, 164, 167, 168, 169, 170, 171, 173, 176, 178, 182, 183, 184, 185, 186, 187, 191, 192, 193, 194, 195, 196, 204, 205, 206, 207, 208, 209, 210, 211, 212, 214, 215, 216, 217, 219, 220, 221, 223, 224, 226, 227, 230, 231, 233, 234, 235, 236, 237, 240, 241, 242, 243, 244, 245, 246, 247, 248, 249, 250, 251, 252, 254, 255, 256], [8, 14, 20, 25, 30, 33, 35, 37, 48, 50, 51, 52, 53, 59, 61, 65, 66, 72, 76, 77, 79, 82, 85, 86, 87, 88, 89, 90, 92, 99, 101, 102, 104, 105, 106, 107, 108, 109, 112, 114, 118, 120, 122, 123, 124, 128, 131, 132, 133, 137, 140, 145, 146, 147, 148, 151, 152, 153, 154, 155, 156, 157, 159, 162, 169, 170, 171, 172, 173, 174, 175, 176, 177, 178, 180, 181, 184, 186, 187, 188, 189, 190, 194, 195, 196, 199, 201, 202, 203, 207, 210, 211, 212, 213, 214, 216, 217, 218, 219, 223, 224, 225, 226, 227, 228, 229, 230, 231, 232, 234, 235, 236, 237, 238, 239, 242, 244, 245, 246, 247, 249, 250, 251, 252, 253, 254, 255, 256], [9, 15, 21, 26, 31, 34, 36, 37, 49, 54, 55, 56, 67, 68, 69, 70, 71, 72, 74, 80, 83, 84, 86, 88, 89, 90, 91, 92, 93, 103, 109, 110, 111, 112, 113, 114, 115, 116, 117, 118, 134, 135, 136, 137, 138, 139, 140, 141, 142, 143, 144, 145, 146, 148, 153, 154, 155, 157, 158, 159, 160, 161, 162, 163, 166, 167, 174, 179, 180, 181, 182, 183, 184, 185, 186, 187, 188, 197, 198, 199, 200, 201, 202, 203, 204, 205, 206, 207, 208, 209, 210, 211, 212, 213, 214, 215, 217, 218, 219, 220, 222, 225, 226, 228, 231, 232, 233, 234, 235, 236, 238, 239, 240, 241, 242, 243, 244, 245, 246, 247, 248, 249, 250, 251, 253, 254, 255, 256]!Vessel: PSV_3
[2, 10, 11, 12, 13, 14, 15, 27, 38, 39, 40, 41, 42, 43, 44, 45, 46, 47, 48, 49, 50, 51, 52, 53, 54, 55, 56, 67, 90, 94, 95, 96, 97, 98, 99, 100, 101, 102, 103, 104, 105, 106, 107, 108, 109, 110, 111, 112, 113, 114, 115, 116, 117, 118, 121, 123, 125, 129, 131, 134, 138, 141, 149, 155, 164, 165, 166, 167, 168, 169, 170, 171, 172, 173, 174, 175, 176, 177, 178, 179, 180, 181, 182, 183, 184, 185, 186, 187, 188, 190, 192, 193, 197, 200, 202, 203, 204, 208, 210, 220, 221, 222, 223, 224, 225, 226, 227, 228, 229, 230, 231, 232, 233, 234, 235, 236, 239, 241, 242, 243, 248, 249, 250, 251, 252, 253, 254, 256], [3, 10, 16, 17, 18, 19, 20, 21, 38, 41, 43, 44, 50, 57, 58, 59, 60, 61, 62, 63, 64, 65, 66, 67, 68, 69, 70, 71, 72, 94, 95, 96, 103, 106, 108, 109, 119, 120, 121, 122, 123, 124, 125, 126, 127, 128, 129, 130, 131, 132, 133, 134, 135, 136, 137, 138, 139, 140, 141, 142, 143, 144, 145, 146, 164, 165, 166, 167, 173, 174, 175, 176, 177, 178, 189, 190, 191, 192, 193, 194, 195, 196, 197, 198, 199, 200, 201, 202, 203, 204, 205, 206, 207, 208, 209, 210, 211, 212, 213, 220, 221, 222, 224, 225, 226, 227, 228, 229, 230, 231, 237, 238, 239, 240, 241, 242, 243, 244, 245, 246, 248, 249, 250, 252, 253, 254, 255, 256], [4, 11, 16, 22, 23, 24, 25, 26, 38, 39, 40, 45, 51, 54, 57, 58, 59, 62, 68, 73, 74, 75, 76, 78, 79, 80, 87, 91, 92, 94, 97, 98, 99, 104, 105, 110, 111, 112, 115, 119, 120, 121, 122, 123, 125, 126, 127, 128, 134, 135, 136, 137, 142, 147, 149, 150, 151, 156, 157, 158, 159, 160, 161, 162, 164, 165, 168, 169, 170, 172, 173, 174, 175, 177, 179, 180, 181, 182, 183, 184, 189, 191, 192, 194, 195, 197, 198, 199, 200, 201, 204, 205, 206, 207, 214, 215, 216, 218, 219, 220, 221, 222, 223, 224, 225, 227, 228, 229, 232, 233, 234, 235, 237, 238, 240, 241, 242, 244, 245, 247, 248, 249, 250, 251, 252, 253, 255, 256], [5, 17, 22, 27, 28, 29, 30, 31, 39, 41, 42, 46, 52, 55, 57, 60, 61, 63, 69, 73, 75, 76, 77, 81, 82, 83, 88, 91, 93, 94, 95, 97, 100, 101, 104, 106, 107, 110, 113, 114, 116, 119, 120, 124, 126, 129, 130, 132, 135, 138, 139, 140, 143, 147, 148, 149, 150, 151, 152, 153, 158, 159, 160, 163, 164, 165, 166, 168, 169, 171, 172, 175, 176, 179, 180, 182, 185, 186, 188, 189, 190, 191, 193, 194, 196, 197, 198, 199, 202, 205, 208, 209, 211, 213, 215, 216, 217, 218, 219, 220, 221, 222, 223, 224, 225, 226, 229, 230, 232, 233, 234, 236, 237, 238, 239, 240, 243, 244, 246, 247, 248, 249, 251, 252, 253, 254, 255, 256], [6, 12, 18, 23, 28, 32, 33, 34, 40, 42, 43, 47, 53, 56, 58, 60, 64, 66, 70, 73, 78, 79, 80, 81, 82, 83, 84, 85, 86, 95, 96, 98, 100, 102, 105, 107, 108, 111, 113, 117, 119, 121, 122, 124, 127, 130, 133, 136, 139, 141, 144, 146, 149, 150, 151, 152, 153, 154, 155, 156, 157, 158, 161, 163, 165, 166, 167, 168, 170, 171, 172, 177, 178, 179, 181, 183, 185, 187, 188, 189, 190, 191, 192, 193, 195, 196, 198, 200, 201, 203, 206, 209, 212, 213, 214, 215, 216, 217, 218, 221, 222, 223, 227, 228, 229, 230, 231, 232, 233, 235, 236, 237, 238, 239, 240, 241, 243, 245, 246, 247, 248, 250, 251, 252, 253, 254, 255, 256], [7, 13, 19, 24, 29, 32, 35, 36, 44, 45, 46, 47, 48, 49, 62, 63, 64, 65, 71, 74, 75, 77, 78, 81, 84, 85, 87, 89, 93, 96, 97, 98, 99, 100, 101, 102, 103, 115, 116, 117, 118, 125, 126, 127, 128, 129, 130, 131, 132, 133, 142, 143, 144, 145, 147, 148, 150, 152, 154, 156, 160, 161, 162, 163, 164, 167, 168, 169, 170, 171, 173, 176, 178, 182, 183, 184, 185, 186, 187, 191, 192, 193, 194, 195, 196, 204, 205, 206, 207, 208, 209, 210, 211, 212, 214, 215, 216, 217, 219, 220, 221, 223, 224, 226, 227, 230, 231, 233, 234, 235, 236, 237, 240, 241, 242, 243, 244, 245, 246, 247, 248, 249, 250, 251, 252, 254, 255, 256], [8, 14, 20, 25, 30, 33, 35, 37, 48, 50, 51, 52, 53, 59, 61, 65, 66, 72, 76, 77, 79, 82, 85, 86, 87, 88, 89, 90, 92, 99, 101, 102, 104, 105, 106, 107, 108, 109, 112, 114, 118, 120, 122, 123, 124, 128, 131, 132, 133, 137, 140, 145, 146, 147, 148, 151, 152, 153, 154, 155, 156, 157, 159, 162, 169, 170, 171, 172, 173, 174, 175, 176, 177, 178, 180, 181, 184, 186, 187, 188, 189, 190, 194, 195, 196, 199, 201, 202, 203, 207, 210, 211, 212, 213, 214, 216, 217, 218, 219, 223, 224, 225, 226, 227, 228, 229, 230, 231, 232, 234, 235, 236, 237, 238, 239, 242, 244, 245, 246, 247, 249, 250, 251, 252, 253, 254, 255, 256], [9, 15, 21, 26, 31, 34, 36, 37, 49, 54, 55, 56, 67, 68, 69, 70, 71, 72, 74, 80, 83, 84, 86, 88, 89, 90, 91, 92, 93, 103, 109, 110, 111, 112, 113, 114, 115, 116, 117, 118, 134, 135, 136, 137, 138, 139, 140, 141, 142, 143, 144, 145, 146, 148, 153, 154, 155, 157, 158, 159, 160, 161, 162, 163, 166, 167, 174, 179, 180, 181, 182, 183, 184, 185, 186, 187, 188, 197, 198, 199, 200, 201, 202, 203, 204, 205, 206, 207, 208, 209, 210, 211, 212, 213, 214, 215, 217, 218, 219, 220, 222, 225, 226, 228, 231, 232, 233, 234, 235, 236, 238, 239, 240, 241, 242, 243, 244, 245, 246, 247, 248, 249, 250, 251, 253, 254, 255, 256]!Vessel: PSV_4
[2, 10, 11, 12, 13, 14, 15, 27, 38, 39, 40, 41, 42, 43, 44, 45, 46, 47, 48, 49, 50, 51, 52, 53, 54, 55, 56, 67, 90, 94, 95, 96, 97, 98, 99, 100, 101, 102, 103, 104, 105, 106, 107, 108, 109, 110, 111, 112, 113, 114, 115, 116, 117, 118, 121, 123, 125, 129, 131, 134, 138, 141, 149, 155, 164, 165, 166, 167, 168, 169, 170, 171, 172, 173, 174, 175, 176, 177, 178, 179, 180, 181, 182, 183, 184, 185, 186, 187, 188, 190, 192, 193, 197, 200, 202, 203, 204, 208, 210, 220, 221, 222, 223, 224, 225, 226, 227, 228, 229, 230, 231, 232, 233, 234, 235, 236, 239, 241, 242, 243, 248, 249, 250, 251, 252, 253, 254, 256], [3, 10, 16, 17, 18, 19, 20, 21, 38, 41, 43, 44, 50, 57, 58, 59, 60, 61, 62, 63, 64, 65, 66, 67, 68, 69, 70, 71, 72, 94, 95, 96, 103, 106, 108, 109, 119, 120, 121, 122, 123, 124, 125, 126, 127, 128, 129, 130, 131, 132, 133, 134, 135, 136, 137, 138, 139, 140, 141, 142, 143, 144, 145, 146, 164, 165, 166, 167, 173, 174, 175, 176, 177, 178, 189, 190, 191, 192, 193, 194, 195, 196, 197, 198, 199, 200, 201, 202, 203, 204, 205, 206, 207, 208, 209, 210, 211, 212, 213, 220, 221, 222, 224, 225, 226, 227, 228, 229, 230, 231, 237, 238, 239, 240, 241, 242, 243, 244, 245, 246, 248, 249, 250, 252, 253, 254, 255, 256], [4, 11, 16, 22, 23, 24, 25, 26, 38, 39, 40, 45, 51, 54, 57, 58, 59, 62, 68, 73, 74, 75, 76, 78, 79, 80, 87, 91, 92, 94, 97, 98, 99, 104, 105, 110, 111, 112, 115, 119, 120, 121, 122, 123, 125, 126, 127, 128, 134, 135, 136, 137, 142, 147, 149, 150, 151, 156, 157, 158, 159, 160, 161, 162, 164, 165, 168, 169, 170, 172, 173, 174, 175, 177, 179, 180, 181, 182, 183, 184, 189, 191, 192, 194, 195, 197, 198, 199, 200, 201, 204, 205, 206, 207, 214, 215, 216, 218, 219, 220, 221, 222, 223, 224, 225, 227, 228, 229, 232, 233, 234, 235, 237, 238, 240, 241, 242, 244, 245, 247, 248, 249, 250, 251, 252, 253, 255, 256], [5, 17, 22, 27, 28, 29, 30, 31, 39, 41, 42, 46, 52, 55, 57, 60, 61, 63, 69, 73, 75, 76, 77, 81, 82, 83, 88, 91, 93, 94, 95, 97, 100, 101, 104, 106, 107, 110, 113, 114, 116, 119, 120, 124, 126, 129, 130, 132, 135, 138, 139, 140, 143, 147, 148, 149, 150, 151, 152, 153, 158, 159, 160, 163, 164, 165, 166, 168, 169, 171, 172, 175, 176, 179, 180, 182, 185, 186, 188, 189, 190, 191, 193, 194, 196, 197, 198, 199, 202, 205, 208, 209, 211, 213, 215, 216, 217, 218, 219, 220, 221, 222, 223, 224, 225, 226, 229, 230, 232, 233, 234, 236, 237, 238, 239, 240, 243, 244, 246, 247, 248, 249, 251, 252, 253, 254, 255, 256], [6, 12, 18, 23, 28, 32, 33, 34, 40, 42, 43, 47, 53, 56, 58, 60, 64, 66, 70, 73, 78, 79, 80, 81, 82, 83, 84, 85, 86, 95, 96, 98, 100, 102, 105, 107, 108, 111, 113, 117, 119, 121, 122, 124, 127, 130, 133, 136, 139, 141, 144, 146, 149, 150, 151, 152, 153, 154, 155, 156, 157, 158, 161, 163, 165, 166, 167, 168, 170, 171, 172, 177, 178, 179, 181, 183, 185, 187, 188, 189, 190, 191, 192, 193, 195, 196, 198, 200, 201, 203, 206, 209, 212, 213, 214, 215, 216, 217, 218, 221, 222, 223, 227, 228, 229, 230, 231, 232, 233, 235, 236, 237, 238, 239, 240, 241, 243, 245, 246, 247, 248, 250, 251, 252, 253, 254, 255, 256], [7, 13, 19, 24, 29, 32, 35, 36, 44, 45, 46, 47, 48, 49, 62, 63, 64, 65, 71, 74, 75, 77, 78, 81, 84, 85, 87, 89, 93, 96, 97, 98, 99, 100, 101, 102, 103, 115, 116, 117, 118, 125, 126, 127, 128, 129, 130, 131, 132, 133, 142, 143, 144, 145, 147, 148, 150, 152, 154, 156, 160, 161, 162, 163, 164, 167, 168, 169, 170, 171, 173, 176, 178, 182, 183, 184, 185, 186, 187, 191, 192, 193, 194, 195, 196, 204, 205, 206, 207, 208, 209, 210, 211, 212, 214, 215, 216, 217, 219, 220, 221, 223, 224, 226, 227, 230, 231, 233, 234, 235, 236, 237, 240, 241, 242, 243, 244, 245, 246, 247, 248, 249, 250, 251, 252, 254, 255, 256], [8, 14, 20, 25, 30, 33, 35, 37, 48, 50, 51, 52, 53, 59, 61, 65, 66, 72, 76, 77, 79, 82, 85, 86, 87, 88, 89, 90, 92, 99, 101, 102, 104, 105, 106, 107, 108, 109, 112, 114, 118, 120, 122, 123, 124, 128, 131, 132, 133, 137, 140, 145, 146, 147, 148, 151, 152, 153, 154, 155, 156, 157, 159, 162, 169, 170, 171, 172, 173, 174, 175, 176, 177, 178, 180, 181, 184, 186, 187, 188, 189, 190, 194, 195, 196, 199, 201, 202, 203, 207, 210, 211, 212, 213, 214, 216, 217, 218, 219, 223, 224, 225, 226, 227, 228, 229, 230, 231, 232, 234, 235, 236, 237, 238, 239, 242, 244, 245, 246, 247, 249, 250, 251, 252, 253, 254, 255, 256], [9, 15, 21, 26, 31, 34, 36, 37, 49, 54, 55, 56, 67, 68, 69, 70, 71, 72, 74, 80, 83, 84, 86, 88, 89, 90, 91, 92, 93, 103, 109, 110, 111, 112, 113, 114, 115, 116, 117, 118, 134, 135, 136, 137, 138, 139, 140, 141, 142, 143, 144, 145, 146, 148, 153, 154, 155, 157, 158, 159, 160, 161, 162, 163, 166, 167, 174, 179, 180, 181, 182, 183, 184, 185, 186, 187, 188, 197, 198, 199, 200, 201, 202, 203, 204, 205, 206, 207, 208, 209, 210, 211, 212, 213, 214, 215, 217, 218, 219, 220, 222, 225, 226, 228, 231, 232, 233, 234, 235, 236, 238, 239, 240, 241, 242, 243, 244, 245, 246, 247, 248, 249, 250, 251, 253, 254, 255, 256]!Vessel: PSV_5
[2, 10, 11, 12, 13, 14, 15, 27, 38, 39, 40, 41, 42, 43, 44, 45, 46, 47, 48, 49, 50, 51, 52, 53, 54, 55, 56, 67, 90, 94, 95, 96, 97, 98, 99, 100, 101, 102, 103, 104, 105, 106, 107, 108, 109, 110, 111, 112, 113, 114, 115, 116, 117, 118, 121, 123, 125, 129, 131, 134, 138, 141, 149, 155, 164, 165, 166, 167, 168, 169, 170, 171, 172, 173, 174, 175, 176, 177, 178, 179, 180, 181, 182, 183, 184, 185, 186, 187, 188, 190, 192, 193, 197, 200, 202, 203, 204, 208, 210, 220, 221, 222, 223, 224, 225, 226, 227, 228, 229, 230, 231, 232, 233, 234, 235, 236, 239, 241, 242, 243, 248, 249, 250, 251, 252, 253, 254, 256], [3, 10, 16, 17, 18, 19, 20, 21, 38, 41, 43, 44, 50, 57, 58, 59, 60, 61, 62, 63, 64, 65, 66, 67, 68, 69, 70, 71, 72, 94, 95, 96, 103, 106, 108, 109, 119, 120, 121, 122, 123, 124, 125, 126, 127, 128, 129, 130, 131, 132, 133, 134, 135, 136, 137, 138, 139, 140, 141, 142, 143, 144, 145, 146, 164, 165, 166, 167, 173, 174, 175, 176, 177, 178, 189, 190, 191, 192, 193, 194, 195, 196, 197, 198, 199, 200, 201, 202, 203, 204, 205, 206, 207, 208, 209, 210, 211, 212, 213, 220, 221, 222, 224, 225, 226, 227, 228, 229, 230, 231, 237, 238, 239, 240, 241, 242, 243, 244, 245, 246, 248, 249, 250, 252, 253, 254, 255, 256], [4, 11, 16, 22, 23, 24, 25, 26, 38, 39, 40, 45, 51, 54, 57, 58, 59, 62, 68, 73, 74, 75, 76, 78, 79, 80, 87, 91, 92, 94, 97, 98, 99, 104, 105, 110, 111, 112, 115, 119, 120, 121, 122, 123, 125, 126, 127, 128, 134, 135, 136, 137, 142, 147, 149, 150, 151, 156, 157, 158, 159, 160, 161, 162, 164, 165, 168, 169, 170, 172, 173, 174, 175, 177, 179, 180, 181, 182, 183, 184, 189, 191, 192, 194, 195, 197, 198, 199, 200, 201, 204, 205, 206, 207, 214, 215, 216, 218, 219, 220, 221, 222, 223, 224, 225, 227, 228, 229, 232, 233, 234, 235, 237, 238, 240, 241, 242, 244, 245, 247, 248, 249, 250, 251, 252, 253, 255, 256], [5, 17, 22, 27, 28, 29, 30, 31, 39, 41, 42, 46, 52, 55, 57, 60, 61, 63, 69, 73, 75, 76, 77, 81, 82, 83, 88, 91, 93, 94, 95, 97, 100, 101, 104, 106, 107, 110, 113, 114, 116, 119, 120, 124, 126, 129, 130, 132, 135, 138, 139, 140, 143, 147, 148, 149, 150, 151, 152, 153, 158, 159, 160, 163, 164, 165, 166, 168, 169, 171, 172, 175, 176, 179, 180, 182, 185, 186, 188, 189, 190, 191, 193, 194, 196, 197, 198, 199, 202, 205, 208, 209, 211, 213, 215, 216, 217, 218, 219, 220, 221, 222, 223, 224, 225, 226, 229, 230, 232, 233, 234, 236, 237, 238, 239, 240, 243, 244, 246, 247, 248, 249, 251, 252, 253, 254, 255, 256], [6, 12, 18, 23, 28, 32, 33, 34, 40, 42, 43, 47, 53, 56, 58, 60, 64, 66, 70, 73, 78, 79, 80, 81, 82, 83, 84, 85, 86, 95, 96, 98, 100, 102, 105, 107, 108, 111, 113, 117, 119, 121, 122, 124, 127, 130, 133, 136, 139, 141, 144, 146, 149, 150, 151, 152, 153, 154, 155, 156, 157, 158, 161, 163, 165, 166, 167, 168, 170, 171, 172, 177, 178, 179, 181, 183, 185, 187, 188, 189, 190, 191, 192, 193, 195, 196, 198, 200, 201, 203, 206, 209, 212, 213, 214, 215, 216, 217, 218, 221, 222, 223, 227, 228, 229, 230, 231, 232, 233, 235, 236, 237, 238, 239, 240, 241, 243, 245, 246, 247, 248, 250, 251, 252, 253, 254, 255, 256], [7, 13, 19, 24, 29, 32, 35, 36, 44, 45, 46, 47, 48, 49, 62, 63, 64, 65, 71, 74, 75, 77, 78, 81, 84, 85, 87, 89, 93, 96, 97, 98, 99, 100, 101, 102, 103, 115, 116, 117, 118, 125, 126, 127, 128, 129, 130, 131, 132, 133, 142, 143, 144, 145, 147, 148, 150, 152, 154, 156, 160, 161, 162, 163, 164, 167, 168, 169, 170, 171, 173, 176, 178, 182, 183, 184, 185, 186, 187, 191, 192, 193, 194, 195, 196, 204, 205, 206, 207, 208, 209, 210, 211, 212, 214, 215, 216, 217, 219, 220, 221, 223, 224, 226, 227, 230, 231, 233, 234, 235, 236, 237, 240, 241, 242, 243, 244, 245, 246, 247, 248, 249, 250, 251, 252, 254, 255, 256], [8, 14, 20, 25, 30, 33, 35, 37, 48, 50, 51, 52, 53, 59, 61, 65, 66, 72, 76, 77, 79, 82, 85, 86, 87, 88, 89, 90, 92, 99, 101, 102, 104, 105, 106, 107, 108, 109, 112, 114, 118, 120, 122, 123, 124, 128, 131, 132, 133, 137, 140, 145, 146, 147, 148, 151, 152, 153, 154, 155, 156, 157, 159, 162, 169, 170, 171, 172, 173, 174, 175, 176, 177, 178, 180, 181, 184, 186, 187, 188, 189, 190, 194, 195, 196, 199, 201, 202, 203, 207, 210, 211, 212, 213, 214, 216, 217, 218, 219, 223, 224, 225, 226, 227, 228, 229, 230, 231, 232, 234, 235, 236, 237, 238, 239, 242, 244, 245, 246, 247, 249, 250, 251, 252, 253, 254, 255, 256], [9, 15, 21, 26, 31, 34, 36, 37, 49, 54, 55, 56, 67, 68, 69, 70, 71, 72, 74, 80, 83, 84, 86, 88, 89, 90, 91, 92, 93, 103, 109, 110, 111, 112, 113, 114, 115, 116, 117, 118, 134, 135, 136, 137, 138, 139, 140, 141, 142, 143, 144, 145, 146, 148, 153, 154, 155, 157, 158, 159, 160, 161, 162, 163, 166, 167, 174, 179, 180, 181, 182, 183, 184, 185, 186, 187, 188, 197, 198, 199, 200, 201, 202, 203, 204, 205, 206, 207, 208, 209, 210, 211, 212, 213, 214, 215, 217, 218, 219, 220, 222, 225, 226, 228, 231, 232, 233, 234, 235, 236, 238, 239, 240, 241, 242, 243, 244, 245, 246, 247, 248, 249, 250, 251, 253, 254, 255, 256]!Vessel: PSV_6
] 

Rvl : [
!l : 1, 2, 3
[1, 2], [3, 4, 5, 6, 7, 8, 9, 10, 11, 12, 13, 14, 15, 16, 17, 18, 19, 20, 21, 22, 23, 24, 25, 26, 27, 28, 29, 30, 31, 32, 33, 34, 35, 36, 37, 38, 39, 40, 41, 42, 43, 44, 45, 46, 47, 48, 49, 50, 51, 52, 53, 54, 55, 56, 57, 58, 59, 60, 61, 62, 63, 64, 65, 66, 67, 68, 69, 70, 71, 72, 73, 74, 75, 76, 77, 78, 79, 80, 81, 82, 83, 84, 85, 86, 87, 88, 89, 90, 91, 92, 93, 94, 95, 96, 97, 98, 99, 100, 101, 102, 103, 104, 105, 106, 107, 108, 109, 110, 111, 112, 113, 114, 115, 116, 117, 118, 119, 120, 121, 122, 123, 124, 125, 126, 127, 128, 129, 130, 131, 132, 133, 134, 135, 136, 137, 138, 139, 140, 141, 142, 143, 144, 145, 146, 147, 148, 149, 150, 151, 152, 153, 154, 155, 156, 157, 158, 159, 160, 161, 162, 163, 168, 169, 170, 171, 172, 178, 179, 180, 181, 182, 183, 184, 185, 186, 187, 188, 194, 195, 196, 207, 210, 211, 212, 214, 215, 216, 217, 218, 219, 223, 234, 235, 236, 247], [164, 165, 166, 167, 173, 174, 175, 176, 177, 189, 190, 191, 192, 193, 197, 198, 199, 200, 201, 202, 203, 204, 205, 206, 208, 209, 213, 220, 221, 222, 224, 225, 226, 227, 228, 229, 230, 231, 232, 233, 237, 238, 239, 240, 241, 242, 243, 244, 245, 246, 248, 249, 250, 251, 252, 253, 254, 255, 256]!Vessel: PSV_1
[1, 2], [3, 4, 5, 6, 7, 8, 9, 10, 11, 12, 13, 14, 15, 16, 17, 18, 19, 20, 21, 22, 23, 24, 25, 26, 27, 28, 29, 30, 31, 32, 33, 34, 35, 36, 37, 38, 39, 40, 41, 42, 43, 44, 45, 46, 47, 48, 49, 50, 51, 52, 53, 54, 55, 56, 57, 58, 59, 60, 61, 62, 63, 64, 65, 66, 67, 68, 69, 70, 71, 72, 73, 74, 75, 76, 77, 78, 79, 80, 81, 82, 83, 84, 85, 86, 87, 88, 89, 90, 91, 92, 93, 94, 95, 96, 97, 98, 99, 100, 101, 102, 103, 104, 105, 106, 107, 108, 109, 110, 111, 112, 113, 114, 115, 116, 117, 118, 119, 120, 121, 122, 123, 124, 125, 126, 127, 128, 129, 130, 131, 132, 133, 134, 135, 136, 137, 138, 139, 140, 141, 142, 143, 144, 145, 146, 147, 148, 149, 150, 151, 152, 153, 154, 155, 156, 157, 158, 159, 160, 161, 162, 163, 168, 169, 170, 171, 172, 178, 179, 180, 181, 182, 183, 184, 185, 186, 187, 188, 194, 195, 196, 207, 210, 211, 212, 214, 215, 216, 217, 218, 219, 223, 234, 235, 236, 247], [164, 165, 166, 167, 173, 174, 175, 176, 177, 189, 190, 191, 192, 193, 197, 198, 199, 200, 201, 202, 203, 204, 205, 206, 208, 209, 213, 220, 221, 222, 224, 225, 226, 227, 228, 229, 230, 231, 232, 233, 237, 238, 239, 240, 241, 242, 243, 244, 245, 246, 248, 249, 250, 251, 252, 253, 254, 255, 256]!Vessel: PSV_2
[1, 2], [3, 4, 5, 6, 7, 8, 9, 10, 11, 12, 13, 14, 15, 16, 17, 18, 19, 20, 21, 22, 23, 24, 25, 26, 27, 28, 29, 30, 31, 32, 33, 34, 35, 36, 37, 38, 39, 40, 41, 42, 43, 44, 45, 46, 47, 48, 49, 50, 51, 52, 53, 54, 55, 56, 57, 58, 59, 60, 61, 62, 63, 64, 65, 66, 67, 68, 69, 70, 71, 72, 73, 74, 75, 76, 77, 78, 79, 80, 81, 82, 83, 84, 85, 86, 87, 88, 89, 90, 91, 92, 93, 94, 95, 96, 97, 98, 99, 100, 101, 102, 103, 104, 105, 106, 107, 108, 109, 110, 111, 112, 113, 114, 115, 116, 117, 118, 119, 120, 121, 122, 123, 124, 125, 126, 127, 128, 129, 130, 131, 132, 133, 134, 135, 136, 137, 138, 139, 140, 141, 142, 143, 144, 145, 146, 147, 148, 149, 150, 151, 152, 153, 154, 155, 156, 157, 158, 159, 160, 161, 162, 163, 168, 169, 170, 171, 172, 178, 179, 180, 181, 182, 183, 184, 185, 186, 187, 188, 194, 195, 196, 207, 210, 211, 212, 214, 215, 216, 217, 218, 219, 223, 234, 235, 236, 247], [164, 165, 166, 167, 173, 174, 175, 176, 177, 189, 190, 191, 192, 193, 197, 198, 199, 200, 201, 202, 203, 204, 205, 206, 208, 209, 213, 220, 221, 222, 224, 225, 226, 227, 228, 229, 230, 231, 232, 233, 237, 238, 239, 240, 241, 242, 243, 244, 245, 246, 248, 249, 250, 251, 252, 253, 254, 255, 256]!Vessel: PSV_3
[1, 2], [3, 4, 5, 6, 7, 8, 9, 10, 11, 12, 13, 14, 15, 16, 17, 18, 19, 20, 21, 22, 23, 24, 25, 26, 27, 28, 29, 30, 31, 32, 33, 34, 35, 36, 37, 38, 39, 40, 41, 42, 43, 44, 45, 46, 47, 48, 49, 50, 51, 52, 53, 54, 55, 56, 57, 58, 59, 60, 61, 62, 63, 64, 65, 66, 67, 68, 69, 70, 71, 72, 73, 74, 75, 76, 77, 78, 79, 80, 81, 82, 83, 84, 85, 86, 87, 88, 89, 90, 91, 92, 93, 94, 95, 96, 97, 98, 99, 100, 101, 102, 103, 104, 105, 106, 107, 108, 109, 110, 111, 112, 113, 114, 115, 116, 117, 118, 119, 120, 121, 122, 123, 124, 125, 126, 127, 128, 129, 130, 131, 132, 133, 134, 135, 136, 137, 138, 139, 140, 141, 142, 143, 144, 145, 146, 147, 148, 149, 150, 151, 152, 153, 154, 155, 156, 157, 158, 159, 160, 161, 162, 163, 168, 169, 170, 171, 172, 178, 179, 180, 181, 182, 183, 184, 185, 186, 187, 188, 194, 195, 196, 207, 210, 211, 212, 214, 215, 216, 217, 218, 219, 223, 234, 235, 236, 247], [164, 165, 166, 167, 173, 174, 175, 176, 177, 189, 190, 191, 192, 193, 197, 198, 199, 200, 201, 202, 203, 204, 205, 206, 208, 209, 213, 220, 221, 222, 224, 225, 226, 227, 228, 229, 230, 231, 232, 233, 237, 238, 239, 240, 241, 242, 243, 244, 245, 246, 248, 249, 250, 251, 252, 253, 254, 255, 256]!Vessel: PSV_4
[1, 2], [3, 4, 5, 6, 7, 8, 9, 10, 11, 12, 13, 14, 15, 16, 17, 18, 19, 20, 21, 22, 23, 24, 25, 26, 27, 28, 29, 30, 31, 32, 33, 34, 35, 36, 37, 38, 39, 40, 41, 42, 43, 44, 45, 46, 47, 48, 49, 50, 51, 52, 53, 54, 55, 56, 57, 58, 59, 60, 61, 62, 63, 64, 65, 66, 67, 68, 69, 70, 71, 72, 73, 74, 75, 76, 77, 78, 79, 80, 81, 82, 83, 84, 85, 86, 87, 88, 89, 90, 91, 92, 93, 94, 95, 96, 97, 98, 99, 100, 101, 102, 103, 104, 105, 106, 107, 108, 109, 110, 111, 112, 113, 114, 115, 116, 117, 118, 119, 120, 121, 122, 123, 124, 125, 126, 127, 128, 129, 130, 131, 132, 133, 134, 135, 136, 137, 138, 139, 140, 141, 142, 143, 144, 145, 146, 147, 148, 149, 150, 151, 152, 153, 154, 155, 156, 157, 158, 159, 160, 161, 162, 163, 168, 169, 170, 171, 172, 178, 179, 180, 181, 182, 183, 184, 185, 186, 187, 188, 194, 195, 196, 207, 210, 211, 212, 214, 215, 216, 217, 218, 219, 223, 234, 235, 236, 247], [164, 165, 166, 167, 173, 174, 175, 176, 177, 189, 190, 191, 192, 193, 197, 198, 199, 200, 201, 202, 203, 204, 205, 206, 208, 209, 213, 220, 221, 222, 224, 225, 226, 227, 228, 229, 230, 231, 232, 233, 237, 238, 239, 240, 241, 242, 243, 244, 245, 246, 248, 249, 250, 251, 252, 253, 254, 255, 256]!Vessel: PSV_5
[1, 2], [3, 4, 5, 6, 7, 8, 9, 10, 11, 12, 13, 14, 15, 16, 17, 18, 19, 20, 21, 22, 23, 24, 25, 26, 27, 28, 29, 30, 31, 32, 33, 34, 35, 36, 37, 38, 39, 40, 41, 42, 43, 44, 45, 46, 47, 48, 49, 50, 51, 52, 53, 54, 55, 56, 57, 58, 59, 60, 61, 62, 63, 64, 65, 66, 67, 68, 69, 70, 71, 72, 73, 74, 75, 76, 77, 78, 79, 80, 81, 82, 83, 84, 85, 86, 87, 88, 89, 90, 91, 92, 93, 94, 95, 96, 97, 98, 99, 100, 101, 102, 103, 104, 105, 106, 107, 108, 109, 110, 111, 112, 113, 114, 115, 116, 117, 118, 119, 120, 121, 122, 123, 124, 125, 126, 127, 128, 129, 130, 131, 132, 133, 134, 135, 136, 137, 138, 139, 140, 141, 142, 143, 144, 145, 146, 147, 148, 149, 150, 151, 152, 153, 154, 155, 156, 157, 158, 159, 160, 161, 162, 163, 168, 169, 170, 171, 172, 178, 179, 180, 181, 182, 183, 184, 185, 186, 187, 188, 194, 195, 196, 207, 210, 211, 212, 214, 215, 216, 217, 218, 219, 223, 234, 235, 236, 247], [164, 165, 166, 167, 173, 174, 175, 176, 177, 189, 190, 191, 192, 193, 197, 198, 199, 200, 201, 202, 203, 204, 205, 206, 208, 209, 213, 220, 221, 222, 224, 225, 226, 227, 228, 229, 230, 231, 232, 233, 237, 238, 239, 240, 241, 242, 243, 244, 245, 246, 248, 249, 250, 251, 252, 253, 254, 255, 256]!Vessel: PSV_6
] 

minF : 1
maxF : 5
Nf : [
!f : 1, 2, 3, 4, 5
[6], [], [2, 3, 4, 5], [1, 8], [7]
]

! Parameters
VoyageCost: [0, 25562, 45501, 46383, 46330, 45384, 36702, 39543, 36930, 52290, 52401, 51609, 41770, 45394, 42282, 66671, 67046, 66486, 55943, 60594, 51437, 51056, 50894, 50591, 48974, 56617, 52489, 50588, 50850, 49100, 56932, 50130, 48283, 56277, 43918, 45365, 50147, 72689, 57075, 56912, 73205, 56747, 72711, 61011, 55659, 55918, 55199, 48986, 50433, 66445, 54825, 54951, 54134, 61968, 62284, 61629, 71344, 71181, 69262, 71305, 69817, 69831, 70091, 69371, 63159, 69335, 56789, 71123, 71438, 70784, 59872, 64654, 55315, 59254, 55264, 53647, 53475, 55102, 53485, 61127, 55109, 53359, 61190, 58793, 52658, 58888, 53182, 59702, 52581, 55499, 61290, 59208, 59513, 77503, 77530, 75595, 60332, 60170, 58250, 60177, 58543, 57727, 64940, 59498, 59336, 75668, 59210, 75237, 70505, 66642, 66479, 64560, 66542, 65054, 64606, 64865, 64145, 57933, 75603, 74114, 77406, 74080, 75113, 74204, 75850, 74505, 74342, 72423, 76250, 74349, 69010, 72716, 71899, 77142, 75797, 75634, 73714, 77597, 75697, 74209, 77008, 73760, 74020, 73300, 67088, 73394, 58022, 62138, 61333, 59523, 57906, 57734, 63963, 61321, 64240, 57860, 64026, 65548, 64060, 63927, 63764, 61845, 63772, 80664, 81827, 81922, 79524, 64591, 63091, 62928, 62802, 63757, 78274, 79566, 79966, 78712, 79932, 78121, 70900, 69412, 69378, 69279, 69116, 67197, 69124, 67490, 66673, 69315, 78502, 80055, 78763, 80567, 80574, 77263, 77101, 76975, 81956, 80055, 78567, 81859, 78533, 80060, 79534, 79779, 78434, 78271, 76352, 80179, 78279, 72939, 76645, 75828, 78470, 66523, 68186, 62281, 66397, 68447, 66685, 84593, 84988, 86280, 67349, 83126, 84418, 82642, 83092, 84384, 84353, 83100, 82050, 73799, 73537, 72037, 71875, 71749, 81522, 82954, 84447, 82692, 84496, 82203, 84503, 81192, 81030, 80904, 70944, 88917, 87055, 87021, 76296, 87513, 88805, 87029, 85451, 91443]
VoyageDuration: [1, 1, 2, 2, 2, 2, 2, 2, 2, 2, 2, 2, 2, 2, 2, 2, 2, 2, 2, 2, 2, 2, 2, 2, 2, 2, 2, 2, 2, 2, 2, 2, 2, 2, 2, 2, 2, 2, 2, 2, 2, 2, 2, 2, 2, 2, 2, 2, 2, 2, 2, 2, 2, 2, 2, 2, 2, 2, 2, 2, 2, 2, 2, 2, 2, 2, 2, 2, 2, 2, 2, 2, 2, 2, 2, 2, 2, 2, 2, 2, 2, 2, 2, 2, 2, 2, 2, 2, 2, 2, 2, 2, 2, 2, 2, 2, 2, 2, 2, 2, 2, 2, 2, 2, 2, 2, 2, 2, 2, 2, 2, 2, 2, 2, 2, 2, 2, 2, 2, 2, 2, 2, 2, 2, 2, 2, 2, 2, 2, 2, 2, 2, 2, 2, 2, 2, 2, 2, 2, 2, 2, 2, 2, 2, 2, 2, 2, 2, 2, 2, 2, 2, 2, 2, 2, 2, 2, 2, 2, 2, 2, 2, 2, 3, 3, 3, 3, 2, 2, 2, 2, 2, 3, 3, 3, 3, 3, 2, 2, 2, 2, 2, 2, 2, 2, 2, 2, 2, 3, 3, 3, 3, 3, 2, 2, 2, 3, 3, 3, 3, 3, 3, 3, 3, 3, 3, 2, 3, 3, 2, 2, 2, 3, 2, 2, 2, 2, 2, 2, 3, 3, 3, 2, 3, 3, 3, 3, 3, 3, 3, 3, 3, 3, 2, 2, 2, 3, 3, 3, 3, 3, 3, 3, 3, 3, 3, 2, 3, 3, 3, 3, 3, 3, 3, 3, 3]
TimeCharterCost: [1400000, 1400000, 1400000, 1400000, 1400000, 1400000]
RequiredVisits: [4, 3, 3, 3, 3, 1, 5, 4]
NumberOfDaysAvailable: [7, 7, 7, 7, 7, 7]
DepotCapacity: [3, 3, 3, 3, 3, 3, 0]
