!Summary:
!Execution time: 0,55 seconds
!Total # voyages: 768 (128 unique)
!Number of installations (excluding depot): 7
!Number of time windows: 0
!Number of vessels: 6

!Min. # installations: 1
!Max. number of installations: 8
!Min. duration: 32
!Max. duration: 80

!Name: PSV_6	 # voyages: 128
!Name: PSV_2	 # voyages: 128
!Name: PSV_3	 # voyages: 128
!Name: PSV_1	 # voyages: 128
!Name: PSV_4	 # voyages: 128
!Name: PSV_5	 # voyages: 128
!------------------------------------------------------------------------------------------------------------------------
nV : 6
nR : 128
nN : 7
nT : 7
minL : 1
maxL : 3

! Sets: 
Rv : [
[1, 2, 3, 4, 5, 6, 7, 8, 9, 10, 11, 12, 13, 14, 15, 16, 17, 18, 19, 20, 21, 22, 23, 24, 25, 26, 27, 28, 29, 30, 31, 32, 33, 34, 35, 36, 37, 38, 39, 40, 41, 42, 43, 44, 45, 46, 47, 48, 49, 50, 51, 52, 53, 54, 55, 56, 57, 58, 59, 60, 61, 62, 63, 64, 65, 66, 67, 68, 69, 70, 71, 72, 73, 74, 75, 76, 77, 78, 79, 80, 81, 82, 83, 84, 85, 86, 87, 88, 89, 90, 91, 92, 93, 94, 95, 96, 97, 98, 99, 100, 101, 102, 103, 104, 105, 106, 107, 108, 109, 110, 111, 112, 113, 114, 115, 116, 117, 118, 119, 120, 121, 122, 123, 124, 125, 126, 127, 128]!Vessel: PSV_1
[1, 2, 3, 4, 5, 6, 7, 8, 9, 10, 11, 12, 13, 14, 15, 16, 17, 18, 19, 20, 21, 22, 23, 24, 25, 26, 27, 28, 29, 30, 31, 32, 33, 34, 35, 36, 37, 38, 39, 40, 41, 42, 43, 44, 45, 46, 47, 48, 49, 50, 51, 52, 53, 54, 55, 56, 57, 58, 59, 60, 61, 62, 63, 64, 65, 66, 67, 68, 69, 70, 71, 72, 73, 74, 75, 76, 77, 78, 79, 80, 81, 82, 83, 84, 85, 86, 87, 88, 89, 90, 91, 92, 93, 94, 95, 96, 97, 98, 99, 100, 101, 102, 103, 104, 105, 106, 107, 108, 109, 110, 111, 112, 113, 114, 115, 116, 117, 118, 119, 120, 121, 122, 123, 124, 125, 126, 127, 128]!Vessel: PSV_2
[1, 2, 3, 4, 5, 6, 7, 8, 9, 10, 11, 12, 13, 14, 15, 16, 17, 18, 19, 20, 21, 22, 23, 24, 25, 26, 27, 28, 29, 30, 31, 32, 33, 34, 35, 36, 37, 38, 39, 40, 41, 42, 43, 44, 45, 46, 47, 48, 49, 50, 51, 52, 53, 54, 55, 56, 57, 58, 59, 60, 61, 62, 63, 64, 65, 66, 67, 68, 69, 70, 71, 72, 73, 74, 75, 76, 77, 78, 79, 80, 81, 82, 83, 84, 85, 86, 87, 88, 89, 90, 91, 92, 93, 94, 95, 96, 97, 98, 99, 100, 101, 102, 103, 104, 105, 106, 107, 108, 109, 110, 111, 112, 113, 114, 115, 116, 117, 118, 119, 120, 121, 122, 123, 124, 125, 126, 127, 128]!Vessel: PSV_3
[1, 2, 3, 4, 5, 6, 7, 8, 9, 10, 11, 12, 13, 14, 15, 16, 17, 18, 19, 20, 21, 22, 23, 24, 25, 26, 27, 28, 29, 30, 31, 32, 33, 34, 35, 36, 37, 38, 39, 40, 41, 42, 43, 44, 45, 46, 47, 48, 49, 50, 51, 52, 53, 54, 55, 56, 57, 58, 59, 60, 61, 62, 63, 64, 65, 66, 67, 68, 69, 70, 71, 72, 73, 74, 75, 76, 77, 78, 79, 80, 81, 82, 83, 84, 85, 86, 87, 88, 89, 90, 91, 92, 93, 94, 95, 96, 97, 98, 99, 100, 101, 102, 103, 104, 105, 106, 107, 108, 109, 110, 111, 112, 113, 114, 115, 116, 117, 118, 119, 120, 121, 122, 123, 124, 125, 126, 127, 128]!Vessel: PSV_4
[1, 2, 3, 4, 5, 6, 7, 8, 9, 10, 11, 12, 13, 14, 15, 16, 17, 18, 19, 20, 21, 22, 23, 24, 25, 26, 27, 28, 29, 30, 31, 32, 33, 34, 35, 36, 37, 38, 39, 40, 41, 42, 43, 44, 45, 46, 47, 48, 49, 50, 51, 52, 53, 54, 55, 56, 57, 58, 59, 60, 61, 62, 63, 64, 65, 66, 67, 68, 69, 70, 71, 72, 73, 74, 75, 76, 77, 78, 79, 80, 81, 82, 83, 84, 85, 86, 87, 88, 89, 90, 91, 92, 93, 94, 95, 96, 97, 98, 99, 100, 101, 102, 103, 104, 105, 106, 107, 108, 109, 110, 111, 112, 113, 114, 115, 116, 117, 118, 119, 120, 121, 122, 123, 124, 125, 126, 127, 128]!Vessel: PSV_5
[1, 2, 3, 4, 5, 6, 7, 8, 9, 10, 11, 12, 13, 14, 15, 16, 17, 18, 19, 20, 21, 22, 23, 24, 25, 26, 27, 28, 29, 30, 31, 32, 33, 34, 35, 36, 37, 38, 39, 40, 41, 42, 43, 44, 45, 46, 47, 48, 49, 50, 51, 52, 53, 54, 55, 56, 57, 58, 59, 60, 61, 62, 63, 64, 65, 66, 67, 68, 69, 70, 71, 72, 73, 74, 75, 76, 77, 78, 79, 80, 81, 82, 83, 84, 85, 86, 87, 88, 89, 90, 91, 92, 93, 94, 95, 96, 97, 98, 99, 100, 101, 102, 103, 104, 105, 106, 107, 108, 109, 110, 111, 112, 113, 114, 115, 116, 117, 118, 119, 120, 121, 122, 123, 124, 125, 126, 127, 128]!Vessel: PSV_6
] 

Rvi : [
!i : 1, 2, 3, 4, 5, 6, 7
[2, 9, 10, 11, 12, 13, 23, 30, 31, 32, 33, 34, 35, 36, 37, 38, 39, 40, 41, 42, 43, 44, 65, 66, 67, 68, 69, 70, 71, 72, 73, 74, 75, 76, 77, 78, 81, 83, 85, 89, 91, 95, 100, 101, 102, 103, 104, 105, 106, 107, 108, 109, 110, 111, 113, 115, 116, 121, 122, 123, 124, 125, 126, 128], [3, 9, 14, 15, 16, 17, 18, 30, 33, 35, 36, 41, 45, 46, 47, 48, 49, 50, 51, 52, 53, 54, 65, 66, 67, 76, 78, 79, 80, 81, 82, 83, 84, 85, 86, 87, 88, 89, 90, 91, 92, 93, 100, 101, 107, 108, 109, 110, 111, 112, 113, 114, 115, 116, 117, 118, 119, 121, 123, 124, 125, 126, 127, 128], [4, 10, 14, 19, 20, 21, 22, 30, 31, 32, 37, 42, 45, 46, 47, 50, 55, 56, 57, 59, 60, 64, 65, 68, 69, 70, 74, 75, 79, 80, 81, 82, 83, 85, 86, 87, 88, 94, 95, 96, 97, 99, 100, 101, 102, 103, 104, 106, 107, 108, 110, 112, 114, 115, 117, 118, 120, 121, 122, 123, 124, 125, 127, 128], [5, 15, 19, 23, 24, 25, 26, 31, 33, 34, 38, 43, 45, 48, 49, 51, 55, 56, 57, 58, 61, 62, 65, 66, 68, 71, 72, 74, 76, 77, 79, 80, 84, 86, 89, 90, 92, 94, 95, 96, 97, 98, 100, 101, 102, 103, 105, 106, 108, 109, 112, 113, 114, 116, 117, 119, 120, 121, 122, 123, 125, 126, 127, 128], [6, 11, 16, 20, 24, 27, 28, 32, 34, 35, 39, 44, 46, 48, 52, 54, 55, 59, 60, 61, 62, 63, 66, 67, 69, 71, 73, 75, 77, 78, 79, 81, 82, 84, 87, 90, 93, 95, 96, 97, 98, 99, 101, 102, 104, 105, 106, 110, 111, 112, 113, 114, 115, 116, 118, 119, 120, 121, 122, 124, 125, 126, 127, 128], [7, 12, 17, 21, 25, 27, 29, 36, 37, 38, 39, 40, 50, 51, 52, 53, 56, 58, 59, 61, 63, 64, 67, 68, 69, 70, 71, 72, 73, 85, 86, 87, 88, 89, 90, 91, 92, 93, 94, 96, 98, 99, 100, 102, 103, 104, 105, 107, 109, 111, 114, 115, 116, 117, 118, 119, 120, 121, 122, 123, 124, 126, 127, 128], [8, 13, 18, 22, 26, 28, 29, 40, 41, 42, 43, 44, 47, 49, 53, 54, 57, 58, 60, 62, 63, 64, 70, 72, 73, 74, 75, 76, 77, 78, 80, 82, 83, 84, 88, 91, 92, 93, 94, 97, 98, 99, 103, 104, 105, 106, 107, 108, 109, 110, 111, 112, 113, 117, 118, 119, 120, 122, 123, 124, 125, 126, 127, 128]!Vessel: PSV_1
[2, 9, 10, 11, 12, 13, 23, 30, 31, 32, 33, 34, 35, 36, 37, 38, 39, 40, 41, 42, 43, 44, 65, 66, 67, 68, 69, 70, 71, 72, 73, 74, 75, 76, 77, 78, 81, 83, 85, 89, 91, 95, 100, 101, 102, 103, 104, 105, 106, 107, 108, 109, 110, 111, 113, 115, 116, 121, 122, 123, 124, 125, 126, 128], [3, 9, 14, 15, 16, 17, 18, 30, 33, 35, 36, 41, 45, 46, 47, 48, 49, 50, 51, 52, 53, 54, 65, 66, 67, 76, 78, 79, 80, 81, 82, 83, 84, 85, 86, 87, 88, 89, 90, 91, 92, 93, 100, 101, 107, 108, 109, 110, 111, 112, 113, 114, 115, 116, 117, 118, 119, 121, 123, 124, 125, 126, 127, 128], [4, 10, 14, 19, 20, 21, 22, 30, 31, 32, 37, 42, 45, 46, 47, 50, 55, 56, 57, 59, 60, 64, 65, 68, 69, 70, 74, 75, 79, 80, 81, 82, 83, 85, 86, 87, 88, 94, 95, 96, 97, 99, 100, 101, 102, 103, 104, 106, 107, 108, 110, 112, 114, 115, 117, 118, 120, 121, 122, 123, 124, 125, 127, 128], [5, 15, 19, 23, 24, 25, 26, 31, 33, 34, 38, 43, 45, 48, 49, 51, 55, 56, 57, 58, 61, 62, 65, 66, 68, 71, 72, 74, 76, 77, 79, 80, 84, 86, 89, 90, 92, 94, 95, 96, 97, 98, 100, 101, 102, 103, 105, 106, 108, 109, 112, 113, 114, 116, 117, 119, 120, 121, 122, 123, 125, 126, 127, 128], [6, 11, 16, 20, 24, 27, 28, 32, 34, 35, 39, 44, 46, 48, 52, 54, 55, 59, 60, 61, 62, 63, 66, 67, 69, 71, 73, 75, 77, 78, 79, 81, 82, 84, 87, 90, 93, 95, 96, 97, 98, 99, 101, 102, 104, 105, 106, 110, 111, 112, 113, 114, 115, 116, 118, 119, 120, 121, 122, 124, 125, 126, 127, 128], [7, 12, 17, 21, 25, 27, 29, 36, 37, 38, 39, 40, 50, 51, 52, 53, 56, 58, 59, 61, 63, 64, 67, 68, 69, 70, 71, 72, 73, 85, 86, 87, 88, 89, 90, 91, 92, 93, 94, 96, 98, 99, 100, 102, 103, 104, 105, 107, 109, 111, 114, 115, 116, 117, 118, 119, 120, 121, 122, 123, 124, 126, 127, 128], [8, 13, 18, 22, 26, 28, 29, 40, 41, 42, 43, 44, 47, 49, 53, 54, 57, 58, 60, 62, 63, 64, 70, 72, 73, 74, 75, 76, 77, 78, 80, 82, 83, 84, 88, 91, 92, 93, 94, 97, 98, 99, 103, 104, 105, 106, 107, 108, 109, 110, 111, 112, 113, 117, 118, 119, 120, 122, 123, 124, 125, 126, 127, 128]!Vessel: PSV_2
[2, 9, 10, 11, 12, 13, 23, 30, 31, 32, 33, 34, 35, 36, 37, 38, 39, 40, 41, 42, 43, 44, 65, 66, 67, 68, 69, 70, 71, 72, 73, 74, 75, 76, 77, 78, 81, 83, 85, 89, 91, 95, 100, 101, 102, 103, 104, 105, 106, 107, 108, 109, 110, 111, 113, 115, 116, 121, 122, 123, 124, 125, 126, 128], [3, 9, 14, 15, 16, 17, 18, 30, 33, 35, 36, 41, 45, 46, 47, 48, 49, 50, 51, 52, 53, 54, 65, 66, 67, 76, 78, 79, 80, 81, 82, 83, 84, 85, 86, 87, 88, 89, 90, 91, 92, 93, 100, 101, 107, 108, 109, 110, 111, 112, 113, 114, 115, 116, 117, 118, 119, 121, 123, 124, 125, 126, 127, 128], [4, 10, 14, 19, 20, 21, 22, 30, 31, 32, 37, 42, 45, 46, 47, 50, 55, 56, 57, 59, 60, 64, 65, 68, 69, 70, 74, 75, 79, 80, 81, 82, 83, 85, 86, 87, 88, 94, 95, 96, 97, 99, 100, 101, 102, 103, 104, 106, 107, 108, 110, 112, 114, 115, 117, 118, 120, 121, 122, 123, 124, 125, 127, 128], [5, 15, 19, 23, 24, 25, 26, 31, 33, 34, 38, 43, 45, 48, 49, 51, 55, 56, 57, 58, 61, 62, 65, 66, 68, 71, 72, 74, 76, 77, 79, 80, 84, 86, 89, 90, 92, 94, 95, 96, 97, 98, 100, 101, 102, 103, 105, 106, 108, 109, 112, 113, 114, 116, 117, 119, 120, 121, 122, 123, 125, 126, 127, 128], [6, 11, 16, 20, 24, 27, 28, 32, 34, 35, 39, 44, 46, 48, 52, 54, 55, 59, 60, 61, 62, 63, 66, 67, 69, 71, 73, 75, 77, 78, 79, 81, 82, 84, 87, 90, 93, 95, 96, 97, 98, 99, 101, 102, 104, 105, 106, 110, 111, 112, 113, 114, 115, 116, 118, 119, 120, 121, 122, 124, 125, 126, 127, 128], [7, 12, 17, 21, 25, 27, 29, 36, 37, 38, 39, 40, 50, 51, 52, 53, 56, 58, 59, 61, 63, 64, 67, 68, 69, 70, 71, 72, 73, 85, 86, 87, 88, 89, 90, 91, 92, 93, 94, 96, 98, 99, 100, 102, 103, 104, 105, 107, 109, 111, 114, 115, 116, 117, 118, 119, 120, 121, 122, 123, 124, 126, 127, 128], [8, 13, 18, 22, 26, 28, 29, 40, 41, 42, 43, 44, 47, 49, 53, 54, 57, 58, 60, 62, 63, 64, 70, 72, 73, 74, 75, 76, 77, 78, 80, 82, 83, 84, 88, 91, 92, 93, 94, 97, 98, 99, 103, 104, 105, 106, 107, 108, 109, 110, 111, 112, 113, 117, 118, 119, 120, 122, 123, 124, 125, 126, 127, 128]!Vessel: PSV_3
[2, 9, 10, 11, 12, 13, 23, 30, 31, 32, 33, 34, 35, 36, 37, 38, 39, 40, 41, 42, 43, 44, 65, 66, 67, 68, 69, 70, 71, 72, 73, 74, 75, 76, 77, 78, 81, 83, 85, 89, 91, 95, 100, 101, 102, 103, 104, 105, 106, 107, 108, 109, 110, 111, 113, 115, 116, 121, 122, 123, 124, 125, 126, 128], [3, 9, 14, 15, 16, 17, 18, 30, 33, 35, 36, 41, 45, 46, 47, 48, 49, 50, 51, 52, 53, 54, 65, 66, 67, 76, 78, 79, 80, 81, 82, 83, 84, 85, 86, 87, 88, 89, 90, 91, 92, 93, 100, 101, 107, 108, 109, 110, 111, 112, 113, 114, 115, 116, 117, 118, 119, 121, 123, 124, 125, 126, 127, 128], [4, 10, 14, 19, 20, 21, 22, 30, 31, 32, 37, 42, 45, 46, 47, 50, 55, 56, 57, 59, 60, 64, 65, 68, 69, 70, 74, 75, 79, 80, 81, 82, 83, 85, 86, 87, 88, 94, 95, 96, 97, 99, 100, 101, 102, 103, 104, 106, 107, 108, 110, 112, 114, 115, 117, 118, 120, 121, 122, 123, 124, 125, 127, 128], [5, 15, 19, 23, 24, 25, 26, 31, 33, 34, 38, 43, 45, 48, 49, 51, 55, 56, 57, 58, 61, 62, 65, 66, 68, 71, 72, 74, 76, 77, 79, 80, 84, 86, 89, 90, 92, 94, 95, 96, 97, 98, 100, 101, 102, 103, 105, 106, 108, 109, 112, 113, 114, 116, 117, 119, 120, 121, 122, 123, 125, 126, 127, 128], [6, 11, 16, 20, 24, 27, 28, 32, 34, 35, 39, 44, 46, 48, 52, 54, 55, 59, 60, 61, 62, 63, 66, 67, 69, 71, 73, 75, 77, 78, 79, 81, 82, 84, 87, 90, 93, 95, 96, 97, 98, 99, 101, 102, 104, 105, 106, 110, 111, 112, 113, 114, 115, 116, 118, 119, 120, 121, 122, 124, 125, 126, 127, 128], [7, 12, 17, 21, 25, 27, 29, 36, 37, 38, 39, 40, 50, 51, 52, 53, 56, 58, 59, 61, 63, 64, 67, 68, 69, 70, 71, 72, 73, 85, 86, 87, 88, 89, 90, 91, 92, 93, 94, 96, 98, 99, 100, 102, 103, 104, 105, 107, 109, 111, 114, 115, 116, 117, 118, 119, 120, 121, 122, 123, 124, 126, 127, 128], [8, 13, 18, 22, 26, 28, 29, 40, 41, 42, 43, 44, 47, 49, 53, 54, 57, 58, 60, 62, 63, 64, 70, 72, 73, 74, 75, 76, 77, 78, 80, 82, 83, 84, 88, 91, 92, 93, 94, 97, 98, 99, 103, 104, 105, 106, 107, 108, 109, 110, 111, 112, 113, 117, 118, 119, 120, 122, 123, 124, 125, 126, 127, 128]!Vessel: PSV_4
[2, 9, 10, 11, 12, 13, 23, 30, 31, 32, 33, 34, 35, 36, 37, 38, 39, 40, 41, 42, 43, 44, 65, 66, 67, 68, 69, 70, 71, 72, 73, 74, 75, 76, 77, 78, 81, 83, 85, 89, 91, 95, 100, 101, 102, 103, 104, 105, 106, 107, 108, 109, 110, 111, 113, 115, 116, 121, 122, 123, 124, 125, 126, 128], [3, 9, 14, 15, 16, 17, 18, 30, 33, 35, 36, 41, 45, 46, 47, 48, 49, 50, 51, 52, 53, 54, 65, 66, 67, 76, 78, 79, 80, 81, 82, 83, 84, 85, 86, 87, 88, 89, 90, 91, 92, 93, 100, 101, 107, 108, 109, 110, 111, 112, 113, 114, 115, 116, 117, 118, 119, 121, 123, 124, 125, 126, 127, 128], [4, 10, 14, 19, 20, 21, 22, 30, 31, 32, 37, 42, 45, 46, 47, 50, 55, 56, 57, 59, 60, 64, 65, 68, 69, 70, 74, 75, 79, 80, 81, 82, 83, 85, 86, 87, 88, 94, 95, 96, 97, 99, 100, 101, 102, 103, 104, 106, 107, 108, 110, 112, 114, 115, 117, 118, 120, 121, 122, 123, 124, 125, 127, 128], [5, 15, 19, 23, 24, 25, 26, 31, 33, 34, 38, 43, 45, 48, 49, 51, 55, 56, 57, 58, 61, 62, 65, 66, 68, 71, 72, 74, 76, 77, 79, 80, 84, 86, 89, 90, 92, 94, 95, 96, 97, 98, 100, 101, 102, 103, 105, 106, 108, 109, 112, 113, 114, 116, 117, 119, 120, 121, 122, 123, 125, 126, 127, 128], [6, 11, 16, 20, 24, 27, 28, 32, 34, 35, 39, 44, 46, 48, 52, 54, 55, 59, 60, 61, 62, 63, 66, 67, 69, 71, 73, 75, 77, 78, 79, 81, 82, 84, 87, 90, 93, 95, 96, 97, 98, 99, 101, 102, 104, 105, 106, 110, 111, 112, 113, 114, 115, 116, 118, 119, 120, 121, 122, 124, 125, 126, 127, 128], [7, 12, 17, 21, 25, 27, 29, 36, 37, 38, 39, 40, 50, 51, 52, 53, 56, 58, 59, 61, 63, 64, 67, 68, 69, 70, 71, 72, 73, 85, 86, 87, 88, 89, 90, 91, 92, 93, 94, 96, 98, 99, 100, 102, 103, 104, 105, 107, 109, 111, 114, 115, 116, 117, 118, 119, 120, 121, 122, 123, 124, 126, 127, 128], [8, 13, 18, 22, 26, 28, 29, 40, 41, 42, 43, 44, 47, 49, 53, 54, 57, 58, 60, 62, 63, 64, 70, 72, 73, 74, 75, 76, 77, 78, 80, 82, 83, 84, 88, 91, 92, 93, 94, 97, 98, 99, 103, 104, 105, 106, 107, 108, 109, 110, 111, 112, 113, 117, 118, 119, 120, 122, 123, 124, 125, 126, 127, 128]!Vessel: PSV_5
[2, 9, 10, 11, 12, 13, 23, 30, 31, 32, 33, 34, 35, 36, 37, 38, 39, 40, 41, 42, 43, 44, 65, 66, 67, 68, 69, 70, 71, 72, 73, 74, 75, 76, 77, 78, 81, 83, 85, 89, 91, 95, 100, 101, 102, 103, 104, 105, 106, 107, 108, 109, 110, 111, 113, 115, 116, 121, 122, 123, 124, 125, 126, 128], [3, 9, 14, 15, 16, 17, 18, 30, 33, 35, 36, 41, 45, 46, 47, 48, 49, 50, 51, 52, 53, 54, 65, 66, 67, 76, 78, 79, 80, 81, 82, 83, 84, 85, 86, 87, 88, 89, 90, 91, 92, 93, 100, 101, 107, 108, 109, 110, 111, 112, 113, 114, 115, 116, 117, 118, 119, 121, 123, 124, 125, 126, 127, 128], [4, 10, 14, 19, 20, 21, 22, 30, 31, 32, 37, 42, 45, 46, 47, 50, 55, 56, 57, 59, 60, 64, 65, 68, 69, 70, 74, 75, 79, 80, 81, 82, 83, 85, 86, 87, 88, 94, 95, 96, 97, 99, 100, 101, 102, 103, 104, 106, 107, 108, 110, 112, 114, 115, 117, 118, 120, 121, 122, 123, 124, 125, 127, 128], [5, 15, 19, 23, 24, 25, 26, 31, 33, 34, 38, 43, 45, 48, 49, 51, 55, 56, 57, 58, 61, 62, 65, 66, 68, 71, 72, 74, 76, 77, 79, 80, 84, 86, 89, 90, 92, 94, 95, 96, 97, 98, 100, 101, 102, 103, 105, 106, 108, 109, 112, 113, 114, 116, 117, 119, 120, 121, 122, 123, 125, 126, 127, 128], [6, 11, 16, 20, 24, 27, 28, 32, 34, 35, 39, 44, 46, 48, 52, 54, 55, 59, 60, 61, 62, 63, 66, 67, 69, 71, 73, 75, 77, 78, 79, 81, 82, 84, 87, 90, 93, 95, 96, 97, 98, 99, 101, 102, 104, 105, 106, 110, 111, 112, 113, 114, 115, 116, 118, 119, 120, 121, 122, 124, 125, 126, 127, 128], [7, 12, 17, 21, 25, 27, 29, 36, 37, 38, 39, 40, 50, 51, 52, 53, 56, 58, 59, 61, 63, 64, 67, 68, 69, 70, 71, 72, 73, 85, 86, 87, 88, 89, 90, 91, 92, 93, 94, 96, 98, 99, 100, 102, 103, 104, 105, 107, 109, 111, 114, 115, 116, 117, 118, 119, 120, 121, 122, 123, 124, 126, 127, 128], [8, 13, 18, 22, 26, 28, 29, 40, 41, 42, 43, 44, 47, 49, 53, 54, 57, 58, 60, 62, 63, 64, 70, 72, 73, 74, 75, 76, 77, 78, 80, 82, 83, 84, 88, 91, 92, 93, 94, 97, 98, 99, 103, 104, 105, 106, 107, 108, 109, 110, 111, 112, 113, 117, 118, 119, 120, 122, 123, 124, 125, 126, 127, 128]!Vessel: PSV_6
] 

Rvl : [
!l : 1, 2, 3
[1, 2], [3, 4, 5, 6, 7, 8, 9, 10, 11, 12, 13, 14, 15, 16, 17, 18, 19, 20, 21, 22, 23, 24, 25, 26, 27, 28, 29, 30, 31, 32, 33, 34, 35, 36, 37, 38, 39, 40, 41, 42, 43, 44, 45, 46, 47, 48, 49, 50, 51, 52, 53, 54, 55, 56, 57, 58, 59, 60, 61, 62, 63, 64, 65, 66, 67, 68, 69, 70, 71, 72, 73, 74, 75, 76, 77, 78, 79, 80, 81, 82, 83, 84, 85, 86, 87, 88, 89, 90, 91, 92, 93, 94, 95, 96, 97, 98, 99, 102, 103, 104, 105, 106, 111, 117, 118, 119, 120, 122], [100, 101, 107, 108, 109, 110, 112, 113, 114, 115, 116, 121, 123, 124, 125, 126, 127, 128]!Vessel: PSV_1
[1, 2], [3, 4, 5, 6, 7, 8, 9, 10, 11, 12, 13, 14, 15, 16, 17, 18, 19, 20, 21, 22, 23, 24, 25, 26, 27, 28, 29, 30, 31, 32, 33, 34, 35, 36, 37, 38, 39, 40, 41, 42, 43, 44, 45, 46, 47, 48, 49, 50, 51, 52, 53, 54, 55, 56, 57, 58, 59, 60, 61, 62, 63, 64, 65, 66, 67, 68, 69, 70, 71, 72, 73, 74, 75, 76, 77, 78, 79, 80, 81, 82, 83, 84, 85, 86, 87, 88, 89, 90, 91, 92, 93, 94, 95, 96, 97, 98, 99, 102, 103, 104, 105, 106, 111, 117, 118, 119, 120, 122], [100, 101, 107, 108, 109, 110, 112, 113, 114, 115, 116, 121, 123, 124, 125, 126, 127, 128]!Vessel: PSV_2
[1, 2], [3, 4, 5, 6, 7, 8, 9, 10, 11, 12, 13, 14, 15, 16, 17, 18, 19, 20, 21, 22, 23, 24, 25, 26, 27, 28, 29, 30, 31, 32, 33, 34, 35, 36, 37, 38, 39, 40, 41, 42, 43, 44, 45, 46, 47, 48, 49, 50, 51, 52, 53, 54, 55, 56, 57, 58, 59, 60, 61, 62, 63, 64, 65, 66, 67, 68, 69, 70, 71, 72, 73, 74, 75, 76, 77, 78, 79, 80, 81, 82, 83, 84, 85, 86, 87, 88, 89, 90, 91, 92, 93, 94, 95, 96, 97, 98, 99, 102, 103, 104, 105, 106, 111, 117, 118, 119, 120, 122], [100, 101, 107, 108, 109, 110, 112, 113, 114, 115, 116, 121, 123, 124, 125, 126, 127, 128]!Vessel: PSV_3
[1, 2], [3, 4, 5, 6, 7, 8, 9, 10, 11, 12, 13, 14, 15, 16, 17, 18, 19, 20, 21, 22, 23, 24, 25, 26, 27, 28, 29, 30, 31, 32, 33, 34, 35, 36, 37, 38, 39, 40, 41, 42, 43, 44, 45, 46, 47, 48, 49, 50, 51, 52, 53, 54, 55, 56, 57, 58, 59, 60, 61, 62, 63, 64, 65, 66, 67, 68, 69, 70, 71, 72, 73, 74, 75, 76, 77, 78, 79, 80, 81, 82, 83, 84, 85, 86, 87, 88, 89, 90, 91, 92, 93, 94, 95, 96, 97, 98, 99, 102, 103, 104, 105, 106, 111, 117, 118, 119, 120, 122], [100, 101, 107, 108, 109, 110, 112, 113, 114, 115, 116, 121, 123, 124, 125, 126, 127, 128]!Vessel: PSV_4
[1, 2], [3, 4, 5, 6, 7, 8, 9, 10, 11, 12, 13, 14, 15, 16, 17, 18, 19, 20, 21, 22, 23, 24, 25, 26, 27, 28, 29, 30, 31, 32, 33, 34, 35, 36, 37, 38, 39, 40, 41, 42, 43, 44, 45, 46, 47, 48, 49, 50, 51, 52, 53, 54, 55, 56, 57, 58, 59, 60, 61, 62, 63, 64, 65, 66, 67, 68, 69, 70, 71, 72, 73, 74, 75, 76, 77, 78, 79, 80, 81, 82, 83, 84, 85, 86, 87, 88, 89, 90, 91, 92, 93, 94, 95, 96, 97, 98, 99, 102, 103, 104, 105, 106, 111, 117, 118, 119, 120, 122], [100, 101, 107, 108, 109, 110, 112, 113, 114, 115, 116, 121, 123, 124, 125, 126, 127, 128]!Vessel: PSV_5
[1, 2], [3, 4, 5, 6, 7, 8, 9, 10, 11, 12, 13, 14, 15, 16, 17, 18, 19, 20, 21, 22, 23, 24, 25, 26, 27, 28, 29, 30, 31, 32, 33, 34, 35, 36, 37, 38, 39, 40, 41, 42, 43, 44, 45, 46, 47, 48, 49, 50, 51, 52, 53, 54, 55, 56, 57, 58, 59, 60, 61, 62, 63, 64, 65, 66, 67, 68, 69, 70, 71, 72, 73, 74, 75, 76, 77, 78, 79, 80, 81, 82, 83, 84, 85, 86, 87, 88, 89, 90, 91, 92, 93, 94, 95, 96, 97, 98, 99, 102, 103, 104, 105, 106, 111, 117, 118, 119, 120, 122], [100, 101, 107, 108, 109, 110, 112, 113, 114, 115, 116, 121, 123, 124, 125, 126, 127, 128]!Vessel: PSV_6
] 

minF : 1
maxF : 5
Nf : [
!f : 1, 2, 3, 4, 5
[6], [], [2, 3, 4, 5], [1], [7]
]

! Parameters
VoyageCost: [0, 25562, 45501, 46383, 46330, 45384, 36702, 39543, 52290, 52401, 51609, 41770, 45394, 66671, 67046, 66486, 55943, 60594, 51056, 50894, 50591, 48974, 52489, 50588, 50850, 49100, 50130, 48283, 43918, 72689, 57075, 56912, 73205, 56747, 72711, 61011, 55659, 55918, 55199, 48986, 66445, 54825, 54951, 54134, 71344, 71181, 69262, 71305, 69817, 69831, 70091, 69371, 63159, 69335, 55315, 55264, 53647, 53475, 55102, 53485, 55109, 53359, 52658, 53182, 77503, 77530, 75595, 60332, 60170, 58250, 60177, 58543, 57727, 59498, 59336, 75668, 59210, 75237, 75603, 74114, 77406, 74080, 75113, 74204, 75850, 74505, 74342, 72423, 76250, 74349, 69010, 72716, 71899, 58022, 61333, 59523, 57906, 57734, 57860, 80664, 81827, 64591, 63091, 62928, 62802, 63757, 78274, 79966, 78712, 79932, 78121, 78502, 80055, 78763, 80567, 80574, 77263, 77101, 76975, 62281, 84988, 67349, 83126, 83092, 84353, 83100, 81522, 87513]
VoyageDuration: [1, 1, 2, 2, 2, 2, 2, 2, 2, 2, 2, 2, 2, 2, 2, 2, 2, 2, 2, 2, 2, 2, 2, 2, 2, 2, 2, 2, 2, 2, 2, 2, 2, 2, 2, 2, 2, 2, 2, 2, 2, 2, 2, 2, 2, 2, 2, 2, 2, 2, 2, 2, 2, 2, 2, 2, 2, 2, 2, 2, 2, 2, 2, 2, 2, 2, 2, 2, 2, 2, 2, 2, 2, 2, 2, 2, 2, 2, 2, 2, 2, 2, 2, 2, 2, 2, 2, 2, 2, 2, 2, 2, 2, 2, 2, 2, 2, 2, 2, 3, 3, 2, 2, 2, 2, 2, 3, 3, 3, 3, 2, 3, 3, 3, 3, 3, 2, 2, 2, 2, 3, 2, 3, 3, 3, 3, 3, 3]
TimeCharterCost: [1400000, 1400000, 1400000, 1400000, 1400000, 1400000]
RequiredVisits: [4, 3, 3, 3, 3, 1, 5]
NumberOfDaysAvailable: [7, 7, 7, 7, 7, 7]
DepotCapacity: [3, 3, 3, 3, 3, 3, 0]
