some parameters
Gen.	# feasible solutions	# infeasible solutions	cap. penality	dur. penality	num. penality	best penalized cost	best feasible cost	best cap. violation	best dur. violation	best num. violation	avg cap. violation	avg dur. violation	avg num. violation	Gap from BKS
1	35.00	66.00	1200.00	12000.00	42500.00	584636.75	587034.65	0.00	2.83	0.00	0.22	8.54	0.00	0.20
2	36.00	66.00	1200.00	12000.00	42500.00	584636.75	587034.65	0.00	2.83	0.00	0.21	8.45	0.00	0.20
3	37.00	66.00	1200.00	12000.00	42500.00	584636.75	587034.65	0.00	2.83	0.00	0.21	8.37	0.00	0.20
4	38.00	66.00	1200.00	12000.00	42500.00	584636.75	587034.65	0.00	2.83	0.00	0.21	8.29	0.00	0.20
5	38.00	67.00	1200.00	12000.00	42500.00	584636.75	587034.65	0.00	2.83	0.00	0.21	8.32	0.00	0.20
6	39.00	67.00	1200.00	12000.00	42500.00	584636.75	587034.65	0.00	2.83	0.00	0.21	8.24	0.00	0.20
7	40.00	67.00	1200.00	12000.00	42500.00	584636.75	587034.65	0.00	2.83	0.00	0.20	8.16	0.00	0.20
8	41.00	67.00	1200.00	12000.00	42500.00	584636.75	587034.65	0.00	2.83	0.00	0.20	8.09	0.00	0.20
9	42.00	67.00	1200.00	12000.00	42500.00	584636.75	587034.65	0.00	2.83	0.00	0.20	8.01	0.00	0.20
10	43.00	67.00	1200.00	12000.00	42500.00	584636.75	587034.65	0.00	2.83	0.00	0.20	7.94	0.00	0.20
11	43.00	68.00	1200.00	12000.00	42500.00	584636.75	587034.65	0.00	2.83	0.00	0.20	7.97	0.00	0.20
12	44.00	68.00	1200.00	12000.00	42500.00	584636.75	587034.65	0.00	2.83	0.00	0.19	7.90	0.00	0.20
13	44.00	69.00	1200.00	12000.00	42500.00	584636.75	587034.65	0.00	2.83	0.00	0.19	7.93	0.00	0.20
14	44.00	70.00	1200.00	12000.00	42500.00	584636.75	587034.65	0.00	2.83	0.00	0.19	7.96	0.00	0.20
15	44.00	71.00	1200.00	12000.00	42500.00	584636.75	587034.65	0.00	2.83	0.00	0.19	7.99	0.00	0.20
16	45.00	71.00	1200.00	12000.00	42500.00	584636.75	587034.65	0.00	2.83	0.00	0.19	7.92	0.00	0.20
17	46.00	71.00	1200.00	12000.00	42500.00	584636.75	587034.65	0.00	2.83	0.00	0.19	7.86	0.00	0.20
18	47.00	71.00	1200.00	12000.00	42500.00	550676.75	550676.75	0.00	0.00	0.00	0.18	7.79	0.00	0.12
19	48.00	71.00	1200.00	12000.00	42500.00	550676.75	550676.75	0.00	0.00	0.00	0.18	7.72	0.00	0.12
20	49.00	71.00	1200.00	12000.00	42500.00	550676.75	550676.75	0.00	0.00	0.00	0.18	7.66	0.00	0.12
21	50.00	71.00	1200.00	12000.00	42500.00	550676.75	550676.75	0.00	0.00	0.00	0.18	7.60	0.00	0.12
22	51.00	71.00	1200.00	12000.00	42500.00	550676.75	550676.75	0.00	0.00	0.00	0.18	7.53	0.00	0.12
23	52.00	71.00	1200.00	12000.00	42500.00	550676.75	550676.75	0.00	0.00	0.00	0.18	7.47	0.00	0.12
24	53.00	71.00	1200.00	12000.00	42500.00	550676.75	550676.75	0.00	0.00	0.00	0.18	7.41	0.00	0.12
25	54.00	71.00	1200.00	12000.00	42500.00	550676.75	550676.75	0.00	0.00	0.00	0.17	7.35	0.00	0.12
26	55.00	71.00	1200.00	12000.00	42500.00	550676.75	550676.75	0.00	0.00	0.00	0.17	7.29	0.00	0.12
27	55.00	72.00	1200.00	12000.00	42500.00	550676.75	550676.75	0.00	0.00	0.00	0.17	7.35	0.00	0.12
28	56.00	72.00	1200.00	12000.00	42500.00	550676.75	550676.75	0.00	0.00	0.00	0.17	7.29	0.00	0.12
29	56.00	73.00	1200.00	12000.00	42500.00	550676.75	550676.75	0.00	0.00	0.00	0.17	7.26	0.00	0.12
30	57.00	73.00	1200.00	12000.00	42500.00	550676.75	550676.75	0.00	0.00	0.00	0.17	7.20	0.00	0.12
31	57.00	74.00	1200.00	12000.00	42500.00	550676.75	550676.75	0.00	0.00	0.00	0.17	7.23	0.00	0.12
32	58.00	74.00	1200.00	12000.00	42500.00	550676.75	550676.75	0.00	0.00	0.00	0.17	7.18	0.00	0.12
33	58.00	25.00	1200.00	12000.00	42500.00	550676.75	550676.75	0.00	0.00	0.00	0.26	2.63	0.00	0.12
34	59.00	25.00	1200.00	12000.00	42500.00	550676.75	550676.75	0.00	0.00	0.00	0.26	2.60	0.00	0.12
35	60.00	25.00	1200.00	12000.00	42500.00	550676.75	550676.75	0.00	0.00	0.00	0.26	2.56	0.00	0.12
36	61.00	25.00	1200.00	12000.00	42500.00	550676.75	550676.75	0.00	0.00	0.00	0.25	2.54	0.00	0.12
37	61.00	26.00	1200.00	12000.00	42500.00	550676.75	550676.75	0.00	0.00	0.00	0.25	2.64	0.00	0.12
38	62.00	26.00	1200.00	12000.00	42500.00	550676.75	550676.75	0.00	0.00	0.00	0.25	2.61	0.00	0.12
39	63.00	26.00	1200.00	12000.00	42500.00	550676.75	550676.75	0.00	0.00	0.00	0.24	2.58	0.00	0.12
40	64.00	26.00	1200.00	12000.00	42500.00	550676.75	550676.75	0.00	0.00	0.00	0.24	2.55	0.00	0.12
41	65.00	26.00	1200.00	12000.00	42500.00	550676.75	550676.75	0.00	0.00	0.00	0.24	2.52	0.00	0.12
42	65.00	27.00	1200.00	12000.00	42500.00	550676.75	550676.75	0.00	0.00	0.00	0.24	2.62	0.00	0.12
43	66.00	27.00	1200.00	12000.00	42500.00	550676.75	550676.75	0.00	0.00	0.00	0.23	2.59	0.00	0.12
44	66.00	28.00	1200.00	12000.00	42500.00	550676.75	550676.75	0.00	0.00	0.00	0.23	2.68	0.00	0.12
45	67.00	28.00	1200.00	12000.00	42500.00	550676.75	550676.75	0.00	0.00	0.00	0.23	2.66	0.00	0.12
46	68.00	28.00	1200.00	12000.00	42500.00	550676.75	550676.75	0.00	0.00	0.00	0.23	2.63	0.00	0.12
47	69.00	28.00	1200.00	12000.00	42500.00	550676.75	550676.75	0.00	0.00	0.00	0.22	2.60	0.00	0.12
48	70.00	28.00	1200.00	12000.00	42500.00	550676.75	550676.75	0.00	0.00	0.00	0.22	2.57	0.00	0.12
49	70.00	29.00	1200.00	12000.00	42500.00	550676.75	550676.75	0.00	0.00	0.00	0.22	2.58	0.00	0.12
50	70.00	30.00	1200.00	12000.00	42500.00	550676.75	550676.75	0.00	0.00	0.00	0.22	2.58	0.00	0.12
51	71.00	30.00	1200.00	12000.00	42500.00	550676.75	550676.75	0.00	0.00	0.00	0.22	2.55	0.00	0.12
52	71.00	31.00	1200.00	12000.00	42500.00	550676.75	550676.75	0.00	0.00	0.00	0.21	2.64	0.00	0.12
53	72.00	31.00	1200.00	12000.00	42500.00	550676.75	550676.75	0.00	0.00	0.00	0.21	2.61	0.00	0.12
54	72.00	32.00	1200.00	12000.00	42500.00	550676.75	550676.75	0.00	0.00	0.00	0.21	2.62	0.00	0.12
55	73.00	32.00	1200.00	12000.00	42500.00	550676.75	550676.75	0.00	0.00	0.00	0.21	2.59	0.00	0.12
56	74.00	32.00	1200.00	12000.00	42500.00	550676.75	550676.75	0.00	0.00	0.00	0.21	2.57	0.00	0.12
57	25.00	32.00	1200.00	12000.00	42500.00	550676.75	550676.75	0.00	0.00	0.00	0.38	4.77	0.00	0.12
58	26.00	32.00	1200.00	12000.00	42500.00	550676.75	550676.75	0.00	0.00	0.00	0.38	4.69	0.00	0.12
59	27.00	32.00	1200.00	12000.00	42500.00	550676.75	550676.75	0.00	0.00	0.00	0.37	4.61	0.00	0.12
60	27.00	33.00	1200.00	12000.00	42500.00	550676.75	550676.75	0.00	0.00	0.00	0.36	4.73	0.00	0.12
61	27.00	34.00	1200.00	12000.00	42500.00	550676.75	550676.75	0.00	0.00	0.00	0.36	4.84	0.00	0.12
62	28.00	34.00	1200.00	12000.00	42500.00	550676.75	550676.75	0.00	0.00	0.00	0.35	4.76	0.00	0.12
63	29.00	34.00	1200.00	12000.00	42500.00	550676.75	550676.75	0.00	0.00	0.00	0.35	4.68	0.00	0.12
64	30.00	34.00	1200.00	12000.00	42500.00	550676.75	550676.75	0.00	0.00	0.00	0.34	4.61	0.00	0.12
65	31.00	34.00	1200.00	12000.00	42500.00	550676.75	550676.75	0.00	0.00	0.00	0.34	4.54	0.00	0.12
66	32.00	34.00	1200.00	12000.00	42500.00	550676.75	550676.75	0.00	0.00	0.00	0.33	4.47	0.00	0.12
67	33.00	34.00	1200.00	12000.00	42500.00	550676.75	550676.75	0.00	0.00	0.00	0.33	4.40	0.00	0.12
68	33.00	35.00	1200.00	12000.00	42500.00	550676.75	550676.75	0.00	0.00	0.00	0.32	4.51	0.00	0.12
69	34.00	35.00	1200.00	12000.00	42500.00	550676.75	550676.75	0.00	0.00	0.00	0.32	4.44	0.00	0.12
70	35.00	35.00	1200.00	12000.00	42500.00	550676.75	550676.75	0.00	0.00	0.00	0.31	4.38	0.00	0.12
71	36.00	35.00	1200.00	12000.00	42500.00	550676.75	550676.75	0.00	0.00	0.00	0.31	4.32	0.00	0.12
72	37.00	35.00	1200.00	12000.00	42500.00	550676.75	550676.75	0.00	0.00	0.00	0.30	4.26	0.00	0.12
73	37.00	36.00	1200.00	12000.00	42500.00	550676.75	550676.75	0.00	0.00	0.00	0.30	4.35	0.00	0.12
74	38.00	36.00	1200.00	12000.00	42500.00	550676.75	550676.75	0.00	0.00	0.00	0.29	4.29	0.00	0.12
75	39.00	36.00	1200.00	12000.00	42500.00	550676.75	550676.75	0.00	0.00	0.00	0.29	4.24	0.00	0.12
76	39.00	37.00	1200.00	12000.00	42500.00	550676.75	550676.75	0.00	0.00	0.00	0.29	4.44	0.00	0.12
77	40.00	37.00	1200.00	12000.00	42500.00	550676.75	550676.75	0.00	0.00	0.00	0.28	4.38	0.00	0.12
78	41.00	37.00	1200.00	12000.00	42500.00	550676.75	550676.75	0.00	0.00	0.00	0.28	4.33	0.00	0.12
79	42.00	37.00	1200.00	12000.00	42500.00	550676.75	550676.75	0.00	0.00	0.00	0.28	4.27	0.00	0.12
80	43.00	37.00	1200.00	12000.00	42500.00	550676.75	550676.75	0.00	0.00	0.00	0.27	4.22	0.00	0.12
81	44.00	37.00	1200.00	12000.00	42500.00	550676.75	550676.75	0.00	0.00	0.00	0.27	4.17	0.00	0.12
82	44.00	38.00	1200.00	12000.00	42500.00	550676.75	550676.75	0.00	0.00	0.00	0.27	4.26	0.00	0.12
83	45.00	38.00	1200.00	12000.00	42500.00	550676.75	550676.75	0.00	0.00	0.00	0.26	4.20	0.00	0.12
84	46.00	38.00	1200.00	12000.00	42500.00	550676.75	550676.75	0.00	0.00	0.00	0.26	4.15	0.00	0.12
85	46.00	39.00	1200.00	12000.00	42500.00	550676.75	550676.75	0.00	0.00	0.00	0.26	4.14	0.00	0.12
86	47.00	39.00	1200.00	12000.00	42500.00	550676.75	550676.75	0.00	0.00	0.00	0.25	4.09	0.00	0.12
87	48.00	39.00	1200.00	12000.00	42500.00	550676.75	550676.75	0.00	0.00	0.00	0.25	4.04	0.00	0.12
88	49.00	39.00	1200.00	12000.00	42500.00	550676.75	550676.75	0.00	0.00	0.00	0.25	4.00	0.00	0.12
89	50.00	39.00	1200.00	12000.00	42500.00	550676.75	550676.75	0.00	0.00	0.00	0.24	3.95	0.00	0.12
90	50.00	40.00	1200.00	12000.00	42500.00	550676.75	550676.75	0.00	0.00	0.00	0.24	4.04	0.00	0.12
91	51.00	40.00	1200.00	12000.00	42500.00	550676.75	550676.75	0.00	0.00	0.00	0.24	3.99	0.00	0.12
92	51.00	41.00	1200.00	12000.00	42500.00	550676.75	550676.75	0.00	0.00	0.00	0.24	4.07	0.00	0.12
93	52.00	41.00	1200.00	12000.00	42500.00	550676.75	550676.75	0.00	0.00	0.00	0.23	4.03	0.00	0.12
94	53.00	41.00	1200.00	12000.00	42500.00	550676.75	550676.75	0.00	0.00	0.00	0.23	3.98	0.00	0.12
95	54.00	41.00	1200.00	12000.00	42500.00	550676.75	550676.75	0.00	0.00	0.00	0.23	3.94	0.00	0.12
96	55.00	41.00	1200.00	12000.00	42500.00	550676.75	550676.75	0.00	0.00	0.00	0.23	3.90	0.00	0.12
97	56.00	41.00	1200.00	12000.00	42500.00	550676.75	550676.75	0.00	0.00	0.00	0.22	3.86	0.00	0.12
98	57.00	41.00	1200.00	12000.00	42500.00	550676.75	550676.75	0.00	0.00	0.00	0.22	3.82	0.00	0.12
99	57.00	42.00	1200.00	12000.00	42500.00	550676.75	550676.75	0.00	0.00	0.00	0.22	3.81	0.00	0.12
100	58.00	42.00	1200.00	12000.00	42500.00	550676.75	550676.75	0.00	0.00	0.00	0.22	3.77	0.00	0.12
101	59.00	42.00	1020.00	14400.00	36125.00	550676.75	550676.75	0.00	0.00	0.00	0.22	3.74	0.00	0.12
102	60.00	42.00	1020.00	14400.00	36125.00	550676.75	550676.75	0.00	0.00	0.00	0.21	3.70	0.00	0.12
103	61.00	42.00	1020.00	14400.00	36125.00	550676.75	550676.75	0.00	0.00	0.00	0.21	3.66	0.00	0.12
104	62.00	42.00	1020.00	14400.00	36125.00	550676.75	550676.75	0.00	0.00	0.00	0.21	3.63	0.00	0.12
105	63.00	42.00	1020.00	14400.00	36125.00	550676.75	550676.75	0.00	0.00	0.00	0.21	3.59	0.00	0.12
106	64.00	42.00	1020.00	14400.00	36125.00	550676.75	550676.75	0.00	0.00	0.00	0.21	3.56	0.00	0.12
107	64.00	43.00	1020.00	14400.00	36125.00	550676.75	550676.75	0.00	0.00	0.00	0.20	3.55	0.00	0.12
108	64.00	44.00	1020.00	14400.00	36125.00	550676.75	550676.75	0.00	0.00	0.00	0.20	3.70	0.00	0.12
109	64.00	45.00	1020.00	14400.00	36125.00	550676.75	550676.75	0.00	0.00	0.00	0.20	3.77	0.00	0.12
110	65.00	45.00	1020.00	14400.00	36125.00	550676.75	550676.75	0.00	0.00	0.00	0.20	3.74	0.00	0.12
111	66.00	45.00	1020.00	14400.00	36125.00	550676.75	550676.75	0.00	0.00	0.00	0.20	3.71	0.00	0.12
112	67.00	45.00	1020.00	14400.00	36125.00	550676.75	550676.75	0.00	0.00	0.00	0.19	3.67	0.00	0.12
113	68.00	45.00	1020.00	14400.00	36125.00	550676.75	550676.75	0.00	0.00	0.00	0.19	3.64	0.00	0.12
114	69.00	45.00	1020.00	14400.00	36125.00	550676.75	550676.75	0.00	0.00	0.00	0.19	3.61	0.00	0.12
115	69.00	46.00	1020.00	14400.00	36125.00	550676.75	550676.75	0.00	0.00	0.00	0.19	3.68	0.00	0.12
116	70.00	46.00	1020.00	14400.00	36125.00	550676.75	550676.75	0.00	0.00	0.00	0.19	3.64	0.00	0.12
117	71.00	46.00	1020.00	14400.00	36125.00	550676.75	550676.75	0.00	0.00	0.00	0.19	3.61	0.00	0.12
118	72.00	46.00	1020.00	14400.00	36125.00	550676.75	550676.75	0.00	0.00	0.00	0.18	3.58	0.00	0.12
119	73.00	46.00	1020.00	14400.00	36125.00	550676.75	550676.75	0.00	0.00	0.00	0.18	3.55	0.00	0.12
120	74.00	46.00	1020.00	14400.00	36125.00	550676.75	550676.75	0.00	0.00	0.00	0.18	3.52	0.00	0.12
121	25.00	46.00	1020.00	14400.00	36125.00	550676.75	550676.75	0.00	0.00	0.00	0.31	5.96	0.00	0.12
122	26.00	46.00	1020.00	14400.00	36125.00	550676.75	550676.75	0.00	0.00	0.00	0.30	5.87	0.00	0.12
123	27.00	46.00	1020.00	14400.00	36125.00	550676.75	550676.75	0.00	0.00	0.00	0.30	5.79	0.00	0.12
124	27.00	47.00	1020.00	14400.00	36125.00	550676.75	550676.75	0.00	0.00	0.00	0.29	5.87	0.00	0.12
125	28.00	47.00	1020.00	14400.00	36125.00	550676.75	550676.75	0.00	0.00	0.00	0.29	5.79	0.00	0.12
126	29.00	47.00	1020.00	14400.00	36125.00	550676.75	550676.75	0.00	0.00	0.00	0.29	5.71	0.00	0.12
127	30.00	47.00	1020.00	14400.00	36125.00	550676.75	550676.75	0.00	0.00	0.00	0.28	5.64	0.00	0.12
128	30.00	48.00	1020.00	14400.00	36125.00	550676.75	550676.75	0.00	0.00	0.00	0.28	5.71	0.00	0.12
129	31.00	48.00	1020.00	14400.00	36125.00	550676.75	550676.75	0.00	0.00	0.00	0.28	5.64	0.00	0.12
130	32.00	48.00	1020.00	14400.00	36125.00	550676.75	550676.75	0.00	0.00	0.00	0.27	5.57	0.00	0.12
131	33.00	48.00	1020.00	14400.00	36125.00	550676.75	550676.75	0.00	0.00	0.00	0.27	5.50	0.00	0.12
132	34.00	48.00	1020.00	14400.00	36125.00	550676.75	550676.75	0.00	0.00	0.00	0.27	5.43	0.00	0.12
133	35.00	48.00	1020.00	14400.00	36125.00	550676.75	550676.75	0.00	0.00	0.00	0.26	5.37	0.00	0.12
134	36.00	48.00	1020.00	14400.00	36125.00	550676.75	550676.75	0.00	0.00	0.00	0.26	5.31	0.00	0.12
135	37.00	48.00	1020.00	14400.00	36125.00	550676.75	550676.75	0.00	0.00	0.00	0.26	5.24	0.00	0.12
136	37.00	49.00	1020.00	14400.00	36125.00	550676.75	550676.75	0.00	0.00	0.00	0.25	5.31	0.00	0.12
137	38.00	49.00	1020.00	14400.00	36125.00	550676.75	550676.75	0.00	0.00	0.00	0.25	5.25	0.00	0.12
138	39.00	49.00	1020.00	14400.00	36125.00	550676.75	550676.75	0.00	0.00	0.00	0.25	5.19	0.00	0.12
139	40.00	49.00	1020.00	14400.00	36125.00	550676.75	550676.75	0.00	0.00	0.00	0.24	5.14	0.00	0.12
140	41.00	49.00	1020.00	14400.00	36125.00	550676.75	550676.75	0.00	0.00	0.00	0.24	5.08	0.00	0.12
141	42.00	49.00	1020.00	14400.00	36125.00	550676.75	550676.75	0.00	0.00	0.00	0.24	5.02	0.00	0.12
142	43.00	49.00	1020.00	14400.00	36125.00	550676.75	550676.75	0.00	0.00	0.00	0.24	4.97	0.00	0.12
143	44.00	49.00	1020.00	14400.00	36125.00	550676.75	550676.75	0.00	0.00	0.00	0.23	4.91	0.00	0.12
144	45.00	49.00	1020.00	14400.00	36125.00	550676.75	550676.75	0.00	0.00	0.00	0.23	4.86	0.00	0.12
145	46.00	49.00	1020.00	14400.00	36125.00	550676.75	550676.75	0.00	0.00	0.00	0.23	4.81	0.00	0.12
146	47.00	49.00	1020.00	14400.00	36125.00	550676.75	550676.75	0.00	0.00	0.00	0.23	4.76	0.00	0.12
147	48.00	49.00	1020.00	14400.00	36125.00	550676.75	550676.75	0.00	0.00	0.00	0.22	4.71	0.00	0.12
148	49.00	49.00	1020.00	14400.00	36125.00	550676.75	550676.75	0.00	0.00	0.00	0.22	4.66	0.00	0.12
149	50.00	49.00	1020.00	14400.00	36125.00	550676.75	550676.75	0.00	0.00	0.00	0.22	4.62	0.00	0.12
150	50.00	50.00	1020.00	14400.00	36125.00	550676.75	550676.75	0.00	0.00	0.00	0.22	4.68	0.00	0.12
151	51.00	50.00	1020.00	14400.00	36125.00	550676.75	550676.75	0.00	0.00	0.00	0.22	4.64	0.00	0.12
152	51.00	51.00	1020.00	14400.00	36125.00	550676.75	550676.75	0.00	0.00	0.00	0.21	4.70	0.00	0.12
153	52.00	51.00	1020.00	14400.00	36125.00	550676.75	550676.75	0.00	0.00	0.00	0.21	4.66	0.00	0.12
154	53.00	51.00	1020.00	14400.00	36125.00	550676.75	550676.75	0.00	0.00	0.00	0.21	4.61	0.00	0.12
155	53.00	52.00	1020.00	14400.00	36125.00	550676.75	550676.75	0.00	0.00	0.00	0.21	4.76	0.00	0.12
156	54.00	52.00	1020.00	14400.00	36125.00	550676.75	550676.75	0.00	0.00	0.00	0.21	4.71	0.00	0.12
157	55.00	52.00	1020.00	14400.00	36125.00	550676.75	550676.75	0.00	0.00	0.00	0.20	4.67	0.00	0.12
158	56.00	52.00	1020.00	14400.00	36125.00	550676.75	550676.75	0.00	0.00	0.00	0.20	4.63	0.00	0.12
159	57.00	52.00	1020.00	14400.00	36125.00	550676.75	550676.75	0.00	0.00	0.00	0.20	4.58	0.00	0.12
160	58.00	52.00	1020.00	14400.00	36125.00	550676.75	550676.75	0.00	0.00	0.00	0.20	4.54	0.00	0.12
161	59.00	52.00	1020.00	14400.00	36125.00	550676.75	550676.75	0.00	0.00	0.00	0.20	4.50	0.00	0.12
162	59.00	53.00	1020.00	14400.00	36125.00	550676.75	550676.75	0.00	0.00	0.00	0.19	4.49	0.00	0.12
163	60.00	53.00	1020.00	14400.00	36125.00	550676.75	550676.75	0.00	0.00	0.00	0.19	4.45	0.00	0.12
164	61.00	53.00	1020.00	14400.00	36125.00	550676.75	550676.75	0.00	0.00	0.00	0.19	4.41	0.00	0.12
165	62.00	53.00	1020.00	14400.00	36125.00	550676.75	550676.75	0.00	0.00	0.00	0.19	4.37	0.00	0.12
166	63.00	53.00	1020.00	14400.00	36125.00	550676.75	550676.75	0.00	0.00	0.00	0.19	4.33	0.00	0.12
167	64.00	53.00	1020.00	14400.00	36125.00	550676.75	550676.75	0.00	0.00	0.00	0.19	4.29	0.00	0.12
168	65.00	53.00	1020.00	14400.00	36125.00	550676.75	550676.75	0.00	0.00	0.00	0.18	4.26	0.00	0.12
169	66.00	53.00	1020.00	14400.00	36125.00	550676.75	550676.75	0.00	0.00	0.00	0.18	4.22	0.00	0.12
170	67.00	53.00	1020.00	14400.00	36125.00	550676.75	550676.75	0.00	0.00	0.00	0.18	4.19	0.00	0.12
171	68.00	53.00	1020.00	14400.00	36125.00	550676.75	550676.75	0.00	0.00	0.00	0.18	4.15	0.00	0.12
172	69.00	53.00	1020.00	14400.00	36125.00	550676.75	550676.75	0.00	0.00	0.00	0.18	4.12	0.00	0.12
173	70.00	53.00	1020.00	14400.00	36125.00	550676.75	550676.75	0.00	0.00	0.00	0.18	4.08	0.00	0.12
174	71.00	53.00	1020.00	14400.00	36125.00	550676.75	550676.75	0.00	0.00	0.00	0.18	4.05	0.00	0.12
175	72.00	53.00	1020.00	14400.00	36125.00	550676.75	550676.75	0.00	0.00	0.00	0.17	4.02	0.00	0.12
176	72.00	54.00	1020.00	14400.00	36125.00	550676.75	550676.75	0.00	0.00	0.00	0.17	4.08	0.00	0.12
177	72.00	55.00	1020.00	14400.00	36125.00	550676.75	550676.75	0.00	0.00	0.00	0.17	4.14	0.00	0.12
178	73.00	55.00	1020.00	14400.00	36125.00	550676.75	550676.75	0.00	0.00	0.00	0.17	4.10	0.00	0.12
179	73.00	56.00	1020.00	14400.00	36125.00	550676.75	550676.75	0.00	0.00	0.00	0.17	4.16	0.00	0.12
180	74.00	56.00	1020.00	14400.00	36125.00	550676.75	550676.75	0.00	0.00	0.00	0.17	4.13	0.00	0.12
181	25.00	56.00	1020.00	14400.00	36125.00	550676.75	550676.75	0.00	0.00	0.00	0.27	6.63	0.00	0.12
182	25.00	57.00	1020.00	14400.00	36125.00	550676.75	550676.75	0.00	0.00	0.00	0.27	6.68	0.00	0.12
183	26.00	57.00	1020.00	14400.00	36125.00	550676.75	550676.75	0.00	0.00	0.00	0.26	6.60	0.00	0.12
184	27.00	57.00	1020.00	14400.00	36125.00	550676.75	550676.75	0.00	0.00	0.00	0.26	6.52	0.00	0.12
185	27.00	58.00	1020.00	14400.00	36125.00	550676.75	550676.75	0.00	0.00	0.00	0.26	6.48	0.00	0.12
186	28.00	58.00	1020.00	14400.00	36125.00	550676.75	550676.75	0.00	0.00	0.00	0.25	6.41	0.00	0.12
187	29.00	58.00	1020.00	14400.00	36125.00	550676.75	550676.75	0.00	0.00	0.00	0.25	6.33	0.00	0.12
188	30.00	58.00	1020.00	14400.00	36125.00	550676.75	550676.75	0.00	0.00	0.00	0.25	6.26	0.00	0.12
189	31.00	58.00	1020.00	14400.00	36125.00	550676.75	550676.75	0.00	0.00	0.00	0.24	6.19	0.00	0.12
190	32.00	58.00	1020.00	14400.00	36125.00	550676.75	550676.75	0.00	0.00	0.00	0.24	6.12	0.00	0.12
191	33.00	58.00	1020.00	14400.00	36125.00	550676.75	550676.75	0.00	0.00	0.00	0.24	6.05	0.00	0.12
192	34.00	58.00	1020.00	14400.00	36125.00	550676.75	550676.75	0.00	0.00	0.00	0.24	5.99	0.00	0.12
193	34.00	59.00	1020.00	14400.00	36125.00	550676.75	550676.75	0.00	0.00	0.00	0.23	6.05	0.00	0.12
194	35.00	59.00	1020.00	14400.00	36125.00	550676.75	550676.75	0.00	0.00	0.00	0.23	5.98	0.00	0.12
195	36.00	59.00	1020.00	14400.00	36125.00	550676.75	550676.75	0.00	0.00	0.00	0.23	5.92	0.00	0.12
196	37.00	59.00	1020.00	14400.00	36125.00	550676.75	550676.75	0.00	0.00	0.00	0.23	5.86	0.00	0.12
197	37.00	60.00	1020.00	14400.00	36125.00	550676.75	550676.75	0.00	0.00	0.00	0.22	5.91	0.00	0.12
198	38.00	60.00	1020.00	14400.00	36125.00	550676.75	550676.75	0.00	0.00	0.00	0.22	5.85	0.00	0.12
199	38.00	61.00	1020.00	14400.00	36125.00	550676.75	550676.75	0.00	0.00	0.00	0.22	5.91	0.00	0.12
200	39.00	61.00	1020.00	14400.00	36125.00	550676.75	550676.75	0.00	0.00	0.00	0.22	5.85	0.00	0.12
201	40.00	61.00	867.00	17280.00	30706.25	550676.75	550676.75	0.00	0.00	0.00	0.22	5.79	0.00	0.12
202	41.00	61.00	867.00	17280.00	30706.25	550676.75	550676.75	0.00	0.00	0.00	0.21	5.74	0.00	0.12
203	42.00	61.00	867.00	17280.00	30706.25	550676.75	550676.75	0.00	0.00	0.00	0.21	5.68	0.00	0.12
204	42.00	62.00	867.00	17280.00	30706.25	550676.75	550676.75	0.00	0.00	0.00	0.21	5.74	0.00	0.12
205	43.00	62.00	867.00	17280.00	30706.25	550676.75	550676.75	0.00	0.00	0.00	0.21	5.68	0.00	0.12
206	43.00	63.00	867.00	17280.00	30706.25	550676.75	550676.75	0.00	0.00	0.00	0.21	5.74	0.00	0.12
207	43.00	64.00	867.00	17280.00	30706.25	550676.75	550676.75	0.00	0.00	0.00	0.20	5.71	0.00	0.12
208	43.00	65.00	867.00	17280.00	30706.25	550676.75	550676.75	0.00	0.00	0.00	0.20	5.68	0.00	0.12
209	44.00	65.00	867.00	17280.00	30706.25	550676.75	550676.75	0.00	0.00	0.00	0.20	5.63	0.00	0.12
210	44.00	66.00	867.00	17280.00	30706.25	550676.75	550676.75	0.00	0.00	0.00	0.20	5.68	0.00	0.12
211	44.00	67.00	867.00	17280.00	30706.25	550676.75	550676.75	0.00	0.00	0.00	0.20	5.73	0.00	0.12
212	45.00	67.00	867.00	17280.00	30706.25	550676.75	550676.75	0.00	0.00	0.00	0.19	5.68	0.00	0.12
213	46.00	67.00	867.00	17280.00	30706.25	550676.75	550676.75	0.00	0.00	0.00	0.19	5.63	0.00	0.12
214	47.00	67.00	867.00	17280.00	30706.25	550676.75	550676.75	0.00	0.00	0.00	0.19	5.58	0.00	0.12
215	48.00	67.00	867.00	17280.00	30706.25	550676.75	550676.75	0.00	0.00	0.00	0.19	5.53	0.00	0.12
216	48.00	68.00	867.00	17280.00	30706.25	550676.75	550676.75	0.00	0.00	0.00	0.19	5.51	0.00	0.12
217	49.00	68.00	867.00	17280.00	30706.25	550676.75	550676.75	0.00	0.00	0.00	0.19	5.46	0.00	0.12
218	49.00	69.00	867.00	17280.00	30706.25	550676.75	550676.75	0.00	0.00	0.00	0.18	5.58	0.00	0.12
219	50.00	69.00	867.00	17280.00	30706.25	550676.75	550676.75	0.00	0.00	0.00	0.18	5.54	0.00	0.12
220	51.00	69.00	867.00	17280.00	30706.25	550676.75	550676.75	0.00	0.00	0.00	0.18	5.49	0.00	0.12
221	52.00	69.00	867.00	17280.00	30706.25	550676.75	550676.75	0.00	0.00	0.00	0.18	5.45	0.00	0.12
222	53.00	69.00	867.00	17280.00	30706.25	550676.75	550676.75	0.00	0.00	0.00	0.18	5.40	0.00	0.12
223	54.00	69.00	867.00	17280.00	30706.25	550676.75	550676.75	0.00	0.00	0.00	0.18	5.36	0.00	0.12
224	55.00	69.00	867.00	17280.00	30706.25	550676.75	550676.75	0.00	0.00	0.00	0.18	5.31	0.00	0.12
225	56.00	69.00	867.00	17280.00	30706.25	550676.75	550676.75	0.00	0.00	0.00	0.17	5.27	0.00	0.12
226	57.00	69.00	867.00	17280.00	30706.25	550676.75	550676.75	0.00	0.00	0.00	0.17	5.23	0.00	0.12
227	58.00	69.00	867.00	17280.00	30706.25	550676.75	550676.75	0.00	0.00	0.00	0.17	5.19	0.00	0.12
228	58.00	70.00	867.00	17280.00	30706.25	550676.75	550676.75	0.00	0.00	0.00	0.17	5.17	0.00	0.12
229	59.00	70.00	867.00	17280.00	30706.25	550676.75	550676.75	0.00	0.00	0.00	0.17	5.13	0.00	0.12
230	60.00	70.00	867.00	17280.00	30706.25	550676.75	550676.75	0.00	0.00	0.00	0.17	5.09	0.00	0.12
231	61.00	70.00	867.00	17280.00	30706.25	550676.75	550676.75	0.00	0.00	0.00	0.17	5.05	0.00	0.12
232	61.00	71.00	867.00	17280.00	30706.25	550676.75	550676.75	0.00	0.00	0.00	0.17	5.04	0.00	0.12
233	62.00	71.00	867.00	17280.00	30706.25	550676.75	550676.75	0.00	0.00	0.00	0.16	5.00	0.00	0.12
234	63.00	71.00	867.00	17280.00	30706.25	550676.75	550676.75	0.00	0.00	0.00	0.16	4.96	0.00	0.12
235	63.00	72.00	867.00	17280.00	30706.25	550676.75	550676.75	0.00	0.00	0.00	0.16	4.94	0.00	0.12
236	64.00	72.00	867.00	17280.00	30706.25	550676.75	550676.75	0.00	0.00	0.00	0.16	4.91	0.00	0.12
237	65.00	72.00	867.00	17280.00	30706.25	550676.75	550676.75	0.00	0.00	0.00	0.16	4.87	0.00	0.12
238	66.00	72.00	867.00	17280.00	30706.25	550676.75	550676.75	0.00	0.00	0.00	0.16	4.84	0.00	0.12
239	66.00	73.00	867.00	17280.00	30706.25	550676.75	550676.75	0.00	0.00	0.00	0.16	4.88	0.00	0.12
240	67.00	73.00	867.00	17280.00	30706.25	550676.75	550676.75	0.00	0.00	0.00	0.16	4.85	0.00	0.12
241	68.00	73.00	867.00	17280.00	30706.25	550676.75	550676.75	0.00	0.00	0.00	0.15	4.81	0.00	0.12
242	69.00	73.00	867.00	17280.00	30706.25	550676.75	550676.75	0.00	0.00	0.00	0.15	4.78	0.00	0.12
243	70.00	73.00	867.00	17280.00	30706.25	550676.75	550676.75	0.00	0.00	0.00	0.15	4.75	0.00	0.12
244	71.00	73.00	867.00	17280.00	30706.25	550676.75	550676.75	0.00	0.00	0.00	0.15	4.71	0.00	0.12
245	72.00	73.00	867.00	17280.00	30706.25	550676.75	550676.75	0.00	0.00	0.00	0.15	4.68	0.00	0.12
246	73.00	73.00	867.00	17280.00	30706.25	550676.75	550676.75	0.00	0.00	0.00	0.15	4.65	0.00	0.12
247	74.00	73.00	867.00	17280.00	30706.25	550676.75	550676.75	0.00	0.00	0.00	0.15	4.62	0.00	0.12
248	25.00	73.00	867.00	17280.00	30706.25	550676.75	550676.75	0.00	0.00	0.00	0.22	6.93	0.00	0.12
249	25.00	74.00	867.00	17280.00	30706.25	550676.75	550676.75	0.00	0.00	0.00	0.22	6.97	0.00	0.12
250	26.00	74.00	867.00	17280.00	30706.25	550676.75	550676.75	0.00	0.00	0.00	0.22	6.90	0.00	0.12
251	27.00	74.00	867.00	17280.00	30706.25	550676.75	550676.75	0.00	0.00	0.00	0.22	6.83	0.00	0.12
252	27.00	25.00	867.00	17280.00	30706.25	550676.75	550676.75	0.00	0.00	0.00	0.00	3.54	0.00	0.12
253	28.00	25.00	867.00	17280.00	30706.25	550676.75	550676.75	0.00	0.00	0.00	0.00	3.47	0.00	0.12
254	28.00	26.00	867.00	17280.00	30706.25	550676.75	550676.75	0.00	0.00	0.00	0.00	3.62	0.00	0.12
255	29.00	26.00	867.00	17280.00	30706.25	550676.75	550676.75	0.00	0.00	0.00	0.00	3.55	0.00	0.12
256	30.00	26.00	867.00	17280.00	30706.25	550676.75	550676.75	0.00	0.00	0.00	0.00	3.49	0.00	0.12
257	31.00	26.00	867.00	17280.00	30706.25	550676.75	550676.75	0.00	0.00	0.00	0.00	3.43	0.00	0.12
258	32.00	26.00	867.00	17280.00	30706.25	550676.75	550676.75	0.00	0.00	0.00	0.00	3.37	0.00	0.12
259	32.00	27.00	867.00	17280.00	30706.25	550676.75	550676.75	0.00	0.00	0.00	0.00	3.36	0.00	0.12
260	33.00	27.00	867.00	17280.00	30706.25	550676.75	550676.75	0.00	0.00	0.00	0.00	3.30	0.00	0.12
261	33.00	28.00	867.00	17280.00	30706.25	550676.75	550676.75	0.00	0.00	0.00	0.00	3.44	0.00	0.12
262	33.00	29.00	867.00	17280.00	30706.25	550676.75	550676.75	0.00	0.00	0.00	0.00	3.57	0.00	0.12
263	34.00	29.00	867.00	17280.00	30706.25	550676.75	550676.75	0.00	0.00	0.00	0.00	3.51	0.00	0.12
264	35.00	29.00	867.00	17280.00	30706.25	550676.75	550676.75	0.00	0.00	0.00	0.00	3.45	0.00	0.12
265	36.00	29.00	867.00	17280.00	30706.25	550676.75	550676.75	0.00	0.00	0.00	0.00	3.40	0.00	0.12
266	37.00	29.00	867.00	17280.00	30706.25	550676.75	550676.75	0.00	0.00	0.00	0.00	3.35	0.00	0.12
267	38.00	29.00	867.00	17280.00	30706.25	550676.75	550676.75	0.00	0.00	0.00	0.00	3.30	0.00	0.12
268	39.00	29.00	867.00	17280.00	30706.25	550676.75	550676.75	0.00	0.00	0.00	0.00	3.25	0.00	0.12
269	40.00	29.00	867.00	17280.00	30706.25	550676.75	550676.75	0.00	0.00	0.00	0.00	3.20	0.00	0.12
270	41.00	29.00	867.00	17280.00	30706.25	550676.75	550676.75	0.00	0.00	0.00	0.00	3.16	0.00	0.12
271	42.00	29.00	867.00	17280.00	30706.25	550676.75	550676.75	0.00	0.00	0.00	0.00	3.11	0.00	0.12
272	43.00	29.00	867.00	17280.00	30706.25	550676.75	550676.75	0.00	0.00	0.00	0.00	3.07	0.00	0.12
273	44.00	29.00	867.00	17280.00	30706.25	550676.75	550676.75	0.00	0.00	0.00	0.00	3.03	0.00	0.12
274	45.00	29.00	867.00	17280.00	30706.25	550676.75	550676.75	0.00	0.00	0.00	0.00	2.99	0.00	0.12
275	46.00	29.00	867.00	17280.00	30706.25	550676.75	550676.75	0.00	0.00	0.00	0.00	2.95	0.00	0.12
276	47.00	29.00	867.00	17280.00	30706.25	550676.75	550676.75	0.00	0.00	0.00	0.00	2.91	0.00	0.12
277	48.00	29.00	867.00	17280.00	30706.25	550676.75	550676.75	0.00	0.00	0.00	0.00	2.87	0.00	0.12
278	49.00	29.00	867.00	17280.00	30706.25	550676.75	550676.75	0.00	0.00	0.00	0.00	2.83	0.00	0.12
279	50.00	29.00	867.00	17280.00	30706.25	550676.75	550676.75	0.00	0.00	0.00	0.00	2.80	0.00	0.12
280	51.00	29.00	867.00	17280.00	30706.25	550676.75	550676.75	0.00	0.00	0.00	0.00	2.76	0.00	0.12
281	52.00	29.00	867.00	17280.00	30706.25	550676.75	550676.75	0.00	0.00	0.00	0.00	2.73	0.00	0.12
282	53.00	29.00	867.00	17280.00	30706.25	550676.75	550676.75	0.00	0.00	0.00	0.00	2.70	0.00	0.12
283	54.00	29.00	867.00	17280.00	30706.25	550676.75	550676.75	0.00	0.00	0.00	0.00	2.66	0.00	0.12
284	55.00	29.00	867.00	17280.00	30706.25	550676.75	550676.75	0.00	0.00	0.00	0.00	2.63	0.00	0.12
285	56.00	29.00	867.00	17280.00	30706.25	550676.75	550676.75	0.00	0.00	0.00	0.00	2.60	0.00	0.12
286	57.00	29.00	867.00	17280.00	30706.25	550676.75	550676.75	0.00	0.00	0.00	0.00	2.57	0.00	0.12
287	57.00	30.00	867.00	17280.00	30706.25	550676.75	550676.75	0.00	0.00	0.00	0.00	2.67	0.00	0.12
288	57.00	31.00	867.00	17280.00	30706.25	550676.75	550676.75	0.00	0.00	0.00	0.00	2.67	0.00	0.12
289	57.00	32.00	867.00	17280.00	30706.25	550676.75	550676.75	0.00	0.00	0.00	0.00	2.68	0.00	0.12
290	58.00	32.00	867.00	17280.00	30706.25	550676.75	550676.75	0.00	0.00	0.00	0.00	2.65	0.00	0.12
291	59.00	32.00	867.00	17280.00	30706.25	550676.75	550676.75	0.00	0.00	0.00	0.00	2.62	0.00	0.12
292	60.00	32.00	867.00	17280.00	30706.25	550676.75	550676.75	0.00	0.00	0.00	0.00	2.59	0.00	0.12
293	61.00	32.00	867.00	17280.00	30706.25	550676.75	550676.75	0.00	0.00	0.00	0.00	2.56	0.00	0.12
294	62.00	32.00	867.00	17280.00	30706.25	550676.75	550676.75	0.00	0.00	0.00	0.00	2.53	0.00	0.12
295	62.00	33.00	867.00	17280.00	30706.25	550676.75	550676.75	0.00	0.00	0.00	0.00	2.63	0.00	0.12
296	63.00	33.00	867.00	17280.00	30706.25	550676.75	550676.75	0.00	0.00	0.00	0.00	2.60	0.00	0.12
297	64.00	33.00	867.00	17280.00	30706.25	550676.75	550676.75	0.00	0.00	0.00	0.00	2.57	0.00	0.12
298	64.00	34.00	867.00	17280.00	30706.25	550676.75	550676.75	0.00	0.00	0.00	0.00	2.58	0.00	0.12
299	65.00	34.00	867.00	17280.00	30706.25	550676.75	550676.75	0.00	0.00	0.00	0.00	2.55	0.00	0.12
300	66.00	34.00	867.00	17280.00	30706.25	550676.75	550676.75	0.00	0.00	0.00	0.00	2.52	0.00	0.12
301	67.00	34.00	736.95	20736.00	26100.31	550676.75	550676.75	0.00	0.00	0.00	0.00	2.50	0.00	0.12
302	68.00	34.00	736.95	20736.00	26100.31	550676.75	550676.75	0.00	0.00	0.00	0.00	2.47	0.00	0.12
303	69.00	34.00	736.95	20736.00	26100.31	550676.75	550676.75	0.00	0.00	0.00	0.00	2.45	0.00	0.12
304	69.00	35.00	736.95	20736.00	26100.31	550676.75	550676.75	0.00	0.00	0.00	0.00	2.45	0.00	0.12
305	70.00	35.00	736.95	20736.00	26100.31	550676.75	550676.75	0.00	0.00	0.00	0.00	2.43	0.00	0.12
306	71.00	35.00	736.95	20736.00	26100.31	550676.75	550676.75	0.00	0.00	0.00	0.00	2.41	0.00	0.12
307	72.00	35.00	736.95	20736.00	26100.31	550676.75	550676.75	0.00	0.00	0.00	0.00	2.39	0.00	0.12
308	73.00	35.00	736.95	20736.00	26100.31	550676.75	550676.75	0.00	0.00	0.00	0.00	2.36	0.00	0.12
309	74.00	35.00	736.95	20736.00	26100.31	550676.75	550676.75	0.00	0.00	0.00	0.00	2.34	0.00	0.12
310	25.00	35.00	736.95	20736.00	26100.31	550676.75	550676.75	0.00	0.00	0.00	0.00	4.25	0.00	0.12
311	26.00	35.00	736.95	20736.00	26100.31	548252.89	548252.89	0.00	0.00	0.00	0.00	4.18	0.00	0.12
312	26.00	36.00	736.95	20736.00	26100.31	548252.89	548252.89	0.00	0.00	0.00	0.00	4.16	0.00	0.12
313	27.00	36.00	736.95	20736.00	26100.31	548252.89	548252.89	0.00	0.00	0.00	0.00	4.10	0.00	0.12
314	28.00	36.00	736.95	20736.00	26100.31	548252.89	548252.89	0.00	0.00	0.00	0.00	4.03	0.00	0.12
315	29.00	36.00	736.95	20736.00	26100.31	548252.89	548252.89	0.00	0.00	0.00	0.00	3.97	0.00	0.12
316	30.00	36.00	736.95	20736.00	26100.31	548252.89	548252.89	0.00	0.00	0.00	0.00	3.91	0.00	0.12
317	31.00	36.00	736.95	20736.00	26100.31	548252.89	548252.89	0.00	0.00	0.00	0.00	3.85	0.00	0.12
318	32.00	36.00	736.95	20736.00	26100.31	548252.89	548252.89	0.00	0.00	0.00	0.00	3.80	0.00	0.12
319	33.00	36.00	736.95	20736.00	26100.31	548252.89	548252.89	0.00	0.00	0.00	0.00	3.74	0.00	0.12
320	34.00	36.00	736.95	20736.00	26100.31	548252.89	548252.89	0.00	0.00	0.00	0.00	3.69	0.00	0.12
321	35.00	36.00	736.95	20736.00	26100.31	548252.89	548252.89	0.00	0.00	0.00	0.00	3.63	0.00	0.12
322	36.00	36.00	736.95	20736.00	26100.31	548252.89	548252.89	0.00	0.00	0.00	0.00	3.58	0.00	0.12
323	37.00	36.00	736.95	20736.00	26100.31	548252.89	548252.89	0.00	0.00	0.00	0.00	3.54	0.00	0.12
324	38.00	36.00	736.95	20736.00	26100.31	548252.89	548252.89	0.00	0.00	0.00	0.00	3.49	0.00	0.12
325	39.00	36.00	736.95	20736.00	26100.31	548252.89	548252.89	0.00	0.00	0.00	0.00	3.44	0.00	0.12
326	40.00	36.00	736.95	20736.00	26100.31	548252.89	548252.89	0.00	0.00	0.00	0.00	3.40	0.00	0.12
327	41.00	36.00	736.95	20736.00	26100.31	548252.89	548252.89	0.00	0.00	0.00	0.00	3.35	0.00	0.12
328	42.00	36.00	736.95	20736.00	26100.31	548252.89	548252.89	0.00	0.00	0.00	0.00	3.31	0.00	0.12
329	43.00	36.00	736.95	20736.00	26100.31	548252.89	548252.89	0.00	0.00	0.00	0.00	3.27	0.00	0.12
330	44.00	36.00	736.95	20736.00	26100.31	548252.89	548252.89	0.00	0.00	0.00	0.00	3.23	0.00	0.12
331	44.00	37.00	736.95	20736.00	26100.31	548252.89	548252.89	0.00	0.00	0.00	0.00	3.33	0.00	0.12
332	45.00	37.00	736.95	20736.00	26100.31	548252.89	548252.89	0.00	0.00	0.00	0.00	3.29	0.00	0.12
333	46.00	37.00	736.95	20736.00	26100.31	548252.89	548252.89	0.00	0.00	0.00	0.00	3.25	0.00	0.12
334	46.00	38.00	736.95	20736.00	26100.31	548252.89	548252.89	0.00	0.00	0.00	0.00	3.24	0.00	0.12
335	47.00	38.00	736.95	20736.00	26100.31	548252.89	548252.89	0.00	0.00	0.00	0.00	3.20	0.00	0.12
336	48.00	38.00	736.95	20736.00	26100.31	548252.89	548252.89	0.00	0.00	0.00	0.00	3.17	0.00	0.12
337	49.00	38.00	736.95	20736.00	26100.31	548252.89	548252.89	0.00	0.00	0.00	0.00	3.13	0.00	0.12
338	50.00	38.00	736.95	20736.00	26100.31	548252.89	548252.89	0.00	0.00	0.00	0.00	3.09	0.00	0.12
339	51.00	38.00	736.95	20736.00	26100.31	548252.89	548252.89	0.00	0.00	0.00	0.00	3.06	0.00	0.12
340	52.00	38.00	736.95	20736.00	26100.31	548252.89	548252.89	0.00	0.00	0.00	0.00	3.03	0.00	0.12
341	53.00	38.00	736.95	20736.00	26100.31	548252.89	548252.89	0.00	0.00	0.00	0.00	2.99	0.00	0.12
342	53.00	39.00	736.95	20736.00	26100.31	548252.89	548252.89	0.00	0.00	0.00	0.00	3.08	0.00	0.12
343	54.00	39.00	736.95	20736.00	26100.31	548252.89	548252.89	0.00	0.00	0.00	0.00	3.05	0.00	0.12
344	55.00	39.00	736.95	20736.00	26100.31	548252.89	548252.89	0.00	0.00	0.00	0.00	3.02	0.00	0.12
345	56.00	39.00	736.95	20736.00	26100.31	548252.89	548252.89	0.00	0.00	0.00	0.00	2.99	0.00	0.12
346	57.00	39.00	736.95	20736.00	26100.31	548252.89	548252.89	0.00	0.00	0.00	0.00	2.96	0.00	0.12
347	57.00	40.00	736.95	20736.00	26100.31	548252.89	548252.89	0.00	0.00	0.00	0.00	3.04	0.00	0.12
348	57.00	41.00	736.95	20736.00	26100.31	548252.89	548252.89	0.00	0.00	0.00	0.00	3.13	0.00	0.12
349	57.00	42.00	736.95	20736.00	26100.31	548252.89	548252.89	0.00	0.00	0.00	0.00	3.21	0.00	0.12
350	58.00	42.00	736.95	20736.00	26100.31	548252.89	548252.89	0.00	0.00	0.00	0.00	3.18	0.00	0.12
351	59.00	42.00	736.95	20736.00	26100.31	548252.89	548252.89	0.00	0.00	0.00	0.00	3.15	0.00	0.12
352	59.00	43.00	736.95	20736.00	26100.31	548252.89	548252.89	0.00	0.00	0.00	0.00	3.14	0.00	0.12
353	60.00	43.00	736.95	20736.00	26100.31	548252.89	548252.89	0.00	0.00	0.00	0.00	3.11	0.00	0.12
354	61.00	43.00	736.95	20736.00	26100.31	548252.89	548252.89	0.00	0.00	0.00	0.00	3.08	0.00	0.12
355	62.00	43.00	736.95	20736.00	26100.31	548252.89	548252.89	0.00	0.00	0.00	0.00	3.06	0.00	0.12
356	63.00	43.00	736.95	20736.00	26100.31	548252.89	548252.89	0.00	0.00	0.00	0.00	3.03	0.00	0.12
357	64.00	43.00	736.95	20736.00	26100.31	548252.89	548252.89	0.00	0.00	0.00	0.00	3.00	0.00	0.12
358	65.00	43.00	736.95	20736.00	26100.31	548252.89	548252.89	0.00	0.00	0.00	0.00	2.97	0.00	0.12
359	65.00	44.00	736.95	20736.00	26100.31	548252.89	548252.89	0.00	0.00	0.00	0.00	3.05	0.00	0.12
360	66.00	44.00	736.95	20736.00	26100.31	548252.89	548252.89	0.00	0.00	0.00	0.00	3.02	0.00	0.12
361	67.00	44.00	736.95	20736.00	26100.31	548252.89	548252.89	0.00	0.00	0.00	0.00	2.99	0.00	0.12
362	68.00	44.00	736.95	20736.00	26100.31	548252.89	548252.89	0.00	0.00	0.00	0.00	2.97	0.00	0.12
363	69.00	44.00	736.95	20736.00	26100.31	548252.89	548252.89	0.00	0.00	0.00	0.00	2.94	0.00	0.12
364	70.00	44.00	736.95	20736.00	26100.31	548252.89	548252.89	0.00	0.00	0.00	0.00	2.91	0.00	0.12
365	71.00	44.00	736.95	20736.00	26100.31	548252.89	548252.89	0.00	0.00	0.00	0.00	2.89	0.00	0.12
366	72.00	44.00	736.95	20736.00	26100.31	548252.89	548252.89	0.00	0.00	0.00	0.00	2.86	0.00	0.12
367	73.00	44.00	736.95	20736.00	26100.31	548252.89	548252.89	0.00	0.00	0.00	0.00	2.84	0.00	0.12
368	74.00	44.00	736.95	20736.00	26100.31	548252.89	548252.89	0.00	0.00	0.00	0.00	2.82	0.00	0.12
369	25.00	44.00	736.95	20736.00	26100.31	548252.89	548252.89	0.00	0.00	0.00	0.00	4.81	0.00	0.12
370	26.00	44.00	736.95	20736.00	26100.31	548252.89	548252.89	0.00	0.00	0.00	0.00	4.75	0.00	0.12
371	26.00	45.00	736.95	20736.00	26100.31	548252.89	548252.89	0.00	0.00	0.00	0.00	4.72	0.00	0.12
372	27.00	45.00	736.95	20736.00	26100.31	548252.89	548252.89	0.00	0.00	0.00	0.00	4.65	0.00	0.12
373	27.00	46.00	736.95	20736.00	26100.31	548252.89	548252.89	0.00	0.00	0.00	0.00	4.75	0.00	0.12
374	28.00	46.00	736.95	20736.00	26100.31	548252.89	548252.89	0.00	0.00	0.00	0.00	4.68	0.00	0.12
375	29.00	46.00	736.95	20736.00	26100.31	548252.89	548252.89	0.00	0.00	0.00	0.00	4.62	0.00	0.12
376	29.00	47.00	736.95	20736.00	26100.31	548252.89	548252.89	0.00	0.00	0.00	0.00	4.82	0.00	0.12
377	30.00	47.00	736.95	20736.00	26100.31	548252.89	548252.89	0.00	0.00	0.00	0.00	4.76	0.00	0.12
378	31.00	47.00	736.95	20736.00	26100.31	548252.89	548252.89	0.00	0.00	0.00	0.00	4.69	0.00	0.12
379	32.00	47.00	736.95	20736.00	26100.31	548252.89	548252.89	0.00	0.00	0.00	0.00	4.64	0.00	0.12
380	33.00	47.00	736.95	20736.00	26100.31	548252.89	548252.89	0.00	0.00	0.00	0.00	4.58	0.00	0.12
381	34.00	47.00	736.95	20736.00	26100.31	548252.89	548252.89	0.00	0.00	0.00	0.00	4.52	0.00	0.12
382	35.00	47.00	736.95	20736.00	26100.31	548252.89	548252.89	0.00	0.00	0.00	0.00	4.47	0.00	0.12
383	36.00	47.00	736.95	20736.00	26100.31	548252.89	548252.89	0.00	0.00	0.00	0.00	4.41	0.00	0.12
384	37.00	47.00	736.95	20736.00	26100.31	548252.89	548252.89	0.00	0.00	0.00	0.00	4.36	0.00	0.12
385	38.00	47.00	736.95	20736.00	26100.31	548252.89	548252.89	0.00	0.00	0.00	0.00	4.31	0.00	0.12
386	39.00	47.00	736.95	20736.00	26100.31	548252.89	548252.89	0.00	0.00	0.00	0.00	4.26	0.00	0.12
387	40.00	47.00	736.95	20736.00	26100.31	548252.89	548252.89	0.00	0.00	0.00	0.00	4.21	0.00	0.12
388	41.00	47.00	736.95	20736.00	26100.31	548252.89	548252.89	0.00	0.00	0.00	0.00	4.16	0.00	0.12
389	42.00	47.00	736.95	20736.00	26100.31	548252.89	548252.89	0.00	0.00	0.00	0.00	4.11	0.00	0.12
390	43.00	47.00	736.95	20736.00	26100.31	548252.89	548252.89	0.00	0.00	0.00	0.00	4.07	0.00	0.12
391	43.00	48.00	736.95	20736.00	26100.31	548252.89	548252.89	0.00	0.00	0.00	0.00	4.05	0.00	0.12
392	44.00	48.00	736.95	20736.00	26100.31	548252.89	548252.89	0.00	0.00	0.00	0.00	4.01	0.00	0.12
393	45.00	48.00	736.95	20736.00	26100.31	548252.89	548252.89	0.00	0.00	0.00	0.00	3.97	0.00	0.12
394	46.00	48.00	736.95	20736.00	26100.31	548252.89	548252.89	0.00	0.00	0.00	0.00	3.93	0.00	0.12
395	47.00	48.00	736.95	20736.00	26100.31	548252.89	548252.89	0.00	0.00	0.00	0.00	3.88	0.00	0.12
396	48.00	48.00	736.95	20736.00	26100.31	548252.89	548252.89	0.00	0.00	0.00	0.00	3.84	0.00	0.12
397	49.00	48.00	736.95	20736.00	26100.31	548252.89	548252.89	0.00	0.00	0.00	0.00	3.80	0.00	0.12
398	49.00	49.00	736.95	20736.00	26100.31	548252.89	548252.89	0.00	0.00	0.00	0.00	3.88	0.00	0.12
399	49.00	50.00	736.95	20736.00	26100.31	548252.89	548252.89	0.00	0.00	0.00	0.00	3.96	0.00	0.12
400	50.00	50.00	736.95	20736.00	26100.31	548252.89	548252.89	0.00	0.00	0.00	0.00	3.92	0.00	0.12
401	50.00	51.00	626.41	24883.20	22185.27	548252.89	548252.89	0.00	0.00	0.00	0.00	3.91	0.00	0.12
402	51.00	51.00	626.41	24883.20	22185.27	548252.89	548252.89	0.00	0.00	0.00	0.00	3.87	0.00	0.12
403	52.00	51.00	626.41	24883.20	22185.27	548252.89	548252.89	0.00	0.00	0.00	0.00	3.83	0.00	0.12
404	52.00	52.00	626.41	24883.20	22185.27	548252.89	548252.89	0.00	0.00	0.00	0.00	3.82	0.00	0.12
405	53.00	52.00	626.41	24883.20	22185.27	548252.89	548252.89	0.00	0.00	0.00	0.00	3.79	0.00	0.12
406	53.00	53.00	626.41	24883.20	22185.27	548252.89	548252.89	0.00	0.00	0.00	0.00	3.78	0.00	0.12
407	54.00	53.00	626.41	24883.20	22185.27	548252.89	548252.89	0.00	0.00	0.00	0.00	3.74	0.00	0.12
408	55.00	53.00	626.41	24883.20	22185.27	548252.89	548252.89	0.00	0.00	0.00	0.00	3.71	0.00	0.12
409	55.00	54.00	626.41	24883.20	22185.27	548252.89	548252.89	0.00	0.00	0.00	0.00	3.80	0.00	0.12
410	56.00	54.00	626.41	24883.20	22185.27	548252.89	548252.89	0.00	0.00	0.00	0.00	3.77	0.00	0.12
411	56.00	55.00	626.41	24883.20	22185.27	548252.89	548252.89	0.00	0.00	0.00	0.00	3.76	0.00	0.12
412	57.00	55.00	626.41	24883.20	22185.27	548252.89	548252.89	0.00	0.00	0.00	0.00	3.73	0.00	0.12
413	58.00	55.00	626.41	24883.20	22185.27	548252.89	548252.89	0.00	0.00	0.00	0.00	3.69	0.00	0.12
414	58.00	56.00	626.41	24883.20	22185.27	548252.89	548252.89	0.00	0.00	0.00	0.00	3.76	0.00	0.12
415	59.00	56.00	626.41	24883.20	22185.27	548252.89	548252.89	0.00	0.00	0.00	0.00	3.73	0.00	0.12
416	60.00	56.00	626.41	24883.20	22185.27	548252.89	548252.89	0.00	0.00	0.00	0.00	3.70	0.00	0.12
417	61.00	56.00	626.41	24883.20	22185.27	548252.89	548252.89	0.00	0.00	0.00	0.00	3.66	0.00	0.12
418	62.00	56.00	626.41	24883.20	22185.27	548252.89	548252.89	0.00	0.00	0.00	0.00	3.63	0.00	0.12
419	63.00	56.00	626.41	24883.20	22185.27	548252.89	548252.89	0.00	0.00	0.00	0.00	3.60	0.00	0.12
420	64.00	56.00	626.41	24883.20	22185.27	548252.89	548252.89	0.00	0.00	0.00	0.00	3.57	0.00	0.12
421	65.00	56.00	626.41	24883.20	22185.27	548252.89	548252.89	0.00	0.00	0.00	0.00	3.54	0.00	0.12
422	65.00	57.00	626.41	24883.20	22185.27	548252.89	548252.89	0.00	0.00	0.00	0.00	3.61	0.00	0.12
423	66.00	57.00	626.41	24883.20	22185.27	548252.89	548252.89	0.00	0.00	0.00	0.00	3.58	0.00	0.12
424	67.00	57.00	626.41	24883.20	22185.27	548252.89	548252.89	0.00	0.00	0.00	0.00	3.55	0.00	0.12
425	68.00	57.00	626.41	24883.20	22185.27	548252.89	548252.89	0.00	0.00	0.00	0.00	3.52	0.00	0.12
426	69.00	57.00	626.41	24883.20	22185.27	548252.89	548252.89	0.00	0.00	0.00	0.00	3.49	0.00	0.12
427	70.00	57.00	626.41	24883.20	22185.27	548252.89	548252.89	0.00	0.00	0.00	0.00	3.47	0.00	0.12
428	71.00	57.00	626.41	24883.20	22185.27	548252.89	548252.89	0.00	0.00	0.00	0.00	3.44	0.00	0.12
429	72.00	57.00	626.41	24883.20	22185.27	548252.89	548252.89	0.00	0.00	0.00	0.00	3.41	0.00	0.12
430	73.00	57.00	626.41	24883.20	22185.27	548252.89	548252.89	0.00	0.00	0.00	0.00	3.39	0.00	0.12
431	73.00	58.00	626.41	24883.20	22185.27	548252.89	548252.89	0.00	0.00	0.00	0.00	3.45	0.00	0.12
432	74.00	58.00	626.41	24883.20	22185.27	548252.89	548252.89	0.00	0.00	0.00	0.00	3.42	0.00	0.12
433	25.00	58.00	626.41	24883.20	22185.27	548252.89	548252.89	0.00	0.00	0.00	0.00	5.44	0.00	0.12
434	25.00	59.00	626.41	24883.20	22185.27	548252.89	548252.89	0.00	0.00	0.00	0.00	5.55	0.00	0.12
435	25.00	60.00	626.41	24883.20	22185.27	548252.89	548252.89	0.00	0.00	0.00	0.00	5.61	0.00	0.12
436	26.00	60.00	626.41	24883.20	22185.27	548252.89	548252.89	0.00	0.00	0.00	0.00	5.55	0.00	0.12
437	27.00	60.00	626.41	24883.20	22185.27	548252.89	548252.89	0.00	0.00	0.00	0.00	5.49	0.00	0.12
438	28.00	60.00	626.41	24883.20	22185.27	548252.89	548252.89	0.00	0.00	0.00	0.00	5.42	0.00	0.12
439	29.00	60.00	626.41	24883.20	22185.27	548252.89	548252.89	0.00	0.00	0.00	0.00	5.36	0.00	0.12
440	30.00	60.00	626.41	24883.20	22185.27	548252.89	548252.89	0.00	0.00	0.00	0.00	5.30	0.00	0.12
441	31.00	60.00	626.41	24883.20	22185.27	548252.89	548252.89	0.00	0.00	0.00	0.00	5.24	0.00	0.12
442	32.00	60.00	626.41	24883.20	22185.27	548252.89	548252.89	0.00	0.00	0.00	0.00	5.19	0.00	0.12
443	33.00	60.00	626.41	24883.20	22185.27	548252.89	548252.89	0.00	0.00	0.00	0.00	5.13	0.00	0.12
444	34.00	60.00	626.41	24883.20	22185.27	548252.89	548252.89	0.00	0.00	0.00	0.00	5.08	0.00	0.12
445	35.00	60.00	626.41	24883.20	22185.27	548252.89	548252.89	0.00	0.00	0.00	0.00	5.02	0.00	0.12
446	36.00	60.00	626.41	24883.20	22185.27	548252.89	548252.89	0.00	0.00	0.00	0.00	4.97	0.00	0.12
447	37.00	60.00	626.41	24883.20	22185.27	548252.89	548252.89	0.00	0.00	0.00	0.00	4.92	0.00	0.12
448	38.00	60.00	626.41	24883.20	22185.27	548252.89	548252.89	0.00	0.00	0.00	0.00	4.87	0.00	0.12
449	38.00	61.00	626.41	24883.20	22185.27	548252.89	548252.89	0.00	0.00	0.00	0.00	4.94	0.00	0.12
450	39.00	61.00	626.41	24883.20	22185.27	548252.89	548252.89	0.00	0.00	0.00	0.00	4.89	0.00	0.12
451	40.00	61.00	626.41	24883.20	22185.27	548252.89	548252.89	0.00	0.00	0.00	0.00	4.84	0.00	0.12
452	40.00	62.00	626.41	24883.20	22185.27	548252.89	548252.89	0.00	0.00	0.00	0.00	4.90	0.00	0.12
453	41.00	62.00	626.41	24883.20	22185.27	548252.89	548252.89	0.00	0.00	0.00	0.00	4.86	0.00	0.12
454	42.00	62.00	626.41	24883.20	22185.27	548252.89	548252.89	0.00	0.00	0.00	0.00	4.81	0.00	0.12
455	43.00	62.00	626.41	24883.20	22185.27	548252.89	548252.89	0.00	0.00	0.00	0.00	4.76	0.00	0.12
456	43.00	63.00	626.41	24883.20	22185.27	548252.89	548252.89	0.00	0.00	0.00	0.00	4.74	0.00	0.12
457	44.00	63.00	626.41	24883.20	22185.27	548252.89	548252.89	0.00	0.00	0.00	0.00	4.70	0.00	0.12
458	44.00	64.00	626.41	24883.20	22185.27	548252.89	548252.89	0.00	0.00	0.00	0.00	4.76	0.00	0.12
459	45.00	64.00	626.41	24883.20	22185.27	548252.89	548252.89	0.00	0.00	0.00	0.00	4.72	0.00	0.12
460	46.00	64.00	626.41	24883.20	22185.27	548252.89	548252.89	0.00	0.00	0.00	0.00	4.68	0.00	0.12
461	47.00	64.00	626.41	24883.20	22185.27	548252.89	548252.89	0.00	0.00	0.00	0.00	4.63	0.00	0.12
462	48.00	64.00	626.41	24883.20	22185.27	548252.89	548252.89	0.00	0.00	0.00	0.00	4.59	0.00	0.12
463	49.00	64.00	626.41	24883.20	22185.27	548252.89	548252.89	0.00	0.00	0.00	0.00	4.55	0.00	0.12
464	50.00	64.00	626.41	24883.20	22185.27	548252.89	548252.89	0.00	0.00	0.00	0.00	4.51	0.00	0.12
465	51.00	64.00	626.41	24883.20	22185.27	548252.89	548252.89	0.00	0.00	0.00	0.00	4.47	0.00	0.12
466	52.00	64.00	626.41	24883.20	22185.27	548252.89	548252.89	0.00	0.00	0.00	0.00	4.43	0.00	0.12
467	52.00	65.00	626.41	24883.20	22185.27	548252.89	548252.89	0.00	0.00	0.00	0.00	4.42	0.00	0.12
468	52.00	66.00	626.41	24883.20	22185.27	548252.89	548252.89	0.00	0.00	0.00	0.00	4.41	0.00	0.12
469	53.00	66.00	626.41	24883.20	22185.27	548252.89	548252.89	0.00	0.00	0.00	0.00	4.37	0.00	0.12
470	54.00	66.00	626.41	24883.20	22185.27	548252.89	548252.89	0.00	0.00	0.00	0.00	4.33	0.00	0.12
471	55.00	66.00	626.41	24883.20	22185.27	548252.89	548252.89	0.00	0.00	0.00	0.00	4.30	0.00	0.12
472	56.00	66.00	626.41	24883.20	22185.27	548252.89	548252.89	0.00	0.00	0.00	0.00	4.26	0.00	0.12
473	57.00	66.00	626.41	24883.20	22185.27	548252.89	548252.89	0.00	0.00	0.00	0.00	4.23	0.00	0.12
474	58.00	66.00	626.41	24883.20	22185.27	548252.89	548252.89	0.00	0.00	0.00	0.00	4.19	0.00	0.12
475	59.00	66.00	626.41	24883.20	22185.27	548252.89	548252.89	0.00	0.00	0.00	0.00	4.16	0.00	0.12
476	60.00	66.00	626.41	24883.20	22185.27	548252.89	548252.89	0.00	0.00	0.00	0.00	4.13	0.00	0.12
477	61.00	66.00	626.41	24883.20	22185.27	548252.89	548252.89	0.00	0.00	0.00	0.00	4.09	0.00	0.12
478	62.00	66.00	626.41	24883.20	22185.27	548252.89	548252.89	0.00	0.00	0.00	0.00	4.06	0.00	0.12
479	62.00	67.00	626.41	24883.20	22185.27	548252.89	548252.89	0.00	0.00	0.00	0.00	4.12	0.00	0.12
480	63.00	67.00	626.41	24883.20	22185.27	548252.89	548252.89	0.00	0.00	0.00	0.00	4.09	0.00	0.12
481	64.00	67.00	626.41	24883.20	22185.27	548252.89	548252.89	0.00	0.00	0.00	0.00	4.06	0.00	0.12
482	65.00	67.00	626.41	24883.20	22185.27	548252.89	548252.89	0.00	0.00	0.00	0.00	4.03	0.00	0.12
483	66.00	67.00	626.41	24883.20	22185.27	548252.89	548252.89	0.00	0.00	0.00	0.00	4.00	0.00	0.12
484	66.00	68.00	626.41	24883.20	22185.27	548252.89	548252.89	0.00	0.00	0.00	0.00	4.05	0.00	0.12
485	67.00	68.00	626.41	24883.20	22185.27	548252.89	548252.89	0.00	0.00	0.00	0.00	4.02	0.00	0.12
486	68.00	68.00	626.41	24883.20	22185.27	548252.89	548252.89	0.00	0.00	0.00	0.00	3.99	0.00	0.12
487	69.00	68.00	626.41	24883.20	22185.27	548252.89	548252.89	0.00	0.00	0.00	0.00	3.96	0.00	0.12
488	70.00	68.00	626.41	24883.20	22185.27	548252.89	548252.89	0.00	0.00	0.00	0.00	3.93	0.00	0.12
489	71.00	68.00	626.41	24883.20	22185.27	548252.89	548252.89	0.00	0.00	0.00	0.00	3.91	0.00	0.12
490	72.00	68.00	626.41	24883.20	22185.27	548252.89	548252.89	0.00	0.00	0.00	0.00	3.88	0.00	0.12
491	72.00	69.00	626.41	24883.20	22185.27	548252.89	548252.89	0.00	0.00	0.00	0.00	3.93	0.00	0.12
492	72.00	70.00	626.41	24883.20	22185.27	548252.89	548252.89	0.00	0.00	0.00	0.00	3.98	0.00	0.12
493	72.00	71.00	626.41	24883.20	22185.27	548252.89	548252.89	0.00	0.00	0.00	0.00	3.98	0.00	0.12
494	73.00	71.00	626.41	24883.20	22185.27	548252.89	548252.89	0.00	0.00	0.00	0.00	3.95	0.00	0.12
495	74.00	71.00	626.41	24883.20	22185.27	548252.89	548252.89	0.00	0.00	0.00	0.00	3.92	0.00	0.12
496	25.00	71.00	626.41	24883.20	22185.27	548252.89	548252.89	0.00	0.00	0.00	0.00	5.92	0.00	0.12
497	26.00	71.00	626.41	24883.20	22185.27	548252.89	548252.89	0.00	0.00	0.00	0.00	5.86	0.00	0.12
498	27.00	71.00	626.41	24883.20	22185.27	548252.89	548252.89	0.00	0.00	0.00	0.00	5.80	0.00	0.12
499	28.00	71.00	626.41	24883.20	22185.27	548252.89	548252.89	0.00	0.00	0.00	0.00	5.74	0.00	0.12
500	29.00	71.00	626.41	24883.20	22185.27	548252.89	548252.89	0.00	0.00	0.00	0.00	5.68	0.00	0.12
501	29.00	72.00	532.45	29859.84	18857.48	548252.89	548252.89	0.00	0.00	0.00	0.00	5.74	0.00	0.12
502	29.00	73.00	532.45	29859.84	18857.48	548252.89	548252.89	0.00	0.00	0.00	0.00	5.80	0.00	0.12
503	30.00	73.00	532.45	29859.84	18857.48	548252.89	548252.89	0.00	0.00	0.00	0.00	5.74	0.00	0.12
504	31.00	73.00	532.45	29859.84	18857.48	548252.89	548252.89	0.00	0.00	0.00	0.00	5.69	0.00	0.12
505	32.00	73.00	532.45	29859.84	18857.48	548252.89	548252.89	0.00	0.00	0.00	0.00	5.63	0.00	0.12
506	33.00	73.00	532.45	29859.84	18857.48	548252.89	548252.89	0.00	0.00	0.00	0.00	5.58	0.00	0.12
507	34.00	73.00	532.45	29859.84	18857.48	548252.89	548252.89	0.00	0.00	0.00	0.00	5.53	0.00	0.12
508	35.00	73.00	532.45	29859.84	18857.48	548252.89	548252.89	0.00	0.00	0.00	0.00	5.47	0.00	0.12
509	35.00	74.00	532.45	29859.84	18857.48	548252.89	548252.89	0.00	0.00	0.00	0.00	5.53	0.00	0.12
510	36.00	74.00	532.45	29859.84	18857.48	548252.89	548252.89	0.00	0.00	0.00	0.00	5.48	0.00	0.12
511	37.00	74.00	532.45	29859.84	18857.48	548252.89	548252.89	0.00	0.00	0.00	0.00	5.43	0.00	0.12
512	38.00	74.00	532.45	29859.84	18857.48	548252.89	548252.89	0.00	0.00	0.00	0.00	5.38	0.00	0.12
513	39.00	74.00	532.45	29859.84	18857.48	548252.89	548252.89	0.00	0.00	0.00	0.00	5.33	0.00	0.12
514	39.00	25.00	532.45	29859.84	18857.48	548252.89	548252.89	0.00	0.00	0.00	0.00	2.56	0.00	0.12
515	40.00	25.00	532.45	29859.84	18857.48	548252.89	548252.89	0.00	0.00	0.00	0.00	2.52	0.00	0.12
516	40.00	26.00	532.45	29859.84	18857.48	548252.89	548252.89	0.00	0.00	0.00	0.00	2.66	0.00	0.12
517	41.00	26.00	532.45	29859.84	18857.48	548252.89	548252.89	0.00	0.00	0.00	0.00	2.62	0.00	0.12
518	41.00	27.00	532.45	29859.84	18857.48	548252.89	548252.89	0.00	0.00	0.00	0.00	2.75	0.00	0.12
519	42.00	27.00	532.45	29859.84	18857.48	548252.89	548252.89	0.00	0.00	0.00	0.00	2.71	0.00	0.12
520	43.00	27.00	532.45	29859.84	18857.48	548252.89	548252.89	0.00	0.00	0.00	0.00	2.67	0.00	0.12
521	43.00	28.00	532.45	29859.84	18857.48	548252.89	548252.89	0.00	0.00	0.00	0.00	2.79	0.00	0.12
522	44.00	28.00	532.45	29859.84	18857.48	548252.89	548252.89	0.00	0.00	0.00	0.00	2.75	0.00	0.12
523	45.00	28.00	532.45	29859.84	18857.48	548252.89	548252.89	0.00	0.00	0.00	0.00	2.72	0.00	0.12
524	46.00	28.00	532.45	29859.84	18857.48	548252.89	548252.89	0.00	0.00	0.00	0.00	2.68	0.00	0.12
525	47.00	28.00	532.45	29859.84	18857.48	548252.89	548252.89	0.00	0.00	0.00	0.00	2.64	0.00	0.12
526	47.00	29.00	532.45	29859.84	18857.48	548252.89	548252.89	0.00	0.00	0.00	0.00	2.65	0.00	0.12
527	48.00	29.00	532.45	29859.84	18857.48	548252.89	548252.89	0.00	0.00	0.00	0.00	2.61	0.00	0.12
528	49.00	29.00	532.45	29859.84	18857.48	548252.89	548252.89	0.00	0.00	0.00	0.00	2.58	0.00	0.12
529	50.00	29.00	532.45	29859.84	18857.48	548252.89	548252.89	0.00	0.00	0.00	0.00	2.55	0.00	0.12
530	51.00	29.00	532.45	29859.84	18857.48	548252.89	548252.89	0.00	0.00	0.00	0.00	2.51	0.00	0.12
531	52.00	29.00	532.45	29859.84	18857.48	548252.89	548252.89	0.00	0.00	0.00	0.00	2.48	0.00	0.12
532	53.00	29.00	532.45	29859.84	18857.48	548252.89	548252.89	0.00	0.00	0.00	0.00	2.45	0.00	0.12
533	54.00	29.00	532.45	29859.84	18857.48	548252.89	548252.89	0.00	0.00	0.00	0.00	2.42	0.00	0.12
534	55.00	29.00	532.45	29859.84	18857.48	548252.89	548252.89	0.00	0.00	0.00	0.00	2.39	0.00	0.12
535	56.00	29.00	532.45	29859.84	18857.48	548252.89	548252.89	0.00	0.00	0.00	0.00	2.37	0.00	0.12
536	57.00	29.00	532.45	29859.84	18857.48	548252.89	548252.89	0.00	0.00	0.00	0.00	2.34	0.00	0.12
537	58.00	29.00	532.45	29859.84	18857.48	548252.89	548252.89	0.00	0.00	0.00	0.00	2.31	0.00	0.12
538	59.00	29.00	532.45	29859.84	18857.48	548252.89	548252.89	0.00	0.00	0.00	0.00	2.29	0.00	0.12
539	60.00	29.00	532.45	29859.84	18857.48	548252.89	548252.89	0.00	0.00	0.00	0.00	2.26	0.00	0.12
540	61.00	29.00	532.45	29859.84	18857.48	548252.89	548252.89	0.00	0.00	0.00	0.00	2.23	0.00	0.12
541	62.00	29.00	532.45	29859.84	18857.48	548252.89	548252.89	0.00	0.00	0.00	0.00	2.21	0.00	0.12
542	63.00	29.00	532.45	29859.84	18857.48	548252.89	548252.89	0.00	0.00	0.00	0.00	2.19	0.00	0.12
543	64.00	29.00	532.45	29859.84	18857.48	548252.89	548252.89	0.00	0.00	0.00	0.00	2.16	0.00	0.12
544	65.00	29.00	532.45	29859.84	18857.48	548252.89	548252.89	0.00	0.00	0.00	0.00	2.14	0.00	0.12
545	66.00	29.00	532.45	29859.84	18857.48	548252.89	548252.89	0.00	0.00	0.00	0.00	2.12	0.00	0.12
546	67.00	29.00	532.45	29859.84	18857.48	548252.89	548252.89	0.00	0.00	0.00	0.00	2.09	0.00	0.12
547	67.00	30.00	532.45	29859.84	18857.48	548252.89	548252.89	0.00	0.00	0.00	0.00	2.19	0.00	0.12
548	68.00	30.00	532.45	29859.84	18857.48	548252.89	548252.89	0.00	0.00	0.00	0.00	2.17	0.00	0.12
549	69.00	30.00	532.45	29859.84	18857.48	548252.89	548252.89	0.00	0.00	0.00	0.00	2.15	0.00	0.12
550	70.00	30.00	532.45	29859.84	18857.48	548252.89	548252.89	0.00	0.00	0.00	0.00	2.13	0.00	0.12
551	71.00	30.00	532.45	29859.84	18857.48	548252.89	548252.89	0.00	0.00	0.00	0.00	2.10	0.00	0.12
552	72.00	30.00	532.45	29859.84	18857.48	548252.89	548252.89	0.00	0.00	0.00	0.00	2.08	0.00	0.12
553	73.00	30.00	532.45	29859.84	18857.48	548252.89	548252.89	0.00	0.00	0.00	0.00	2.06	0.00	0.12
554	74.00	30.00	532.45	29859.84	18857.48	548252.89	548252.89	0.00	0.00	0.00	0.00	2.04	0.00	0.12
555	25.00	30.00	532.45	29859.84	18857.48	548252.89	548252.89	0.00	0.00	0.00	0.00	3.86	0.00	0.12
556	25.00	31.00	532.45	29859.84	18857.48	548252.89	548252.89	0.00	0.00	0.00	0.00	3.85	0.00	0.12
557	26.00	31.00	532.45	29859.84	18857.48	548252.89	548252.89	0.00	0.00	0.00	0.00	3.78	0.00	0.12
558	27.00	31.00	532.45	29859.84	18857.48	548252.89	548252.89	0.00	0.00	0.00	0.00	3.71	0.00	0.12
559	28.00	31.00	532.45	29859.84	18857.48	548252.89	548252.89	0.00	0.00	0.00	0.00	3.65	0.00	0.12
560	29.00	31.00	532.45	29859.84	18857.48	548252.89	548252.89	0.00	0.00	0.00	0.00	3.59	0.00	0.12
561	29.00	32.00	532.45	29859.84	18857.48	548252.89	548252.89	0.00	0.00	0.00	0.00	3.72	0.00	0.12
562	30.00	32.00	532.45	29859.84	18857.48	548252.89	548252.89	0.00	0.00	0.00	0.00	3.66	0.00	0.12
563	31.00	32.00	532.45	29859.84	18857.48	548252.89	548252.89	0.00	0.00	0.00	0.00	3.60	0.00	0.12
564	31.00	33.00	532.45	29859.84	18857.48	548252.89	548252.89	0.00	0.00	0.00	0.00	3.90	0.00	0.12
565	32.00	33.00	532.45	29859.84	18857.48	548252.89	548252.89	0.00	0.00	0.00	0.00	3.84	0.00	0.12
566	33.00	33.00	532.45	29859.84	18857.48	548252.89	548252.89	0.00	0.00	0.00	0.00	3.78	0.00	0.12
567	33.00	34.00	532.45	29859.84	18857.48	548252.89	548252.89	0.00	0.00	0.00	0.00	3.94	0.00	0.12
568	34.00	34.00	532.45	29859.84	18857.48	548252.89	548252.89	0.00	0.00	0.00	0.00	3.88	0.00	0.12
569	35.00	34.00	532.45	29859.84	18857.48	548252.89	548252.89	0.00	0.00	0.00	0.00	3.82	0.00	0.12
570	36.00	34.00	532.45	29859.84	18857.48	548252.89	548252.89	0.00	0.00	0.00	0.00	3.77	0.00	0.12
571	37.00	34.00	532.45	29859.84	18857.48	548252.89	548252.89	0.00	0.00	0.00	0.00	3.72	0.00	0.12
572	38.00	34.00	532.45	29859.84	18857.48	548252.89	548252.89	0.00	0.00	0.00	0.00	3.66	0.00	0.12
573	39.00	34.00	532.45	29859.84	18857.48	548252.89	548252.89	0.00	0.00	0.00	0.00	3.61	0.00	0.12
574	40.00	34.00	532.45	29859.84	18857.48	548252.89	548252.89	0.00	0.00	0.00	0.00	3.57	0.00	0.12
575	41.00	34.00	532.45	29859.84	18857.48	548252.89	548252.89	0.00	0.00	0.00	0.00	3.52	0.00	0.12
576	42.00	34.00	532.45	29859.84	18857.48	548252.89	548252.89	0.00	0.00	0.00	0.00	3.47	0.00	0.12
577	43.00	34.00	532.45	29859.84	18857.48	548252.89	548252.89	0.00	0.00	0.00	0.00	3.43	0.00	0.12
578	44.00	34.00	532.45	29859.84	18857.48	548252.89	548252.89	0.00	0.00	0.00	0.00	3.38	0.00	0.12
579	45.00	34.00	532.45	29859.84	18857.48	548252.89	548252.89	0.00	0.00	0.00	0.00	3.34	0.00	0.12
580	46.00	34.00	532.45	29859.84	18857.48	548252.89	548252.89	0.00	0.00	0.00	0.00	3.30	0.00	0.12
581	47.00	34.00	532.45	29859.84	18857.48	548252.89	548252.89	0.00	0.00	0.00	0.00	3.26	0.00	0.12
582	48.00	34.00	532.45	29859.84	18857.48	548252.89	548252.89	0.00	0.00	0.00	0.00	3.22	0.00	0.12
583	49.00	34.00	532.45	29859.84	18857.48	548252.89	548252.89	0.00	0.00	0.00	0.00	3.18	0.00	0.12
584	50.00	34.00	532.45	29859.84	18857.48	548252.89	548252.89	0.00	0.00	0.00	0.00	3.14	0.00	0.12
585	51.00	34.00	532.45	29859.84	18857.48	548252.89	548252.89	0.00	0.00	0.00	0.00	3.10	0.00	0.12
586	52.00	34.00	532.45	29859.84	18857.48	548252.89	548252.89	0.00	0.00	0.00	0.00	3.07	0.00	0.12
587	53.00	34.00	532.45	29859.84	18857.48	548252.89	548252.89	0.00	0.00	0.00	0.00	3.03	0.00	0.12
588	54.00	34.00	532.45	29859.84	18857.48	548252.89	548252.89	0.00	0.00	0.00	0.00	3.00	0.00	0.12
589	55.00	34.00	532.45	29859.84	18857.48	548252.89	548252.89	0.00	0.00	0.00	0.00	2.96	0.00	0.12
590	56.00	34.00	532.45	29859.84	18857.48	548252.89	548252.89	0.00	0.00	0.00	0.00	2.93	0.00	0.12
591	57.00	34.00	532.45	29859.84	18857.48	548252.89	548252.89	0.00	0.00	0.00	0.00	2.90	0.00	0.12
592	58.00	34.00	532.45	29859.84	18857.48	548252.89	548252.89	0.00	0.00	0.00	0.00	2.87	0.00	0.12
593	59.00	34.00	532.45	29859.84	18857.48	548252.89	548252.89	0.00	0.00	0.00	0.00	2.84	0.00	0.12
594	60.00	34.00	532.45	29859.84	18857.48	548252.89	548252.89	0.00	0.00	0.00	0.00	2.81	0.00	0.12
595	61.00	34.00	532.45	29859.84	18857.48	548252.89	548252.89	0.00	0.00	0.00	0.00	2.78	0.00	0.12
596	62.00	34.00	532.45	29859.84	18857.48	548252.89	548252.89	0.00	0.00	0.00	0.00	2.75	0.00	0.12
597	63.00	34.00	532.45	29859.84	18857.48	548252.89	548252.89	0.00	0.00	0.00	0.00	2.72	0.00	0.12
598	64.00	34.00	532.45	29859.84	18857.48	548252.89	548252.89	0.00	0.00	0.00	0.00	2.69	0.00	0.12
599	65.00	34.00	532.45	29859.84	18857.48	548252.89	548252.89	0.00	0.00	0.00	0.00	2.66	0.00	0.12
600	66.00	34.00	532.45	29859.84	18857.48	548252.89	548252.89	0.00	0.00	0.00	0.00	2.64	0.00	0.12
601	67.00	34.00	452.58	35831.81	16028.85	548252.89	548252.89	0.00	0.00	0.00	0.00	2.61	0.00	0.12
602	68.00	34.00	452.58	35831.81	16028.85	548252.89	548252.89	0.00	0.00	0.00	0.00	2.59	0.00	0.12
603	69.00	34.00	452.58	35831.81	16028.85	548252.89	548252.89	0.00	0.00	0.00	0.00	2.56	0.00	0.12
604	70.00	34.00	452.58	35831.81	16028.85	548252.89	548252.89	0.00	0.00	0.00	0.00	2.54	0.00	0.12
605	71.00	34.00	452.58	35831.81	16028.85	548252.89	548252.89	0.00	0.00	0.00	0.00	2.51	0.00	0.12
606	72.00	34.00	452.58	35831.81	16028.85	548252.89	548252.89	0.00	0.00	0.00	0.00	2.49	0.00	0.12
607	73.00	34.00	452.58	35831.81	16028.85	548252.89	548252.89	0.00	0.00	0.00	0.00	2.47	0.00	0.12
608	74.00	34.00	452.58	35831.81	16028.85	548252.89	548252.89	0.00	0.00	0.00	0.00	2.44	0.00	0.12
609	25.00	34.00	452.58	35831.81	16028.85	548252.89	548252.89	0.00	0.00	0.00	0.00	4.47	0.00	0.12
610	25.00	35.00	452.58	35831.81	16028.85	548252.89	548252.89	0.00	0.00	0.00	0.00	4.44	0.00	0.12
611	26.00	35.00	452.58	35831.81	16028.85	548252.89	548252.89	0.00	0.00	0.00	0.00	4.37	0.00	0.12
612	27.00	35.00	452.58	35831.81	16028.85	548252.89	548252.89	0.00	0.00	0.00	0.00	4.30	0.00	0.12
613	28.00	35.00	452.58	35831.81	16028.85	548252.89	548252.89	0.00	0.00	0.00	0.00	4.23	0.00	0.12
614	29.00	35.00	452.58	35831.81	16028.85	548252.89	548252.89	0.00	0.00	0.00	0.00	4.17	0.00	0.12
615	29.00	36.00	452.58	35831.81	16028.85	548252.89	548252.89	0.00	0.00	0.00	0.00	4.28	0.00	0.12
616	30.00	36.00	452.58	35831.81	16028.85	548252.89	548252.89	0.00	0.00	0.00	0.00	4.21	0.00	0.12
617	31.00	36.00	452.58	35831.81	16028.85	548252.89	548252.89	0.00	0.00	0.00	0.00	4.15	0.00	0.12
618	32.00	36.00	452.58	35831.81	16028.85	548252.89	548252.89	0.00	0.00	0.00	0.00	4.09	0.00	0.12
619	33.00	36.00	452.58	35831.81	16028.85	548252.89	548252.89	0.00	0.00	0.00	0.00	4.03	0.00	0.12
620	34.00	36.00	452.58	35831.81	16028.85	548252.89	548252.89	0.00	0.00	0.00	0.00	3.97	0.00	0.12
621	35.00	36.00	452.58	35831.81	16028.85	548252.89	548252.89	0.00	0.00	0.00	0.00	3.92	0.00	0.12
622	36.00	36.00	452.58	35831.81	16028.85	548252.89	548252.89	0.00	0.00	0.00	0.00	3.86	0.00	0.12
623	36.00	37.00	452.58	35831.81	16028.85	548252.89	548252.89	0.00	0.00	0.00	0.00	3.97	0.00	0.12
624	36.00	38.00	452.58	35831.81	16028.85	548252.89	548252.89	0.00	0.00	0.00	0.00	3.95	0.00	0.12
625	36.00	39.00	452.58	35831.81	16028.85	548252.89	548252.89	0.00	0.00	0.00	0.00	4.05	0.00	0.12
626	36.00	40.00	452.58	35831.81	16028.85	548252.89	548252.89	0.00	0.00	0.00	0.00	4.15	0.00	0.12
627	37.00	40.00	452.58	35831.81	16028.85	548252.89	548252.89	0.00	0.00	0.00	0.00	4.09	0.00	0.12
628	38.00	40.00	452.58	35831.81	16028.85	548252.89	548252.89	0.00	0.00	0.00	0.00	4.04	0.00	0.12
629	38.00	41.00	452.58	35831.81	16028.85	548252.89	548252.89	0.00	0.00	0.00	0.00	4.13	0.00	0.12
630	39.00	41.00	452.58	35831.81	16028.85	548252.89	548252.89	0.00	0.00	0.00	0.00	4.08	0.00	0.12
631	40.00	41.00	452.58	35831.81	16028.85	548252.89	548252.89	0.00	0.00	0.00	0.00	4.03	0.00	0.12
632	41.00	41.00	452.58	35831.81	16028.85	548252.89	548252.89	0.00	0.00	0.00	0.00	3.98	0.00	0.12
633	42.00	41.00	452.58	35831.81	16028.85	548252.89	548252.89	0.00	0.00	0.00	0.00	3.93	0.00	0.12
634	43.00	41.00	452.58	35831.81	16028.85	548252.89	548252.89	0.00	0.00	0.00	0.00	3.89	0.00	0.12
635	44.00	41.00	452.58	35831.81	16028.85	548252.89	548252.89	0.00	0.00	0.00	0.00	3.84	0.00	0.12
636	45.00	41.00	452.58	35831.81	16028.85	548252.89	548252.89	0.00	0.00	0.00	0.00	3.80	0.00	0.12
637	45.00	42.00	452.58	35831.81	16028.85	548252.89	548252.89	0.00	0.00	0.00	0.00	3.79	0.00	0.12
638	46.00	42.00	452.58	35831.81	16028.85	548252.89	548252.89	0.00	0.00	0.00	0.00	3.74	0.00	0.12
639	47.00	42.00	452.58	35831.81	16028.85	548252.89	548252.89	0.00	0.00	0.00	0.00	3.70	0.00	0.12
640	48.00	42.00	452.58	35831.81	16028.85	548252.89	548252.89	0.00	0.00	0.00	0.00	3.66	0.00	0.12
641	49.00	42.00	452.58	35831.81	16028.85	548252.89	548252.89	0.00	0.00	0.00	0.00	3.62	0.00	0.12
642	50.00	42.00	452.58	35831.81	16028.85	548252.89	548252.89	0.00	0.00	0.00	0.00	3.58	0.00	0.12
643	51.00	42.00	452.58	35831.81	16028.85	548252.89	548252.89	0.00	0.00	0.00	0.00	3.54	0.00	0.12
644	52.00	42.00	452.58	35831.81	16028.85	548252.89	548252.89	0.00	0.00	0.00	0.00	3.50	0.00	0.12
645	53.00	42.00	452.58	35831.81	16028.85	548252.89	548252.89	0.00	0.00	0.00	0.00	3.47	0.00	0.12
646	54.00	42.00	452.58	35831.81	16028.85	548252.89	548252.89	0.00	0.00	0.00	0.00	3.43	0.00	0.12
647	55.00	42.00	452.58	35831.81	16028.85	548252.89	548252.89	0.00	0.00	0.00	0.00	3.40	0.00	0.12
648	56.00	42.00	452.58	35831.81	16028.85	548252.89	548252.89	0.00	0.00	0.00	0.00	3.36	0.00	0.12
649	57.00	42.00	452.58	35831.81	16028.85	548252.89	548252.89	0.00	0.00	0.00	0.00	3.33	0.00	0.12
650	58.00	42.00	452.58	35831.81	16028.85	548252.89	548252.89	0.00	0.00	0.00	0.00	3.29	0.00	0.12
651	59.00	42.00	452.58	35831.81	16028.85	548252.89	548252.89	0.00	0.00	0.00	0.00	3.26	0.00	0.12
652	60.00	42.00	452.58	35831.81	16028.85	548252.89	548252.89	0.00	0.00	0.00	0.00	3.23	0.00	0.12
653	61.00	42.00	452.58	35831.81	16028.85	548252.89	548252.89	0.00	0.00	0.00	0.00	3.20	0.00	0.12
654	62.00	42.00	452.58	35831.81	16028.85	548252.89	548252.89	0.00	0.00	0.00	0.00	3.17	0.00	0.12
655	63.00	42.00	452.58	35831.81	16028.85	548252.89	548252.89	0.00	0.00	0.00	0.00	3.14	0.00	0.12
656	64.00	42.00	452.58	35831.81	16028.85	548252.89	548252.89	0.00	0.00	0.00	0.00	3.11	0.00	0.12
657	65.00	42.00	452.58	35831.81	16028.85	548252.89	548252.89	0.00	0.00	0.00	0.00	3.08	0.00	0.12
658	66.00	42.00	452.58	35831.81	16028.85	548252.89	548252.89	0.00	0.00	0.00	0.00	3.05	0.00	0.12
659	66.00	43.00	452.58	35831.81	16028.85	548252.89	548252.89	0.00	0.00	0.00	0.00	3.05	0.00	0.12
660	67.00	43.00	452.58	35831.81	16028.85	548252.89	548252.89	0.00	0.00	0.00	0.00	3.02	0.00	0.12
661	67.00	44.00	452.58	35831.81	16028.85	548252.89	548252.89	0.00	0.00	0.00	0.00	3.10	0.00	0.12
662	68.00	44.00	452.58	35831.81	16028.85	548252.89	548252.89	0.00	0.00	0.00	0.00	3.07	0.00	0.12
663	69.00	44.00	452.58	35831.81	16028.85	548252.89	548252.89	0.00	0.00	0.00	0.00	3.04	0.00	0.12
664	70.00	44.00	452.58	35831.81	16028.85	548252.89	548252.89	0.00	0.00	0.00	0.00	3.01	0.00	0.12
665	71.00	44.00	452.58	35831.81	16028.85	548252.89	548252.89	0.00	0.00	0.00	0.00	2.99	0.00	0.12
666	71.00	45.00	452.58	35831.81	16028.85	548252.89	548252.89	0.00	0.00	0.00	0.00	2.99	0.00	0.12
667	72.00	45.00	452.58	35831.81	16028.85	548252.89	548252.89	0.00	0.00	0.00	0.00	2.96	0.00	0.12
668	73.00	45.00	452.58	35831.81	16028.85	548252.89	548252.89	0.00	0.00	0.00	0.00	2.94	0.00	0.12
669	74.00	45.00	452.58	35831.81	16028.85	548252.89	548252.89	0.00	0.00	0.00	0.00	2.91	0.00	0.12
670	25.00	45.00	452.58	35831.81	16028.85	548252.89	548252.89	0.00	0.00	0.00	0.00	4.95	0.00	0.12
671	26.00	45.00	452.58	35831.81	16028.85	548252.89	548252.89	0.00	0.00	0.00	0.00	4.88	0.00	0.12
672	27.00	45.00	452.58	35831.81	16028.85	548252.89	548252.89	0.00	0.00	0.00	0.00	4.81	0.00	0.12
673	27.00	46.00	452.58	35831.81	16028.85	548252.89	548252.89	0.00	0.00	0.00	0.00	4.78	0.00	0.12
674	28.00	46.00	452.58	35831.81	16028.85	548252.89	548252.89	0.00	0.00	0.00	0.00	4.72	0.00	0.12
675	29.00	46.00	452.58	35831.81	16028.85	548252.89	548252.89	0.00	0.00	0.00	0.00	4.66	0.00	0.12
676	30.00	46.00	452.58	35831.81	16028.85	548252.89	548252.89	0.00	0.00	0.00	0.00	4.60	0.00	0.12
677	31.00	46.00	452.58	35831.81	16028.85	548252.89	548252.89	0.00	0.00	0.00	0.00	4.54	0.00	0.12
678	32.00	46.00	452.58	35831.81	16028.85	548252.89	548252.89	0.00	0.00	0.00	0.00	4.48	0.00	0.12
679	33.00	46.00	452.58	35831.81	16028.85	548252.89	548252.89	0.00	0.00	0.00	0.00	4.42	0.00	0.12
680	33.00	47.00	452.58	35831.81	16028.85	548252.89	548252.89	0.00	0.00	0.00	0.00	4.51	0.00	0.12
681	34.00	47.00	452.58	35831.81	16028.85	548252.89	548252.89	0.00	0.00	0.00	0.00	4.45	0.00	0.12
682	35.00	47.00	452.58	35831.81	16028.85	548252.89	548252.89	0.00	0.00	0.00	0.00	4.40	0.00	0.12
683	36.00	47.00	452.58	35831.81	16028.85	548252.89	548252.89	0.00	0.00	0.00	0.00	4.35	0.00	0.12
684	37.00	47.00	452.58	35831.81	16028.85	548252.89	548252.89	0.00	0.00	0.00	0.00	4.29	0.00	0.12
685	37.00	48.00	452.58	35831.81	16028.85	548252.89	548252.89	0.00	0.00	0.00	1.17	4.41	0.00	0.12
686	38.00	48.00	452.58	35831.81	16028.85	548252.89	548252.89	0.00	0.00	0.00	1.16	4.36	0.00	0.12
687	39.00	48.00	452.58	35831.81	16028.85	548252.89	548252.89	0.00	0.00	0.00	1.15	4.31	0.00	0.12
688	39.00	49.00	452.58	35831.81	16028.85	548252.89	548252.89	0.00	0.00	0.00	1.13	4.39	0.00	0.12
689	39.00	50.00	452.58	35831.81	16028.85	548252.89	548252.89	0.00	0.00	0.00	1.12	4.37	0.00	0.12
690	40.00	50.00	452.58	35831.81	16028.85	548252.89	548252.89	0.00	0.00	0.00	1.11	4.32	0.00	0.12
691	40.00	51.00	452.58	35831.81	16028.85	548252.89	548252.89	0.00	0.00	0.00	1.10	4.31	0.00	0.12
692	41.00	51.00	452.58	35831.81	16028.85	548252.89	548252.89	0.00	0.00	0.00	1.08	4.26	0.00	0.12
693	42.00	51.00	452.58	35831.81	16028.85	548252.89	548252.89	0.00	0.00	0.00	1.07	4.21	0.00	0.12
694	42.00	52.00	452.58	35831.81	16028.85	548252.89	548252.89	0.00	0.00	0.00	1.06	4.47	0.00	0.12
695	43.00	52.00	452.58	35831.81	16028.85	548252.89	548252.89	0.00	0.00	0.00	1.05	4.42	0.00	0.12
696	43.00	53.00	452.58	35831.81	16028.85	548252.89	548252.89	0.00	0.00	0.00	1.04	4.50	0.00	0.12
697	43.00	54.00	452.58	35831.81	16028.85	548252.89	548252.89	0.00	0.00	0.00	1.03	4.48	0.00	0.12
698	44.00	54.00	452.58	35831.81	16028.85	548252.89	548252.89	0.00	0.00	0.00	1.02	4.43	0.00	0.12
699	45.00	54.00	452.58	35831.81	16028.85	548252.89	548252.89	0.00	0.00	0.00	1.01	4.39	0.00	0.12
700	46.00	54.00	452.58	35831.81	16028.85	548252.89	548252.89	0.00	0.00	0.00	1.00	4.35	0.00	0.12
701	46.00	55.00	543.10	42998.17	13624.53	548252.89	548252.89	0.00	0.00	0.00	0.99	4.33	0.00	0.12
702	47.00	55.00	543.10	42998.17	13624.53	548252.89	548252.89	0.00	0.00	0.00	0.98	4.29	0.00	0.12
703	48.00	55.00	543.10	42998.17	13624.53	548252.89	548252.89	0.00	0.00	0.00	0.97	4.25	0.00	0.12
704	49.00	55.00	543.10	42998.17	13624.53	548252.89	548252.89	0.00	0.00	0.00	0.96	4.21	0.00	0.12
705	50.00	55.00	543.10	42998.17	13624.53	548252.89	548252.89	0.00	0.00	0.00	0.95	4.17	0.00	0.12
706	51.00	55.00	543.10	42998.17	13624.53	548252.89	548252.89	0.00	0.00	0.00	0.94	4.13	0.00	0.12
707	51.00	56.00	543.10	42998.17	13624.53	548252.89	548252.89	0.00	0.00	0.00	0.93	4.19	0.00	0.12
708	52.00	56.00	543.10	42998.17	13624.53	548252.89	548252.89	0.00	0.00	0.00	0.92	4.16	0.00	0.12
709	53.00	56.00	543.10	42998.17	13624.53	548252.89	548252.89	0.00	0.00	0.00	0.92	4.12	0.00	0.12
710	52.00	58.00	543.10	42998.17	13624.53	548252.89	548252.89	0.00	0.00	0.00	0.00	4.77	0.00	0.12
711	53.00	58.00	651.71	51597.80	11580.85	548252.89	548252.89	0.00	0.00	0.00	0.00	4.72	0.00	0.12
712	53.00	59.00	651.71	51597.80	11580.85	548252.89	548252.89	0.00	0.00	0.00	0.00	4.86	0.00	0.12
713	54.00	59.00	651.71	51597.80	11580.85	548252.89	548252.89	0.00	0.00	0.00	0.00	4.81	0.00	0.12
714	55.00	59.00	651.71	51597.80	11580.85	548252.89	548252.89	0.00	0.00	0.00	0.00	4.77	0.00	0.12
715	55.00	60.00	651.71	51597.80	11580.85	548252.89	548252.89	0.00	0.00	0.00	0.00	4.83	0.00	0.12
716	56.00	60.00	651.71	51597.80	11580.85	548252.89	548252.89	0.00	0.00	0.00	0.00	4.79	0.00	0.12
717	57.00	60.00	651.71	51597.80	11580.85	548252.89	548252.89	0.00	0.00	0.00	0.00	4.75	0.00	0.12
718	58.00	60.00	651.71	51597.80	11580.85	548252.89	548252.89	0.00	0.00	0.00	0.00	4.71	0.00	0.12
719	58.00	61.00	651.71	51597.80	11580.85	548252.89	548252.89	0.00	0.00	0.00	0.00	4.79	0.00	0.12
720	59.00	61.00	651.71	51597.80	11580.85	548252.89	548252.89	0.00	0.00	0.00	0.00	4.75	0.00	0.12
721	60.00	61.00	651.71	51597.80	11580.85	548252.89	548252.89	0.00	0.00	0.00	0.00	4.71	0.00	0.12
722	61.00	61.00	651.71	51597.80	11580.85	548252.89	548252.89	0.00	0.00	0.00	0.00	4.67	0.00	0.12
723	61.00	62.00	651.71	51597.80	11580.85	548252.89	548252.89	0.00	0.00	0.00	0.00	4.72	0.00	0.12
724	62.00	62.00	651.71	51597.80	11580.85	548252.89	548252.89	0.00	0.00	0.00	0.00	4.69	0.00	0.12
725	63.00	62.00	651.71	51597.80	11580.85	548252.89	548252.89	0.00	0.00	0.00	0.00	4.65	0.00	0.12
726	63.00	63.00	651.71	51597.80	11580.85	548252.89	548252.89	0.00	0.00	0.00	0.00	4.70	0.00	0.12
727	64.00	63.00	651.71	51597.80	11580.85	548252.89	548252.89	0.00	0.00	0.00	0.00	4.66	0.00	0.12
728	65.00	63.00	651.71	51597.80	11580.85	548252.89	548252.89	0.00	0.00	0.00	0.00	4.63	0.00	0.12
729	66.00	63.00	651.71	51597.80	11580.85	548252.89	548252.89	0.00	0.00	0.00	0.00	4.59	0.00	0.12
730	67.00	63.00	651.71	51597.80	11580.85	548252.89	548252.89	0.00	0.00	0.00	0.00	4.56	0.00	0.12
731	68.00	63.00	651.71	51597.80	11580.85	548252.89	548252.89	0.00	0.00	0.00	0.00	4.52	0.00	0.12
732	69.00	63.00	651.71	51597.80	11580.85	548252.89	548252.89	0.00	0.00	0.00	0.00	4.49	0.00	0.12
733	69.00	64.00	651.71	51597.80	11580.85	548252.89	548252.89	0.00	0.00	0.00	0.00	4.48	0.00	0.12
734	70.00	64.00	651.71	51597.80	11580.85	548252.89	548252.89	0.00	0.00	0.00	0.00	4.44	0.00	0.12
735	71.00	64.00	651.71	51597.80	11580.85	548252.89	548252.89	0.00	0.00	0.00	0.00	4.41	0.00	0.12
736	72.00	64.00	651.71	51597.80	11580.85	548252.89	548252.89	0.00	0.00	0.00	0.00	4.38	0.00	0.12
737	73.00	64.00	651.71	51597.80	11580.85	548252.89	548252.89	0.00	0.00	0.00	0.00	4.35	0.00	0.12
738	74.00	64.00	651.71	51597.80	11580.85	548252.89	548252.89	0.00	0.00	0.00	0.00	4.31	0.00	0.12
739	25.00	64.00	651.71	51597.80	11580.85	548252.89	548252.89	0.00	0.00	0.00	0.00	6.69	0.00	0.12
740	25.00	65.00	651.71	51597.80	11580.85	548252.89	548252.89	0.00	0.00	0.00	0.00	6.65	0.00	0.12
741	26.00	65.00	651.71	51597.80	11580.85	548252.89	548252.89	0.00	0.00	0.00	0.00	6.57	0.00	0.12
742	27.00	65.00	651.71	51597.80	11580.85	548252.89	548252.89	0.00	0.00	0.00	0.00	6.50	0.00	0.12
743	28.00	65.00	651.71	51597.80	11580.85	548252.89	548252.89	0.00	0.00	0.00	0.00	6.43	0.00	0.12
744	29.00	65.00	651.71	51597.80	11580.85	548252.89	548252.89	0.00	0.00	0.00	0.00	6.36	0.00	0.12
745	30.00	65.00	651.71	51597.80	11580.85	548252.89	548252.89	0.00	0.00	0.00	0.00	6.30	0.00	0.12
746	31.00	65.00	651.71	51597.80	11580.85	548252.89	548252.89	0.00	0.00	0.00	0.00	6.23	0.00	0.12
747	31.00	66.00	651.71	51597.80	11580.85	548252.89	548252.89	0.00	0.00	0.00	0.00	6.20	0.00	0.12
748	32.00	66.00	651.71	51597.80	11580.85	548252.89	548252.89	0.00	0.00	0.00	0.00	6.13	0.00	0.12
749	33.00	66.00	651.71	51597.80	11580.85	548252.89	548252.89	0.00	0.00	0.00	0.00	6.07	0.00	0.12
750	34.00	66.00	651.71	51597.80	11580.85	548252.89	548252.89	0.00	0.00	0.00	0.00	6.01	0.00	0.12
751	35.00	66.00	651.71	51597.80	11580.85	548252.89	548252.89	0.00	0.00	0.00	0.00	5.95	0.00	0.12
752	36.00	66.00	651.71	51597.80	11580.85	548252.89	548252.89	0.00	0.00	0.00	0.00	5.89	0.00	0.12
753	37.00	66.00	651.71	51597.80	11580.85	548252.89	548252.89	0.00	0.00	0.00	0.00	5.83	0.00	0.12
754	38.00	66.00	651.71	51597.80	11580.85	548252.89	548252.89	0.00	0.00	0.00	0.00	5.78	0.00	0.12
755	38.00	67.00	651.71	51597.80	11580.85	548252.89	548252.89	0.00	0.00	0.00	0.00	5.83	0.00	0.12
756	39.00	67.00	651.71	51597.80	11580.85	548252.89	548252.89	0.00	0.00	0.00	0.00	5.78	0.00	0.12
757	40.00	67.00	651.71	51597.80	11580.85	548252.89	548252.89	0.00	0.00	0.00	0.00	5.72	0.00	0.12
758	41.00	67.00	651.71	51597.80	11580.85	548252.89	548252.89	0.00	0.00	0.00	0.00	5.67	0.00	0.12
759	42.00	67.00	651.71	51597.80	11580.85	548252.89	548252.89	0.00	0.00	0.00	0.00	5.62	0.00	0.12
760	42.00	68.00	651.71	51597.80	11580.85	548252.89	548252.89	0.00	0.00	0.00	0.00	5.67	0.00	0.12
761	42.00	69.00	651.71	51597.80	11580.85	548252.89	548252.89	0.00	0.00	0.00	0.00	5.64	0.00	0.12
762	43.00	69.00	651.71	51597.80	11580.85	548252.89	548252.89	0.00	0.00	0.00	0.00	5.59	0.00	0.12
763	43.00	70.00	651.71	51597.80	11580.85	548252.89	548252.89	0.00	0.00	0.00	0.00	5.65	0.00	0.12
764	44.00	70.00	651.71	51597.80	11580.85	548252.89	548252.89	0.00	0.00	0.00	0.00	5.60	0.00	0.12
765	45.00	70.00	651.71	51597.80	11580.85	548252.89	548252.89	0.00	0.00	0.00	0.00	5.55	0.00	0.12
766	46.00	70.00	651.71	51597.80	11580.85	548252.89	548252.89	0.00	0.00	0.00	0.00	5.50	0.00	0.12
767	47.00	70.00	651.71	51597.80	11580.85	548252.89	548252.89	0.00	0.00	0.00	0.00	5.45	0.00	0.12
768	48.00	70.00	651.71	51597.80	11580.85	548252.89	548252.89	0.00	0.00	0.00	0.00	5.41	0.00	0.12
769	49.00	70.00	651.71	51597.80	11580.85	548252.89	548252.89	0.00	0.00	0.00	0.00	5.36	0.00	0.12
770	49.00	71.00	651.71	51597.80	11580.85	548252.89	548252.89	0.00	0.00	0.00	0.00	5.41	0.00	0.12
771	49.00	72.00	651.71	51597.80	11580.85	548252.89	548252.89	0.00	0.00	0.00	0.00	5.39	0.00	0.12
772	50.00	72.00	651.71	51597.80	11580.85	548252.89	548252.89	0.00	0.00	0.00	0.00	5.35	0.00	0.12
773	51.00	72.00	651.71	51597.80	11580.85	548252.89	548252.89	0.00	0.00	0.00	0.00	5.30	0.00	0.12
774	52.00	72.00	651.71	51597.80	11580.85	548252.89	548252.89	0.00	0.00	0.00	0.00	5.26	0.00	0.12
775	53.00	72.00	651.71	51597.80	11580.85	548252.89	548252.89	0.00	0.00	0.00	0.00	5.22	0.00	0.12
776	54.00	72.00	651.71	51597.80	11580.85	548252.89	548252.89	0.00	0.00	0.00	0.00	5.18	0.00	0.12
777	55.00	72.00	651.71	51597.80	11580.85	548252.89	548252.89	0.00	0.00	0.00	0.00	5.14	0.00	0.12
778	55.00	73.00	651.71	51597.80	11580.85	548252.89	548252.89	0.00	0.00	0.00	0.00	5.12	0.00	0.12
779	56.00	73.00	651.71	51597.80	11580.85	548252.89	548252.89	0.00	0.00	0.00	0.00	5.08	0.00	0.12
780	57.00	73.00	651.71	51597.80	11580.85	548252.89	548252.89	0.00	0.00	0.00	0.00	5.04	0.00	0.12
781	58.00	73.00	651.71	51597.80	11580.85	548252.89	548252.89	0.00	0.00	0.00	0.00	5.00	0.00	0.12
782	59.00	73.00	651.71	51597.80	11580.85	548252.89	548252.89	0.00	0.00	0.00	0.00	4.96	0.00	0.12
783	60.00	73.00	651.71	51597.80	11580.85	548252.89	548252.89	0.00	0.00	0.00	0.00	4.93	0.00	0.12
784	61.00	73.00	651.71	51597.80	11580.85	548252.89	548252.89	0.00	0.00	0.00	0.00	4.89	0.00	0.12
785	62.00	73.00	651.71	51597.80	11580.85	548252.89	548252.89	0.00	0.00	0.00	0.00	4.85	0.00	0.12
786	63.00	73.00	651.71	51597.80	11580.85	548252.89	548252.89	0.00	0.00	0.00	0.00	4.82	0.00	0.12
787	64.00	73.00	651.71	51597.80	11580.85	548252.89	548252.89	0.00	0.00	0.00	0.00	4.78	0.00	0.12
788	65.00	73.00	651.71	51597.80	11580.85	548252.89	548252.89	0.00	0.00	0.00	0.00	4.75	0.00	0.12
789	66.00	73.00	651.71	51597.80	11580.85	548252.89	548252.89	0.00	0.00	0.00	0.00	4.71	0.00	0.12
790	66.00	74.00	651.71	51597.80	11580.85	548252.89	548252.89	0.00	0.00	0.00	0.16	4.78	0.00	0.12
791	67.00	74.00	651.71	51597.80	11580.85	548252.89	548252.89	0.00	0.00	0.00	0.15	4.75	0.00	0.12
792	67.00	25.00	651.71	51597.80	11580.85	548252.89	548252.89	0.00	0.00	0.00	0.00	1.87	0.00	0.12
793	68.00	25.00	651.71	51597.80	11580.85	548252.89	548252.89	0.00	0.00	0.00	0.00	1.85	0.00	0.12
794	69.00	25.00	651.71	51597.80	11580.85	548252.89	548252.89	0.00	0.00	0.00	0.00	1.83	0.00	0.12
795	70.00	25.00	651.71	51597.80	11580.85	548252.89	548252.89	0.00	0.00	0.00	0.00	1.81	0.00	0.12
796	71.00	25.00	651.71	51597.80	11580.85	548252.89	548252.89	0.00	0.00	0.00	0.00	1.80	0.00	0.12
797	72.00	25.00	651.71	51597.80	11580.85	548252.89	548252.89	0.00	0.00	0.00	0.00	1.78	0.00	0.12
798	73.00	25.00	651.71	51597.80	11580.85	548252.89	548252.89	0.00	0.00	0.00	0.00	1.76	0.00	0.12
799	74.00	25.00	651.71	51597.80	11580.85	548252.89	548252.89	0.00	0.00	0.00	0.00	1.74	0.00	0.12
800	25.00	25.00	651.71	51597.80	11580.85	548252.89	548252.89	0.00	0.00	0.00	0.00	3.45	0.00	0.12
801	26.00	25.00	651.71	51597.80	11580.85	548252.89	548252.89	0.00	0.00	0.00	0.00	3.38	0.00	0.12
802	27.00	25.00	651.71	51597.80	11580.85	548252.89	548252.89	0.00	0.00	0.00	0.00	3.31	0.00	0.12
803	27.00	26.00	651.71	51597.80	11580.85	548252.89	548252.89	0.00	0.00	0.00	0.00	3.47	0.00	0.12
804	28.00	26.00	651.71	51597.80	11580.85	548252.89	548252.89	0.00	0.00	0.00	0.00	3.40	0.00	0.12
805	28.00	27.00	651.71	51597.80	11580.85	548252.89	548252.89	0.00	0.00	0.00	0.00	3.60	0.00	0.12
806	29.00	27.00	651.71	51597.80	11580.85	548252.89	548252.89	0.00	0.00	0.00	0.00	3.54	0.00	0.12
807	30.00	27.00	651.71	51597.80	11580.85	548252.89	548252.89	0.00	0.00	0.00	0.00	3.47	0.00	0.12
808	31.00	27.00	651.71	51597.80	11580.85	548252.89	548252.89	0.00	0.00	0.00	0.00	3.41	0.00	0.12
809	32.00	27.00	651.71	51597.80	11580.85	548252.89	548252.89	0.00	0.00	0.00	0.00	3.36	0.00	0.12
810	32.00	28.00	651.71	51597.80	11580.85	548252.89	548252.89	0.00	0.00	0.00	0.00	3.35	0.00	0.12
811	33.00	28.00	782.06	61917.36	9843.72	548252.89	548252.89	0.00	0.00	0.00	0.00	3.29	0.00	0.12
812	33.00	29.00	782.06	61917.36	9843.72	548252.89	548252.89	0.00	0.00	0.00	0.00	3.42	0.00	0.12
813	34.00	29.00	782.06	61917.36	9843.72	548252.89	548252.89	0.00	0.00	0.00	0.00	3.37	0.00	0.12
814	35.00	29.00	782.06	61917.36	9843.72	548252.89	548252.89	0.00	0.00	0.00	0.00	3.32	0.00	0.12
815	36.00	29.00	782.06	61917.36	9843.72	548252.89	548252.89	0.00	0.00	0.00	0.00	3.27	0.00	0.12
816	37.00	29.00	782.06	61917.36	9843.72	548252.89	548252.89	0.00	0.00	0.00	0.00	3.22	0.00	0.12
817	37.00	30.00	782.06	61917.36	9843.72	548252.89	548252.89	0.00	0.00	0.00	0.00	3.34	0.00	0.12
818	38.00	30.00	782.06	61917.36	9843.72	548252.89	548252.89	0.00	0.00	0.00	0.00	3.29	0.00	0.12
819	38.00	31.00	782.06	61917.36	9843.72	548252.89	548252.89	0.00	0.00	0.00	0.00	3.28	0.00	0.12
820	38.00	32.00	782.06	61917.36	9843.72	548252.89	548252.89	0.00	0.00	0.00	0.00	3.28	0.00	0.12
821	39.00	32.00	782.06	61917.36	9843.72	548252.89	548252.89	0.00	0.00	0.00	0.00	3.23	0.00	0.12
822	40.00	32.00	782.06	61917.36	9843.72	548252.89	548252.89	0.00	0.00	0.00	0.00	3.19	0.00	0.12
823	41.00	32.00	782.06	61917.36	9843.72	548252.89	548252.89	0.00	0.00	0.00	0.00	3.14	0.00	0.12
824	42.00	32.00	782.06	61917.36	9843.72	548252.89	548252.89	0.00	0.00	0.00	0.00	3.10	0.00	0.12
825	43.00	32.00	782.06	61917.36	9843.72	548252.89	548252.89	0.00	0.00	0.00	0.00	3.06	0.00	0.12
826	44.00	32.00	782.06	61917.36	9843.72	548252.89	548252.89	0.00	0.00	0.00	0.00	3.02	0.00	0.12
827	45.00	32.00	782.06	61917.36	9843.72	548252.89	548252.89	0.00	0.00	0.00	0.00	2.98	0.00	0.12
828	46.00	32.00	782.06	61917.36	9843.72	548252.89	548252.89	0.00	0.00	0.00	0.00	2.94	0.00	0.12
829	47.00	32.00	782.06	61917.36	9843.72	548252.89	548252.89	0.00	0.00	0.00	0.00	2.90	0.00	0.12
830	47.00	33.00	782.06	61917.36	9843.72	548252.89	548252.89	0.00	0.00	0.00	0.00	3.01	0.00	0.12
831	48.00	33.00	782.06	61917.36	9843.72	548252.89	548252.89	0.00	0.00	0.00	0.00	2.97	0.00	0.12
832	49.00	33.00	782.06	61917.36	9843.72	548252.89	548252.89	0.00	0.00	0.00	0.00	2.94	0.00	0.12
833	50.00	33.00	782.06	61917.36	9843.72	548252.89	548252.89	0.00	0.00	0.00	0.00	2.90	0.00	0.12
834	50.00	34.00	782.06	61917.36	9843.72	548252.89	548252.89	0.00	0.00	0.00	0.00	3.04	0.00	0.12
835	51.00	34.00	782.06	61917.36	9843.72	548252.89	548252.89	0.00	0.00	0.00	0.00	3.00	0.00	0.12
836	51.00	35.00	782.06	61917.36	9843.72	548252.89	548252.89	0.00	0.00	0.00	0.00	3.10	0.00	0.12
837	52.00	35.00	782.06	61917.36	9843.72	548252.89	548252.89	0.00	0.00	0.00	0.00	3.06	0.00	0.12
838	53.00	35.00	782.06	61917.36	9843.72	548252.89	548252.89	0.00	0.00	0.00	0.00	3.03	0.00	0.12
839	53.00	36.00	782.06	61917.36	9843.72	548252.89	548252.89	0.00	0.00	0.00	0.00	3.12	0.00	0.12
840	54.00	36.00	782.06	61917.36	9843.72	548252.89	548252.89	0.00	0.00	0.00	0.00	3.09	0.00	0.12
841	55.00	36.00	782.06	61917.36	9843.72	548252.89	548252.89	0.00	0.00	0.00	0.00	3.05	0.00	0.12
842	56.00	36.00	782.06	61917.36	9843.72	548252.89	548252.89	0.00	0.00	0.00	0.00	3.02	0.00	0.12
843	57.00	36.00	782.06	61917.36	9843.72	548252.89	548252.89	0.00	0.00	0.00	0.00	2.99	0.00	0.12
844	58.00	36.00	782.06	61917.36	9843.72	548252.89	548252.89	0.00	0.00	0.00	0.00	2.96	0.00	0.12
845	59.00	36.00	782.06	61917.36	9843.72	548252.89	548252.89	0.00	0.00	0.00	0.00	2.92	0.00	0.12
846	60.00	36.00	782.06	61917.36	9843.72	548252.89	548252.89	0.00	0.00	0.00	0.00	2.89	0.00	0.12
847	61.00	36.00	782.06	61917.36	9843.72	548252.89	548252.89	0.00	0.00	0.00	0.00	2.86	0.00	0.12
848	62.00	36.00	782.06	61917.36	9843.72	548252.89	548252.89	0.00	0.00	0.00	0.00	2.83	0.00	0.12
849	62.00	37.00	782.06	61917.36	9843.72	548252.89	548252.89	0.00	0.00	0.00	0.00	2.83	0.00	0.12
850	63.00	37.00	782.06	61917.36	9843.72	548252.89	548252.89	0.00	0.00	0.00	0.00	2.81	0.00	0.12
851	64.00	37.00	782.06	61917.36	9843.72	548252.89	548252.89	0.00	0.00	0.00	0.00	2.78	0.00	0.12
852	65.00	37.00	782.06	61917.36	9843.72	548252.89	548252.89	0.00	0.00	0.00	0.00	2.75	0.00	0.12
853	66.00	37.00	782.06	61917.36	9843.72	548252.89	548252.89	0.00	0.00	0.00	0.00	2.72	0.00	0.12
854	67.00	37.00	782.06	61917.36	9843.72	548252.89	548252.89	0.00	0.00	0.00	0.00	2.70	0.00	0.12
855	68.00	37.00	782.06	61917.36	9843.72	548252.89	548252.89	0.00	0.00	0.00	0.00	2.67	0.00	0.12
856	69.00	37.00	782.06	61917.36	9843.72	548252.89	548252.89	0.00	0.00	0.00	0.00	2.65	0.00	0.12
857	70.00	37.00	782.06	61917.36	9843.72	548252.89	548252.89	0.00	0.00	0.00	0.00	2.62	0.00	0.12
858	71.00	37.00	782.06	61917.36	9843.72	548252.89	548252.89	0.00	0.00	0.00	0.00	2.60	0.00	0.12
859	72.00	37.00	782.06	61917.36	9843.72	548252.89	548252.89	0.00	0.00	0.00	0.00	2.57	0.00	0.12
860	73.00	37.00	782.06	61917.36	9843.72	548252.89	548252.89	0.00	0.00	0.00	0.00	2.55	0.00	0.12
861	74.00	37.00	782.06	61917.36	9843.72	548252.89	548252.89	0.00	0.00	0.00	0.00	2.53	0.00	0.12
862	25.00	37.00	782.06	61917.36	9843.72	548252.89	548252.89	0.00	0.00	0.00	0.00	4.53	0.00	0.12
863	26.00	37.00	782.06	61917.36	9843.72	548252.89	548252.89	0.00	0.00	0.00	0.00	4.45	0.00	0.12
864	27.00	37.00	782.06	61917.36	9843.72	548252.89	548252.89	0.00	0.00	0.00	0.00	4.38	0.00	0.12
865	28.00	37.00	782.06	61917.36	9843.72	548252.89	548252.89	0.00	0.00	0.00	0.00	4.32	0.00	0.12
866	29.00	37.00	782.06	61917.36	9843.72	548252.89	548252.89	0.00	0.00	0.00	0.00	4.25	0.00	0.12
867	30.00	37.00	782.06	61917.36	9843.72	548252.89	548252.89	0.00	0.00	0.00	0.00	4.19	0.00	0.12
868	31.00	37.00	782.06	61917.36	9843.72	548252.89	548252.89	0.00	0.00	0.00	0.00	4.13	0.00	0.12
869	32.00	37.00	782.06	61917.36	9843.72	548252.89	548252.89	0.00	0.00	0.00	0.00	4.07	0.00	0.12
870	33.00	37.00	782.06	61917.36	9843.72	548252.89	548252.89	0.00	0.00	0.00	0.00	4.01	0.00	0.12
871	34.00	37.00	782.06	61917.36	9843.72	548252.89	548252.89	0.00	0.00	0.00	0.00	3.95	0.00	0.12
872	35.00	37.00	782.06	61917.36	9843.72	548252.89	548252.89	0.00	0.00	0.00	0.00	3.90	0.00	0.12
873	36.00	37.00	782.06	61917.36	9843.72	548252.89	548252.89	0.00	0.00	0.00	0.00	3.84	0.00	0.12
874	36.00	38.00	782.06	61917.36	9843.72	548252.89	548252.89	0.00	0.00	0.00	0.00	3.95	0.00	0.12
875	36.00	39.00	782.06	61917.36	9843.72	548252.89	548252.89	0.00	0.00	0.00	0.00	4.05	0.00	0.12
876	37.00	39.00	782.06	61917.36	9843.72	548252.89	548252.89	0.00	0.00	0.00	0.00	3.99	0.00	0.12
877	38.00	39.00	782.06	61917.36	9843.72	548252.89	548252.89	0.00	0.00	0.00	0.00	3.94	0.00	0.12
878	39.00	39.00	782.06	61917.36	9843.72	548252.89	548252.89	0.00	0.00	0.00	0.00	3.89	0.00	0.12
879	40.00	39.00	782.06	61917.36	9843.72	548252.89	548252.89	0.00	0.00	0.00	0.00	3.84	0.00	0.12
880	41.00	39.00	782.06	61917.36	9843.72	548252.89	548252.89	0.00	0.00	0.00	0.00	3.79	0.00	0.12
881	42.00	39.00	782.06	61917.36	9843.72	548252.89	548252.89	0.00	0.00	0.00	0.00	3.75	0.00	0.12
882	43.00	39.00	782.06	61917.36	9843.72	548252.89	548252.89	0.00	0.00	0.00	0.00	3.70	0.00	0.12
883	44.00	39.00	782.06	61917.36	9843.72	548252.89	548252.89	0.00	0.00	0.00	0.00	3.66	0.00	0.12
884	45.00	39.00	782.06	61917.36	9843.72	548252.89	548252.89	0.00	0.00	0.00	0.00	3.61	0.00	0.12
885	46.00	39.00	782.06	61917.36	9843.72	548252.89	548252.89	0.00	0.00	0.00	0.00	3.57	0.00	0.12
886	47.00	39.00	782.06	61917.36	9843.72	548252.89	548252.89	0.00	0.00	0.00	0.00	3.53	0.00	0.12
887	48.00	39.00	782.06	61917.36	9843.72	548252.89	548252.89	0.00	0.00	0.00	0.00	3.49	0.00	0.12
888	49.00	39.00	782.06	61917.36	9843.72	548252.89	548252.89	0.00	0.00	0.00	0.00	3.45	0.00	0.12
889	49.00	40.00	782.06	61917.36	9843.72	548252.89	548252.89	0.00	0.00	0.00	0.00	3.44	0.00	0.12
890	49.00	41.00	782.06	61917.36	9843.72	548252.89	548252.89	0.00	0.00	0.00	0.00	3.43	0.00	0.12
891	50.00	41.00	782.06	61917.36	9843.72	548252.89	548252.89	0.00	0.00	0.00	0.00	3.40	0.00	0.12
892	51.00	41.00	782.06	61917.36	9843.72	548252.89	548252.89	0.00	0.00	0.00	0.00	3.36	0.00	0.12
893	52.00	41.00	782.06	61917.36	9843.72	548252.89	548252.89	0.00	0.00	0.00	0.00	3.32	0.00	0.12
894	53.00	41.00	782.06	61917.36	9843.72	548252.89	548252.89	0.00	0.00	0.00	0.00	3.29	0.00	0.12
895	54.00	41.00	782.06	61917.36	9843.72	548252.89	548252.89	0.00	0.00	0.00	0.00	3.25	0.00	0.12
896	55.00	41.00	782.06	61917.36	9843.72	548252.89	548252.89	0.00	0.00	0.00	0.00	3.22	0.00	0.12
897	56.00	41.00	782.06	61917.36	9843.72	548252.89	548252.89	0.00	0.00	0.00	0.00	3.19	0.00	0.12
898	57.00	41.00	782.06	61917.36	9843.72	548252.89	548252.89	0.00	0.00	0.00	0.00	3.15	0.00	0.12
899	58.00	41.00	782.06	61917.36	9843.72	548252.89	548252.89	0.00	0.00	0.00	0.00	3.12	0.00	0.12
900	59.00	41.00	782.06	61917.36	9843.72	548252.89	548252.89	0.00	0.00	0.00	0.00	3.09	0.00	0.12
901	60.00	41.00	782.06	61917.36	9843.72	548252.89	548252.89	0.00	0.00	0.00	0.00	3.06	0.00	0.12
902	61.00	41.00	782.06	61917.36	9843.72	548252.89	548252.89	0.00	0.00	0.00	0.00	3.03	0.00	0.12
903	62.00	41.00	782.06	61917.36	9843.72	548252.89	548252.89	0.00	0.00	0.00	0.00	3.00	0.00	0.12
904	63.00	41.00	782.06	61917.36	9843.72	548252.89	548252.89	0.00	0.00	0.00	0.00	2.97	0.00	0.12
905	64.00	41.00	782.06	61917.36	9843.72	548252.89	548252.89	0.00	0.00	0.00	0.00	2.94	0.00	0.12
906	65.00	41.00	782.06	61917.36	9843.72	548252.89	548252.89	0.00	0.00	0.00	0.00	2.92	0.00	0.12
907	66.00	41.00	782.06	61917.36	9843.72	548252.89	548252.89	0.00	0.00	0.00	0.00	2.89	0.00	0.12
908	66.00	42.00	782.06	61917.36	9843.72	548252.89	548252.89	0.00	0.00	0.00	0.00	2.97	0.00	0.12
909	66.00	43.00	782.06	61917.36	9843.72	548252.89	548252.89	0.00	0.00	0.00	0.00	2.97	0.00	0.12
910	67.00	43.00	782.06	61917.36	9843.72	548252.89	548252.89	0.00	0.00	0.00	0.00	2.94	0.00	0.12
911	68.00	43.00	664.75	74300.84	8367.16	548252.89	548252.89	0.00	0.00	0.00	0.00	2.91	0.00	0.12
912	69.00	43.00	664.75	74300.84	8367.16	548252.89	548252.89	0.00	0.00	0.00	0.00	2.89	0.00	0.12
913	69.00	44.00	664.75	74300.84	8367.16	548252.89	548252.89	0.00	0.00	0.00	0.00	2.96	0.00	0.12
914	70.00	44.00	664.75	74300.84	8367.16	548252.89	548252.89	0.00	0.00	0.00	0.00	2.94	0.00	0.12
915	70.00	45.00	664.75	74300.84	8367.16	548252.89	548252.89	0.00	0.00	0.00	0.00	3.01	0.00	0.12
916	71.00	45.00	664.75	74300.84	8367.16	548252.89	548252.89	0.00	0.00	0.00	0.00	2.98	0.00	0.12
917	72.00	45.00	664.75	74300.84	8367.16	548252.89	548252.89	0.00	0.00	0.00	0.00	2.96	0.00	0.12
918	73.00	45.00	664.75	74300.84	8367.16	548252.89	548252.89	0.00	0.00	0.00	0.00	2.93	0.00	0.12
919	74.00	45.00	664.75	74300.84	8367.16	548252.89	548252.89	0.00	0.00	0.00	0.00	2.91	0.00	0.12
920	25.00	45.00	664.75	74300.84	8367.16	548252.89	548252.89	0.00	0.00	0.00	0.00	4.95	0.00	0.12
921	26.00	45.00	664.75	74300.84	8367.16	548252.89	548252.89	0.00	0.00	0.00	0.00	4.88	0.00	0.12
922	27.00	45.00	664.75	74300.84	8367.16	548252.89	548252.89	0.00	0.00	0.00	0.00	4.81	0.00	0.12
923	28.00	45.00	664.75	74300.84	8367.16	548252.89	548252.89	0.00	0.00	0.00	0.00	4.74	0.00	0.12
924	29.00	45.00	664.75	74300.84	8367.16	548252.89	548252.89	0.00	0.00	0.00	0.00	4.68	0.00	0.12
925	29.00	46.00	664.75	74300.84	8367.16	548252.89	548252.89	0.00	0.00	0.00	0.00	4.65	0.00	0.12
926	29.00	47.00	664.75	74300.84	8367.16	548252.89	548252.89	0.00	0.00	0.00	0.00	4.74	0.00	0.12
927	30.00	47.00	664.75	74300.84	8367.16	548252.89	548252.89	0.00	0.00	0.00	0.00	4.68	0.00	0.12
928	30.00	48.00	664.75	74300.84	8367.16	548252.89	548252.89	0.00	0.00	0.00	0.00	4.66	0.00	0.12
929	31.00	48.00	664.75	74300.84	8367.16	548252.89	548252.89	0.00	0.00	0.00	0.00	4.60	0.00	0.12
930	32.00	48.00	664.75	74300.84	8367.16	548252.89	548252.89	0.00	0.00	0.00	0.00	4.54	0.00	0.12
931	32.00	49.00	664.75	74300.84	8367.16	548252.89	548252.89	0.00	0.00	0.00	0.00	4.63	0.00	0.12
932	33.00	49.00	664.75	74300.84	8367.16	548252.89	548252.89	0.00	0.00	0.00	0.00	4.57	0.00	0.12
933	34.00	49.00	664.75	74300.84	8367.16	548252.89	548252.89	0.00	0.00	0.00	0.00	4.51	0.00	0.12
934	35.00	49.00	664.75	74300.84	8367.16	548252.89	548252.89	0.00	0.00	0.00	0.00	4.46	0.00	0.12
935	35.00	50.00	664.75	74300.84	8367.16	548252.89	548252.89	0.00	0.00	0.00	0.00	4.54	0.00	0.12
936	36.00	50.00	664.75	74300.84	8367.16	548252.89	548252.89	0.00	0.00	0.00	0.00	4.49	0.00	0.12
937	36.00	51.00	664.75	74300.84	8367.16	548252.89	548252.89	0.00	0.00	0.00	0.00	4.57	0.00	0.12
938	37.00	51.00	664.75	74300.84	8367.16	548252.89	548252.89	0.00	0.00	0.00	0.00	4.52	0.00	0.12
939	38.00	51.00	664.75	74300.84	8367.16	548252.89	548252.89	0.00	0.00	0.00	0.00	4.47	0.00	0.12
940	38.00	52.00	664.75	74300.84	8367.16	548252.89	548252.89	0.00	0.00	0.00	0.00	4.45	0.00	0.12
941	38.00	53.00	664.75	74300.84	8367.16	548252.89	548252.89	0.00	0.00	0.00	0.00	4.43	0.00	0.12
942	39.00	53.00	664.75	74300.84	8367.16	548252.89	548252.89	0.00	0.00	0.00	0.00	4.38	0.00	0.12
943	40.00	53.00	664.75	74300.84	8367.16	548252.89	548252.89	0.00	0.00	0.00	0.00	4.33	0.00	0.12
944	41.00	53.00	664.75	74300.84	8367.16	548252.89	548252.89	0.00	0.00	0.00	0.00	4.29	0.00	0.12
945	42.00	53.00	664.75	74300.84	8367.16	548252.89	548252.89	0.00	0.00	0.00	0.00	4.24	0.00	0.12
946	43.00	53.00	664.75	74300.84	8367.16	548252.89	548252.89	0.00	0.00	0.00	0.00	4.20	0.00	0.12
947	44.00	53.00	664.75	74300.84	8367.16	548252.89	548252.89	0.00	0.00	0.00	0.00	4.16	0.00	0.12
948	45.00	53.00	664.75	74300.84	8367.16	548252.89	548252.89	0.00	0.00	0.00	0.00	4.11	0.00	0.12
949	46.00	53.00	664.75	74300.84	8367.16	548252.89	548252.89	0.00	0.00	0.00	0.00	4.07	0.00	0.12
950	47.00	53.00	664.75	74300.84	8367.16	548252.89	548252.89	0.00	0.00	0.00	0.00	4.03	0.00	0.12
951	48.00	53.00	664.75	74300.84	8367.16	548252.89	548252.89	0.00	0.00	0.00	0.00	3.99	0.00	0.12
952	49.00	53.00	664.75	74300.84	8367.16	548252.89	548252.89	0.00	0.00	0.00	0.00	3.95	0.00	0.12
953	50.00	53.00	664.75	74300.84	8367.16	548252.89	548252.89	0.00	0.00	0.00	0.00	3.91	0.00	0.12
954	51.00	53.00	664.75	74300.84	8367.16	548252.89	548252.89	0.00	0.00	0.00	0.00	3.88	0.00	0.12
955	52.00	53.00	664.75	74300.84	8367.16	548252.89	548252.89	0.00	0.00	0.00	0.00	3.84	0.00	0.12
956	53.00	53.00	664.75	74300.84	8367.16	548252.89	548252.89	0.00	0.00	0.00	0.00	3.80	0.00	0.12
957	54.00	53.00	664.75	74300.84	8367.16	548252.89	548252.89	0.00	0.00	0.00	0.00	3.77	0.00	0.12
958	55.00	53.00	664.75	74300.84	8367.16	548252.89	548252.89	0.00	0.00	0.00	0.00	3.73	0.00	0.12
959	56.00	53.00	664.75	74300.84	8367.16	548252.89	548252.89	0.00	0.00	0.00	0.00	3.70	0.00	0.12
960	56.00	54.00	664.75	74300.84	8367.16	548252.89	548252.89	0.00	0.00	0.00	0.00	3.77	0.00	0.12
961	57.00	54.00	664.75	74300.84	8367.16	548252.89	548252.89	0.00	0.00	0.00	0.00	3.73	0.00	0.12
962	58.00	54.00	664.75	74300.84	8367.16	548252.89	548252.89	0.00	0.00	0.00	0.00	3.70	0.00	0.12
963	59.00	54.00	664.75	74300.84	8367.16	548252.89	548252.89	0.00	0.00	0.00	0.00	3.67	0.00	0.12
964	60.00	54.00	664.75	74300.84	8367.16	548252.89	548252.89	0.00	0.00	0.00	0.00	3.64	0.00	0.12
965	60.00	55.00	664.75	74300.84	8367.16	548252.89	548252.89	0.00	0.00	0.00	0.00	3.70	0.00	0.12
966	61.00	55.00	664.75	74300.84	8367.16	548252.89	548252.89	0.00	0.00	0.00	0.00	3.67	0.00	0.12
967	62.00	55.00	664.75	74300.84	8367.16	548252.89	548252.89	0.00	0.00	0.00	0.00	3.64	0.00	0.12
968	63.00	55.00	664.75	74300.84	8367.16	548252.89	548252.89	0.00	0.00	0.00	0.00	3.61	0.00	0.12
969	63.00	56.00	664.75	74300.84	8367.16	548252.89	548252.89	0.00	0.00	0.00	0.00	3.68	0.00	0.12
970	64.00	56.00	664.75	74300.84	8367.16	548252.89	548252.89	0.00	0.00	0.00	0.00	3.64	0.00	0.12
971	65.00	56.00	664.75	74300.84	8367.16	548252.89	548252.89	0.00	0.00	0.00	0.00	3.61	0.00	0.12
972	65.00	57.00	664.75	74300.84	8367.16	548252.89	548252.89	0.00	0.00	0.00	0.00	3.68	0.00	0.12
973	66.00	57.00	664.75	74300.84	8367.16	548252.89	548252.89	0.00	0.00	0.00	0.00	3.65	0.00	0.12
974	67.00	57.00	664.75	74300.84	8367.16	548252.89	548252.89	0.00	0.00	0.00	0.00	3.62	0.00	0.12
975	68.00	57.00	664.75	74300.84	8367.16	548252.89	548252.89	0.00	0.00	0.00	0.00	3.59	0.00	0.12
976	68.00	58.00	664.75	74300.84	8367.16	548252.89	548252.89	0.00	0.00	0.00	0.00	3.65	0.00	0.12
977	69.00	58.00	664.75	74300.84	8367.16	548252.89	548252.89	0.00	0.00	0.00	0.00	3.62	0.00	0.12
978	70.00	58.00	664.75	74300.84	8367.16	548252.89	548252.89	0.00	0.00	0.00	0.00	3.60	0.00	0.12
979	71.00	58.00	664.75	74300.84	8367.16	548252.89	548252.89	0.00	0.00	0.00	0.00	3.57	0.00	0.12
980	72.00	58.00	664.75	74300.84	8367.16	548252.89	548252.89	0.00	0.00	0.00	0.00	3.54	0.00	0.12
981	73.00	58.00	664.75	74300.84	8367.16	548252.89	548252.89	0.00	0.00	0.00	0.00	3.51	0.00	0.12
982	74.00	58.00	664.75	74300.84	8367.16	548252.89	548252.89	0.00	0.00	0.00	0.00	3.49	0.00	0.12
983	25.00	58.00	664.75	74300.84	8367.16	548252.89	548252.89	0.00	0.00	0.00	0.00	5.54	0.00	0.12
984	26.00	58.00	664.75	74300.84	8367.16	548252.89	548252.89	0.00	0.00	0.00	0.00	5.48	0.00	0.12
985	27.00	58.00	664.75	74300.84	8367.16	548252.89	548252.89	0.00	0.00	0.00	0.00	5.41	0.00	0.12
986	28.00	58.00	664.75	74300.84	8367.16	548252.89	548252.89	0.00	0.00	0.00	0.00	5.35	0.00	0.12
987	29.00	58.00	664.75	74300.84	8367.16	548252.89	548252.89	0.00	0.00	0.00	0.00	5.29	0.00	0.12
988	30.00	58.00	664.75	74300.84	8367.16	548252.89	548252.89	0.00	0.00	0.00	0.00	5.23	0.00	0.12
989	31.00	58.00	664.75	74300.84	8367.16	548252.89	548252.89	0.00	0.00	0.00	0.00	5.17	0.00	0.12
990	31.00	59.00	664.75	74300.84	8367.16	548252.89	548252.89	0.00	0.00	0.00	0.00	5.24	0.00	0.12
991	31.00	60.00	664.75	74300.84	8367.16	548252.89	548252.89	0.00	0.00	0.00	0.00	5.43	0.00	0.12
992	32.00	60.00	664.75	74300.84	8367.16	548252.89	548252.89	0.00	0.00	0.00	0.00	5.37	0.00	0.12
993	32.00	61.00	664.75	74300.84	8367.16	548252.89	548252.89	0.00	0.00	0.00	0.00	5.35	0.00	0.12
994	32.00	62.00	664.75	74300.84	8367.16	548252.89	548252.89	0.00	0.00	0.00	0.00	5.32	0.00	0.12
995	33.00	62.00	664.75	74300.84	8367.16	548252.89	548252.89	0.00	0.00	0.00	0.00	5.26	0.00	0.12
996	34.00	62.00	664.75	74300.84	8367.16	548252.89	548252.89	0.00	0.00	0.00	0.00	5.21	0.00	0.12
997	35.00	62.00	664.75	74300.84	8367.16	548252.89	548252.89	0.00	0.00	0.00	0.00	5.16	0.00	0.12
998	36.00	62.00	664.75	74300.84	8367.16	548252.89	548252.89	0.00	0.00	0.00	0.00	5.10	0.00	0.12
999	37.00	62.00	664.75	74300.84	8367.16	548252.89	548252.89	0.00	0.00	0.00	0.00	5.05	0.00	0.12
1000	38.00	62.00	664.75	74300.84	8367.16	548252.89	548252.89	0.00	0.00	0.00	0.00	5.00	0.00	0.12
