some parameters
Gen.	# feasible solutions	# infeasible solutions	cap. penality	dur. penality	num. penality	best penalized cost	best feasible cost	best cap. violation	best dur. violation	best num. violation	avg cap. violation	avg dur. violation	avg num. violation	Gap from BKS
1	2.00	49.00	850.00	12000.00	42500.00	606425.53	606425.53	0.00	0.00	0.00	0.00	23.01	0.00	0.26
2	2.00	50.00	850.00	12000.00	42500.00	606425.53	606425.53	0.00	0.00	0.00	0.00	22.85	0.00	0.26
3	2.00	51.00	850.00	12000.00	42500.00	606425.53	606425.53	0.00	0.00	0.00	0.00	23.00	0.00	0.26
4	2.00	52.00	850.00	12000.00	42500.00	606425.53	606425.53	0.00	0.00	0.00	0.00	22.79	0.00	0.26
5	2.00	53.00	850.00	12000.00	42500.00	606425.53	606425.53	0.00	0.00	0.00	0.00	22.70	0.00	0.26
6	2.00	54.00	850.00	12000.00	42500.00	606425.53	606425.53	0.00	0.00	0.00	0.00	22.50	0.00	0.26
7	2.00	55.00	850.00	12000.00	42500.00	606425.53	606425.53	0.00	0.00	0.00	0.00	22.45	0.00	0.26
8	2.00	56.00	850.00	12000.00	42500.00	606425.53	606425.53	0.00	0.00	0.00	0.00	22.10	0.00	0.26
9	2.00	57.00	850.00	12000.00	42500.00	606425.53	606425.53	0.00	0.00	0.00	0.00	22.25	0.00	0.26
10	2.00	58.00	850.00	12000.00	42500.00	606425.53	606425.53	0.00	0.00	0.00	0.00	22.02	0.00	0.26
11	2.00	59.00	850.00	12000.00	42500.00	606425.53	606425.53	0.00	0.00	0.00	0.00	21.69	0.00	0.26
12	2.00	60.00	850.00	12000.00	42500.00	606425.53	606425.53	0.00	0.00	0.00	0.00	21.42	0.00	0.26
13	2.00	61.00	850.00	12000.00	42500.00	606425.53	606425.53	0.00	0.00	0.00	0.00	21.46	0.00	0.26
14	2.00	62.00	850.00	12000.00	42500.00	606425.53	606425.53	0.00	0.00	0.00	0.00	21.35	0.00	0.26
15	2.00	63.00	850.00	12000.00	42500.00	606425.53	606425.53	0.00	0.00	0.00	0.00	21.06	0.00	0.26
16	2.00	64.00	850.00	12000.00	42500.00	606425.53	606425.53	0.00	0.00	0.00	0.00	20.87	0.00	0.26
17	2.00	65.00	850.00	12000.00	42500.00	606425.53	606425.53	0.00	0.00	0.00	0.00	20.61	0.00	0.26
18	2.00	66.00	850.00	12000.00	42500.00	606425.53	606425.53	0.00	0.00	0.00	0.00	20.63	0.00	0.26
19	2.00	67.00	850.00	12000.00	42500.00	606425.53	606425.53	0.00	0.00	0.00	0.00	20.80	0.00	0.26
20	2.00	68.00	850.00	12000.00	42500.00	606425.53	606425.53	0.00	0.00	0.00	0.00	20.61	0.00	0.26
21	3.00	68.00	850.00	12000.00	42500.00	606425.53	606425.53	0.00	0.00	0.00	0.00	20.32	0.00	0.26
22	3.00	69.00	850.00	12000.00	42500.00	606425.53	606425.53	0.00	0.00	0.00	0.00	20.64	0.00	0.26
23	3.00	70.00	850.00	12000.00	42500.00	606425.53	606425.53	0.00	0.00	0.00	0.00	20.50	0.00	0.26
24	3.00	71.00	850.00	12000.00	42500.00	606425.53	606425.53	0.00	0.00	0.00	0.00	20.25	0.00	0.26
25	3.00	72.00	850.00	12000.00	42500.00	606425.53	606425.53	0.00	0.00	0.00	0.00	20.16	0.00	0.26
26	3.00	73.00	850.00	12000.00	42500.00	606425.53	606425.53	0.00	0.00	0.00	0.00	20.24	0.00	0.26
27	3.00	74.00	850.00	12000.00	42500.00	606425.53	606425.53	0.00	0.00	0.00	0.00	20.02	0.00	0.26
28	3.00	25.00	850.00	12000.00	42500.00	606425.53	606425.53	0.00	0.00	0.00	0.00	10.19	0.00	0.26
29	4.00	25.00	850.00	12000.00	42500.00	606425.53	606425.53	0.00	0.00	0.00	0.00	9.83	0.00	0.26
30	4.00	26.00	850.00	12000.00	42500.00	606425.53	606425.53	0.00	0.00	0.00	0.00	9.60	0.00	0.26
31	4.00	27.00	850.00	12000.00	42500.00	606425.53	606425.53	0.00	0.00	0.00	0.00	9.38	0.00	0.26
32	5.00	27.00	850.00	12000.00	42500.00	606425.53	606425.53	0.00	0.00	0.00	0.00	9.09	0.00	0.26
33	5.00	28.00	850.00	12000.00	42500.00	606425.53	606425.53	0.00	0.00	0.00	0.00	10.50	0.00	0.26
34	5.00	29.00	850.00	12000.00	42500.00	606425.53	606425.53	0.00	0.00	0.00	0.00	10.25	0.00	0.26
35	6.00	29.00	850.00	12000.00	42500.00	606425.53	606425.53	0.00	0.00	0.00	0.00	9.95	0.00	0.26
36	6.00	30.00	850.00	12000.00	42500.00	606425.53	606425.53	0.00	0.00	0.00	0.00	9.90	0.00	0.26
37	7.00	30.00	850.00	12000.00	42500.00	606425.53	606425.53	0.00	0.00	0.00	0.00	9.63	0.00	0.26
38	7.00	31.00	850.00	12000.00	42500.00	606425.53	606425.53	0.00	0.00	0.00	0.00	9.68	0.00	0.26
39	7.00	32.00	850.00	12000.00	42500.00	606425.53	606425.53	0.00	0.00	0.00	0.00	9.85	0.00	0.26
40	8.00	32.00	850.00	12000.00	42500.00	606425.53	606425.53	0.00	0.00	0.00	0.00	9.61	0.00	0.26
41	8.00	33.00	850.00	12000.00	42500.00	606425.53	606425.53	0.00	0.00	0.00	0.00	9.65	0.00	0.26
42	9.00	33.00	850.00	12000.00	42500.00	548252.89	548252.89	0.00	0.00	0.00	0.00	9.42	0.00	0.14
43	9.00	34.00	850.00	12000.00	42500.00	548252.89	548252.89	0.00	0.00	0.00	0.00	9.74	0.00	0.14
44	9.00	35.00	850.00	12000.00	42500.00	548252.89	548252.89	0.00	0.00	0.00	0.00	10.08	0.00	0.14
45	9.00	36.00	850.00	12000.00	42500.00	548252.89	548252.89	0.00	0.00	0.00	0.00	10.18	0.00	0.14
46	9.00	37.00	850.00	12000.00	42500.00	548252.89	548252.89	0.00	0.00	0.00	0.00	10.20	0.00	0.14
47	10.00	37.00	850.00	12000.00	42500.00	548252.89	548252.89	0.00	0.00	0.00	0.00	9.98	0.00	0.14
48	10.00	38.00	850.00	12000.00	42500.00	548252.89	548252.89	0.00	0.00	0.00	0.00	10.01	0.00	0.14
49	10.00	39.00	850.00	12000.00	42500.00	548252.89	548252.89	0.00	0.00	0.00	0.00	10.08	0.00	0.14
50	11.00	39.00	850.00	12000.00	42500.00	540981.31	540981.31	0.00	0.00	0.00	0.00	9.88	0.00	0.13
51	11.00	40.00	850.00	12000.00	42500.00	540981.31	540981.31	0.00	0.00	0.00	0.00	9.91	0.00	0.13
52	11.00	41.00	850.00	12000.00	42500.00	540981.31	540981.31	0.00	0.00	0.00	0.00	10.06	0.00	0.13
53	12.00	41.00	850.00	12000.00	42500.00	540981.31	540981.31	0.00	0.00	0.00	0.00	9.87	0.00	0.13
54	13.00	41.00	850.00	12000.00	42500.00	540981.31	540981.31	0.00	0.00	0.00	0.00	9.68	0.00	0.13
55	13.00	42.00	850.00	12000.00	42500.00	540981.31	540981.31	0.00	0.00	0.00	0.00	9.67	0.00	0.13
56	13.00	43.00	850.00	12000.00	42500.00	540981.31	540981.31	0.00	0.00	0.00	0.00	9.66	0.00	0.13
57	13.00	44.00	850.00	12000.00	42500.00	540981.31	540981.31	0.00	0.00	0.00	0.00	9.86	0.00	0.13
58	13.00	45.00	850.00	12000.00	42500.00	540981.31	540981.31	0.00	0.00	0.00	0.00	10.14	0.00	0.13
59	13.00	46.00	850.00	12000.00	42500.00	540981.31	540981.31	0.00	0.00	0.00	0.00	10.57	0.00	0.13
60	13.00	47.00	850.00	12000.00	42500.00	540981.31	540981.31	0.00	0.00	0.00	0.00	10.62	0.00	0.13
61	14.00	47.00	850.00	12000.00	42500.00	540981.31	540981.31	0.00	0.00	0.00	0.00	10.44	0.00	0.13
62	14.00	48.00	850.00	12000.00	42500.00	540981.31	540981.31	0.00	0.00	0.00	0.00	11.02	0.00	0.13
63	15.00	48.00	850.00	12000.00	42500.00	540981.31	540981.31	0.00	0.00	0.00	0.00	10.85	0.00	0.13
64	15.00	49.00	850.00	12000.00	42500.00	540981.31	540981.31	0.00	0.00	0.00	0.00	10.86	0.00	0.13
65	15.00	50.00	850.00	12000.00	42500.00	540981.31	540981.31	0.00	0.00	0.00	0.00	10.87	0.00	0.13
66	16.00	50.00	850.00	12000.00	42500.00	540981.31	540981.31	0.00	0.00	0.00	0.00	10.70	0.00	0.13
67	16.00	51.00	850.00	12000.00	42500.00	540981.31	540981.31	0.00	0.00	0.00	0.00	10.84	0.00	0.13
68	16.00	52.00	850.00	12000.00	42500.00	540981.31	540981.31	0.00	0.00	0.00	0.00	10.72	0.00	0.13
69	16.00	53.00	850.00	12000.00	42500.00	540981.31	540981.31	0.00	0.00	0.00	0.00	10.76	0.00	0.13
70	16.00	54.00	850.00	12000.00	42500.00	540981.31	540981.31	0.00	0.00	0.00	0.00	10.87	0.00	0.13
71	16.00	55.00	850.00	12000.00	42500.00	540981.31	540981.31	0.00	0.00	0.00	0.00	11.41	0.00	0.13
72	16.00	56.00	850.00	12000.00	42500.00	540981.31	540981.31	0.00	0.00	0.00	0.00	11.41	0.00	0.13
73	16.00	57.00	850.00	12000.00	42500.00	540981.31	540981.31	0.00	0.00	0.00	0.00	11.36	0.00	0.13
74	16.00	58.00	850.00	12000.00	42500.00	540981.31	540981.31	0.00	0.00	0.00	0.00	11.37	0.00	0.13
75	17.00	58.00	850.00	12000.00	42500.00	540981.31	540981.31	0.00	0.00	0.00	0.00	11.22	0.00	0.13
76	17.00	59.00	850.00	12000.00	42500.00	540981.31	540981.31	0.00	0.00	0.00	0.00	11.45	0.00	0.13
77	17.00	60.00	850.00	12000.00	42500.00	540981.31	540981.31	0.00	0.00	0.00	0.00	11.50	0.00	0.13
78	17.00	61.00	850.00	12000.00	42500.00	540981.31	540981.31	0.00	0.00	0.00	0.00	11.56	0.00	0.13
79	17.00	62.00	850.00	12000.00	42500.00	540981.31	540981.31	0.00	0.00	0.00	0.00	11.55	0.00	0.13
80	17.00	63.00	850.00	12000.00	42500.00	540981.31	540981.31	0.00	0.00	0.00	0.00	11.49	0.00	0.13
81	17.00	64.00	850.00	12000.00	42500.00	540981.31	540981.31	0.00	0.00	0.00	0.00	11.38	0.00	0.13
82	18.00	64.00	850.00	12000.00	42500.00	540981.31	540981.31	0.00	0.00	0.00	0.00	11.24	0.00	0.13
83	18.00	65.00	850.00	12000.00	42500.00	540981.31	540981.31	0.00	0.00	0.00	0.00	12.27	0.00	0.13
84	18.00	66.00	850.00	12000.00	42500.00	540981.31	540981.31	0.00	0.00	0.00	0.00	12.20	0.00	0.13
85	18.00	67.00	850.00	12000.00	42500.00	540981.31	540981.31	0.00	0.00	0.00	0.00	12.12	0.00	0.13
86	19.00	67.00	850.00	12000.00	42500.00	540981.31	540981.31	0.00	0.00	0.00	0.00	11.98	0.00	0.13
87	19.00	68.00	850.00	12000.00	42500.00	540981.31	540981.31	0.00	0.00	0.00	0.00	11.97	0.00	0.13
88	20.00	68.00	850.00	12000.00	42500.00	540981.31	540981.31	0.00	0.00	0.00	0.00	11.84	0.00	0.13
89	21.00	68.00	850.00	12000.00	42500.00	540981.31	540981.31	0.00	0.00	0.00	0.00	11.70	0.00	0.13
90	21.00	69.00	850.00	12000.00	42500.00	540981.31	540981.31	0.00	0.00	0.00	0.00	11.74	0.00	0.13
91	21.00	70.00	850.00	12000.00	42500.00	540981.31	540981.31	0.00	0.00	0.00	0.00	11.69	0.00	0.13
92	22.00	70.00	850.00	12000.00	42500.00	540981.31	540981.31	0.00	0.00	0.00	0.00	11.56	0.00	0.13
93	22.00	71.00	850.00	12000.00	42500.00	540981.31	540981.31	0.00	0.00	0.00	0.00	11.53	0.00	0.13
94	22.00	72.00	850.00	12000.00	42500.00	540981.31	540981.31	0.00	0.00	0.00	0.00	11.65	0.00	0.13
95	23.00	72.00	850.00	12000.00	42500.00	540981.31	540981.31	0.00	0.00	0.00	0.00	11.53	0.00	0.13
96	24.00	72.00	850.00	12000.00	42500.00	540981.31	540981.31	0.00	0.00	0.00	0.00	11.41	0.00	0.13
97	24.00	73.00	850.00	12000.00	42500.00	540981.31	540981.31	0.00	0.00	0.00	0.00	11.58	0.00	0.13
98	24.00	74.00	850.00	12000.00	42500.00	540981.31	540981.31	0.00	0.00	0.00	0.00	11.68	0.00	0.13
99	24.00	25.00	850.00	12000.00	42500.00	540981.31	540981.31	0.00	0.00	0.00	0.00	7.11	0.00	0.13
100	24.00	26.00	850.00	12000.00	42500.00	540981.31	540981.31	0.00	0.00	0.00	0.00	8.14	0.00	0.13
101	25.00	26.00	722.50	14400.00	36125.00	540981.31	540981.31	0.00	0.00	0.00	0.00	7.98	0.00	0.13
102	25.00	27.00	722.50	14400.00	36125.00	540981.31	540981.31	0.00	0.00	0.00	0.00	8.29	0.00	0.13
103	25.00	28.00	722.50	14400.00	36125.00	540981.31	540981.31	0.00	0.00	0.00	0.00	8.36	0.00	0.13
104	25.00	29.00	722.50	14400.00	36125.00	540981.31	540981.31	0.00	0.00	0.00	0.00	8.35	0.00	0.13
105	26.00	29.00	722.50	14400.00	36125.00	540981.31	540981.31	0.00	0.00	0.00	0.00	8.20	0.00	0.13
106	27.00	29.00	722.50	14400.00	36125.00	540981.31	540981.31	0.00	0.00	0.00	0.00	8.05	0.00	0.13
107	28.00	29.00	722.50	14400.00	36125.00	540981.31	540981.31	0.00	0.00	0.00	0.00	7.91	0.00	0.13
108	28.00	30.00	722.50	14400.00	36125.00	540981.31	540981.31	0.00	0.00	0.00	0.00	7.95	0.00	0.13
109	28.00	31.00	722.50	14400.00	36125.00	540981.31	540981.31	0.00	0.00	0.00	0.00	7.92	0.00	0.13
110	28.00	32.00	722.50	14400.00	36125.00	540981.31	540981.31	0.00	0.00	0.00	0.00	8.03	0.00	0.13
111	29.00	32.00	722.50	14400.00	36125.00	540981.31	540981.31	0.00	0.00	0.00	0.00	7.90	0.00	0.13
112	29.00	33.00	722.50	14400.00	36125.00	540981.31	540981.31	0.00	0.00	0.00	0.00	7.98	0.00	0.13
113	29.00	34.00	722.50	14400.00	36125.00	540981.31	540981.31	0.00	0.00	0.00	0.00	8.15	0.00	0.13
114	29.00	35.00	722.50	14400.00	36125.00	540981.31	540981.31	0.00	0.00	0.00	0.00	8.07	0.00	0.13
115	30.00	35.00	722.50	14400.00	36125.00	540981.31	540981.31	0.00	0.00	0.00	0.00	7.94	0.00	0.13
116	31.00	35.00	722.50	14400.00	36125.00	540981.31	540981.31	0.00	0.00	0.00	0.00	7.82	0.00	0.13
117	31.00	36.00	722.50	14400.00	36125.00	540981.31	540981.31	0.00	0.00	0.00	0.00	7.85	0.00	0.13
118	31.00	37.00	722.50	14400.00	36125.00	540981.31	540981.31	0.00	0.00	0.00	0.00	7.78	0.00	0.13
119	32.00	37.00	722.50	14400.00	36125.00	540981.31	540981.31	0.00	0.00	0.00	0.00	7.67	0.00	0.13
120	32.00	38.00	722.50	14400.00	36125.00	540981.31	540981.31	0.00	0.00	0.00	0.00	7.75	0.00	0.13
121	32.00	39.00	722.50	14400.00	36125.00	540981.31	540981.31	0.00	0.00	0.00	0.00	7.72	0.00	0.13
122	32.00	40.00	722.50	14400.00	36125.00	540981.31	540981.31	0.00	0.00	0.00	0.00	7.76	0.00	0.13
123	32.00	41.00	722.50	14400.00	36125.00	540981.31	540981.31	0.00	0.00	0.00	0.00	7.84	0.00	0.13
124	32.00	42.00	722.50	14400.00	36125.00	540981.31	540981.31	0.00	0.00	0.00	0.00	7.83	0.00	0.13
125	33.00	42.00	722.50	14400.00	36125.00	540981.31	540981.31	0.00	0.00	0.00	0.00	7.72	0.00	0.13
126	33.00	43.00	722.50	14400.00	36125.00	540981.31	540981.31	0.00	0.00	0.00	0.00	8.01	0.00	0.13
127	34.00	43.00	722.50	14400.00	36125.00	540981.31	540981.31	0.00	0.00	0.00	0.00	7.91	0.00	0.13
128	34.00	44.00	722.50	14400.00	36125.00	540981.31	540981.31	0.00	0.00	0.00	0.00	8.08	0.00	0.13
129	35.00	44.00	722.50	14400.00	36125.00	540981.31	540981.31	0.00	0.00	0.00	0.00	7.98	0.00	0.13
130	35.00	45.00	722.50	14400.00	36125.00	540981.31	540981.31	0.00	0.00	0.00	0.00	7.98	0.00	0.13
131	35.00	46.00	722.50	14400.00	36125.00	540981.31	540981.31	0.00	0.00	0.00	0.00	8.19	0.00	0.13
132	36.00	46.00	722.50	14400.00	36125.00	540981.31	540981.31	0.00	0.00	0.00	0.00	8.09	0.00	0.13
133	37.00	46.00	722.50	14400.00	36125.00	540981.31	540981.31	0.00	0.00	0.00	0.00	8.00	0.00	0.13
134	37.00	47.00	722.50	14400.00	36125.00	540981.31	540981.31	0.00	0.00	0.00	0.00	7.97	0.00	0.13
135	37.00	48.00	722.50	14400.00	36125.00	540981.31	540981.31	0.00	0.00	0.00	0.00	8.01	0.00	0.13
136	37.00	49.00	722.50	14400.00	36125.00	540981.31	540981.31	0.00	0.00	0.00	0.00	9.08	0.00	0.13
137	37.00	50.00	722.50	14400.00	36125.00	540981.31	540981.31	0.00	0.00	0.00	0.00	9.07	0.00	0.13
138	38.00	50.00	722.50	14400.00	36125.00	540981.31	540981.31	0.00	0.00	0.00	0.00	8.97	0.00	0.13
139	38.00	51.00	722.50	14400.00	36125.00	540981.31	540981.31	0.00	0.00	0.00	0.00	8.90	0.00	0.13
140	38.00	52.00	722.50	14400.00	36125.00	540981.31	540981.31	0.00	0.00	0.00	0.00	9.36	0.00	0.13
141	39.00	52.00	722.50	14400.00	36125.00	540981.31	540981.31	0.00	0.00	0.00	0.00	9.25	0.00	0.13
142	39.00	53.00	722.50	14400.00	36125.00	540981.31	540981.31	0.00	0.00	0.00	0.00	9.24	0.00	0.13
143	39.00	54.00	722.50	14400.00	36125.00	540981.31	540981.31	0.00	0.00	0.00	0.00	9.32	0.00	0.13
144	39.00	55.00	722.50	14400.00	36125.00	540981.31	540981.31	0.00	0.00	0.00	0.00	9.26	0.00	0.13
145	40.00	55.00	722.50	14400.00	36125.00	540981.31	540981.31	0.00	0.00	0.00	0.00	9.16	0.00	0.13
146	40.00	56.00	722.50	14400.00	36125.00	540981.31	540981.31	0.00	0.00	0.00	0.00	9.12	0.00	0.13
147	40.00	57.00	722.50	14400.00	36125.00	540981.31	540981.31	0.00	0.00	0.00	0.00	9.38	0.00	0.13
148	40.00	58.00	722.50	14400.00	36125.00	540981.31	540981.31	0.00	0.00	0.00	0.00	9.36	0.00	0.13
149	41.00	58.00	722.50	14400.00	36125.00	540981.31	540981.31	0.00	0.00	0.00	0.00	9.27	0.00	0.13
150	41.00	59.00	722.50	14400.00	36125.00	540981.31	540981.31	0.00	0.00	0.00	0.00	9.29	0.00	0.13
151	41.00	60.00	722.50	14400.00	36125.00	540981.31	540981.31	0.00	0.00	0.00	0.00	9.22	0.00	0.13
152	41.00	61.00	722.50	14400.00	36125.00	540981.31	540981.31	0.00	0.00	0.00	0.00	9.27	0.00	0.13
153	41.00	62.00	722.50	14400.00	36125.00	540981.31	540981.31	0.00	0.00	0.00	0.00	9.50	0.00	0.13
154	41.00	63.00	722.50	14400.00	36125.00	540981.31	540981.31	0.00	0.00	0.00	0.00	9.51	0.00	0.13
155	41.00	64.00	722.50	14400.00	36125.00	540981.31	540981.31	0.00	0.00	0.00	0.00	9.66	0.00	0.13
156	42.00	64.00	722.50	14400.00	36125.00	540981.31	540981.31	0.00	0.00	0.00	0.00	9.57	0.00	0.13
157	42.00	65.00	722.50	14400.00	36125.00	540981.31	540981.31	0.00	0.00	0.00	0.00	9.57	0.00	0.13
158	42.00	66.00	722.50	14400.00	36125.00	540981.31	540981.31	0.00	0.00	0.00	0.00	9.59	0.00	0.13
159	43.00	66.00	722.50	14400.00	36125.00	540981.31	540981.31	0.00	0.00	0.00	0.00	9.50	0.00	0.13
160	44.00	66.00	722.50	14400.00	36125.00	540981.31	540981.31	0.00	0.00	0.00	0.00	9.42	0.00	0.13
161	44.00	67.00	722.50	14400.00	36125.00	540981.31	540981.31	0.00	0.00	0.00	0.00	9.38	0.00	0.13
162	44.00	68.00	722.50	14400.00	36125.00	540981.31	540981.31	0.00	0.00	0.00	0.00	9.33	0.00	0.13
163	44.00	69.00	722.50	14400.00	36125.00	540981.31	540981.31	0.00	0.00	0.00	0.00	9.30	0.00	0.13
164	44.00	70.00	722.50	14400.00	36125.00	540981.31	540981.31	0.00	0.00	0.00	0.00	9.46	0.00	0.13
165	45.00	70.00	722.50	14400.00	36125.00	540981.31	540981.31	0.00	0.00	0.00	0.00	9.38	0.00	0.13
166	46.00	70.00	722.50	14400.00	36125.00	540981.31	540981.31	0.00	0.00	0.00	0.00	9.30	0.00	0.13
167	46.00	71.00	722.50	14400.00	36125.00	540981.31	540981.31	0.00	0.00	0.00	0.00	9.47	0.00	0.13
168	46.00	72.00	722.50	14400.00	36125.00	540981.31	540981.31	0.00	0.00	0.00	0.00	9.41	0.00	0.13
169	47.00	72.00	722.50	14400.00	36125.00	540981.31	540981.31	0.00	0.00	0.00	0.00	9.33	0.00	0.13
170	48.00	72.00	722.50	14400.00	36125.00	540981.31	540981.31	0.00	0.00	0.00	0.00	9.25	0.00	0.13
171	49.00	72.00	722.50	14400.00	36125.00	540981.31	540981.31	0.00	0.00	0.00	0.00	9.18	0.00	0.13
172	49.00	73.00	722.50	14400.00	36125.00	540981.31	540981.31	0.00	0.00	0.00	0.00	9.12	0.00	0.13
173	50.00	73.00	722.50	14400.00	36125.00	540981.31	540981.31	0.00	0.00	0.00	0.00	9.05	0.00	0.13
174	50.00	74.00	722.50	14400.00	36125.00	540981.31	540981.31	0.00	0.00	0.00	0.00	9.12	0.00	0.13
175	51.00	74.00	722.50	14400.00	36125.00	540981.31	540981.31	0.00	0.00	0.00	0.00	9.04	0.00	0.13
176	52.00	74.00	722.50	14400.00	36125.00	540981.31	540981.31	0.00	0.00	0.00	0.00	8.97	0.00	0.13
177	52.00	25.00	722.50	14400.00	36125.00	540981.31	540981.31	0.00	0.00	0.00	0.00	4.00	0.00	0.13
178	52.00	26.00	722.50	14400.00	36125.00	540981.31	540981.31	0.00	0.00	0.00	0.00	4.15	0.00	0.13
179	52.00	27.00	722.50	14400.00	36125.00	540981.31	540981.31	0.00	0.00	0.00	0.00	4.27	0.00	0.13
180	52.00	28.00	722.50	14400.00	36125.00	540981.31	540981.31	0.00	0.00	0.00	0.00	4.25	0.00	0.13
181	52.00	29.00	722.50	14400.00	36125.00	540981.31	540981.31	0.00	0.00	0.00	0.00	4.40	0.00	0.13
182	52.00	30.00	722.50	14400.00	36125.00	540981.31	540981.31	0.00	0.00	0.00	0.00	4.52	0.00	0.13
183	52.00	31.00	722.50	14400.00	36125.00	540981.31	540981.31	0.00	0.00	0.00	0.00	4.68	0.00	0.13
184	52.00	32.00	722.50	14400.00	36125.00	540981.31	540981.31	0.00	0.00	0.00	0.00	4.66	0.00	0.13
185	52.00	33.00	722.50	14400.00	36125.00	540981.31	540981.31	0.00	0.00	0.00	0.00	4.89	0.00	0.13
186	53.00	33.00	722.50	14400.00	36125.00	540981.31	540981.31	0.00	0.00	0.00	0.00	4.83	0.00	0.13
187	53.00	34.00	722.50	14400.00	36125.00	540981.31	540981.31	0.00	0.00	0.00	0.00	4.93	0.00	0.13
188	53.00	35.00	722.50	14400.00	36125.00	540981.31	540981.31	0.00	0.00	0.00	0.00	5.06	0.00	0.13
189	53.00	36.00	722.50	14400.00	36125.00	540981.31	540981.31	0.00	0.00	0.00	0.00	5.04	0.00	0.13
190	53.00	37.00	722.50	14400.00	36125.00	540981.31	540981.31	0.00	0.00	0.00	0.00	5.01	0.00	0.13
191	53.00	38.00	722.50	14400.00	36125.00	540981.31	540981.31	0.00	0.00	0.00	0.00	5.11	0.00	0.13
192	53.00	39.00	722.50	14400.00	36125.00	540981.31	540981.31	0.00	0.00	0.00	0.00	5.21	0.00	0.13
193	53.00	40.00	722.50	14400.00	36125.00	540981.31	540981.31	0.00	0.00	0.00	0.00	5.65	0.00	0.13
194	53.00	41.00	722.50	14400.00	36125.00	540981.31	540981.31	0.00	0.00	0.00	0.00	5.66	0.00	0.13
195	54.00	41.00	722.50	14400.00	36125.00	540981.31	540981.31	0.00	0.00	0.00	0.00	5.60	0.00	0.13
196	54.00	42.00	722.50	14400.00	36125.00	540981.31	540981.31	0.00	0.00	0.00	0.00	5.62	0.00	0.13
197	54.00	43.00	722.50	14400.00	36125.00	540981.31	540981.31	0.00	0.00	0.00	0.00	5.68	0.00	0.13
198	54.00	44.00	722.50	14400.00	36125.00	540981.31	540981.31	0.00	0.00	0.00	0.00	5.90	0.00	0.13
199	54.00	45.00	722.50	14400.00	36125.00	540981.31	540981.31	0.00	0.00	0.00	0.00	6.02	0.00	0.13
200	55.00	45.00	722.50	14400.00	36125.00	540981.31	540981.31	0.00	0.00	0.00	0.00	5.96	0.00	0.13
201	56.00	45.00	614.12	17280.00	30706.25	540981.31	540981.31	0.00	0.00	0.00	0.00	5.90	0.00	0.13
202	56.00	46.00	614.12	17280.00	30706.25	540981.31	540981.31	0.00	0.00	0.00	0.00	5.87	0.00	0.13
203	56.00	47.00	614.12	17280.00	30706.25	540981.31	540981.31	0.00	0.00	0.00	0.00	5.84	0.00	0.13
204	56.00	48.00	614.12	17280.00	30706.25	540981.31	540981.31	0.00	0.00	0.00	0.00	5.91	0.00	0.13
205	57.00	48.00	614.12	17280.00	30706.25	540981.31	540981.31	0.00	0.00	0.00	0.00	5.86	0.00	0.13
206	57.00	49.00	614.12	17280.00	30706.25	540981.31	540981.31	0.00	0.00	0.00	0.00	5.87	0.00	0.13
207	57.00	50.00	614.12	17280.00	30706.25	540981.31	540981.31	0.00	0.00	0.00	0.00	5.94	0.00	0.13
208	57.00	51.00	614.12	17280.00	30706.25	540981.31	540981.31	0.00	0.00	0.00	0.00	5.91	0.00	0.13
209	57.00	52.00	614.12	17280.00	30706.25	540981.31	540981.31	0.00	0.00	0.00	0.00	6.24	0.00	0.13
210	57.00	53.00	614.12	17280.00	30706.25	540981.31	540981.31	0.00	0.00	0.00	0.00	6.29	0.00	0.13
211	57.00	54.00	614.12	17280.00	30706.25	540981.31	540981.31	0.00	0.00	0.00	0.00	6.34	0.00	0.13
212	57.00	55.00	614.12	17280.00	30706.25	540981.31	540981.31	0.00	0.00	0.00	0.00	6.40	0.00	0.13
213	57.00	56.00	614.12	17280.00	30706.25	540981.31	540981.31	0.00	0.00	0.00	0.00	6.42	0.00	0.13
214	57.00	57.00	614.12	17280.00	30706.25	540981.31	540981.31	0.00	0.00	0.00	0.00	6.84	0.00	0.13
215	58.00	57.00	614.12	17280.00	30706.25	540981.31	540981.31	0.00	0.00	0.00	0.00	6.78	0.00	0.13
216	58.00	58.00	614.12	17280.00	30706.25	540981.31	540981.31	0.00	0.00	0.00	0.00	6.75	0.00	0.13
217	58.00	59.00	614.12	17280.00	30706.25	540981.31	540981.31	0.00	0.00	0.00	0.00	7.25	0.00	0.13
218	58.00	60.00	614.12	17280.00	30706.25	540981.31	540981.31	0.00	0.00	0.00	0.00	7.48	0.00	0.13
219	59.00	60.00	614.12	17280.00	30706.25	540981.31	540981.31	0.00	0.00	0.00	0.00	7.42	0.00	0.13
220	59.00	61.00	614.12	17280.00	30706.25	540981.31	540981.31	0.00	0.00	0.00	0.00	7.38	0.00	0.13
221	60.00	61.00	614.12	17280.00	30706.25	540981.31	540981.31	0.00	0.00	0.00	0.00	7.32	0.00	0.13
222	60.00	62.00	614.12	17280.00	30706.25	540981.31	540981.31	0.00	0.00	0.00	0.00	7.27	0.00	0.13
223	61.00	62.00	614.12	17280.00	30706.25	540981.31	540981.31	0.00	0.00	0.00	0.00	7.22	0.00	0.13
224	61.00	63.00	614.12	17280.00	30706.25	540981.31	540981.31	0.00	0.00	0.00	0.00	7.27	0.00	0.13
225	62.00	63.00	614.12	17280.00	30706.25	540981.31	540981.31	0.00	0.00	0.00	0.00	7.21	0.00	0.13
226	62.00	64.00	614.12	17280.00	30706.25	540981.31	540981.31	0.00	0.00	0.00	0.00	7.26	0.00	0.13
227	62.00	65.00	614.12	17280.00	30706.25	540981.31	540981.31	0.00	0.00	0.00	0.00	7.38	0.00	0.13
228	62.00	66.00	614.12	17280.00	30706.25	540981.31	540981.31	0.00	0.00	0.00	0.00	7.35	0.00	0.13
229	62.00	67.00	614.12	17280.00	30706.25	540981.31	540981.31	0.00	0.00	0.00	0.00	7.39	0.00	0.13
230	62.00	68.00	614.12	17280.00	30706.25	540981.31	540981.31	0.00	0.00	0.00	0.00	7.35	0.00	0.13
231	62.00	69.00	614.12	17280.00	30706.25	540981.31	540981.31	0.00	0.00	0.00	0.00	7.37	0.00	0.13
232	62.00	70.00	614.12	17280.00	30706.25	540981.31	540981.31	0.00	0.00	0.00	0.00	7.48	0.00	0.13
233	62.00	71.00	614.12	17280.00	30706.25	540981.31	540981.31	0.00	0.00	0.00	0.00	7.51	0.00	0.13
234	62.00	72.00	614.12	17280.00	30706.25	540981.31	540981.31	0.00	0.00	0.00	0.00	7.72	0.00	0.13
235	63.00	72.00	614.12	17280.00	30706.25	540981.31	540981.31	0.00	0.00	0.00	0.00	7.67	0.00	0.13
236	63.00	73.00	614.12	17280.00	30706.25	540981.31	540981.31	0.00	0.00	0.00	0.00	7.75	0.00	0.13
237	63.00	74.00	614.12	17280.00	30706.25	540981.31	540981.31	0.00	0.00	0.00	0.00	7.86	0.00	0.13
238	64.00	74.00	614.12	17280.00	30706.25	540981.31	540981.31	0.00	0.00	0.00	0.00	7.80	0.00	0.13
239	65.00	74.00	614.12	17280.00	30706.25	540981.31	540981.31	0.00	0.00	0.00	0.00	7.74	0.00	0.13
240	65.00	25.00	614.12	17280.00	30706.25	540981.31	540981.31	0.00	0.00	0.00	0.00	3.75	0.00	0.13
241	65.00	26.00	614.12	17280.00	30706.25	540981.31	540981.31	0.00	0.00	0.00	0.00	4.11	0.00	0.13
242	66.00	26.00	614.12	17280.00	30706.25	540981.31	540981.31	0.00	0.00	0.00	0.00	4.07	0.00	0.13
243	66.00	27.00	614.12	17280.00	30706.25	540981.31	540981.31	0.00	0.00	0.00	0.00	4.11	0.00	0.13
244	66.00	28.00	614.12	17280.00	30706.25	540981.31	540981.31	0.00	0.00	0.00	0.00	4.24	0.00	0.13
245	66.00	29.00	614.12	17280.00	30706.25	540981.31	540981.31	0.00	0.00	0.00	0.00	4.35	0.00	0.13
246	66.00	30.00	614.12	17280.00	30706.25	540981.31	540981.31	0.00	0.00	0.00	0.00	4.80	0.00	0.13
247	67.00	30.00	614.12	17280.00	30706.25	540981.31	540981.31	0.00	0.00	0.00	0.00	4.76	0.00	0.13
248	67.00	31.00	614.12	17280.00	30706.25	540981.31	540981.31	0.00	0.00	0.00	0.00	4.83	0.00	0.13
249	68.00	31.00	614.12	17280.00	30706.25	540981.31	540981.31	0.00	0.00	0.00	0.00	4.78	0.00	0.13
250	68.00	32.00	614.12	17280.00	30706.25	540981.31	540981.31	0.00	0.00	0.00	0.00	5.30	0.00	0.13
251	68.00	33.00	614.12	17280.00	30706.25	540981.31	540981.31	0.00	0.00	0.00	0.00	5.59	0.00	0.13
252	68.00	34.00	614.12	17280.00	30706.25	540981.31	540981.31	0.00	0.00	0.00	0.00	6.51	0.00	0.13
253	68.00	35.00	614.12	17280.00	30706.25	540981.31	540981.31	0.00	0.00	0.00	0.00	6.71	0.00	0.13
254	68.00	36.00	614.12	17280.00	30706.25	540981.31	540981.31	0.00	0.00	0.00	0.00	6.73	0.00	0.13
255	69.00	36.00	614.12	17280.00	30706.25	540981.31	540981.31	0.00	0.00	0.00	0.00	6.67	0.00	0.13
256	69.00	37.00	614.12	17280.00	30706.25	540981.31	540981.31	0.00	0.00	0.00	0.00	6.76	0.00	0.13
257	69.00	38.00	614.12	17280.00	30706.25	540981.31	540981.31	0.00	0.00	0.00	0.00	6.77	0.00	0.13
258	69.00	39.00	614.12	17280.00	30706.25	540981.31	540981.31	0.00	0.00	0.00	0.00	7.13	0.00	0.13
259	70.00	39.00	614.12	17280.00	30706.25	540981.31	540981.31	0.00	0.00	0.00	0.00	7.06	0.00	0.13
260	70.00	40.00	614.12	17280.00	30706.25	540981.31	540981.31	0.00	0.00	0.00	0.00	7.03	0.00	0.13
261	70.00	41.00	614.12	17280.00	30706.25	540981.31	540981.31	0.00	0.00	0.00	0.00	7.13	0.00	0.13
262	70.00	42.00	614.12	17280.00	30706.25	540981.31	540981.31	0.00	0.00	0.00	0.00	7.09	0.00	0.13
263	70.00	43.00	614.12	17280.00	30706.25	540981.31	540981.31	0.00	0.00	0.00	0.00	7.13	0.00	0.13
264	71.00	43.00	614.12	17280.00	30706.25	540981.31	540981.31	0.00	0.00	0.00	0.00	7.06	0.00	0.13
265	72.00	43.00	614.12	17280.00	30706.25	540981.31	540981.31	0.00	0.00	0.00	0.00	7.00	0.00	0.13
266	72.00	44.00	614.12	17280.00	30706.25	540981.31	540981.31	0.00	0.00	0.00	0.00	7.05	0.00	0.13
267	72.00	45.00	614.12	17280.00	30706.25	540981.31	540981.31	0.00	0.00	0.00	0.00	7.11	0.00	0.13
268	73.00	45.00	614.12	17280.00	30706.25	540981.31	540981.31	0.00	0.00	0.00	0.00	7.05	0.00	0.13
269	73.00	46.00	614.12	17280.00	30706.25	540981.31	540981.31	0.00	0.00	0.00	0.00	7.01	0.00	0.13
270	73.00	47.00	614.12	17280.00	30706.25	540981.31	540981.31	0.00	0.00	0.00	0.00	6.97	0.00	0.13
271	74.00	47.00	614.12	17280.00	30706.25	540981.31	540981.31	0.00	0.00	0.00	0.00	6.92	0.00	0.13
272	74.00	48.00	614.12	17280.00	30706.25	540981.31	540981.31	0.00	0.00	0.00	0.00	6.95	0.00	0.13
273	74.00	49.00	614.12	17280.00	30706.25	540981.31	540981.31	0.00	0.00	0.00	0.00	6.99	0.00	0.13
274	74.00	50.00	614.12	17280.00	30706.25	540981.31	540981.31	0.00	0.00	0.00	0.00	7.16	0.00	0.13
275	25.00	50.00	614.12	17280.00	30706.25	540981.31	540981.31	0.00	0.00	0.00	0.00	11.84	0.00	0.13
276	25.00	51.00	614.12	17280.00	30706.25	540981.31	540981.31	0.00	0.00	0.00	0.00	11.76	0.00	0.13
277	25.00	52.00	614.12	17280.00	30706.25	540981.31	540981.31	0.00	0.00	0.00	0.00	11.76	0.00	0.13
278	26.00	52.00	614.12	17280.00	30706.25	540981.31	540981.31	0.00	0.00	0.00	0.00	11.60	0.00	0.13
279	26.00	53.00	614.12	17280.00	30706.25	540981.31	540981.31	0.00	0.00	0.00	0.00	11.60	0.00	0.13
280	26.00	54.00	614.12	17280.00	30706.25	540981.31	540981.31	0.00	0.00	0.00	0.00	11.60	0.00	0.13
281	26.00	55.00	614.12	17280.00	30706.25	540981.31	540981.31	0.00	0.00	0.00	0.00	11.86	0.00	0.13
282	26.00	56.00	614.12	17280.00	30706.25	540981.31	540981.31	0.00	0.00	0.00	0.00	11.75	0.00	0.13
283	26.00	57.00	614.12	17280.00	30706.25	540981.31	540981.31	0.00	0.00	0.00	0.00	11.70	0.00	0.13
284	26.00	58.00	614.12	17280.00	30706.25	540981.31	540981.31	0.00	0.00	0.00	0.00	11.59	0.00	0.13
285	26.00	59.00	614.12	17280.00	30706.25	540981.31	540981.31	0.00	0.00	0.00	0.00	11.61	0.00	0.13
286	26.00	60.00	614.12	17280.00	30706.25	540981.31	540981.31	0.00	0.00	0.00	0.00	11.62	0.00	0.13
287	27.00	60.00	614.12	17280.00	30706.25	540981.31	540981.31	0.00	0.00	0.00	0.00	11.49	0.00	0.13
288	27.00	61.00	614.12	17280.00	30706.25	540981.31	540981.31	0.00	0.00	0.00	0.00	11.45	0.00	0.13
289	27.00	62.00	614.12	17280.00	30706.25	540981.31	540981.31	0.00	0.00	0.00	0.00	11.54	0.00	0.13
290	27.00	63.00	614.12	17280.00	30706.25	540981.31	540981.31	0.00	0.00	0.00	0.00	11.47	0.00	0.13
291	28.00	63.00	614.12	17280.00	30706.25	540981.31	540981.31	0.00	0.00	0.00	0.00	11.34	0.00	0.13
292	29.00	63.00	614.12	17280.00	30706.25	540981.31	540981.31	0.00	0.00	0.00	0.00	11.22	0.00	0.13
293	30.00	63.00	614.12	17280.00	30706.25	540981.31	540981.31	0.00	0.00	0.00	0.00	11.10	0.00	0.13
294	30.00	64.00	614.12	17280.00	30706.25	540981.31	540981.31	0.00	0.00	0.00	0.00	11.00	0.00	0.13
295	30.00	65.00	614.12	17280.00	30706.25	540981.31	540981.31	0.00	0.00	0.00	0.00	11.09	0.00	0.13
296	30.00	66.00	614.12	17280.00	30706.25	540981.31	540981.31	0.00	0.00	0.00	0.00	11.12	0.00	0.13
297	30.00	67.00	614.12	17280.00	30706.25	540981.31	540981.31	0.00	0.00	0.00	0.00	11.19	0.00	0.13
298	30.00	68.00	614.12	17280.00	30706.25	540981.31	540981.31	0.00	0.00	0.00	0.00	11.19	0.00	0.13
299	31.00	68.00	614.12	17280.00	30706.25	540981.31	540981.31	0.00	0.00	0.00	0.00	11.08	0.00	0.13
300	31.00	69.00	614.12	17280.00	30706.25	540981.31	540981.31	0.00	0.00	0.00	0.00	11.13	0.00	0.13
301	31.00	70.00	522.01	20736.00	26100.31	540981.31	540981.31	0.00	0.00	0.00	0.00	11.10	0.00	0.13
302	32.00	70.00	522.01	20736.00	26100.31	540981.31	540981.31	0.00	0.00	0.00	0.00	10.99	0.00	0.13
303	32.00	71.00	522.01	20736.00	26100.31	540981.31	540981.31	0.00	0.00	0.00	0.00	11.11	0.00	0.13
304	33.00	71.00	522.01	20736.00	26100.31	540981.31	540981.31	0.00	0.00	0.00	0.00	11.00	0.00	0.13
305	33.00	72.00	522.01	20736.00	26100.31	540981.31	540981.31	0.00	0.00	0.00	0.00	10.93	0.00	0.13
306	33.00	73.00	522.01	20736.00	26100.31	540981.31	540981.31	0.00	0.00	0.00	0.00	11.11	0.00	0.13
307	34.00	73.00	522.01	20736.00	26100.31	540981.31	540981.31	0.00	0.00	0.00	0.00	11.00	0.00	0.13
308	35.00	73.00	522.01	20736.00	26100.31	540981.31	540981.31	0.00	0.00	0.00	0.00	10.90	0.00	0.13
309	35.00	74.00	522.01	20736.00	26100.31	540981.31	540981.31	0.00	0.00	0.00	0.00	10.88	0.00	0.13
310	36.00	74.00	522.01	20736.00	26100.31	540981.31	540981.31	0.00	0.00	0.00	0.00	10.78	0.00	0.13
311	36.00	25.00	522.01	20736.00	26100.31	540981.31	540981.31	0.00	0.00	0.00	0.00	6.76	0.00	0.13
312	37.00	25.00	522.01	20736.00	26100.31	540981.31	540981.31	0.00	0.00	0.00	0.00	6.66	0.00	0.13
313	37.00	26.00	522.01	20736.00	26100.31	540981.31	540981.31	0.00	0.00	0.00	0.00	6.80	0.00	0.13
314	38.00	26.00	522.01	20736.00	26100.31	540981.31	540981.31	0.00	0.00	0.00	0.00	6.69	0.00	0.13
315	38.00	27.00	522.01	20736.00	26100.31	540981.31	540981.31	0.00	0.00	0.00	0.00	6.67	0.00	0.13
316	39.00	27.00	522.01	20736.00	26100.31	540981.31	540981.31	0.00	0.00	0.00	0.00	6.57	0.00	0.13
317	40.00	27.00	522.01	20736.00	26100.31	540981.31	540981.31	0.00	0.00	0.00	0.00	6.47	0.00	0.13
318	40.00	28.00	522.01	20736.00	26100.31	540981.31	540981.31	0.00	0.00	0.00	0.00	6.68	0.00	0.13
319	40.00	29.00	522.01	20736.00	26100.31	540981.31	540981.31	0.00	0.00	0.00	0.00	6.61	0.00	0.13
320	40.00	30.00	522.01	20736.00	26100.31	540981.31	540981.31	0.00	0.00	0.00	0.00	6.57	0.00	0.13
321	41.00	30.00	522.01	20736.00	26100.31	540981.31	540981.31	0.00	0.00	0.00	0.00	6.48	0.00	0.13
322	42.00	30.00	522.01	20736.00	26100.31	540981.31	540981.31	0.00	0.00	0.00	0.00	6.39	0.00	0.13
323	42.00	31.00	522.01	20736.00	26100.31	540981.31	540981.31	0.00	0.00	0.00	0.00	6.60	0.00	0.13
324	42.00	32.00	522.01	20736.00	26100.31	540981.31	540981.31	0.00	0.00	0.00	0.00	7.64	0.00	0.13
325	43.00	32.00	522.01	20736.00	26100.31	540981.31	540981.31	0.00	0.00	0.00	0.00	7.54	0.00	0.13
326	43.00	33.00	522.01	20736.00	26100.31	540981.31	540981.31	0.00	0.00	0.00	0.00	7.59	0.00	0.13
327	44.00	33.00	522.01	20736.00	26100.31	540981.31	540981.31	0.00	0.00	0.00	0.00	7.49	0.00	0.13
328	44.00	34.00	522.01	20736.00	26100.31	540981.31	540981.31	0.00	0.00	0.00	0.00	7.54	0.00	0.13
329	44.00	35.00	522.01	20736.00	26100.31	540981.31	540981.31	0.00	0.00	0.00	0.00	7.59	0.00	0.13
330	44.00	36.00	522.01	20736.00	26100.31	540981.31	540981.31	0.00	0.00	0.00	0.00	8.21	0.00	0.13
331	44.00	37.00	522.01	20736.00	26100.31	540981.31	540981.31	0.00	0.00	0.00	0.00	8.21	0.00	0.13
332	44.00	38.00	522.01	20736.00	26100.31	540981.31	540981.31	0.00	0.00	0.00	0.00	8.15	0.00	0.13
333	44.00	39.00	522.01	20736.00	26100.31	540981.31	540981.31	0.00	0.00	0.00	0.00	8.27	0.00	0.13
334	44.00	40.00	522.01	20736.00	26100.31	540981.31	540981.31	0.00	0.00	0.00	0.00	8.39	0.00	0.13
335	45.00	40.00	522.01	20736.00	26100.31	540981.31	540981.31	0.00	0.00	0.00	0.00	8.29	0.00	0.13
336	45.00	41.00	522.01	20736.00	26100.31	540981.31	540981.31	0.00	0.00	0.00	0.00	8.45	0.00	0.13
337	45.00	42.00	522.01	20736.00	26100.31	540981.31	540981.31	0.00	0.00	0.00	0.00	8.51	0.00	0.13
338	45.00	43.00	522.01	20736.00	26100.31	540981.31	540981.31	0.00	0.00	0.00	0.00	8.75	0.00	0.13
339	45.00	44.00	522.01	20736.00	26100.31	540981.31	540981.31	0.00	0.00	0.00	0.00	8.80	0.00	0.13
340	46.00	44.00	522.01	20736.00	26100.31	540981.31	540981.31	0.00	0.00	0.00	0.00	8.70	0.00	0.13
341	47.00	44.00	522.01	20736.00	26100.31	540981.31	540981.31	0.00	0.00	0.00	0.00	8.60	0.00	0.13
342	48.00	44.00	522.01	20736.00	26100.31	540981.31	540981.31	0.00	0.00	0.00	0.00	8.51	0.00	0.13
343	48.00	45.00	522.01	20736.00	26100.31	540981.31	540981.31	0.00	0.00	0.00	0.00	8.51	0.00	0.13
344	48.00	46.00	522.01	20736.00	26100.31	540981.31	540981.31	0.00	0.00	0.00	0.00	8.74	0.00	0.13
345	48.00	47.00	522.01	20736.00	26100.31	540981.31	540981.31	0.00	0.00	0.00	0.00	9.37	0.00	0.13
346	49.00	47.00	522.01	20736.00	26100.31	540981.31	540981.31	0.00	0.00	0.00	0.00	9.27	0.00	0.13
347	50.00	47.00	522.01	20736.00	26100.31	540981.31	540981.31	0.00	0.00	0.00	0.00	9.17	0.00	0.13
348	51.00	47.00	522.01	20736.00	26100.31	540981.31	540981.31	0.00	0.00	0.00	0.00	9.08	0.00	0.13
349	52.00	47.00	522.01	20736.00	26100.31	540981.31	540981.31	0.00	0.00	0.00	0.00	8.99	0.00	0.13
350	52.00	48.00	522.01	20736.00	26100.31	540981.31	540981.31	0.00	0.00	0.00	0.00	8.93	0.00	0.13
351	53.00	48.00	522.01	20736.00	26100.31	540981.31	540981.31	0.00	0.00	0.00	0.00	8.84	0.00	0.13
352	53.00	49.00	522.01	20736.00	26100.31	540981.31	540981.31	0.00	0.00	0.00	0.00	8.86	0.00	0.13
353	53.00	50.00	522.01	20736.00	26100.31	540981.31	540981.31	0.00	0.00	0.00	0.00	8.91	0.00	0.13
354	53.00	51.00	522.01	20736.00	26100.31	540981.31	540981.31	0.00	0.00	0.00	0.00	8.95	0.00	0.13
355	54.00	51.00	522.01	20736.00	26100.31	540981.31	540981.31	0.00	0.00	0.00	0.00	8.87	0.00	0.13
356	55.00	51.00	522.01	20736.00	26100.31	540981.31	540981.31	0.00	0.00	0.00	0.00	8.78	0.00	0.13
357	56.00	51.00	522.01	20736.00	26100.31	540981.31	540981.31	0.00	0.00	0.00	0.00	8.70	0.00	0.13
358	56.00	52.00	522.01	20736.00	26100.31	540981.31	540981.31	0.00	0.00	0.00	0.00	8.73	0.00	0.13
359	56.00	53.00	522.01	20736.00	26100.31	540981.31	540981.31	0.00	0.00	0.00	0.00	8.68	0.00	0.13
360	56.00	54.00	522.01	20736.00	26100.31	540981.31	540981.31	0.00	0.00	0.00	0.00	8.67	0.00	0.13
361	56.00	55.00	522.01	20736.00	26100.31	540981.31	540981.31	0.00	0.00	0.00	0.00	8.77	0.00	0.13
362	57.00	55.00	522.01	20736.00	26100.31	540981.31	540981.31	0.00	0.00	0.00	0.00	8.69	0.00	0.13
363	58.00	55.00	522.01	20736.00	26100.31	540981.31	540981.31	0.00	0.00	0.00	0.00	8.61	0.00	0.13
364	58.00	56.00	522.01	20736.00	26100.31	540981.31	540981.31	0.00	0.00	0.00	0.00	8.97	0.00	0.13
365	59.00	56.00	522.01	20736.00	26100.31	540981.31	540981.31	0.00	0.00	0.00	0.00	8.89	0.00	0.13
366	59.00	57.00	522.01	20736.00	26100.31	540981.31	540981.31	0.00	0.00	0.00	0.00	8.86	0.00	0.13
367	59.00	58.00	522.01	20736.00	26100.31	540981.31	540981.31	0.00	0.00	0.00	0.00	8.81	0.00	0.13
368	60.00	58.00	522.01	20736.00	26100.31	540981.31	540981.31	0.00	0.00	0.00	0.00	8.74	0.00	0.13
369	61.00	58.00	522.01	20736.00	26100.31	540981.31	540981.31	0.00	0.00	0.00	0.00	8.66	0.00	0.13
370	61.00	59.00	522.01	20736.00	26100.31	540981.31	540981.31	0.00	0.00	0.00	0.00	8.66	0.00	0.13
371	61.00	60.00	522.01	20736.00	26100.31	540981.31	540981.31	0.00	0.00	0.00	0.00	8.65	0.00	0.13
372	61.00	61.00	522.01	20736.00	26100.31	540981.31	540981.31	0.00	0.00	0.00	0.00	8.64	0.00	0.13
373	61.00	62.00	522.01	20736.00	26100.31	540981.31	540981.31	0.00	0.00	0.00	0.00	8.81	0.00	0.13
374	62.00	62.00	522.01	20736.00	26100.31	540981.31	540981.31	0.00	0.00	0.00	0.00	8.74	0.00	0.13
375	62.00	63.00	522.01	20736.00	26100.31	540981.31	540981.31	0.00	0.00	0.00	0.00	8.77	0.00	0.13
376	62.00	64.00	522.01	20736.00	26100.31	540981.31	540981.31	0.00	0.00	0.00	0.00	8.78	0.00	0.13
377	62.00	65.00	522.01	20736.00	26100.31	540981.31	540981.31	0.00	0.00	0.00	0.00	8.73	0.00	0.13
378	62.00	66.00	522.01	20736.00	26100.31	540981.31	540981.31	0.00	0.00	0.00	0.00	8.75	0.00	0.13
379	62.00	67.00	522.01	20736.00	26100.31	540981.31	540981.31	0.00	0.00	0.00	0.00	8.77	0.00	0.13
380	62.00	68.00	522.01	20736.00	26100.31	540981.31	540981.31	0.00	0.00	0.00	0.00	8.80	0.00	0.13
381	62.00	69.00	522.01	20736.00	26100.31	540981.31	540981.31	0.00	0.00	0.00	0.00	8.75	0.00	0.13
382	63.00	69.00	522.01	20736.00	26100.31	540981.31	540981.31	0.00	0.00	0.00	0.00	8.69	0.00	0.13
383	63.00	70.00	522.01	20736.00	26100.31	540981.31	540981.31	0.00	0.00	0.00	0.00	8.75	0.00	0.13
384	64.00	70.00	522.01	20736.00	26100.31	540981.31	540981.31	0.00	0.00	0.00	0.00	8.68	0.00	0.13
385	64.00	71.00	522.01	20736.00	26100.31	540981.31	540981.31	0.00	0.00	0.00	0.00	8.65	0.00	0.13
386	64.00	72.00	522.01	20736.00	26100.31	540981.31	540981.31	0.00	0.00	0.00	0.00	8.68	0.00	0.13
387	65.00	72.00	522.01	20736.00	26100.31	540981.31	540981.31	0.00	0.00	0.00	0.00	8.62	0.00	0.13
388	65.00	73.00	522.01	20736.00	26100.31	540981.31	540981.31	0.00	0.00	0.00	0.00	8.66	0.00	0.13
389	65.00	74.00	522.01	20736.00	26100.31	540981.31	540981.31	0.00	0.00	0.00	0.00	8.65	0.00	0.13
390	65.00	25.00	522.01	20736.00	26100.31	540981.31	540981.31	0.00	0.00	0.00	0.00	3.61	0.00	0.13
391	66.00	25.00	522.01	20736.00	26100.31	540981.31	540981.31	0.00	0.00	0.00	0.00	3.57	0.00	0.13
392	66.00	26.00	522.01	20736.00	26100.31	540981.31	540981.31	0.00	0.00	0.00	0.00	3.92	0.00	0.13
393	66.00	27.00	522.01	20736.00	26100.31	540981.31	540981.31	0.00	0.00	0.00	0.00	4.11	0.00	0.13
394	67.00	27.00	522.01	20736.00	26100.31	540981.31	540981.31	0.00	0.00	0.00	0.00	4.06	0.00	0.13
395	67.00	28.00	522.01	20736.00	26100.31	540981.31	540981.31	0.00	0.00	0.00	0.00	4.37	0.00	0.13
396	68.00	28.00	522.01	20736.00	26100.31	540981.31	540981.31	0.00	0.00	0.00	0.00	4.32	0.00	0.13
397	69.00	28.00	522.01	20736.00	26100.31	540981.31	540981.31	0.00	0.00	0.00	0.00	4.28	0.00	0.13
398	69.00	29.00	522.01	20736.00	26100.31	540981.31	540981.31	0.00	0.00	0.00	0.00	4.31	0.00	0.13
399	70.00	29.00	522.01	20736.00	26100.31	540981.31	540981.31	0.00	0.00	0.00	0.00	4.26	0.00	0.13
400	71.00	29.00	522.01	20736.00	26100.31	540981.31	540981.31	0.00	0.00	0.00	0.00	4.22	0.00	0.13
401	71.00	30.00	443.71	24883.20	22185.27	540981.31	540981.31	0.00	0.00	0.00	0.00	4.21	0.00	0.13
402	71.00	31.00	443.71	24883.20	22185.27	540981.31	540981.31	0.00	0.00	0.00	0.00	4.32	0.00	0.13
403	71.00	32.00	443.71	24883.20	22185.27	540981.31	540981.31	0.00	0.00	0.00	0.00	4.39	0.00	0.13
404	72.00	32.00	443.71	24883.20	22185.27	540981.31	540981.31	0.00	0.00	0.00	0.00	4.34	0.00	0.13
405	72.00	33.00	443.71	24883.20	22185.27	540981.31	540981.31	0.00	0.00	0.00	0.00	4.44	0.00	0.13
406	73.00	33.00	443.71	24883.20	22185.27	540981.31	540981.31	0.00	0.00	0.00	0.00	4.40	0.00	0.13
407	73.00	34.00	443.71	24883.20	22185.27	540981.31	540981.31	0.00	0.00	0.00	0.00	4.43	0.00	0.13
408	74.00	34.00	443.71	24883.20	22185.27	540981.31	540981.31	0.00	0.00	0.00	0.00	4.39	0.00	0.13
409	74.00	35.00	443.71	24883.20	22185.27	540981.31	540981.31	0.00	0.00	0.00	0.00	4.38	0.00	0.13
410	74.00	36.00	443.71	24883.20	22185.27	540981.31	540981.31	0.00	0.00	0.00	0.00	4.45	0.00	0.13
411	74.00	37.00	443.71	24883.20	22185.27	540981.31	540981.31	0.00	0.00	0.00	0.00	4.57	0.00	0.13
412	25.00	37.00	443.71	24883.20	22185.27	540981.31	540981.31	0.00	0.00	0.00	0.00	8.17	0.00	0.13
413	25.00	38.00	443.71	24883.20	22185.27	540981.31	540981.31	0.00	0.00	0.00	0.00	9.13	0.00	0.13
414	26.00	38.00	443.71	24883.20	22185.27	540981.31	540981.31	0.00	0.00	0.00	0.00	8.99	0.00	0.13
415	26.00	39.00	443.71	24883.20	22185.27	540981.31	540981.31	0.00	0.00	0.00	0.00	9.02	0.00	0.13
416	27.00	39.00	443.71	24883.20	22185.27	540981.31	540981.31	0.00	0.00	0.00	0.00	8.89	0.00	0.13
417	28.00	39.00	443.71	24883.20	22185.27	540981.31	540981.31	0.00	0.00	0.00	0.00	8.75	0.00	0.13
418	28.00	40.00	443.71	24883.20	22185.27	540981.31	540981.31	0.00	0.00	0.00	0.00	8.67	0.00	0.13
419	29.00	40.00	443.71	24883.20	22185.27	540981.31	540981.31	0.00	0.00	0.00	0.00	8.54	0.00	0.13
420	29.00	41.00	443.71	24883.20	22185.27	540981.31	540981.31	0.00	0.00	0.00	0.00	8.58	0.00	0.13
421	30.00	41.00	443.71	24883.20	22185.27	540981.31	540981.31	0.00	0.00	0.00	0.00	8.46	0.00	0.13
422	31.00	41.00	443.71	24883.20	22185.27	540981.31	540981.31	0.00	0.00	0.00	0.00	8.35	0.00	0.13
423	31.00	42.00	443.71	24883.20	22185.27	540981.31	540981.31	0.00	0.00	0.00	0.00	8.39	0.00	0.13
424	31.00	43.00	443.71	24883.20	22185.27	540981.31	540981.31	0.00	0.00	0.00	0.00	9.82	0.00	0.13
425	31.00	44.00	443.71	24883.20	22185.27	540981.31	540981.31	0.00	0.00	0.00	0.00	10.25	0.00	0.13
426	31.00	45.00	443.71	24883.20	22185.27	540981.31	540981.31	0.00	0.00	0.00	0.00	10.22	0.00	0.13
427	32.00	45.00	443.71	24883.20	22185.27	540981.31	540981.31	0.00	0.00	0.00	0.00	10.08	0.00	0.13
428	32.00	46.00	443.71	24883.20	22185.27	540981.31	540981.31	0.00	0.00	0.00	0.00	10.10	0.00	0.13
429	32.00	47.00	443.71	24883.20	22185.27	540981.31	540981.31	0.00	0.00	0.00	0.00	10.11	0.00	0.13
430	32.00	48.00	443.71	24883.20	22185.27	540981.31	540981.31	0.00	0.00	0.00	0.00	10.04	0.00	0.13
431	32.00	49.00	443.71	24883.20	22185.27	540981.31	540981.31	0.00	0.00	0.00	0.00	10.05	0.00	0.13
432	32.00	50.00	443.71	24883.20	22185.27	540981.31	540981.31	0.00	0.00	0.00	0.00	10.03	0.00	0.13
433	32.00	51.00	443.71	24883.20	22185.27	540981.31	540981.31	0.00	0.00	0.00	0.00	10.14	0.00	0.13
434	32.00	52.00	443.71	24883.20	22185.27	540981.31	540981.31	0.00	0.00	0.00	0.00	10.16	0.00	0.13
435	32.00	53.00	443.71	24883.20	22185.27	540981.31	540981.31	0.00	0.00	0.00	0.00	10.21	0.00	0.13
436	33.00	53.00	443.71	24883.20	22185.27	540981.31	540981.31	0.00	0.00	0.00	0.00	10.09	0.00	0.13
437	33.00	54.00	443.71	24883.20	22185.27	540981.31	540981.31	0.00	0.00	0.00	0.00	10.21	0.00	0.13
438	33.00	55.00	443.71	24883.20	22185.27	540981.31	540981.31	0.00	0.00	0.00	0.00	10.22	0.00	0.13
439	33.00	56.00	443.71	24883.20	22185.27	540981.31	540981.31	0.00	0.00	0.00	0.00	10.30	0.00	0.13
440	33.00	57.00	443.71	24883.20	22185.27	540981.31	540981.31	0.00	0.00	0.00	0.00	10.69	0.00	0.13
441	34.00	57.00	443.71	24883.20	22185.27	540981.31	540981.31	0.00	0.00	0.00	0.00	10.57	0.00	0.13
442	34.00	58.00	443.71	24883.20	22185.27	540981.31	540981.31	0.00	0.00	0.00	0.00	10.68	0.00	0.13
443	34.00	59.00	443.71	24883.20	22185.27	540981.31	540981.31	0.00	0.00	0.00	0.00	10.59	0.00	0.13
444	35.00	59.00	443.71	24883.20	22185.27	540981.31	540981.31	0.00	0.00	0.00	0.00	10.48	0.00	0.13
445	36.00	59.00	443.71	24883.20	22185.27	540981.31	540981.31	0.00	0.00	0.00	0.00	10.37	0.00	0.13
446	37.00	59.00	443.71	24883.20	22185.27	540981.31	540981.31	0.00	0.00	0.00	0.00	10.26	0.00	0.13
447	38.00	59.00	443.71	24883.20	22185.27	540981.31	540981.31	0.00	0.00	0.00	0.00	10.16	0.00	0.13
448	39.00	59.00	443.71	24883.20	22185.27	540981.31	540981.31	0.00	0.00	0.00	0.00	10.05	0.00	0.13
449	42.00	57.00	443.71	24883.20	22185.27	540981.31	540981.31	0.00	0.00	0.00	0.00	12.35	0.00	0.13
450	42.00	58.00	377.15	29859.84	18857.48	540981.31	540981.31	0.00	0.00	0.00	0.00	12.34	0.00	0.13
451	42.00	59.00	377.15	29859.84	18857.48	540981.31	540981.31	0.00	0.00	0.00	0.00	12.39	0.00	0.13
452	42.00	60.00	377.15	29859.84	18857.48	540981.31	540981.31	0.00	0.00	0.00	0.00	12.38	0.00	0.13
453	42.00	61.00	377.15	29859.84	18857.48	540981.31	540981.31	0.00	0.00	0.00	0.00	12.29	0.00	0.13
454	43.00	61.00	377.15	29859.84	18857.48	540981.31	540981.31	0.00	0.00	0.00	0.00	12.17	0.00	0.13
455	44.00	61.00	377.15	29859.84	18857.48	540981.31	540981.31	0.00	0.00	0.00	0.00	12.05	0.00	0.13
456	45.00	61.00	377.15	29859.84	18857.48	540981.31	540981.31	0.00	0.00	0.00	0.00	11.94	0.00	0.13
457	45.00	62.00	377.15	29859.84	18857.48	540981.31	540981.31	0.00	0.00	0.00	0.00	12.01	0.00	0.13
458	46.00	62.00	377.15	29859.84	18857.48	540981.31	540981.31	0.00	0.00	0.00	0.00	11.90	0.00	0.13
459	47.00	62.00	377.15	29859.84	18857.48	540981.31	540981.31	0.00	0.00	0.00	0.00	11.79	0.00	0.13
460	47.00	63.00	377.15	29859.84	18857.48	540981.31	540981.31	0.00	0.00	0.00	0.00	11.75	0.00	0.13
461	48.00	63.00	377.15	29859.84	18857.48	538557.45	538557.45	0.00	0.00	0.00	0.00	11.64	0.00	0.12
462	49.00	63.00	377.15	29859.84	18857.48	538557.45	538557.45	0.00	0.00	0.00	0.00	11.54	0.00	0.12
463	49.00	64.00	377.15	29859.84	18857.48	538557.45	538557.45	0.00	0.00	0.00	0.00	11.51	0.00	0.12
464	49.00	65.00	377.15	29859.84	18857.48	538557.45	538557.45	0.00	0.00	0.00	0.00	11.52	0.00	0.12
465	50.00	65.00	377.15	29859.84	18857.48	538557.45	538557.45	0.00	0.00	0.00	0.00	11.42	0.00	0.12
466	50.00	66.00	377.15	29859.84	18857.48	538557.45	538557.45	0.00	0.00	0.00	0.00	11.49	0.00	0.12
467	50.00	67.00	377.15	29859.84	18857.48	538557.45	538557.45	0.00	0.00	0.00	0.00	11.53	0.00	0.12
468	51.00	67.00	377.15	29859.84	18857.48	538557.45	538557.45	0.00	0.00	0.00	0.00	11.44	0.00	0.12
469	51.00	68.00	377.15	29859.84	18857.48	538557.45	538557.45	0.00	0.00	0.00	0.00	11.36	0.00	0.12
470	51.00	69.00	377.15	29859.84	18857.48	538557.45	538557.45	0.00	0.00	0.00	0.00	11.36	0.00	0.12
471	52.00	69.00	377.15	29859.84	18857.48	538557.45	538557.45	0.00	0.00	0.00	0.00	11.26	0.00	0.12
472	53.00	69.00	377.15	29859.84	18857.48	538557.45	538557.45	0.00	0.00	0.00	0.00	11.17	0.00	0.12
473	54.00	69.00	377.15	29859.84	18857.48	538557.45	538557.45	0.00	0.00	0.00	0.00	11.08	0.00	0.12
474	55.00	69.00	377.15	29859.84	18857.48	538557.45	538557.45	0.00	0.00	0.00	0.00	10.99	0.00	0.12
475	56.00	69.00	377.15	29859.84	18857.48	538557.45	538557.45	0.00	0.00	0.00	0.00	10.90	0.00	0.12
476	57.00	69.00	377.15	29859.84	18857.48	538557.45	538557.45	0.00	0.00	0.00	0.00	10.82	0.00	0.12
477	57.00	70.00	377.15	29859.84	18857.48	538557.45	538557.45	0.00	0.00	0.00	0.00	10.79	0.00	0.12
478	57.00	71.00	377.15	29859.84	18857.48	538557.45	538557.45	0.00	0.00	0.00	0.00	10.90	0.00	0.12
479	57.00	72.00	377.15	29859.84	18857.48	538557.45	538557.45	0.00	0.00	0.00	0.00	10.94	0.00	0.12
480	58.00	72.00	377.15	29859.84	18857.48	538557.45	538557.45	0.00	0.00	0.00	0.00	10.86	0.00	0.12
481	59.00	72.00	377.15	29859.84	18857.48	538557.45	538557.45	0.00	0.00	0.00	0.00	10.78	0.00	0.12
482	59.00	73.00	377.15	29859.84	18857.48	538557.45	538557.45	0.00	0.00	0.00	0.00	10.75	0.00	0.12
483	60.00	73.00	377.15	29859.84	18857.48	538557.45	538557.45	0.00	0.00	0.00	0.00	10.67	0.00	0.12
484	61.00	73.00	377.15	29859.84	18857.48	538557.45	538557.45	0.00	0.00	0.00	0.00	10.59	0.00	0.12
485	62.00	73.00	377.15	29859.84	18857.48	538557.45	538557.45	0.00	0.00	0.00	0.00	10.51	0.00	0.12
486	62.00	74.00	377.15	29859.84	18857.48	538557.45	538557.45	0.00	0.00	0.00	0.00	10.49	0.00	0.12
487	63.00	74.00	377.15	29859.84	18857.48	538557.45	538557.45	0.00	0.00	0.00	0.00	10.41	0.00	0.12
488	64.00	74.00	377.15	29859.84	18857.48	538557.45	538557.45	0.00	0.00	0.00	0.00	10.33	0.00	0.12
489	64.00	25.00	377.15	29859.84	18857.48	538557.45	538557.45	0.00	0.00	0.00	0.00	4.27	0.00	0.12
490	65.00	25.00	377.15	29859.84	18857.48	538557.45	538557.45	0.00	0.00	0.00	0.00	4.22	0.00	0.12
491	65.00	26.00	377.15	29859.84	18857.48	538557.45	538557.45	0.00	0.00	0.00	0.00	4.36	0.00	0.12
492	66.00	26.00	377.15	29859.84	18857.48	538557.45	538557.45	0.00	0.00	0.00	0.00	4.32	0.00	0.12
493	66.00	27.00	377.15	29859.84	18857.48	538557.45	538557.45	0.00	0.00	0.00	0.00	4.31	0.00	0.12
494	66.00	28.00	377.15	29859.84	18857.48	538557.45	538557.45	0.00	0.00	0.00	0.00	4.33	0.00	0.12
495	66.00	29.00	377.15	29859.84	18857.48	538557.45	538557.45	0.00	0.00	0.00	0.00	4.36	0.00	0.12
496	67.00	29.00	377.15	29859.84	18857.48	538557.45	538557.45	0.00	0.00	0.00	0.00	4.32	0.00	0.12
497	67.00	30.00	377.15	29859.84	18857.48	538557.45	538557.45	0.00	0.00	0.00	0.00	4.37	0.00	0.12
498	68.00	30.00	377.15	29859.84	18857.48	538557.45	538557.45	0.00	0.00	0.00	0.00	4.33	0.00	0.12
499	69.00	30.00	377.15	29859.84	18857.48	538557.45	538557.45	0.00	0.00	0.00	0.00	4.29	0.00	0.12
500	69.00	31.00	377.15	29859.84	18857.48	538557.45	538557.45	0.00	0.00	0.00	0.00	4.41	0.00	0.12
501	69.00	32.00	377.15	29859.84	18857.48	538557.45	538557.45	0.00	0.00	0.00	0.00	4.46	0.00	0.12
502	69.00	33.00	377.15	29859.84	18857.48	538557.45	538557.45	0.00	0.00	0.00	0.00	4.55	0.00	0.12
503	70.00	33.00	377.15	29859.84	18857.48	538557.45	538557.45	0.00	0.00	0.00	0.00	4.51	0.00	0.12
504	71.00	33.00	377.15	29859.84	18857.48	538557.45	538557.45	0.00	0.00	0.00	0.00	4.46	0.00	0.12
505	71.00	34.00	377.15	29859.84	18857.48	538557.45	538557.45	0.00	0.00	0.00	0.00	5.19	0.00	0.12
506	71.00	35.00	377.15	29859.84	18857.48	538557.45	538557.45	0.00	0.00	0.00	0.00	5.27	0.00	0.12
507	72.00	35.00	377.15	29859.84	18857.48	538557.45	538557.45	0.00	0.00	0.00	0.00	5.22	0.00	0.12
508	72.00	36.00	377.15	29859.84	18857.48	538557.45	538557.45	0.00	0.00	0.00	0.00	5.26	0.00	0.12
509	72.00	37.00	377.15	29859.84	18857.48	538557.45	538557.45	0.00	0.00	0.00	0.00	5.31	0.00	0.12
510	72.00	38.00	377.15	29859.84	18857.48	538557.45	538557.45	0.00	0.00	0.00	0.00	5.42	0.00	0.12
511	72.00	39.00	377.15	29859.84	18857.48	538557.45	538557.45	0.00	0.00	0.00	0.00	5.52	0.00	0.12
512	73.00	39.00	377.15	29859.84	18857.48	538557.45	538557.45	0.00	0.00	0.00	0.00	5.47	0.00	0.12
513	74.00	39.00	377.15	29859.84	18857.48	538557.45	538557.45	0.00	0.00	0.00	0.00	5.42	0.00	0.12
514	25.00	39.00	377.15	29859.84	18857.48	538557.45	538557.45	0.00	0.00	0.00	0.00	9.58	0.00	0.12
515	25.00	40.00	377.15	29859.84	18857.48	538557.45	538557.45	0.00	0.00	0.00	0.00	9.78	0.00	0.12
516	26.00	40.00	377.15	29859.84	18857.48	538557.45	538557.45	0.00	0.00	0.00	0.00	9.63	0.00	0.12
517	26.00	41.00	377.15	29859.84	18857.48	538557.45	538557.45	0.00	0.00	0.00	0.00	9.78	0.00	0.12
518	27.00	41.00	377.15	29859.84	18857.48	538557.45	538557.45	0.00	0.00	0.00	0.00	9.64	0.00	0.12
519	28.00	41.00	377.15	29859.84	18857.48	538557.45	538557.45	0.00	0.00	0.00	0.00	9.50	0.00	0.12
520	28.00	42.00	377.15	29859.84	18857.48	538557.45	538557.45	0.00	0.00	0.00	0.00	9.40	0.00	0.12
521	28.00	43.00	377.15	29859.84	18857.48	538557.45	538557.45	0.00	0.00	0.00	0.00	9.38	0.00	0.12
522	28.00	44.00	377.15	29859.84	18857.48	538557.45	538557.45	0.00	0.00	0.00	0.00	9.29	0.00	0.12
523	28.00	45.00	377.15	29859.84	18857.48	538557.45	538557.45	0.00	0.00	0.00	0.00	9.32	0.00	0.12
524	28.00	46.00	377.15	29859.84	18857.48	538557.45	538557.45	0.00	0.00	0.00	0.00	9.35	0.00	0.12
525	28.00	47.00	377.15	29859.84	18857.48	538557.45	538557.45	0.00	0.00	0.00	0.00	9.43	0.00	0.12
526	28.00	48.00	377.15	29859.84	18857.48	538557.45	538557.45	0.00	0.00	0.00	0.00	9.54	0.00	0.12
527	29.00	48.00	377.15	29859.84	18857.48	538557.45	538557.45	0.00	0.00	0.00	0.00	9.42	0.00	0.12
528	29.00	49.00	377.15	29859.84	18857.48	538557.45	538557.45	0.00	0.00	0.00	0.00	9.63	0.00	0.12
529	30.00	49.00	377.15	29859.84	18857.48	538557.45	538557.45	0.00	0.00	0.00	0.00	9.51	0.00	0.12
530	30.00	50.00	377.15	29859.84	18857.48	538557.45	538557.45	0.00	0.00	0.00	0.00	9.60	0.00	0.12
531	31.00	50.00	377.15	29859.84	18857.48	538557.45	538557.45	0.00	0.00	0.00	0.00	9.48	0.00	0.12
532	31.00	51.00	377.15	29859.84	18857.48	538557.45	538557.45	0.00	0.00	0.00	0.00	9.47	0.00	0.12
533	32.00	51.00	377.15	29859.84	18857.48	538557.45	538557.45	0.00	0.00	0.00	0.00	9.35	0.00	0.12
534	33.00	51.00	377.15	29859.84	18857.48	538557.45	538557.45	0.00	0.00	0.00	0.00	9.24	0.00	0.12
535	33.00	52.00	377.15	29859.84	18857.48	538557.45	538557.45	0.00	0.00	0.00	0.00	9.27	0.00	0.12
536	34.00	52.00	377.15	29859.84	18857.48	538557.45	538557.45	0.00	0.00	0.00	0.00	9.16	0.00	0.12
537	34.00	53.00	377.15	29859.84	18857.48	538557.45	538557.45	0.00	0.00	0.00	0.00	9.09	0.00	0.12
538	34.00	54.00	377.15	29859.84	18857.48	538557.45	538557.45	0.00	0.00	0.00	0.00	9.07	0.00	0.12
539	35.00	54.00	377.15	29859.84	18857.48	538557.45	538557.45	0.00	0.00	0.00	0.00	8.97	0.00	0.12
540	36.00	54.00	377.15	29859.84	18857.48	538557.45	538557.45	0.00	0.00	0.00	0.00	8.87	0.00	0.12
541	36.00	55.00	377.15	29859.84	18857.48	538557.45	538557.45	0.00	0.00	0.00	0.00	8.87	0.00	0.12
542	36.00	56.00	377.15	29859.84	18857.48	538557.45	538557.45	0.00	0.00	0.00	0.00	8.93	0.00	0.12
543	36.00	57.00	377.15	29859.84	18857.48	538557.45	538557.45	0.00	0.00	0.00	0.00	9.01	0.00	0.12
544	36.00	58.00	377.15	29859.84	18857.48	538557.45	538557.45	0.00	0.00	0.00	0.00	9.00	0.00	0.12
545	36.00	59.00	377.15	29859.84	18857.48	538557.45	538557.45	0.00	0.00	0.00	0.00	9.16	0.00	0.12
546	37.00	59.00	377.15	29859.84	18857.48	538557.45	538557.45	0.00	0.00	0.00	0.00	9.06	0.00	0.12
547	37.00	60.00	377.15	29859.84	18857.48	538557.45	538557.45	0.00	0.00	0.00	0.00	9.04	0.00	0.12
548	38.00	60.00	377.15	29859.84	18857.48	538557.45	538557.45	0.00	0.00	0.00	0.00	8.95	0.00	0.12
549	39.00	60.00	377.15	29859.84	18857.48	538557.45	538557.45	0.00	0.00	0.00	0.00	8.86	0.00	0.12
550	40.00	60.00	320.58	35831.81	16028.85	538557.45	538557.45	0.00	0.00	0.00	0.00	8.77	0.00	0.12
551	40.00	61.00	320.58	35831.81	16028.85	538557.45	538557.45	0.00	0.00	0.00	0.00	8.72	0.00	0.12
552	41.00	61.00	320.58	35831.81	16028.85	538557.45	538557.45	0.00	0.00	0.00	0.00	8.63	0.00	0.12
553	41.00	62.00	320.58	35831.81	16028.85	538557.45	538557.45	0.00	0.00	0.00	0.00	8.71	0.00	0.12
554	42.00	62.00	320.58	35831.81	16028.85	538557.45	538557.45	0.00	0.00	0.00	0.00	8.63	0.00	0.12
555	43.00	62.00	320.58	35831.81	16028.85	538557.45	538557.45	0.00	0.00	0.00	0.00	8.55	0.00	0.12
556	44.00	62.00	320.58	35831.81	16028.85	538557.45	538557.45	0.00	0.00	0.00	0.00	8.46	0.00	0.12
557	45.00	62.00	320.58	35831.81	16028.85	538557.45	538557.45	0.00	0.00	0.00	0.00	8.39	0.00	0.12
558	45.00	63.00	320.58	35831.81	16028.85	538557.45	538557.45	0.00	0.00	0.00	0.00	8.50	0.00	0.12
559	46.00	63.00	320.58	35831.81	16028.85	538557.45	538557.45	0.00	0.00	0.00	0.00	8.42	0.00	0.12
560	46.00	64.00	320.58	35831.81	16028.85	538557.45	538557.45	0.00	0.00	0.00	0.00	8.37	0.00	0.12
561	47.00	64.00	320.58	35831.81	16028.85	538557.45	538557.45	0.00	0.00	0.00	0.00	8.30	0.00	0.12
562	47.00	65.00	320.58	35831.81	16028.85	538557.45	538557.45	0.00	0.00	0.00	0.00	8.32	0.00	0.12
563	48.00	65.00	320.58	35831.81	16028.85	538557.45	538557.45	0.00	0.00	0.00	0.00	8.25	0.00	0.12
564	48.00	66.00	320.58	35831.81	16028.85	538557.45	538557.45	0.00	0.00	0.00	0.00	8.30	0.00	0.12
565	48.00	67.00	320.58	35831.81	16028.85	538557.45	538557.45	0.00	0.00	0.00	0.00	8.47	0.00	0.12
566	48.00	68.00	320.58	35831.81	16028.85	538557.45	538557.45	0.00	0.00	0.00	0.00	8.41	0.00	0.12
567	48.00	69.00	320.58	35831.81	16028.85	538557.45	538557.45	0.00	0.00	0.00	0.00	8.69	0.00	0.12
568	49.00	69.00	320.58	35831.81	16028.85	538557.45	538557.45	0.00	0.00	0.00	0.00	8.62	0.00	0.12
569	49.00	70.00	320.58	35831.81	16028.85	538557.45	538557.45	0.00	0.00	0.00	0.00	8.65	0.00	0.12
570	49.00	71.00	320.58	35831.81	16028.85	538557.45	538557.45	0.00	0.00	0.00	0.00	9.01	0.00	0.12
571	49.00	72.00	320.58	35831.81	16028.85	538557.45	538557.45	0.00	0.00	0.00	0.00	8.95	0.00	0.12
572	50.00	72.00	320.58	35831.81	16028.85	538557.45	538557.45	0.00	0.00	0.00	0.00	8.88	0.00	0.12
573	51.00	72.00	320.58	35831.81	16028.85	538557.45	538557.45	0.00	0.00	0.00	0.00	8.80	0.00	0.12
574	51.00	73.00	320.58	35831.81	16028.85	538557.45	538557.45	0.00	0.00	0.00	0.00	8.83	0.00	0.12
575	51.00	74.00	320.58	35831.81	16028.85	538557.45	538557.45	0.00	0.00	0.00	0.00	8.78	0.00	0.12
576	52.00	74.00	320.58	35831.81	16028.85	538557.45	538557.45	0.00	0.00	0.00	0.00	8.71	0.00	0.12
577	52.00	25.00	320.58	35831.81	16028.85	538557.45	538557.45	0.00	0.00	0.00	0.00	4.67	0.00	0.12
578	53.00	25.00	320.58	35831.81	16028.85	538557.45	538557.45	0.00	0.00	0.00	0.00	4.61	0.00	0.12
579	54.00	25.00	320.58	35831.81	16028.85	538557.45	538557.45	0.00	0.00	0.00	0.00	4.55	0.00	0.12
580	55.00	25.00	320.58	35831.81	16028.85	538557.45	538557.45	0.00	0.00	0.00	0.00	4.50	0.00	0.12
581	56.00	25.00	320.58	35831.81	16028.85	538557.45	538557.45	0.00	0.00	0.00	0.00	4.44	0.00	0.12
582	56.00	26.00	320.58	35831.81	16028.85	538557.45	538557.45	0.00	0.00	0.00	0.00	4.65	0.00	0.12
583	56.00	27.00	320.58	35831.81	16028.85	538557.45	538557.45	0.00	0.00	0.00	0.00	4.92	0.00	0.12
584	57.00	27.00	320.58	35831.81	16028.85	538557.45	538557.45	0.00	0.00	0.00	0.00	4.86	0.00	0.12
585	57.00	28.00	320.58	35831.81	16028.85	538557.45	538557.45	0.00	0.00	0.00	0.00	4.88	0.00	0.12
586	57.00	29.00	320.58	35831.81	16028.85	538557.45	538557.45	0.00	0.00	0.00	0.00	4.87	0.00	0.12
587	58.00	29.00	320.58	35831.81	16028.85	538557.45	538557.45	0.00	0.00	0.00	0.00	4.81	0.00	0.12
588	59.00	29.00	320.58	35831.81	16028.85	538557.45	538557.45	0.00	0.00	0.00	0.00	4.76	0.00	0.12
589	60.00	29.00	320.58	35831.81	16028.85	538557.45	538557.45	0.00	0.00	0.00	0.00	4.71	0.00	0.12
590	60.00	30.00	320.58	35831.81	16028.85	538557.45	538557.45	0.00	0.00	0.00	0.00	4.68	0.00	0.12
591	60.00	31.00	320.58	35831.81	16028.85	538557.45	538557.45	0.00	0.00	0.00	0.00	4.80	0.00	0.12
592	61.00	31.00	320.58	35831.81	16028.85	538557.45	538557.45	0.00	0.00	0.00	0.00	4.75	0.00	0.12
593	62.00	31.00	320.58	35831.81	16028.85	538557.45	538557.45	0.00	0.00	0.00	0.00	4.70	0.00	0.12
594	63.00	31.00	320.58	35831.81	16028.85	538557.45	538557.45	0.00	0.00	0.00	0.00	4.65	0.00	0.12
595	64.00	31.00	320.58	35831.81	16028.85	538557.45	538557.45	0.00	0.00	0.00	0.00	4.60	0.00	0.12
596	64.00	32.00	320.58	35831.81	16028.85	538557.45	538557.45	0.00	0.00	0.00	0.00	4.73	0.00	0.12
597	64.00	33.00	320.58	35831.81	16028.85	538557.45	538557.45	0.00	0.00	0.00	0.00	4.81	0.00	0.12
598	65.00	33.00	320.58	35831.81	16028.85	538557.45	538557.45	0.00	0.00	0.00	0.00	4.76	0.00	0.12
599	66.00	33.00	320.58	35831.81	16028.85	538557.45	538557.45	0.00	0.00	0.00	0.00	4.71	0.00	0.12
600	67.00	33.00	320.58	35831.81	16028.85	538557.45	538557.45	0.00	0.00	0.00	0.00	4.66	0.00	0.12
601	68.00	33.00	320.58	35831.81	16028.85	538557.45	538557.45	0.00	0.00	0.00	0.00	4.62	0.00	0.12
602	69.00	33.00	320.58	35831.81	16028.85	538557.45	538557.45	0.00	0.00	0.00	0.00	4.57	0.00	0.12
603	69.00	34.00	320.58	35831.81	16028.85	538557.45	538557.45	0.00	0.00	0.00	0.00	4.96	0.00	0.12
604	69.00	35.00	320.58	35831.81	16028.85	538557.45	538557.45	0.00	0.00	0.00	0.00	5.08	0.00	0.12
605	69.00	36.00	320.58	35831.81	16028.85	538557.45	538557.45	0.00	0.00	0.00	0.00	5.06	0.00	0.12
606	70.00	36.00	320.58	35831.81	16028.85	538557.45	538557.45	0.00	0.00	0.00	0.00	5.02	0.00	0.12
607	70.00	37.00	320.58	35831.81	16028.85	538557.45	538557.45	0.00	0.00	0.00	0.00	5.08	0.00	0.12
608	71.00	37.00	320.58	35831.81	16028.85	538557.45	538557.45	0.00	0.00	0.00	0.00	5.03	0.00	0.12
609	71.00	38.00	320.58	35831.81	16028.85	538557.45	538557.45	0.00	0.00	0.00	0.00	5.06	0.00	0.12
610	72.00	38.00	320.58	35831.81	16028.85	538557.45	538557.45	0.00	0.00	0.00	0.00	5.01	0.00	0.12
611	73.00	38.00	320.58	35831.81	16028.85	538557.45	538557.45	0.00	0.00	0.00	0.00	4.97	0.00	0.12
612	73.00	39.00	320.58	35831.81	16028.85	538557.45	538557.45	0.00	0.00	0.00	0.00	5.02	0.00	0.12
613	73.00	40.00	320.58	35831.81	16028.85	538557.45	538557.45	0.00	0.00	0.00	0.00	5.08	0.00	0.12
614	73.00	41.00	320.58	35831.81	16028.85	538557.45	538557.45	0.00	0.00	0.00	0.00	5.13	0.00	0.12
615	74.00	41.00	320.58	35831.81	16028.85	538557.45	538557.45	0.00	0.00	0.00	0.00	5.09	0.00	0.12
616	25.00	41.00	320.58	35831.81	16028.85	538557.45	538557.45	0.00	0.00	0.00	0.00	8.86	0.00	0.12
617	26.00	41.00	320.58	35831.81	16028.85	538557.45	538557.45	0.00	0.00	0.00	0.00	8.73	0.00	0.12
618	27.00	41.00	320.58	35831.81	16028.85	538557.45	538557.45	0.00	0.00	0.00	0.00	8.60	0.00	0.12
619	27.00	42.00	320.58	35831.81	16028.85	538557.45	538557.45	0.00	0.00	0.00	0.00	8.86	0.00	0.12
620	27.00	43.00	320.58	35831.81	16028.85	538557.45	538557.45	0.00	0.00	0.00	0.00	8.78	0.00	0.12
621	28.00	43.00	320.58	35831.81	16028.85	538557.45	538557.45	0.00	0.00	0.00	0.00	8.65	0.00	0.12
622	29.00	43.00	320.58	35831.81	16028.85	538557.45	538557.45	0.00	0.00	0.00	0.00	8.53	0.00	0.12
623	30.00	43.00	320.58	35831.81	16028.85	538557.45	538557.45	0.00	0.00	0.00	0.00	8.42	0.00	0.12
624	30.00	44.00	320.58	35831.81	16028.85	538557.45	538557.45	0.00	0.00	0.00	0.00	8.46	0.00	0.12
625	30.00	45.00	320.58	35831.81	16028.85	538557.45	538557.45	0.00	0.00	0.00	0.00	9.23	0.00	0.12
626	30.00	46.00	320.58	35831.81	16028.85	538557.45	538557.45	0.00	0.00	0.00	0.00	9.36	0.00	0.12
627	30.00	47.00	320.58	35831.81	16028.85	538557.45	538557.45	0.00	0.00	0.00	0.00	9.49	0.00	0.12
628	31.00	47.00	320.58	35831.81	16028.85	538557.45	538557.45	0.00	0.00	0.00	0.00	9.37	0.00	0.12
629	32.00	47.00	320.58	35831.81	16028.85	538557.45	538557.45	0.00	0.00	0.00	0.00	9.25	0.00	0.12
630	32.00	48.00	320.58	35831.81	16028.85	538557.45	538557.45	0.00	0.00	0.00	0.00	9.32	0.00	0.12
631	33.00	48.00	320.58	35831.81	16028.85	538557.45	538557.45	0.00	0.00	0.00	0.00	9.20	0.00	0.12
632	34.00	48.00	320.58	35831.81	16028.85	538557.45	538557.45	0.00	0.00	0.00	0.00	9.09	0.00	0.12
633	35.00	48.00	320.58	35831.81	16028.85	538557.45	538557.45	0.00	0.00	0.00	0.00	8.98	0.00	0.12
634	35.00	49.00	320.58	35831.81	16028.85	538557.45	538557.45	0.00	0.00	0.00	0.00	8.91	0.00	0.12
635	36.00	49.00	320.58	35831.81	16028.85	538557.45	538557.45	0.00	0.00	0.00	0.00	8.80	0.00	0.12
636	37.00	49.00	320.58	35831.81	16028.85	538557.45	538557.45	0.00	0.00	0.00	0.00	8.70	0.00	0.12
637	38.00	49.00	320.58	35831.81	16028.85	538557.45	538557.45	0.00	0.00	0.00	0.00	8.60	0.00	0.12
638	39.00	49.00	320.58	35831.81	16028.85	538557.45	538557.45	0.00	0.00	0.00	0.00	8.50	0.00	0.12
639	39.00	50.00	320.58	35831.81	16028.85	538557.45	538557.45	0.00	0.00	0.00	0.00	8.50	0.00	0.12
640	39.00	51.00	320.58	35831.81	16028.85	538557.45	538557.45	0.00	0.00	0.00	0.00	8.56	0.00	0.12
641	40.00	51.00	320.58	35831.81	16028.85	538557.45	538557.45	0.00	0.00	0.00	0.00	8.47	0.00	0.12
642	41.00	51.00	320.58	35831.81	16028.85	538557.45	538557.45	0.00	0.00	0.00	0.00	8.38	0.00	0.12
643	42.00	51.00	320.58	35831.81	16028.85	538557.45	538557.45	0.00	0.00	0.00	0.00	8.29	0.00	0.12
644	42.00	52.00	320.58	35831.81	16028.85	538557.45	538557.45	0.00	0.00	0.00	0.00	8.46	0.00	0.12
645	43.00	52.00	320.58	35831.81	16028.85	538557.45	538557.45	0.00	0.00	0.00	0.00	8.37	0.00	0.12
646	43.00	53.00	320.58	35831.81	16028.85	538557.45	538557.45	0.00	0.00	0.00	0.00	8.37	0.00	0.12
647	44.00	53.00	320.58	35831.81	16028.85	538557.45	538557.45	0.00	0.00	0.00	0.00	8.28	0.00	0.12
648	45.00	53.00	320.58	35831.81	16028.85	538557.45	538557.45	0.00	0.00	0.00	0.00	8.20	0.00	0.12
649	46.00	53.00	320.58	35831.81	16028.85	538557.45	538557.45	0.00	0.00	0.00	0.00	8.12	0.00	0.12
650	47.00	53.00	272.49	42998.17	13624.53	538557.45	538557.45	0.00	0.00	0.00	0.00	8.04	0.00	0.12
651	48.00	53.00	272.49	42998.17	13624.53	538557.45	538557.45	0.00	0.00	0.00	0.00	7.96	0.00	0.12
652	48.00	54.00	272.49	42998.17	13624.53	538557.45	538557.45	0.00	0.00	0.00	0.00	8.07	0.00	0.12
653	48.00	55.00	272.49	42998.17	13624.53	538557.45	538557.45	0.00	0.00	0.00	0.00	8.13	0.00	0.12
654	49.00	55.00	272.49	42998.17	13624.53	538557.45	538557.45	0.00	0.00	0.00	0.00	8.05	0.00	0.12
655	50.00	55.00	272.49	42998.17	13624.53	538557.45	538557.45	0.00	0.00	0.00	0.00	7.97	0.00	0.12
656	50.00	56.00	272.49	42998.17	13624.53	538557.45	538557.45	0.00	0.00	0.00	0.00	8.04	0.00	0.12
657	50.00	57.00	272.49	42998.17	13624.53	538557.45	538557.45	0.00	0.00	0.00	0.00	8.83	0.00	0.12
658	51.00	57.00	272.49	42998.17	13624.53	538557.45	538557.45	0.00	0.00	0.00	0.00	8.75	0.00	0.12
659	52.00	57.00	272.49	42998.17	13624.53	538557.45	538557.45	0.00	0.00	0.00	0.00	8.67	0.00	0.12
660	53.00	57.00	272.49	42998.17	13624.53	538557.45	538557.45	0.00	0.00	0.00	0.00	8.59	0.00	0.12
661	54.00	57.00	272.49	42998.17	13624.53	538557.45	538557.45	0.00	0.00	0.00	0.00	8.51	0.00	0.12
662	55.00	57.00	272.49	42998.17	13624.53	538557.45	538557.45	0.00	0.00	0.00	0.00	8.44	0.00	0.12
663	56.00	57.00	272.49	42998.17	13624.53	538557.45	538557.45	0.00	0.00	0.00	0.00	8.36	0.00	0.12
664	56.00	58.00	272.49	42998.17	13624.53	538557.45	538557.45	0.00	0.00	0.00	0.00	8.46	0.00	0.12
665	57.00	58.00	272.49	42998.17	13624.53	538557.45	538557.45	0.00	0.00	0.00	0.00	8.38	0.00	0.12
666	58.00	58.00	272.49	42998.17	13624.53	538557.45	538557.45	0.00	0.00	0.00	0.00	8.31	0.00	0.12
667	59.00	58.00	272.49	42998.17	13624.53	538557.45	538557.45	0.00	0.00	0.00	0.00	8.24	0.00	0.12
668	60.00	58.00	272.49	42998.17	13624.53	538557.45	538557.45	0.00	0.00	0.00	0.00	8.17	0.00	0.12
669	61.00	58.00	272.49	42998.17	13624.53	538557.45	538557.45	0.00	0.00	0.00	0.00	8.10	0.00	0.12
670	61.00	59.00	272.49	42998.17	13624.53	538557.45	538557.45	0.00	0.00	0.00	0.00	8.15	0.00	0.12
671	62.00	59.00	272.49	42998.17	13624.53	538557.45	538557.45	0.00	0.00	0.00	0.00	8.08	0.00	0.12
672	63.00	59.00	272.49	42998.17	13624.53	538557.45	538557.45	0.00	0.00	0.00	0.00	8.01	0.00	0.12
673	64.00	59.00	272.49	42998.17	13624.53	538557.45	538557.45	0.00	0.00	0.00	0.00	7.95	0.00	0.12
674	65.00	59.00	272.49	42998.17	13624.53	538557.45	538557.45	0.00	0.00	0.00	0.00	7.88	0.00	0.12
675	66.00	59.00	272.49	42998.17	13624.53	538557.45	538557.45	0.00	0.00	0.00	0.00	7.82	0.00	0.12
676	66.00	60.00	272.49	42998.17	13624.53	538557.45	538557.45	0.00	0.00	0.00	0.00	7.92	0.00	0.12
677	67.00	60.00	272.49	42998.17	13624.53	538557.45	538557.45	0.00	0.00	0.00	0.00	7.85	0.00	0.12
678	68.00	60.00	272.49	42998.17	13624.53	538557.45	538557.45	0.00	0.00	0.00	0.00	7.79	0.00	0.12
679	68.00	61.00	272.49	42998.17	13624.53	538557.45	538557.45	0.00	0.00	0.00	0.00	7.82	0.00	0.12
680	69.00	61.00	272.49	42998.17	13624.53	538557.45	538557.45	0.00	0.00	0.00	0.00	7.76	0.00	0.12
681	69.00	62.00	272.49	42998.17	13624.53	538557.45	538557.45	0.00	0.00	0.00	0.00	7.80	0.00	0.12
682	70.00	62.00	272.49	42998.17	13624.53	538557.45	538557.45	0.00	0.00	0.00	0.00	7.74	0.00	0.12
683	70.00	63.00	272.49	42998.17	13624.53	538557.45	538557.45	0.00	0.00	0.00	0.00	7.70	0.00	0.12
684	71.00	63.00	272.49	42998.17	13624.53	538557.45	538557.45	0.00	0.00	0.00	0.00	7.64	0.00	0.12
685	72.00	63.00	272.49	42998.17	13624.53	538557.45	538557.45	0.00	0.00	0.00	0.00	7.59	0.00	0.12
686	73.00	63.00	272.49	42998.17	13624.53	538557.45	538557.45	0.00	0.00	0.00	0.00	7.53	0.00	0.12
687	74.00	63.00	272.49	42998.17	13624.53	538557.45	538557.45	0.00	0.00	0.00	0.00	7.48	0.00	0.12
688	74.00	64.00	272.49	42998.17	13624.53	538557.45	538557.45	0.00	0.00	0.00	0.00	7.51	0.00	0.12
689	74.00	65.00	272.49	42998.17	13624.53	538557.45	538557.45	0.00	0.00	0.00	0.00	7.49	0.00	0.12
690	25.00	65.00	272.49	42998.17	13624.53	538557.45	538557.45	0.00	0.00	0.00	0.00	11.56	0.00	0.12
691	26.00	65.00	272.49	42998.17	13624.53	538557.45	538557.45	0.00	0.00	0.00	0.00	11.43	0.00	0.12
692	26.00	66.00	272.49	42998.17	13624.53	538557.45	538557.45	0.00	0.00	0.00	0.00	11.52	0.00	0.12
693	26.00	67.00	272.49	42998.17	13624.53	538557.45	538557.45	0.00	0.00	0.00	0.00	11.55	0.00	0.12
694	26.00	68.00	272.49	42998.17	13624.53	538557.45	538557.45	0.00	0.00	0.00	0.00	11.55	0.00	0.12
695	27.00	68.00	272.49	42998.17	13624.53	538557.45	538557.45	0.00	0.00	0.00	0.00	11.43	0.00	0.12
696	27.00	69.00	272.49	42998.17	13624.53	538557.45	538557.45	0.00	0.00	0.00	0.00	11.43	0.00	0.12
697	27.00	70.00	272.49	42998.17	13624.53	538557.45	538557.45	0.00	0.00	0.00	0.00	11.44	0.00	0.12
698	27.00	71.00	272.49	42998.17	13624.53	538557.45	538557.45	0.00	0.00	0.00	0.00	11.44	0.00	0.12
699	28.00	71.00	272.49	42998.17	13624.53	538557.45	538557.45	0.00	0.00	0.00	0.00	11.32	0.00	0.12
700	28.00	72.00	272.49	42998.17	13624.53	538557.45	538557.45	0.00	0.00	0.00	0.00	11.33	0.00	0.12
701	28.00	73.00	272.49	42998.17	13624.53	538557.45	538557.45	0.00	0.00	0.00	0.00	11.29	0.00	0.12
702	28.00	74.00	272.49	42998.17	13624.53	538557.45	538557.45	0.00	0.00	0.00	0.00	11.45	0.00	0.12
703	28.00	25.00	272.49	42998.17	13624.53	538557.45	538557.45	0.00	0.00	0.00	0.00	6.16	0.00	0.12
704	28.00	26.00	272.49	42998.17	13624.53	538557.45	538557.45	0.00	0.00	0.00	0.00	6.36	0.00	0.12
705	29.00	26.00	272.49	42998.17	13624.53	538557.45	538557.45	0.00	0.00	0.00	0.00	6.24	0.00	0.12
706	30.00	26.00	272.49	42998.17	13624.53	538557.45	538557.45	0.00	0.00	0.00	0.00	6.13	0.00	0.12
707	30.00	27.00	272.49	42998.17	13624.53	538557.45	538557.45	0.00	0.00	0.00	0.00	6.09	0.00	0.12
708	31.00	27.00	272.49	42998.17	13624.53	538557.45	538557.45	0.00	0.00	0.00	0.00	5.98	0.00	0.12
709	31.00	28.00	272.49	42998.17	13624.53	538557.45	538557.45	0.00	0.00	0.00	0.00	6.17	0.00	0.12
710	31.00	29.00	272.49	42998.17	13624.53	538557.45	538557.45	0.00	0.00	0.00	0.00	6.20	0.00	0.12
711	32.00	29.00	272.49	42998.17	13624.53	538557.45	538557.45	0.00	0.00	0.00	0.00	6.10	0.00	0.12
712	33.00	29.00	272.49	42998.17	13624.53	538557.45	538557.45	0.00	0.00	0.00	0.00	6.00	0.00	0.12
713	34.00	29.00	272.49	42998.17	13624.53	538557.45	538557.45	0.00	0.00	0.00	0.00	5.91	0.00	0.12
714	34.00	30.00	272.49	42998.17	13624.53	538557.45	538557.45	0.00	0.00	0.00	0.00	6.28	0.00	0.12
715	35.00	30.00	272.49	42998.17	13624.53	538557.45	538557.45	0.00	0.00	0.00	0.00	6.19	0.00	0.12
716	35.00	31.00	272.49	42998.17	13624.53	538557.45	538557.45	0.00	0.00	0.00	0.00	6.29	0.00	0.12
717	35.00	32.00	272.49	42998.17	13624.53	538557.45	538557.45	0.00	0.00	0.00	0.00	6.38	0.00	0.12
718	35.00	33.00	272.49	42998.17	13624.53	538557.45	538557.45	0.00	0.00	0.00	0.00	6.33	0.00	0.12
719	36.00	33.00	272.49	42998.17	13624.53	538557.45	538557.45	0.00	0.00	0.00	0.00	6.24	0.00	0.12
720	36.00	34.00	272.49	42998.17	13624.53	538557.45	538557.45	0.00	0.00	0.00	0.00	6.56	0.00	0.12
721	37.00	34.00	272.49	42998.17	13624.53	538557.45	538557.45	0.00	0.00	0.00	0.00	6.46	0.00	0.12
722	38.00	34.00	272.49	42998.17	13624.53	538557.45	538557.45	0.00	0.00	0.00	0.00	6.37	0.00	0.12
723	38.00	35.00	272.49	42998.17	13624.53	538557.45	538557.45	0.00	0.00	0.00	0.00	6.33	0.00	0.12
724	38.00	36.00	272.49	42998.17	13624.53	538557.45	538557.45	0.00	0.00	0.00	0.00	6.42	0.00	0.12
725	38.00	37.00	272.49	42998.17	13624.53	538557.45	538557.45	0.00	0.00	0.00	0.00	6.56	0.00	0.12
726	38.00	38.00	272.49	42998.17	13624.53	538557.45	538557.45	0.00	0.00	0.00	0.00	6.51	0.00	0.12
727	39.00	38.00	272.49	42998.17	13624.53	538557.45	538557.45	0.00	0.00	0.00	0.00	6.43	0.00	0.12
728	39.00	39.00	272.49	42998.17	13624.53	538557.45	538557.45	0.00	0.00	0.00	0.00	6.71	0.00	0.12
729	40.00	39.00	272.49	42998.17	13624.53	538557.45	538557.45	0.00	0.00	0.00	0.00	6.63	0.00	0.12
730	41.00	39.00	272.49	42998.17	13624.53	538557.45	538557.45	0.00	0.00	0.00	0.00	6.54	0.00	0.12
731	41.00	40.00	272.49	42998.17	13624.53	538557.45	538557.45	0.00	0.00	0.00	0.00	6.60	0.00	0.12
732	42.00	40.00	272.49	42998.17	13624.53	538557.45	538557.45	0.00	0.00	0.00	0.00	6.52	0.00	0.12
733	43.00	40.00	272.49	42998.17	13624.53	538557.45	538557.45	0.00	0.00	0.00	0.00	6.44	0.00	0.12
734	43.00	41.00	272.49	42998.17	13624.53	538557.45	538557.45	0.00	0.00	0.00	0.00	7.37	0.00	0.12
735	43.00	42.00	272.49	42998.17	13624.53	538557.45	538557.45	0.00	0.00	0.00	0.00	7.36	0.00	0.12
736	44.00	42.00	272.49	42998.17	13624.53	538557.45	538557.45	0.00	0.00	0.00	0.00	7.27	0.00	0.12
737	45.00	42.00	272.49	42998.17	13624.53	538557.45	538557.45	0.00	0.00	0.00	0.00	7.19	0.00	0.12
738	46.00	42.00	272.49	42998.17	13624.53	538557.45	538557.45	0.00	0.00	0.00	0.00	7.11	0.00	0.12
739	46.00	43.00	272.49	42998.17	13624.53	538557.45	538557.45	0.00	0.00	0.00	0.00	7.29	0.00	0.12
740	47.00	43.00	272.49	42998.17	13624.53	538557.45	538557.45	0.00	0.00	0.00	0.00	7.21	0.00	0.12
741	48.00	43.00	272.49	42998.17	13624.53	538557.45	538557.45	0.00	0.00	0.00	0.00	7.13	0.00	0.12
742	48.00	44.00	272.49	42998.17	13624.53	538557.45	538557.45	0.00	0.00	0.00	0.00	7.24	0.00	0.12
743	49.00	44.00	272.49	42998.17	13624.53	538557.45	538557.45	0.00	0.00	0.00	0.00	7.16	0.00	0.12
744	49.00	45.00	272.49	42998.17	13624.53	538557.45	538557.45	0.00	0.00	0.00	0.00	7.32	0.00	0.12
745	50.00	45.00	272.49	42998.17	13624.53	538557.45	538557.45	0.00	0.00	0.00	0.00	7.25	0.00	0.12
746	51.00	45.00	272.49	42998.17	13624.53	538557.45	538557.45	0.00	0.00	0.00	0.00	7.17	0.00	0.12
747	51.00	46.00	272.49	42998.17	13624.53	538557.45	538557.45	0.00	0.00	0.00	0.00	7.16	0.00	0.12
748	52.00	46.00	272.49	42998.17	13624.53	538557.45	538557.45	0.00	0.00	0.00	0.00	7.09	0.00	0.12
749	53.00	46.00	272.49	42998.17	13624.53	538557.45	538557.45	0.00	0.00	0.00	0.00	7.02	0.00	0.12
750	54.00	46.00	231.62	51597.80	11580.85	538557.45	538557.45	0.00	0.00	0.00	0.00	6.95	0.00	0.12
751	54.00	47.00	231.62	51597.80	11580.85	538557.45	538557.45	0.00	0.00	0.00	0.00	7.10	0.00	0.12
752	55.00	47.00	231.62	51597.80	11580.85	538557.45	538557.45	0.00	0.00	0.00	0.00	7.03	0.00	0.12
753	55.00	48.00	231.62	51597.80	11580.85	538557.45	538557.45	0.00	0.00	0.00	0.00	7.13	0.00	0.12
754	56.00	48.00	231.62	51597.80	11580.85	538557.45	538557.45	0.00	0.00	0.00	0.00	7.06	0.00	0.12
755	56.00	49.00	231.62	51597.80	11580.85	538557.45	538557.45	0.00	0.00	0.00	0.00	7.37	0.00	0.12
756	57.00	49.00	231.62	51597.80	11580.85	538557.45	538557.45	0.00	0.00	0.00	0.00	7.30	0.00	0.12
757	57.00	50.00	231.62	51597.80	11580.85	538557.45	538557.45	0.00	0.00	0.00	0.00	7.30	0.00	0.12
758	58.00	50.00	231.62	51597.80	11580.85	538557.45	538557.45	0.00	0.00	0.00	0.00	7.23	0.00	0.12
759	59.00	50.00	231.62	51597.80	11580.85	538557.45	538557.45	0.00	0.00	0.00	0.00	7.17	0.00	0.12
760	59.00	51.00	231.62	51597.80	11580.85	538557.45	538557.45	0.00	0.00	0.00	0.00	7.24	0.00	0.12
761	59.00	52.00	231.62	51597.80	11580.85	538557.45	538557.45	0.00	0.00	0.00	0.00	7.31	0.00	0.12
762	60.00	52.00	231.62	51597.80	11580.85	538557.45	538557.45	0.00	0.00	0.00	0.00	7.24	0.00	0.12
763	61.00	52.00	231.62	51597.80	11580.85	538557.45	538557.45	0.00	0.00	0.00	0.00	7.18	0.00	0.12
764	61.00	53.00	231.62	51597.80	11580.85	538557.45	538557.45	0.00	0.00	0.00	0.00	7.18	0.00	0.12
765	61.00	54.00	231.62	51597.80	11580.85	538557.45	538557.45	0.00	0.00	0.00	0.00	7.23	0.00	0.12
766	62.00	54.00	231.62	51597.80	11580.85	538557.45	538557.45	0.00	0.00	0.00	0.00	7.17	0.00	0.12
767	62.00	55.00	231.62	51597.80	11580.85	538557.45	538557.45	0.00	0.00	0.00	0.00	7.14	0.00	0.12
768	62.00	56.00	231.62	51597.80	11580.85	538557.45	538557.45	0.00	0.00	0.00	0.00	7.15	0.00	0.12
769	62.00	57.00	231.62	51597.80	11580.85	538557.45	538557.45	0.00	0.00	0.00	0.00	7.33	0.00	0.12
770	63.00	57.00	231.62	51597.80	11580.85	538557.45	538557.45	0.00	0.00	0.00	0.00	7.27	0.00	0.12
771	64.00	57.00	231.62	51597.80	11580.85	538557.45	538557.45	0.00	0.00	0.00	0.00	7.21	0.00	0.12
772	64.00	58.00	231.62	51597.80	11580.85	538557.45	538557.45	0.00	0.00	0.00	0.00	7.29	0.00	0.12
773	65.00	58.00	231.62	51597.80	11580.85	538557.45	538557.45	0.00	0.00	0.00	0.00	7.23	0.00	0.12
774	66.00	58.00	231.62	51597.80	11580.85	538557.45	538557.45	0.00	0.00	0.00	0.00	7.17	0.00	0.12
775	66.00	59.00	231.62	51597.80	11580.85	538557.45	538557.45	0.00	0.00	0.00	0.00	7.17	0.00	0.12
776	67.00	59.00	231.62	51597.80	11580.85	538557.45	538557.45	0.00	0.00	0.00	0.00	7.11	0.00	0.12
777	67.00	60.00	231.62	51597.80	11580.85	538557.45	538557.45	0.00	0.00	0.00	0.00	7.18	0.00	0.12
778	67.00	61.00	231.62	51597.80	11580.85	538557.45	538557.45	0.00	0.00	0.00	0.00	7.28	0.00	0.12
779	68.00	61.00	231.62	51597.80	11580.85	538557.45	538557.45	0.00	0.00	0.00	0.00	7.22	0.00	0.12
780	68.00	62.00	231.62	51597.80	11580.85	538557.45	538557.45	0.00	0.00	0.00	0.00	7.22	0.00	0.12
781	68.00	63.00	231.62	51597.80	11580.85	538557.45	538557.45	0.00	0.00	0.00	0.00	7.25	0.00	0.12
782	68.00	64.00	231.62	51597.80	11580.85	538557.45	538557.45	0.00	0.00	0.00	0.00	7.26	0.00	0.12
783	68.00	65.00	231.62	51597.80	11580.85	538557.45	538557.45	0.00	0.00	0.00	0.00	7.42	0.00	0.12
784	69.00	65.00	231.62	51597.80	11580.85	538557.45	538557.45	0.00	0.00	0.00	0.00	7.36	0.00	0.12
785	69.00	66.00	231.62	51597.80	11580.85	538557.45	538557.45	0.00	0.00	0.00	0.00	7.37	0.00	0.12
786	70.00	66.00	231.62	51597.80	11580.85	538557.45	538557.45	0.00	0.00	0.00	0.00	7.32	0.00	0.12
787	71.00	66.00	231.62	51597.80	11580.85	538557.45	538557.45	0.00	0.00	0.00	0.00	7.26	0.00	0.12
788	71.00	67.00	231.62	51597.80	11580.85	538557.45	538557.45	0.00	0.00	0.00	0.00	7.28	0.00	0.12
789	72.00	67.00	231.62	51597.80	11580.85	538557.45	538557.45	0.00	0.00	0.00	0.00	7.23	0.00	0.12
790	72.00	68.00	231.62	51597.80	11580.85	538557.45	538557.45	0.00	0.00	0.00	0.00	7.38	0.00	0.12
791	73.00	68.00	231.62	51597.80	11580.85	538557.45	538557.45	0.00	0.00	0.00	0.00	7.33	0.00	0.12
792	74.00	68.00	231.62	51597.80	11580.85	538557.45	538557.45	0.00	0.00	0.00	0.00	7.28	0.00	0.12
793	25.00	68.00	231.62	51597.80	11580.85	538557.45	538557.45	0.00	0.00	0.00	0.00	11.11	0.00	0.12
794	25.00	69.00	231.62	51597.80	11580.85	538557.45	538557.45	0.00	0.00	0.00	0.00	11.20	0.00	0.12
795	25.00	70.00	231.62	51597.80	11580.85	538557.45	538557.45	0.00	0.00	0.00	0.00	11.41	0.00	0.12
796	25.00	71.00	231.62	51597.80	11580.85	538557.45	538557.45	0.00	0.00	0.00	0.00	11.43	0.00	0.12
797	25.00	72.00	231.62	51597.80	11580.85	538557.45	538557.45	0.00	0.00	0.00	0.00	11.46	0.00	0.12
798	25.00	73.00	231.62	51597.80	11580.85	538557.45	538557.45	0.00	0.00	0.00	0.00	11.44	0.00	0.12
799	26.00	73.00	231.62	51597.80	11580.85	538557.45	538557.45	0.00	0.00	0.00	0.00	11.33	0.00	0.12
800	27.00	73.00	231.62	51597.80	11580.85	538557.45	538557.45	0.00	0.00	0.00	0.00	11.21	0.00	0.12
801	28.00	73.00	231.62	51597.80	11580.85	538557.45	538557.45	0.00	0.00	0.00	0.00	11.10	0.00	0.12
802	29.00	73.00	231.62	51597.80	11580.85	538557.45	538557.45	0.00	0.00	0.00	0.00	10.99	0.00	0.12
803	30.00	73.00	231.62	51597.80	11580.85	538557.45	538557.45	0.00	0.00	0.00	0.00	10.89	0.00	0.12
804	31.00	73.00	231.62	51597.80	11580.85	538557.45	538557.45	0.00	0.00	0.00	0.00	10.78	0.00	0.12
805	32.00	73.00	231.62	51597.80	11580.85	538557.45	538557.45	0.00	0.00	0.00	0.00	10.68	0.00	0.12
806	33.00	73.00	231.62	51597.80	11580.85	538557.45	538557.45	0.00	0.00	0.00	0.00	10.58	0.00	0.12
807	34.00	73.00	231.62	51597.80	11580.85	538557.45	538557.45	0.00	0.00	0.00	0.00	10.48	0.00	0.12
808	34.00	74.00	231.62	51597.80	11580.85	538557.45	538557.45	0.00	0.00	0.00	0.00	10.49	0.00	0.12
809	34.00	25.00	231.62	51597.80	11580.85	538557.45	538557.45	0.00	0.00	0.00	0.00	6.11	0.00	0.12
810	34.00	26.00	231.62	51597.80	11580.85	538557.45	538557.45	0.00	0.00	0.00	0.00	6.20	0.00	0.12
811	34.00	27.00	231.62	51597.80	11580.85	538557.45	538557.45	0.00	0.00	0.00	0.00	6.33	0.00	0.12
812	34.00	28.00	231.62	51597.80	11580.85	538557.45	538557.45	0.00	0.00	0.00	0.00	6.85	0.00	0.12
813	34.00	29.00	231.62	51597.80	11580.85	538557.45	538557.45	0.00	0.00	0.00	0.00	6.92	0.00	0.12
814	34.00	30.00	231.62	51597.80	11580.85	538557.45	538557.45	0.00	0.00	0.00	0.00	6.94	0.00	0.12
815	35.00	30.00	231.62	51597.80	11580.85	538557.45	538557.45	0.00	0.00	0.00	0.00	6.83	0.00	0.12
816	35.00	31.00	231.62	51597.80	11580.85	538557.45	538557.45	0.00	0.00	0.00	0.00	6.93	0.00	0.12
817	35.00	32.00	231.62	51597.80	11580.85	538557.45	538557.45	0.00	0.00	0.00	0.00	6.87	0.00	0.12
818	35.00	33.00	231.62	51597.80	11580.85	538557.45	538557.45	0.00	0.00	0.00	0.00	6.94	0.00	0.12
819	36.00	33.00	231.62	51597.80	11580.85	538557.45	538557.45	0.00	0.00	0.00	0.00	6.84	0.00	0.12
820	37.00	33.00	231.62	51597.80	11580.85	538557.45	538557.45	0.00	0.00	0.00	0.00	6.74	0.00	0.12
821	38.00	33.00	231.62	51597.80	11580.85	538557.45	538557.45	0.00	0.00	0.00	0.00	6.65	0.00	0.12
822	39.00	33.00	231.62	51597.80	11580.85	538557.45	538557.45	0.00	0.00	0.00	0.00	6.55	0.00	0.12
823	39.00	34.00	231.62	51597.80	11580.85	538557.45	538557.45	0.00	0.00	0.00	0.00	6.62	0.00	0.12
824	40.00	34.00	231.62	51597.80	11580.85	538557.45	538557.45	0.00	0.00	0.00	0.00	6.53	0.00	0.12
825	41.00	34.00	231.62	51597.80	11580.85	538557.45	538557.45	0.00	0.00	0.00	0.00	6.44	0.00	0.12
826	42.00	34.00	231.62	51597.80	11580.85	538557.45	538557.45	0.00	0.00	0.00	0.00	6.36	0.00	0.12
827	43.00	34.00	231.62	51597.80	11580.85	538557.45	538557.45	0.00	0.00	0.00	0.00	6.28	0.00	0.12
828	44.00	34.00	231.62	51597.80	11580.85	538557.45	538557.45	0.00	0.00	0.00	0.00	6.20	0.00	0.12
829	45.00	34.00	231.62	51597.80	11580.85	538557.45	538557.45	0.00	0.00	0.00	0.00	6.12	0.00	0.12
830	45.00	35.00	231.62	51597.80	11580.85	538557.45	538557.45	0.00	0.00	0.00	0.00	6.13	0.00	0.12
831	45.00	36.00	231.62	51597.80	11580.85	538557.45	538557.45	0.00	0.00	0.00	0.00	6.30	0.00	0.12
832	45.00	37.00	231.62	51597.80	11580.85	538557.45	538557.45	0.00	0.00	0.00	0.00	6.38	0.00	0.12
833	45.00	38.00	231.62	51597.80	11580.85	538557.45	538557.45	0.00	0.00	0.00	0.00	6.51	0.00	0.12
834	46.00	38.00	231.62	51597.80	11580.85	538557.45	538557.45	0.00	0.00	0.00	0.00	6.43	0.00	0.12
835	46.00	39.00	231.62	51597.80	11580.85	538557.45	538557.45	0.00	0.00	0.00	0.00	6.39	0.00	0.12
836	47.00	39.00	231.62	51597.80	11580.85	538557.45	538557.45	0.00	0.00	0.00	0.00	6.31	0.00	0.12
837	48.00	39.00	231.62	51597.80	11580.85	538557.45	538557.45	0.00	0.00	0.00	0.00	6.24	0.00	0.12
838	49.00	39.00	231.62	51597.80	11580.85	538557.45	538557.45	0.00	0.00	0.00	0.00	6.17	0.00	0.12
839	49.00	40.00	231.62	51597.80	11580.85	538557.45	538557.45	0.00	0.00	0.00	0.00	6.13	0.00	0.12
840	50.00	40.00	231.62	51597.80	11580.85	538557.45	538557.45	0.00	0.00	0.00	0.00	6.07	0.00	0.12
841	51.00	40.00	231.62	51597.80	11580.85	538557.45	538557.45	0.00	0.00	0.00	0.00	6.00	0.00	0.12
842	52.00	40.00	231.62	51597.80	11580.85	538557.45	538557.45	0.00	0.00	0.00	0.00	5.93	0.00	0.12
843	53.00	40.00	231.62	51597.80	11580.85	538557.45	538557.45	0.00	0.00	0.00	0.00	5.87	0.00	0.12
844	53.00	41.00	231.62	51597.80	11580.85	538557.45	538557.45	0.00	0.00	0.00	0.00	6.19	0.00	0.12
845	54.00	41.00	231.62	51597.80	11580.85	538557.45	538557.45	0.00	0.00	0.00	0.00	6.13	0.00	0.12
846	55.00	41.00	231.62	51597.80	11580.85	538557.45	538557.45	0.00	0.00	0.00	0.00	6.06	0.00	0.12
847	55.00	42.00	231.62	51597.80	11580.85	538557.45	538557.45	0.00	0.00	0.00	0.00	6.07	0.00	0.12
848	55.00	43.00	231.62	51597.80	11580.85	538557.45	538557.45	0.00	0.00	0.00	0.00	6.11	0.00	0.12
849	56.00	43.00	231.62	51597.80	11580.85	538557.45	538557.45	0.00	0.00	0.00	0.00	6.05	0.00	0.12
850	57.00	43.00	196.87	61917.36	9843.72	538557.45	538557.45	0.00	0.00	0.00	0.00	5.98	0.00	0.12
851	58.00	43.00	196.87	61917.36	9843.72	538557.45	538557.45	0.00	0.00	0.00	0.00	5.93	0.00	0.12
852	59.00	43.00	196.87	61917.36	9843.72	538557.45	538557.45	0.00	0.00	0.00	0.00	5.87	0.00	0.12
853	60.00	43.00	196.87	61917.36	9843.72	538557.45	538557.45	0.00	0.00	0.00	0.00	5.81	0.00	0.12
854	61.00	43.00	196.87	61917.36	9843.72	538557.45	538557.45	0.00	0.00	0.00	0.00	5.75	0.00	0.12
855	62.00	43.00	196.87	61917.36	9843.72	538557.45	538557.45	0.00	0.00	0.00	0.00	5.70	0.00	0.12
856	62.00	44.00	196.87	61917.36	9843.72	538557.45	538557.45	0.00	0.00	0.00	0.00	5.83	0.00	0.12
857	63.00	44.00	196.87	61917.36	9843.72	538557.45	538557.45	0.00	0.00	0.00	0.00	5.78	0.00	0.12
858	63.00	45.00	196.87	61917.36	9843.72	538557.45	538557.45	0.00	0.00	0.00	0.00	5.84	0.00	0.12
859	63.00	46.00	196.87	61917.36	9843.72	538557.45	538557.45	0.00	0.00	0.00	0.00	5.82	0.00	0.12
860	66.00	44.00	196.87	61917.36	9843.72	538557.45	538557.45	0.00	0.00	0.00	0.00	8.20	0.00	0.12
861	67.00	44.00	167.34	74300.84	8367.16	538557.45	538557.45	0.00	0.00	0.00	0.00	8.12	0.00	0.12
862	67.00	45.00	167.34	74300.84	8367.16	538557.45	538557.45	0.00	0.00	0.00	0.00	8.17	0.00	0.12
863	68.00	45.00	167.34	74300.84	8367.16	538557.45	538557.45	0.00	0.00	0.00	0.00	8.10	0.00	0.12
864	69.00	45.00	167.34	74300.84	8367.16	538557.45	538557.45	0.00	0.00	0.00	0.00	8.03	0.00	0.12
865	70.00	45.00	167.34	74300.84	8367.16	538557.45	538557.45	0.00	0.00	0.00	0.00	7.96	0.00	0.12
866	71.00	45.00	167.34	74300.84	8367.16	538557.45	538557.45	0.00	0.00	0.00	0.00	7.89	0.00	0.12
867	72.00	45.00	167.34	74300.84	8367.16	538557.45	538557.45	0.00	0.00	0.00	0.00	7.82	0.00	0.12
868	73.00	45.00	167.34	74300.84	8367.16	538557.45	538557.45	0.00	0.00	0.00	0.00	7.75	0.00	0.12
869	73.00	46.00	167.34	74300.84	8367.16	538557.45	538557.45	0.00	0.00	0.00	0.00	7.83	0.00	0.12
870	73.00	47.00	167.34	74300.84	8367.16	538557.45	538557.45	0.00	0.00	0.00	0.00	7.79	0.00	0.12
871	73.00	48.00	167.34	74300.84	8367.16	538557.45	538557.45	0.00	0.00	0.00	0.00	7.95	0.00	0.12
872	74.00	48.00	167.34	74300.84	8367.16	538557.45	538557.45	0.00	0.00	0.00	0.00	7.88	0.00	0.12
873	25.00	48.00	167.34	74300.84	8367.16	538557.45	538557.45	0.00	0.00	0.00	0.00	13.17	0.00	0.12
874	25.00	49.00	167.34	74300.84	8367.16	538557.45	538557.45	0.00	0.00	0.00	0.00	13.21	0.00	0.12
875	25.00	50.00	167.34	74300.84	8367.16	538557.45	538557.45	0.00	0.00	0.00	0.00	13.19	0.00	0.12
876	25.00	51.00	167.34	74300.84	8367.16	538557.45	538557.45	0.00	0.00	0.00	0.00	13.17	0.00	0.12
877	25.00	52.00	167.34	74300.84	8367.16	538557.45	538557.45	0.00	0.00	0.00	0.00	13.45	0.00	0.12
878	26.00	52.00	167.34	74300.84	8367.16	538557.45	538557.45	0.00	0.00	0.00	0.00	13.27	0.00	0.12
879	26.00	53.00	167.34	74300.84	8367.16	538557.45	538557.45	0.00	0.00	0.00	0.00	13.13	0.00	0.12
880	27.00	53.00	167.34	74300.84	8367.16	538557.45	538557.45	0.00	0.00	0.00	0.00	12.97	0.00	0.12
881	28.00	53.00	167.34	74300.84	8367.16	538557.45	538557.45	0.00	0.00	0.00	0.00	12.81	0.00	0.12
882	29.00	53.00	167.34	74300.84	8367.16	538557.45	538557.45	0.00	0.00	0.00	0.00	12.65	0.00	0.12
883	30.00	53.00	167.34	74300.84	8367.16	538557.45	538557.45	0.00	0.00	0.00	0.00	12.50	0.00	0.12
884	30.00	54.00	167.34	74300.84	8367.16	538557.45	538557.45	0.00	0.00	0.00	0.00	12.58	0.00	0.12
885	30.00	55.00	167.34	74300.84	8367.16	538557.45	538557.45	0.00	0.00	0.00	0.00	12.57	0.00	0.12
886	30.00	56.00	167.34	74300.84	8367.16	538557.45	538557.45	0.00	0.00	0.00	0.00	12.86	0.00	0.12
887	30.00	57.00	167.34	74300.84	8367.16	538557.45	538557.45	0.00	0.00	0.00	0.00	12.73	0.00	0.12
888	31.00	57.00	167.34	74300.84	8367.16	538557.45	538557.45	0.00	0.00	0.00	0.00	12.59	0.00	0.12
889	31.00	58.00	167.34	74300.84	8367.16	538557.45	538557.45	0.00	0.00	0.00	0.00	12.48	0.00	0.12
890	32.00	58.00	167.34	74300.84	8367.16	538557.45	538557.45	0.00	0.00	0.00	0.00	12.34	0.00	0.12
891	33.00	58.00	167.34	74300.84	8367.16	538557.45	538557.45	0.00	0.00	0.00	0.00	12.21	0.00	0.12
892	34.00	58.00	167.34	74300.84	8367.16	538557.45	538557.45	0.00	0.00	0.00	0.00	12.07	0.00	0.12
893	35.00	58.00	167.34	74300.84	8367.16	538557.45	538557.45	0.00	0.00	0.00	0.00	11.94	0.00	0.12
894	36.00	58.00	167.34	74300.84	8367.16	538557.45	538557.45	0.00	0.00	0.00	0.00	11.82	0.00	0.12
895	36.00	59.00	167.34	74300.84	8367.16	538557.45	538557.45	0.00	0.00	0.00	0.00	11.93	0.00	0.12
896	37.00	59.00	167.34	74300.84	8367.16	538557.45	538557.45	0.00	0.00	0.00	0.00	11.81	0.00	0.12
897	37.00	60.00	167.34	74300.84	8367.16	538557.45	538557.45	0.00	0.00	0.00	0.00	11.82	0.00	0.12
898	37.00	61.00	167.34	74300.84	8367.16	538557.45	538557.45	0.00	0.00	0.00	0.00	11.82	0.00	0.12
899	38.00	61.00	167.34	74300.84	8367.16	538557.45	538557.45	0.00	0.00	0.00	0.00	11.71	0.00	0.12
900	38.00	62.00	167.34	74300.84	8367.16	538557.45	538557.45	0.00	0.00	0.00	0.00	11.77	0.00	0.12
901	39.00	62.00	167.34	74300.84	8367.16	538557.45	538557.45	0.00	0.00	0.00	0.00	11.66	0.00	0.12
902	40.00	62.00	167.34	74300.84	8367.16	538557.45	538557.45	0.00	0.00	0.00	0.00	11.54	0.00	0.12
903	40.00	63.00	167.34	74300.84	8367.16	538557.45	538557.45	0.00	0.00	0.00	0.00	11.55	0.00	0.12
904	41.00	63.00	167.34	74300.84	8367.16	538557.45	538557.45	0.00	0.00	0.00	0.00	11.44	0.00	0.12
905	42.00	63.00	167.34	74300.84	8367.16	538557.45	538557.45	0.00	0.00	0.00	0.00	11.33	0.00	0.12
906	42.00	64.00	167.34	74300.84	8367.16	538557.45	538557.45	0.00	0.00	0.00	0.00	11.52	0.00	0.12
907	43.00	64.00	167.34	74300.84	8367.16	538557.45	538557.45	0.00	0.00	0.00	0.00	11.41	0.00	0.12
908	43.00	65.00	167.34	74300.84	8367.16	538557.45	538557.45	0.00	0.00	0.00	0.00	11.38	0.00	0.12
909	43.00	66.00	167.34	74300.84	8367.16	538557.45	538557.45	0.00	0.00	0.00	0.00	11.50	0.00	0.12
910	43.00	67.00	167.34	74300.84	8367.16	538557.45	538557.45	0.00	0.00	0.00	0.00	11.50	0.00	0.12
911	44.00	67.00	167.34	74300.84	8367.16	538557.45	538557.45	0.00	0.00	0.00	0.00	11.40	0.00	0.12
912	45.00	67.00	167.34	74300.84	8367.16	538557.45	538557.45	0.00	0.00	0.00	0.00	11.29	0.00	0.12
913	45.00	68.00	167.34	74300.84	8367.16	538557.45	538557.45	0.00	0.00	0.00	0.00	11.29	0.00	0.12
914	45.00	69.00	167.34	74300.84	8367.16	538557.45	538557.45	0.00	0.00	0.00	0.00	11.35	0.00	0.12
915	46.00	69.00	167.34	74300.84	8367.16	538557.45	538557.45	0.00	0.00	0.00	0.00	11.25	0.00	0.12
916	47.00	69.00	167.34	74300.84	8367.16	538557.45	538557.45	0.00	0.00	0.00	0.00	11.16	0.00	0.12
917	48.00	69.00	167.34	74300.84	8367.16	538557.45	538557.45	0.00	0.00	0.00	0.00	11.06	0.00	0.12
918	49.00	69.00	167.34	74300.84	8367.16	538557.45	538557.45	0.00	0.00	0.00	0.00	10.97	0.00	0.12
919	50.00	69.00	167.34	74300.84	8367.16	538557.45	538557.45	0.00	0.00	0.00	0.00	10.88	0.00	0.12
920	51.00	69.00	167.34	74300.84	8367.16	538557.45	538557.45	0.00	0.00	0.00	0.00	10.78	0.00	0.12
921	52.00	69.00	167.34	74300.84	8367.16	538557.45	538557.45	0.00	0.00	0.00	0.00	10.70	0.00	0.12
922	52.00	70.00	167.34	74300.84	8367.16	538557.45	538557.45	0.00	0.00	0.00	0.00	10.63	0.00	0.12
923	53.00	70.00	167.34	74300.84	8367.16	538557.45	538557.45	0.00	0.00	0.00	0.00	10.54	0.00	0.12
924	53.00	71.00	167.34	74300.84	8367.16	538557.45	538557.45	0.00	0.00	0.00	0.00	10.52	0.00	0.12
925	53.00	72.00	167.34	74300.84	8367.16	538557.45	538557.45	0.00	0.00	0.00	0.00	10.51	0.00	0.12
926	54.00	72.00	167.34	74300.84	8367.16	538557.45	538557.45	0.00	0.00	0.00	0.00	10.43	0.00	0.12
927	55.00	72.00	167.34	74300.84	8367.16	538557.45	538557.45	0.00	0.00	0.00	0.00	10.35	0.00	0.12
928	56.00	72.00	167.34	74300.84	8367.16	538557.45	538557.45	0.00	0.00	0.00	0.00	10.27	0.00	0.12
929	57.00	72.00	167.34	74300.84	8367.16	538557.45	538557.45	0.00	0.00	0.00	0.00	10.19	0.00	0.12
930	58.00	72.00	167.34	74300.84	8367.16	538557.45	538557.45	0.00	0.00	0.00	0.00	10.11	0.00	0.12
931	58.00	73.00	167.34	74300.84	8367.16	538557.45	538557.45	0.00	0.00	0.00	0.00	10.17	0.00	0.12
932	58.00	74.00	167.34	74300.84	8367.16	538557.45	538557.45	0.00	0.00	0.00	0.00	10.15	0.00	0.12
933	58.00	25.00	167.34	74300.84	8367.16	538557.45	538557.45	0.00	0.00	0.00	0.00	5.98	0.00	0.12
934	58.00	26.00	167.34	74300.84	8367.16	538557.45	538557.45	0.00	0.00	0.00	0.00	6.07	0.00	0.12
935	58.00	27.00	167.34	74300.84	8367.16	538557.45	538557.45	0.00	0.00	0.00	0.00	6.42	0.00	0.12
936	58.00	28.00	167.34	74300.84	8367.16	538557.45	538557.45	0.00	0.00	0.00	0.00	6.61	0.00	0.12
937	58.00	29.00	167.34	74300.84	8367.16	538557.45	538557.45	0.00	0.00	0.00	0.00	6.77	0.00	0.12
938	58.00	30.00	167.34	74300.84	8367.16	538557.45	538557.45	0.00	0.00	0.00	0.00	6.94	0.00	0.12
939	59.00	30.00	167.34	74300.84	8367.16	538557.45	538557.45	0.00	0.00	0.00	0.00	6.86	0.00	0.12
940	60.00	30.00	167.34	74300.84	8367.16	538557.45	538557.45	0.00	0.00	0.00	0.00	6.78	0.00	0.12
941	61.00	30.00	167.34	74300.84	8367.16	538557.45	538557.45	0.00	0.00	0.00	0.00	6.71	0.00	0.12
942	61.00	31.00	167.34	74300.84	8367.16	538557.45	538557.45	0.00	0.00	0.00	0.00	6.74	0.00	0.12
943	62.00	31.00	167.34	74300.84	8367.16	538557.45	538557.45	0.00	0.00	0.00	0.00	6.66	0.00	0.12
944	63.00	31.00	167.34	74300.84	8367.16	538557.45	538557.45	0.00	0.00	0.00	0.00	6.59	0.00	0.12
945	64.00	31.00	167.34	74300.84	8367.16	538557.45	538557.45	0.00	0.00	0.00	0.00	6.52	0.00	0.12
946	65.00	31.00	167.34	74300.84	8367.16	538557.45	538557.45	0.00	0.00	0.00	0.00	6.46	0.00	0.12
947	65.00	32.00	167.34	74300.84	8367.16	538557.45	538557.45	0.00	0.00	0.00	0.00	6.47	0.00	0.12
948	66.00	32.00	167.34	74300.84	8367.16	538557.45	538557.45	0.00	0.00	0.00	0.00	6.41	0.00	0.12
949	67.00	32.00	167.34	74300.84	8367.16	538557.45	538557.45	0.00	0.00	0.00	0.00	6.34	0.00	0.12
950	68.00	32.00	167.34	74300.84	8367.16	538557.45	538557.45	0.00	0.00	0.00	0.00	6.28	0.00	0.12
951	68.00	33.00	167.34	74300.84	8367.16	538557.45	538557.45	0.00	0.00	0.00	0.00	6.24	0.00	0.12
952	68.00	34.00	167.34	74300.84	8367.16	538557.45	538557.45	0.00	0.00	0.00	0.00	6.48	0.00	0.12
953	68.00	35.00	167.34	74300.84	8367.16	538557.45	538557.45	0.00	0.00	0.00	0.00	6.53	0.00	0.12
954	69.00	35.00	167.34	74300.84	8367.16	538557.45	538557.45	0.00	0.00	0.00	0.00	6.46	0.00	0.12
955	69.00	36.00	167.34	74300.84	8367.16	538557.45	538557.45	0.00	0.00	0.00	0.00	6.42	0.00	0.12
956	69.00	37.00	167.34	74300.84	8367.16	538557.45	538557.45	0.00	0.00	0.00	0.00	6.47	0.00	0.12
957	69.00	38.00	167.34	74300.84	8367.16	538557.45	538557.45	0.00	0.00	0.00	0.00	6.43	0.00	0.12
958	70.00	38.00	167.34	74300.84	8367.16	538557.45	538557.45	0.00	0.00	0.00	0.00	6.37	0.00	0.12
959	70.00	39.00	167.34	74300.84	8367.16	538557.45	538557.45	0.00	0.00	0.00	0.00	6.33	0.00	0.12
960	71.00	39.00	167.34	74300.84	8367.16	538557.45	538557.45	0.00	0.00	0.00	0.00	6.27	0.00	0.12
961	72.00	39.00	142.24	89161.00	7112.09	538557.45	538557.45	0.00	0.00	0.00	0.00	6.22	0.00	0.12
962	73.00	39.00	142.24	89161.00	7112.09	538557.45	538557.45	0.00	0.00	0.00	0.00	6.16	0.00	0.12
963	74.00	39.00	142.24	89161.00	7112.09	538557.45	538557.45	0.00	0.00	0.00	0.00	6.11	0.00	0.12
964	74.00	40.00	142.24	89161.00	7112.09	538557.45	538557.45	0.00	0.00	0.00	0.00	6.29	0.00	0.12
965	74.00	41.00	142.24	89161.00	7112.09	538557.45	538557.45	0.00	0.00	0.00	0.00	6.32	0.00	0.12
966	25.00	41.00	142.24	89161.00	7112.09	538557.45	538557.45	0.00	0.00	0.00	0.00	11.02	0.00	0.12
967	25.00	42.00	142.24	89161.00	7112.09	538557.45	538557.45	0.00	0.00	0.00	0.00	11.25	0.00	0.12
968	26.00	42.00	142.24	89161.00	7112.09	538557.45	538557.45	0.00	0.00	0.00	0.00	11.09	0.00	0.12
969	26.00	43.00	142.24	89161.00	7112.09	538557.45	538557.45	0.00	0.00	0.00	0.00	11.09	0.00	0.12
970	26.00	44.00	142.24	89161.00	7112.09	538557.45	538557.45	0.00	0.00	0.00	0.00	10.99	0.00	0.12
971	26.00	45.00	142.24	89161.00	7112.09	538557.45	538557.45	0.00	0.00	0.00	0.00	10.99	0.00	0.12
972	26.00	46.00	142.24	89161.00	7112.09	538557.45	538557.45	0.00	0.00	0.00	0.00	11.23	0.00	0.12
973	26.00	47.00	142.24	89161.00	7112.09	538557.45	538557.45	0.00	0.00	0.00	0.00	11.23	0.00	0.12
974	26.00	48.00	142.24	89161.00	7112.09	538557.45	538557.45	0.00	0.00	0.00	0.00	11.25	0.00	0.12
975	27.00	48.00	142.24	89161.00	7112.09	538557.45	538557.45	0.00	0.00	0.00	0.00	11.10	0.00	0.12
976	27.00	49.00	142.24	89161.00	7112.09	538557.45	538557.45	0.00	0.00	0.00	0.00	11.10	0.00	0.12
977	28.00	49.00	142.24	89161.00	7112.09	538557.45	538557.45	0.00	0.00	0.00	0.00	10.96	0.00	0.12
978	29.00	49.00	142.24	89161.00	7112.09	538557.45	538557.45	0.00	0.00	0.00	0.00	10.82	0.00	0.12
979	29.00	50.00	142.24	89161.00	7112.09	538557.45	538557.45	0.00	0.00	0.00	0.00	10.84	0.00	0.12
980	30.00	50.00	142.24	89161.00	7112.09	538557.45	538557.45	0.00	0.00	0.00	0.00	10.71	0.00	0.12
981	30.00	51.00	142.24	89161.00	7112.09	538557.45	538557.45	0.00	0.00	0.00	0.00	10.61	0.00	0.12
982	30.00	52.00	142.24	89161.00	7112.09	538557.45	538557.45	0.00	0.00	0.00	0.00	10.59	0.00	0.12
983	30.00	53.00	142.24	89161.00	7112.09	538557.45	538557.45	0.00	0.00	0.00	0.00	10.60	0.00	0.12
984	30.00	54.00	142.24	89161.00	7112.09	538557.45	538557.45	0.00	0.00	0.00	0.00	10.72	0.00	0.12
985	31.00	54.00	142.24	89161.00	7112.09	538557.45	538557.45	0.00	0.00	0.00	0.00	10.60	0.00	0.12
986	32.00	54.00	142.24	89161.00	7112.09	538557.45	538557.45	0.00	0.00	0.00	0.00	10.47	0.00	0.12
987	32.00	55.00	142.24	89161.00	7112.09	538557.45	538557.45	0.00	0.00	0.00	0.00	10.45	0.00	0.12
988	32.00	56.00	142.24	89161.00	7112.09	538557.45	538557.45	0.00	0.00	0.00	0.00	10.46	0.00	0.12
989	32.00	57.00	142.24	89161.00	7112.09	538557.45	538557.45	0.00	0.00	0.00	0.00	10.43	0.00	0.12
990	32.00	58.00	142.24	89161.00	7112.09	538557.45	538557.45	0.00	0.00	0.00	0.00	10.40	0.00	0.12
991	33.00	58.00	142.24	89161.00	7112.09	538557.45	538557.45	0.00	0.00	0.00	0.00	10.28	0.00	0.12
992	33.00	59.00	142.24	89161.00	7112.09	538557.45	538557.45	0.00	0.00	0.00	0.00	10.43	0.00	0.12
993	34.00	59.00	142.24	89161.00	7112.09	538557.45	538557.45	0.00	0.00	0.00	0.00	10.32	0.00	0.12
994	35.00	59.00	142.24	89161.00	7112.09	538557.45	538557.45	0.00	0.00	0.00	0.00	10.21	0.00	0.12
995	35.00	60.00	142.24	89161.00	7112.09	538557.45	538557.45	0.00	0.00	0.00	0.00	10.13	0.00	0.12
996	36.00	60.00	142.24	89161.00	7112.09	538557.45	538557.45	0.00	0.00	0.00	0.00	10.03	0.00	0.12
997	37.00	60.00	142.24	89161.00	7112.09	538557.45	538557.45	0.00	0.00	0.00	0.00	9.92	0.00	0.12
998	38.00	60.00	142.24	89161.00	7112.09	538557.45	538557.45	0.00	0.00	0.00	0.00	9.82	0.00	0.12
999	38.00	61.00	142.24	89161.00	7112.09	538557.45	538557.45	0.00	0.00	0.00	0.00	11.07	0.00	0.12
1000	38.00	62.00	142.24	89161.00	7112.09	538557.45	538557.45	0.00	0.00	0.00	0.00	11.10	0.00	0.12
