some parameters
Gen.	# feasible solutions	# infeasible solutions	cap. penality	dur. penality	num. penality	best penalized cost	best feasible cost	best cap. violation	best dur. violation	best num. violation	avg cap. violation	avg dur. violation	avg num. violation	Gap from BKS
1	2.00	49.00	850.00	12000.00	42500.00	653584.13	679141.33	0.00	1.91	0.00	0.00	20.24	0.00	0.41
2	2.00	50.00	850.00	12000.00	42500.00	653584.13	679141.33	0.00	1.91	0.00	0.00	20.20	0.00	0.41
3	2.00	51.00	850.00	12000.00	42500.00	653584.13	679141.33	0.00	1.91	0.00	0.00	20.06	0.00	0.41
4	2.00	52.00	850.00	12000.00	42500.00	653584.13	679141.33	0.00	1.91	0.00	0.00	19.74	0.00	0.41
5	2.00	53.00	850.00	12000.00	42500.00	653584.13	679141.33	0.00	1.91	0.00	0.00	19.68	0.00	0.41
6	2.00	54.00	850.00	12000.00	42500.00	653584.13	679141.33	0.00	1.91	0.00	0.00	19.39	0.00	0.41
7	2.00	55.00	850.00	12000.00	42500.00	653584.13	679141.33	0.00	1.91	0.00	0.00	19.59	0.00	0.41
8	2.00	56.00	850.00	12000.00	42500.00	653584.13	679141.33	0.00	1.91	0.00	0.00	19.77	0.00	0.41
9	3.00	56.00	850.00	12000.00	42500.00	653584.13	679141.33	0.00	1.91	0.00	0.00	19.44	0.00	0.41
10	3.00	57.00	850.00	12000.00	42500.00	653584.13	679141.33	0.00	1.91	0.00	0.00	19.16	0.00	0.41
11	3.00	58.00	850.00	12000.00	42500.00	653584.13	679141.33	0.00	1.91	0.00	0.00	19.36	0.00	0.41
12	3.00	59.00	850.00	12000.00	42500.00	653584.13	679141.33	0.00	1.91	0.00	0.00	19.29	0.00	0.41
13	3.00	60.00	850.00	12000.00	42500.00	653584.13	679141.33	0.00	1.91	0.00	0.00	19.28	0.00	0.41
14	3.00	61.00	850.00	12000.00	42500.00	653584.13	679141.33	0.00	1.91	0.00	0.00	19.04	0.00	0.41
15	3.00	62.00	850.00	12000.00	42500.00	653584.13	679141.33	0.00	1.91	0.00	0.00	18.92	0.00	0.41
16	3.00	63.00	850.00	12000.00	42500.00	653584.13	679141.33	0.00	1.91	0.00	0.00	18.75	0.00	0.41
17	3.00	64.00	850.00	12000.00	42500.00	653584.13	679141.33	0.00	1.91	0.00	0.00	18.50	0.00	0.41
18	4.00	64.00	850.00	12000.00	42500.00	653584.13	679141.33	0.00	1.91	0.00	0.00	18.23	0.00	0.41
19	4.00	65.00	850.00	12000.00	42500.00	653584.13	679141.33	0.00	1.91	0.00	0.00	18.31	0.00	0.41
20	4.00	66.00	850.00	12000.00	42500.00	653584.13	679141.33	0.00	1.91	0.00	0.00	18.51	0.00	0.41
21	4.00	67.00	850.00	12000.00	42500.00	653584.13	679141.33	0.00	1.91	0.00	0.00	18.50	0.00	0.41
22	4.00	68.00	850.00	12000.00	42500.00	653584.13	679141.33	0.00	1.91	0.00	0.00	18.58	0.00	0.41
23	4.00	69.00	850.00	12000.00	42500.00	653584.13	679141.33	0.00	1.91	0.00	0.00	18.71	0.00	0.41
24	4.00	70.00	850.00	12000.00	42500.00	653584.13	679141.33	0.00	1.91	0.00	0.00	18.57	0.00	0.41
25	4.00	71.00	850.00	12000.00	42500.00	653584.13	679141.33	0.00	1.91	0.00	0.00	18.48	0.00	0.41
26	4.00	72.00	850.00	12000.00	42500.00	653584.13	679141.33	0.00	1.91	0.00	0.00	18.27	0.00	0.41
27	5.00	72.00	850.00	12000.00	42500.00	653584.13	679141.33	0.00	1.91	0.00	0.00	18.03	0.00	0.41
28	5.00	73.00	850.00	12000.00	42500.00	653584.13	679141.33	0.00	1.91	0.00	0.00	17.83	0.00	0.41
29	5.00	74.00	850.00	12000.00	42500.00	653584.13	679141.33	0.00	1.91	0.00	0.00	17.74	0.00	0.41
30	5.00	25.00	850.00	12000.00	42500.00	653584.13	679141.33	0.00	1.91	0.00	0.00	10.24	0.00	0.41
31	5.00	26.00	850.00	12000.00	42500.00	653584.13	679141.33	0.00	1.91	0.00	0.00	10.37	0.00	0.41
32	5.00	27.00	850.00	12000.00	42500.00	653584.13	679141.33	0.00	1.91	0.00	0.00	10.21	0.00	0.41
33	5.00	28.00	850.00	12000.00	42500.00	653584.13	679141.33	0.00	1.91	0.00	0.00	10.01	0.00	0.41
34	5.00	29.00	850.00	12000.00	42500.00	653584.13	679141.33	0.00	1.91	0.00	0.00	10.04	0.00	0.41
35	5.00	30.00	850.00	12000.00	42500.00	653584.13	679141.33	0.00	1.91	0.00	0.00	9.92	0.00	0.41
36	5.00	31.00	850.00	12000.00	42500.00	653584.13	679141.33	0.00	1.91	0.00	0.00	9.96	0.00	0.41
37	5.00	32.00	850.00	12000.00	42500.00	653584.13	679141.33	0.00	1.91	0.00	0.00	9.94	0.00	0.41
38	6.00	32.00	850.00	12000.00	42500.00	653584.13	679141.33	0.00	1.91	0.00	0.00	9.68	0.00	0.41
39	7.00	32.00	850.00	12000.00	42500.00	653584.13	679141.33	0.00	1.91	0.00	0.00	9.43	0.00	0.41
40	7.00	33.00	850.00	12000.00	42500.00	653584.13	679141.33	0.00	1.91	0.00	0.00	9.68	0.00	0.41
41	7.00	34.00	850.00	12000.00	42500.00	653584.13	679141.33	0.00	1.91	0.00	0.00	9.82	0.00	0.41
42	7.00	35.00	850.00	12000.00	42500.00	653584.13	679141.33	0.00	1.91	0.00	0.00	10.00	0.00	0.41
43	8.00	35.00	850.00	12000.00	42500.00	645207.29	645207.29	0.00	0.00	0.00	0.00	9.76	0.00	0.34
44	9.00	35.00	850.00	12000.00	42500.00	645207.29	645207.29	0.00	0.00	0.00	0.00	9.54	0.00	0.34
45	9.00	36.00	850.00	12000.00	42500.00	645207.29	645207.29	0.00	0.00	0.00	0.00	9.39	0.00	0.34
46	9.00	37.00	850.00	12000.00	42500.00	645207.29	645207.29	0.00	0.00	0.00	0.00	9.59	0.00	0.34
47	9.00	38.00	850.00	12000.00	42500.00	645207.29	645207.29	0.00	0.00	0.00	0.00	9.45	0.00	0.34
48	9.00	39.00	850.00	12000.00	42500.00	645207.29	645207.29	0.00	0.00	0.00	0.00	10.08	0.00	0.34
49	10.00	39.00	850.00	12000.00	42500.00	645207.29	645207.29	0.00	0.00	0.00	0.00	9.88	0.00	0.34
50	10.00	40.00	850.00	12000.00	42500.00	645207.29	645207.29	0.00	0.00	0.00	0.00	9.91	0.00	0.34
51	10.00	41.00	850.00	12000.00	42500.00	645207.29	645207.29	0.00	0.00	0.00	0.00	10.01	0.00	0.34
52	10.00	42.00	850.00	12000.00	42500.00	645207.29	645207.29	0.00	0.00	0.00	0.00	9.87	0.00	0.34
53	10.00	43.00	850.00	12000.00	42500.00	645207.29	645207.29	0.00	0.00	0.00	0.00	10.00	0.00	0.34
54	10.00	44.00	850.00	12000.00	42500.00	645207.29	645207.29	0.00	0.00	0.00	0.00	9.87	0.00	0.34
55	10.00	45.00	850.00	12000.00	42500.00	645207.29	645207.29	0.00	0.00	0.00	0.00	10.52	0.00	0.34
56	10.00	46.00	850.00	12000.00	42500.00	645207.29	645207.29	0.00	0.00	0.00	0.00	10.42	0.00	0.34
57	11.00	46.00	850.00	12000.00	42500.00	620968.69	620968.69	0.00	0.00	0.00	0.00	10.24	0.00	0.29
58	11.00	47.00	850.00	12000.00	42500.00	620968.69	620968.69	0.00	0.00	0.00	0.00	10.30	0.00	0.29
59	11.00	48.00	850.00	12000.00	42500.00	620968.69	620968.69	0.00	0.00	0.00	0.00	10.40	0.00	0.29
60	11.00	49.00	850.00	12000.00	42500.00	620968.69	620968.69	0.00	0.00	0.00	0.00	10.42	0.00	0.29
61	11.00	50.00	850.00	12000.00	42500.00	620968.69	620968.69	0.00	0.00	0.00	0.00	10.38	0.00	0.29
62	11.00	51.00	850.00	12000.00	42500.00	620968.69	620968.69	0.00	0.00	0.00	0.00	10.66	0.00	0.29
63	11.00	52.00	850.00	12000.00	42500.00	620968.69	620968.69	0.00	0.00	0.00	0.00	10.55	0.00	0.29
64	12.00	52.00	850.00	12000.00	42500.00	620968.69	620968.69	0.00	0.00	0.00	0.00	10.39	0.00	0.29
65	12.00	53.00	850.00	12000.00	42500.00	620968.69	620968.69	0.00	0.00	0.00	0.00	10.27	0.00	0.29
66	12.00	54.00	850.00	12000.00	42500.00	620968.69	620968.69	0.00	0.00	0.00	0.00	10.26	0.00	0.29
67	13.00	54.00	850.00	12000.00	42500.00	620968.69	620968.69	0.00	0.00	0.00	0.00	10.10	0.00	0.29
68	13.00	55.00	850.00	12000.00	42500.00	620968.69	620968.69	0.00	0.00	0.00	0.00	10.09	0.00	0.29
69	13.00	56.00	850.00	12000.00	42500.00	620968.69	620968.69	0.00	0.00	0.00	0.00	10.15	0.00	0.29
70	13.00	57.00	850.00	12000.00	42500.00	620968.69	620968.69	0.00	0.00	0.00	0.00	10.57	0.00	0.29
71	13.00	58.00	850.00	12000.00	42500.00	620968.69	620968.69	0.00	0.00	0.00	0.00	10.46	0.00	0.29
72	13.00	59.00	850.00	12000.00	42500.00	620968.69	620968.69	0.00	0.00	0.00	0.00	10.37	0.00	0.29
73	13.00	60.00	850.00	12000.00	42500.00	620968.69	620968.69	0.00	0.00	0.00	0.00	10.26	0.00	0.29
74	13.00	61.00	850.00	12000.00	42500.00	620968.69	620968.69	0.00	0.00	0.00	0.00	10.25	0.00	0.29
75	13.00	62.00	850.00	12000.00	42500.00	620968.69	620968.69	0.00	0.00	0.00	0.00	10.27	0.00	0.29
76	14.00	62.00	850.00	12000.00	42500.00	620968.69	620968.69	0.00	0.00	0.00	0.00	10.13	0.00	0.29
77	15.00	62.00	850.00	12000.00	42500.00	620968.69	620968.69	0.00	0.00	0.00	0.00	10.00	0.00	0.29
78	15.00	63.00	850.00	12000.00	42500.00	620968.69	620968.69	0.00	0.00	0.00	0.00	10.02	0.00	0.29
79	15.00	64.00	850.00	12000.00	42500.00	620968.69	620968.69	0.00	0.00	0.00	0.00	10.05	0.00	0.29
80	15.00	65.00	850.00	12000.00	42500.00	620968.69	620968.69	0.00	0.00	0.00	0.00	9.99	0.00	0.29
81	15.00	66.00	850.00	12000.00	42500.00	620968.69	620968.69	0.00	0.00	0.00	0.00	9.95	0.00	0.29
82	15.00	67.00	850.00	12000.00	42500.00	620968.69	620968.69	0.00	0.00	0.00	0.00	9.96	0.00	0.29
83	15.00	68.00	850.00	12000.00	42500.00	620968.69	620968.69	0.00	0.00	0.00	0.00	10.04	0.00	0.29
84	15.00	69.00	850.00	12000.00	42500.00	620968.69	620968.69	0.00	0.00	0.00	0.00	10.04	0.00	0.29
85	16.00	69.00	850.00	12000.00	42500.00	620968.69	620968.69	0.00	0.00	0.00	0.00	9.92	0.00	0.29
86	17.00	69.00	850.00	12000.00	42500.00	620968.69	620968.69	0.00	0.00	0.00	0.00	9.81	0.00	0.29
87	17.00	70.00	850.00	12000.00	42500.00	620968.69	620968.69	0.00	0.00	0.00	0.00	9.83	0.00	0.29
88	18.00	70.00	850.00	12000.00	42500.00	620968.69	620968.69	0.00	0.00	0.00	0.00	9.71	0.00	0.29
89	18.00	71.00	850.00	12000.00	42500.00	620968.69	620968.69	0.00	0.00	0.00	0.00	9.67	0.00	0.29
90	18.00	72.00	850.00	12000.00	42500.00	620968.69	620968.69	0.00	0.00	0.00	0.00	9.75	0.00	0.29
91	18.00	73.00	850.00	12000.00	42500.00	620968.69	620968.69	0.00	0.00	0.00	0.00	9.89	0.00	0.29
92	18.00	74.00	850.00	12000.00	42500.00	620968.69	620968.69	0.00	0.00	0.00	0.00	9.83	0.00	0.29
93	18.00	25.00	850.00	12000.00	42500.00	620968.69	620968.69	0.00	0.00	0.00	0.00	5.58	0.00	0.29
94	18.00	26.00	850.00	12000.00	42500.00	620968.69	620968.69	0.00	0.00	0.00	0.00	5.52	0.00	0.29
95	19.00	26.00	850.00	12000.00	42500.00	620968.69	620968.69	0.00	0.00	0.00	0.00	5.39	0.00	0.29
96	20.00	26.00	850.00	12000.00	42500.00	620968.69	620968.69	0.00	0.00	0.00	0.00	5.28	0.00	0.29
97	20.00	27.00	850.00	12000.00	42500.00	620968.69	620968.69	0.00	0.00	0.00	0.00	5.27	0.00	0.29
98	20.00	28.00	850.00	12000.00	42500.00	620968.69	620968.69	0.00	0.00	0.00	0.00	5.42	0.00	0.29
99	20.00	29.00	850.00	12000.00	42500.00	620968.69	620968.69	0.00	0.00	0.00	0.00	5.48	0.00	0.29
100	20.00	30.00	850.00	12000.00	42500.00	620968.69	620968.69	0.00	0.00	0.00	0.00	5.83	0.00	0.29
101	20.00	31.00	722.50	14400.00	36125.00	620968.69	620968.69	0.00	0.00	0.00	0.00	6.39	0.00	0.29
102	21.00	31.00	722.50	14400.00	36125.00	620968.69	620968.69	0.00	0.00	0.00	0.00	6.27	0.00	0.29
103	21.00	32.00	722.50	14400.00	36125.00	620968.69	620968.69	0.00	0.00	0.00	0.00	6.41	0.00	0.29
104	21.00	33.00	722.50	14400.00	36125.00	620968.69	620968.69	0.00	0.00	0.00	0.00	6.39	0.00	0.29
105	21.00	34.00	722.50	14400.00	36125.00	620968.69	620968.69	0.00	0.00	0.00	0.00	6.48	0.00	0.29
106	22.00	34.00	722.50	14400.00	36125.00	620968.69	620968.69	0.00	0.00	0.00	0.00	6.36	0.00	0.29
107	22.00	35.00	722.50	14400.00	36125.00	620968.69	620968.69	0.00	0.00	0.00	0.00	6.55	0.00	0.29
108	22.00	36.00	722.50	14400.00	36125.00	620968.69	620968.69	0.00	0.00	0.00	0.00	6.96	0.00	0.29
109	22.00	37.00	722.50	14400.00	36125.00	620968.69	620968.69	0.00	0.00	0.00	0.00	6.89	0.00	0.29
110	23.00	37.00	722.50	14400.00	36125.00	620968.69	620968.69	0.00	0.00	0.00	0.00	6.77	0.00	0.29
111	24.00	37.00	722.50	14400.00	36125.00	620968.69	620968.69	0.00	0.00	0.00	0.00	6.66	0.00	0.29
112	24.00	38.00	722.50	14400.00	36125.00	620968.69	620968.69	0.00	0.00	0.00	0.00	6.92	0.00	0.29
113	24.00	39.00	722.50	14400.00	36125.00	620968.69	620968.69	0.00	0.00	0.00	0.00	6.93	0.00	0.29
114	24.00	40.00	722.50	14400.00	36125.00	620968.69	620968.69	0.00	0.00	0.00	0.00	7.17	0.00	0.29
115	24.00	41.00	722.50	14400.00	36125.00	620968.69	620968.69	0.00	0.00	0.00	0.00	7.17	0.00	0.29
116	24.00	42.00	722.50	14400.00	36125.00	620968.69	620968.69	0.00	0.00	0.00	0.00	7.28	0.00	0.29
117	24.00	43.00	722.50	14400.00	36125.00	620968.69	620968.69	0.00	0.00	0.00	0.00	7.43	0.00	0.29
118	24.00	44.00	722.50	14400.00	36125.00	620968.69	620968.69	0.00	0.00	0.00	0.00	7.58	0.00	0.29
119	24.00	45.00	722.50	14400.00	36125.00	620968.69	620968.69	0.00	0.00	0.00	0.00	7.64	0.00	0.29
120	24.00	46.00	722.50	14400.00	36125.00	620968.69	620968.69	0.00	0.00	0.00	0.00	7.56	0.00	0.29
121	24.00	47.00	722.50	14400.00	36125.00	620968.69	620968.69	0.00	0.00	0.00	0.00	7.86	0.00	0.29
122	24.00	48.00	722.50	14400.00	36125.00	620968.69	620968.69	0.00	0.00	0.00	0.00	8.00	0.00	0.29
123	24.00	49.00	722.50	14400.00	36125.00	620968.69	620968.69	0.00	0.00	0.00	0.00	8.05	0.00	0.29
124	24.00	50.00	722.50	14400.00	36125.00	620968.69	620968.69	0.00	0.00	0.00	0.00	8.38	0.00	0.29
125	24.00	51.00	722.50	14400.00	36125.00	620968.69	620968.69	0.00	0.00	0.00	0.00	8.46	0.00	0.29
126	25.00	51.00	722.50	14400.00	36125.00	620968.69	620968.69	0.00	0.00	0.00	0.00	8.35	0.00	0.29
127	25.00	52.00	722.50	14400.00	36125.00	620968.69	620968.69	0.00	0.00	0.00	0.00	8.28	0.00	0.29
128	25.00	53.00	722.50	14400.00	36125.00	620968.69	620968.69	0.00	0.00	0.00	0.00	8.25	0.00	0.29
129	25.00	54.00	722.50	14400.00	36125.00	620968.69	620968.69	0.00	0.00	0.00	0.00	8.29	0.00	0.29
130	26.00	54.00	722.50	14400.00	36125.00	620968.69	620968.69	0.00	0.00	0.00	0.00	8.18	0.00	0.29
131	26.00	55.00	722.50	14400.00	36125.00	620968.69	620968.69	0.00	0.00	0.00	0.00	8.43	0.00	0.29
132	26.00	56.00	722.50	14400.00	36125.00	620968.69	620968.69	0.00	0.00	0.00	0.00	8.36	0.00	0.29
133	27.00	56.00	722.50	14400.00	36125.00	620968.69	620968.69	0.00	0.00	0.00	0.00	8.26	0.00	0.29
134	27.00	57.00	722.50	14400.00	36125.00	620968.69	620968.69	0.00	0.00	0.00	0.00	8.25	0.00	0.29
135	27.00	58.00	722.50	14400.00	36125.00	620968.69	620968.69	0.00	0.00	0.00	0.00	8.19	0.00	0.29
136	27.00	59.00	722.50	14400.00	36125.00	620968.69	620968.69	0.00	0.00	0.00	0.00	8.22	0.00	0.29
137	28.00	59.00	722.50	14400.00	36125.00	620968.69	620968.69	0.00	0.00	0.00	0.00	8.12	0.00	0.29
138	28.00	60.00	722.50	14400.00	36125.00	620968.69	620968.69	0.00	0.00	0.00	0.00	8.14	0.00	0.29
139	28.00	61.00	722.50	14400.00	36125.00	620968.69	620968.69	0.00	0.00	0.00	0.00	8.19	0.00	0.29
140	28.00	62.00	722.50	14400.00	36125.00	620968.69	620968.69	0.00	0.00	0.00	0.00	8.32	0.00	0.29
141	29.00	62.00	722.50	14400.00	36125.00	620968.69	620968.69	0.00	0.00	0.00	0.00	8.23	0.00	0.29
142	29.00	63.00	722.50	14400.00	36125.00	620968.69	620968.69	0.00	0.00	0.00	0.00	8.45	0.00	0.29
143	30.00	63.00	722.50	14400.00	36125.00	620968.69	620968.69	0.00	0.00	0.00	0.00	8.36	0.00	0.29
144	31.00	63.00	722.50	14400.00	36125.00	620968.69	620968.69	0.00	0.00	0.00	0.00	8.27	0.00	0.29
145	31.00	64.00	722.50	14400.00	36125.00	620968.69	620968.69	0.00	0.00	0.00	0.00	8.23	0.00	0.29
146	31.00	65.00	722.50	14400.00	36125.00	620968.69	620968.69	0.00	0.00	0.00	0.00	8.25	0.00	0.29
147	31.00	66.00	722.50	14400.00	36125.00	620968.69	620968.69	0.00	0.00	0.00	0.00	8.33	0.00	0.29
148	32.00	66.00	722.50	14400.00	36125.00	620968.69	620968.69	0.00	0.00	0.00	0.00	8.24	0.00	0.29
149	32.00	67.00	722.50	14400.00	36125.00	620968.69	620968.69	0.00	0.00	0.00	0.00	8.43	0.00	0.29
150	32.00	68.00	722.50	14400.00	36125.00	620968.69	620968.69	0.00	0.00	0.00	0.00	8.39	0.00	0.29
151	32.00	69.00	722.50	14400.00	36125.00	620968.69	620968.69	0.00	0.00	0.00	0.00	8.53	0.00	0.29
152	32.00	70.00	722.50	14400.00	36125.00	620968.69	620968.69	0.00	0.00	0.00	0.00	8.51	0.00	0.29
153	32.00	71.00	722.50	14400.00	36125.00	620968.69	620968.69	0.00	0.00	0.00	0.00	8.55	0.00	0.29
154	33.00	71.00	722.50	14400.00	36125.00	620968.69	620968.69	0.00	0.00	0.00	0.00	8.47	0.00	0.29
155	33.00	72.00	722.50	14400.00	36125.00	620968.69	620968.69	0.00	0.00	0.00	0.00	8.58	0.00	0.29
156	33.00	73.00	722.50	14400.00	36125.00	620968.69	620968.69	0.00	0.00	0.00	0.00	8.57	0.00	0.29
157	33.00	74.00	722.50	14400.00	36125.00	620968.69	620968.69	0.00	0.00	0.00	0.00	8.60	0.00	0.29
158	33.00	25.00	722.50	14400.00	36125.00	620968.69	620968.69	0.00	0.00	0.00	0.00	3.15	0.00	0.29
159	33.00	26.00	722.50	14400.00	36125.00	620968.69	620968.69	0.00	0.00	0.00	0.00	3.48	0.00	0.29
160	33.00	27.00	722.50	14400.00	36125.00	620968.69	620968.69	0.00	0.00	0.00	0.00	3.68	0.00	0.29
161	33.00	28.00	722.50	14400.00	36125.00	620968.69	620968.69	0.00	0.00	0.00	0.00	4.08	0.00	0.29
162	33.00	29.00	722.50	14400.00	36125.00	620968.69	620968.69	0.00	0.00	0.00	0.00	4.26	0.00	0.29
163	33.00	30.00	722.50	14400.00	36125.00	620968.69	620968.69	0.00	0.00	0.00	0.00	4.24	0.00	0.29
164	34.00	30.00	722.50	14400.00	36125.00	620968.69	620968.69	0.00	0.00	0.00	0.00	4.17	0.00	0.29
165	34.00	31.00	722.50	14400.00	36125.00	620968.69	620968.69	0.00	0.00	0.00	0.00	4.78	0.00	0.29
166	34.00	32.00	722.50	14400.00	36125.00	620968.69	620968.69	0.00	0.00	0.00	0.00	4.96	0.00	0.29
167	34.00	33.00	722.50	14400.00	36125.00	620968.69	620968.69	0.00	0.00	0.00	0.00	5.07	0.00	0.29
168	34.00	34.00	722.50	14400.00	36125.00	620968.69	620968.69	0.00	0.00	0.00	0.00	5.24	0.00	0.29
169	34.00	35.00	722.50	14400.00	36125.00	620968.69	620968.69	0.00	0.00	0.00	0.00	5.50	0.00	0.29
170	34.00	36.00	722.50	14400.00	36125.00	620968.69	620968.69	0.00	0.00	0.00	0.00	6.17	0.00	0.29
171	34.00	37.00	722.50	14400.00	36125.00	620968.69	620968.69	0.00	0.00	0.00	0.00	6.46	0.00	0.29
172	34.00	38.00	722.50	14400.00	36125.00	620968.69	620968.69	0.00	0.00	0.00	0.00	6.42	0.00	0.29
173	34.00	39.00	722.50	14400.00	36125.00	620968.69	620968.69	0.00	0.00	0.00	0.00	6.37	0.00	0.29
174	34.00	40.00	722.50	14400.00	36125.00	620968.69	620968.69	0.00	0.00	0.00	0.00	6.59	0.00	0.29
175	35.00	40.00	722.50	14400.00	36125.00	620968.69	620968.69	0.00	0.00	0.00	0.00	6.50	0.00	0.29
176	35.00	41.00	722.50	14400.00	36125.00	620968.69	620968.69	0.00	0.00	0.00	0.00	6.45	0.00	0.29
177	35.00	42.00	722.50	14400.00	36125.00	620968.69	620968.69	0.00	0.00	0.00	0.00	6.68	0.00	0.29
178	35.00	43.00	722.50	14400.00	36125.00	620968.69	620968.69	0.00	0.00	0.00	0.00	7.04	0.00	0.29
179	35.00	44.00	722.50	14400.00	36125.00	620968.69	620968.69	0.00	0.00	0.00	0.00	7.07	0.00	0.29
180	35.00	45.00	722.50	14400.00	36125.00	620968.69	620968.69	0.00	0.00	0.00	0.00	7.01	0.00	0.29
181	35.00	46.00	722.50	14400.00	36125.00	620968.69	620968.69	0.00	0.00	0.00	0.00	7.39	0.00	0.29
182	35.00	47.00	722.50	14400.00	36125.00	620968.69	620968.69	0.00	0.00	0.00	0.00	7.72	0.00	0.29
183	36.00	47.00	722.50	14400.00	36125.00	620968.69	620968.69	0.00	0.00	0.00	0.00	7.62	0.00	0.29
184	37.00	47.00	722.50	14400.00	36125.00	620968.69	620968.69	0.00	0.00	0.00	0.00	7.53	0.00	0.29
185	37.00	48.00	722.50	14400.00	36125.00	620968.69	620968.69	0.00	0.00	0.00	0.00	7.66	0.00	0.29
186	37.00	49.00	722.50	14400.00	36125.00	620968.69	620968.69	0.00	0.00	0.00	0.00	7.64	0.00	0.29
187	37.00	50.00	722.50	14400.00	36125.00	620968.69	620968.69	0.00	0.00	0.00	0.00	7.64	0.00	0.29
188	37.00	51.00	722.50	14400.00	36125.00	620968.69	620968.69	0.00	0.00	0.00	0.00	7.59	0.00	0.29
189	37.00	52.00	722.50	14400.00	36125.00	620968.69	620968.69	0.00	0.00	0.00	0.00	7.77	0.00	0.29
190	37.00	53.00	722.50	14400.00	36125.00	620968.69	620968.69	0.00	0.00	0.00	0.00	7.98	0.00	0.29
191	37.00	54.00	722.50	14400.00	36125.00	620968.69	620968.69	0.00	0.00	0.00	0.00	7.98	0.00	0.29
192	37.00	55.00	722.50	14400.00	36125.00	620968.69	620968.69	0.00	0.00	0.00	0.00	8.07	0.00	0.29
193	37.00	56.00	722.50	14400.00	36125.00	620968.69	620968.69	0.00	0.00	0.00	0.00	8.08	0.00	0.29
194	38.00	56.00	722.50	14400.00	36125.00	620968.69	620968.69	0.00	0.00	0.00	0.00	7.99	0.00	0.29
195	38.00	57.00	722.50	14400.00	36125.00	620968.69	620968.69	0.00	0.00	0.00	0.00	7.97	0.00	0.29
196	39.00	57.00	722.50	14400.00	36125.00	620968.69	620968.69	0.00	0.00	0.00	0.00	7.89	0.00	0.29
197	40.00	57.00	722.50	14400.00	36125.00	620968.69	620968.69	0.00	0.00	0.00	0.00	7.80	0.00	0.29
198	40.00	58.00	722.50	14400.00	36125.00	620968.69	620968.69	0.00	0.00	0.00	0.00	7.82	0.00	0.29
199	40.00	59.00	722.50	14400.00	36125.00	620968.69	620968.69	0.00	0.00	0.00	0.00	7.77	0.00	0.29
200	40.00	60.00	722.50	14400.00	36125.00	620968.69	620968.69	0.00	0.00	0.00	0.00	7.80	0.00	0.29
201	40.00	61.00	614.12	17280.00	30706.25	620968.69	620968.69	0.00	0.00	0.00	0.00	7.81	0.00	0.29
202	40.00	62.00	614.12	17280.00	30706.25	620968.69	620968.69	0.00	0.00	0.00	0.00	7.79	0.00	0.29
203	40.00	63.00	614.12	17280.00	30706.25	620968.69	620968.69	0.00	0.00	0.00	0.00	7.99	0.00	0.29
204	40.00	64.00	614.12	17280.00	30706.25	620968.69	620968.69	0.00	0.00	0.00	0.00	7.94	0.00	0.29
205	40.00	65.00	614.12	17280.00	30706.25	620968.69	620968.69	0.00	0.00	0.00	0.00	8.05	0.00	0.29
206	40.00	66.00	614.12	17280.00	30706.25	620968.69	620968.69	0.00	0.00	0.00	0.00	8.08	0.00	0.29
207	40.00	67.00	614.12	17280.00	30706.25	620968.69	620968.69	0.00	0.00	0.00	0.00	8.03	0.00	0.29
208	41.00	67.00	614.12	17280.00	30706.25	620968.69	620968.69	0.00	0.00	0.00	0.00	7.96	0.00	0.29
209	42.00	67.00	614.12	17280.00	30706.25	620968.69	620968.69	0.00	0.00	0.00	0.00	7.89	0.00	0.29
210	43.00	67.00	614.12	17280.00	30706.25	620968.69	620968.69	0.00	0.00	0.00	0.00	7.82	0.00	0.29
211	43.00	68.00	614.12	17280.00	30706.25	620968.69	620968.69	0.00	0.00	0.00	0.00	7.86	0.00	0.29
212	43.00	69.00	614.12	17280.00	30706.25	620968.69	620968.69	0.00	0.00	0.00	0.00	7.92	0.00	0.29
213	44.00	69.00	614.12	17280.00	30706.25	620968.69	620968.69	0.00	0.00	0.00	0.00	7.85	0.00	0.29
214	44.00	70.00	614.12	17280.00	30706.25	620968.69	620968.69	0.00	0.00	0.00	0.00	7.85	0.00	0.29
215	45.00	70.00	614.12	17280.00	30706.25	620968.69	620968.69	0.00	0.00	0.00	0.00	7.78	0.00	0.29
216	46.00	70.00	614.12	17280.00	30706.25	620968.69	620968.69	0.00	0.00	0.00	0.00	7.71	0.00	0.29
217	46.00	71.00	614.12	17280.00	30706.25	620968.69	620968.69	0.00	0.00	0.00	0.00	7.68	0.00	0.29
218	47.00	71.00	614.12	17280.00	30706.25	620968.69	620968.69	0.00	0.00	0.00	0.00	7.62	0.00	0.29
219	48.00	71.00	614.12	17280.00	30706.25	585216.76	585216.76	0.00	0.00	0.00	0.00	7.55	0.00	0.22
220	48.00	72.00	614.12	17280.00	30706.25	585216.76	585216.76	0.00	0.00	0.00	0.00	7.91	0.00	0.22
221	48.00	73.00	614.12	17280.00	30706.25	585216.76	585216.76	0.00	0.00	0.00	0.00	7.87	0.00	0.22
222	49.00	73.00	614.12	17280.00	30706.25	585216.76	585216.76	0.00	0.00	0.00	0.00	7.81	0.00	0.22
223	49.00	74.00	614.12	17280.00	30706.25	585216.76	585216.76	0.00	0.00	0.00	0.00	7.90	0.00	0.22
224	49.00	25.00	614.12	17280.00	30706.25	585216.76	585216.76	0.00	0.00	0.00	0.00	2.08	0.00	0.22
225	49.00	26.00	614.12	17280.00	30706.25	585216.76	585216.76	0.00	0.00	0.00	0.00	2.09	0.00	0.22
226	49.00	27.00	614.12	17280.00	30706.25	585216.76	585216.76	0.00	0.00	0.00	0.00	2.19	0.00	0.22
227	50.00	27.00	614.12	17280.00	30706.25	585216.76	585216.76	0.00	0.00	0.00	0.00	2.16	0.00	0.22
228	50.00	28.00	614.12	17280.00	30706.25	585216.76	585216.76	0.00	0.00	0.00	0.00	2.44	0.00	0.22
229	50.00	29.00	614.12	17280.00	30706.25	585216.76	585216.76	0.00	0.00	0.00	0.00	2.98	0.00	0.22
230	50.00	30.00	614.12	17280.00	30706.25	585216.76	585216.76	0.00	0.00	0.00	0.00	2.99	0.00	0.22
231	51.00	30.00	614.12	17280.00	30706.25	585216.76	585216.76	0.00	0.00	0.00	0.00	2.95	0.00	0.22
232	51.00	31.00	614.12	17280.00	30706.25	585216.76	585216.76	0.00	0.00	0.00	0.00	3.00	0.00	0.22
233	52.00	31.00	614.12	17280.00	30706.25	585216.76	585216.76	0.00	0.00	0.00	0.00	2.97	0.00	0.22
234	53.00	31.00	614.12	17280.00	30706.25	585216.76	585216.76	0.00	0.00	0.00	0.00	2.93	0.00	0.22
235	53.00	32.00	614.12	17280.00	30706.25	585216.76	585216.76	0.00	0.00	0.00	0.00	3.15	0.00	0.22
236	53.00	33.00	614.12	17280.00	30706.25	585216.76	585216.76	0.00	0.00	0.00	0.00	3.44	0.00	0.22
237	54.00	33.00	614.12	17280.00	30706.25	585216.76	585216.76	0.00	0.00	0.00	0.00	3.40	0.00	0.22
238	55.00	33.00	614.12	17280.00	30706.25	585216.76	585216.76	0.00	0.00	0.00	0.00	3.36	0.00	0.22
239	56.00	33.00	614.12	17280.00	30706.25	585216.76	585216.76	0.00	0.00	0.00	0.00	3.33	0.00	0.22
240	56.00	34.00	614.12	17280.00	30706.25	585216.76	585216.76	0.00	0.00	0.00	0.00	3.53	0.00	0.22
241	57.00	34.00	614.12	17280.00	30706.25	585216.76	585216.76	0.00	0.00	0.00	0.00	3.49	0.00	0.22
242	57.00	35.00	614.12	17280.00	30706.25	585216.76	585216.76	0.00	0.00	0.00	0.00	3.56	0.00	0.22
243	57.00	36.00	614.12	17280.00	30706.25	585216.76	585216.76	0.00	0.00	0.00	0.00	3.74	0.00	0.22
244	57.00	37.00	614.12	17280.00	30706.25	585216.76	585216.76	0.00	0.00	0.00	0.00	3.84	0.00	0.22
245	57.00	38.00	614.12	17280.00	30706.25	585216.76	585216.76	0.00	0.00	0.00	0.00	3.83	0.00	0.22
246	57.00	39.00	614.12	17280.00	30706.25	585216.76	585216.76	0.00	0.00	0.00	0.00	3.83	0.00	0.22
247	58.00	39.00	614.12	17280.00	30706.25	585216.76	585216.76	0.00	0.00	0.00	0.00	3.79	0.00	0.22
248	58.00	40.00	614.12	17280.00	30706.25	585216.76	585216.76	0.00	0.00	0.00	0.00	3.78	0.00	0.22
249	59.00	40.00	614.12	17280.00	30706.25	585216.76	585216.76	0.00	0.00	0.00	0.00	3.74	0.00	0.22
250	60.00	40.00	614.12	17280.00	30706.25	585216.76	585216.76	0.00	0.00	0.00	0.00	3.70	0.00	0.22
251	60.00	41.00	614.12	17280.00	30706.25	585216.76	585216.76	0.00	0.00	0.00	0.00	3.76	0.00	0.22
252	60.00	42.00	614.12	17280.00	30706.25	585216.76	585216.76	0.00	0.00	0.00	0.00	3.86	0.00	0.22
253	60.00	43.00	614.12	17280.00	30706.25	585216.76	585216.76	0.00	0.00	0.00	0.00	3.87	0.00	0.22
254	60.00	44.00	614.12	17280.00	30706.25	585216.76	585216.76	0.00	0.00	0.00	0.00	3.90	0.00	0.22
255	61.00	44.00	614.12	17280.00	30706.25	585216.76	585216.76	0.00	0.00	0.00	0.00	3.87	0.00	0.22
256	61.00	45.00	614.12	17280.00	30706.25	585216.76	585216.76	0.00	0.00	0.00	0.00	3.91	0.00	0.22
257	61.00	46.00	614.12	17280.00	30706.25	585216.76	585216.76	0.00	0.00	0.00	0.00	4.01	0.00	0.22
258	62.00	46.00	614.12	17280.00	30706.25	585216.76	585216.76	0.00	0.00	0.00	0.00	3.97	0.00	0.22
259	63.00	46.00	614.12	17280.00	30706.25	585216.76	585216.76	0.00	0.00	0.00	0.00	3.94	0.00	0.22
260	64.00	46.00	614.12	17280.00	30706.25	582186.93	582186.93	0.00	0.00	0.00	0.00	3.90	0.00	0.21
261	65.00	46.00	614.12	17280.00	30706.25	582186.93	582186.93	0.00	0.00	0.00	0.00	3.86	0.00	0.21
262	65.00	47.00	614.12	17280.00	30706.25	582186.93	582186.93	0.00	0.00	0.00	0.00	4.08	0.00	0.21
263	65.00	48.00	614.12	17280.00	30706.25	582186.93	582186.93	0.00	0.00	0.00	0.00	4.08	0.00	0.21
264	65.00	49.00	614.12	17280.00	30706.25	582186.93	582186.93	0.00	0.00	0.00	0.00	4.09	0.00	0.21
265	66.00	49.00	614.12	17280.00	30706.25	582186.93	582186.93	0.00	0.00	0.00	0.00	4.06	0.00	0.21
266	66.00	50.00	614.12	17280.00	30706.25	582186.93	582186.93	0.00	0.00	0.00	0.00	4.16	0.00	0.21
267	66.00	51.00	614.12	17280.00	30706.25	582186.93	582186.93	0.00	0.00	0.00	0.00	4.23	0.00	0.21
268	66.00	52.00	614.12	17280.00	30706.25	582186.93	582186.93	0.00	0.00	0.00	0.00	4.26	0.00	0.21
269	67.00	52.00	614.12	17280.00	30706.25	582186.93	582186.93	0.00	0.00	0.00	0.00	4.23	0.00	0.21
270	67.00	53.00	614.12	17280.00	30706.25	582186.93	582186.93	0.00	0.00	0.00	0.00	4.33	0.00	0.21
271	67.00	54.00	614.12	17280.00	30706.25	582186.93	582186.93	0.00	0.00	0.00	0.00	4.36	0.00	0.21
272	67.00	55.00	614.12	17280.00	30706.25	582186.93	582186.93	0.00	0.00	0.00	0.00	4.39	0.00	0.21
273	68.00	55.00	614.12	17280.00	30706.25	582186.93	582186.93	0.00	0.00	0.00	0.00	4.35	0.00	0.21
274	69.00	55.00	614.12	17280.00	30706.25	582186.93	582186.93	0.00	0.00	0.00	0.00	4.32	0.00	0.21
275	69.00	56.00	614.12	17280.00	30706.25	582186.93	582186.93	0.00	0.00	0.00	0.00	4.31	0.00	0.21
276	70.00	56.00	614.12	17280.00	30706.25	582186.93	582186.93	0.00	0.00	0.00	0.00	4.28	0.00	0.21
277	70.00	57.00	614.12	17280.00	30706.25	582186.93	582186.93	0.00	0.00	0.00	0.00	4.26	0.00	0.21
278	70.00	58.00	614.12	17280.00	30706.25	582186.93	582186.93	0.00	0.00	0.00	0.00	4.44	0.00	0.21
279	71.00	58.00	614.12	17280.00	30706.25	582186.93	582186.93	0.00	0.00	0.00	0.00	4.41	0.00	0.21
280	71.00	59.00	614.12	17280.00	30706.25	582186.93	582186.93	0.00	0.00	0.00	0.00	4.43	0.00	0.21
281	72.00	59.00	614.12	17280.00	30706.25	582186.93	582186.93	0.00	0.00	0.00	0.00	4.39	0.00	0.21
282	72.00	60.00	614.12	17280.00	30706.25	582186.93	582186.93	0.00	0.00	0.00	0.00	4.48	0.00	0.21
283	72.00	61.00	614.12	17280.00	30706.25	582186.93	582186.93	0.00	0.00	0.00	0.00	4.53	0.00	0.21
284	72.00	62.00	614.12	17280.00	30706.25	582186.93	582186.93	0.00	0.00	0.00	0.00	4.54	0.00	0.21
285	72.00	63.00	614.12	17280.00	30706.25	582186.93	582186.93	0.00	0.00	0.00	0.00	4.65	0.00	0.21
286	73.00	63.00	614.12	17280.00	30706.25	582186.93	582186.93	0.00	0.00	0.00	0.00	4.62	0.00	0.21
287	73.00	64.00	614.12	17280.00	30706.25	582186.93	582186.93	0.00	0.00	0.00	0.00	5.13	0.00	0.21
288	74.00	64.00	614.12	17280.00	30706.25	582186.93	582186.93	0.00	0.00	0.00	0.00	5.09	0.00	0.21
289	74.00	65.00	614.12	17280.00	30706.25	582186.93	582186.93	0.00	0.00	0.00	0.00	5.08	0.00	0.21
290	74.00	66.00	614.12	17280.00	30706.25	582186.93	582186.93	0.00	0.00	0.00	0.00	5.20	0.00	0.21
291	74.00	67.00	614.12	17280.00	30706.25	582186.93	582186.93	0.00	0.00	0.00	0.00	5.25	0.00	0.21
292	74.00	68.00	614.12	17280.00	30706.25	582186.93	582186.93	0.00	0.00	0.00	0.00	5.81	0.00	0.21
293	25.00	68.00	614.12	17280.00	30706.25	582186.93	582186.93	0.00	0.00	0.00	0.00	8.87	0.00	0.21
294	26.00	68.00	614.12	17280.00	30706.25	582186.93	582186.93	0.00	0.00	0.00	0.00	8.78	0.00	0.21
295	26.00	69.00	614.12	17280.00	30706.25	582186.93	582186.93	0.00	0.00	0.00	0.00	8.79	0.00	0.21
296	26.00	70.00	614.12	17280.00	30706.25	582186.93	582186.93	0.00	0.00	0.00	0.00	8.87	0.00	0.21
297	27.00	70.00	614.12	17280.00	30706.25	582186.93	582186.93	0.00	0.00	0.00	0.00	8.78	0.00	0.21
298	28.00	70.00	614.12	17280.00	30706.25	582186.93	582186.93	0.00	0.00	0.00	0.00	8.69	0.00	0.21
299	28.00	71.00	614.12	17280.00	30706.25	582186.93	582186.93	0.00	0.00	0.00	0.00	8.78	0.00	0.21
300	28.00	72.00	614.12	17280.00	30706.25	582186.93	582186.93	0.00	0.00	0.00	0.00	8.78	0.00	0.21
301	28.00	73.00	522.01	20736.00	26100.31	582186.93	582186.93	0.00	0.00	0.00	0.00	8.72	0.00	0.21
302	28.00	74.00	522.01	20736.00	26100.31	582186.93	582186.93	0.00	0.00	0.00	0.00	8.88	0.00	0.21
303	28.00	25.00	522.01	20736.00	26100.31	582186.93	582186.93	0.00	0.00	0.00	0.00	2.44	0.00	0.21
304	29.00	25.00	522.01	20736.00	26100.31	582186.93	582186.93	0.00	0.00	0.00	0.00	2.40	0.00	0.21
305	29.00	26.00	522.01	20736.00	26100.31	582186.93	582186.93	0.00	0.00	0.00	0.00	2.40	0.00	0.21
306	30.00	26.00	522.01	20736.00	26100.31	582186.93	582186.93	0.00	0.00	0.00	0.00	2.36	0.00	0.21
307	31.00	26.00	522.01	20736.00	26100.31	582186.93	582186.93	0.00	0.00	0.00	0.00	2.32	0.00	0.21
308	32.00	26.00	522.01	20736.00	26100.31	582186.93	582186.93	0.00	0.00	0.00	0.00	2.28	0.00	0.21
309	33.00	26.00	522.01	20736.00	26100.31	582186.93	582186.93	0.00	0.00	0.00	0.00	2.24	0.00	0.21
310	33.00	27.00	522.01	20736.00	26100.31	582186.93	582186.93	0.00	0.00	0.00	0.00	2.36	0.00	0.21
311	33.00	28.00	522.01	20736.00	26100.31	582186.93	582186.93	0.00	0.00	0.00	0.00	2.94	0.00	0.21
312	34.00	28.00	522.01	20736.00	26100.31	582186.93	582186.93	0.00	0.00	0.00	0.00	2.89	0.00	0.21
313	34.00	29.00	522.01	20736.00	26100.31	582186.93	582186.93	0.00	0.00	0.00	0.00	2.90	0.00	0.21
314	34.00	30.00	522.01	20736.00	26100.31	582186.93	582186.93	0.00	0.00	0.00	0.00	4.03	0.00	0.21
315	34.00	31.00	522.01	20736.00	26100.31	582186.93	582186.93	0.00	0.00	0.00	0.00	4.08	0.00	0.21
316	34.00	32.00	522.01	20736.00	26100.31	582186.93	582186.93	0.00	0.00	0.00	0.00	4.06	0.00	0.21
317	34.00	33.00	522.01	20736.00	26100.31	582186.93	582186.93	0.00	0.00	0.00	0.00	4.32	0.00	0.21
318	34.00	34.00	522.01	20736.00	26100.31	582186.93	582186.93	0.00	0.00	0.00	0.00	4.40	0.00	0.21
319	35.00	34.00	522.01	20736.00	26100.31	582186.93	582186.93	0.00	0.00	0.00	0.00	4.33	0.00	0.21
320	36.00	34.00	522.01	20736.00	26100.31	582186.93	582186.93	0.00	0.00	0.00	0.00	4.27	0.00	0.21
321	37.00	34.00	522.01	20736.00	26100.31	582186.93	582186.93	0.00	0.00	0.00	0.00	4.21	0.00	0.21
322	37.00	35.00	522.01	20736.00	26100.31	582186.93	582186.93	0.00	0.00	0.00	0.00	4.19	0.00	0.21
323	38.00	35.00	522.01	20736.00	26100.31	582186.93	582186.93	0.00	0.00	0.00	0.00	4.14	0.00	0.21
324	38.00	36.00	522.01	20736.00	26100.31	582186.93	582186.93	0.00	0.00	0.00	0.00	4.12	0.00	0.21
325	38.00	37.00	522.01	20736.00	26100.31	582186.93	582186.93	0.00	0.00	0.00	0.00	4.29	0.00	0.21
326	39.00	37.00	522.01	20736.00	26100.31	582186.93	582186.93	0.00	0.00	0.00	0.00	4.24	0.00	0.21
327	39.00	38.00	522.01	20736.00	26100.31	582186.93	582186.93	0.00	0.00	0.00	0.00	4.45	0.00	0.21
328	40.00	38.00	522.01	20736.00	26100.31	582186.93	582186.93	0.00	0.00	0.00	0.00	4.40	0.00	0.21
329	40.00	39.00	522.01	20736.00	26100.31	582186.93	582186.93	0.00	0.00	0.00	0.00	4.45	0.00	0.21
330	40.00	40.00	522.01	20736.00	26100.31	582186.93	582186.93	0.00	0.00	0.00	0.00	4.47	0.00	0.21
331	41.00	40.00	522.01	20736.00	26100.31	582186.93	582186.93	0.00	0.00	0.00	0.00	4.42	0.00	0.21
332	41.00	41.00	522.01	20736.00	26100.31	582186.93	582186.93	0.00	0.00	0.00	0.00	4.50	0.00	0.21
333	41.00	42.00	522.01	20736.00	26100.31	582186.93	582186.93	0.00	0.00	0.00	0.00	4.69	0.00	0.21
334	41.00	43.00	522.01	20736.00	26100.31	582186.93	582186.93	0.00	0.00	0.00	0.00	5.05	0.00	0.21
335	41.00	44.00	522.01	20736.00	26100.31	582186.93	582186.93	0.00	0.00	0.00	0.00	5.23	0.00	0.21
336	42.00	44.00	522.01	20736.00	26100.31	582186.93	582186.93	0.00	0.00	0.00	0.00	5.17	0.00	0.21
337	42.00	45.00	522.01	20736.00	26100.31	582186.93	582186.93	0.00	0.00	0.00	0.00	5.24	0.00	0.21
338	42.00	46.00	522.01	20736.00	26100.31	582186.93	582186.93	0.00	0.00	0.00	0.00	5.30	0.00	0.21
339	42.00	47.00	522.01	20736.00	26100.31	582186.93	582186.93	0.00	0.00	0.00	0.00	5.33	0.00	0.21
340	43.00	47.00	522.01	20736.00	26100.31	577339.21	577339.21	0.00	0.00	0.00	0.00	5.27	0.00	0.20
341	44.00	47.00	522.01	20736.00	26100.31	577339.21	577339.21	0.00	0.00	0.00	0.00	5.22	0.00	0.20
342	44.00	48.00	522.01	20736.00	26100.31	577339.21	577339.21	0.00	0.00	0.00	0.00	5.34	0.00	0.20
343	45.00	48.00	522.01	20736.00	26100.31	577339.21	577339.21	0.00	0.00	0.00	0.00	5.29	0.00	0.20
344	46.00	48.00	522.01	20736.00	26100.31	577339.21	577339.21	0.00	0.00	0.00	0.00	5.23	0.00	0.20
345	47.00	48.00	522.01	20736.00	26100.31	577339.21	577339.21	0.00	0.00	0.00	0.00	5.17	0.00	0.20
346	47.00	49.00	522.01	20736.00	26100.31	577339.21	577339.21	0.00	0.00	0.00	0.00	5.22	0.00	0.20
347	47.00	50.00	522.01	20736.00	26100.31	577339.21	577339.21	0.00	0.00	0.00	0.00	5.19	0.00	0.20
348	48.00	50.00	522.01	20736.00	26100.31	577339.21	577339.21	0.00	0.00	0.00	0.00	5.14	0.00	0.20
349	49.00	50.00	522.01	20736.00	26100.31	577339.21	577339.21	0.00	0.00	0.00	0.00	5.09	0.00	0.20
350	50.00	50.00	522.01	20736.00	26100.31	577339.21	577339.21	0.00	0.00	0.00	0.00	5.04	0.00	0.20
351	51.00	50.00	522.01	20736.00	26100.31	577339.21	577339.21	0.00	0.00	0.00	0.00	4.99	0.00	0.20
352	51.00	51.00	522.01	20736.00	26100.31	577339.21	577339.21	0.00	0.00	0.00	0.00	5.10	0.00	0.20
353	51.00	52.00	522.01	20736.00	26100.31	577339.21	577339.21	0.00	0.00	0.00	0.00	5.36	0.00	0.20
354	52.00	52.00	522.01	20736.00	26100.31	577339.21	577339.21	0.00	0.00	0.00	0.00	5.31	0.00	0.20
355	53.00	52.00	522.01	20736.00	26100.31	577339.21	577339.21	0.00	0.00	0.00	0.00	5.26	0.00	0.20
356	53.00	53.00	522.01	20736.00	26100.31	577339.21	577339.21	0.00	0.00	0.00	0.00	5.24	0.00	0.20
357	53.00	54.00	522.01	20736.00	26100.31	577339.21	577339.21	0.00	0.00	0.00	0.00	5.22	0.00	0.20
358	54.00	54.00	522.01	20736.00	26100.31	577339.21	577339.21	0.00	0.00	0.00	0.00	5.18	0.00	0.20
359	54.00	55.00	522.01	20736.00	26100.31	577339.21	577339.21	0.00	0.00	0.00	0.00	5.21	0.00	0.20
360	54.00	56.00	522.01	20736.00	26100.31	577339.21	577339.21	0.00	0.00	0.00	0.00	5.19	0.00	0.20
361	55.00	56.00	522.01	20736.00	26100.31	577339.21	577339.21	0.00	0.00	0.00	0.00	5.15	0.00	0.20
362	55.00	57.00	522.01	20736.00	26100.31	577339.21	577339.21	0.00	0.00	0.00	0.00	5.17	0.00	0.20
363	55.00	58.00	522.01	20736.00	26100.31	577339.21	577339.21	0.00	0.00	0.00	0.00	5.59	0.00	0.20
364	55.00	59.00	522.01	20736.00	26100.31	577339.21	577339.21	0.00	0.00	0.00	0.00	5.88	0.00	0.20
365	56.00	59.00	522.01	20736.00	26100.31	577339.21	577339.21	0.00	0.00	0.00	0.00	5.83	0.00	0.20
366	56.00	60.00	522.01	20736.00	26100.31	577339.21	577339.21	0.00	0.00	0.00	0.00	5.92	0.00	0.20
367	56.00	61.00	522.01	20736.00	26100.31	577339.21	577339.21	0.00	0.00	0.00	0.00	5.93	0.00	0.20
368	56.00	62.00	522.01	20736.00	26100.31	577339.21	577339.21	0.00	0.00	0.00	0.00	5.89	0.00	0.20
369	57.00	62.00	522.01	20736.00	26100.31	577339.21	577339.21	0.00	0.00	0.00	0.00	5.85	0.00	0.20
370	57.00	63.00	522.01	20736.00	26100.31	577339.21	577339.21	0.00	0.00	0.00	0.00	5.86	0.00	0.20
371	57.00	64.00	522.01	20736.00	26100.31	577339.21	577339.21	0.00	0.00	0.00	0.00	5.88	0.00	0.20
372	58.00	64.00	522.01	20736.00	26100.31	543405.17	543405.17	0.00	0.00	0.00	0.00	5.83	0.00	0.13
373	58.00	65.00	522.01	20736.00	26100.31	543405.17	543405.17	0.00	0.00	0.00	0.00	5.80	0.00	0.13
374	59.00	65.00	522.01	20736.00	26100.31	543405.17	543405.17	0.00	0.00	0.00	0.00	5.76	0.00	0.13
375	59.00	66.00	522.01	20736.00	26100.31	543405.17	543405.17	0.00	0.00	0.00	0.00	5.82	0.00	0.13
376	59.00	67.00	522.01	20736.00	26100.31	543405.17	543405.17	0.00	0.00	0.00	0.00	5.81	0.00	0.13
377	60.00	67.00	522.01	20736.00	26100.31	543405.17	543405.17	0.00	0.00	0.00	0.00	5.76	0.00	0.13
378	60.00	68.00	522.01	20736.00	26100.31	543405.17	543405.17	0.00	0.00	0.00	0.00	5.77	0.00	0.13
379	61.00	68.00	522.01	20736.00	26100.31	543405.17	543405.17	0.00	0.00	0.00	0.00	5.73	0.00	0.13
380	62.00	68.00	522.01	20736.00	26100.31	543405.17	543405.17	0.00	0.00	0.00	0.00	5.68	0.00	0.13
381	62.00	69.00	522.01	20736.00	26100.31	543405.17	543405.17	0.00	0.00	0.00	0.00	5.66	0.00	0.13
382	62.00	70.00	522.01	20736.00	26100.31	543405.17	543405.17	0.00	0.00	0.00	0.00	5.71	0.00	0.13
383	62.00	71.00	522.01	20736.00	26100.31	543405.17	543405.17	0.00	0.00	0.00	0.00	5.82	0.00	0.13
384	62.00	72.00	522.01	20736.00	26100.31	543405.17	543405.17	0.00	0.00	0.00	0.00	5.88	0.00	0.13
385	63.00	72.00	522.01	20736.00	26100.31	543405.17	543405.17	0.00	0.00	0.00	0.00	5.84	0.00	0.13
386	63.00	73.00	522.01	20736.00	26100.31	543405.17	543405.17	0.00	0.00	0.00	0.00	6.08	0.00	0.13
387	64.00	73.00	522.01	20736.00	26100.31	543405.17	543405.17	0.00	0.00	0.00	0.00	6.04	0.00	0.13
388	64.00	74.00	522.01	20736.00	26100.31	543405.17	543405.17	0.00	0.00	0.00	0.00	6.20	0.00	0.13
389	65.00	74.00	522.01	20736.00	26100.31	543405.17	543405.17	0.00	0.00	0.00	0.00	6.15	0.00	0.13
390	66.00	74.00	522.01	20736.00	26100.31	543405.17	543405.17	0.00	0.00	0.00	0.00	6.11	0.00	0.13
391	67.00	74.00	522.01	20736.00	26100.31	543405.17	543405.17	0.00	0.00	0.00	0.00	6.07	0.00	0.13
392	68.00	74.00	522.01	20736.00	26100.31	543405.17	543405.17	0.00	0.00	0.00	0.00	6.02	0.00	0.13
393	69.00	74.00	522.01	20736.00	26100.31	543405.17	543405.17	0.00	0.00	0.00	0.00	5.98	0.00	0.13
394	70.00	74.00	522.01	20736.00	26100.31	543405.17	543405.17	0.00	0.00	0.00	0.00	5.94	0.00	0.13
395	71.00	74.00	522.01	20736.00	26100.31	543405.17	543405.17	0.00	0.00	0.00	0.00	5.90	0.00	0.13
396	72.00	74.00	522.01	20736.00	26100.31	543405.17	543405.17	0.00	0.00	0.00	0.00	5.86	0.00	0.13
397	72.00	25.00	522.01	20736.00	26100.31	543405.17	543405.17	0.00	0.00	0.00	0.00	2.04	0.00	0.13
398	72.00	26.00	522.01	20736.00	26100.31	543405.17	543405.17	0.00	0.00	0.00	0.00	2.30	0.00	0.13
399	73.00	26.00	522.01	20736.00	26100.31	543405.17	543405.17	0.00	0.00	0.00	0.00	2.27	0.00	0.13
400	73.00	27.00	522.01	20736.00	26100.31	543405.17	543405.17	0.00	0.00	0.00	0.00	2.39	0.00	0.13
401	73.00	28.00	443.71	24883.20	22185.27	543405.17	543405.17	0.00	0.00	0.00	0.00	2.52	0.00	0.13
402	73.00	29.00	443.71	24883.20	22185.27	543405.17	543405.17	0.00	0.00	0.00	0.00	3.23	0.00	0.13
403	73.00	30.00	443.71	24883.20	22185.27	543405.17	543405.17	0.00	0.00	0.00	0.00	3.31	0.00	0.13
404	73.00	31.00	443.71	24883.20	22185.27	543405.17	543405.17	0.00	0.00	0.00	0.00	3.31	0.00	0.13
405	74.00	31.00	443.71	24883.20	22185.27	543405.17	543405.17	0.00	0.00	0.00	0.00	3.28	0.00	0.13
406	74.00	32.00	443.71	24883.20	22185.27	543405.17	543405.17	0.00	0.00	0.00	0.00	3.36	0.00	0.13
407	25.00	32.00	443.71	24883.20	22185.27	543405.17	543405.17	0.00	0.00	0.00	0.00	6.24	0.00	0.13
408	26.00	32.00	443.71	24883.20	22185.27	543405.17	543405.17	0.00	0.00	0.00	0.00	6.13	0.00	0.13
409	27.00	32.00	443.71	24883.20	22185.27	543405.17	543405.17	0.00	0.00	0.00	0.00	6.03	0.00	0.13
410	28.00	32.00	443.71	24883.20	22185.27	543405.17	543405.17	0.00	0.00	0.00	0.00	5.93	0.00	0.13
411	28.00	33.00	443.71	24883.20	22185.27	543405.17	543405.17	0.00	0.00	0.00	0.00	6.02	0.00	0.13
412	28.00	34.00	443.71	24883.20	22185.27	543405.17	543405.17	0.00	0.00	0.00	0.00	6.03	0.00	0.13
413	28.00	35.00	443.71	24883.20	22185.27	543405.17	543405.17	0.00	0.00	0.00	0.00	6.08	0.00	0.13
414	28.00	36.00	443.71	24883.20	22185.27	543405.17	543405.17	0.00	0.00	0.00	0.00	6.16	0.00	0.13
415	28.00	37.00	443.71	24883.20	22185.27	543405.17	543405.17	0.00	0.00	0.00	0.00	6.18	0.00	0.13
416	28.00	38.00	443.71	24883.20	22185.27	543405.17	543405.17	0.00	0.00	0.00	0.00	6.64	0.00	0.13
417	29.00	38.00	443.71	24883.20	22185.27	543405.17	543405.17	0.00	0.00	0.00	0.00	6.54	0.00	0.13
418	29.00	39.00	443.71	24883.20	22185.27	543405.17	543405.17	0.00	0.00	0.00	0.00	6.69	0.00	0.13
419	30.00	39.00	443.71	24883.20	22185.27	543405.17	543405.17	0.00	0.00	0.00	0.00	6.59	0.00	0.13
420	31.00	39.00	443.71	24883.20	22185.27	543405.17	543405.17	0.00	0.00	0.00	0.00	6.50	0.00	0.13
421	31.00	40.00	443.71	24883.20	22185.27	543405.17	543405.17	0.00	0.00	0.00	0.00	6.45	0.00	0.13
422	32.00	40.00	443.71	24883.20	22185.27	543405.17	543405.17	0.00	0.00	0.00	0.00	6.36	0.00	0.13
423	33.00	40.00	443.71	24883.20	22185.27	543405.17	543405.17	0.00	0.00	0.00	0.00	6.27	0.00	0.13
424	33.00	41.00	443.71	24883.20	22185.27	543405.17	543405.17	0.00	0.00	0.00	0.00	6.76	0.00	0.13
425	33.00	42.00	443.71	24883.20	22185.27	543405.17	543405.17	0.00	0.00	0.00	0.00	6.95	0.00	0.13
426	33.00	43.00	443.71	24883.20	22185.27	543405.17	543405.17	0.00	0.00	0.00	0.00	7.06	0.00	0.13
427	33.00	44.00	443.71	24883.20	22185.27	543405.17	543405.17	0.00	0.00	0.00	0.00	7.19	0.00	0.13
428	34.00	44.00	443.71	24883.20	22185.27	543405.17	543405.17	0.00	0.00	0.00	0.00	7.09	0.00	0.13
429	34.00	45.00	443.71	24883.20	22185.27	543405.17	543405.17	0.00	0.00	0.00	0.00	7.58	0.00	0.13
430	34.00	46.00	443.71	24883.20	22185.27	543405.17	543405.17	0.00	0.00	0.00	0.00	7.76	0.00	0.13
431	35.00	46.00	443.71	24883.20	22185.27	543405.17	543405.17	0.00	0.00	0.00	0.00	7.66	0.00	0.13
432	35.00	47.00	443.71	24883.20	22185.27	543405.17	543405.17	0.00	0.00	0.00	0.00	8.11	0.00	0.13
433	36.00	47.00	443.71	24883.20	22185.27	543405.17	543405.17	0.00	0.00	0.00	0.00	8.02	0.00	0.13
434	37.00	47.00	443.71	24883.20	22185.27	543405.17	543405.17	0.00	0.00	0.00	0.00	7.92	0.00	0.13
435	37.00	48.00	443.71	24883.20	22185.27	543405.17	543405.17	0.00	0.00	0.00	0.00	8.28	0.00	0.13
436	37.00	49.00	443.71	24883.20	22185.27	543405.17	543405.17	0.00	0.00	0.00	0.00	8.47	0.00	0.13
437	38.00	49.00	443.71	24883.20	22185.27	543405.17	543405.17	0.00	0.00	0.00	0.00	8.37	0.00	0.13
438	39.00	49.00	443.71	24883.20	22185.27	543405.17	543405.17	0.00	0.00	0.00	0.00	8.28	0.00	0.13
439	39.00	50.00	443.71	24883.20	22185.27	543405.17	543405.17	0.00	0.00	0.00	0.00	8.31	0.00	0.13
440	40.00	50.00	443.71	24883.20	22185.27	543405.17	543405.17	0.00	0.00	0.00	0.00	8.22	0.00	0.13
441	40.00	51.00	443.71	24883.20	22185.27	543405.17	543405.17	0.00	0.00	0.00	0.00	8.33	0.00	0.13
442	41.00	51.00	443.71	24883.20	22185.27	543405.17	543405.17	0.00	0.00	0.00	0.00	8.24	0.00	0.13
443	42.00	51.00	443.71	24883.20	22185.27	543405.17	543405.17	0.00	0.00	0.00	0.00	8.15	0.00	0.13
444	42.00	52.00	443.71	24883.20	22185.27	543405.17	543405.17	0.00	0.00	0.00	0.00	8.53	0.00	0.13
445	42.00	53.00	443.71	24883.20	22185.27	543405.17	543405.17	0.00	0.00	0.00	0.00	8.82	0.00	0.13
446	42.00	54.00	443.71	24883.20	22185.27	543405.17	543405.17	0.00	0.00	0.00	0.00	8.84	0.00	0.13
447	43.00	54.00	443.71	24883.20	22185.27	543405.17	543405.17	0.00	0.00	0.00	0.00	8.75	0.00	0.13
448	44.00	54.00	443.71	24883.20	22185.27	543405.17	543405.17	0.00	0.00	0.00	0.00	8.66	0.00	0.13
449	44.00	55.00	443.71	24883.20	22185.27	543405.17	543405.17	0.00	0.00	0.00	0.00	8.66	0.00	0.13
450	44.00	56.00	443.71	24883.20	22185.27	543405.17	543405.17	0.00	0.00	0.00	0.00	8.70	0.00	0.13
451	45.00	56.00	443.71	24883.20	22185.27	543405.17	543405.17	0.00	0.00	0.00	0.00	8.62	0.00	0.13
452	45.00	57.00	443.71	24883.20	22185.27	543405.17	543405.17	0.00	0.00	0.00	0.00	8.60	0.00	0.13
453	45.00	58.00	443.71	24883.20	22185.27	543405.17	543405.17	0.00	0.00	0.00	0.00	8.68	0.00	0.13
454	46.00	58.00	443.71	24883.20	22185.27	543405.17	543405.17	0.00	0.00	0.00	0.00	8.60	0.00	0.13
455	47.00	58.00	443.71	24883.20	22185.27	543405.17	543405.17	0.00	0.00	0.00	0.00	8.52	0.00	0.13
456	48.00	58.00	443.71	24883.20	22185.27	543405.17	543405.17	0.00	0.00	0.00	0.00	8.44	0.00	0.13
457	48.00	59.00	443.71	24883.20	22185.27	543405.17	543405.17	0.00	0.00	0.00	0.00	8.40	0.00	0.13
458	48.00	60.00	443.71	24883.20	22185.27	543405.17	543405.17	0.00	0.00	0.00	0.00	8.58	0.00	0.13
459	49.00	60.00	443.71	24883.20	22185.27	543405.17	543405.17	0.00	0.00	0.00	0.00	8.50	0.00	0.13
460	50.00	60.00	443.71	24883.20	22185.27	543405.17	543405.17	0.00	0.00	0.00	0.00	8.42	0.00	0.13
461	51.00	60.00	443.71	24883.20	22185.27	543405.17	543405.17	0.00	0.00	0.00	0.00	8.34	0.00	0.13
462	51.00	61.00	443.71	24883.20	22185.27	543405.17	543405.17	0.00	0.00	0.00	0.00	8.30	0.00	0.13
463	51.00	62.00	443.71	24883.20	22185.27	543405.17	543405.17	0.00	0.00	0.00	0.00	8.57	0.00	0.13
464	52.00	62.00	443.71	24883.20	22185.27	543405.17	543405.17	0.00	0.00	0.00	0.00	8.50	0.00	0.13
465	53.00	62.00	443.71	24883.20	22185.27	543405.17	543405.17	0.00	0.00	0.00	0.00	8.42	0.00	0.13
466	53.00	63.00	443.71	24883.20	22185.27	543405.17	543405.17	0.00	0.00	0.00	0.00	8.54	0.00	0.13
467	54.00	63.00	443.71	24883.20	22185.27	543405.17	543405.17	0.00	0.00	0.00	0.00	8.46	0.00	0.13
468	54.00	64.00	443.71	24883.20	22185.27	543405.17	543405.17	0.00	0.00	0.00	0.00	8.59	0.00	0.13
469	54.00	65.00	443.71	24883.20	22185.27	543405.17	543405.17	0.00	0.00	0.00	0.00	8.62	0.00	0.13
470	54.00	66.00	443.71	24883.20	22185.27	543405.17	543405.17	0.00	0.00	0.00	0.00	8.70	0.00	0.13
471	55.00	66.00	443.71	24883.20	22185.27	543405.17	543405.17	0.00	0.00	0.00	0.00	8.63	0.00	0.13
472	55.00	67.00	443.71	24883.20	22185.27	543405.17	543405.17	0.00	0.00	0.00	0.00	8.59	0.00	0.13
473	56.00	67.00	443.71	24883.20	22185.27	543405.17	543405.17	0.00	0.00	0.00	0.00	8.52	0.00	0.13
474	56.00	68.00	443.71	24883.20	22185.27	543405.17	543405.17	0.00	0.00	0.00	0.00	8.54	0.00	0.13
475	56.00	69.00	443.71	24883.20	22185.27	543405.17	543405.17	0.00	0.00	0.00	0.00	8.56	0.00	0.13
476	56.00	70.00	443.71	24883.20	22185.27	543405.17	543405.17	0.00	0.00	0.00	0.00	8.76	0.00	0.13
477	56.00	71.00	443.71	24883.20	22185.27	543405.17	543405.17	0.00	0.00	0.00	0.00	8.72	0.00	0.13
478	56.00	72.00	443.71	24883.20	22185.27	543405.17	543405.17	0.00	0.00	0.00	0.00	8.72	0.00	0.13
479	57.00	72.00	443.71	24883.20	22185.27	543405.17	543405.17	0.00	0.00	0.00	0.00	8.65	0.00	0.13
480	57.00	73.00	443.71	24883.20	22185.27	543405.17	543405.17	0.00	0.00	0.00	0.00	8.65	0.00	0.13
481	58.00	73.00	443.71	24883.20	22185.27	543405.17	543405.17	0.00	0.00	0.00	0.00	8.58	0.00	0.13
482	59.00	73.00	443.71	24883.20	22185.27	543405.17	543405.17	0.00	0.00	0.00	0.00	8.52	0.00	0.13
483	60.00	73.00	443.71	24883.20	22185.27	543405.17	543405.17	0.00	0.00	0.00	0.00	8.45	0.00	0.13
484	61.00	73.00	443.71	24883.20	22185.27	543405.17	543405.17	0.00	0.00	0.00	0.00	8.39	0.00	0.13
485	61.00	74.00	443.71	24883.20	22185.27	543405.17	543405.17	0.00	0.00	0.00	0.00	8.40	0.00	0.13
486	62.00	74.00	443.71	24883.20	22185.27	538557.45	538557.45	0.00	0.00	0.00	0.00	8.33	0.00	0.12
487	63.00	74.00	443.71	24883.20	22185.27	538557.45	538557.45	0.00	0.00	0.00	0.00	8.27	0.00	0.12
488	63.00	25.00	443.71	24883.20	22185.27	538557.45	538557.45	0.00	0.00	0.00	0.00	1.96	0.00	0.12
489	63.00	26.00	443.71	24883.20	22185.27	538557.45	538557.45	0.00	0.00	0.00	0.00	1.97	0.00	0.12
490	64.00	26.00	443.71	24883.20	22185.27	538557.45	538557.45	0.00	0.00	0.00	0.00	1.95	0.00	0.12
491	64.00	27.00	443.71	24883.20	22185.27	538557.45	538557.45	0.00	0.00	0.00	0.00	2.01	0.00	0.12
492	65.00	27.00	443.71	24883.20	22185.27	538557.45	538557.45	0.00	0.00	0.00	0.00	1.99	0.00	0.12
493	66.00	27.00	443.71	24883.20	22185.27	538557.45	538557.45	0.00	0.00	0.00	0.00	1.97	0.00	0.12
494	67.00	27.00	443.71	24883.20	22185.27	538557.45	538557.45	0.00	0.00	0.00	0.00	1.94	0.00	0.12
495	68.00	27.00	443.71	24883.20	22185.27	538557.45	538557.45	0.00	0.00	0.00	0.00	1.92	0.00	0.12
496	68.00	28.00	443.71	24883.20	22185.27	538557.45	538557.45	0.00	0.00	0.00	0.00	2.08	0.00	0.12
497	69.00	28.00	443.71	24883.20	22185.27	538557.45	538557.45	0.00	0.00	0.00	0.00	2.06	0.00	0.12
498	69.00	29.00	443.71	24883.20	22185.27	538557.45	538557.45	0.00	0.00	0.00	0.00	2.13	0.00	0.12
499	69.00	30.00	443.71	24883.20	22185.27	538557.45	538557.45	0.00	0.00	0.00	0.00	2.19	0.00	0.12
500	70.00	30.00	443.71	24883.20	22185.27	538557.45	538557.45	0.00	0.00	0.00	0.00	2.17	0.00	0.12
501	71.00	30.00	377.15	29859.84	18857.48	538557.45	538557.45	0.00	0.00	0.00	0.00	2.15	0.00	0.12
502	72.00	30.00	377.15	29859.84	18857.48	538557.45	538557.45	0.00	0.00	0.00	0.00	2.13	0.00	0.12
503	73.00	30.00	377.15	29859.84	18857.48	538557.45	538557.45	0.00	0.00	0.00	0.00	2.11	0.00	0.12
504	73.00	31.00	377.15	29859.84	18857.48	538557.45	538557.45	0.00	0.00	0.00	0.00	2.18	0.00	0.12
505	73.00	32.00	377.15	29859.84	18857.48	538557.45	538557.45	0.00	0.00	0.00	0.00	2.18	0.00	0.12
506	74.00	32.00	377.15	29859.84	18857.48	538557.45	538557.45	0.00	0.00	0.00	0.00	2.16	0.00	0.12
507	25.00	32.00	377.15	29859.84	18857.48	538557.45	538557.45	0.00	0.00	0.00	0.00	4.02	0.00	0.12
508	25.00	33.00	377.15	29859.84	18857.48	538557.45	538557.45	0.00	0.00	0.00	0.00	4.00	0.00	0.12
509	26.00	33.00	377.15	29859.84	18857.48	538557.45	538557.45	0.00	0.00	0.00	0.00	3.93	0.00	0.12
510	26.00	34.00	377.15	29859.84	18857.48	538557.45	538557.45	0.00	0.00	0.00	0.00	4.46	0.00	0.12
511	26.00	35.00	377.15	29859.84	18857.48	538557.45	538557.45	0.00	0.00	0.00	0.00	4.61	0.00	0.12
512	26.00	36.00	377.15	29859.84	18857.48	538557.45	538557.45	0.00	0.00	0.00	0.00	4.55	0.00	0.12
513	26.00	37.00	377.15	29859.84	18857.48	538557.45	538557.45	0.00	0.00	0.00	0.00	4.59	0.00	0.12
514	27.00	37.00	377.15	29859.84	18857.48	538557.45	538557.45	0.00	0.00	0.00	0.00	4.52	0.00	0.12
515	28.00	37.00	377.15	29859.84	18857.48	538557.45	538557.45	0.00	0.00	0.00	0.00	4.45	0.00	0.12
516	28.00	38.00	377.15	29859.84	18857.48	538557.45	538557.45	0.00	0.00	0.00	0.00	4.44	0.00	0.12
517	29.00	38.00	377.15	29859.84	18857.48	538557.45	538557.45	0.00	0.00	0.00	0.00	4.37	0.00	0.12
518	29.00	39.00	377.15	29859.84	18857.48	538557.45	538557.45	0.00	0.00	0.00	0.00	4.56	0.00	0.12
519	29.00	40.00	377.15	29859.84	18857.48	538557.45	538557.45	0.00	0.00	0.00	0.00	5.86	0.00	0.12
520	30.00	40.00	377.15	29859.84	18857.48	538557.45	538557.45	0.00	0.00	0.00	0.00	5.77	0.00	0.12
521	31.00	40.00	377.15	29859.84	18857.48	538557.45	538557.45	0.00	0.00	0.00	0.00	5.69	0.00	0.12
522	32.00	40.00	377.15	29859.84	18857.48	538557.45	538557.45	0.00	0.00	0.00	0.00	5.61	0.00	0.12
523	33.00	40.00	377.15	29859.84	18857.48	538557.45	538557.45	0.00	0.00	0.00	0.00	5.54	0.00	0.12
524	34.00	40.00	377.15	29859.84	18857.48	538557.45	538557.45	0.00	0.00	0.00	0.00	5.46	0.00	0.12
525	35.00	40.00	377.15	29859.84	18857.48	538557.45	538557.45	0.00	0.00	0.00	0.00	5.39	0.00	0.12
526	35.00	41.00	377.15	29859.84	18857.48	538557.45	538557.45	0.00	0.00	0.00	0.00	5.47	0.00	0.12
527	36.00	41.00	377.15	29859.84	18857.48	538557.45	538557.45	0.00	0.00	0.00	0.00	5.40	0.00	0.12
528	36.00	42.00	377.15	29859.84	18857.48	538557.45	538557.45	0.00	0.00	0.00	0.00	5.47	0.00	0.12
529	37.00	42.00	377.15	29859.84	18857.48	538557.45	538557.45	0.00	0.00	0.00	0.00	5.41	0.00	0.12
530	37.00	43.00	377.15	29859.84	18857.48	538557.45	538557.45	0.00	0.00	0.00	0.00	5.46	0.00	0.12
531	38.00	43.00	377.15	29859.84	18857.48	538557.45	538557.45	0.00	0.00	0.00	0.00	5.39	0.00	0.12
532	38.00	44.00	377.15	29859.84	18857.48	538557.45	538557.45	0.00	0.00	0.00	0.00	5.40	0.00	0.12
533	38.00	45.00	377.15	29859.84	18857.48	538557.45	538557.45	0.00	0.00	0.00	0.00	5.79	0.00	0.12
534	38.00	46.00	377.15	29859.84	18857.48	538557.45	538557.45	0.00	0.00	0.00	0.00	6.02	0.00	0.12
535	39.00	46.00	377.15	29859.84	18857.48	538557.45	538557.45	0.00	0.00	0.00	0.00	5.95	0.00	0.12
536	39.00	47.00	377.15	29859.84	18857.48	538557.45	538557.45	0.00	0.00	0.00	0.00	5.98	0.00	0.12
537	39.00	48.00	377.15	29859.84	18857.48	538557.45	538557.45	0.00	0.00	0.00	0.00	6.25	0.00	0.12
538	40.00	48.00	377.15	29859.84	18857.48	538557.45	538557.45	0.00	0.00	0.00	0.00	6.18	0.00	0.12
539	41.00	48.00	377.15	29859.84	18857.48	538557.45	538557.45	0.00	0.00	0.00	0.00	6.11	0.00	0.12
540	42.00	48.00	377.15	29859.84	18857.48	538557.45	538557.45	0.00	0.00	0.00	0.00	6.04	0.00	0.12
541	42.00	49.00	377.15	29859.84	18857.48	538557.45	538557.45	0.00	0.00	0.00	0.00	6.08	0.00	0.12
542	42.00	50.00	377.15	29859.84	18857.48	538557.45	538557.45	0.00	0.00	0.00	0.00	6.85	0.00	0.12
543	43.00	50.00	377.15	29859.84	18857.48	538557.45	538557.45	0.00	0.00	0.00	0.00	6.78	0.00	0.12
544	43.00	51.00	377.15	29859.84	18857.48	538557.45	538557.45	0.00	0.00	0.00	0.00	6.83	0.00	0.12
545	44.00	51.00	377.15	29859.84	18857.48	538557.45	538557.45	0.00	0.00	0.00	0.00	6.76	0.00	0.12
546	45.00	51.00	377.15	29859.84	18857.48	538557.45	538557.45	0.00	0.00	0.00	0.00	6.69	0.00	0.12
547	45.00	52.00	377.15	29859.84	18857.48	538557.45	538557.45	0.00	0.00	0.00	0.00	6.72	0.00	0.12
548	46.00	52.00	377.15	29859.84	18857.48	538557.45	538557.45	0.00	0.00	0.00	0.00	6.65	0.00	0.12
549	47.00	52.00	377.15	29859.84	18857.48	538557.45	538557.45	0.00	0.00	0.00	0.00	6.59	0.00	0.12
550	48.00	52.00	377.15	29859.84	18857.48	538557.45	538557.45	0.00	0.00	0.00	0.00	6.52	0.00	0.12
551	48.00	53.00	377.15	29859.84	18857.48	538557.45	538557.45	0.00	0.00	0.00	0.00	6.52	0.00	0.12
552	49.00	53.00	377.15	29859.84	18857.48	538557.45	538557.45	0.00	0.00	0.00	0.00	6.46	0.00	0.12
553	50.00	53.00	377.15	29859.84	18857.48	538557.45	538557.45	0.00	0.00	0.00	0.00	6.39	0.00	0.12
554	51.00	53.00	377.15	29859.84	18857.48	538557.45	538557.45	0.00	0.00	0.00	0.00	6.33	0.00	0.12
555	52.00	53.00	377.15	29859.84	18857.48	538557.45	538557.45	0.00	0.00	0.00	0.00	6.27	0.00	0.12
556	53.00	53.00	377.15	29859.84	18857.48	538557.45	538557.45	0.00	0.00	0.00	0.00	6.21	0.00	0.12
557	54.00	53.00	377.15	29859.84	18857.48	538557.45	538557.45	0.00	0.00	0.00	0.00	6.15	0.00	0.12
558	55.00	53.00	377.15	29859.84	18857.48	538557.45	538557.45	0.00	0.00	0.00	0.00	6.10	0.00	0.12
559	55.00	54.00	377.15	29859.84	18857.48	538557.45	538557.45	0.00	0.00	0.00	0.00	6.58	0.00	0.12
560	56.00	54.00	377.15	29859.84	18857.48	538557.45	538557.45	0.00	0.00	0.00	0.00	6.52	0.00	0.12
561	57.00	54.00	377.15	29859.84	18857.48	538557.45	538557.45	0.00	0.00	0.00	0.00	6.46	0.00	0.12
562	58.00	54.00	377.15	29859.84	18857.48	538557.45	538557.45	0.00	0.00	0.00	0.00	6.41	0.00	0.12
563	59.00	54.00	377.15	29859.84	18857.48	538557.45	538557.45	0.00	0.00	0.00	0.00	6.35	0.00	0.12
564	59.00	55.00	377.15	29859.84	18857.48	538557.45	538557.45	0.00	0.00	0.00	0.00	6.40	0.00	0.12
565	59.00	56.00	377.15	29859.84	18857.48	538557.45	538557.45	0.00	0.00	0.00	0.00	6.43	0.00	0.12
566	60.00	56.00	377.15	29859.84	18857.48	538557.45	538557.45	0.00	0.00	0.00	0.00	6.37	0.00	0.12
567	61.00	56.00	377.15	29859.84	18857.48	538557.45	538557.45	0.00	0.00	0.00	0.00	6.32	0.00	0.12
568	61.00	57.00	377.15	29859.84	18857.48	538557.45	538557.45	0.00	0.00	0.00	0.00	6.47	0.00	0.12
569	62.00	57.00	377.15	29859.84	18857.48	538557.45	538557.45	0.00	0.00	0.00	0.00	6.42	0.00	0.12
570	62.00	58.00	377.15	29859.84	18857.48	538557.45	538557.45	0.00	0.00	0.00	0.00	6.39	0.00	0.12
571	62.00	59.00	377.15	29859.84	18857.48	538557.45	538557.45	0.00	0.00	0.00	0.00	6.46	0.00	0.12
572	62.00	60.00	377.15	29859.84	18857.48	538557.45	538557.45	0.00	0.00	0.00	0.00	6.43	0.00	0.12
573	62.00	61.00	377.15	29859.84	18857.48	538557.45	538557.45	0.00	0.00	0.00	0.00	6.64	0.00	0.12
574	63.00	61.00	377.15	29859.84	18857.48	538557.45	538557.45	0.00	0.00	0.00	0.00	6.59	0.00	0.12
575	64.00	61.00	377.15	29859.84	18857.48	538557.45	538557.45	0.00	0.00	0.00	0.00	6.53	0.00	0.12
576	64.00	62.00	377.15	29859.84	18857.48	538557.45	538557.45	0.00	0.00	0.00	0.00	6.53	0.00	0.12
577	64.00	63.00	377.15	29859.84	18857.48	538557.45	538557.45	0.00	0.00	0.00	0.00	6.87	0.00	0.12
578	65.00	63.00	377.15	29859.84	18857.48	538557.45	538557.45	0.00	0.00	0.00	0.00	6.82	0.00	0.12
579	66.00	63.00	377.15	29859.84	18857.48	538557.45	538557.45	0.00	0.00	0.00	0.00	6.76	0.00	0.12
580	67.00	63.00	377.15	29859.84	18857.48	538557.45	538557.45	0.00	0.00	0.00	0.00	6.71	0.00	0.12
581	67.00	64.00	377.15	29859.84	18857.48	538557.45	538557.45	0.00	0.00	0.00	0.00	6.68	0.00	0.12
582	68.00	64.00	377.15	29859.84	18857.48	538557.45	538557.45	0.00	0.00	0.00	0.00	6.62	0.00	0.12
583	69.00	64.00	377.15	29859.84	18857.48	538557.45	538557.45	0.00	0.00	0.00	0.00	6.57	0.00	0.12
584	70.00	64.00	377.15	29859.84	18857.48	538557.45	538557.45	0.00	0.00	0.00	0.00	6.53	0.00	0.12
585	71.00	64.00	377.15	29859.84	18857.48	538557.45	538557.45	0.00	0.00	0.00	0.00	6.48	0.00	0.12
586	72.00	64.00	377.15	29859.84	18857.48	538557.45	538557.45	0.00	0.00	0.00	0.00	6.43	0.00	0.12
587	73.00	64.00	377.15	29859.84	18857.48	538557.45	538557.45	0.00	0.00	0.00	0.00	6.38	0.00	0.12
588	74.00	64.00	377.15	29859.84	18857.48	538557.45	538557.45	0.00	0.00	0.00	0.00	6.34	0.00	0.12
589	74.00	65.00	377.15	29859.84	18857.48	538557.45	538557.45	0.00	0.00	0.00	0.00	6.41	0.00	0.12
590	74.00	66.00	377.15	29859.84	18857.48	538557.45	538557.45	0.00	0.00	0.00	0.00	6.42	0.00	0.12
591	25.00	66.00	377.15	29859.84	18857.48	538557.45	538557.45	0.00	0.00	0.00	0.00	9.87	0.00	0.12
592	26.00	66.00	377.15	29859.84	18857.48	538557.45	538557.45	0.00	0.00	0.00	0.00	9.77	0.00	0.12
593	27.00	66.00	377.15	29859.84	18857.48	538557.45	538557.45	0.00	0.00	0.00	0.00	9.66	0.00	0.12
594	28.00	66.00	377.15	29859.84	18857.48	538557.45	538557.45	0.00	0.00	0.00	0.00	9.56	0.00	0.12
595	28.00	67.00	377.15	29859.84	18857.48	538557.45	538557.45	0.00	0.00	0.00	0.00	10.61	0.00	0.12
596	28.00	68.00	377.15	29859.84	18857.48	538557.45	538557.45	0.00	0.00	0.00	0.00	10.57	0.00	0.12
597	28.00	69.00	377.15	29859.84	18857.48	538557.45	538557.45	0.00	0.00	0.00	0.00	10.66	0.00	0.12
598	29.00	69.00	377.15	29859.84	18857.48	538557.45	538557.45	0.00	0.00	0.00	0.00	10.55	0.00	0.12
599	29.00	70.00	377.15	29859.84	18857.48	538557.45	538557.45	0.00	0.00	0.00	0.00	10.56	0.00	0.12
600	30.00	70.00	377.15	29859.84	18857.48	538557.45	538557.45	0.00	0.00	0.00	0.00	10.46	0.00	0.12
601	31.00	70.00	320.58	35831.81	16028.85	538557.45	538557.45	0.00	0.00	0.00	0.00	10.35	0.00	0.12
602	32.00	70.00	320.58	35831.81	16028.85	538557.45	538557.45	0.00	0.00	0.00	0.00	10.25	0.00	0.12
603	33.00	70.00	320.58	35831.81	16028.85	538557.45	538557.45	0.00	0.00	0.00	0.00	10.15	0.00	0.12
604	34.00	70.00	320.58	35831.81	16028.85	538557.45	538557.45	0.00	0.00	0.00	0.00	10.06	0.00	0.12
605	34.00	71.00	320.58	35831.81	16028.85	538557.45	538557.45	0.00	0.00	0.00	0.00	10.54	0.00	0.12
606	35.00	71.00	320.58	35831.81	16028.85	538557.45	538557.45	0.00	0.00	0.00	0.00	10.44	0.00	0.12
607	36.00	71.00	320.58	35831.81	16028.85	538557.45	538557.45	0.00	0.00	0.00	0.00	10.34	0.00	0.12
608	37.00	71.00	320.58	35831.81	16028.85	538557.45	538557.45	0.00	0.00	0.00	0.00	10.24	0.00	0.12
609	38.00	71.00	320.58	35831.81	16028.85	538557.45	538557.45	0.00	0.00	0.00	0.00	10.15	0.00	0.12
610	39.00	71.00	320.58	35831.81	16028.85	538557.45	538557.45	0.00	0.00	0.00	0.00	10.06	0.00	0.12
611	40.00	71.00	320.58	35831.81	16028.85	538557.45	538557.45	0.00	0.00	0.00	0.00	9.97	0.00	0.12
612	40.00	72.00	320.58	35831.81	16028.85	538557.45	538557.45	0.00	0.00	0.00	0.00	9.99	0.00	0.12
613	41.00	72.00	320.58	35831.81	16028.85	538557.45	538557.45	0.00	0.00	0.00	0.00	9.91	0.00	0.12
614	42.00	72.00	320.58	35831.81	16028.85	538557.45	538557.45	0.00	0.00	0.00	0.00	9.82	0.00	0.12
615	43.00	72.00	320.58	35831.81	16028.85	538557.45	538557.45	0.00	0.00	0.00	0.00	9.73	0.00	0.12
616	44.00	72.00	320.58	35831.81	16028.85	538557.45	538557.45	0.00	0.00	0.00	0.00	9.65	0.00	0.12
617	45.00	72.00	320.58	35831.81	16028.85	538557.45	538557.45	0.00	0.00	0.00	0.00	9.57	0.00	0.12
618	45.00	73.00	320.58	35831.81	16028.85	538557.45	538557.45	0.00	0.00	0.00	0.00	10.40	0.00	0.12
619	46.00	73.00	320.58	35831.81	16028.85	538557.45	538557.45	0.00	0.00	0.00	0.00	10.31	0.00	0.12
620	46.00	74.00	320.58	35831.81	16028.85	538557.45	538557.45	0.00	0.00	0.00	0.00	10.31	0.00	0.12
621	46.00	25.00	320.58	35831.81	16028.85	538557.45	538557.45	0.00	0.00	0.00	0.00	3.06	0.00	0.12
622	47.00	25.00	320.58	35831.81	16028.85	538557.45	538557.45	0.00	0.00	0.00	0.00	3.01	0.00	0.12
623	47.00	26.00	320.58	35831.81	16028.85	538557.45	538557.45	0.00	0.00	0.00	0.00	3.20	0.00	0.12
624	47.00	27.00	320.58	35831.81	16028.85	538557.45	538557.45	0.00	0.00	0.00	0.00	3.31	0.00	0.12
625	47.00	28.00	320.58	35831.81	16028.85	538557.45	538557.45	0.00	0.00	0.00	0.00	3.39	0.00	0.12
626	48.00	28.00	320.58	35831.81	16028.85	538557.45	538557.45	0.00	0.00	0.00	0.00	3.35	0.00	0.12
627	49.00	28.00	320.58	35831.81	16028.85	538557.45	538557.45	0.00	0.00	0.00	0.00	3.31	0.00	0.12
628	50.00	28.00	320.58	35831.81	16028.85	538557.45	538557.45	0.00	0.00	0.00	0.00	3.26	0.00	0.12
629	50.00	29.00	320.58	35831.81	16028.85	538557.45	538557.45	0.00	0.00	0.00	0.00	3.38	0.00	0.12
630	51.00	29.00	320.58	35831.81	16028.85	538557.45	538557.45	0.00	0.00	0.00	0.00	3.34	0.00	0.12
631	51.00	30.00	320.58	35831.81	16028.85	538557.45	538557.45	0.00	0.00	0.00	0.00	3.39	0.00	0.12
632	52.00	30.00	320.58	35831.81	16028.85	538557.45	538557.45	0.00	0.00	0.00	0.00	3.34	0.00	0.12
633	53.00	30.00	320.58	35831.81	16028.85	538557.45	538557.45	0.00	0.00	0.00	0.00	3.30	0.00	0.12
634	54.00	30.00	320.58	35831.81	16028.85	538557.45	538557.45	0.00	0.00	0.00	0.00	3.27	0.00	0.12
635	55.00	30.00	320.58	35831.81	16028.85	538557.45	538557.45	0.00	0.00	0.00	0.00	3.23	0.00	0.12
636	55.00	31.00	320.58	35831.81	16028.85	538557.45	538557.45	0.00	0.00	0.00	0.00	3.21	0.00	0.12
637	55.00	32.00	320.58	35831.81	16028.85	538557.45	538557.45	0.00	0.00	0.00	0.00	3.20	0.00	0.12
638	55.00	33.00	320.58	35831.81	16028.85	538557.45	538557.45	0.00	0.00	0.00	0.00	3.35	0.00	0.12
639	56.00	33.00	320.58	35831.81	16028.85	538557.45	538557.45	0.00	0.00	0.00	0.00	3.31	0.00	0.12
640	57.00	33.00	320.58	35831.81	16028.85	538557.45	538557.45	0.00	0.00	0.00	0.00	3.28	0.00	0.12
641	58.00	33.00	320.58	35831.81	16028.85	538557.45	538557.45	0.00	0.00	0.00	0.00	3.24	0.00	0.12
642	58.00	34.00	320.58	35831.81	16028.85	538557.45	538557.45	0.00	0.00	0.00	0.00	3.24	0.00	0.12
643	58.00	35.00	320.58	35831.81	16028.85	538557.45	538557.45	0.00	0.00	0.00	0.00	3.33	0.00	0.12
644	58.00	36.00	320.58	35831.81	16028.85	538557.45	538557.45	0.00	0.00	0.00	0.00	3.61	0.00	0.12
645	59.00	36.00	320.58	35831.81	16028.85	538557.45	538557.45	0.00	0.00	0.00	0.00	3.57	0.00	0.12
646	60.00	36.00	320.58	35831.81	16028.85	538557.45	538557.45	0.00	0.00	0.00	0.00	3.53	0.00	0.12
647	60.00	37.00	320.58	35831.81	16028.85	538557.45	538557.45	0.00	0.00	0.00	0.00	3.71	0.00	0.12
648	61.00	37.00	320.58	35831.81	16028.85	538557.45	538557.45	0.00	0.00	0.00	0.00	3.67	0.00	0.12
649	61.00	38.00	320.58	35831.81	16028.85	538557.45	538557.45	0.00	0.00	0.00	0.00	3.72	0.00	0.12
650	62.00	38.00	320.58	35831.81	16028.85	538557.45	538557.45	0.00	0.00	0.00	0.00	3.68	0.00	0.12
651	63.00	38.00	320.58	35831.81	16028.85	538557.45	538557.45	0.00	0.00	0.00	0.00	3.64	0.00	0.12
652	63.00	39.00	320.58	35831.81	16028.85	538557.45	538557.45	0.00	0.00	0.00	0.00	3.63	0.00	0.12
653	63.00	40.00	320.58	35831.81	16028.85	538557.45	538557.45	0.00	0.00	0.00	0.00	3.65	0.00	0.12
654	64.00	40.00	320.58	35831.81	16028.85	538557.45	538557.45	0.00	0.00	0.00	0.00	3.62	0.00	0.12
655	65.00	40.00	320.58	35831.81	16028.85	538557.45	538557.45	0.00	0.00	0.00	0.00	3.59	0.00	0.12
656	66.00	40.00	320.58	35831.81	16028.85	538557.45	538557.45	0.00	0.00	0.00	0.00	3.55	0.00	0.12
657	67.00	40.00	320.58	35831.81	16028.85	538557.45	538557.45	0.00	0.00	0.00	0.00	3.52	0.00	0.12
658	67.00	41.00	320.58	35831.81	16028.85	538557.45	538557.45	0.00	0.00	0.00	0.00	3.96	0.00	0.12
659	68.00	41.00	320.58	35831.81	16028.85	538557.45	538557.45	0.00	0.00	0.00	0.00	3.92	0.00	0.12
660	69.00	41.00	320.58	35831.81	16028.85	538557.45	538557.45	0.00	0.00	0.00	0.00	3.88	0.00	0.12
661	70.00	41.00	320.58	35831.81	16028.85	538557.45	538557.45	0.00	0.00	0.00	0.00	3.85	0.00	0.12
662	71.00	41.00	320.58	35831.81	16028.85	538557.45	538557.45	0.00	0.00	0.00	0.00	3.82	0.00	0.12
663	72.00	41.00	320.58	35831.81	16028.85	538557.45	538557.45	0.00	0.00	0.00	0.00	3.78	0.00	0.12
664	73.00	41.00	320.58	35831.81	16028.85	538557.45	538557.45	0.00	0.00	0.00	0.00	3.75	0.00	0.12
665	74.00	41.00	320.58	35831.81	16028.85	538557.45	538557.45	0.00	0.00	0.00	0.00	3.72	0.00	0.12
666	25.00	41.00	320.58	35831.81	16028.85	538557.45	538557.45	0.00	0.00	0.00	0.00	6.47	0.00	0.12
667	25.00	42.00	320.58	35831.81	16028.85	538557.45	538557.45	0.00	0.00	0.00	0.00	6.63	0.00	0.12
668	26.00	42.00	320.58	35831.81	16028.85	538557.45	538557.45	0.00	0.00	0.00	0.00	6.53	0.00	0.12
669	27.00	42.00	320.58	35831.81	16028.85	538557.45	538557.45	0.00	0.00	0.00	0.00	6.44	0.00	0.12
670	28.00	42.00	320.58	35831.81	16028.85	538557.45	538557.45	0.00	0.00	0.00	0.00	6.35	0.00	0.12
671	28.00	43.00	320.58	35831.81	16028.85	538557.45	538557.45	0.00	0.00	0.00	0.00	6.52	0.00	0.12
672	29.00	43.00	320.58	35831.81	16028.85	538557.45	538557.45	0.00	0.00	0.00	0.00	6.43	0.00	0.12
673	30.00	43.00	320.58	35831.81	16028.85	538557.45	538557.45	0.00	0.00	0.00	0.00	6.34	0.00	0.12
674	30.00	44.00	320.58	35831.81	16028.85	538557.45	538557.45	0.00	0.00	0.00	0.00	6.39	0.00	0.12
675	31.00	44.00	320.58	35831.81	16028.85	538557.45	538557.45	0.00	0.00	0.00	0.00	6.31	0.00	0.12
676	31.00	45.00	320.58	35831.81	16028.85	538557.45	538557.45	0.00	0.00	0.00	0.00	6.33	0.00	0.12
677	32.00	45.00	320.58	35831.81	16028.85	538557.45	538557.45	0.00	0.00	0.00	0.00	6.25	0.00	0.12
678	33.00	45.00	320.58	35831.81	16028.85	538557.45	538557.45	0.00	0.00	0.00	0.00	6.17	0.00	0.12
679	33.00	46.00	320.58	35831.81	16028.85	538557.45	538557.45	0.00	0.00	0.00	0.00	6.30	0.00	0.12
680	33.00	47.00	320.58	35831.81	16028.85	538557.45	538557.45	0.00	0.00	0.00	0.00	6.38	0.00	0.12
681	34.00	47.00	320.58	35831.81	16028.85	538557.45	538557.45	0.00	0.00	0.00	0.00	6.30	0.00	0.12
682	35.00	47.00	320.58	35831.81	16028.85	538557.45	538557.45	0.00	0.00	0.00	0.00	6.23	0.00	0.12
683	35.00	48.00	320.58	35831.81	16028.85	538557.45	538557.45	0.00	0.00	0.00	0.00	6.20	0.00	0.12
684	36.00	48.00	320.58	35831.81	16028.85	538557.45	538557.45	0.00	0.00	0.00	0.00	6.13	0.00	0.12
685	37.00	48.00	320.58	35831.81	16028.85	538557.45	538557.45	0.00	0.00	0.00	0.00	6.05	0.00	0.12
686	37.00	49.00	320.58	35831.81	16028.85	538557.45	538557.45	0.00	0.00	0.00	0.00	6.13	0.00	0.12
687	37.00	50.00	320.58	35831.81	16028.85	538557.45	538557.45	0.00	0.00	0.00	0.00	6.63	0.00	0.12
688	37.00	51.00	320.58	35831.81	16028.85	538557.45	538557.45	0.00	0.00	0.00	0.00	6.68	0.00	0.12
689	38.00	51.00	320.58	35831.81	16028.85	538557.45	538557.45	0.00	0.00	0.00	0.00	6.61	0.00	0.12
690	38.00	52.00	320.58	35831.81	16028.85	538557.45	538557.45	0.00	0.00	0.00	0.00	6.66	0.00	0.12
691	39.00	52.00	320.58	35831.81	16028.85	538557.45	538557.45	0.00	0.00	0.00	0.00	6.59	0.00	0.12
692	39.00	53.00	320.58	35831.81	16028.85	538557.45	538557.45	0.00	0.00	0.00	0.00	6.64	0.00	0.12
693	40.00	53.00	320.58	35831.81	16028.85	538557.45	538557.45	0.00	0.00	0.00	0.00	6.57	0.00	0.12
694	40.00	54.00	320.58	35831.81	16028.85	538557.45	538557.45	0.00	0.00	0.00	0.00	6.69	0.00	0.12
695	40.00	55.00	320.58	35831.81	16028.85	538557.45	538557.45	0.00	0.00	0.00	0.00	6.84	0.00	0.12
696	41.00	55.00	320.58	35831.81	16028.85	538557.45	538557.45	0.00	0.00	0.00	0.00	6.77	0.00	0.12
697	42.00	55.00	320.58	35831.81	16028.85	538557.45	538557.45	0.00	0.00	0.00	0.00	6.70	0.00	0.12
698	43.00	55.00	320.58	35831.81	16028.85	538557.45	538557.45	0.00	0.00	0.00	0.00	6.63	0.00	0.12
699	43.00	56.00	320.58	35831.81	16028.85	538557.45	538557.45	0.00	0.00	0.00	0.00	6.59	0.00	0.12
700	44.00	56.00	320.58	35831.81	16028.85	538557.45	538557.45	0.00	0.00	0.00	0.00	6.52	0.00	0.12
701	44.00	57.00	272.49	42998.17	13624.53	538557.45	538557.45	0.00	0.00	0.00	0.00	6.53	0.00	0.12
702	45.00	57.00	272.49	42998.17	13624.53	538557.45	538557.45	0.00	0.00	0.00	0.00	6.47	0.00	0.12
703	46.00	57.00	272.49	42998.17	13624.53	538557.45	538557.45	0.00	0.00	0.00	0.00	6.40	0.00	0.12
704	47.00	57.00	272.49	42998.17	13624.53	538557.45	538557.45	0.00	0.00	0.00	0.00	6.34	0.00	0.12
705	47.00	58.00	272.49	42998.17	13624.53	538557.45	538557.45	0.00	0.00	0.00	0.00	6.44	0.00	0.12
706	47.00	59.00	272.49	42998.17	13624.53	538557.45	538557.45	0.00	0.00	0.00	0.00	6.45	0.00	0.12
707	47.00	60.00	272.49	42998.17	13624.53	538557.45	538557.45	0.00	0.00	0.00	0.00	6.41	0.00	0.12
708	48.00	60.00	272.49	42998.17	13624.53	538557.45	538557.45	0.00	0.00	0.00	0.00	6.35	0.00	0.12
709	48.00	61.00	272.49	42998.17	13624.53	538557.45	538557.45	0.00	0.00	0.00	0.00	6.37	0.00	0.12
710	48.00	62.00	272.49	42998.17	13624.53	538557.45	538557.45	0.00	0.00	0.00	0.00	6.44	0.00	0.12
711	48.00	63.00	272.49	42998.17	13624.53	538557.45	538557.45	0.00	0.00	0.00	0.00	6.53	0.00	0.12
712	48.00	64.00	272.49	42998.17	13624.53	538557.45	538557.45	0.00	0.00	0.00	0.00	6.56	0.00	0.12
713	48.00	65.00	272.49	42998.17	13624.53	538557.45	538557.45	0.00	0.00	0.00	0.00	7.07	0.00	0.12
714	49.00	65.00	272.49	42998.17	13624.53	538557.45	538557.45	0.00	0.00	0.00	0.00	7.01	0.00	0.12
715	49.00	66.00	272.49	42998.17	13624.53	538557.45	538557.45	0.00	0.00	0.00	0.00	6.96	0.00	0.12
716	49.00	67.00	272.49	42998.17	13624.53	538557.45	538557.45	0.00	0.00	0.00	0.00	6.97	0.00	0.12
717	50.00	67.00	272.49	42998.17	13624.53	538557.45	538557.45	0.00	0.00	0.00	0.00	6.91	0.00	0.12
718	51.00	67.00	272.49	42998.17	13624.53	538557.45	538557.45	0.00	0.00	0.00	0.00	6.85	0.00	0.12
719	52.00	67.00	272.49	42998.17	13624.53	538557.45	538557.45	0.00	0.00	0.00	0.00	6.79	0.00	0.12
720	52.00	68.00	272.49	42998.17	13624.53	538557.45	538557.45	0.00	0.00	0.00	0.00	6.76	0.00	0.12
721	53.00	68.00	272.49	42998.17	13624.53	538557.45	538557.45	0.00	0.00	0.00	0.00	6.70	0.00	0.12
722	53.00	69.00	272.49	42998.17	13624.53	538557.45	538557.45	0.00	0.00	0.00	0.00	6.85	0.00	0.12
723	53.00	70.00	272.49	42998.17	13624.53	538557.45	538557.45	0.00	0.00	0.00	0.00	6.99	0.00	0.12
724	53.00	71.00	272.49	42998.17	13624.53	538557.45	538557.45	0.00	0.00	0.00	0.00	7.04	0.00	0.12
725	54.00	71.00	272.49	42998.17	13624.53	538557.45	538557.45	0.00	0.00	0.00	0.00	6.98	0.00	0.12
726	54.00	72.00	272.49	42998.17	13624.53	538557.45	538557.45	0.00	0.00	0.00	0.00	6.99	0.00	0.12
727	55.00	72.00	272.49	42998.17	13624.53	538557.45	538557.45	0.00	0.00	0.00	0.00	6.93	0.00	0.12
728	56.00	72.00	272.49	42998.17	13624.53	538557.45	538557.45	0.00	0.00	0.00	0.00	6.88	0.00	0.12
729	56.00	73.00	272.49	42998.17	13624.53	538557.45	538557.45	0.00	0.00	0.00	0.00	7.42	0.00	0.12
730	57.00	73.00	272.49	42998.17	13624.53	538557.45	538557.45	0.00	0.00	0.00	0.00	7.36	0.00	0.12
731	57.00	74.00	272.49	42998.17	13624.53	538557.45	538557.45	0.00	0.00	0.00	0.00	7.34	0.00	0.12
732	57.00	25.00	272.49	42998.17	13624.53	538557.45	538557.45	0.00	0.00	0.00	0.00	2.84	0.00	0.12
733	58.00	25.00	272.49	42998.17	13624.53	538557.45	538557.45	0.00	0.00	0.00	0.00	2.81	0.00	0.12
734	58.00	26.00	272.49	42998.17	13624.53	538557.45	538557.45	0.00	0.00	0.00	0.00	2.81	0.00	0.12
735	58.00	27.00	272.49	42998.17	13624.53	538557.45	538557.45	0.00	0.00	0.00	0.00	2.98	0.00	0.12
736	59.00	27.00	272.49	42998.17	13624.53	538557.45	538557.45	0.00	0.00	0.00	0.00	2.94	0.00	0.12
737	59.00	28.00	272.49	42998.17	13624.53	538557.45	538557.45	0.00	0.00	0.00	0.00	3.68	0.00	0.12
738	59.00	29.00	272.49	42998.17	13624.53	538557.45	538557.45	0.00	0.00	0.00	0.00	3.80	0.00	0.12
739	60.00	29.00	272.49	42998.17	13624.53	538557.45	538557.45	0.00	0.00	0.00	0.00	3.76	0.00	0.12
740	60.00	30.00	272.49	42998.17	13624.53	538557.45	538557.45	0.00	0.00	0.00	0.00	3.79	0.00	0.12
741	61.00	30.00	272.49	42998.17	13624.53	538557.45	538557.45	0.00	0.00	0.00	0.00	3.75	0.00	0.12
742	61.00	31.00	272.49	42998.17	13624.53	538557.45	538557.45	0.00	0.00	0.00	0.00	3.83	0.00	0.12
743	62.00	31.00	272.49	42998.17	13624.53	538557.45	538557.45	0.00	0.00	0.00	0.00	3.79	0.00	0.12
744	62.00	32.00	272.49	42998.17	13624.53	538557.45	538557.45	0.00	0.00	0.00	0.00	4.07	0.00	0.12
745	63.00	32.00	272.49	42998.17	13624.53	538557.45	538557.45	0.00	0.00	0.00	0.00	4.03	0.00	0.12
746	64.00	32.00	272.49	42998.17	13624.53	538557.45	538557.45	0.00	0.00	0.00	0.00	3.99	0.00	0.12
747	64.00	33.00	272.49	42998.17	13624.53	538557.45	538557.45	0.00	0.00	0.00	0.00	4.52	0.00	0.12
748	65.00	33.00	272.49	42998.17	13624.53	538557.45	538557.45	0.00	0.00	0.00	0.00	4.47	0.00	0.12
749	66.00	33.00	272.49	42998.17	13624.53	538557.45	538557.45	0.00	0.00	0.00	0.00	4.43	0.00	0.12
750	67.00	33.00	272.49	42998.17	13624.53	538557.45	538557.45	0.00	0.00	0.00	0.00	4.38	0.00	0.12
751	68.00	33.00	272.49	42998.17	13624.53	538557.45	538557.45	0.00	0.00	0.00	0.00	4.34	0.00	0.12
752	69.00	33.00	272.49	42998.17	13624.53	538557.45	538557.45	0.00	0.00	0.00	0.00	4.30	0.00	0.12
753	70.00	33.00	272.49	42998.17	13624.53	538557.45	538557.45	0.00	0.00	0.00	0.00	4.25	0.00	0.12
754	71.00	33.00	272.49	42998.17	13624.53	538557.45	538557.45	0.00	0.00	0.00	0.00	4.21	0.00	0.12
755	72.00	33.00	272.49	42998.17	13624.53	538557.45	538557.45	0.00	0.00	0.00	0.00	4.17	0.00	0.12
756	72.00	34.00	272.49	42998.17	13624.53	538557.45	538557.45	0.00	0.00	0.00	0.00	4.51	0.00	0.12
757	72.00	35.00	272.49	42998.17	13624.53	538557.45	538557.45	0.00	0.00	0.00	0.00	4.51	0.00	0.12
758	73.00	35.00	272.49	42998.17	13624.53	538557.45	538557.45	0.00	0.00	0.00	0.00	4.47	0.00	0.12
759	74.00	35.00	272.49	42998.17	13624.53	538557.45	538557.45	0.00	0.00	0.00	0.00	4.43	0.00	0.12
760	74.00	36.00	272.49	42998.17	13624.53	538557.45	538557.45	0.00	0.00	0.00	0.00	4.47	0.00	0.12
761	25.00	36.00	272.49	42998.17	13624.53	538557.45	538557.45	0.00	0.00	0.00	0.00	8.06	0.00	0.12
762	26.00	36.00	272.49	42998.17	13624.53	538557.45	538557.45	0.00	0.00	0.00	0.00	7.93	0.00	0.12
763	26.00	37.00	272.49	42998.17	13624.53	538557.45	538557.45	0.00	0.00	0.00	0.00	7.84	0.00	0.12
764	26.00	38.00	272.49	42998.17	13624.53	538557.45	538557.45	0.00	0.00	0.00	0.00	8.03	0.00	0.12
765	26.00	39.00	272.49	42998.17	13624.53	538557.45	538557.45	0.00	0.00	0.00	0.00	8.72	0.00	0.12
766	27.00	39.00	272.49	42998.17	13624.53	538557.45	538557.45	0.00	0.00	0.00	0.00	8.58	0.00	0.12
767	28.00	39.00	272.49	42998.17	13624.53	538557.45	538557.45	0.00	0.00	0.00	0.00	8.46	0.00	0.12
768	29.00	39.00	272.49	42998.17	13624.53	538557.45	538557.45	0.00	0.00	0.00	0.00	8.33	0.00	0.12
769	29.00	40.00	272.49	42998.17	13624.53	538557.45	538557.45	0.00	0.00	0.00	0.00	8.24	0.00	0.12
770	30.00	40.00	272.49	42998.17	13624.53	538557.45	538557.45	0.00	0.00	0.00	0.00	8.12	0.00	0.12
771	31.00	40.00	272.49	42998.17	13624.53	538557.45	538557.45	0.00	0.00	0.00	0.00	8.01	0.00	0.12
772	31.00	41.00	272.49	42998.17	13624.53	538557.45	538557.45	0.00	0.00	0.00	0.00	8.13	0.00	0.12
773	31.00	42.00	272.49	42998.17	13624.53	538557.45	538557.45	0.00	0.00	0.00	0.00	8.22	0.00	0.12
774	32.00	42.00	272.49	42998.17	13624.53	538557.45	538557.45	0.00	0.00	0.00	0.00	8.11	0.00	0.12
775	33.00	42.00	272.49	42998.17	13624.53	538557.45	538557.45	0.00	0.00	0.00	0.00	8.00	0.00	0.12
776	34.00	42.00	272.49	42998.17	13624.53	538557.45	538557.45	0.00	0.00	0.00	0.00	7.89	0.00	0.12
777	35.00	42.00	272.49	42998.17	13624.53	538557.45	538557.45	0.00	0.00	0.00	0.00	7.79	0.00	0.12
778	35.00	43.00	272.49	42998.17	13624.53	538557.45	538557.45	0.00	0.00	0.00	0.00	7.96	0.00	0.12
779	36.00	43.00	272.49	42998.17	13624.53	538557.45	538557.45	0.00	0.00	0.00	0.00	7.86	0.00	0.12
780	37.00	43.00	272.49	42998.17	13624.53	538557.45	538557.45	0.00	0.00	0.00	0.00	7.76	0.00	0.12
781	38.00	43.00	272.49	42998.17	13624.53	538557.45	538557.45	0.00	0.00	0.00	0.00	7.66	0.00	0.12
782	38.00	44.00	272.49	42998.17	13624.53	538557.45	538557.45	0.00	0.00	0.00	0.00	7.69	0.00	0.12
783	39.00	44.00	272.49	42998.17	13624.53	538557.45	538557.45	0.00	0.00	0.00	0.00	7.60	0.00	0.12
784	39.00	45.00	272.49	42998.17	13624.53	538557.45	538557.45	0.00	0.00	0.00	0.00	7.55	0.00	0.12
785	40.00	45.00	272.49	42998.17	13624.53	538557.45	538557.45	0.00	0.00	0.00	0.00	7.46	0.00	0.12
786	41.00	45.00	272.49	42998.17	13624.53	538557.45	538557.45	0.00	0.00	0.00	0.00	7.37	0.00	0.12
787	42.00	45.00	272.49	42998.17	13624.53	538557.45	538557.45	0.00	0.00	0.00	0.00	7.29	0.00	0.12
788	43.00	45.00	272.49	42998.17	13624.53	538557.45	538557.45	0.00	0.00	0.00	0.00	7.20	0.00	0.12
789	44.00	45.00	272.49	42998.17	13624.53	538557.45	538557.45	0.00	0.00	0.00	0.00	7.12	0.00	0.12
790	45.00	45.00	272.49	42998.17	13624.53	538557.45	538557.45	0.00	0.00	0.00	0.00	7.04	0.00	0.12
791	45.00	46.00	272.49	42998.17	13624.53	538557.45	538557.45	0.00	0.00	0.00	0.00	7.09	0.00	0.12
792	46.00	46.00	272.49	42998.17	13624.53	538557.45	538557.45	0.00	0.00	0.00	0.00	7.01	0.00	0.12
793	46.00	47.00	272.49	42998.17	13624.53	538557.45	538557.45	0.00	0.00	0.00	0.00	7.16	0.00	0.12
794	47.00	47.00	272.49	42998.17	13624.53	538557.45	538557.45	0.00	0.00	0.00	0.00	7.09	0.00	0.12
795	48.00	47.00	272.49	42998.17	13624.53	538557.45	538557.45	0.00	0.00	0.00	0.00	7.01	0.00	0.12
796	49.00	47.00	272.49	42998.17	13624.53	538557.45	538557.45	0.00	0.00	0.00	0.00	6.94	0.00	0.12
797	49.00	48.00	272.49	42998.17	13624.53	538557.45	538557.45	0.00	0.00	0.00	0.00	6.90	0.00	0.12
798	50.00	48.00	272.49	42998.17	13624.53	538557.45	538557.45	0.00	0.00	0.00	0.00	6.82	0.00	0.12
799	51.00	48.00	272.49	42998.17	13624.53	538557.45	538557.45	0.00	0.00	0.00	0.00	6.76	0.00	0.12
800	52.00	48.00	272.49	42998.17	13624.53	538557.45	538557.45	0.00	0.00	0.00	0.00	6.69	0.00	0.12
801	53.00	48.00	231.62	51597.80	11580.85	538557.45	538557.45	0.00	0.00	0.00	0.00	6.62	0.00	0.12
802	53.00	49.00	231.62	51597.80	11580.85	538557.45	538557.45	0.00	0.00	0.00	0.00	6.70	0.00	0.12
803	54.00	49.00	231.62	51597.80	11580.85	538557.45	538557.45	0.00	0.00	0.00	0.00	6.63	0.00	0.12
804	55.00	49.00	231.62	51597.80	11580.85	538557.45	538557.45	0.00	0.00	0.00	0.00	6.57	0.00	0.12
805	55.00	50.00	231.62	51597.80	11580.85	538557.45	538557.45	0.00	0.00	0.00	0.00	6.53	0.00	0.12
806	55.00	51.00	231.62	51597.80	11580.85	538557.45	538557.45	0.00	0.00	0.00	0.00	6.55	0.00	0.12
807	56.00	51.00	231.62	51597.80	11580.85	538557.45	538557.45	0.00	0.00	0.00	0.00	6.49	0.00	0.12
808	57.00	51.00	231.62	51597.80	11580.85	538557.45	538557.45	0.00	0.00	0.00	0.00	6.43	0.00	0.12
809	57.00	52.00	231.62	51597.80	11580.85	538557.45	538557.45	0.00	0.00	0.00	0.00	6.45	0.00	0.12
810	58.00	52.00	231.62	51597.80	11580.85	538557.45	538557.45	0.00	0.00	0.00	0.00	6.40	0.00	0.12
811	59.00	52.00	231.62	51597.80	11580.85	538557.45	538557.45	0.00	0.00	0.00	0.00	6.34	0.00	0.12
812	60.00	52.00	231.62	51597.80	11580.85	538557.45	538557.45	0.00	0.00	0.00	0.00	6.28	0.00	0.12
813	60.00	53.00	231.62	51597.80	11580.85	538557.45	538557.45	0.00	0.00	0.00	0.00	6.33	0.00	0.12
814	61.00	53.00	231.62	51597.80	11580.85	538557.45	538557.45	0.00	0.00	0.00	0.00	6.27	0.00	0.12
815	62.00	53.00	231.62	51597.80	11580.85	538557.45	538557.45	0.00	0.00	0.00	0.00	6.22	0.00	0.12
816	62.00	54.00	231.62	51597.80	11580.85	538557.45	538557.45	0.00	0.00	0.00	0.00	6.32	0.00	0.12
817	62.00	55.00	231.62	51597.80	11580.85	538557.45	538557.45	0.00	0.00	0.00	0.00	6.41	0.00	0.12
818	62.00	56.00	231.62	51597.80	11580.85	538557.45	538557.45	0.00	0.00	0.00	0.00	6.41	0.00	0.12
819	63.00	56.00	231.62	51597.80	11580.85	538557.45	538557.45	0.00	0.00	0.00	0.00	6.36	0.00	0.12
820	64.00	56.00	231.62	51597.80	11580.85	538557.45	538557.45	0.00	0.00	0.00	0.00	6.31	0.00	0.12
821	65.00	56.00	231.62	51597.80	11580.85	538557.45	538557.45	0.00	0.00	0.00	0.00	6.26	0.00	0.12
822	66.00	56.00	231.62	51597.80	11580.85	538557.45	538557.45	0.00	0.00	0.00	0.00	6.20	0.00	0.12
823	67.00	56.00	231.62	51597.80	11580.85	538557.45	538557.45	0.00	0.00	0.00	0.00	6.15	0.00	0.12
824	68.00	56.00	231.62	51597.80	11580.85	538557.45	538557.45	0.00	0.00	0.00	0.00	6.10	0.00	0.12
825	69.00	56.00	231.62	51597.80	11580.85	538557.45	538557.45	0.00	0.00	0.00	0.00	6.06	0.00	0.12
826	70.00	56.00	231.62	51597.80	11580.85	538557.45	538557.45	0.00	0.00	0.00	0.00	6.01	0.00	0.12
827	71.00	56.00	231.62	51597.80	11580.85	538557.45	538557.45	0.00	0.00	0.00	0.00	5.96	0.00	0.12
828	71.00	57.00	231.62	51597.80	11580.85	538557.45	538557.45	0.00	0.00	0.00	0.00	6.11	0.00	0.12
829	72.00	57.00	231.62	51597.80	11580.85	538557.45	538557.45	0.00	0.00	0.00	0.00	6.06	0.00	0.12
830	73.00	57.00	231.62	51597.80	11580.85	538557.45	538557.45	0.00	0.00	0.00	0.00	6.01	0.00	0.12
831	73.00	58.00	231.62	51597.80	11580.85	538557.45	538557.45	0.00	0.00	0.00	0.00	6.08	0.00	0.12
832	74.00	58.00	231.62	51597.80	11580.85	538557.45	538557.45	0.00	0.00	0.00	0.00	6.03	0.00	0.12
833	25.00	58.00	231.62	51597.80	11580.85	538557.45	538557.45	0.00	0.00	0.00	0.00	9.60	0.00	0.12
834	25.00	59.00	231.62	51597.80	11580.85	538557.45	538557.45	0.00	0.00	0.00	0.00	9.58	0.00	0.12
835	25.00	60.00	231.62	51597.80	11580.85	538557.45	538557.45	0.00	0.00	0.00	0.00	9.49	0.00	0.12
836	25.00	61.00	231.62	51597.80	11580.85	538557.45	538557.45	0.00	0.00	0.00	0.00	9.41	0.00	0.12
837	26.00	61.00	231.62	51597.80	11580.85	538557.45	538557.45	0.00	0.00	0.00	0.00	9.30	0.00	0.12
838	27.00	61.00	231.62	51597.80	11580.85	538557.45	538557.45	0.00	0.00	0.00	0.00	9.20	0.00	0.12
839	28.00	61.00	231.62	51597.80	11580.85	538557.45	538557.45	0.00	0.00	0.00	0.00	9.09	0.00	0.12
840	29.00	61.00	231.62	51597.80	11580.85	538557.45	538557.45	0.00	0.00	0.00	0.00	8.99	0.00	0.12
841	30.00	61.00	231.62	51597.80	11580.85	538557.45	538557.45	0.00	0.00	0.00	0.00	8.89	0.00	0.12
842	30.00	62.00	231.62	51597.80	11580.85	538557.45	538557.45	0.00	0.00	0.00	0.00	8.88	0.00	0.12
843	31.00	62.00	231.62	51597.80	11580.85	538557.45	538557.45	0.00	0.00	0.00	0.00	8.79	0.00	0.12
844	32.00	62.00	231.62	51597.80	11580.85	538557.45	538557.45	0.00	0.00	0.00	0.00	8.70	0.00	0.12
845	32.00	63.00	231.62	51597.80	11580.85	538557.45	538557.45	0.00	0.00	0.00	0.00	8.63	0.00	0.12
846	32.00	64.00	231.62	51597.80	11580.85	538557.45	538557.45	0.00	0.00	0.00	0.00	8.63	0.00	0.12
847	33.00	64.00	231.62	51597.80	11580.85	538557.45	538557.45	0.00	0.00	0.00	0.00	8.54	0.00	0.12
848	33.00	65.00	231.62	51597.80	11580.85	538557.45	538557.45	0.00	0.00	0.00	0.00	8.67	0.00	0.12
849	34.00	65.00	231.62	51597.80	11580.85	538557.45	538557.45	0.00	0.00	0.00	0.00	8.59	0.00	0.12
850	35.00	65.00	231.62	51597.80	11580.85	538557.45	538557.45	0.00	0.00	0.00	0.00	8.50	0.00	0.12
851	36.00	65.00	231.62	51597.80	11580.85	538557.45	538557.45	0.00	0.00	0.00	0.00	8.42	0.00	0.12
852	36.00	66.00	231.62	51597.80	11580.85	538557.45	538557.45	0.00	0.00	0.00	0.00	8.58	0.00	0.12
853	37.00	66.00	231.62	51597.80	11580.85	538557.45	538557.45	0.00	0.00	0.00	0.00	8.50	0.00	0.12
854	38.00	66.00	231.62	51597.80	11580.85	538557.45	538557.45	0.00	0.00	0.00	0.00	8.41	0.00	0.12
855	38.00	67.00	231.62	51597.80	11580.85	538557.45	538557.45	0.00	0.00	0.00	0.00	8.49	0.00	0.12
856	38.00	68.00	231.62	51597.80	11580.85	538557.45	538557.45	0.00	0.00	0.00	0.00	8.65	0.00	0.12
857	38.00	69.00	231.62	51597.80	11580.85	538557.45	538557.45	0.00	0.00	0.00	0.00	8.60	0.00	0.12
858	39.00	69.00	231.62	51597.80	11580.85	538557.45	538557.45	0.00	0.00	0.00	0.00	8.52	0.00	0.12
859	40.00	69.00	231.62	51597.80	11580.85	538557.45	538557.45	0.00	0.00	0.00	0.00	8.44	0.00	0.12
860	41.00	69.00	231.62	51597.80	11580.85	538557.45	538557.45	0.00	0.00	0.00	0.00	8.36	0.00	0.12
861	41.00	70.00	231.62	51597.80	11580.85	538557.45	538557.45	0.00	0.00	0.00	0.00	8.44	0.00	0.12
862	42.00	70.00	231.62	51597.80	11580.85	538557.45	538557.45	0.00	0.00	0.00	0.00	8.36	0.00	0.12
863	42.00	71.00	231.62	51597.80	11580.85	538557.45	538557.45	0.00	0.00	0.00	0.00	8.45	0.00	0.12
864	43.00	71.00	231.62	51597.80	11580.85	538557.45	538557.45	0.00	0.00	0.00	0.00	8.37	0.00	0.12
865	44.00	71.00	231.62	51597.80	11580.85	538557.45	538557.45	0.00	0.00	0.00	0.00	8.30	0.00	0.12
866	44.00	72.00	231.62	51597.80	11580.85	538557.45	538557.45	0.00	0.00	0.00	0.00	8.34	0.00	0.12
867	45.00	72.00	231.62	51597.80	11580.85	538557.45	538557.45	0.00	0.00	0.00	0.00	8.27	0.00	0.12
868	46.00	72.00	231.62	51597.80	11580.85	538557.45	538557.45	0.00	0.00	0.00	0.00	8.20	0.00	0.12
869	47.00	72.00	231.62	51597.80	11580.85	538557.45	538557.45	0.00	0.00	0.00	0.00	8.13	0.00	0.12
870	48.00	72.00	231.62	51597.80	11580.85	538557.45	538557.45	0.00	0.00	0.00	0.00	8.07	0.00	0.12
871	49.00	72.00	231.62	51597.80	11580.85	538557.45	538557.45	0.00	0.00	0.00	0.00	8.00	0.00	0.12
872	50.00	72.00	231.62	51597.80	11580.85	538557.45	538557.45	0.00	0.00	0.00	0.00	7.93	0.00	0.12
873	51.00	72.00	231.62	51597.80	11580.85	538557.45	538557.45	0.00	0.00	0.00	0.00	7.87	0.00	0.12
874	52.00	72.00	231.62	51597.80	11580.85	538557.45	538557.45	0.00	0.00	0.00	0.00	7.81	0.00	0.12
875	53.00	72.00	231.62	51597.80	11580.85	538557.45	538557.45	0.00	0.00	0.00	0.00	7.74	0.00	0.12
876	53.00	73.00	231.62	51597.80	11580.85	538557.45	538557.45	0.00	0.00	0.00	0.00	7.77	0.00	0.12
877	53.00	74.00	231.62	51597.80	11580.85	538557.45	538557.45	0.00	0.00	0.00	0.00	7.73	0.00	0.12
878	53.00	25.00	231.62	51597.80	11580.85	538557.45	538557.45	0.00	0.00	0.00	0.00	2.60	0.00	0.12
879	54.00	25.00	231.62	51597.80	11580.85	538557.45	538557.45	0.00	0.00	0.00	0.00	2.57	0.00	0.12
880	54.00	26.00	231.62	51597.80	11580.85	538557.45	538557.45	0.00	0.00	0.00	0.00	2.79	0.00	0.12
881	55.00	26.00	231.62	51597.80	11580.85	538557.45	538557.45	0.00	0.00	0.00	0.00	2.76	0.00	0.12
882	56.00	26.00	231.62	51597.80	11580.85	538557.45	538557.45	0.00	0.00	0.00	0.00	2.72	0.00	0.12
883	57.00	26.00	231.62	51597.80	11580.85	538557.45	538557.45	0.00	0.00	0.00	0.00	2.69	0.00	0.12
884	58.00	26.00	231.62	51597.80	11580.85	538557.45	538557.45	0.00	0.00	0.00	0.00	2.66	0.00	0.12
885	62.00	73.00	231.62	51597.80	11580.85	538557.45	538557.45	0.00	0.00	0.00	0.00	13.41	0.00	0.12
886	62.00	74.00	196.87	61917.36	9843.72	538557.45	538557.45	0.00	0.00	0.00	0.00	13.36	0.00	0.12
887	63.00	74.00	196.87	61917.36	9843.72	538557.45	538557.45	0.00	0.00	0.00	0.00	13.26	0.00	0.12
888	64.00	74.00	196.87	61917.36	9843.72	538557.45	538557.45	0.00	0.00	0.00	0.00	13.16	0.00	0.12
889	65.00	74.00	196.87	61917.36	9843.72	538557.45	538557.45	0.00	0.00	0.00	0.00	13.07	0.00	0.12
890	66.00	74.00	196.87	61917.36	9843.72	538557.45	538557.45	0.00	0.00	0.00	0.00	12.97	0.00	0.12
891	66.00	25.00	196.87	61917.36	9843.72	538557.45	538557.45	0.00	0.00	0.00	0.00	3.39	0.00	0.12
892	66.00	26.00	196.87	61917.36	9843.72	538557.45	538557.45	0.00	0.00	0.00	0.00	3.54	0.00	0.12
893	67.00	26.00	196.87	61917.36	9843.72	538557.45	538557.45	0.00	0.00	0.00	0.00	3.50	0.00	0.12
894	67.00	27.00	196.87	61917.36	9843.72	538557.45	538557.45	0.00	0.00	0.00	0.00	3.50	0.00	0.12
895	68.00	27.00	196.87	61917.36	9843.72	538557.45	538557.45	0.00	0.00	0.00	0.00	3.47	0.00	0.12
896	68.00	28.00	196.87	61917.36	9843.72	538557.45	538557.45	0.00	0.00	0.00	0.00	3.50	0.00	0.12
897	69.00	28.00	196.87	61917.36	9843.72	538557.45	538557.45	0.00	0.00	0.00	0.00	3.47	0.00	0.12
898	70.00	28.00	196.87	61917.36	9843.72	538557.45	538557.45	0.00	0.00	0.00	0.00	3.43	0.00	0.12
899	71.00	28.00	196.87	61917.36	9843.72	538557.45	538557.45	0.00	0.00	0.00	0.00	3.40	0.00	0.12
900	72.00	28.00	196.87	61917.36	9843.72	538557.45	538557.45	0.00	0.00	0.00	0.00	3.36	0.00	0.12
901	72.00	29.00	196.87	61917.36	9843.72	538557.45	538557.45	0.00	0.00	0.00	0.00	3.35	0.00	0.12
902	72.00	30.00	196.87	61917.36	9843.72	538557.45	538557.45	0.00	0.00	0.00	0.00	3.64	0.00	0.12
903	72.00	31.00	196.87	61917.36	9843.72	538557.45	538557.45	0.00	0.00	0.00	0.00	3.64	0.00	0.12
904	73.00	31.00	196.87	61917.36	9843.72	538557.45	538557.45	0.00	0.00	0.00	0.00	3.60	0.00	0.12
905	74.00	31.00	196.87	61917.36	9843.72	538557.45	538557.45	0.00	0.00	0.00	0.00	3.57	0.00	0.12
906	25.00	31.00	196.87	61917.36	9843.72	538557.45	538557.45	0.00	0.00	0.00	0.00	6.69	0.00	0.12
907	25.00	32.00	196.87	61917.36	9843.72	538557.45	538557.45	0.00	0.00	0.00	0.00	6.71	0.00	0.12
908	25.00	33.00	196.87	61917.36	9843.72	538557.45	538557.45	0.00	0.00	0.00	0.00	7.03	0.00	0.12
909	25.00	34.00	196.87	61917.36	9843.72	538557.45	538557.45	0.00	0.00	0.00	0.00	7.22	0.00	0.12
910	26.00	34.00	196.87	61917.36	9843.72	538557.45	538557.45	0.00	0.00	0.00	0.00	7.10	0.00	0.12
911	26.00	35.00	196.87	61917.36	9843.72	538557.45	538557.45	0.00	0.00	0.00	0.00	7.30	0.00	0.12
912	27.00	35.00	196.87	61917.36	9843.72	538557.45	538557.45	0.00	0.00	0.00	0.00	7.19	0.00	0.12
913	28.00	35.00	196.87	61917.36	9843.72	538557.45	538557.45	0.00	0.00	0.00	0.00	7.07	0.00	0.12
914	29.00	35.00	196.87	61917.36	9843.72	538557.45	538557.45	0.00	0.00	0.00	0.00	6.96	0.00	0.12
915	30.00	35.00	196.87	61917.36	9843.72	538557.45	538557.45	0.00	0.00	0.00	0.00	6.85	0.00	0.12
916	30.00	36.00	196.87	61917.36	9843.72	538557.45	538557.45	0.00	0.00	0.00	0.00	6.81	0.00	0.12
917	31.00	36.00	196.87	61917.36	9843.72	538557.45	538557.45	0.00	0.00	0.00	0.00	6.71	0.00	0.12
918	31.00	37.00	196.87	61917.36	9843.72	538557.45	538557.45	0.00	0.00	0.00	0.00	6.75	0.00	0.12
919	31.00	38.00	196.87	61917.36	9843.72	538557.45	538557.45	0.00	0.00	0.00	0.00	7.18	0.00	0.12
920	31.00	39.00	196.87	61917.36	9843.72	538557.45	538557.45	0.00	0.00	0.00	0.00	7.41	0.00	0.12
921	32.00	39.00	196.87	61917.36	9843.72	538557.45	538557.45	0.00	0.00	0.00	0.00	7.31	0.00	0.12
922	33.00	39.00	196.87	61917.36	9843.72	538557.45	538557.45	0.00	0.00	0.00	0.00	7.21	0.00	0.12
923	34.00	39.00	196.87	61917.36	9843.72	538557.45	538557.45	0.00	0.00	0.00	0.00	7.11	0.00	0.12
924	34.00	40.00	196.87	61917.36	9843.72	538557.45	538557.45	0.00	0.00	0.00	0.00	7.04	0.00	0.12
925	35.00	40.00	196.87	61917.36	9843.72	538557.45	538557.45	0.00	0.00	0.00	0.00	6.94	0.00	0.12
926	36.00	40.00	196.87	61917.36	9843.72	538557.45	538557.45	0.00	0.00	0.00	0.00	6.85	0.00	0.12
927	37.00	40.00	196.87	61917.36	9843.72	538557.45	538557.45	0.00	0.00	0.00	0.00	6.76	0.00	0.12
928	37.00	41.00	196.87	61917.36	9843.72	538557.45	538557.45	0.00	0.00	0.00	0.00	6.82	0.00	0.12
929	37.00	42.00	196.87	61917.36	9843.72	538557.45	538557.45	0.00	0.00	0.00	0.00	7.98	0.00	0.12
930	37.00	43.00	196.87	61917.36	9843.72	538557.45	538557.45	0.00	0.00	0.00	0.00	8.02	0.00	0.12
931	38.00	43.00	196.87	61917.36	9843.72	538557.45	538557.45	0.00	0.00	0.00	0.00	7.93	0.00	0.12
932	38.00	44.00	196.87	61917.36	9843.72	538557.45	538557.45	0.00	0.00	0.00	0.00	8.08	0.00	0.12
933	39.00	44.00	196.87	61917.36	9843.72	538557.45	538557.45	0.00	0.00	0.00	0.00	7.99	0.00	0.12
934	40.00	44.00	196.87	61917.36	9843.72	538557.45	538557.45	0.00	0.00	0.00	0.00	7.89	0.00	0.12
935	40.00	45.00	196.87	61917.36	9843.72	538557.45	538557.45	0.00	0.00	0.00	0.00	8.02	0.00	0.12
936	40.00	46.00	196.87	61917.36	9843.72	538557.45	538557.45	0.00	0.00	0.00	0.00	7.95	0.00	0.12
937	41.00	46.00	196.87	61917.36	9843.72	538557.45	538557.45	0.00	0.00	0.00	0.00	7.86	0.00	0.12
938	41.00	47.00	196.87	61917.36	9843.72	538557.45	538557.45	0.00	0.00	0.00	0.00	7.96	0.00	0.12
939	41.00	48.00	196.87	61917.36	9843.72	538557.45	538557.45	0.00	0.00	0.00	0.00	7.89	0.00	0.12
940	41.00	49.00	196.87	61917.36	9843.72	538557.45	538557.45	0.00	0.00	0.00	0.00	7.82	0.00	0.12
941	41.00	50.00	196.87	61917.36	9843.72	538557.45	538557.45	0.00	0.00	0.00	0.00	7.81	0.00	0.12
942	41.00	51.00	196.87	61917.36	9843.72	538557.45	538557.45	0.00	0.00	0.00	0.00	7.75	0.00	0.12
943	42.00	51.00	196.87	61917.36	9843.72	538557.45	538557.45	0.00	0.00	0.00	0.00	7.67	0.00	0.12
944	43.00	51.00	196.87	61917.36	9843.72	538557.45	538557.45	0.00	0.00	0.00	0.00	7.59	0.00	0.12
945	44.00	51.00	196.87	61917.36	9843.72	538557.45	538557.45	0.00	0.00	0.00	0.00	7.51	0.00	0.12
946	45.00	51.00	196.87	61917.36	9843.72	538557.45	538557.45	0.00	0.00	0.00	0.00	7.43	0.00	0.12
947	45.00	52.00	196.87	61917.36	9843.72	538557.45	538557.45	0.00	0.00	0.00	0.00	7.37	0.00	0.12
948	46.00	52.00	196.87	61917.36	9843.72	538557.45	538557.45	0.00	0.00	0.00	0.00	7.30	0.00	0.12
949	46.00	53.00	196.87	61917.36	9843.72	538557.45	538557.45	0.00	0.00	0.00	0.00	7.25	0.00	0.12
950	47.00	53.00	196.87	61917.36	9843.72	538557.45	538557.45	0.00	0.00	0.00	0.00	7.18	0.00	0.12
951	48.00	53.00	196.87	61917.36	9843.72	538557.45	538557.45	0.00	0.00	0.00	0.00	7.11	0.00	0.12
952	48.00	54.00	196.87	61917.36	9843.72	538557.45	538557.45	0.00	0.00	0.00	0.00	7.16	0.00	0.12
953	49.00	54.00	196.87	61917.36	9843.72	538557.45	538557.45	0.00	0.00	0.00	0.00	7.09	0.00	0.12
954	50.00	54.00	196.87	61917.36	9843.72	538557.45	538557.45	0.00	0.00	0.00	0.00	7.02	0.00	0.12
955	51.00	54.00	196.87	61917.36	9843.72	538557.45	538557.45	0.00	0.00	0.00	0.00	6.96	0.00	0.12
956	52.00	54.00	196.87	61917.36	9843.72	538557.45	538557.45	0.00	0.00	0.00	0.00	6.89	0.00	0.12
957	52.00	55.00	196.87	61917.36	9843.72	538557.45	538557.45	0.00	0.00	0.00	0.00	6.97	0.00	0.12
958	53.00	55.00	196.87	61917.36	9843.72	538557.45	538557.45	0.00	0.00	0.00	0.00	6.90	0.00	0.12
959	53.00	56.00	196.87	61917.36	9843.72	538557.45	538557.45	0.00	0.00	0.00	0.00	6.96	0.00	0.12
960	53.00	57.00	196.87	61917.36	9843.72	538557.45	538557.45	0.00	0.00	0.00	0.00	6.93	0.00	0.12
961	54.00	57.00	196.87	61917.36	9843.72	538557.45	538557.45	0.00	0.00	0.00	0.00	6.87	0.00	0.12
962	54.00	58.00	196.87	61917.36	9843.72	538557.45	538557.45	0.00	0.00	0.00	0.00	6.96	0.00	0.12
963	54.00	59.00	196.87	61917.36	9843.72	538557.45	538557.45	0.00	0.00	0.00	0.00	7.00	0.00	0.12
964	55.00	59.00	196.87	61917.36	9843.72	538557.45	538557.45	0.00	0.00	0.00	0.00	6.94	0.00	0.12
965	55.00	60.00	196.87	61917.36	9843.72	538557.45	538557.45	0.00	0.00	0.00	0.00	7.03	0.00	0.12
966	55.00	61.00	196.87	61917.36	9843.72	538557.45	538557.45	0.00	0.00	0.00	0.00	6.98	0.00	0.12
967	56.00	61.00	196.87	61917.36	9843.72	538557.45	538557.45	0.00	0.00	0.00	0.00	6.92	0.00	0.12
968	57.00	61.00	196.87	61917.36	9843.72	538557.45	538557.45	0.00	0.00	0.00	0.00	6.87	0.00	0.12
969	58.00	61.00	196.87	61917.36	9843.72	538557.45	538557.45	0.00	0.00	0.00	0.00	6.81	0.00	0.12
970	58.00	62.00	196.87	61917.36	9843.72	538557.45	538557.45	0.00	0.00	0.00	0.00	6.77	0.00	0.12
971	59.00	62.00	196.87	61917.36	9843.72	538557.45	538557.45	0.00	0.00	0.00	0.00	6.71	0.00	0.12
972	60.00	62.00	196.87	61917.36	9843.72	538557.45	538557.45	0.00	0.00	0.00	0.00	6.66	0.00	0.12
973	60.00	63.00	196.87	61917.36	9843.72	538557.45	538557.45	0.00	0.00	0.00	0.00	6.63	0.00	0.12
974	60.00	64.00	196.87	61917.36	9843.72	538557.45	538557.45	0.00	0.00	0.00	0.00	6.69	0.00	0.12
975	61.00	64.00	196.87	61917.36	9843.72	538557.45	538557.45	0.00	0.00	0.00	0.00	6.64	0.00	0.12
976	61.00	65.00	196.87	61917.36	9843.72	538557.45	538557.45	0.00	0.00	0.00	0.00	6.63	0.00	0.12
977	61.00	66.00	196.87	61917.36	9843.72	538557.45	538557.45	0.00	0.00	0.00	0.00	6.68	0.00	0.12
978	61.00	67.00	196.87	61917.36	9843.72	538557.45	538557.45	0.00	0.00	0.00	0.00	6.82	0.00	0.12
979	62.00	67.00	196.87	61917.36	9843.72	538557.45	538557.45	0.00	0.00	0.00	0.00	6.76	0.00	0.12
980	63.00	67.00	196.87	61917.36	9843.72	538557.45	538557.45	0.00	0.00	0.00	0.00	6.71	0.00	0.12
981	63.00	68.00	196.87	61917.36	9843.72	538557.45	538557.45	0.00	0.00	0.00	0.00	6.71	0.00	0.12
982	63.00	69.00	196.87	61917.36	9843.72	538557.45	538557.45	0.00	0.00	0.00	0.00	6.67	0.00	0.12
983	64.00	69.00	196.87	61917.36	9843.72	538557.45	538557.45	0.00	0.00	0.00	0.00	6.62	0.00	0.12
984	65.00	69.00	196.87	61917.36	9843.72	538557.45	538557.45	0.00	0.00	0.00	0.00	6.57	0.00	0.12
985	66.00	69.00	196.87	61917.36	9843.72	538557.45	538557.45	0.00	0.00	0.00	0.00	6.52	0.00	0.12
986	67.00	69.00	167.34	74300.84	8367.16	538557.45	538557.45	0.00	0.00	0.00	0.00	6.48	0.00	0.12
987	68.00	69.00	167.34	74300.84	8367.16	538557.45	538557.45	0.00	0.00	0.00	0.00	6.43	0.00	0.12
988	69.00	69.00	167.34	74300.84	8367.16	538557.45	538557.45	0.00	0.00	0.00	0.00	6.38	0.00	0.12
989	70.00	69.00	167.34	74300.84	8367.16	538557.45	538557.45	0.00	0.00	0.00	0.00	6.34	0.00	0.12
990	71.00	69.00	167.34	74300.84	8367.16	538557.45	538557.45	0.00	0.00	0.00	0.00	6.29	0.00	0.12
991	71.00	70.00	167.34	74300.84	8367.16	538557.45	538557.45	0.00	0.00	0.00	0.00	6.26	0.00	0.12
992	72.00	70.00	167.34	74300.84	8367.16	538557.45	538557.45	0.00	0.00	0.00	0.00	6.22	0.00	0.12
993	73.00	70.00	167.34	74300.84	8367.16	538557.45	538557.45	0.00	0.00	0.00	0.00	6.17	0.00	0.12
994	73.00	71.00	167.34	74300.84	8367.16	538557.45	538557.45	0.00	0.00	0.00	0.00	6.15	0.00	0.12
995	74.00	71.00	167.34	74300.84	8367.16	538557.45	538557.45	0.00	0.00	0.00	0.00	6.11	0.00	0.12
996	25.00	71.00	167.34	74300.84	8367.16	538557.45	538557.45	0.00	0.00	0.00	0.00	9.23	0.00	0.12
997	25.00	72.00	167.34	74300.84	8367.16	538557.45	538557.45	0.00	0.00	0.00	0.00	9.32	0.00	0.12
998	26.00	72.00	167.34	74300.84	8367.16	538557.45	538557.45	0.00	0.00	0.00	0.00	9.22	0.00	0.12
999	26.00	73.00	167.34	74300.84	8367.16	538557.45	538557.45	0.00	0.00	0.00	0.00	9.34	0.00	0.12
1000	26.00	74.00	167.34	74300.84	8367.16	538557.45	538557.45	0.00	0.00	0.00	0.00	9.27	0.00	0.12
