some parameters
Gen.	# feasible solutions	# infeasible solutions	cap. penality	dur. penality	num. penality	best penalized cost	best feasible cost	best cap. violation	best dur. violation	best num. violation	avg cap. violation	avg dur. violation	avg num. violation	Gap from BKS
1	3.00	48.00	850.00	12000.00	42500.00	637935.71	637935.71	0.00	0.00	0.00	0.00	22.36	0.00	0.33
2	3.00	49.00	850.00	12000.00	42500.00	637935.71	637935.71	0.00	0.00	0.00	0.00	22.15	0.00	0.33
3	3.00	50.00	850.00	12000.00	42500.00	637935.71	637935.71	0.00	0.00	0.00	0.00	22.03	0.00	0.33
4	3.00	51.00	850.00	12000.00	42500.00	637935.71	637935.71	0.00	0.00	0.00	0.00	21.77	0.00	0.33
5	3.00	52.00	850.00	12000.00	42500.00	637935.71	637935.71	0.00	0.00	0.00	0.00	21.46	0.00	0.33
6	3.00	53.00	850.00	12000.00	42500.00	637935.71	637935.71	0.00	0.00	0.00	0.00	21.59	0.00	0.33
7	3.00	54.00	850.00	12000.00	42500.00	637935.71	637935.71	0.00	0.00	0.00	0.00	21.55	0.00	0.33
8	3.00	55.00	850.00	12000.00	42500.00	637935.71	637935.71	0.00	0.00	0.00	0.00	21.58	0.00	0.33
9	3.00	56.00	850.00	12000.00	42500.00	637935.71	637935.71	0.00	0.00	0.00	0.00	21.40	0.00	0.33
10	3.00	57.00	850.00	12000.00	42500.00	637935.71	637935.71	0.00	0.00	0.00	0.00	21.75	0.00	0.33
11	3.00	58.00	850.00	12000.00	42500.00	637935.71	637935.71	0.00	0.00	0.00	0.00	21.80	0.00	0.33
12	3.00	59.00	850.00	12000.00	42500.00	637935.71	637935.71	0.00	0.00	0.00	0.00	21.78	0.00	0.33
13	3.00	60.00	850.00	12000.00	42500.00	637935.71	637935.71	0.00	0.00	0.00	0.00	21.61	0.00	0.33
14	3.00	61.00	850.00	12000.00	42500.00	637935.71	637935.71	0.00	0.00	0.00	0.00	22.05	0.00	0.33
15	4.00	61.00	850.00	12000.00	42500.00	637935.71	637935.71	0.00	0.00	0.00	0.00	21.71	0.00	0.33
16	4.00	62.00	850.00	12000.00	42500.00	637935.71	637935.71	0.00	0.00	0.00	0.00	21.68	0.00	0.33
17	4.00	63.00	850.00	12000.00	42500.00	637935.71	637935.71	0.00	0.00	0.00	0.00	21.78	0.00	0.33
18	5.00	63.00	850.00	12000.00	42500.00	625816.41	625816.41	0.00	0.00	0.00	0.00	21.46	0.00	0.30
19	5.00	64.00	850.00	12000.00	42500.00	625816.41	625816.41	0.00	0.00	0.00	0.00	21.45	0.00	0.30
20	5.00	65.00	850.00	12000.00	42500.00	625816.41	625816.41	0.00	0.00	0.00	0.00	21.62	0.00	0.30
21	5.00	66.00	850.00	12000.00	42500.00	625816.41	625816.41	0.00	0.00	0.00	0.00	21.45	0.00	0.30
22	5.00	67.00	850.00	12000.00	42500.00	625816.41	625816.41	0.00	0.00	0.00	0.00	21.35	0.00	0.30
23	5.00	68.00	850.00	12000.00	42500.00	625816.41	625816.41	0.00	0.00	0.00	0.00	21.22	0.00	0.30
24	5.00	69.00	850.00	12000.00	42500.00	625816.41	625816.41	0.00	0.00	0.00	0.00	21.12	0.00	0.30
25	5.00	70.00	850.00	12000.00	42500.00	625816.41	625816.41	0.00	0.00	0.00	0.00	21.24	0.00	0.30
26	5.00	71.00	850.00	12000.00	42500.00	625816.41	625816.41	0.00	0.00	0.00	0.00	21.11	0.00	0.30
27	5.00	72.00	850.00	12000.00	42500.00	625816.41	625816.41	0.00	0.00	0.00	0.00	20.97	0.00	0.30
28	5.00	73.00	850.00	12000.00	42500.00	625816.41	625816.41	0.00	0.00	0.00	0.00	20.76	0.00	0.30
29	5.00	74.00	850.00	12000.00	42500.00	625816.41	625816.41	0.00	0.00	0.00	0.00	20.68	0.00	0.30
30	5.00	25.00	850.00	12000.00	42500.00	625816.41	625816.41	0.00	0.00	0.00	0.00	10.86	0.00	0.30
31	5.00	26.00	850.00	12000.00	42500.00	625816.41	625816.41	0.00	0.00	0.00	0.00	11.06	0.00	0.30
32	5.00	27.00	850.00	12000.00	42500.00	625816.41	625816.41	0.00	0.00	0.00	0.00	11.09	0.00	0.30
33	5.00	28.00	850.00	12000.00	42500.00	625816.41	625816.41	0.00	0.00	0.00	0.00	10.90	0.00	0.30
34	5.00	29.00	850.00	12000.00	42500.00	625816.41	625816.41	0.00	0.00	0.00	0.00	10.77	0.00	0.30
35	5.00	30.00	850.00	12000.00	42500.00	625816.41	625816.41	0.00	0.00	0.00	0.00	10.69	0.00	0.30
36	5.00	31.00	850.00	12000.00	42500.00	625816.41	625816.41	0.00	0.00	0.00	0.00	11.02	0.00	0.30
37	6.00	31.00	850.00	12000.00	42500.00	625816.41	625816.41	0.00	0.00	0.00	0.00	10.72	0.00	0.30
38	7.00	31.00	850.00	12000.00	42500.00	625816.41	625816.41	0.00	0.00	0.00	0.00	10.44	0.00	0.30
39	8.00	31.00	850.00	12000.00	42500.00	625816.41	625816.41	0.00	0.00	0.00	0.00	10.17	0.00	0.30
40	8.00	32.00	850.00	12000.00	42500.00	625816.41	625816.41	0.00	0.00	0.00	0.00	10.09	0.00	0.30
41	8.00	33.00	850.00	12000.00	42500.00	625816.41	625816.41	0.00	0.00	0.00	0.00	10.09	0.00	0.30
42	8.00	34.00	850.00	12000.00	42500.00	625816.41	625816.41	0.00	0.00	0.00	0.00	9.92	0.00	0.30
43	8.00	35.00	850.00	12000.00	42500.00	625816.41	625816.41	0.00	0.00	0.00	0.00	10.11	0.00	0.30
44	8.00	36.00	850.00	12000.00	42500.00	625816.41	625816.41	0.00	0.00	0.00	0.00	10.39	0.00	0.30
45	8.00	37.00	850.00	12000.00	42500.00	625816.41	625816.41	0.00	0.00	0.00	0.00	10.78	0.00	0.30
46	8.00	38.00	850.00	12000.00	42500.00	625816.41	625816.41	0.00	0.00	0.00	0.00	10.69	0.00	0.30
47	8.00	39.00	850.00	12000.00	42500.00	625816.41	625816.41	0.00	0.00	0.00	0.00	10.52	0.00	0.30
48	8.00	40.00	850.00	12000.00	42500.00	625816.41	625816.41	0.00	0.00	0.00	0.00	10.47	0.00	0.30
49	8.00	41.00	850.00	12000.00	42500.00	625816.41	625816.41	0.00	0.00	0.00	0.00	10.55	0.00	0.30
50	9.00	41.00	850.00	12000.00	42500.00	625816.41	625816.41	0.00	0.00	0.00	0.00	10.33	0.00	0.30
51	9.00	42.00	850.00	12000.00	42500.00	625816.41	625816.41	0.00	0.00	0.00	0.00	10.33	0.00	0.30
52	10.00	42.00	850.00	12000.00	42500.00	625816.41	625816.41	0.00	0.00	0.00	0.00	10.13	0.00	0.30
53	10.00	43.00	850.00	12000.00	42500.00	625816.41	625816.41	0.00	0.00	0.00	0.00	10.07	0.00	0.30
54	10.00	44.00	850.00	12000.00	42500.00	625816.41	625816.41	0.00	0.00	0.00	0.00	10.09	0.00	0.30
55	10.00	45.00	850.00	12000.00	42500.00	625816.41	625816.41	0.00	0.00	0.00	0.00	10.35	0.00	0.30
56	11.00	45.00	850.00	12000.00	42500.00	625816.41	625816.41	0.00	0.00	0.00	0.00	10.16	0.00	0.30
57	11.00	46.00	850.00	12000.00	42500.00	625816.41	625816.41	0.00	0.00	0.00	0.00	10.16	0.00	0.30
58	11.00	47.00	850.00	12000.00	42500.00	625816.41	625816.41	0.00	0.00	0.00	0.00	10.07	0.00	0.30
59	11.00	48.00	850.00	12000.00	42500.00	625816.41	625816.41	0.00	0.00	0.00	0.00	10.37	0.00	0.30
60	11.00	49.00	850.00	12000.00	42500.00	625816.41	625816.41	0.00	0.00	0.00	0.00	10.26	0.00	0.30
61	12.00	49.00	850.00	12000.00	42500.00	577339.21	577339.21	0.00	0.00	0.00	0.00	10.09	0.00	0.20
62	12.00	50.00	850.00	12000.00	42500.00	577339.21	577339.21	0.00	0.00	0.00	0.00	10.04	0.00	0.20
63	13.00	50.00	850.00	12000.00	42500.00	577339.21	577339.21	0.00	0.00	0.00	0.00	9.88	0.00	0.20
64	13.00	51.00	850.00	12000.00	42500.00	577339.21	577339.21	0.00	0.00	0.00	0.00	9.86	0.00	0.20
65	13.00	52.00	850.00	12000.00	42500.00	577339.21	577339.21	0.00	0.00	0.00	0.00	10.14	0.00	0.20
66	13.00	53.00	850.00	12000.00	42500.00	577339.21	577339.21	0.00	0.00	0.00	0.00	10.27	0.00	0.20
67	13.00	54.00	850.00	12000.00	42500.00	577339.21	577339.21	0.00	0.00	0.00	0.00	10.80	0.00	0.20
68	13.00	55.00	850.00	12000.00	42500.00	577339.21	577339.21	0.00	0.00	0.00	0.00	11.03	0.00	0.20
69	13.00	56.00	850.00	12000.00	42500.00	577339.21	577339.21	0.00	0.00	0.00	0.00	11.18	0.00	0.20
70	13.00	57.00	850.00	12000.00	42500.00	577339.21	577339.21	0.00	0.00	0.00	0.00	11.19	0.00	0.20
71	13.00	58.00	850.00	12000.00	42500.00	577339.21	577339.21	0.00	0.00	0.00	0.00	11.25	0.00	0.20
72	13.00	59.00	850.00	12000.00	42500.00	577339.21	577339.21	0.00	0.00	0.00	0.00	11.28	0.00	0.20
73	13.00	60.00	850.00	12000.00	42500.00	577339.21	577339.21	0.00	0.00	0.00	0.00	11.28	0.00	0.20
74	13.00	61.00	850.00	12000.00	42500.00	577339.21	577339.21	0.00	0.00	0.00	0.00	11.43	0.00	0.20
75	13.00	62.00	850.00	12000.00	42500.00	577339.21	577339.21	0.00	0.00	0.00	0.00	11.50	0.00	0.20
76	13.00	63.00	850.00	12000.00	42500.00	577339.21	577339.21	0.00	0.00	0.00	0.00	11.72	0.00	0.20
77	13.00	64.00	850.00	12000.00	42500.00	577339.21	577339.21	0.00	0.00	0.00	0.00	11.60	0.00	0.20
78	13.00	65.00	850.00	12000.00	42500.00	577339.21	577339.21	0.00	0.00	0.00	0.00	11.87	0.00	0.20
79	13.00	66.00	850.00	12000.00	42500.00	577339.21	577339.21	0.00	0.00	0.00	0.00	12.62	0.00	0.20
80	13.00	67.00	850.00	12000.00	42500.00	577339.21	577339.21	0.00	0.00	0.00	0.00	12.59	0.00	0.20
81	13.00	68.00	850.00	12000.00	42500.00	577339.21	577339.21	0.00	0.00	0.00	0.00	12.76	0.00	0.20
82	13.00	69.00	850.00	12000.00	42500.00	577339.21	577339.21	0.00	0.00	0.00	0.00	12.64	0.00	0.20
83	13.00	70.00	850.00	12000.00	42500.00	577339.21	577339.21	0.00	0.00	0.00	0.00	12.60	0.00	0.20
84	13.00	71.00	850.00	12000.00	42500.00	577339.21	577339.21	0.00	0.00	0.00	0.00	12.67	0.00	0.20
85	13.00	72.00	850.00	12000.00	42500.00	577339.21	577339.21	0.00	0.00	0.00	0.00	12.65	0.00	0.20
86	13.00	73.00	850.00	12000.00	42500.00	577339.21	577339.21	0.00	0.00	0.00	0.00	12.58	0.00	0.20
87	14.00	73.00	850.00	12000.00	42500.00	577339.21	577339.21	0.00	0.00	0.00	0.00	12.44	0.00	0.20
88	14.00	74.00	850.00	12000.00	42500.00	577339.21	577339.21	0.00	0.00	0.00	0.00	12.56	0.00	0.20
89	14.00	25.00	850.00	12000.00	42500.00	577339.21	577339.21	0.00	0.00	0.00	0.00	6.48	0.00	0.20
90	14.00	26.00	850.00	12000.00	42500.00	577339.21	577339.21	0.00	0.00	0.00	0.00	6.57	0.00	0.20
91	14.00	27.00	850.00	12000.00	42500.00	577339.21	577339.21	0.00	0.00	0.00	0.00	7.30	0.00	0.20
92	14.00	28.00	850.00	12000.00	42500.00	577339.21	577339.21	0.00	0.00	0.00	0.00	7.72	0.00	0.20
93	14.00	29.00	850.00	12000.00	42500.00	577339.21	577339.21	0.00	0.00	0.00	0.00	7.71	0.00	0.20
94	14.00	30.00	850.00	12000.00	42500.00	577339.21	577339.21	0.00	0.00	0.00	0.00	7.98	0.00	0.20
95	15.00	30.00	850.00	12000.00	42500.00	577339.21	577339.21	0.00	0.00	0.00	0.00	7.80	0.00	0.20
96	15.00	31.00	850.00	12000.00	42500.00	577339.21	577339.21	0.00	0.00	0.00	0.00	7.69	0.00	0.20
97	15.00	32.00	850.00	12000.00	42500.00	577339.21	577339.21	0.00	0.00	0.00	0.00	7.76	0.00	0.20
98	15.00	33.00	850.00	12000.00	42500.00	577339.21	577339.21	0.00	0.00	0.00	0.00	8.01	0.00	0.20
99	15.00	34.00	850.00	12000.00	42500.00	577339.21	577339.21	0.00	0.00	0.00	0.00	8.31	0.00	0.20
100	16.00	34.00	850.00	12000.00	42500.00	577339.21	577339.21	0.00	0.00	0.00	0.00	8.15	0.00	0.20
101	16.00	35.00	722.50	14400.00	36125.00	577339.21	577339.21	0.00	0.00	0.00	0.00	8.15	0.00	0.20
102	17.00	35.00	722.50	14400.00	36125.00	577339.21	577339.21	0.00	0.00	0.00	0.00	7.99	0.00	0.20
103	18.00	35.00	722.50	14400.00	36125.00	577339.21	577339.21	0.00	0.00	0.00	0.00	7.84	0.00	0.20
104	18.00	36.00	722.50	14400.00	36125.00	577339.21	577339.21	0.00	0.00	0.00	0.00	7.83	0.00	0.20
105	19.00	36.00	722.50	14400.00	36125.00	577339.21	577339.21	0.00	0.00	0.00	0.00	7.69	0.00	0.20
106	19.00	37.00	722.50	14400.00	36125.00	577339.21	577339.21	0.00	0.00	0.00	0.00	8.10	0.00	0.20
107	19.00	38.00	722.50	14400.00	36125.00	577339.21	577339.21	0.00	0.00	0.00	0.00	8.10	0.00	0.20
108	19.00	39.00	722.50	14400.00	36125.00	577339.21	577339.21	0.00	0.00	0.00	0.00	8.15	0.00	0.20
109	19.00	40.00	722.50	14400.00	36125.00	577339.21	577339.21	0.00	0.00	0.00	0.00	8.40	0.00	0.20
110	19.00	41.00	722.50	14400.00	36125.00	577339.21	577339.21	0.00	0.00	0.00	0.00	8.40	0.00	0.20
111	19.00	42.00	722.50	14400.00	36125.00	577339.21	577339.21	0.00	0.00	0.00	0.00	8.40	0.00	0.20
112	20.00	42.00	722.50	14400.00	36125.00	577339.21	577339.21	0.00	0.00	0.00	0.00	8.26	0.00	0.20
113	20.00	43.00	722.50	14400.00	36125.00	577339.21	577339.21	0.00	0.00	0.00	0.00	8.18	0.00	0.20
114	20.00	44.00	722.50	14400.00	36125.00	577339.21	577339.21	0.00	0.00	0.00	0.00	8.32	0.00	0.20
115	20.00	45.00	722.50	14400.00	36125.00	577339.21	577339.21	0.00	0.00	0.00	0.00	8.35	0.00	0.20
116	20.00	46.00	722.50	14400.00	36125.00	577339.21	577339.21	0.00	0.00	0.00	0.00	8.81	0.00	0.20
117	20.00	47.00	722.50	14400.00	36125.00	577339.21	577339.21	0.00	0.00	0.00	0.00	9.02	0.00	0.20
118	20.00	48.00	722.50	14400.00	36125.00	577339.21	577339.21	0.00	0.00	0.00	0.00	9.03	0.00	0.20
119	20.00	49.00	722.50	14400.00	36125.00	577339.21	577339.21	0.00	0.00	0.00	0.00	9.05	0.00	0.20
120	20.00	50.00	722.50	14400.00	36125.00	577339.21	577339.21	0.00	0.00	0.00	0.00	9.11	0.00	0.20
121	20.00	51.00	722.50	14400.00	36125.00	577339.21	577339.21	0.00	0.00	0.00	0.00	9.00	0.00	0.20
122	21.00	51.00	722.50	14400.00	36125.00	577339.21	577339.21	0.00	0.00	0.00	0.00	8.87	0.00	0.20
123	21.00	52.00	722.50	14400.00	36125.00	577339.21	577339.21	0.00	0.00	0.00	0.00	9.07	0.00	0.20
124	21.00	53.00	722.50	14400.00	36125.00	577339.21	577339.21	0.00	0.00	0.00	0.00	9.05	0.00	0.20
125	21.00	54.00	722.50	14400.00	36125.00	577339.21	577339.21	0.00	0.00	0.00	0.00	9.03	0.00	0.20
126	22.00	54.00	722.50	14400.00	36125.00	577339.21	577339.21	0.00	0.00	0.00	0.00	8.91	0.00	0.20
127	22.00	55.00	722.50	14400.00	36125.00	577339.21	577339.21	0.00	0.00	0.00	0.00	9.17	0.00	0.20
128	22.00	56.00	722.50	14400.00	36125.00	577339.21	577339.21	0.00	0.00	0.00	0.00	9.23	0.00	0.20
129	22.00	57.00	722.50	14400.00	36125.00	577339.21	577339.21	0.00	0.00	0.00	0.00	9.42	0.00	0.20
130	22.00	58.00	722.50	14400.00	36125.00	577339.21	577339.21	0.00	0.00	0.00	0.00	9.62	0.00	0.20
131	22.00	59.00	722.50	14400.00	36125.00	577339.21	577339.21	0.00	0.00	0.00	0.00	9.75	0.00	0.20
132	22.00	60.00	722.50	14400.00	36125.00	577339.21	577339.21	0.00	0.00	0.00	0.00	10.10	0.00	0.20
133	22.00	61.00	722.50	14400.00	36125.00	577339.21	577339.21	0.00	0.00	0.00	0.00	10.58	0.00	0.20
134	22.00	62.00	722.50	14400.00	36125.00	577339.21	577339.21	0.00	0.00	0.00	0.00	10.66	0.00	0.20
135	22.00	63.00	722.50	14400.00	36125.00	577339.21	577339.21	0.00	0.00	0.00	0.00	10.65	0.00	0.20
136	23.00	63.00	722.50	14400.00	36125.00	577339.21	577339.21	0.00	0.00	0.00	0.00	10.53	0.00	0.20
137	23.00	64.00	722.50	14400.00	36125.00	577339.21	577339.21	0.00	0.00	0.00	0.00	10.52	0.00	0.20
138	23.00	65.00	722.50	14400.00	36125.00	577339.21	577339.21	0.00	0.00	0.00	0.00	10.72	0.00	0.20
139	23.00	66.00	722.50	14400.00	36125.00	577339.21	577339.21	0.00	0.00	0.00	0.00	10.74	0.00	0.20
140	23.00	67.00	722.50	14400.00	36125.00	577339.21	577339.21	0.00	0.00	0.00	0.00	10.78	0.00	0.20
141	24.00	67.00	722.50	14400.00	36125.00	577339.21	577339.21	0.00	0.00	0.00	0.00	10.66	0.00	0.20
142	24.00	68.00	722.50	14400.00	36125.00	577339.21	577339.21	0.00	0.00	0.00	0.00	10.59	0.00	0.20
143	24.00	69.00	722.50	14400.00	36125.00	577339.21	577339.21	0.00	0.00	0.00	0.00	10.75	0.00	0.20
144	24.00	70.00	722.50	14400.00	36125.00	577339.21	577339.21	0.00	0.00	0.00	0.00	10.76	0.00	0.20
145	24.00	71.00	722.50	14400.00	36125.00	577339.21	577339.21	0.00	0.00	0.00	0.00	10.77	0.00	0.20
146	25.00	71.00	722.50	14400.00	36125.00	577339.21	577339.21	0.00	0.00	0.00	0.00	10.65	0.00	0.20
147	25.00	72.00	722.50	14400.00	36125.00	577339.21	577339.21	0.00	0.00	0.00	0.00	10.75	0.00	0.20
148	25.00	73.00	722.50	14400.00	36125.00	577339.21	577339.21	0.00	0.00	0.00	0.00	10.92	0.00	0.20
149	26.00	73.00	722.50	14400.00	36125.00	577339.21	577339.21	0.00	0.00	0.00	0.00	10.81	0.00	0.20
150	26.00	74.00	722.50	14400.00	36125.00	577339.21	577339.21	0.00	0.00	0.00	0.00	10.82	0.00	0.20
151	26.00	25.00	722.50	14400.00	36125.00	577339.21	577339.21	0.00	0.00	0.00	0.00	4.50	0.00	0.20
152	26.00	26.00	722.50	14400.00	36125.00	577339.21	577339.21	0.00	0.00	0.00	0.00	4.55	0.00	0.20
153	26.00	27.00	722.50	14400.00	36125.00	577339.21	577339.21	0.00	0.00	0.00	0.00	5.30	0.00	0.20
154	27.00	27.00	722.50	14400.00	36125.00	577339.21	577339.21	0.00	0.00	0.00	0.00	5.20	0.00	0.20
155	28.00	27.00	722.50	14400.00	36125.00	577339.21	577339.21	0.00	0.00	0.00	0.00	5.11	0.00	0.20
156	29.00	27.00	722.50	14400.00	36125.00	577339.21	577339.21	0.00	0.00	0.00	0.00	5.02	0.00	0.20
157	29.00	28.00	722.50	14400.00	36125.00	577339.21	577339.21	0.00	0.00	0.00	0.00	5.24	0.00	0.20
158	29.00	29.00	722.50	14400.00	36125.00	577339.21	577339.21	0.00	0.00	0.00	0.00	5.20	0.00	0.20
159	29.00	30.00	722.50	14400.00	36125.00	577339.21	577339.21	0.00	0.00	0.00	0.00	5.27	0.00	0.20
160	29.00	31.00	722.50	14400.00	36125.00	577339.21	577339.21	0.00	0.00	0.00	0.00	7.70	0.00	0.20
161	29.00	32.00	614.12	17280.00	30706.25	577339.21	577339.21	0.00	0.00	0.00	0.00	7.96	0.00	0.20
162	30.00	32.00	614.12	17280.00	30706.25	540981.31	540981.31	0.00	0.00	0.00	0.00	7.83	0.00	0.13
163	30.00	33.00	614.12	17280.00	30706.25	540981.31	540981.31	0.00	0.00	0.00	0.00	7.98	0.00	0.13
164	30.00	34.00	614.12	17280.00	30706.25	540981.31	540981.31	0.00	0.00	0.00	0.00	8.13	0.00	0.13
165	30.00	35.00	614.12	17280.00	30706.25	540981.31	540981.31	0.00	0.00	0.00	0.00	8.37	0.00	0.13
166	31.00	35.00	614.12	17280.00	30706.25	540981.31	540981.31	0.00	0.00	0.00	0.00	8.24	0.00	0.13
167	31.00	36.00	614.12	17280.00	30706.25	540981.31	540981.31	0.00	0.00	0.00	0.00	8.29	0.00	0.13
168	31.00	37.00	614.12	17280.00	30706.25	540981.31	540981.31	0.00	0.00	0.00	0.00	8.62	0.00	0.13
169	31.00	38.00	614.12	17280.00	30706.25	540981.31	540981.31	0.00	0.00	0.00	0.00	8.55	0.00	0.13
170	31.00	39.00	614.12	17280.00	30706.25	540981.31	540981.31	0.00	0.00	0.00	0.00	8.55	0.00	0.13
171	32.00	39.00	614.12	17280.00	30706.25	540981.31	540981.31	0.00	0.00	0.00	0.00	8.43	0.00	0.13
172	32.00	40.00	614.12	17280.00	30706.25	540981.31	540981.31	0.00	0.00	0.00	0.00	8.35	0.00	0.13
173	32.00	41.00	614.12	17280.00	30706.25	540981.31	540981.31	0.00	0.00	0.00	0.00	8.60	0.00	0.13
174	32.00	42.00	614.12	17280.00	30706.25	540981.31	540981.31	0.00	0.00	0.00	0.00	8.58	0.00	0.13
175	32.00	43.00	614.12	17280.00	30706.25	540981.31	540981.31	0.00	0.00	0.00	0.00	8.80	0.00	0.13
176	32.00	44.00	614.12	17280.00	30706.25	540981.31	540981.31	0.00	0.00	0.00	0.00	8.79	0.00	0.13
177	32.00	45.00	614.12	17280.00	30706.25	540981.31	540981.31	0.00	0.00	0.00	0.00	8.84	0.00	0.13
178	32.00	46.00	614.12	17280.00	30706.25	540981.31	540981.31	0.00	0.00	0.00	0.00	8.77	0.00	0.13
179	32.00	47.00	614.12	17280.00	30706.25	540981.31	540981.31	0.00	0.00	0.00	0.00	8.87	0.00	0.13
180	32.00	48.00	614.12	17280.00	30706.25	540981.31	540981.31	0.00	0.00	0.00	0.00	8.89	0.00	0.13
181	32.00	49.00	614.12	17280.00	30706.25	540981.31	540981.31	0.00	0.00	0.00	0.00	8.95	0.00	0.13
182	32.00	50.00	614.12	17280.00	30706.25	540981.31	540981.31	0.00	0.00	0.00	0.00	8.93	0.00	0.13
183	32.00	51.00	614.12	17280.00	30706.25	540981.31	540981.31	0.00	0.00	0.00	0.00	8.96	0.00	0.13
184	32.00	52.00	614.12	17280.00	30706.25	540981.31	540981.31	0.00	0.00	0.00	0.00	8.99	0.00	0.13
185	32.00	53.00	614.12	17280.00	30706.25	540981.31	540981.31	0.00	0.00	0.00	0.00	9.16	0.00	0.13
186	32.00	54.00	614.12	17280.00	30706.25	540981.31	540981.31	0.00	0.00	0.00	0.00	9.21	0.00	0.13
187	32.00	55.00	614.12	17280.00	30706.25	540981.31	540981.31	0.00	0.00	0.00	0.00	9.33	0.00	0.13
188	32.00	56.00	614.12	17280.00	30706.25	540981.31	540981.31	0.00	0.00	0.00	0.00	10.35	0.00	0.13
189	32.00	57.00	614.12	17280.00	30706.25	540981.31	540981.31	0.00	0.00	0.00	0.00	10.71	0.00	0.13
190	32.00	58.00	614.12	17280.00	30706.25	540981.31	540981.31	0.00	0.00	0.00	0.00	10.71	0.00	0.13
191	32.00	59.00	614.12	17280.00	30706.25	540981.31	540981.31	0.00	0.00	0.00	0.00	10.68	0.00	0.13
192	32.00	60.00	614.12	17280.00	30706.25	540981.31	540981.31	0.00	0.00	0.00	0.00	10.65	0.00	0.13
193	32.00	61.00	614.12	17280.00	30706.25	540981.31	540981.31	0.00	0.00	0.00	0.00	10.75	0.00	0.13
194	33.00	61.00	614.12	17280.00	30706.25	540981.31	540981.31	0.00	0.00	0.00	0.00	10.64	0.00	0.13
195	34.00	61.00	614.12	17280.00	30706.25	540981.31	540981.31	0.00	0.00	0.00	0.00	10.52	0.00	0.13
196	35.00	61.00	614.12	17280.00	30706.25	540981.31	540981.31	0.00	0.00	0.00	0.00	10.41	0.00	0.13
197	35.00	62.00	614.12	17280.00	30706.25	540981.31	540981.31	0.00	0.00	0.00	0.00	10.45	0.00	0.13
198	35.00	63.00	614.12	17280.00	30706.25	540981.31	540981.31	0.00	0.00	0.00	0.00	10.43	0.00	0.13
199	35.00	64.00	614.12	17280.00	30706.25	540981.31	540981.31	0.00	0.00	0.00	0.00	10.44	0.00	0.13
200	36.00	64.00	614.12	17280.00	30706.25	540981.31	540981.31	0.00	0.00	0.00	0.00	10.34	0.00	0.13
201	36.00	65.00	614.12	17280.00	30706.25	540981.31	540981.31	0.00	0.00	0.00	0.00	10.51	0.00	0.13
202	36.00	66.00	614.12	17280.00	30706.25	540981.31	540981.31	0.00	0.00	0.00	0.00	10.69	0.00	0.13
203	36.00	67.00	614.12	17280.00	30706.25	540981.31	540981.31	0.00	0.00	0.00	0.00	10.94	0.00	0.13
204	36.00	68.00	614.12	17280.00	30706.25	540981.31	540981.31	0.00	0.00	0.00	0.00	11.00	0.00	0.13
205	36.00	69.00	614.12	17280.00	30706.25	540981.31	540981.31	0.00	0.00	0.00	0.00	11.06	0.00	0.13
206	36.00	70.00	614.12	17280.00	30706.25	540981.31	540981.31	0.00	0.00	0.00	0.00	11.12	0.00	0.13
207	36.00	71.00	614.12	17280.00	30706.25	540981.31	540981.31	0.00	0.00	0.00	0.00	11.09	0.00	0.13
208	36.00	72.00	614.12	17280.00	30706.25	540981.31	540981.31	0.00	0.00	0.00	0.00	11.70	0.00	0.13
209	36.00	73.00	614.12	17280.00	30706.25	540981.31	540981.31	0.00	0.00	0.00	0.00	11.66	0.00	0.13
210	36.00	74.00	614.12	17280.00	30706.25	540981.31	540981.31	0.00	0.00	0.00	0.00	11.63	0.00	0.13
211	36.00	25.00	614.12	17280.00	30706.25	540981.31	540981.31	0.00	0.00	0.00	0.00	3.97	0.00	0.13
212	36.00	26.00	614.12	17280.00	30706.25	540981.31	540981.31	0.00	0.00	0.00	0.00	4.02	0.00	0.13
213	36.00	27.00	614.12	17280.00	30706.25	540981.31	540981.31	0.00	0.00	0.00	0.00	4.09	0.00	0.13
214	36.00	28.00	614.12	17280.00	30706.25	540981.31	540981.31	0.00	0.00	0.00	0.00	4.19	0.00	0.13
215	37.00	28.00	614.12	17280.00	30706.25	540981.31	540981.31	0.00	0.00	0.00	0.00	4.13	0.00	0.13
216	37.00	29.00	614.12	17280.00	30706.25	540981.31	540981.31	0.00	0.00	0.00	0.00	4.33	0.00	0.13
217	37.00	30.00	614.12	17280.00	30706.25	540981.31	540981.31	0.00	0.00	0.00	0.00	4.73	0.00	0.13
218	37.00	31.00	614.12	17280.00	30706.25	540981.31	540981.31	0.00	0.00	0.00	0.00	4.96	0.00	0.13
219	38.00	31.00	614.12	17280.00	30706.25	540981.31	540981.31	0.00	0.00	0.00	0.00	4.89	0.00	0.13
220	38.00	32.00	614.12	17280.00	30706.25	540981.31	540981.31	0.00	0.00	0.00	0.00	4.92	0.00	0.13
221	38.00	33.00	614.12	17280.00	30706.25	540981.31	540981.31	0.00	0.00	0.00	0.00	5.17	0.00	0.13
222	39.00	33.00	614.12	17280.00	30706.25	540981.31	540981.31	0.00	0.00	0.00	0.00	5.10	0.00	0.13
223	40.00	33.00	614.12	17280.00	30706.25	540981.31	540981.31	0.00	0.00	0.00	0.00	5.03	0.00	0.13
224	40.00	34.00	614.12	17280.00	30706.25	540981.31	540981.31	0.00	0.00	0.00	0.00	5.14	0.00	0.13
225	40.00	35.00	614.12	17280.00	30706.25	540981.31	540981.31	0.00	0.00	0.00	0.00	5.40	0.00	0.13
226	40.00	36.00	614.12	17280.00	30706.25	540981.31	540981.31	0.00	0.00	0.00	0.00	5.40	0.00	0.13
227	40.00	37.00	614.12	17280.00	30706.25	540981.31	540981.31	0.00	0.00	0.00	0.00	5.46	0.00	0.13
228	41.00	37.00	614.12	17280.00	30706.25	540981.31	540981.31	0.00	0.00	0.00	0.00	5.39	0.00	0.13
229	42.00	37.00	614.12	17280.00	30706.25	540981.31	540981.31	0.00	0.00	0.00	0.00	5.32	0.00	0.13
230	42.00	38.00	614.12	17280.00	30706.25	540981.31	540981.31	0.00	0.00	0.00	0.00	5.46	0.00	0.13
231	42.00	39.00	614.12	17280.00	30706.25	540981.31	540981.31	0.00	0.00	0.00	0.00	5.57	0.00	0.13
232	42.00	40.00	614.12	17280.00	30706.25	540981.31	540981.31	0.00	0.00	0.00	0.00	5.55	0.00	0.13
233	42.00	41.00	614.12	17280.00	30706.25	540981.31	540981.31	0.00	0.00	0.00	0.00	5.58	0.00	0.13
234	42.00	42.00	614.12	17280.00	30706.25	540981.31	540981.31	0.00	0.00	0.00	0.00	5.55	0.00	0.13
235	42.00	43.00	614.12	17280.00	30706.25	540981.31	540981.31	0.00	0.00	0.00	0.00	5.55	0.00	0.13
236	42.00	44.00	614.12	17280.00	30706.25	540981.31	540981.31	0.00	0.00	0.00	0.00	5.64	0.00	0.13
237	42.00	45.00	614.12	17280.00	30706.25	540981.31	540981.31	0.00	0.00	0.00	0.00	5.71	0.00	0.13
238	42.00	46.00	614.12	17280.00	30706.25	540981.31	540981.31	0.00	0.00	0.00	0.00	5.68	0.00	0.13
239	42.00	47.00	614.12	17280.00	30706.25	540981.31	540981.31	0.00	0.00	0.00	0.00	5.74	0.00	0.13
240	42.00	48.00	614.12	17280.00	30706.25	540981.31	540981.31	0.00	0.00	0.00	0.00	6.28	0.00	0.13
241	42.00	49.00	614.12	17280.00	30706.25	540981.31	540981.31	0.00	0.00	0.00	0.00	6.40	0.00	0.13
242	42.00	50.00	614.12	17280.00	30706.25	540981.31	540981.31	0.00	0.00	0.00	0.00	6.51	0.00	0.13
243	43.00	50.00	614.12	17280.00	30706.25	540981.31	540981.31	0.00	0.00	0.00	0.00	6.44	0.00	0.13
244	43.00	51.00	614.12	17280.00	30706.25	540981.31	540981.31	0.00	0.00	0.00	0.00	6.50	0.00	0.13
245	44.00	51.00	614.12	17280.00	30706.25	540981.31	540981.31	0.00	0.00	0.00	0.00	6.44	0.00	0.13
246	44.00	52.00	614.12	17280.00	30706.25	540981.31	540981.31	0.00	0.00	0.00	0.00	6.54	0.00	0.13
247	44.00	53.00	614.12	17280.00	30706.25	540981.31	540981.31	0.00	0.00	0.00	0.00	6.55	0.00	0.13
248	44.00	54.00	614.12	17280.00	30706.25	540981.31	540981.31	0.00	0.00	0.00	0.00	7.29	0.00	0.13
249	44.00	55.00	614.12	17280.00	30706.25	540981.31	540981.31	0.00	0.00	0.00	0.00	7.49	0.00	0.13
250	44.00	56.00	614.12	17280.00	30706.25	540981.31	540981.31	0.00	0.00	0.00	0.00	7.54	0.00	0.13
251	45.00	56.00	614.12	17280.00	30706.25	540981.31	540981.31	0.00	0.00	0.00	0.00	7.46	0.00	0.13
252	45.00	57.00	614.12	17280.00	30706.25	540981.31	540981.31	0.00	0.00	0.00	0.00	7.56	0.00	0.13
253	45.00	58.00	614.12	17280.00	30706.25	540981.31	540981.31	0.00	0.00	0.00	0.00	7.52	0.00	0.13
254	45.00	59.00	614.12	17280.00	30706.25	540981.31	540981.31	0.00	0.00	0.00	0.00	7.72	0.00	0.13
255	45.00	60.00	614.12	17280.00	30706.25	540981.31	540981.31	0.00	0.00	0.00	0.00	7.75	0.00	0.13
256	46.00	60.00	614.12	17280.00	30706.25	540981.31	540981.31	0.00	0.00	0.00	0.00	7.68	0.00	0.13
257	46.00	61.00	614.12	17280.00	30706.25	540981.31	540981.31	0.00	0.00	0.00	0.00	7.84	0.00	0.13
258	46.00	62.00	614.12	17280.00	30706.25	540981.31	540981.31	0.00	0.00	0.00	0.00	7.88	0.00	0.13
259	46.00	63.00	614.12	17280.00	30706.25	540981.31	540981.31	0.00	0.00	0.00	0.00	8.14	0.00	0.13
260	46.00	64.00	614.12	17280.00	30706.25	540981.31	540981.31	0.00	0.00	0.00	0.00	8.29	0.00	0.13
261	48.00	63.00	522.01	20736.00	26100.31	540981.31	540981.31	0.00	0.00	0.00	0.00	13.30	0.00	0.13
262	49.00	63.00	443.71	24883.20	22185.27	540981.31	540981.31	0.00	0.00	0.00	0.00	13.19	0.00	0.13
263	49.00	64.00	443.71	24883.20	22185.27	540981.31	540981.31	0.00	0.00	0.00	0.00	13.22	0.00	0.13
264	50.00	64.00	443.71	24883.20	22185.27	540981.31	540981.31	0.00	0.00	0.00	0.00	13.10	0.00	0.13
265	51.00	64.00	443.71	24883.20	22185.27	540981.31	540981.31	0.00	0.00	0.00	0.00	12.99	0.00	0.13
266	52.00	64.00	443.71	24883.20	22185.27	540981.31	540981.31	0.00	0.00	0.00	0.00	12.88	0.00	0.13
267	52.00	65.00	443.71	24883.20	22185.27	540981.31	540981.31	0.00	0.00	0.00	0.00	12.90	0.00	0.13
268	53.00	65.00	443.71	24883.20	22185.27	540981.31	540981.31	0.00	0.00	0.00	0.00	12.80	0.00	0.13
269	53.00	66.00	443.71	24883.20	22185.27	540981.31	540981.31	0.00	0.00	0.00	0.00	12.71	0.00	0.13
270	53.00	67.00	443.71	24883.20	22185.27	540981.31	540981.31	0.00	0.00	0.00	0.00	12.77	0.00	0.13
271	53.00	68.00	443.71	24883.20	22185.27	540981.31	540981.31	0.00	0.00	0.00	0.00	12.73	0.00	0.13
272	53.00	69.00	443.71	24883.20	22185.27	540981.31	540981.31	0.00	0.00	0.00	0.00	12.70	0.00	0.13
273	53.00	70.00	443.71	24883.20	22185.27	540981.31	540981.31	0.00	0.00	0.00	0.00	12.68	0.00	0.13
274	54.00	70.00	443.71	24883.20	22185.27	540981.31	540981.31	0.00	0.00	0.00	0.00	12.58	0.00	0.13
275	54.00	71.00	443.71	24883.20	22185.27	540981.31	540981.31	0.00	0.00	0.00	0.00	13.37	0.00	0.13
276	55.00	71.00	443.71	24883.20	22185.27	540981.31	540981.31	0.00	0.00	0.00	0.00	13.27	0.00	0.13
277	56.00	71.00	443.71	24883.20	22185.27	540981.31	540981.31	0.00	0.00	0.00	0.00	13.16	0.00	0.13
278	57.00	71.00	443.71	24883.20	22185.27	540981.31	540981.31	0.00	0.00	0.00	0.00	13.06	0.00	0.13
279	57.00	72.00	443.71	24883.20	22185.27	540981.31	540981.31	0.00	0.00	0.00	0.00	12.98	0.00	0.13
280	58.00	72.00	443.71	24883.20	22185.27	540981.31	540981.31	0.00	0.00	0.00	0.00	12.88	0.00	0.13
281	58.00	73.00	443.71	24883.20	22185.27	540981.31	540981.31	0.00	0.00	0.00	0.00	12.99	0.00	0.13
282	59.00	73.00	443.71	24883.20	22185.27	540981.31	540981.31	0.00	0.00	0.00	0.00	12.90	0.00	0.13
283	59.00	74.00	443.71	24883.20	22185.27	540981.31	540981.31	0.00	0.00	0.00	0.00	13.08	0.00	0.13
284	60.00	74.00	443.71	24883.20	22185.27	540981.31	540981.31	0.00	0.00	0.00	0.00	12.99	0.00	0.13
285	60.00	25.00	443.71	24883.20	22185.27	540981.31	540981.31	0.00	0.00	0.00	0.00	4.88	0.00	0.13
286	61.00	25.00	443.71	24883.20	22185.27	540981.31	540981.31	0.00	0.00	0.00	0.00	4.83	0.00	0.13
287	61.00	26.00	443.71	24883.20	22185.27	540981.31	540981.31	0.00	0.00	0.00	0.00	4.81	0.00	0.13
288	61.00	27.00	443.71	24883.20	22185.27	540981.31	540981.31	0.00	0.00	0.00	0.00	4.78	0.00	0.13
289	62.00	27.00	443.71	24883.20	22185.27	540981.31	540981.31	0.00	0.00	0.00	0.00	4.73	0.00	0.13
290	62.00	28.00	443.71	24883.20	22185.27	540981.31	540981.31	0.00	0.00	0.00	0.00	4.75	0.00	0.13
291	63.00	28.00	443.71	24883.20	22185.27	540981.31	540981.31	0.00	0.00	0.00	0.00	4.70	0.00	0.13
292	64.00	28.00	443.71	24883.20	22185.27	540981.31	540981.31	0.00	0.00	0.00	0.00	4.65	0.00	0.13
293	65.00	28.00	443.71	24883.20	22185.27	540981.31	540981.31	0.00	0.00	0.00	0.00	4.60	0.00	0.13
294	66.00	28.00	443.71	24883.20	22185.27	540981.31	540981.31	0.00	0.00	0.00	0.00	4.55	0.00	0.13
295	66.00	29.00	443.71	24883.20	22185.27	540981.31	540981.31	0.00	0.00	0.00	0.00	4.62	0.00	0.13
296	66.00	30.00	443.71	24883.20	22185.27	540981.31	540981.31	0.00	0.00	0.00	0.00	4.69	0.00	0.13
297	66.00	31.00	443.71	24883.20	22185.27	540981.31	540981.31	0.00	0.00	0.00	0.00	4.71	0.00	0.13
298	67.00	31.00	443.71	24883.20	22185.27	540981.31	540981.31	0.00	0.00	0.00	0.00	4.66	0.00	0.13
299	68.00	31.00	443.71	24883.20	22185.27	540981.31	540981.31	0.00	0.00	0.00	0.00	4.61	0.00	0.13
300	68.00	32.00	443.71	24883.20	22185.27	540981.31	540981.31	0.00	0.00	0.00	0.00	4.69	0.00	0.13
301	69.00	32.00	443.71	24883.20	22185.27	540981.31	540981.31	0.00	0.00	0.00	0.00	4.65	0.00	0.13
302	69.00	33.00	443.71	24883.20	22185.27	540981.31	540981.31	0.00	0.00	0.00	0.00	4.62	0.00	0.13
303	70.00	33.00	443.71	24883.20	22185.27	538557.45	538557.45	0.00	0.00	0.00	0.00	4.57	0.00	0.12
304	71.00	33.00	443.71	24883.20	22185.27	538557.45	538557.45	0.00	0.00	0.00	0.00	4.53	0.00	0.12
305	71.00	34.00	443.71	24883.20	22185.27	538557.45	538557.45	0.00	0.00	0.00	0.00	4.70	0.00	0.12
306	72.00	34.00	443.71	24883.20	22185.27	538557.45	538557.45	0.00	0.00	0.00	0.00	4.66	0.00	0.12
307	73.00	34.00	443.71	24883.20	22185.27	538557.45	538557.45	0.00	0.00	0.00	0.00	4.62	0.00	0.12
308	74.00	34.00	443.71	24883.20	22185.27	538557.45	538557.45	0.00	0.00	0.00	0.00	4.57	0.00	0.12
309	74.00	35.00	443.71	24883.20	22185.27	538557.45	538557.45	0.00	0.00	0.00	0.00	4.64	0.00	0.12
310	74.00	36.00	443.71	24883.20	22185.27	538557.45	538557.45	0.00	0.00	0.00	0.00	4.73	0.00	0.12
311	25.00	36.00	443.71	24883.20	22185.27	538557.45	538557.45	0.00	0.00	0.00	0.00	8.52	0.00	0.12
312	25.00	37.00	443.71	24883.20	22185.27	538557.45	538557.45	0.00	0.00	0.00	0.00	8.57	0.00	0.12
313	26.00	37.00	443.71	24883.20	22185.27	538557.45	538557.45	0.00	0.00	0.00	0.00	8.43	0.00	0.12
314	26.00	38.00	443.71	24883.20	22185.27	538557.45	538557.45	0.00	0.00	0.00	0.00	8.69	0.00	0.12
315	26.00	39.00	443.71	24883.20	22185.27	538557.45	538557.45	0.00	0.00	0.00	0.00	8.76	0.00	0.12
316	26.00	40.00	443.71	24883.20	22185.27	538557.45	538557.45	0.00	0.00	0.00	0.00	9.00	0.00	0.12
317	27.00	40.00	443.71	24883.20	22185.27	538557.45	538557.45	0.00	0.00	0.00	0.00	8.87	0.00	0.12
318	28.00	40.00	443.71	24883.20	22185.27	538557.45	538557.45	0.00	0.00	0.00	0.00	8.73	0.00	0.12
319	28.00	41.00	443.71	24883.20	22185.27	538557.45	538557.45	0.00	0.00	0.00	0.00	8.97	0.00	0.12
320	29.00	41.00	443.71	24883.20	22185.27	538557.45	538557.45	0.00	0.00	0.00	0.00	8.84	0.00	0.12
321	30.00	41.00	443.71	24883.20	22185.27	538557.45	538557.45	0.00	0.00	0.00	0.00	8.72	0.00	0.12
322	31.00	41.00	443.71	24883.20	22185.27	538557.45	538557.45	0.00	0.00	0.00	0.00	8.59	0.00	0.12
323	31.00	42.00	443.71	24883.20	22185.27	538557.45	538557.45	0.00	0.00	0.00	0.00	8.76	0.00	0.12
324	31.00	43.00	443.71	24883.20	22185.27	538557.45	538557.45	0.00	0.00	0.00	0.00	9.27	0.00	0.12
325	32.00	43.00	443.71	24883.20	22185.27	538557.45	538557.45	0.00	0.00	0.00	0.00	9.14	0.00	0.12
326	33.00	43.00	443.71	24883.20	22185.27	538557.45	538557.45	0.00	0.00	0.00	0.00	9.02	0.00	0.12
327	33.00	44.00	443.71	24883.20	22185.27	538557.45	538557.45	0.00	0.00	0.00	0.00	9.31	0.00	0.12
328	33.00	45.00	443.71	24883.20	22185.27	538557.45	538557.45	0.00	0.00	0.00	0.00	9.98	0.00	0.12
329	33.00	46.00	443.71	24883.20	22185.27	538557.45	538557.45	0.00	0.00	0.00	0.00	10.21	0.00	0.12
330	34.00	46.00	443.71	24883.20	22185.27	538557.45	538557.45	0.00	0.00	0.00	0.00	10.08	0.00	0.12
331	34.00	47.00	443.71	24883.20	22185.27	538557.45	538557.45	0.00	0.00	0.00	0.00	10.95	0.00	0.12
332	35.00	47.00	443.71	24883.20	22185.27	538557.45	538557.45	0.00	0.00	0.00	0.00	10.82	0.00	0.12
333	36.00	47.00	443.71	24883.20	22185.27	538557.45	538557.45	0.00	0.00	0.00	0.00	10.69	0.00	0.12
334	36.00	48.00	443.71	24883.20	22185.27	538557.45	538557.45	0.00	0.00	0.00	0.00	10.74	0.00	0.12
335	37.00	48.00	443.71	24883.20	22185.27	538557.45	538557.45	0.00	0.00	0.00	0.00	10.62	0.00	0.12
336	37.00	49.00	443.71	24883.20	22185.27	538557.45	538557.45	0.00	0.00	0.00	0.00	10.63	0.00	0.12
337	38.00	49.00	443.71	24883.20	22185.27	538557.45	538557.45	0.00	0.00	0.00	0.00	10.50	0.00	0.12
338	38.00	50.00	443.71	24883.20	22185.27	538557.45	538557.45	0.00	0.00	0.00	0.00	10.51	0.00	0.12
339	38.00	51.00	443.71	24883.20	22185.27	538557.45	538557.45	0.00	0.00	0.00	0.00	10.70	0.00	0.12
340	39.00	51.00	443.71	24883.20	22185.27	538557.45	538557.45	0.00	0.00	0.00	0.00	10.58	0.00	0.12
341	39.00	52.00	443.71	24883.20	22185.27	538557.45	538557.45	0.00	0.00	0.00	0.00	10.61	0.00	0.12
342	39.00	53.00	443.71	24883.20	22185.27	538557.45	538557.45	0.00	0.00	0.00	0.00	10.57	0.00	0.12
343	39.00	54.00	443.71	24883.20	22185.27	538557.45	538557.45	0.00	0.00	0.00	0.00	11.49	0.00	0.12
344	40.00	54.00	443.71	24883.20	22185.27	538557.45	538557.45	0.00	0.00	0.00	0.00	11.37	0.00	0.12
345	40.00	55.00	443.71	24883.20	22185.27	538557.45	538557.45	0.00	0.00	0.00	0.00	11.34	0.00	0.12
346	41.00	55.00	443.71	24883.20	22185.27	538557.45	538557.45	0.00	0.00	0.00	0.00	11.22	0.00	0.12
347	41.00	56.00	443.71	24883.20	22185.27	538557.45	538557.45	0.00	0.00	0.00	0.00	11.22	0.00	0.12
348	41.00	57.00	443.71	24883.20	22185.27	538557.45	538557.45	0.00	0.00	0.00	0.00	11.72	0.00	0.12
349	41.00	58.00	443.71	24883.20	22185.27	538557.45	538557.45	0.00	0.00	0.00	0.00	11.85	0.00	0.12
350	42.00	58.00	443.71	24883.20	22185.27	538557.45	538557.45	0.00	0.00	0.00	0.00	11.73	0.00	0.12
351	42.00	59.00	443.71	24883.20	22185.27	538557.45	538557.45	0.00	0.00	0.00	0.00	11.85	0.00	0.12
352	43.00	59.00	443.71	24883.20	22185.27	538557.45	538557.45	0.00	0.00	0.00	0.00	11.73	0.00	0.12
353	44.00	59.00	443.71	24883.20	22185.27	538557.45	538557.45	0.00	0.00	0.00	0.00	11.62	0.00	0.12
354	44.00	60.00	443.71	24883.20	22185.27	538557.45	538557.45	0.00	0.00	0.00	0.00	11.61	0.00	0.12
355	45.00	60.00	443.71	24883.20	22185.27	538557.45	538557.45	0.00	0.00	0.00	0.00	11.49	0.00	0.12
356	46.00	60.00	443.71	24883.20	22185.27	538557.45	538557.45	0.00	0.00	0.00	0.00	11.39	0.00	0.12
357	46.00	61.00	443.71	24883.20	22185.27	538557.45	538557.45	0.00	0.00	0.00	0.00	11.41	0.00	0.12
358	46.00	62.00	443.71	24883.20	22185.27	538557.45	538557.45	0.00	0.00	0.00	0.00	11.49	0.00	0.12
359	47.00	62.00	443.71	24883.20	22185.27	538557.45	538557.45	0.00	0.00	0.00	0.00	11.38	0.00	0.12
360	48.00	62.00	443.71	24883.20	22185.27	538557.45	538557.45	0.00	0.00	0.00	0.00	11.28	0.00	0.12
361	48.00	63.00	443.71	24883.20	22185.27	538557.45	538557.45	0.00	0.00	0.00	0.00	11.33	0.00	0.12
362	49.00	63.00	377.15	29859.84	18857.48	538557.45	538557.45	0.00	0.00	0.00	0.00	11.23	0.00	0.12
363	49.00	64.00	377.15	29859.84	18857.48	538557.45	538557.45	0.00	0.00	0.00	0.00	11.29	0.00	0.12
364	50.00	64.00	377.15	29859.84	18857.48	538557.45	538557.45	0.00	0.00	0.00	0.00	11.20	0.00	0.12
365	51.00	64.00	377.15	29859.84	18857.48	538557.45	538557.45	0.00	0.00	0.00	0.00	11.10	0.00	0.12
366	51.00	65.00	377.15	29859.84	18857.48	538557.45	538557.45	0.00	0.00	0.00	0.00	11.10	0.00	0.12
367	52.00	65.00	377.15	29859.84	18857.48	538557.45	538557.45	0.00	0.00	0.00	0.00	11.01	0.00	0.12
368	52.00	66.00	377.15	29859.84	18857.48	538557.45	538557.45	0.00	0.00	0.00	0.00	11.06	0.00	0.12
369	52.00	67.00	377.15	29859.84	18857.48	538557.45	538557.45	0.00	0.00	0.00	0.00	11.08	0.00	0.12
370	53.00	67.00	377.15	29859.84	18857.48	538557.45	538557.45	0.00	0.00	0.00	0.00	10.99	0.00	0.12
371	53.00	68.00	377.15	29859.84	18857.48	538557.45	538557.45	0.00	0.00	0.00	0.00	11.02	0.00	0.12
372	54.00	68.00	377.15	29859.84	18857.48	538557.45	538557.45	0.00	0.00	0.00	0.00	10.93	0.00	0.12
373	54.00	69.00	377.15	29859.84	18857.48	538557.45	538557.45	0.00	0.00	0.00	0.00	10.95	0.00	0.12
374	54.00	70.00	377.15	29859.84	18857.48	538557.45	538557.45	0.00	0.00	0.00	0.00	10.96	0.00	0.12
375	54.00	71.00	377.15	29859.84	18857.48	538557.45	538557.45	0.00	0.00	0.00	0.00	10.93	0.00	0.12
376	54.00	72.00	377.15	29859.84	18857.48	538557.45	538557.45	0.00	0.00	0.00	0.00	10.93	0.00	0.12
377	54.00	73.00	377.15	29859.84	18857.48	538557.45	538557.45	0.00	0.00	0.00	0.00	10.98	0.00	0.12
378	54.00	74.00	377.15	29859.84	18857.48	538557.45	538557.45	0.00	0.00	0.00	0.00	11.14	0.00	0.12
379	54.00	25.00	377.15	29859.84	18857.48	538557.45	538557.45	0.00	0.00	0.00	0.00	4.14	0.00	0.12
380	54.00	26.00	377.15	29859.84	18857.48	538557.45	538557.45	0.00	0.00	0.00	0.00	4.11	0.00	0.12
381	54.00	27.00	377.15	29859.84	18857.48	538557.45	538557.45	0.00	0.00	0.00	0.00	4.11	0.00	0.12
382	54.00	28.00	377.15	29859.84	18857.48	538557.45	538557.45	0.00	0.00	0.00	0.00	4.30	0.00	0.12
383	55.00	28.00	377.15	29859.84	18857.48	538557.45	538557.45	0.00	0.00	0.00	0.00	4.25	0.00	0.12
384	55.00	29.00	377.15	29859.84	18857.48	538557.45	538557.45	0.00	0.00	0.00	0.00	4.33	0.00	0.12
385	56.00	29.00	377.15	29859.84	18857.48	538557.45	538557.45	0.00	0.00	0.00	0.00	4.28	0.00	0.12
386	57.00	29.00	377.15	29859.84	18857.48	538557.45	538557.45	0.00	0.00	0.00	0.00	4.23	0.00	0.12
387	57.00	30.00	377.15	29859.84	18857.48	538557.45	538557.45	0.00	0.00	0.00	0.00	5.11	0.00	0.12
388	57.00	31.00	377.15	29859.84	18857.48	538557.45	538557.45	0.00	0.00	0.00	0.00	5.19	0.00	0.12
389	58.00	31.00	377.15	29859.84	18857.48	538557.45	538557.45	0.00	0.00	0.00	0.00	5.13	0.00	0.12
390	58.00	32.00	377.15	29859.84	18857.48	538557.45	538557.45	0.00	0.00	0.00	0.00	5.51	0.00	0.12
391	58.00	33.00	377.15	29859.84	18857.48	538557.45	538557.45	0.00	0.00	0.00	0.00	5.58	0.00	0.12
392	58.00	34.00	377.15	29859.84	18857.48	538557.45	538557.45	0.00	0.00	0.00	0.00	5.67	0.00	0.12
393	58.00	35.00	377.15	29859.84	18857.48	538557.45	538557.45	0.00	0.00	0.00	0.00	5.68	0.00	0.12
394	59.00	35.00	377.15	29859.84	18857.48	538557.45	538557.45	0.00	0.00	0.00	0.00	5.62	0.00	0.12
395	59.00	36.00	377.15	29859.84	18857.48	538557.45	538557.45	0.00	0.00	0.00	0.00	5.64	0.00	0.12
396	60.00	36.00	377.15	29859.84	18857.48	538557.45	538557.45	0.00	0.00	0.00	0.00	5.58	0.00	0.12
397	60.00	37.00	377.15	29859.84	18857.48	538557.45	538557.45	0.00	0.00	0.00	0.00	5.69	0.00	0.12
398	60.00	38.00	377.15	29859.84	18857.48	538557.45	538557.45	0.00	0.00	0.00	0.00	5.79	0.00	0.12
399	60.00	39.00	377.15	29859.84	18857.48	538557.45	538557.45	0.00	0.00	0.00	0.00	5.96	0.00	0.12
400	61.00	39.00	377.15	29859.84	18857.48	538557.45	538557.45	0.00	0.00	0.00	0.00	5.90	0.00	0.12
401	62.00	39.00	377.15	29859.84	18857.48	538557.45	538557.45	0.00	0.00	0.00	0.00	5.84	0.00	0.12
402	63.00	39.00	377.15	29859.84	18857.48	538557.45	538557.45	0.00	0.00	0.00	0.00	6.51	0.00	0.12
403	64.00	39.00	320.58	35831.81	16028.85	538557.45	538557.45	0.00	0.00	0.00	0.00	6.45	0.00	0.12
404	65.00	39.00	320.58	35831.81	16028.85	538557.45	538557.45	0.00	0.00	0.00	0.00	6.38	0.00	0.12
405	66.00	39.00	320.58	35831.81	16028.85	538557.45	538557.45	0.00	0.00	0.00	0.00	6.32	0.00	0.12
406	67.00	39.00	320.58	35831.81	16028.85	538557.45	538557.45	0.00	0.00	0.00	0.00	6.26	0.00	0.12
407	68.00	39.00	320.58	35831.81	16028.85	538557.45	538557.45	0.00	0.00	0.00	0.00	6.21	0.00	0.12
408	69.00	39.00	320.58	35831.81	16028.85	538557.45	538557.45	0.00	0.00	0.00	0.00	6.15	0.00	0.12
409	69.00	40.00	320.58	35831.81	16028.85	538557.45	538557.45	0.00	0.00	0.00	0.00	6.70	0.00	0.12
410	69.00	41.00	320.58	35831.81	16028.85	538557.45	538557.45	0.00	0.00	0.00	0.00	6.74	0.00	0.12
411	70.00	41.00	320.58	35831.81	16028.85	538557.45	538557.45	0.00	0.00	0.00	0.00	6.68	0.00	0.12
412	71.00	41.00	320.58	35831.81	16028.85	538557.45	538557.45	0.00	0.00	0.00	0.00	6.62	0.00	0.12
413	71.00	42.00	320.58	35831.81	16028.85	538557.45	538557.45	0.00	0.00	0.00	0.00	6.62	0.00	0.12
414	72.00	42.00	320.58	35831.81	16028.85	538557.45	538557.45	0.00	0.00	0.00	0.00	6.56	0.00	0.12
415	72.00	43.00	320.58	35831.81	16028.85	538557.45	538557.45	0.00	0.00	0.00	0.00	7.27	0.00	0.12
416	73.00	43.00	320.58	35831.81	16028.85	538557.45	538557.45	0.00	0.00	0.00	0.00	7.21	0.00	0.12
417	74.00	43.00	320.58	35831.81	16028.85	538557.45	538557.45	0.00	0.00	0.00	0.00	7.15	0.00	0.12
418	74.00	44.00	320.58	35831.81	16028.85	538557.45	538557.45	0.00	0.00	0.00	0.00	7.15	0.00	0.12
419	74.00	45.00	320.58	35831.81	16028.85	538557.45	538557.45	0.00	0.00	0.00	0.00	7.39	0.00	0.12
420	25.00	45.00	320.58	35831.81	16028.85	538557.45	538557.45	0.00	0.00	0.00	0.00	12.56	0.00	0.12
421	26.00	45.00	320.58	35831.81	16028.85	538557.45	538557.45	0.00	0.00	0.00	0.00	12.39	0.00	0.12
422	26.00	46.00	320.58	35831.81	16028.85	538557.45	538557.45	0.00	0.00	0.00	0.00	12.37	0.00	0.12
423	27.00	46.00	320.58	35831.81	16028.85	538557.45	538557.45	0.00	0.00	0.00	0.00	12.20	0.00	0.12
424	28.00	46.00	320.58	35831.81	16028.85	538557.45	538557.45	0.00	0.00	0.00	0.00	12.04	0.00	0.12
425	28.00	47.00	320.58	35831.81	16028.85	538557.45	538557.45	0.00	0.00	0.00	0.00	12.54	0.00	0.12
426	28.00	48.00	320.58	35831.81	16028.85	538557.45	538557.45	0.00	0.00	0.00	0.00	12.60	0.00	0.12
427	29.00	48.00	320.58	35831.81	16028.85	538557.45	538557.45	0.00	0.00	0.00	0.00	12.44	0.00	0.12
428	29.00	49.00	320.58	35831.81	16028.85	538557.45	538557.45	0.00	0.00	0.00	0.00	12.49	0.00	0.12
429	29.00	50.00	320.58	35831.81	16028.85	538557.45	538557.45	0.00	0.00	0.00	0.00	12.58	0.00	0.12
430	29.00	51.00	320.58	35831.81	16028.85	538557.45	538557.45	0.00	0.00	0.00	0.00	12.67	0.00	0.12
431	30.00	51.00	320.58	35831.81	16028.85	538557.45	538557.45	0.00	0.00	0.00	0.00	12.51	0.00	0.12
432	30.00	52.00	320.58	35831.81	16028.85	538557.45	538557.45	0.00	0.00	0.00	0.00	12.50	0.00	0.12
433	30.00	53.00	320.58	35831.81	16028.85	538557.45	538557.45	0.00	0.00	0.00	0.00	12.45	0.00	0.12
434	30.00	54.00	320.58	35831.81	16028.85	538557.45	538557.45	0.00	0.00	0.00	0.00	12.33	0.00	0.12
435	30.00	55.00	320.58	35831.81	16028.85	538557.45	538557.45	0.00	0.00	0.00	0.00	12.32	0.00	0.12
436	30.00	56.00	320.58	35831.81	16028.85	538557.45	538557.45	0.00	0.00	0.00	0.00	12.26	0.00	0.12
437	30.00	57.00	320.58	35831.81	16028.85	538557.45	538557.45	0.00	0.00	0.00	0.00	12.23	0.00	0.12
438	30.00	58.00	320.58	35831.81	16028.85	538557.45	538557.45	0.00	0.00	0.00	0.00	12.52	0.00	0.12
439	30.00	59.00	320.58	35831.81	16028.85	538557.45	538557.45	0.00	0.00	0.00	0.00	12.62	0.00	0.12
440	31.00	59.00	320.58	35831.81	16028.85	538557.45	538557.45	0.00	0.00	0.00	0.00	12.48	0.00	0.12
441	31.00	60.00	320.58	35831.81	16028.85	538557.45	538557.45	0.00	0.00	0.00	0.00	12.62	0.00	0.12
442	31.00	61.00	320.58	35831.81	16028.85	538557.45	538557.45	0.00	0.00	0.00	0.00	12.77	0.00	0.12
443	32.00	61.00	320.58	35831.81	16028.85	538557.45	538557.45	0.00	0.00	0.00	0.00	12.63	0.00	0.12
444	32.00	62.00	320.58	35831.81	16028.85	538557.45	538557.45	0.00	0.00	0.00	0.00	13.08	0.00	0.12
445	33.00	62.00	320.58	35831.81	16028.85	538557.45	538557.45	0.00	0.00	0.00	0.00	12.94	0.00	0.12
446	33.00	63.00	320.58	35831.81	16028.85	538557.45	538557.45	0.00	0.00	0.00	0.00	12.89	0.00	0.12
447	33.00	64.00	320.58	35831.81	16028.85	538557.45	538557.45	0.00	0.00	0.00	0.00	12.88	0.00	0.12
448	33.00	65.00	320.58	35831.81	16028.85	538557.45	538557.45	0.00	0.00	0.00	0.00	12.82	0.00	0.12
449	34.00	65.00	320.58	35831.81	16028.85	538557.45	538557.45	0.00	0.00	0.00	0.00	12.69	0.00	0.12
450	34.00	66.00	320.58	35831.81	16028.85	538557.45	538557.45	0.00	0.00	0.00	0.00	12.63	0.00	0.12
451	35.00	66.00	320.58	35831.81	16028.85	538557.45	538557.45	0.00	0.00	0.00	0.00	12.50	0.00	0.12
452	35.00	67.00	320.58	35831.81	16028.85	538557.45	538557.45	0.00	0.00	0.00	0.00	12.49	0.00	0.12
453	35.00	68.00	320.58	35831.81	16028.85	538557.45	538557.45	0.00	0.00	0.00	0.00	12.48	0.00	0.12
454	36.00	68.00	320.58	35831.81	16028.85	538557.45	538557.45	0.00	0.00	0.00	0.00	12.36	0.00	0.12
455	36.00	69.00	320.58	35831.81	16028.85	538557.45	538557.45	0.00	0.00	0.00	0.00	12.29	0.00	0.12
456	37.00	69.00	320.58	35831.81	16028.85	538557.45	538557.45	0.00	0.00	0.00	0.00	12.17	0.00	0.12
457	37.00	70.00	320.58	35831.81	16028.85	538557.45	538557.45	0.00	0.00	0.00	0.00	12.12	0.00	0.12
458	37.00	71.00	320.58	35831.81	16028.85	538557.45	538557.45	0.00	0.00	0.00	0.00	12.16	0.00	0.12
459	37.00	72.00	320.58	35831.81	16028.85	538557.45	538557.45	0.00	0.00	0.00	0.00	12.20	0.00	0.12
460	37.00	73.00	320.58	35831.81	16028.85	538557.45	538557.45	0.00	0.00	0.00	0.00	12.39	0.00	0.12
461	38.00	73.00	320.58	35831.81	16028.85	538557.45	538557.45	0.00	0.00	0.00	0.00	12.27	0.00	0.12
462	38.00	74.00	320.58	35831.81	16028.85	538557.45	538557.45	0.00	0.00	0.00	0.00	12.32	0.00	0.12
463	39.00	74.00	320.58	35831.81	16028.85	538557.45	538557.45	0.00	0.00	0.00	0.00	12.21	0.00	0.12
464	40.00	74.00	320.58	35831.81	16028.85	538557.45	538557.45	0.00	0.00	0.00	0.00	12.10	0.00	0.12
465	40.00	25.00	320.58	35831.81	16028.85	538557.45	538557.45	0.00	0.00	0.00	0.00	4.99	0.00	0.12
466	41.00	25.00	320.58	35831.81	16028.85	538557.45	538557.45	0.00	0.00	0.00	0.00	4.91	0.00	0.12
467	41.00	26.00	320.58	35831.81	16028.85	538557.45	538557.45	0.00	0.00	0.00	0.00	4.88	0.00	0.12
468	41.00	27.00	320.58	35831.81	16028.85	538557.45	538557.45	0.00	0.00	0.00	0.00	4.85	0.00	0.12
469	41.00	28.00	320.58	35831.81	16028.85	538557.45	538557.45	0.00	0.00	0.00	0.00	5.14	0.00	0.12
470	41.00	29.00	320.58	35831.81	16028.85	538557.45	538557.45	0.00	0.00	0.00	0.00	5.17	0.00	0.12
471	42.00	29.00	320.58	35831.81	16028.85	538557.45	538557.45	0.00	0.00	0.00	0.00	5.10	0.00	0.12
472	43.00	29.00	320.58	35831.81	16028.85	538557.45	538557.45	0.00	0.00	0.00	0.00	5.03	0.00	0.12
473	43.00	30.00	320.58	35831.81	16028.85	538557.45	538557.45	0.00	0.00	0.00	0.00	5.23	0.00	0.12
474	44.00	30.00	320.58	35831.81	16028.85	538557.45	538557.45	0.00	0.00	0.00	0.00	5.16	0.00	0.12
475	44.00	31.00	320.58	35831.81	16028.85	538557.45	538557.45	0.00	0.00	0.00	0.00	5.24	0.00	0.12
476	44.00	32.00	320.58	35831.81	16028.85	538557.45	538557.45	0.00	0.00	0.00	0.00	5.62	0.00	0.12
477	44.00	33.00	320.58	35831.81	16028.85	538557.45	538557.45	0.00	0.00	0.00	0.00	5.77	0.00	0.12
478	45.00	33.00	320.58	35831.81	16028.85	538557.45	538557.45	0.00	0.00	0.00	0.00	5.70	0.00	0.12
479	45.00	34.00	320.58	35831.81	16028.85	538557.45	538557.45	0.00	0.00	0.00	0.00	5.82	0.00	0.12
480	46.00	34.00	320.58	35831.81	16028.85	538557.45	538557.45	0.00	0.00	0.00	0.00	5.75	0.00	0.12
481	47.00	34.00	320.58	35831.81	16028.85	538557.45	538557.45	0.00	0.00	0.00	0.00	5.68	0.00	0.12
482	48.00	34.00	320.58	35831.81	16028.85	538557.45	538557.45	0.00	0.00	0.00	0.00	5.61	0.00	0.12
483	48.00	35.00	320.58	35831.81	16028.85	538557.45	538557.45	0.00	0.00	0.00	0.00	5.62	0.00	0.12
484	48.00	36.00	320.58	35831.81	16028.85	538557.45	538557.45	0.00	0.00	0.00	0.00	5.75	0.00	0.12
485	49.00	36.00	320.58	35831.81	16028.85	538557.45	538557.45	0.00	0.00	0.00	0.00	5.69	0.00	0.12
486	50.00	36.00	320.58	35831.81	16028.85	538557.45	538557.45	0.00	0.00	0.00	0.00	5.62	0.00	0.12
487	50.00	37.00	320.58	35831.81	16028.85	538557.45	538557.45	0.00	0.00	0.00	0.00	5.61	0.00	0.12
488	51.00	37.00	320.58	35831.81	16028.85	538557.45	538557.45	0.00	0.00	0.00	0.00	5.55	0.00	0.12
489	51.00	38.00	320.58	35831.81	16028.85	538557.45	538557.45	0.00	0.00	0.00	0.00	5.61	0.00	0.12
490	52.00	38.00	320.58	35831.81	16028.85	538557.45	538557.45	0.00	0.00	0.00	0.00	5.55	0.00	0.12
491	53.00	38.00	320.58	35831.81	16028.85	538557.45	538557.45	0.00	0.00	0.00	0.00	5.49	0.00	0.12
492	54.00	38.00	320.58	35831.81	16028.85	538557.45	538557.45	0.00	0.00	0.00	0.00	5.43	0.00	0.12
493	55.00	38.00	320.58	35831.81	16028.85	538557.45	538557.45	0.00	0.00	0.00	0.00	5.37	0.00	0.12
494	55.00	39.00	320.58	35831.81	16028.85	538557.45	538557.45	0.00	0.00	0.00	0.00	5.49	0.00	0.12
495	55.00	40.00	320.58	35831.81	16028.85	538557.45	538557.45	0.00	0.00	0.00	0.00	5.57	0.00	0.12
496	55.00	41.00	320.58	35831.81	16028.85	538557.45	538557.45	0.00	0.00	0.00	0.00	5.78	0.00	0.12
497	56.00	41.00	320.58	35831.81	16028.85	538557.45	538557.45	0.00	0.00	0.00	0.00	5.72	0.00	0.12
498	56.00	42.00	320.58	35831.81	16028.85	538557.45	538557.45	0.00	0.00	0.00	0.00	5.93	0.00	0.12
499	56.00	43.00	320.58	35831.81	16028.85	538557.45	538557.45	0.00	0.00	0.00	0.00	6.02	0.00	0.12
500	56.00	44.00	320.58	35831.81	16028.85	538557.45	538557.45	0.00	0.00	0.00	0.00	6.04	0.00	0.12
501	56.00	45.00	320.58	35831.81	16028.85	538557.45	538557.45	0.00	0.00	0.00	0.00	6.09	0.00	0.12
502	61.00	41.00	320.58	35831.81	16028.85	538557.45	538557.45	0.00	0.00	0.00	0.00	7.66	0.00	0.12
503	61.00	42.00	272.49	42998.17	13624.53	538557.45	538557.45	0.00	0.00	0.00	0.00	7.80	0.00	0.12
504	62.00	42.00	272.49	42998.17	13624.53	538557.45	538557.45	0.00	0.00	0.00	0.00	7.73	0.00	0.12
505	63.00	42.00	272.49	42998.17	13624.53	538557.45	538557.45	0.00	0.00	0.00	0.00	7.65	0.00	0.12
506	64.00	42.00	272.49	42998.17	13624.53	538557.45	538557.45	0.00	0.00	0.00	0.00	7.58	0.00	0.12
507	64.00	43.00	272.49	42998.17	13624.53	538557.45	538557.45	0.00	0.00	0.00	0.00	7.76	0.00	0.12
508	64.00	44.00	272.49	42998.17	13624.53	538557.45	538557.45	0.00	0.00	0.00	0.00	8.00	0.00	0.12
509	65.00	44.00	272.49	42998.17	13624.53	538557.45	538557.45	0.00	0.00	0.00	0.00	7.92	0.00	0.12
510	66.00	44.00	272.49	42998.17	13624.53	538557.45	538557.45	0.00	0.00	0.00	0.00	7.85	0.00	0.12
511	66.00	45.00	272.49	42998.17	13624.53	538557.45	538557.45	0.00	0.00	0.00	0.00	7.95	0.00	0.12
512	67.00	45.00	272.49	42998.17	13624.53	538557.45	538557.45	0.00	0.00	0.00	0.00	7.88	0.00	0.12
513	68.00	45.00	272.49	42998.17	13624.53	538557.45	538557.45	0.00	0.00	0.00	0.00	7.81	0.00	0.12
514	68.00	46.00	272.49	42998.17	13624.53	538557.45	538557.45	0.00	0.00	0.00	0.00	7.85	0.00	0.12
515	68.00	47.00	272.49	42998.17	13624.53	538557.45	538557.45	0.00	0.00	0.00	0.00	7.88	0.00	0.12
516	68.00	48.00	272.49	42998.17	13624.53	538557.45	538557.45	0.00	0.00	0.00	0.00	7.91	0.00	0.12
517	69.00	48.00	272.49	42998.17	13624.53	538557.45	538557.45	0.00	0.00	0.00	0.00	7.85	0.00	0.12
518	69.00	49.00	272.49	42998.17	13624.53	538557.45	538557.45	0.00	0.00	0.00	0.00	7.88	0.00	0.12
519	69.00	50.00	272.49	42998.17	13624.53	538557.45	538557.45	0.00	0.00	0.00	0.00	8.01	0.00	0.12
520	69.00	51.00	272.49	42998.17	13624.53	538557.45	538557.45	0.00	0.00	0.00	0.00	8.04	0.00	0.12
521	69.00	52.00	272.49	42998.17	13624.53	538557.45	538557.45	0.00	0.00	0.00	0.00	8.09	0.00	0.12
522	70.00	52.00	272.49	42998.17	13624.53	538557.45	538557.45	0.00	0.00	0.00	0.00	8.02	0.00	0.12
523	70.00	53.00	272.49	42998.17	13624.53	538557.45	538557.45	0.00	0.00	0.00	0.00	8.10	0.00	0.12
524	70.00	54.00	272.49	42998.17	13624.53	538557.45	538557.45	0.00	0.00	0.00	0.00	8.09	0.00	0.12
525	71.00	54.00	272.49	42998.17	13624.53	538557.45	538557.45	0.00	0.00	0.00	0.00	8.02	0.00	0.12
526	72.00	54.00	272.49	42998.17	13624.53	538557.45	538557.45	0.00	0.00	0.00	0.00	7.96	0.00	0.12
527	72.00	55.00	272.49	42998.17	13624.53	538557.45	538557.45	0.00	0.00	0.00	0.00	7.93	0.00	0.12
528	73.00	55.00	272.49	42998.17	13624.53	538557.45	538557.45	0.00	0.00	0.00	0.00	7.86	0.00	0.12
529	74.00	55.00	272.49	42998.17	13624.53	538557.45	538557.45	0.00	0.00	0.00	0.00	7.80	0.00	0.12
530	25.00	55.00	272.49	42998.17	13624.53	538557.45	538557.45	0.00	0.00	0.00	0.00	12.58	0.00	0.12
531	26.00	55.00	272.49	42998.17	13624.53	538557.45	538557.45	0.00	0.00	0.00	0.00	12.43	0.00	0.12
532	26.00	56.00	272.49	42998.17	13624.53	538557.45	538557.45	0.00	0.00	0.00	0.00	12.40	0.00	0.12
533	26.00	57.00	272.49	42998.17	13624.53	538557.45	538557.45	0.00	0.00	0.00	0.00	12.45	0.00	0.12
534	27.00	57.00	272.49	42998.17	13624.53	538557.45	538557.45	0.00	0.00	0.00	0.00	12.30	0.00	0.12
535	28.00	57.00	272.49	42998.17	13624.53	538557.45	538557.45	0.00	0.00	0.00	0.00	12.16	0.00	0.12
536	28.00	58.00	272.49	42998.17	13624.53	538557.45	538557.45	0.00	0.00	0.00	0.00	12.26	0.00	0.12
537	28.00	59.00	272.49	42998.17	13624.53	538557.45	538557.45	0.00	0.00	0.00	0.00	12.25	0.00	0.12
538	28.00	60.00	272.49	42998.17	13624.53	538557.45	538557.45	0.00	0.00	0.00	0.00	12.30	0.00	0.12
539	29.00	60.00	272.49	42998.17	13624.53	538557.45	538557.45	0.00	0.00	0.00	0.00	12.16	0.00	0.12
540	29.00	61.00	272.49	42998.17	13624.53	538557.45	538557.45	0.00	0.00	0.00	0.00	12.05	0.00	0.12
541	29.00	62.00	272.49	42998.17	13624.53	538557.45	538557.45	0.00	0.00	0.00	0.00	12.00	0.00	0.12
542	30.00	62.00	272.49	42998.17	13624.53	538557.45	538557.45	0.00	0.00	0.00	0.00	11.87	0.00	0.12
543	30.00	63.00	272.49	42998.17	13624.53	538557.45	538557.45	0.00	0.00	0.00	0.00	11.89	0.00	0.12
544	30.00	64.00	272.49	42998.17	13624.53	538557.45	538557.45	0.00	0.00	0.00	0.00	11.89	0.00	0.12
545	31.00	64.00	272.49	42998.17	13624.53	538557.45	538557.45	0.00	0.00	0.00	0.00	11.77	0.00	0.12
546	31.00	65.00	272.49	42998.17	13624.53	538557.45	538557.45	0.00	0.00	0.00	0.00	11.76	0.00	0.12
547	32.00	65.00	272.49	42998.17	13624.53	538557.45	538557.45	0.00	0.00	0.00	0.00	11.64	0.00	0.12
548	32.00	66.00	272.49	42998.17	13624.53	538557.45	538557.45	0.00	0.00	0.00	0.00	11.94	0.00	0.12
549	32.00	67.00	272.49	42998.17	13624.53	538557.45	538557.45	0.00	0.00	0.00	0.00	11.84	0.00	0.12
550	32.00	68.00	272.49	42998.17	13624.53	538557.45	538557.45	0.00	0.00	0.00	0.00	11.89	0.00	0.12
551	33.00	68.00	272.49	42998.17	13624.53	538557.45	538557.45	0.00	0.00	0.00	0.00	11.78	0.00	0.12
552	34.00	68.00	272.49	42998.17	13624.53	538557.45	538557.45	0.00	0.00	0.00	0.00	11.66	0.00	0.12
553	35.00	68.00	272.49	42998.17	13624.53	538557.45	538557.45	0.00	0.00	0.00	0.00	11.55	0.00	0.12
554	35.00	69.00	272.49	42998.17	13624.53	538557.45	538557.45	0.00	0.00	0.00	0.00	11.46	0.00	0.12
555	35.00	70.00	272.49	42998.17	13624.53	538557.45	538557.45	0.00	0.00	0.00	0.00	11.56	0.00	0.12
556	35.00	71.00	272.49	42998.17	13624.53	538557.45	538557.45	0.00	0.00	0.00	0.00	11.64	0.00	0.12
557	35.00	72.00	272.49	42998.17	13624.53	538557.45	538557.45	0.00	0.00	0.00	0.00	11.62	0.00	0.12
558	35.00	73.00	272.49	42998.17	13624.53	538557.45	538557.45	0.00	0.00	0.00	0.00	11.84	0.00	0.12
559	35.00	74.00	272.49	42998.17	13624.53	538557.45	538557.45	0.00	0.00	0.00	0.00	11.80	0.00	0.12
560	35.00	25.00	272.49	42998.17	13624.53	538557.45	538557.45	0.00	0.00	0.00	0.00	3.97	0.00	0.12
561	35.00	26.00	272.49	42998.17	13624.53	538557.45	538557.45	0.00	0.00	0.00	0.00	4.37	0.00	0.12
562	35.00	27.00	272.49	42998.17	13624.53	538557.45	538557.45	0.00	0.00	0.00	0.00	4.44	0.00	0.12
563	36.00	27.00	272.49	42998.17	13624.53	538557.45	538557.45	0.00	0.00	0.00	0.00	4.36	0.00	0.12
564	36.00	28.00	272.49	42998.17	13624.53	538557.45	538557.45	0.00	0.00	0.00	0.00	4.34	0.00	0.12
565	37.00	28.00	272.49	42998.17	13624.53	538557.45	538557.45	0.00	0.00	0.00	0.00	4.28	0.00	0.12
566	37.00	29.00	272.49	42998.17	13624.53	538557.45	538557.45	0.00	0.00	0.00	0.00	4.79	0.00	0.12
567	38.00	29.00	272.49	42998.17	13624.53	538557.45	538557.45	0.00	0.00	0.00	0.00	4.72	0.00	0.12
568	39.00	29.00	272.49	42998.17	13624.53	538557.45	538557.45	0.00	0.00	0.00	0.00	4.65	0.00	0.12
569	40.00	29.00	272.49	42998.17	13624.53	538557.45	538557.45	0.00	0.00	0.00	0.00	4.58	0.00	0.12
570	41.00	29.00	272.49	42998.17	13624.53	538557.45	538557.45	0.00	0.00	0.00	0.00	4.52	0.00	0.12
571	41.00	30.00	272.49	42998.17	13624.53	538557.45	538557.45	0.00	0.00	0.00	0.00	4.49	0.00	0.12
572	41.00	31.00	272.49	42998.17	13624.53	538557.45	538557.45	0.00	0.00	0.00	0.00	4.89	0.00	0.12
573	41.00	32.00	272.49	42998.17	13624.53	538557.45	538557.45	0.00	0.00	0.00	0.00	5.61	0.00	0.12
574	41.00	33.00	272.49	42998.17	13624.53	538557.45	538557.45	0.00	0.00	0.00	0.00	5.76	0.00	0.12
575	41.00	34.00	272.49	42998.17	13624.53	538557.45	538557.45	0.00	0.00	0.00	0.00	5.78	0.00	0.12
576	42.00	34.00	272.49	42998.17	13624.53	538557.45	538557.45	0.00	0.00	0.00	0.00	5.71	0.00	0.12
577	42.00	35.00	272.49	42998.17	13624.53	538557.45	538557.45	0.00	0.00	0.00	0.00	5.78	0.00	0.12
578	42.00	36.00	272.49	42998.17	13624.53	538557.45	538557.45	0.00	0.00	0.00	0.00	5.80	0.00	0.12
579	42.00	37.00	272.49	42998.17	13624.53	538557.45	538557.45	0.00	0.00	0.00	0.00	5.76	0.00	0.12
580	42.00	38.00	272.49	42998.17	13624.53	538557.45	538557.45	0.00	0.00	0.00	0.00	5.90	0.00	0.12
581	42.00	39.00	272.49	42998.17	13624.53	538557.45	538557.45	0.00	0.00	0.00	0.00	5.85	0.00	0.12
582	42.00	40.00	272.49	42998.17	13624.53	538557.45	538557.45	0.00	0.00	0.00	0.00	5.81	0.00	0.12
583	42.00	41.00	272.49	42998.17	13624.53	538557.45	538557.45	0.00	0.00	0.00	0.00	5.95	0.00	0.12
584	42.00	42.00	272.49	42998.17	13624.53	538557.45	538557.45	0.00	0.00	0.00	0.00	6.00	0.00	0.12
585	42.00	43.00	272.49	42998.17	13624.53	538557.45	538557.45	0.00	0.00	0.00	0.00	6.02	0.00	0.12
586	42.00	44.00	272.49	42998.17	13624.53	538557.45	538557.45	0.00	0.00	0.00	0.00	5.99	0.00	0.12
587	42.00	45.00	272.49	42998.17	13624.53	538557.45	538557.45	0.00	0.00	0.00	0.00	5.96	0.00	0.12
588	42.00	46.00	272.49	42998.17	13624.53	538557.45	538557.45	0.00	0.00	0.00	0.00	6.11	0.00	0.12
589	42.00	47.00	272.49	42998.17	13624.53	538557.45	538557.45	0.00	0.00	0.00	0.00	6.21	0.00	0.12
590	43.00	47.00	272.49	42998.17	13624.53	538557.45	538557.45	0.00	0.00	0.00	0.00	6.14	0.00	0.12
591	43.00	48.00	272.49	42998.17	13624.53	538557.45	538557.45	0.00	0.00	0.00	0.00	6.25	0.00	0.12
592	44.00	48.00	272.49	42998.17	13624.53	538557.45	538557.45	0.00	0.00	0.00	0.00	6.19	0.00	0.12
593	44.00	49.00	272.49	42998.17	13624.53	538557.45	538557.45	0.00	0.00	0.00	0.00	6.61	0.00	0.12
594	45.00	49.00	272.49	42998.17	13624.53	538557.45	538557.45	0.00	0.00	0.00	0.00	6.54	0.00	0.12
595	45.00	50.00	272.49	42998.17	13624.53	538557.45	538557.45	0.00	0.00	0.00	0.00	6.61	0.00	0.12
596	46.00	50.00	272.49	42998.17	13624.53	538557.45	538557.45	0.00	0.00	0.00	0.00	6.54	0.00	0.12
597	46.00	51.00	272.49	42998.17	13624.53	538557.45	538557.45	0.00	0.00	0.00	0.00	6.59	0.00	0.12
598	47.00	51.00	272.49	42998.17	13624.53	538557.45	538557.45	0.00	0.00	0.00	0.00	6.52	0.00	0.12
599	47.00	52.00	272.49	42998.17	13624.53	538557.45	538557.45	0.00	0.00	0.00	0.00	6.69	0.00	0.12
600	47.00	53.00	272.49	42998.17	13624.53	538557.45	538557.45	0.00	0.00	0.00	0.00	6.65	0.00	0.12
601	48.00	53.00	272.49	42998.17	13624.53	538557.45	538557.45	0.00	0.00	0.00	0.00	6.58	0.00	0.12
602	48.00	54.00	272.49	42998.17	13624.53	538557.45	538557.45	0.00	0.00	0.00	0.00	11.04	0.00	0.12
603	48.00	55.00	231.62	51597.80	11580.85	538557.45	538557.45	0.00	0.00	0.00	0.00	11.04	0.00	0.12
604	48.00	56.00	231.62	51597.80	11580.85	538557.45	538557.45	0.00	0.00	0.00	0.00	11.08	0.00	0.12
605	48.00	57.00	231.62	51597.80	11580.85	538557.45	538557.45	0.00	0.00	0.00	0.00	11.30	0.00	0.12
606	49.00	57.00	231.62	51597.80	11580.85	538557.45	538557.45	0.00	0.00	0.00	0.00	11.19	0.00	0.12
607	49.00	58.00	231.62	51597.80	11580.85	538557.45	538557.45	0.00	0.00	0.00	0.00	11.33	0.00	0.12
608	49.00	59.00	231.62	51597.80	11580.85	538557.45	538557.45	0.00	0.00	0.00	0.00	11.44	0.00	0.12
609	49.00	60.00	231.62	51597.80	11580.85	538557.45	538557.45	0.00	0.00	0.00	0.00	11.68	0.00	0.12
610	50.00	60.00	231.62	51597.80	11580.85	538557.45	538557.45	0.00	0.00	0.00	0.00	11.58	0.00	0.12
611	51.00	60.00	231.62	51597.80	11580.85	538557.45	538557.45	0.00	0.00	0.00	0.00	11.47	0.00	0.12
612	51.00	61.00	231.62	51597.80	11580.85	538557.45	538557.45	0.00	0.00	0.00	0.00	11.60	0.00	0.12
613	51.00	62.00	231.62	51597.80	11580.85	538557.45	538557.45	0.00	0.00	0.00	0.00	11.65	0.00	0.12
614	52.00	62.00	231.62	51597.80	11580.85	538557.45	538557.45	0.00	0.00	0.00	0.00	11.55	0.00	0.12
615	52.00	63.00	231.62	51597.80	11580.85	538557.45	538557.45	0.00	0.00	0.00	0.00	11.59	0.00	0.12
616	52.00	64.00	231.62	51597.80	11580.85	538557.45	538557.45	0.00	0.00	0.00	0.00	11.55	0.00	0.12
617	53.00	64.00	231.62	51597.80	11580.85	538557.45	538557.45	0.00	0.00	0.00	0.00	11.46	0.00	0.12
618	54.00	64.00	231.62	51597.80	11580.85	538557.45	538557.45	0.00	0.00	0.00	0.00	11.36	0.00	0.12
619	54.00	65.00	231.62	51597.80	11580.85	538557.45	538557.45	0.00	0.00	0.00	0.00	11.46	0.00	0.12
620	55.00	65.00	231.62	51597.80	11580.85	538557.45	538557.45	0.00	0.00	0.00	0.00	11.37	0.00	0.12
621	55.00	66.00	231.62	51597.80	11580.85	538557.45	538557.45	0.00	0.00	0.00	0.00	11.33	0.00	0.12
622	55.00	67.00	231.62	51597.80	11580.85	538557.45	538557.45	0.00	0.00	0.00	0.00	11.31	0.00	0.12
623	55.00	68.00	231.62	51597.80	11580.85	538557.45	538557.45	0.00	0.00	0.00	0.00	11.37	0.00	0.12
624	55.00	69.00	231.62	51597.80	11580.85	538557.45	538557.45	0.00	0.00	0.00	0.00	11.30	0.00	0.12
625	55.00	70.00	231.62	51597.80	11580.85	538557.45	538557.45	0.00	0.00	0.00	0.00	11.45	0.00	0.12
626	56.00	70.00	231.62	51597.80	11580.85	538557.45	538557.45	0.00	0.00	0.00	0.00	11.36	0.00	0.12
627	56.00	71.00	231.62	51597.80	11580.85	538557.45	538557.45	0.00	0.00	0.00	0.00	11.40	0.00	0.12
628	57.00	71.00	231.62	51597.80	11580.85	538557.45	538557.45	0.00	0.00	0.00	0.00	11.31	0.00	0.12
629	58.00	71.00	231.62	51597.80	11580.85	538557.45	538557.45	0.00	0.00	0.00	0.00	11.22	0.00	0.12
630	59.00	71.00	231.62	51597.80	11580.85	538557.45	538557.45	0.00	0.00	0.00	0.00	11.14	0.00	0.12
631	59.00	72.00	231.62	51597.80	11580.85	538557.45	538557.45	0.00	0.00	0.00	0.00	11.12	0.00	0.12
632	59.00	73.00	231.62	51597.80	11580.85	538557.45	538557.45	0.00	0.00	0.00	0.00	11.12	0.00	0.12
633	60.00	73.00	231.62	51597.80	11580.85	538557.45	538557.45	0.00	0.00	0.00	0.00	11.04	0.00	0.12
634	60.00	74.00	231.62	51597.80	11580.85	538557.45	538557.45	0.00	0.00	0.00	0.00	11.10	0.00	0.12
635	60.00	25.00	231.62	51597.80	11580.85	538557.45	538557.45	0.00	0.00	0.00	0.00	3.14	0.00	0.12
636	60.00	26.00	231.62	51597.80	11580.85	538557.45	538557.45	0.00	0.00	0.00	0.00	3.30	0.00	0.12
637	60.00	27.00	231.62	51597.80	11580.85	538557.45	538557.45	0.00	0.00	0.00	0.00	3.83	0.00	0.12
638	61.00	27.00	231.62	51597.80	11580.85	538557.45	538557.45	0.00	0.00	0.00	0.00	3.79	0.00	0.12
639	62.00	27.00	231.62	51597.80	11580.85	538557.45	538557.45	0.00	0.00	0.00	0.00	3.75	0.00	0.12
640	63.00	27.00	231.62	51597.80	11580.85	538557.45	538557.45	0.00	0.00	0.00	0.00	3.70	0.00	0.12
641	63.00	28.00	231.62	51597.80	11580.85	538557.45	538557.45	0.00	0.00	0.00	0.00	3.78	0.00	0.12
642	63.00	29.00	231.62	51597.80	11580.85	538557.45	538557.45	0.00	0.00	0.00	0.00	3.86	0.00	0.12
643	63.00	30.00	231.62	51597.80	11580.85	538557.45	538557.45	0.00	0.00	0.00	0.00	4.08	0.00	0.12
644	63.00	31.00	231.62	51597.80	11580.85	538557.45	538557.45	0.00	0.00	0.00	0.00	4.07	0.00	0.12
645	64.00	31.00	231.62	51597.80	11580.85	538557.45	538557.45	0.00	0.00	0.00	0.00	4.03	0.00	0.12
646	64.00	32.00	231.62	51597.80	11580.85	538557.45	538557.45	0.00	0.00	0.00	0.00	4.19	0.00	0.12
647	65.00	32.00	231.62	51597.80	11580.85	538557.45	538557.45	0.00	0.00	0.00	0.00	4.14	0.00	0.12
648	66.00	32.00	231.62	51597.80	11580.85	538557.45	538557.45	0.00	0.00	0.00	0.00	4.10	0.00	0.12
649	67.00	32.00	231.62	51597.80	11580.85	538557.45	538557.45	0.00	0.00	0.00	0.00	4.06	0.00	0.12
650	68.00	32.00	231.62	51597.80	11580.85	538557.45	538557.45	0.00	0.00	0.00	0.00	4.02	0.00	0.12
651	69.00	32.00	231.62	51597.80	11580.85	538557.45	538557.45	0.00	0.00	0.00	0.00	3.98	0.00	0.12
652	69.00	33.00	231.62	51597.80	11580.85	538557.45	538557.45	0.00	0.00	0.00	0.00	3.97	0.00	0.12
653	70.00	33.00	231.62	51597.80	11580.85	538557.45	538557.45	0.00	0.00	0.00	0.00	3.93	0.00	0.12
654	71.00	33.00	231.62	51597.80	11580.85	538557.45	538557.45	0.00	0.00	0.00	0.00	3.89	0.00	0.12
655	72.00	33.00	231.62	51597.80	11580.85	538557.45	538557.45	0.00	0.00	0.00	0.00	3.85	0.00	0.12
656	72.00	34.00	231.62	51597.80	11580.85	538557.45	538557.45	0.00	0.00	0.00	0.00	3.92	0.00	0.12
657	73.00	34.00	231.62	51597.80	11580.85	538557.45	538557.45	0.00	0.00	0.00	0.00	3.89	0.00	0.12
658	73.00	35.00	231.62	51597.80	11580.85	538557.45	538557.45	0.00	0.00	0.00	0.00	3.93	0.00	0.12
659	74.00	35.00	231.62	51597.80	11580.85	538557.45	538557.45	0.00	0.00	0.00	0.00	3.89	0.00	0.12
660	74.00	36.00	231.62	51597.80	11580.85	538557.45	538557.45	0.00	0.00	0.00	0.00	3.99	0.00	0.12
661	25.00	36.00	231.62	51597.80	11580.85	538557.45	538557.45	0.00	0.00	0.00	0.00	7.19	0.00	0.12
662	25.00	37.00	231.62	51597.80	11580.85	538557.45	538557.45	0.00	0.00	0.00	0.00	7.53	0.00	0.12
663	25.00	38.00	231.62	51597.80	11580.85	538557.45	538557.45	0.00	0.00	0.00	0.00	7.90	0.00	0.12
664	26.00	38.00	231.62	51597.80	11580.85	538557.45	538557.45	0.00	0.00	0.00	0.00	7.78	0.00	0.12
665	26.00	39.00	231.62	51597.80	11580.85	538557.45	538557.45	0.00	0.00	0.00	0.00	8.00	0.00	0.12
666	27.00	39.00	231.62	51597.80	11580.85	538557.45	538557.45	0.00	0.00	0.00	0.00	7.88	0.00	0.12
667	27.00	40.00	231.62	51597.80	11580.85	538557.45	538557.45	0.00	0.00	0.00	0.00	7.89	0.00	0.12
668	28.00	40.00	231.62	51597.80	11580.85	538557.45	538557.45	0.00	0.00	0.00	0.00	7.78	0.00	0.12
669	29.00	40.00	231.62	51597.80	11580.85	538557.45	538557.45	0.00	0.00	0.00	0.00	7.67	0.00	0.12
670	30.00	40.00	231.62	51597.80	11580.85	538557.45	538557.45	0.00	0.00	0.00	0.00	7.56	0.00	0.12
671	30.00	41.00	231.62	51597.80	11580.85	538557.45	538557.45	0.00	0.00	0.00	0.00	7.64	0.00	0.12
672	30.00	42.00	231.62	51597.80	11580.85	538557.45	538557.45	0.00	0.00	0.00	0.00	7.69	0.00	0.12
673	30.00	43.00	231.62	51597.80	11580.85	538557.45	538557.45	0.00	0.00	0.00	0.00	7.72	0.00	0.12
674	31.00	43.00	231.62	51597.80	11580.85	538557.45	538557.45	0.00	0.00	0.00	0.00	7.62	0.00	0.12
675	31.00	44.00	231.62	51597.80	11580.85	538557.45	538557.45	0.00	0.00	0.00	0.00	7.56	0.00	0.12
676	32.00	44.00	231.62	51597.80	11580.85	538557.45	538557.45	0.00	0.00	0.00	0.00	7.46	0.00	0.12
677	33.00	44.00	231.62	51597.80	11580.85	538557.45	538557.45	0.00	0.00	0.00	0.00	7.36	0.00	0.12
678	34.00	44.00	231.62	51597.80	11580.85	538557.45	538557.45	0.00	0.00	0.00	0.00	7.26	0.00	0.12
679	35.00	44.00	231.62	51597.80	11580.85	538557.45	538557.45	0.00	0.00	0.00	0.00	7.17	0.00	0.12
680	36.00	44.00	231.62	51597.80	11580.85	538557.45	538557.45	0.00	0.00	0.00	0.00	7.08	0.00	0.12
681	37.00	44.00	231.62	51597.80	11580.85	538557.45	538557.45	0.00	0.00	0.00	0.00	7.00	0.00	0.12
682	38.00	44.00	231.62	51597.80	11580.85	538557.45	538557.45	0.00	0.00	0.00	0.00	6.91	0.00	0.12
683	39.00	44.00	231.62	51597.80	11580.85	538557.45	538557.45	0.00	0.00	0.00	0.00	6.83	0.00	0.12
684	39.00	45.00	231.62	51597.80	11580.85	538557.45	538557.45	0.00	0.00	0.00	0.00	6.78	0.00	0.12
685	39.00	46.00	231.62	51597.80	11580.85	538557.45	538557.45	0.00	0.00	0.00	0.00	6.79	0.00	0.12
686	39.00	47.00	231.62	51597.80	11580.85	538557.45	538557.45	0.00	0.00	0.00	0.00	6.90	0.00	0.12
687	39.00	48.00	231.62	51597.80	11580.85	538557.45	538557.45	0.00	0.00	0.00	0.00	7.15	0.00	0.12
688	39.00	49.00	231.62	51597.80	11580.85	538557.45	538557.45	0.00	0.00	0.00	0.00	7.10	0.00	0.12
689	39.00	50.00	231.62	51597.80	11580.85	538557.45	538557.45	0.00	0.00	0.00	0.00	7.10	0.00	0.12
690	39.00	51.00	231.62	51597.80	11580.85	538557.45	538557.45	0.00	0.00	0.00	0.00	7.15	0.00	0.12
691	39.00	52.00	231.62	51597.80	11580.85	538557.45	538557.45	0.00	0.00	0.00	0.00	7.26	0.00	0.12
692	39.00	53.00	231.62	51597.80	11580.85	538557.45	538557.45	0.00	0.00	0.00	0.00	7.30	0.00	0.12
693	39.00	54.00	231.62	51597.80	11580.85	538557.45	538557.45	0.00	0.00	0.00	0.00	7.26	0.00	0.12
694	39.00	55.00	231.62	51597.80	11580.85	538557.45	538557.45	0.00	0.00	0.00	0.00	7.42	0.00	0.12
695	40.00	55.00	231.62	51597.80	11580.85	538557.45	538557.45	0.00	0.00	0.00	0.00	7.34	0.00	0.12
696	40.00	56.00	231.62	51597.80	11580.85	538557.45	538557.45	0.00	0.00	0.00	0.00	7.52	0.00	0.12
697	40.00	57.00	231.62	51597.80	11580.85	538557.45	538557.45	0.00	0.00	0.00	0.00	7.54	0.00	0.12
698	40.00	58.00	231.62	51597.80	11580.85	538557.45	538557.45	0.00	0.00	0.00	0.00	7.58	0.00	0.12
699	40.00	59.00	231.62	51597.80	11580.85	538557.45	538557.45	0.00	0.00	0.00	0.00	7.73	0.00	0.12
700	40.00	60.00	231.62	51597.80	11580.85	538557.45	538557.45	0.00	0.00	0.00	0.00	7.75	0.00	0.12
701	41.00	60.00	231.62	51597.80	11580.85	538557.45	538557.45	0.00	0.00	0.00	0.00	7.68	0.00	0.12
702	44.00	58.00	231.62	51597.80	11580.85	538557.45	538557.45	0.00	0.00	0.00	0.00	13.15	0.00	0.12
703	45.00	58.00	196.87	61917.36	9843.72	538557.45	538557.45	0.00	0.00	0.00	0.00	13.02	0.00	0.12
704	45.00	59.00	196.87	61917.36	9843.72	538557.45	538557.45	0.00	0.00	0.00	0.00	13.17	0.00	0.12
705	46.00	59.00	196.87	61917.36	9843.72	538557.45	538557.45	0.00	0.00	0.00	0.00	13.04	0.00	0.12
706	46.00	60.00	196.87	61917.36	9843.72	538557.45	538557.45	0.00	0.00	0.00	0.00	13.03	0.00	0.12
707	47.00	60.00	196.87	61917.36	9843.72	538557.45	538557.45	0.00	0.00	0.00	0.00	12.91	0.00	0.12
708	48.00	60.00	196.87	61917.36	9843.72	538557.45	538557.45	0.00	0.00	0.00	0.00	12.79	0.00	0.12
709	48.00	61.00	196.87	61917.36	9843.72	538557.45	538557.45	0.00	0.00	0.00	0.00	12.76	0.00	0.12
710	48.00	62.00	196.87	61917.36	9843.72	538557.45	538557.45	0.00	0.00	0.00	0.00	12.74	0.00	0.12
711	48.00	63.00	196.87	61917.36	9843.72	538557.45	538557.45	0.00	0.00	0.00	0.00	12.78	0.00	0.12
712	49.00	63.00	196.87	61917.36	9843.72	538557.45	538557.45	0.00	0.00	0.00	0.00	12.67	0.00	0.12
713	49.00	64.00	196.87	61917.36	9843.72	538557.45	538557.45	0.00	0.00	0.00	0.00	13.15	0.00	0.12
714	50.00	64.00	196.87	61917.36	9843.72	538557.45	538557.45	0.00	0.00	0.00	0.00	13.04	0.00	0.12
715	50.00	65.00	196.87	61917.36	9843.72	538557.45	538557.45	0.00	0.00	0.00	0.00	12.95	0.00	0.12
716	50.00	66.00	196.87	61917.36	9843.72	538557.45	538557.45	0.00	0.00	0.00	0.00	12.90	0.00	0.12
717	50.00	67.00	196.87	61917.36	9843.72	538557.45	538557.45	0.00	0.00	0.00	0.00	12.89	0.00	0.12
718	51.00	67.00	196.87	61917.36	9843.72	538557.45	538557.45	0.00	0.00	0.00	0.00	12.78	0.00	0.12
719	51.00	68.00	196.87	61917.36	9843.72	538557.45	538557.45	0.00	0.00	0.00	0.00	12.91	0.00	0.12
720	52.00	68.00	196.87	61917.36	9843.72	538557.45	538557.45	0.00	0.00	0.00	0.00	12.80	0.00	0.12
721	52.00	69.00	196.87	61917.36	9843.72	538557.45	538557.45	0.00	0.00	0.00	0.00	12.72	0.00	0.12
722	52.00	70.00	196.87	61917.36	9843.72	538557.45	538557.45	0.00	0.00	0.00	0.00	12.77	0.00	0.12
723	52.00	71.00	196.87	61917.36	9843.72	538557.45	538557.45	0.00	0.00	0.00	0.00	12.69	0.00	0.12
724	52.00	72.00	196.87	61917.36	9843.72	538557.45	538557.45	0.00	0.00	0.00	0.00	12.79	0.00	0.12
725	53.00	72.00	196.87	61917.36	9843.72	538557.45	538557.45	0.00	0.00	0.00	0.00	12.69	0.00	0.12
726	53.00	73.00	196.87	61917.36	9843.72	538557.45	538557.45	0.00	0.00	0.00	0.00	12.70	0.00	0.12
727	53.00	74.00	196.87	61917.36	9843.72	538557.45	538557.45	0.00	0.00	0.00	0.00	12.66	0.00	0.12
728	53.00	25.00	196.87	61917.36	9843.72	538557.45	538557.45	0.00	0.00	0.00	0.00	5.00	0.00	0.12
729	53.00	26.00	196.87	61917.36	9843.72	538557.45	538557.45	0.00	0.00	0.00	0.00	4.97	0.00	0.12
730	54.00	26.00	196.87	61917.36	9843.72	538557.45	538557.45	0.00	0.00	0.00	0.00	4.91	0.00	0.12
731	54.00	27.00	196.87	61917.36	9843.72	538557.45	538557.45	0.00	0.00	0.00	0.00	5.22	0.00	0.12
732	54.00	28.00	196.87	61917.36	9843.72	538557.45	538557.45	0.00	0.00	0.00	0.00	5.26	0.00	0.12
733	54.00	29.00	196.87	61917.36	9843.72	538557.45	538557.45	0.00	0.00	0.00	0.00	5.37	0.00	0.12
734	54.00	30.00	196.87	61917.36	9843.72	538557.45	538557.45	0.00	0.00	0.00	0.00	5.48	0.00	0.12
735	54.00	31.00	196.87	61917.36	9843.72	538557.45	538557.45	0.00	0.00	0.00	0.00	5.55	0.00	0.12
736	55.00	31.00	196.87	61917.36	9843.72	538557.45	538557.45	0.00	0.00	0.00	0.00	5.48	0.00	0.12
737	56.00	31.00	196.87	61917.36	9843.72	538557.45	538557.45	0.00	0.00	0.00	0.00	5.42	0.00	0.12
738	57.00	31.00	196.87	61917.36	9843.72	538557.45	538557.45	0.00	0.00	0.00	0.00	5.36	0.00	0.12
739	57.00	32.00	196.87	61917.36	9843.72	538557.45	538557.45	0.00	0.00	0.00	0.00	5.59	0.00	0.12
740	58.00	32.00	196.87	61917.36	9843.72	538557.45	538557.45	0.00	0.00	0.00	0.00	5.52	0.00	0.12
741	58.00	33.00	196.87	61917.36	9843.72	538557.45	538557.45	0.00	0.00	0.00	0.00	5.96	0.00	0.12
742	58.00	34.00	196.87	61917.36	9843.72	538557.45	538557.45	0.00	0.00	0.00	0.00	6.07	0.00	0.12
743	59.00	34.00	196.87	61917.36	9843.72	538557.45	538557.45	0.00	0.00	0.00	0.00	6.01	0.00	0.12
744	59.00	35.00	196.87	61917.36	9843.72	538557.45	538557.45	0.00	0.00	0.00	0.00	6.01	0.00	0.12
745	60.00	35.00	196.87	61917.36	9843.72	538557.45	538557.45	0.00	0.00	0.00	0.00	5.95	0.00	0.12
746	61.00	35.00	196.87	61917.36	9843.72	538557.45	538557.45	0.00	0.00	0.00	0.00	5.88	0.00	0.12
747	62.00	35.00	196.87	61917.36	9843.72	538557.45	538557.45	0.00	0.00	0.00	0.00	5.82	0.00	0.12
748	63.00	35.00	196.87	61917.36	9843.72	538557.45	538557.45	0.00	0.00	0.00	0.00	5.76	0.00	0.12
749	64.00	35.00	196.87	61917.36	9843.72	538557.45	538557.45	0.00	0.00	0.00	0.00	5.70	0.00	0.12
750	64.00	36.00	196.87	61917.36	9843.72	538557.45	538557.45	0.00	0.00	0.00	0.00	5.76	0.00	0.12
751	64.00	37.00	196.87	61917.36	9843.72	538557.45	538557.45	0.00	0.00	0.00	0.00	6.06	0.00	0.12
752	64.00	38.00	196.87	61917.36	9843.72	538557.45	538557.45	0.00	0.00	0.00	0.00	6.02	0.00	0.12
753	64.00	39.00	196.87	61917.36	9843.72	538557.45	538557.45	0.00	0.00	0.00	0.00	6.04	0.00	0.12
754	65.00	39.00	196.87	61917.36	9843.72	538557.45	538557.45	0.00	0.00	0.00	0.00	5.98	0.00	0.12
755	65.00	40.00	196.87	61917.36	9843.72	538557.45	538557.45	0.00	0.00	0.00	0.00	6.03	0.00	0.12
756	66.00	40.00	196.87	61917.36	9843.72	538557.45	538557.45	0.00	0.00	0.00	0.00	5.97	0.00	0.12
757	67.00	40.00	196.87	61917.36	9843.72	538557.45	538557.45	0.00	0.00	0.00	0.00	5.92	0.00	0.12
758	68.00	40.00	196.87	61917.36	9843.72	538557.45	538557.45	0.00	0.00	0.00	0.00	5.86	0.00	0.12
759	68.00	41.00	196.87	61917.36	9843.72	538557.45	538557.45	0.00	0.00	0.00	0.00	6.27	0.00	0.12
760	68.00	42.00	196.87	61917.36	9843.72	538557.45	538557.45	0.00	0.00	0.00	0.00	6.27	0.00	0.12
761	69.00	42.00	196.87	61917.36	9843.72	538557.45	538557.45	0.00	0.00	0.00	0.00	6.22	0.00	0.12
762	69.00	43.00	196.87	61917.36	9843.72	538557.45	538557.45	0.00	0.00	0.00	0.00	6.43	0.00	0.12
763	69.00	44.00	196.87	61917.36	9843.72	538557.45	538557.45	0.00	0.00	0.00	0.00	6.47	0.00	0.12
764	69.00	45.00	196.87	61917.36	9843.72	538557.45	538557.45	0.00	0.00	0.00	0.00	6.48	0.00	0.12
765	69.00	46.00	196.87	61917.36	9843.72	538557.45	538557.45	0.00	0.00	0.00	0.00	6.53	0.00	0.12
766	69.00	47.00	196.87	61917.36	9843.72	538557.45	538557.45	0.00	0.00	0.00	0.00	6.78	0.00	0.12
767	69.00	48.00	196.87	61917.36	9843.72	538557.45	538557.45	0.00	0.00	0.00	0.00	6.82	0.00	0.12
768	69.00	49.00	196.87	61917.36	9843.72	538557.45	538557.45	0.00	0.00	0.00	0.00	7.06	0.00	0.12
769	69.00	50.00	196.87	61917.36	9843.72	538557.45	538557.45	0.00	0.00	0.00	0.00	7.02	0.00	0.12
770	69.00	51.00	196.87	61917.36	9843.72	538557.45	538557.45	0.00	0.00	0.00	0.00	7.03	0.00	0.12
771	69.00	52.00	196.87	61917.36	9843.72	538557.45	538557.45	0.00	0.00	0.00	0.00	7.42	0.00	0.12
772	70.00	52.00	196.87	61917.36	9843.72	538557.45	538557.45	0.00	0.00	0.00	0.00	7.36	0.00	0.12
773	70.00	53.00	196.87	61917.36	9843.72	538557.45	538557.45	0.00	0.00	0.00	0.00	7.32	0.00	0.12
774	70.00	54.00	196.87	61917.36	9843.72	538557.45	538557.45	0.00	0.00	0.00	0.00	7.43	0.00	0.12
775	70.00	55.00	196.87	61917.36	9843.72	538557.45	538557.45	0.00	0.00	0.00	0.00	7.53	0.00	0.12
776	70.00	56.00	196.87	61917.36	9843.72	538557.45	538557.45	0.00	0.00	0.00	0.00	7.88	0.00	0.12
777	70.00	57.00	196.87	61917.36	9843.72	538557.45	538557.45	0.00	0.00	0.00	0.00	7.84	0.00	0.12
778	70.00	58.00	196.87	61917.36	9843.72	538557.45	538557.45	0.00	0.00	0.00	0.00	7.84	0.00	0.12
779	70.00	59.00	196.87	61917.36	9843.72	538557.45	538557.45	0.00	0.00	0.00	0.00	7.87	0.00	0.12
780	71.00	59.00	196.87	61917.36	9843.72	538557.45	538557.45	0.00	0.00	0.00	0.00	7.81	0.00	0.12
781	71.00	60.00	196.87	61917.36	9843.72	538557.45	538557.45	0.00	0.00	0.00	0.00	7.86	0.00	0.12
782	71.00	61.00	196.87	61917.36	9843.72	538557.45	538557.45	0.00	0.00	0.00	0.00	7.93	0.00	0.12
783	71.00	62.00	196.87	61917.36	9843.72	538557.45	538557.45	0.00	0.00	0.00	0.00	8.02	0.00	0.12
784	71.00	63.00	196.87	61917.36	9843.72	538557.45	538557.45	0.00	0.00	0.00	0.00	8.21	0.00	0.12
785	71.00	64.00	196.87	61917.36	9843.72	538557.45	538557.45	0.00	0.00	0.00	0.00	8.23	0.00	0.12
786	71.00	65.00	196.87	61917.36	9843.72	538557.45	538557.45	0.00	0.00	0.00	0.00	8.19	0.00	0.12
787	71.00	66.00	196.87	61917.36	9843.72	538557.45	538557.45	0.00	0.00	0.00	0.00	8.30	0.00	0.12
788	72.00	66.00	196.87	61917.36	9843.72	538557.45	538557.45	0.00	0.00	0.00	0.00	8.24	0.00	0.12
789	72.00	67.00	196.87	61917.36	9843.72	538557.45	538557.45	0.00	0.00	0.00	0.00	8.26	0.00	0.12
790	73.00	67.00	196.87	61917.36	9843.72	538557.45	538557.45	0.00	0.00	0.00	0.00	8.20	0.00	0.12
791	73.00	68.00	196.87	61917.36	9843.72	538557.45	538557.45	0.00	0.00	0.00	0.00	8.19	0.00	0.12
792	74.00	68.00	196.87	61917.36	9843.72	538557.45	538557.45	0.00	0.00	0.00	0.00	8.14	0.00	0.12
793	25.00	68.00	196.87	61917.36	9843.72	538557.45	538557.45	0.00	0.00	0.00	0.00	12.42	0.00	0.12
794	26.00	68.00	196.87	61917.36	9843.72	538557.45	538557.45	0.00	0.00	0.00	0.00	12.29	0.00	0.12
795	27.00	68.00	196.87	61917.36	9843.72	538557.45	538557.45	0.00	0.00	0.00	0.00	12.16	0.00	0.12
796	27.00	69.00	196.87	61917.36	9843.72	538557.45	538557.45	0.00	0.00	0.00	0.00	12.10	0.00	0.12
797	27.00	70.00	196.87	61917.36	9843.72	538557.45	538557.45	0.00	0.00	0.00	0.00	12.01	0.00	0.12
798	27.00	71.00	196.87	61917.36	9843.72	538557.45	538557.45	0.00	0.00	0.00	0.00	12.28	0.00	0.12
799	27.00	72.00	196.87	61917.36	9843.72	538557.45	538557.45	0.00	0.00	0.00	0.00	12.31	0.00	0.12
800	27.00	73.00	196.87	61917.36	9843.72	538557.45	538557.45	0.00	0.00	0.00	0.00	12.27	0.00	0.12
801	28.00	73.00	196.87	61917.36	9843.72	538557.45	538557.45	0.00	0.00	0.00	0.00	12.15	0.00	0.12
802	29.00	73.00	196.87	61917.36	9843.72	538557.45	538557.45	0.00	0.00	0.00	0.00	15.91	0.00	0.12
803	30.00	73.00	167.34	74300.84	8367.16	538557.45	538557.45	0.00	0.00	0.00	0.00	15.76	0.00	0.12
804	30.00	74.00	167.34	74300.84	8367.16	538557.45	538557.45	0.00	0.00	0.00	0.00	15.74	0.00	0.12
805	31.00	74.00	167.34	74300.84	8367.16	538557.45	538557.45	0.00	0.00	0.00	0.00	15.59	0.00	0.12
806	31.00	25.00	167.34	74300.84	8367.16	538557.45	538557.45	0.00	0.00	0.00	0.00	5.29	0.00	0.12
807	31.00	26.00	167.34	74300.84	8367.16	538557.45	538557.45	0.00	0.00	0.00	0.00	5.25	0.00	0.12
808	32.00	26.00	167.34	74300.84	8367.16	538557.45	538557.45	0.00	0.00	0.00	0.00	5.16	0.00	0.12
809	32.00	27.00	167.34	74300.84	8367.16	538557.45	538557.45	0.00	0.00	0.00	0.00	5.17	0.00	0.12
810	32.00	28.00	167.34	74300.84	8367.16	538557.45	538557.45	0.00	0.00	0.00	0.00	5.27	0.00	0.12
811	32.00	29.00	167.34	74300.84	8367.16	538557.45	538557.45	0.00	0.00	0.00	0.00	5.80	0.00	0.12
812	33.00	29.00	167.34	74300.84	8367.16	538557.45	538557.45	0.00	0.00	0.00	0.00	5.71	0.00	0.12
813	33.00	30.00	167.34	74300.84	8367.16	538557.45	538557.45	0.00	0.00	0.00	0.00	5.73	0.00	0.12
814	34.00	30.00	167.34	74300.84	8367.16	538557.45	538557.45	0.00	0.00	0.00	0.00	5.64	0.00	0.12
815	35.00	30.00	167.34	74300.84	8367.16	538557.45	538557.45	0.00	0.00	0.00	0.00	5.56	0.00	0.12
816	35.00	31.00	167.34	74300.84	8367.16	538557.45	538557.45	0.00	0.00	0.00	0.00	5.49	0.00	0.12
817	35.00	32.00	167.34	74300.84	8367.16	538557.45	538557.45	0.00	0.00	0.00	0.00	5.45	0.00	0.12
818	35.00	33.00	167.34	74300.84	8367.16	538557.45	538557.45	0.00	0.00	0.00	0.00	5.41	0.00	0.12
819	35.00	34.00	167.34	74300.84	8367.16	538557.45	538557.45	0.00	0.00	0.00	0.00	5.43	0.00	0.12
820	36.00	34.00	167.34	74300.84	8367.16	538557.45	538557.45	0.00	0.00	0.00	0.00	5.35	0.00	0.12
821	36.00	35.00	167.34	74300.84	8367.16	538557.45	538557.45	0.00	0.00	0.00	0.00	5.44	0.00	0.12
822	37.00	35.00	167.34	74300.84	8367.16	538557.45	538557.45	0.00	0.00	0.00	0.00	5.36	0.00	0.12
823	38.00	35.00	167.34	74300.84	8367.16	538557.45	538557.45	0.00	0.00	0.00	0.00	5.29	0.00	0.12
824	38.00	36.00	167.34	74300.84	8367.16	538557.45	538557.45	0.00	0.00	0.00	0.00	5.41	0.00	0.12
825	38.00	37.00	167.34	74300.84	8367.16	538557.45	538557.45	0.00	0.00	0.00	0.00	5.49	0.00	0.12
826	38.00	38.00	167.34	74300.84	8367.16	538557.45	538557.45	0.00	0.00	0.00	0.00	5.50	0.00	0.12
827	38.00	39.00	167.34	74300.84	8367.16	538557.45	538557.45	0.00	0.00	0.00	0.00	5.68	0.00	0.12
828	38.00	40.00	167.34	74300.84	8367.16	538557.45	538557.45	0.00	0.00	0.00	0.00	5.85	0.00	0.12
829	38.00	41.00	167.34	74300.84	8367.16	538557.45	538557.45	0.00	0.00	0.00	0.00	5.92	0.00	0.12
830	39.00	41.00	167.34	74300.84	8367.16	538557.45	538557.45	0.00	0.00	0.00	0.00	5.85	0.00	0.12
831	40.00	41.00	167.34	74300.84	8367.16	538557.45	538557.45	0.00	0.00	0.00	0.00	5.78	0.00	0.12
832	40.00	42.00	167.34	74300.84	8367.16	538557.45	538557.45	0.00	0.00	0.00	0.00	6.34	0.00	0.12
833	41.00	42.00	167.34	74300.84	8367.16	538557.45	538557.45	0.00	0.00	0.00	0.00	6.26	0.00	0.12
834	41.00	43.00	167.34	74300.84	8367.16	538557.45	538557.45	0.00	0.00	0.00	0.00	6.54	0.00	0.12
835	41.00	44.00	167.34	74300.84	8367.16	538557.45	538557.45	0.00	0.00	0.00	0.00	6.63	0.00	0.12
836	41.00	45.00	167.34	74300.84	8367.16	538557.45	538557.45	0.00	0.00	0.00	0.00	6.59	0.00	0.12
837	42.00	45.00	167.34	74300.84	8367.16	538557.45	538557.45	0.00	0.00	0.00	0.00	6.51	0.00	0.12
838	43.00	45.00	167.34	74300.84	8367.16	538557.45	538557.45	0.00	0.00	0.00	0.00	6.44	0.00	0.12
839	43.00	46.00	167.34	74300.84	8367.16	538557.45	538557.45	0.00	0.00	0.00	0.00	6.40	0.00	0.12
840	44.00	46.00	167.34	74300.84	8367.16	538557.45	538557.45	0.00	0.00	0.00	0.00	6.32	0.00	0.12
841	45.00	46.00	167.34	74300.84	8367.16	538557.45	538557.45	0.00	0.00	0.00	0.00	6.25	0.00	0.12
842	46.00	46.00	167.34	74300.84	8367.16	538557.45	538557.45	0.00	0.00	0.00	0.00	6.19	0.00	0.12
843	47.00	46.00	167.34	74300.84	8367.16	538557.45	538557.45	0.00	0.00	0.00	0.00	6.12	0.00	0.12
844	48.00	46.00	167.34	74300.84	8367.16	538557.45	538557.45	0.00	0.00	0.00	0.00	6.05	0.00	0.12
845	48.00	47.00	167.34	74300.84	8367.16	538557.45	538557.45	0.00	0.00	0.00	0.00	6.01	0.00	0.12
846	48.00	48.00	167.34	74300.84	8367.16	538557.45	538557.45	0.00	0.00	0.00	0.00	6.25	0.00	0.12
847	48.00	49.00	167.34	74300.84	8367.16	538557.45	538557.45	0.00	0.00	0.00	0.00	6.36	0.00	0.12
848	49.00	49.00	167.34	74300.84	8367.16	538557.45	538557.45	0.00	0.00	0.00	0.00	6.30	0.00	0.12
849	49.00	50.00	167.34	74300.84	8367.16	538557.45	538557.45	0.00	0.00	0.00	0.00	6.35	0.00	0.12
850	50.00	50.00	167.34	74300.84	8367.16	538557.45	538557.45	0.00	0.00	0.00	0.00	6.29	0.00	0.12
851	51.00	50.00	167.34	74300.84	8367.16	538557.45	538557.45	0.00	0.00	0.00	0.00	6.22	0.00	0.12
852	51.00	51.00	167.34	74300.84	8367.16	538557.45	538557.45	0.00	0.00	0.00	0.00	6.28	0.00	0.12
853	52.00	51.00	167.34	74300.84	8367.16	538557.45	538557.45	0.00	0.00	0.00	0.00	6.21	0.00	0.12
854	52.00	52.00	167.34	74300.84	8367.16	538557.45	538557.45	0.00	0.00	0.00	0.00	6.43	0.00	0.12
855	53.00	52.00	167.34	74300.84	8367.16	538557.45	538557.45	0.00	0.00	0.00	0.00	6.37	0.00	0.12
856	54.00	52.00	167.34	74300.84	8367.16	538557.45	538557.45	0.00	0.00	0.00	0.00	6.31	0.00	0.12
857	54.00	53.00	167.34	74300.84	8367.16	538557.45	538557.45	0.00	0.00	0.00	0.00	6.73	0.00	0.12
858	55.00	53.00	167.34	74300.84	8367.16	538557.45	538557.45	0.00	0.00	0.00	0.00	6.66	0.00	0.12
859	56.00	53.00	167.34	74300.84	8367.16	538557.45	538557.45	0.00	0.00	0.00	0.00	6.60	0.00	0.12
860	56.00	54.00	167.34	74300.84	8367.16	538557.45	538557.45	0.00	0.00	0.00	0.00	6.61	0.00	0.12
861	57.00	54.00	167.34	74300.84	8367.16	538557.45	538557.45	0.00	0.00	0.00	0.00	6.55	0.00	0.12
862	58.00	54.00	167.34	74300.84	8367.16	538557.45	538557.45	0.00	0.00	0.00	0.00	6.49	0.00	0.12
863	59.00	54.00	167.34	74300.84	8367.16	538557.45	538557.45	0.00	0.00	0.00	0.00	6.43	0.00	0.12
864	59.00	55.00	167.34	74300.84	8367.16	538557.45	538557.45	0.00	0.00	0.00	0.00	6.60	0.00	0.12
865	59.00	56.00	167.34	74300.84	8367.16	538557.45	538557.45	0.00	0.00	0.00	0.00	6.64	0.00	0.12
866	60.00	56.00	167.34	74300.84	8367.16	538557.45	538557.45	0.00	0.00	0.00	0.00	6.58	0.00	0.12
867	61.00	56.00	167.34	74300.84	8367.16	538557.45	538557.45	0.00	0.00	0.00	0.00	6.52	0.00	0.12
868	62.00	56.00	167.34	74300.84	8367.16	538557.45	538557.45	0.00	0.00	0.00	0.00	6.47	0.00	0.12
869	62.00	57.00	167.34	74300.84	8367.16	538557.45	538557.45	0.00	0.00	0.00	0.00	6.48	0.00	0.12
870	62.00	58.00	167.34	74300.84	8367.16	538557.45	538557.45	0.00	0.00	0.00	0.00	6.45	0.00	0.12
871	63.00	58.00	167.34	74300.84	8367.16	538557.45	538557.45	0.00	0.00	0.00	0.00	6.39	0.00	0.12
872	64.00	58.00	167.34	74300.84	8367.16	538557.45	538557.45	0.00	0.00	0.00	0.00	6.34	0.00	0.12
873	64.00	59.00	167.34	74300.84	8367.16	538557.45	538557.45	0.00	0.00	0.00	0.00	6.71	0.00	0.12
874	65.00	59.00	167.34	74300.84	8367.16	538557.45	538557.45	0.00	0.00	0.00	0.00	6.66	0.00	0.12
875	65.00	60.00	167.34	74300.84	8367.16	538557.45	538557.45	0.00	0.00	0.00	0.00	7.53	0.00	0.12
876	66.00	60.00	167.34	74300.84	8367.16	538557.45	538557.45	0.00	0.00	0.00	0.00	7.47	0.00	0.12
877	67.00	60.00	167.34	74300.84	8367.16	538557.45	538557.45	0.00	0.00	0.00	0.00	7.41	0.00	0.12
878	67.00	61.00	167.34	74300.84	8367.16	538557.45	538557.45	0.00	0.00	0.00	0.00	7.57	0.00	0.12
879	67.00	62.00	167.34	74300.84	8367.16	538557.45	538557.45	0.00	0.00	0.00	0.00	7.60	0.00	0.12
880	67.00	63.00	167.34	74300.84	8367.16	538557.45	538557.45	0.00	0.00	0.00	0.00	7.66	0.00	0.12
881	68.00	63.00	167.34	74300.84	8367.16	538557.45	538557.45	0.00	0.00	0.00	0.00	7.61	0.00	0.12
882	68.00	64.00	167.34	74300.84	8367.16	538557.45	538557.45	0.00	0.00	0.00	0.00	7.65	0.00	0.12
883	69.00	64.00	167.34	74300.84	8367.16	538557.45	538557.45	0.00	0.00	0.00	0.00	7.59	0.00	0.12
884	69.00	65.00	167.34	74300.84	8367.16	538557.45	538557.45	0.00	0.00	0.00	0.00	7.60	0.00	0.12
885	70.00	65.00	167.34	74300.84	8367.16	538557.45	538557.45	0.00	0.00	0.00	0.00	7.55	0.00	0.12
886	71.00	65.00	167.34	74300.84	8367.16	538557.45	538557.45	0.00	0.00	0.00	0.00	7.49	0.00	0.12
887	71.00	66.00	167.34	74300.84	8367.16	538557.45	538557.45	0.00	0.00	0.00	0.00	7.56	0.00	0.12
888	72.00	66.00	167.34	74300.84	8367.16	538557.45	538557.45	0.00	0.00	0.00	0.00	7.51	0.00	0.12
889	73.00	66.00	167.34	74300.84	8367.16	538557.45	538557.45	0.00	0.00	0.00	0.00	7.45	0.00	0.12
890	73.00	67.00	167.34	74300.84	8367.16	538557.45	538557.45	0.00	0.00	0.00	0.00	7.47	0.00	0.12
891	73.00	68.00	167.34	74300.84	8367.16	538557.45	538557.45	0.00	0.00	0.00	0.00	7.54	0.00	0.12
892	74.00	68.00	167.34	74300.84	8367.16	538557.45	538557.45	0.00	0.00	0.00	0.00	7.49	0.00	0.12
893	25.00	68.00	167.34	74300.84	8367.16	538557.45	538557.45	0.00	0.00	0.00	0.00	11.43	0.00	0.12
894	25.00	69.00	167.34	74300.84	8367.16	538557.45	538557.45	0.00	0.00	0.00	0.00	11.56	0.00	0.12
895	25.00	70.00	167.34	74300.84	8367.16	538557.45	538557.45	0.00	0.00	0.00	0.00	11.47	0.00	0.12
896	26.00	70.00	167.34	74300.84	8367.16	538557.45	538557.45	0.00	0.00	0.00	0.00	11.36	0.00	0.12
897	27.00	70.00	167.34	74300.84	8367.16	538557.45	538557.45	0.00	0.00	0.00	0.00	11.24	0.00	0.12
898	28.00	70.00	167.34	74300.84	8367.16	538557.45	538557.45	0.00	0.00	0.00	0.00	11.12	0.00	0.12
899	28.00	71.00	167.34	74300.84	8367.16	538557.45	538557.45	0.00	0.00	0.00	0.00	11.18	0.00	0.12
900	28.00	72.00	167.34	74300.84	8367.16	538557.45	538557.45	0.00	0.00	0.00	0.00	11.25	0.00	0.12
901	28.00	73.00	167.34	74300.84	8367.16	538557.45	538557.45	0.00	0.00	0.00	0.00	11.17	0.00	0.12
902	31.00	71.00	167.34	74300.84	8367.16	538557.45	538557.45	0.00	0.00	0.00	0.00	15.51	0.00	0.12
903	32.00	71.00	142.24	89161.00	7112.09	538557.45	538557.45	0.00	0.00	0.00	0.00	15.36	0.00	0.12
904	32.00	72.00	142.24	89161.00	7112.09	538557.45	538557.45	0.00	0.00	0.00	0.00	15.49	0.00	0.12
905	32.00	73.00	142.24	89161.00	7112.09	538557.45	538557.45	0.00	0.00	0.00	0.00	15.41	0.00	0.12
906	32.00	74.00	142.24	89161.00	7112.09	538557.45	538557.45	0.00	0.00	0.00	0.00	15.52	0.00	0.12
907	32.00	25.00	142.24	89161.00	7112.09	538557.45	538557.45	0.00	0.00	0.00	0.00	4.95	0.00	0.12
908	32.00	26.00	142.24	89161.00	7112.09	538557.45	538557.45	0.00	0.00	0.00	0.00	4.99	0.00	0.12
909	32.00	27.00	142.24	89161.00	7112.09	538557.45	538557.45	0.00	0.00	0.00	0.00	5.31	0.00	0.12
910	32.00	28.00	142.24	89161.00	7112.09	538557.45	538557.45	0.00	0.00	0.00	0.00	7.54	0.00	0.12
911	32.00	29.00	142.24	89161.00	7112.09	538557.45	538557.45	0.00	0.00	0.00	0.00	7.69	0.00	0.12
912	32.00	30.00	142.24	89161.00	7112.09	538557.45	538557.45	0.00	0.00	0.00	0.00	7.94	0.00	0.12
913	32.00	31.00	142.24	89161.00	7112.09	538557.45	538557.45	0.00	0.00	0.00	0.00	7.99	0.00	0.12
914	32.00	32.00	142.24	89161.00	7112.09	538557.45	538557.45	0.00	0.00	0.00	0.00	7.91	0.00	0.12
915	32.00	33.00	142.24	89161.00	7112.09	538557.45	538557.45	0.00	0.00	0.00	0.00	7.83	0.00	0.12
916	33.00	33.00	142.24	89161.00	7112.09	538557.45	538557.45	0.00	0.00	0.00	0.00	7.71	0.00	0.12
917	34.00	33.00	142.24	89161.00	7112.09	538557.45	538557.45	0.00	0.00	0.00	0.00	7.60	0.00	0.12
918	35.00	33.00	142.24	89161.00	7112.09	538557.45	538557.45	0.00	0.00	0.00	0.00	7.49	0.00	0.12
919	36.00	33.00	142.24	89161.00	7112.09	538557.45	538557.45	0.00	0.00	0.00	0.00	7.38	0.00	0.12
920	36.00	34.00	142.24	89161.00	7112.09	538557.45	538557.45	0.00	0.00	0.00	0.00	7.52	0.00	0.12
921	36.00	35.00	142.24	89161.00	7112.09	538557.45	538557.45	0.00	0.00	0.00	0.00	7.44	0.00	0.12
922	36.00	36.00	142.24	89161.00	7112.09	538557.45	538557.45	0.00	0.00	0.00	0.00	7.49	0.00	0.12
923	36.00	37.00	142.24	89161.00	7112.09	538557.45	538557.45	0.00	0.00	0.00	0.00	7.62	0.00	0.12
924	36.00	38.00	142.24	89161.00	7112.09	538557.45	538557.45	0.00	0.00	0.00	0.00	7.56	0.00	0.12
925	36.00	39.00	142.24	89161.00	7112.09	538557.45	538557.45	0.00	0.00	0.00	0.00	7.50	0.00	0.12
926	37.00	39.00	142.24	89161.00	7112.09	538557.45	538557.45	0.00	0.00	0.00	0.00	7.40	0.00	0.12
927	37.00	40.00	142.24	89161.00	7112.09	538557.45	538557.45	0.00	0.00	0.00	0.00	7.41	0.00	0.12
928	37.00	41.00	142.24	89161.00	7112.09	538557.45	538557.45	0.00	0.00	0.00	0.00	7.42	0.00	0.12
929	37.00	42.00	142.24	89161.00	7112.09	538557.45	538557.45	0.00	0.00	0.00	0.00	7.36	0.00	0.12
930	37.00	43.00	142.24	89161.00	7112.09	538557.45	538557.45	0.00	0.00	0.00	0.00	7.36	0.00	0.12
931	38.00	43.00	142.24	89161.00	7112.09	538557.45	538557.45	0.00	0.00	0.00	0.00	7.27	0.00	0.12
932	39.00	43.00	142.24	89161.00	7112.09	538557.45	538557.45	0.00	0.00	0.00	0.00	7.18	0.00	0.12
933	40.00	43.00	142.24	89161.00	7112.09	538557.45	538557.45	0.00	0.00	0.00	0.00	7.09	0.00	0.12
934	41.00	43.00	142.24	89161.00	7112.09	538557.45	538557.45	0.00	0.00	0.00	0.00	7.01	0.00	0.12
935	42.00	43.00	142.24	89161.00	7112.09	538557.45	538557.45	0.00	0.00	0.00	0.00	6.92	0.00	0.12
936	43.00	43.00	142.24	89161.00	7112.09	538557.45	538557.45	0.00	0.00	0.00	0.00	6.84	0.00	0.12
937	43.00	44.00	142.24	89161.00	7112.09	538557.45	538557.45	0.00	0.00	0.00	0.00	7.15	0.00	0.12
938	44.00	44.00	142.24	89161.00	7112.09	538557.45	538557.45	0.00	0.00	0.00	0.00	7.07	0.00	0.12
939	45.00	44.00	142.24	89161.00	7112.09	538557.45	538557.45	0.00	0.00	0.00	0.00	6.99	0.00	0.12
940	46.00	44.00	142.24	89161.00	7112.09	538557.45	538557.45	0.00	0.00	0.00	0.00	6.92	0.00	0.12
941	46.00	45.00	142.24	89161.00	7112.09	538557.45	538557.45	0.00	0.00	0.00	0.00	6.97	0.00	0.12
942	46.00	46.00	142.24	89161.00	7112.09	538557.45	538557.45	0.00	0.00	0.00	0.00	6.98	0.00	0.12
943	47.00	46.00	142.24	89161.00	7112.09	538557.45	538557.45	0.00	0.00	0.00	0.00	6.90	0.00	0.12
944	47.00	47.00	142.24	89161.00	7112.09	538557.45	538557.45	0.00	0.00	0.00	0.00	6.86	0.00	0.12
945	47.00	48.00	142.24	89161.00	7112.09	538557.45	538557.45	0.00	0.00	0.00	0.00	6.91	0.00	0.12
946	48.00	48.00	142.24	89161.00	7112.09	538557.45	538557.45	0.00	0.00	0.00	0.00	6.83	0.00	0.12
947	48.00	49.00	142.24	89161.00	7112.09	538557.45	538557.45	0.00	0.00	0.00	0.00	6.80	0.00	0.12
948	48.00	50.00	142.24	89161.00	7112.09	538557.45	538557.45	0.00	0.00	0.00	0.00	6.84	0.00	0.12
949	48.00	51.00	142.24	89161.00	7112.09	538557.45	538557.45	0.00	0.00	0.00	0.00	6.80	0.00	0.12
950	49.00	51.00	142.24	89161.00	7112.09	538557.45	538557.45	0.00	0.00	0.00	0.00	6.74	0.00	0.12
951	50.00	51.00	142.24	89161.00	7112.09	538557.45	538557.45	0.00	0.00	0.00	0.00	6.67	0.00	0.12
952	51.00	51.00	142.24	89161.00	7112.09	538557.45	538557.45	0.00	0.00	0.00	0.00	6.60	0.00	0.12
953	52.00	51.00	142.24	89161.00	7112.09	538557.45	538557.45	0.00	0.00	0.00	0.00	6.54	0.00	0.12
954	53.00	51.00	142.24	89161.00	7112.09	538557.45	538557.45	0.00	0.00	0.00	0.00	6.48	0.00	0.12
955	53.00	52.00	142.24	89161.00	7112.09	538557.45	538557.45	0.00	0.00	0.00	0.00	6.44	0.00	0.12
956	53.00	53.00	142.24	89161.00	7112.09	538557.45	538557.45	0.00	0.00	0.00	0.00	6.45	0.00	0.12
957	53.00	54.00	142.24	89161.00	7112.09	538557.45	538557.45	0.00	0.00	0.00	0.00	6.42	0.00	0.12
958	54.00	54.00	142.24	89161.00	7112.09	538557.45	538557.45	0.00	0.00	0.00	0.00	6.36	0.00	0.12
959	55.00	54.00	142.24	89161.00	7112.09	538557.45	538557.45	0.00	0.00	0.00	0.00	6.30	0.00	0.12
960	55.00	55.00	142.24	89161.00	7112.09	538557.45	538557.45	0.00	0.00	0.00	0.00	6.27	0.00	0.12
961	56.00	55.00	142.24	89161.00	7112.09	538557.45	538557.45	0.00	0.00	0.00	0.00	6.21	0.00	0.12
962	57.00	55.00	142.24	89161.00	7112.09	538557.45	538557.45	0.00	0.00	0.00	0.00	6.16	0.00	0.12
963	57.00	56.00	142.24	89161.00	7112.09	538557.45	538557.45	0.00	0.00	0.00	0.00	6.57	0.00	0.12
964	58.00	56.00	142.24	89161.00	7112.09	538557.45	538557.45	0.00	0.00	0.00	0.00	6.51	0.00	0.12
965	59.00	56.00	142.24	89161.00	7112.09	538557.45	538557.45	0.00	0.00	0.00	0.00	6.45	0.00	0.12
966	59.00	57.00	142.24	89161.00	7112.09	538557.45	538557.45	0.00	0.00	0.00	0.00	6.54	0.00	0.12
967	60.00	57.00	142.24	89161.00	7112.09	538557.45	538557.45	0.00	0.00	0.00	0.00	6.49	0.00	0.12
968	61.00	57.00	142.24	89161.00	7112.09	538557.45	538557.45	0.00	0.00	0.00	0.00	6.43	0.00	0.12
969	61.00	58.00	142.24	89161.00	7112.09	538557.45	538557.45	0.00	0.00	0.00	0.00	6.60	0.00	0.12
970	62.00	58.00	142.24	89161.00	7112.09	538557.45	538557.45	0.00	0.00	0.00	0.00	6.55	0.00	0.12
971	63.00	58.00	142.24	89161.00	7112.09	538557.45	538557.45	0.00	0.00	0.00	0.00	6.49	0.00	0.12
972	63.00	59.00	142.24	89161.00	7112.09	538557.45	538557.45	0.00	0.00	0.00	0.00	6.53	0.00	0.12
973	64.00	59.00	142.24	89161.00	7112.09	538557.45	538557.45	0.00	0.00	0.00	0.00	6.48	0.00	0.12
974	64.00	60.00	142.24	89161.00	7112.09	538557.45	538557.45	0.00	0.00	0.00	0.00	6.45	0.00	0.12
975	64.00	61.00	142.24	89161.00	7112.09	538557.45	538557.45	0.00	0.00	0.00	0.00	6.43	0.00	0.12
976	64.00	62.00	142.24	89161.00	7112.09	538557.45	538557.45	0.00	0.00	0.00	0.00	6.43	0.00	0.12
977	65.00	62.00	142.24	89161.00	7112.09	538557.45	538557.45	0.00	0.00	0.00	0.00	6.38	0.00	0.12
978	65.00	63.00	142.24	89161.00	7112.09	538557.45	538557.45	0.00	0.00	0.00	0.00	6.42	0.00	0.12
979	65.00	64.00	142.24	89161.00	7112.09	538557.45	538557.45	0.00	0.00	0.00	0.00	6.56	0.00	0.12
980	65.00	65.00	142.24	89161.00	7112.09	538557.45	538557.45	0.00	0.00	0.00	0.00	6.92	0.00	0.12
981	65.00	66.00	142.24	89161.00	7112.09	538557.45	538557.45	0.00	0.00	0.00	0.00	6.97	0.00	0.12
982	66.00	66.00	142.24	89161.00	7112.09	538557.45	538557.45	0.00	0.00	0.00	0.00	6.92	0.00	0.12
983	66.00	67.00	142.24	89161.00	7112.09	538557.45	538557.45	0.00	0.00	0.00	0.00	6.92	0.00	0.12
984	66.00	68.00	142.24	89161.00	7112.09	538557.45	538557.45	0.00	0.00	0.00	0.00	6.95	0.00	0.12
985	67.00	68.00	142.24	89161.00	7112.09	538557.45	538557.45	0.00	0.00	0.00	0.00	6.90	0.00	0.12
986	67.00	69.00	142.24	89161.00	7112.09	538557.45	538557.45	0.00	0.00	0.00	0.00	6.95	0.00	0.12
987	68.00	69.00	142.24	89161.00	7112.09	538557.45	538557.45	0.00	0.00	0.00	0.00	6.90	0.00	0.12
988	68.00	70.00	142.24	89161.00	7112.09	538557.45	538557.45	0.00	0.00	0.00	0.00	6.97	0.00	0.12
989	69.00	70.00	142.24	89161.00	7112.09	538557.45	538557.45	0.00	0.00	0.00	0.00	6.92	0.00	0.12
990	70.00	70.00	142.24	89161.00	7112.09	538557.45	538557.45	0.00	0.00	0.00	0.00	6.87	0.00	0.12
991	71.00	70.00	142.24	89161.00	7112.09	538557.45	538557.45	0.00	0.00	0.00	0.00	6.83	0.00	0.12
992	71.00	71.00	142.24	89161.00	7112.09	538557.45	538557.45	0.00	0.00	0.00	0.00	6.86	0.00	0.12
993	71.00	72.00	142.24	89161.00	7112.09	538557.45	538557.45	0.00	0.00	0.00	0.00	6.92	0.00	0.12
994	71.00	73.00	142.24	89161.00	7112.09	538557.45	538557.45	0.00	0.00	0.00	0.00	6.92	0.00	0.12
995	71.00	74.00	142.24	89161.00	7112.09	538557.45	538557.45	0.00	0.00	0.00	0.00	6.95	0.00	0.12
996	71.00	25.00	142.24	89161.00	7112.09	538557.45	538557.45	0.00	0.00	0.00	0.00	3.80	0.00	0.12
997	71.00	26.00	142.24	89161.00	7112.09	538557.45	538557.45	0.00	0.00	0.00	0.00	3.88	0.00	0.12
998	72.00	26.00	142.24	89161.00	7112.09	538557.45	538557.45	0.00	0.00	0.00	0.00	3.84	0.00	0.12
999	73.00	26.00	142.24	89161.00	7112.09	538557.45	538557.45	0.00	0.00	0.00	0.00	3.80	0.00	0.12
1000	74.00	26.00	142.24	89161.00	7112.09	538557.45	538557.45	0.00	0.00	0.00	0.00	3.76	0.00	0.12
