some parameters
Gen.	# feasible solutions	# infeasible solutions	cap. penality	dur. penality	num. penality	best penalized cost	best feasible cost	best cap. violation	best dur. violation	best num. violation	avg cap. violation	avg dur. violation	avg num. violation	Gap from BKS
1	37.00	64.00	1200.00	12000.00	42500.00	553100.61	553100.61	0.00	0.00	0.00	0.22	6.82	0.00	0.13
2	38.00	64.00	1200.00	12000.00	42500.00	553100.61	553100.61	0.00	0.00	0.00	0.21	6.76	0.00	0.13
3	39.00	64.00	1200.00	12000.00	42500.00	553100.61	553100.61	0.00	0.00	0.00	0.21	6.69	0.00	0.13
4	40.00	64.00	1200.00	12000.00	42500.00	553100.61	553100.61	0.00	0.00	0.00	0.21	6.63	0.00	0.13
5	41.00	64.00	1200.00	12000.00	42500.00	553100.61	553100.61	0.00	0.00	0.00	0.21	6.56	0.00	0.13
6	42.00	64.00	1200.00	12000.00	42500.00	553100.61	553100.61	0.00	0.00	0.00	0.21	6.50	0.00	0.13
7	43.00	64.00	1200.00	12000.00	42500.00	553100.61	553100.61	0.00	0.00	0.00	0.20	6.44	0.00	0.13
8	44.00	64.00	1200.00	12000.00	42500.00	553100.61	553100.61	0.00	0.00	0.00	0.20	6.38	0.00	0.13
9	45.00	64.00	1200.00	12000.00	42500.00	553100.61	553100.61	0.00	0.00	0.00	0.20	6.32	0.00	0.13
10	46.00	64.00	1200.00	12000.00	42500.00	553100.61	553100.61	0.00	0.00	0.00	0.20	6.27	0.00	0.13
11	46.00	65.00	1200.00	12000.00	42500.00	553100.61	553100.61	0.00	0.00	0.00	0.20	6.24	0.00	0.13
12	47.00	65.00	1200.00	12000.00	42500.00	553100.61	553100.61	0.00	0.00	0.00	0.19	6.18	0.00	0.13
13	47.00	66.00	1200.00	12000.00	42500.00	553100.61	553100.61	0.00	0.00	0.00	0.19	6.23	0.00	0.13
14	48.00	66.00	1200.00	12000.00	42500.00	553100.61	553100.61	0.00	0.00	0.00	0.19	6.17	0.00	0.13
15	49.00	66.00	1200.00	12000.00	42500.00	553100.61	553100.61	0.00	0.00	0.00	0.19	6.12	0.00	0.13
16	50.00	66.00	1200.00	12000.00	42500.00	553100.61	553100.61	0.00	0.00	0.00	0.19	6.07	0.00	0.13
17	50.00	67.00	1200.00	12000.00	42500.00	553100.61	553100.61	0.00	0.00	0.00	0.19	6.11	0.00	0.13
18	50.00	68.00	1200.00	12000.00	42500.00	553100.61	553100.61	0.00	0.00	0.00	0.18	6.16	0.00	0.13
19	51.00	68.00	1200.00	12000.00	42500.00	553100.61	553100.61	0.00	0.00	0.00	0.18	6.10	0.00	0.13
20	52.00	68.00	1200.00	12000.00	42500.00	553100.61	553100.61	0.00	0.00	0.00	0.18	6.05	0.00	0.13
21	53.00	68.00	1200.00	12000.00	42500.00	553100.61	553100.61	0.00	0.00	0.00	0.18	6.00	0.00	0.13
22	54.00	68.00	1200.00	12000.00	42500.00	553100.61	553100.61	0.00	0.00	0.00	0.18	5.95	0.00	0.13
23	55.00	68.00	1200.00	12000.00	42500.00	553100.61	553100.61	0.00	0.00	0.00	0.18	5.91	0.00	0.13
24	56.00	68.00	1200.00	12000.00	42500.00	553100.61	553100.61	0.00	0.00	0.00	0.18	5.86	0.00	0.13
25	57.00	68.00	1200.00	12000.00	42500.00	553100.61	553100.61	0.00	0.00	0.00	0.17	5.81	0.00	0.13
26	57.00	69.00	1200.00	12000.00	42500.00	553100.61	553100.61	0.00	0.00	0.00	0.17	5.86	0.00	0.13
27	57.00	70.00	1200.00	12000.00	42500.00	553100.61	553100.61	0.00	0.00	0.00	0.17	5.90	0.00	0.13
28	58.00	70.00	1200.00	12000.00	42500.00	553100.61	553100.61	0.00	0.00	0.00	0.17	5.85	0.00	0.13
29	58.00	71.00	1200.00	12000.00	42500.00	553100.61	553100.61	0.00	0.00	0.00	0.17	5.92	0.00	0.13
30	59.00	71.00	1200.00	12000.00	42500.00	553100.61	553100.61	0.00	0.00	0.00	0.17	5.87	0.00	0.13
31	60.00	71.00	1200.00	12000.00	42500.00	553100.61	553100.61	0.00	0.00	0.00	0.17	5.83	0.00	0.13
32	61.00	71.00	1200.00	12000.00	42500.00	553100.61	553100.61	0.00	0.00	0.00	0.17	5.78	0.00	0.13
33	62.00	71.00	1200.00	12000.00	42500.00	553100.61	553100.61	0.00	0.00	0.00	0.16	5.74	0.00	0.13
34	63.00	71.00	1200.00	12000.00	42500.00	550676.75	550676.75	0.00	0.00	0.00	0.16	5.70	0.00	0.12
35	64.00	71.00	1200.00	12000.00	42500.00	550676.75	550676.75	0.00	0.00	0.00	0.16	5.66	0.00	0.12
36	65.00	71.00	1200.00	12000.00	42500.00	550676.75	550676.75	0.00	0.00	0.00	0.16	5.61	0.00	0.12
37	66.00	71.00	1200.00	12000.00	42500.00	550676.75	550676.75	0.00	0.00	0.00	0.16	5.57	0.00	0.12
38	66.00	72.00	1200.00	12000.00	42500.00	550676.75	550676.75	0.00	0.00	0.00	0.16	5.61	0.00	0.12
39	67.00	72.00	1200.00	12000.00	42500.00	550676.75	550676.75	0.00	0.00	0.00	0.16	5.57	0.00	0.12
40	68.00	72.00	1200.00	12000.00	42500.00	550676.75	550676.75	0.00	0.00	0.00	0.16	5.53	0.00	0.12
41	69.00	72.00	1200.00	12000.00	42500.00	550676.75	550676.75	0.00	0.00	0.00	0.15	5.50	0.00	0.12
42	70.00	72.00	1200.00	12000.00	42500.00	550676.75	550676.75	0.00	0.00	0.00	0.15	5.46	0.00	0.12
43	71.00	72.00	1200.00	12000.00	42500.00	550676.75	550676.75	0.00	0.00	0.00	0.15	5.42	0.00	0.12
44	72.00	72.00	1200.00	12000.00	42500.00	550676.75	550676.75	0.00	0.00	0.00	0.15	5.38	0.00	0.12
45	73.00	72.00	1200.00	12000.00	42500.00	550676.75	550676.75	0.00	0.00	0.00	0.15	5.34	0.00	0.12
46	74.00	72.00	1200.00	12000.00	42500.00	550676.75	550676.75	0.00	0.00	0.00	0.15	5.31	0.00	0.12
47	25.00	72.00	1200.00	12000.00	42500.00	550676.75	550676.75	0.00	0.00	0.00	0.22	7.99	0.00	0.12
48	26.00	72.00	1200.00	12000.00	42500.00	550676.75	550676.75	0.00	0.00	0.00	0.22	7.91	0.00	0.12
49	27.00	72.00	1200.00	12000.00	42500.00	550676.75	550676.75	0.00	0.00	0.00	0.22	7.83	0.00	0.12
50	27.00	73.00	1200.00	12000.00	42500.00	550676.75	550676.75	0.00	0.00	0.00	0.22	7.78	0.00	0.12
51	28.00	73.00	1200.00	12000.00	42500.00	550676.75	550676.75	0.00	0.00	0.00	0.22	7.70	0.00	0.12
52	29.00	73.00	1200.00	12000.00	42500.00	550676.75	550676.75	0.00	0.00	0.00	0.21	7.62	0.00	0.12
53	29.00	74.00	1200.00	12000.00	42500.00	550676.75	550676.75	0.00	0.00	0.00	0.21	7.69	0.00	0.12
54	30.00	74.00	1200.00	12000.00	42500.00	550676.75	550676.75	0.00	0.00	0.00	0.21	7.62	0.00	0.12
55	31.00	74.00	1200.00	12000.00	42500.00	550676.75	550676.75	0.00	0.00	0.00	0.21	7.54	0.00	0.12
56	31.00	25.00	1200.00	12000.00	42500.00	550676.75	550676.75	0.00	0.00	0.00	0.00	2.91	0.00	0.12
57	32.00	25.00	1200.00	12000.00	42500.00	550676.75	550676.75	0.00	0.00	0.00	0.00	2.86	0.00	0.12
58	33.00	25.00	1200.00	12000.00	42500.00	550676.75	550676.75	0.00	0.00	0.00	0.00	2.81	0.00	0.12
59	34.00	25.00	1200.00	12000.00	42500.00	550676.75	550676.75	0.00	0.00	0.00	0.00	2.76	0.00	0.12
60	35.00	25.00	1200.00	12000.00	42500.00	550676.75	550676.75	0.00	0.00	0.00	0.00	2.72	0.00	0.12
61	36.00	25.00	1200.00	12000.00	42500.00	550676.75	550676.75	0.00	0.00	0.00	0.00	2.67	0.00	0.12
62	37.00	25.00	1200.00	12000.00	42500.00	550676.75	550676.75	0.00	0.00	0.00	0.00	2.63	0.00	0.12
63	38.00	25.00	1200.00	12000.00	42500.00	550676.75	550676.75	0.00	0.00	0.00	0.00	2.59	0.00	0.12
64	39.00	25.00	1200.00	12000.00	42500.00	550676.75	550676.75	0.00	0.00	0.00	0.00	2.55	0.00	0.12
65	39.00	26.00	1200.00	12000.00	42500.00	550676.75	550676.75	0.00	0.00	0.00	0.00	2.69	0.00	0.12
66	40.00	26.00	1200.00	12000.00	42500.00	550676.75	550676.75	0.00	0.00	0.00	0.00	2.64	0.00	0.12
67	40.00	27.00	1200.00	12000.00	42500.00	550676.75	550676.75	0.00	0.00	0.00	0.00	2.78	0.00	0.12
68	41.00	27.00	1200.00	12000.00	42500.00	550676.75	550676.75	0.00	0.00	0.00	0.00	2.73	0.00	0.12
69	42.00	27.00	1200.00	12000.00	42500.00	550676.75	550676.75	0.00	0.00	0.00	0.00	2.69	0.00	0.12
70	42.00	28.00	1200.00	12000.00	42500.00	550676.75	550676.75	0.00	0.00	0.00	0.00	2.82	0.00	0.12
71	43.00	28.00	1200.00	12000.00	42500.00	550676.75	550676.75	0.00	0.00	0.00	0.00	2.78	0.00	0.12
72	44.00	28.00	1200.00	12000.00	42500.00	550676.75	550676.75	0.00	0.00	0.00	0.00	2.74	0.00	0.12
73	45.00	28.00	1200.00	12000.00	42500.00	550676.75	550676.75	0.00	0.00	0.00	0.00	2.70	0.00	0.12
74	46.00	28.00	1200.00	12000.00	42500.00	550676.75	550676.75	0.00	0.00	0.00	0.00	2.67	0.00	0.12
75	47.00	28.00	1200.00	12000.00	42500.00	550676.75	550676.75	0.00	0.00	0.00	0.00	2.63	0.00	0.12
76	48.00	28.00	1200.00	12000.00	42500.00	550676.75	550676.75	0.00	0.00	0.00	0.00	2.60	0.00	0.12
77	48.00	29.00	1200.00	12000.00	42500.00	550676.75	550676.75	0.00	0.00	0.00	0.00	2.75	0.00	0.12
78	49.00	29.00	1200.00	12000.00	42500.00	550676.75	550676.75	0.00	0.00	0.00	0.00	2.71	0.00	0.12
79	50.00	29.00	1200.00	12000.00	42500.00	550676.75	550676.75	0.00	0.00	0.00	0.00	2.68	0.00	0.12
80	51.00	29.00	1200.00	12000.00	42500.00	550676.75	550676.75	0.00	0.00	0.00	0.00	2.64	0.00	0.12
81	52.00	29.00	1200.00	12000.00	42500.00	550676.75	550676.75	0.00	0.00	0.00	0.00	2.61	0.00	0.12
82	53.00	29.00	1200.00	12000.00	42500.00	550676.75	550676.75	0.00	0.00	0.00	0.00	2.58	0.00	0.12
83	54.00	29.00	1200.00	12000.00	42500.00	550676.75	550676.75	0.00	0.00	0.00	0.00	2.55	0.00	0.12
84	55.00	29.00	1200.00	12000.00	42500.00	550676.75	550676.75	0.00	0.00	0.00	0.00	2.52	0.00	0.12
85	56.00	29.00	1200.00	12000.00	42500.00	550676.75	550676.75	0.00	0.00	0.00	0.00	2.49	0.00	0.12
86	57.00	29.00	1200.00	12000.00	42500.00	550676.75	550676.75	0.00	0.00	0.00	0.00	2.46	0.00	0.12
87	58.00	29.00	1200.00	12000.00	42500.00	550676.75	550676.75	0.00	0.00	0.00	0.00	2.43	0.00	0.12
88	59.00	29.00	1200.00	12000.00	42500.00	550676.75	550676.75	0.00	0.00	0.00	0.00	2.40	0.00	0.12
89	60.00	29.00	1200.00	12000.00	42500.00	550676.75	550676.75	0.00	0.00	0.00	0.00	2.38	0.00	0.12
90	61.00	29.00	1200.00	12000.00	42500.00	550676.75	550676.75	0.00	0.00	0.00	0.00	2.35	0.00	0.12
91	62.00	29.00	1200.00	12000.00	42500.00	550676.75	550676.75	0.00	0.00	0.00	0.00	2.33	0.00	0.12
92	63.00	29.00	1200.00	12000.00	42500.00	550676.75	550676.75	0.00	0.00	0.00	0.00	2.30	0.00	0.12
93	64.00	29.00	1200.00	12000.00	42500.00	550676.75	550676.75	0.00	0.00	0.00	0.00	2.28	0.00	0.12
94	65.00	29.00	1200.00	12000.00	42500.00	550676.75	550676.75	0.00	0.00	0.00	0.00	2.25	0.00	0.12
95	66.00	29.00	1200.00	12000.00	42500.00	550676.75	550676.75	0.00	0.00	0.00	0.00	2.23	0.00	0.12
96	67.00	29.00	1200.00	12000.00	42500.00	550676.75	550676.75	0.00	0.00	0.00	0.00	2.20	0.00	0.12
97	68.00	29.00	1200.00	12000.00	42500.00	550676.75	550676.75	0.00	0.00	0.00	0.00	2.18	0.00	0.12
98	69.00	29.00	1200.00	12000.00	42500.00	550676.75	550676.75	0.00	0.00	0.00	0.00	2.16	0.00	0.12
99	69.00	30.00	1200.00	12000.00	42500.00	550676.75	550676.75	0.00	0.00	0.00	0.00	2.25	0.00	0.12
100	70.00	30.00	1200.00	12000.00	42500.00	550676.75	550676.75	0.00	0.00	0.00	0.00	2.23	0.00	0.12
101	71.00	30.00	1020.00	14400.00	36125.00	550676.75	550676.75	0.00	0.00	0.00	0.00	2.21	0.00	0.12
102	72.00	30.00	1020.00	14400.00	36125.00	550676.75	550676.75	0.00	0.00	0.00	0.00	2.19	0.00	0.12
103	73.00	30.00	1020.00	14400.00	36125.00	550676.75	550676.75	0.00	0.00	0.00	0.00	2.17	0.00	0.12
104	74.00	30.00	1020.00	14400.00	36125.00	550676.75	550676.75	0.00	0.00	0.00	0.00	2.14	0.00	0.12
105	74.00	31.00	1020.00	14400.00	36125.00	550676.75	550676.75	0.00	0.00	0.00	0.00	2.15	0.00	0.12
106	25.00	31.00	1020.00	14400.00	36125.00	550676.75	550676.75	0.00	0.00	0.00	0.00	4.03	0.00	0.12
107	26.00	31.00	1020.00	14400.00	36125.00	550676.75	550676.75	0.00	0.00	0.00	0.00	3.96	0.00	0.12
108	27.00	31.00	1020.00	14400.00	36125.00	550676.75	550676.75	0.00	0.00	0.00	0.00	3.89	0.00	0.12
109	28.00	31.00	1020.00	14400.00	36125.00	550676.75	550676.75	0.00	0.00	0.00	0.00	3.83	0.00	0.12
110	29.00	31.00	1020.00	14400.00	36125.00	550676.75	550676.75	0.00	0.00	0.00	0.00	3.76	0.00	0.12
111	30.00	31.00	1020.00	14400.00	36125.00	550676.75	550676.75	0.00	0.00	0.00	0.00	3.70	0.00	0.12
112	31.00	31.00	1020.00	14400.00	36125.00	550676.75	550676.75	0.00	0.00	0.00	0.00	3.64	0.00	0.12
113	32.00	31.00	1020.00	14400.00	36125.00	550676.75	550676.75	0.00	0.00	0.00	0.00	3.58	0.00	0.12
114	33.00	31.00	1020.00	14400.00	36125.00	550676.75	550676.75	0.00	0.00	0.00	0.00	3.53	0.00	0.12
115	34.00	31.00	1020.00	14400.00	36125.00	550676.75	550676.75	0.00	0.00	0.00	0.00	3.47	0.00	0.12
116	34.00	32.00	1020.00	14400.00	36125.00	550676.75	550676.75	0.00	0.00	0.00	0.00	3.59	0.00	0.12
117	35.00	32.00	1020.00	14400.00	36125.00	550676.75	550676.75	0.00	0.00	0.00	0.00	3.54	0.00	0.12
118	36.00	32.00	1020.00	14400.00	36125.00	550676.75	550676.75	0.00	0.00	0.00	0.00	3.49	0.00	0.12
119	37.00	32.00	1020.00	14400.00	36125.00	550676.75	550676.75	0.00	0.00	0.00	0.00	3.44	0.00	0.12
120	38.00	32.00	1020.00	14400.00	36125.00	550676.75	550676.75	0.00	0.00	0.00	0.00	3.39	0.00	0.12
121	39.00	32.00	1020.00	14400.00	36125.00	550676.75	550676.75	0.00	0.00	0.00	0.00	3.34	0.00	0.12
122	40.00	32.00	1020.00	14400.00	36125.00	550676.75	550676.75	0.00	0.00	0.00	0.00	3.30	0.00	0.12
123	41.00	32.00	1020.00	14400.00	36125.00	550676.75	550676.75	0.00	0.00	0.00	0.00	3.25	0.00	0.12
124	41.00	33.00	1020.00	14400.00	36125.00	550676.75	550676.75	0.00	0.00	0.00	0.00	3.36	0.00	0.12
125	42.00	33.00	1020.00	14400.00	36125.00	550676.75	550676.75	0.00	0.00	0.00	0.00	3.32	0.00	0.12
126	43.00	33.00	1020.00	14400.00	36125.00	550676.75	550676.75	0.00	0.00	0.00	0.00	3.27	0.00	0.12
127	43.00	34.00	1020.00	14400.00	36125.00	550676.75	550676.75	0.00	0.00	0.00	0.00	3.38	0.00	0.12
128	44.00	34.00	1020.00	14400.00	36125.00	550676.75	550676.75	0.00	0.00	0.00	0.00	3.33	0.00	0.12
129	45.00	34.00	1020.00	14400.00	36125.00	550676.75	550676.75	0.00	0.00	0.00	0.00	3.29	0.00	0.12
130	46.00	34.00	1020.00	14400.00	36125.00	550676.75	550676.75	0.00	0.00	0.00	0.00	3.25	0.00	0.12
131	47.00	34.00	1020.00	14400.00	36125.00	550676.75	550676.75	0.00	0.00	0.00	0.00	3.21	0.00	0.12
132	47.00	35.00	1020.00	14400.00	36125.00	550676.75	550676.75	0.00	0.00	0.00	0.00	3.31	0.00	0.12
133	48.00	35.00	1020.00	14400.00	36125.00	550676.75	550676.75	0.00	0.00	0.00	0.00	3.27	0.00	0.12
134	49.00	35.00	1020.00	14400.00	36125.00	550676.75	550676.75	0.00	0.00	0.00	0.00	3.23	0.00	0.12
135	50.00	35.00	1020.00	14400.00	36125.00	550676.75	550676.75	0.00	0.00	0.00	0.00	3.19	0.00	0.12
136	51.00	35.00	1020.00	14400.00	36125.00	550676.75	550676.75	0.00	0.00	0.00	0.00	3.16	0.00	0.12
137	51.00	36.00	1020.00	14400.00	36125.00	550676.75	550676.75	0.00	0.00	0.00	0.00	3.25	0.00	0.12
138	52.00	36.00	1020.00	14400.00	36125.00	550676.75	550676.75	0.00	0.00	0.00	0.00	3.21	0.00	0.12
139	53.00	36.00	1020.00	14400.00	36125.00	550676.75	550676.75	0.00	0.00	0.00	0.00	3.18	0.00	0.12
140	54.00	36.00	1020.00	14400.00	36125.00	550676.75	550676.75	0.00	0.00	0.00	0.00	3.14	0.00	0.12
141	54.00	37.00	1020.00	14400.00	36125.00	550676.75	550676.75	0.00	0.00	0.00	0.00	3.23	0.00	0.12
142	55.00	37.00	1020.00	14400.00	36125.00	550676.75	550676.75	0.00	0.00	0.00	0.00	3.20	0.00	0.12
143	56.00	37.00	1020.00	14400.00	36125.00	550676.75	550676.75	0.00	0.00	0.00	0.00	3.16	0.00	0.12
144	57.00	37.00	1020.00	14400.00	36125.00	550676.75	550676.75	0.00	0.00	0.00	0.00	3.13	0.00	0.12
145	58.00	37.00	1020.00	14400.00	36125.00	550676.75	550676.75	0.00	0.00	0.00	0.00	3.10	0.00	0.12
146	59.00	37.00	1020.00	14400.00	36125.00	550676.75	550676.75	0.00	0.00	0.00	0.00	3.07	0.00	0.12
147	60.00	37.00	1020.00	14400.00	36125.00	550676.75	550676.75	0.00	0.00	0.00	0.00	3.03	0.00	0.12
148	61.00	37.00	1020.00	14400.00	36125.00	550676.75	550676.75	0.00	0.00	0.00	0.00	3.00	0.00	0.12
149	62.00	37.00	1020.00	14400.00	36125.00	550676.75	550676.75	0.00	0.00	0.00	0.00	2.97	0.00	0.12
150	63.00	37.00	1020.00	14400.00	36125.00	550676.75	550676.75	0.00	0.00	0.00	0.00	2.94	0.00	0.12
151	64.00	37.00	1020.00	14400.00	36125.00	550676.75	550676.75	0.00	0.00	0.00	0.00	2.91	0.00	0.12
152	65.00	37.00	1020.00	14400.00	36125.00	550676.75	550676.75	0.00	0.00	0.00	0.00	2.89	0.00	0.12
153	66.00	37.00	1020.00	14400.00	36125.00	550676.75	550676.75	0.00	0.00	0.00	0.00	2.86	0.00	0.12
154	67.00	37.00	1020.00	14400.00	36125.00	550676.75	550676.75	0.00	0.00	0.00	0.00	2.83	0.00	0.12
155	68.00	37.00	1020.00	14400.00	36125.00	550676.75	550676.75	0.00	0.00	0.00	0.00	2.80	0.00	0.12
156	69.00	37.00	1020.00	14400.00	36125.00	550676.75	550676.75	0.00	0.00	0.00	0.00	2.78	0.00	0.12
157	69.00	38.00	1020.00	14400.00	36125.00	550676.75	550676.75	0.00	0.00	0.00	0.00	2.86	0.00	0.12
158	70.00	38.00	1020.00	14400.00	36125.00	550676.75	550676.75	0.00	0.00	0.00	0.00	2.83	0.00	0.12
159	70.00	39.00	1020.00	14400.00	36125.00	550676.75	550676.75	0.00	0.00	0.00	0.00	2.83	0.00	0.12
160	71.00	39.00	1020.00	14400.00	36125.00	550676.75	550676.75	0.00	0.00	0.00	0.00	2.80	0.00	0.12
161	72.00	39.00	1020.00	14400.00	36125.00	550676.75	550676.75	0.00	0.00	0.00	0.00	2.78	0.00	0.12
162	73.00	39.00	1020.00	14400.00	36125.00	550676.75	550676.75	0.00	0.00	0.00	0.00	2.75	0.00	0.12
163	74.00	39.00	1020.00	14400.00	36125.00	550676.75	550676.75	0.00	0.00	0.00	0.00	2.73	0.00	0.12
164	25.00	39.00	1020.00	14400.00	36125.00	550676.75	550676.75	0.00	0.00	0.00	0.00	4.82	0.00	0.12
165	26.00	39.00	1020.00	14400.00	36125.00	550676.75	550676.75	0.00	0.00	0.00	0.00	4.75	0.00	0.12
166	27.00	39.00	1020.00	14400.00	36125.00	550676.75	550676.75	0.00	0.00	0.00	0.00	4.67	0.00	0.12
167	28.00	39.00	1020.00	14400.00	36125.00	550676.75	550676.75	0.00	0.00	0.00	0.00	4.61	0.00	0.12
168	29.00	39.00	1020.00	14400.00	36125.00	550676.75	550676.75	0.00	0.00	0.00	0.00	4.54	0.00	0.12
169	30.00	39.00	1020.00	14400.00	36125.00	550676.75	550676.75	0.00	0.00	0.00	0.00	4.47	0.00	0.12
170	30.00	40.00	1020.00	14400.00	36125.00	550676.75	550676.75	0.00	0.00	0.00	0.00	4.61	0.00	0.12
171	30.00	41.00	1020.00	14400.00	36125.00	550676.75	550676.75	0.00	0.00	0.00	0.00	4.59	0.00	0.12
172	31.00	41.00	1020.00	14400.00	36125.00	550676.75	550676.75	0.00	0.00	0.00	0.00	4.52	0.00	0.12
173	32.00	41.00	1020.00	14400.00	36125.00	550676.75	550676.75	0.00	0.00	0.00	0.00	4.46	0.00	0.12
174	33.00	41.00	1020.00	14400.00	36125.00	550676.75	550676.75	0.00	0.00	0.00	0.00	4.40	0.00	0.12
175	33.00	42.00	1020.00	14400.00	36125.00	550676.75	550676.75	0.00	0.00	0.00	0.00	4.50	0.00	0.12
176	34.00	42.00	1020.00	14400.00	36125.00	550676.75	550676.75	0.00	0.00	0.00	0.00	4.44	0.00	0.12
177	35.00	42.00	1020.00	14400.00	36125.00	550676.75	550676.75	0.00	0.00	0.00	0.00	4.38	0.00	0.12
178	35.00	43.00	1020.00	14400.00	36125.00	550676.75	550676.75	0.00	0.00	0.00	0.00	4.36	0.00	0.12
179	36.00	43.00	1020.00	14400.00	36125.00	550676.75	550676.75	0.00	0.00	0.00	0.00	4.30	0.00	0.12
180	37.00	43.00	1020.00	14400.00	36125.00	550676.75	550676.75	0.00	0.00	0.00	0.00	4.25	0.00	0.12
181	38.00	43.00	1020.00	14400.00	36125.00	550676.75	550676.75	0.00	0.00	0.00	0.00	4.20	0.00	0.12
182	39.00	43.00	1020.00	14400.00	36125.00	550676.75	550676.75	0.00	0.00	0.00	0.00	4.15	0.00	0.12
183	39.00	44.00	1020.00	14400.00	36125.00	550676.75	550676.75	0.00	0.00	0.00	0.00	4.23	0.00	0.12
184	40.00	44.00	1020.00	14400.00	36125.00	550676.75	550676.75	0.00	0.00	0.00	0.00	4.18	0.00	0.12
185	40.00	45.00	1020.00	14400.00	36125.00	550676.75	550676.75	0.00	0.00	0.00	0.00	4.17	0.00	0.12
186	41.00	45.00	1020.00	14400.00	36125.00	550676.75	550676.75	0.00	0.00	0.00	0.00	4.12	0.00	0.12
187	42.00	45.00	1020.00	14400.00	36125.00	550676.75	550676.75	0.00	0.00	0.00	0.00	4.07	0.00	0.12
188	43.00	45.00	1020.00	14400.00	36125.00	550676.75	550676.75	0.00	0.00	0.00	0.00	4.03	0.00	0.12
189	44.00	45.00	1020.00	14400.00	36125.00	550676.75	550676.75	0.00	0.00	0.00	0.00	3.98	0.00	0.12
190	44.00	46.00	1020.00	14400.00	36125.00	550676.75	550676.75	0.00	0.00	0.00	0.00	4.06	0.00	0.12
191	44.00	47.00	1020.00	14400.00	36125.00	550676.75	550676.75	0.00	0.00	0.00	0.00	4.14	0.00	0.12
192	45.00	47.00	1020.00	14400.00	36125.00	550676.75	550676.75	0.00	0.00	0.00	0.00	4.10	0.00	0.12
193	46.00	47.00	1020.00	14400.00	36125.00	550676.75	550676.75	0.00	0.00	0.00	0.00	4.05	0.00	0.12
194	47.00	47.00	1020.00	14400.00	36125.00	550676.75	550676.75	0.00	0.00	0.00	0.00	4.01	0.00	0.12
195	48.00	47.00	1020.00	14400.00	36125.00	550676.75	550676.75	0.00	0.00	0.00	0.00	3.97	0.00	0.12
196	49.00	47.00	1020.00	14400.00	36125.00	550676.75	550676.75	0.00	0.00	0.00	0.00	3.93	0.00	0.12
197	50.00	47.00	1020.00	14400.00	36125.00	550676.75	550676.75	0.00	0.00	0.00	0.00	3.89	0.00	0.12
198	51.00	47.00	1020.00	14400.00	36125.00	550676.75	550676.75	0.00	0.00	0.00	0.00	3.85	0.00	0.12
199	51.00	48.00	1020.00	14400.00	36125.00	550676.75	550676.75	0.00	0.00	0.00	0.00	3.92	0.00	0.12
200	52.00	48.00	1020.00	14400.00	36125.00	550676.75	550676.75	0.00	0.00	0.00	0.00	3.88	0.00	0.12
201	53.00	48.00	867.00	17280.00	30706.25	550676.75	550676.75	0.00	0.00	0.00	0.00	3.85	0.00	0.12
202	54.00	48.00	867.00	17280.00	30706.25	550676.75	550676.75	0.00	0.00	0.00	0.00	3.81	0.00	0.12
203	55.00	48.00	867.00	17280.00	30706.25	550676.75	550676.75	0.00	0.00	0.00	0.00	3.77	0.00	0.12
204	56.00	48.00	867.00	17280.00	30706.25	550676.75	550676.75	0.00	0.00	0.00	0.00	3.74	0.00	0.12
205	56.00	49.00	867.00	17280.00	30706.25	550676.75	550676.75	0.00	0.00	0.00	0.00	3.73	0.00	0.12
206	57.00	49.00	867.00	17280.00	30706.25	550676.75	550676.75	0.00	0.00	0.00	0.00	3.69	0.00	0.12
207	58.00	49.00	867.00	17280.00	30706.25	550676.75	550676.75	0.00	0.00	0.00	0.00	3.66	0.00	0.12
208	59.00	49.00	867.00	17280.00	30706.25	550676.75	550676.75	0.00	0.00	0.00	0.00	3.62	0.00	0.12
209	60.00	49.00	867.00	17280.00	30706.25	550676.75	550676.75	0.00	0.00	0.00	0.00	3.59	0.00	0.12
210	61.00	49.00	867.00	17280.00	30706.25	550676.75	550676.75	0.00	0.00	0.00	0.00	3.56	0.00	0.12
211	62.00	49.00	867.00	17280.00	30706.25	550676.75	550676.75	0.00	0.00	0.00	0.00	3.53	0.00	0.12
212	63.00	49.00	867.00	17280.00	30706.25	550676.75	550676.75	0.00	0.00	0.00	0.00	3.49	0.00	0.12
213	64.00	49.00	867.00	17280.00	30706.25	550676.75	550676.75	0.00	0.00	0.00	0.00	3.46	0.00	0.12
214	64.00	50.00	867.00	17280.00	30706.25	550676.75	550676.75	0.00	0.00	0.00	0.00	3.53	0.00	0.12
215	65.00	50.00	867.00	17280.00	30706.25	550676.75	550676.75	0.00	0.00	0.00	0.00	3.50	0.00	0.12
216	65.00	51.00	867.00	17280.00	30706.25	550676.75	550676.75	0.00	0.00	0.00	0.00	3.57	0.00	0.12
217	66.00	51.00	867.00	17280.00	30706.25	550676.75	550676.75	0.00	0.00	0.00	0.00	3.54	0.00	0.12
218	67.00	51.00	867.00	17280.00	30706.25	550676.75	550676.75	0.00	0.00	0.00	0.00	3.51	0.00	0.12
219	68.00	51.00	867.00	17280.00	30706.25	550676.75	550676.75	0.00	0.00	0.00	0.00	3.48	0.00	0.12
220	69.00	51.00	867.00	17280.00	30706.25	550676.75	550676.75	0.00	0.00	0.00	0.00	3.45	0.00	0.12
221	70.00	51.00	867.00	17280.00	30706.25	550676.75	550676.75	0.00	0.00	0.00	0.00	3.42	0.00	0.12
222	71.00	51.00	867.00	17280.00	30706.25	550676.75	550676.75	0.00	0.00	0.00	0.00	3.39	0.00	0.12
223	72.00	51.00	867.00	17280.00	30706.25	550676.75	550676.75	0.00	0.00	0.00	0.00	3.37	0.00	0.12
224	73.00	51.00	867.00	17280.00	30706.25	550676.75	550676.75	0.00	0.00	0.00	0.00	3.34	0.00	0.12
225	74.00	51.00	867.00	17280.00	30706.25	550676.75	550676.75	0.00	0.00	0.00	0.00	3.31	0.00	0.12
226	74.00	52.00	867.00	17280.00	30706.25	550676.75	550676.75	0.00	0.00	0.00	0.00	3.38	0.00	0.12
227	25.00	52.00	867.00	17280.00	30706.25	550676.75	550676.75	0.00	0.00	0.00	0.00	5.53	0.00	0.12
228	26.00	52.00	867.00	17280.00	30706.25	550676.75	550676.75	0.00	0.00	0.00	0.00	5.46	0.00	0.12
229	27.00	52.00	867.00	17280.00	30706.25	550676.75	550676.75	0.00	0.00	0.00	0.00	5.39	0.00	0.12
230	28.00	52.00	867.00	17280.00	30706.25	550676.75	550676.75	0.00	0.00	0.00	0.00	5.32	0.00	0.12
231	29.00	52.00	867.00	17280.00	30706.25	550676.75	550676.75	0.00	0.00	0.00	0.00	5.25	0.00	0.12
232	30.00	52.00	867.00	17280.00	30706.25	550676.75	550676.75	0.00	0.00	0.00	0.00	5.19	0.00	0.12
233	30.00	53.00	867.00	17280.00	30706.25	550676.75	550676.75	0.00	0.00	0.00	0.00	5.26	0.00	0.12
234	31.00	53.00	867.00	17280.00	30706.25	550676.75	550676.75	0.00	0.00	0.00	0.00	5.20	0.00	0.12
235	32.00	53.00	867.00	17280.00	30706.25	550676.75	550676.75	0.00	0.00	0.00	0.00	5.14	0.00	0.12
236	32.00	54.00	867.00	17280.00	30706.25	550676.75	550676.75	0.00	0.00	0.00	0.00	5.21	0.00	0.12
237	33.00	54.00	867.00	17280.00	30706.25	550676.75	550676.75	0.00	0.00	0.00	0.00	5.15	0.00	0.12
238	34.00	54.00	867.00	17280.00	30706.25	550676.75	550676.75	0.00	0.00	0.00	0.00	5.10	0.00	0.12
239	35.00	54.00	867.00	17280.00	30706.25	550676.75	550676.75	0.00	0.00	0.00	0.00	5.04	0.00	0.12
240	36.00	54.00	867.00	17280.00	30706.25	550676.75	550676.75	0.00	0.00	0.00	0.00	4.98	0.00	0.12
241	37.00	54.00	867.00	17280.00	30706.25	550676.75	550676.75	0.00	0.00	0.00	0.00	4.93	0.00	0.12
242	38.00	54.00	867.00	17280.00	30706.25	550676.75	550676.75	0.00	0.00	0.00	0.00	4.87	0.00	0.12
243	39.00	54.00	867.00	17280.00	30706.25	550676.75	550676.75	0.00	0.00	0.00	0.00	4.82	0.00	0.12
244	40.00	54.00	867.00	17280.00	30706.25	550676.75	550676.75	0.00	0.00	0.00	0.00	4.77	0.00	0.12
245	41.00	54.00	867.00	17280.00	30706.25	550676.75	550676.75	0.00	0.00	0.00	0.00	4.72	0.00	0.12
246	41.00	55.00	867.00	17280.00	30706.25	550676.75	550676.75	0.00	0.00	0.00	0.00	4.79	0.00	0.12
247	41.00	56.00	867.00	17280.00	30706.25	550676.75	550676.75	0.00	0.00	0.00	0.00	4.77	0.00	0.12
248	42.00	56.00	867.00	17280.00	30706.25	550676.75	550676.75	0.00	0.00	0.00	0.00	4.72	0.00	0.12
249	43.00	56.00	867.00	17280.00	30706.25	550676.75	550676.75	0.00	0.00	0.00	0.00	4.67	0.00	0.12
250	44.00	56.00	867.00	17280.00	30706.25	550676.75	550676.75	0.00	0.00	0.00	0.00	4.63	0.00	0.12
251	45.00	56.00	867.00	17280.00	30706.25	550676.75	550676.75	0.00	0.00	0.00	0.00	4.58	0.00	0.12
252	46.00	56.00	867.00	17280.00	30706.25	550676.75	550676.75	0.00	0.00	0.00	0.00	4.54	0.00	0.12
253	47.00	56.00	867.00	17280.00	30706.25	550676.75	550676.75	0.00	0.00	0.00	0.00	4.49	0.00	0.12
254	48.00	56.00	867.00	17280.00	30706.25	550676.75	550676.75	0.00	0.00	0.00	0.00	4.45	0.00	0.12
255	49.00	56.00	867.00	17280.00	30706.25	550676.75	550676.75	0.00	0.00	0.00	0.00	4.41	0.00	0.12
256	50.00	56.00	867.00	17280.00	30706.25	550676.75	550676.75	0.00	0.00	0.00	0.00	4.36	0.00	0.12
257	51.00	56.00	867.00	17280.00	30706.25	550676.75	550676.75	0.00	0.00	0.00	0.00	4.32	0.00	0.12
258	52.00	56.00	867.00	17280.00	30706.25	550676.75	550676.75	0.00	0.00	0.00	0.00	4.28	0.00	0.12
259	53.00	56.00	867.00	17280.00	30706.25	550676.75	550676.75	0.00	0.00	0.00	0.00	4.24	0.00	0.12
260	54.00	56.00	867.00	17280.00	30706.25	550676.75	550676.75	0.00	0.00	0.00	0.00	4.21	0.00	0.12
261	54.00	57.00	867.00	17280.00	30706.25	550676.75	550676.75	0.00	0.00	0.00	0.00	4.27	0.00	0.12
262	55.00	57.00	867.00	17280.00	30706.25	550676.75	550676.75	0.00	0.00	0.00	0.00	4.23	0.00	0.12
263	55.00	58.00	867.00	17280.00	30706.25	550676.75	550676.75	0.00	0.00	0.00	0.00	4.22	0.00	0.12
264	56.00	58.00	867.00	17280.00	30706.25	550676.75	550676.75	0.00	0.00	0.00	0.00	4.18	0.00	0.12
265	57.00	58.00	867.00	17280.00	30706.25	550676.75	550676.75	0.00	0.00	0.00	0.00	4.15	0.00	0.12
266	58.00	58.00	867.00	17280.00	30706.25	550676.75	550676.75	0.00	0.00	0.00	0.00	4.11	0.00	0.12
267	59.00	58.00	867.00	17280.00	30706.25	550676.75	550676.75	0.00	0.00	0.00	0.00	4.08	0.00	0.12
268	60.00	58.00	867.00	17280.00	30706.25	550676.75	550676.75	0.00	0.00	0.00	0.00	4.04	0.00	0.12
269	61.00	58.00	867.00	17280.00	30706.25	550676.75	550676.75	0.00	0.00	0.00	0.00	4.01	0.00	0.12
270	62.00	58.00	867.00	17280.00	30706.25	550676.75	550676.75	0.00	0.00	0.00	0.00	3.97	0.00	0.12
271	63.00	58.00	867.00	17280.00	30706.25	550676.75	550676.75	0.00	0.00	0.00	0.00	3.94	0.00	0.12
272	64.00	58.00	867.00	17280.00	30706.25	550676.75	550676.75	0.00	0.00	0.00	0.00	3.91	0.00	0.12
273	65.00	58.00	867.00	17280.00	30706.25	550676.75	550676.75	0.00	0.00	0.00	0.00	3.88	0.00	0.12
274	66.00	58.00	867.00	17280.00	30706.25	550676.75	550676.75	0.00	0.00	0.00	0.00	3.85	0.00	0.12
275	67.00	58.00	867.00	17280.00	30706.25	550676.75	550676.75	0.00	0.00	0.00	0.00	3.81	0.00	0.12
276	68.00	58.00	867.00	17280.00	30706.25	550676.75	550676.75	0.00	0.00	0.00	0.00	3.78	0.00	0.12
277	69.00	58.00	867.00	17280.00	30706.25	550676.75	550676.75	0.00	0.00	0.00	0.00	3.75	0.00	0.12
278	70.00	58.00	867.00	17280.00	30706.25	550676.75	550676.75	0.00	0.00	0.00	0.00	3.73	0.00	0.12
279	71.00	58.00	867.00	17280.00	30706.25	550676.75	550676.75	0.00	0.00	0.00	0.00	3.70	0.00	0.12
280	72.00	58.00	867.00	17280.00	30706.25	550676.75	550676.75	0.00	0.00	0.00	0.00	3.67	0.00	0.12
281	73.00	58.00	867.00	17280.00	30706.25	550676.75	550676.75	0.00	0.00	0.00	0.00	3.64	0.00	0.12
282	74.00	58.00	867.00	17280.00	30706.25	550676.75	550676.75	0.00	0.00	0.00	0.00	3.61	0.00	0.12
283	74.00	59.00	867.00	17280.00	30706.25	550676.75	550676.75	0.00	0.00	0.00	0.00	3.61	0.00	0.12
284	25.00	59.00	867.00	17280.00	30706.25	550676.75	550676.75	0.00	0.00	0.00	0.00	5.71	0.00	0.12
285	26.00	59.00	867.00	17280.00	30706.25	550676.75	550676.75	0.00	0.00	0.00	0.00	5.64	0.00	0.12
286	27.00	59.00	867.00	17280.00	30706.25	550676.75	550676.75	0.00	0.00	0.00	0.00	5.58	0.00	0.12
287	28.00	59.00	867.00	17280.00	30706.25	550676.75	550676.75	0.00	0.00	0.00	0.00	5.51	0.00	0.12
288	29.00	59.00	867.00	17280.00	30706.25	550676.75	550676.75	0.00	0.00	0.00	0.00	5.45	0.00	0.12
289	30.00	59.00	867.00	17280.00	30706.25	550676.75	550676.75	0.00	0.00	0.00	0.00	5.39	0.00	0.12
290	31.00	59.00	867.00	17280.00	30706.25	550676.75	550676.75	0.00	0.00	0.00	0.00	5.33	0.00	0.12
291	32.00	59.00	867.00	17280.00	30706.25	550676.75	550676.75	0.00	0.00	0.00	0.00	5.27	0.00	0.12
292	32.00	60.00	867.00	17280.00	30706.25	550676.75	550676.75	0.00	0.00	0.00	0.00	5.24	0.00	0.12
293	33.00	60.00	867.00	17280.00	30706.25	550676.75	550676.75	0.00	0.00	0.00	0.00	5.19	0.00	0.12
294	33.00	61.00	867.00	17280.00	30706.25	550676.75	550676.75	0.00	0.00	0.00	0.00	5.25	0.00	0.12
295	34.00	61.00	867.00	17280.00	30706.25	550676.75	550676.75	0.00	0.00	0.00	0.00	5.20	0.00	0.12
296	35.00	61.00	867.00	17280.00	30706.25	550676.75	550676.75	0.00	0.00	0.00	0.00	5.14	0.00	0.12
297	36.00	61.00	867.00	17280.00	30706.25	550676.75	550676.75	0.00	0.00	0.00	0.00	5.09	0.00	0.12
298	36.00	62.00	867.00	17280.00	30706.25	550676.75	550676.75	0.00	0.00	0.00	0.00	5.16	0.00	0.12
299	37.00	62.00	867.00	17280.00	30706.25	550676.75	550676.75	0.00	0.00	0.00	0.00	5.10	0.00	0.12
300	38.00	62.00	867.00	17280.00	30706.25	550676.75	550676.75	0.00	0.00	0.00	0.00	5.05	0.00	0.12
301	39.00	62.00	736.95	20736.00	26100.31	550676.75	550676.75	0.00	0.00	0.00	0.00	5.00	0.00	0.12
302	40.00	62.00	736.95	20736.00	26100.31	550676.75	550676.75	0.00	0.00	0.00	0.00	4.95	0.00	0.12
303	41.00	62.00	736.95	20736.00	26100.31	550676.75	550676.75	0.00	0.00	0.00	0.00	4.91	0.00	0.12
304	42.00	62.00	736.95	20736.00	26100.31	550676.75	550676.75	0.00	0.00	0.00	0.00	4.86	0.00	0.12
305	42.00	63.00	736.95	20736.00	26100.31	550676.75	550676.75	0.00	0.00	0.00	0.00	4.84	0.00	0.12
306	43.00	63.00	736.95	20736.00	26100.31	550676.75	550676.75	0.00	0.00	0.00	0.00	4.79	0.00	0.12
307	44.00	63.00	736.95	20736.00	26100.31	548252.89	548252.89	0.00	0.00	0.00	0.00	4.75	0.00	0.12
308	45.00	63.00	736.95	20736.00	26100.31	548252.89	548252.89	0.00	0.00	0.00	0.00	4.71	0.00	0.12
309	45.00	64.00	736.95	20736.00	26100.31	548252.89	548252.89	0.00	0.00	0.00	0.00	4.77	0.00	0.12
310	46.00	64.00	736.95	20736.00	26100.31	548252.89	548252.89	0.00	0.00	0.00	0.00	4.72	0.00	0.12
311	47.00	64.00	736.95	20736.00	26100.31	548252.89	548252.89	0.00	0.00	0.00	0.00	4.68	0.00	0.12
312	48.00	64.00	736.95	20736.00	26100.31	548252.89	548252.89	0.00	0.00	0.00	0.00	4.64	0.00	0.12
313	49.00	64.00	736.95	20736.00	26100.31	548252.89	548252.89	0.00	0.00	0.00	0.00	4.60	0.00	0.12
314	49.00	65.00	736.95	20736.00	26100.31	548252.89	548252.89	0.00	0.00	0.00	0.00	4.66	0.00	0.12
315	50.00	65.00	736.95	20736.00	26100.31	548252.89	548252.89	0.00	0.00	0.00	0.00	4.62	0.00	0.12
316	51.00	65.00	736.95	20736.00	26100.31	548252.89	548252.89	0.00	0.00	0.00	0.00	4.58	0.00	0.12
317	52.00	65.00	736.95	20736.00	26100.31	548252.89	548252.89	0.00	0.00	0.00	0.00	4.54	0.00	0.12
318	52.00	66.00	736.95	20736.00	26100.31	548252.89	548252.89	0.00	0.00	0.00	0.00	4.60	0.00	0.12
319	53.00	66.00	736.95	20736.00	26100.31	548252.89	548252.89	0.00	0.00	0.00	0.00	4.56	0.00	0.12
320	54.00	66.00	736.95	20736.00	26100.31	548252.89	548252.89	0.00	0.00	0.00	0.00	4.52	0.00	0.12
321	55.00	66.00	736.95	20736.00	26100.31	548252.89	548252.89	0.00	0.00	0.00	0.00	4.48	0.00	0.12
322	56.00	66.00	736.95	20736.00	26100.31	548252.89	548252.89	0.00	0.00	0.00	0.00	4.45	0.00	0.12
323	56.00	67.00	736.95	20736.00	26100.31	548252.89	548252.89	0.00	0.00	0.00	0.00	4.43	0.00	0.12
324	57.00	67.00	736.95	20736.00	26100.31	548252.89	548252.89	0.00	0.00	0.00	0.00	4.40	0.00	0.12
325	57.00	68.00	736.95	20736.00	26100.31	548252.89	548252.89	0.00	0.00	0.00	0.00	4.54	0.00	0.12
326	58.00	68.00	736.95	20736.00	26100.31	548252.89	548252.89	0.00	0.00	0.00	0.00	4.51	0.00	0.12
327	59.00	68.00	736.95	20736.00	26100.31	548252.89	548252.89	0.00	0.00	0.00	0.00	4.47	0.00	0.12
328	60.00	68.00	736.95	20736.00	26100.31	548252.89	548252.89	0.00	0.00	0.00	0.00	4.44	0.00	0.12
329	61.00	68.00	736.95	20736.00	26100.31	548252.89	548252.89	0.00	0.00	0.00	0.00	4.40	0.00	0.12
330	62.00	68.00	736.95	20736.00	26100.31	548252.89	548252.89	0.00	0.00	0.00	0.00	4.37	0.00	0.12
331	63.00	68.00	736.95	20736.00	26100.31	548252.89	548252.89	0.00	0.00	0.00	0.00	4.34	0.00	0.12
332	64.00	68.00	736.95	20736.00	26100.31	548252.89	548252.89	0.00	0.00	0.00	0.00	4.30	0.00	0.12
333	65.00	68.00	736.95	20736.00	26100.31	548252.89	548252.89	0.00	0.00	0.00	0.00	4.27	0.00	0.12
334	66.00	68.00	736.95	20736.00	26100.31	548252.89	548252.89	0.00	0.00	0.00	0.00	4.24	0.00	0.12
335	67.00	68.00	736.95	20736.00	26100.31	548252.89	548252.89	0.00	0.00	0.00	0.00	4.21	0.00	0.12
336	68.00	68.00	736.95	20736.00	26100.31	548252.89	548252.89	0.00	0.00	0.00	0.00	4.18	0.00	0.12
337	69.00	68.00	736.95	20736.00	26100.31	548252.89	548252.89	0.00	0.00	0.00	0.00	4.15	0.00	0.12
338	69.00	69.00	736.95	20736.00	26100.31	548252.89	548252.89	0.00	0.00	0.00	0.00	4.20	0.00	0.12
339	70.00	69.00	736.95	20736.00	26100.31	548252.89	548252.89	0.00	0.00	0.00	0.00	4.17	0.00	0.12
340	71.00	69.00	736.95	20736.00	26100.31	548252.89	548252.89	0.00	0.00	0.00	0.00	4.14	0.00	0.12
341	72.00	69.00	736.95	20736.00	26100.31	548252.89	548252.89	0.00	0.00	0.00	0.00	4.11	0.00	0.12
342	73.00	69.00	736.95	20736.00	26100.31	548252.89	548252.89	0.00	0.00	0.00	0.00	4.08	0.00	0.12
343	74.00	69.00	736.95	20736.00	26100.31	548252.89	548252.89	0.00	0.00	0.00	0.00	4.05	0.00	0.12
344	25.00	69.00	736.95	20736.00	26100.31	548252.89	548252.89	0.00	0.00	0.00	0.00	6.16	0.00	0.12
345	26.00	69.00	736.95	20736.00	26100.31	548252.89	548252.89	0.00	0.00	0.00	0.00	6.10	0.00	0.12
346	27.00	69.00	736.95	20736.00	26100.31	548252.89	548252.89	0.00	0.00	0.00	0.00	6.04	0.00	0.12
347	28.00	69.00	736.95	20736.00	26100.31	548252.89	548252.89	0.00	0.00	0.00	0.00	5.97	0.00	0.12
348	29.00	69.00	736.95	20736.00	26100.31	548252.89	548252.89	0.00	0.00	0.00	0.00	5.91	0.00	0.12
349	30.00	69.00	736.95	20736.00	26100.31	548252.89	548252.89	0.00	0.00	0.00	0.00	5.85	0.00	0.12
350	30.00	70.00	736.95	20736.00	26100.31	548252.89	548252.89	0.00	0.00	0.00	0.00	5.82	0.00	0.12
351	31.00	70.00	736.95	20736.00	26100.31	548252.89	548252.89	0.00	0.00	0.00	0.00	5.77	0.00	0.12
352	32.00	70.00	736.95	20736.00	26100.31	548252.89	548252.89	0.00	0.00	0.00	0.00	5.71	0.00	0.12
353	33.00	70.00	736.95	20736.00	26100.31	548252.89	548252.89	0.00	0.00	0.00	0.00	5.65	0.00	0.12
354	33.00	71.00	736.95	20736.00	26100.31	548252.89	548252.89	0.00	0.00	0.00	0.00	5.63	0.00	0.12
355	34.00	71.00	736.95	20736.00	26100.31	548252.89	548252.89	0.00	0.00	0.00	0.00	5.57	0.00	0.12
356	35.00	71.00	736.95	20736.00	26100.31	548252.89	548252.89	0.00	0.00	0.00	0.00	5.52	0.00	0.12
357	36.00	71.00	736.95	20736.00	26100.31	548252.89	548252.89	0.00	0.00	0.00	0.00	5.47	0.00	0.12
358	37.00	71.00	736.95	20736.00	26100.31	548252.89	548252.89	0.00	0.00	0.00	0.00	5.42	0.00	0.12
359	38.00	71.00	736.95	20736.00	26100.31	548252.89	548252.89	0.00	0.00	0.00	0.00	5.37	0.00	0.12
360	38.00	72.00	736.95	20736.00	26100.31	548252.89	548252.89	0.00	0.00	0.00	0.00	5.42	0.00	0.12
361	39.00	72.00	736.95	20736.00	26100.31	548252.89	548252.89	0.00	0.00	0.00	0.00	5.37	0.00	0.12
362	40.00	72.00	736.95	20736.00	26100.31	548252.89	548252.89	0.00	0.00	0.00	0.00	5.33	0.00	0.12
363	40.00	73.00	736.95	20736.00	26100.31	548252.89	548252.89	0.00	0.00	0.00	0.00	5.40	0.00	0.12
364	41.00	73.00	736.95	20736.00	26100.31	548252.89	548252.89	0.00	0.00	0.00	0.00	5.36	0.00	0.12
365	42.00	73.00	736.95	20736.00	26100.31	548252.89	548252.89	0.00	0.00	0.00	0.00	5.31	0.00	0.12
366	43.00	73.00	736.95	20736.00	26100.31	548252.89	548252.89	0.00	0.00	0.00	0.00	5.27	0.00	0.12
367	44.00	73.00	736.95	20736.00	26100.31	548252.89	548252.89	0.00	0.00	0.00	0.00	5.22	0.00	0.12
368	45.00	73.00	736.95	20736.00	26100.31	548252.89	548252.89	0.00	0.00	0.00	0.00	5.18	0.00	0.12
369	45.00	74.00	736.95	20736.00	26100.31	548252.89	548252.89	0.00	0.00	0.00	0.00	5.23	0.00	0.12
370	46.00	74.00	736.95	20736.00	26100.31	548252.89	548252.89	0.00	0.00	0.00	0.00	5.18	0.00	0.12
371	46.00	25.00	736.95	20736.00	26100.31	548252.89	548252.89	0.00	0.00	0.00	0.00	1.96	0.00	0.12
372	47.00	25.00	736.95	20736.00	26100.31	548252.89	548252.89	0.00	0.00	0.00	0.00	1.94	0.00	0.12
373	48.00	25.00	736.95	20736.00	26100.31	548252.89	548252.89	0.00	0.00	0.00	0.00	1.91	0.00	0.12
374	49.00	25.00	736.95	20736.00	26100.31	548252.89	548252.89	0.00	0.00	0.00	0.00	1.88	0.00	0.12
375	50.00	25.00	736.95	20736.00	26100.31	548252.89	548252.89	0.00	0.00	0.00	0.00	1.86	0.00	0.12
376	51.00	25.00	736.95	20736.00	26100.31	548252.89	548252.89	0.00	0.00	0.00	0.00	1.83	0.00	0.12
377	52.00	25.00	736.95	20736.00	26100.31	548252.89	548252.89	0.00	0.00	0.00	0.00	1.81	0.00	0.12
378	53.00	25.00	736.95	20736.00	26100.31	548252.89	548252.89	0.00	0.00	0.00	0.00	1.79	0.00	0.12
379	54.00	25.00	736.95	20736.00	26100.31	548252.89	548252.89	0.00	0.00	0.00	0.00	1.76	0.00	0.12
380	55.00	25.00	736.95	20736.00	26100.31	548252.89	548252.89	0.00	0.00	0.00	0.00	1.74	0.00	0.12
381	56.00	25.00	736.95	20736.00	26100.31	548252.89	548252.89	0.00	0.00	0.00	0.00	1.72	0.00	0.12
382	57.00	25.00	736.95	20736.00	26100.31	548252.89	548252.89	0.00	0.00	0.00	0.00	1.70	0.00	0.12
383	58.00	25.00	736.95	20736.00	26100.31	548252.89	548252.89	0.00	0.00	0.00	0.00	1.68	0.00	0.12
384	59.00	25.00	736.95	20736.00	26100.31	548252.89	548252.89	0.00	0.00	0.00	0.00	1.66	0.00	0.12
385	60.00	25.00	736.95	20736.00	26100.31	548252.89	548252.89	0.00	0.00	0.00	0.00	1.64	0.00	0.12
386	60.00	26.00	736.95	20736.00	26100.31	548252.89	548252.89	0.00	0.00	0.00	0.00	1.65	0.00	0.12
387	61.00	26.00	736.95	20736.00	26100.31	548252.89	548252.89	0.00	0.00	0.00	0.00	1.63	0.00	0.12
388	62.00	26.00	736.95	20736.00	26100.31	548252.89	548252.89	0.00	0.00	0.00	0.00	1.62	0.00	0.12
389	63.00	26.00	736.95	20736.00	26100.31	548252.89	548252.89	0.00	0.00	0.00	0.00	1.60	0.00	0.12
390	64.00	26.00	736.95	20736.00	26100.31	548252.89	548252.89	0.00	0.00	0.00	0.00	1.58	0.00	0.12
391	64.00	27.00	736.95	20736.00	26100.31	548252.89	548252.89	0.00	0.00	0.00	0.00	1.69	0.00	0.12
392	64.00	28.00	736.95	20736.00	26100.31	548252.89	548252.89	0.00	0.00	0.00	0.00	1.70	0.00	0.12
393	65.00	28.00	736.95	20736.00	26100.31	548252.89	548252.89	0.00	0.00	0.00	0.00	1.68	0.00	0.12
394	66.00	28.00	736.95	20736.00	26100.31	548252.89	548252.89	0.00	0.00	0.00	0.00	1.66	0.00	0.12
395	67.00	28.00	736.95	20736.00	26100.31	548252.89	548252.89	0.00	0.00	0.00	0.00	1.65	0.00	0.12
396	68.00	28.00	736.95	20736.00	26100.31	548252.89	548252.89	0.00	0.00	0.00	0.00	1.63	0.00	0.12
397	69.00	28.00	736.95	20736.00	26100.31	548252.89	548252.89	0.00	0.00	0.00	0.00	1.61	0.00	0.12
398	70.00	28.00	736.95	20736.00	26100.31	548252.89	548252.89	0.00	0.00	0.00	0.00	1.60	0.00	0.12
399	71.00	28.00	736.95	20736.00	26100.31	548252.89	548252.89	0.00	0.00	0.00	0.00	1.58	0.00	0.12
400	72.00	28.00	736.95	20736.00	26100.31	548252.89	548252.89	0.00	0.00	0.00	0.00	1.56	0.00	0.12
401	73.00	28.00	626.41	24883.20	22185.27	548252.89	548252.89	0.00	0.00	0.00	0.00	1.55	0.00	0.12
402	74.00	28.00	626.41	24883.20	22185.27	548252.89	548252.89	0.00	0.00	0.00	0.00	1.53	0.00	0.12
403	25.00	28.00	626.41	24883.20	22185.27	548252.89	548252.89	0.00	0.00	0.00	0.00	2.95	0.00	0.12
404	26.00	28.00	626.41	24883.20	22185.27	548252.89	548252.89	0.00	0.00	0.00	0.00	2.90	0.00	0.12
405	27.00	28.00	626.41	24883.20	22185.27	548252.89	548252.89	0.00	0.00	0.00	0.00	2.84	0.00	0.12
406	28.00	28.00	626.41	24883.20	22185.27	548252.89	548252.89	0.00	0.00	0.00	0.00	2.79	0.00	0.12
407	29.00	28.00	626.41	24883.20	22185.27	548252.89	548252.89	0.00	0.00	0.00	0.00	2.74	0.00	0.12
408	30.00	28.00	626.41	24883.20	22185.27	548252.89	548252.89	0.00	0.00	0.00	0.00	2.70	0.00	0.12
409	31.00	28.00	626.41	24883.20	22185.27	548252.89	548252.89	0.00	0.00	0.00	0.00	2.65	0.00	0.12
410	32.00	28.00	626.41	24883.20	22185.27	548252.89	548252.89	0.00	0.00	0.00	0.00	2.61	0.00	0.12
411	33.00	28.00	626.41	24883.20	22185.27	548252.89	548252.89	0.00	0.00	0.00	0.00	2.56	0.00	0.12
412	34.00	28.00	626.41	24883.20	22185.27	548252.89	548252.89	0.00	0.00	0.00	0.00	2.52	0.00	0.12
413	35.00	28.00	626.41	24883.20	22185.27	548252.89	548252.89	0.00	0.00	0.00	0.00	2.48	0.00	0.12
414	36.00	28.00	626.41	24883.20	22185.27	548252.89	548252.89	0.00	0.00	0.00	0.00	2.44	0.00	0.12
415	36.00	29.00	626.41	24883.20	22185.27	548252.89	548252.89	0.00	0.00	0.00	0.00	2.76	0.00	0.12
416	37.00	29.00	626.41	24883.20	22185.27	548252.89	548252.89	0.00	0.00	0.00	0.00	2.72	0.00	0.12
417	38.00	29.00	626.41	24883.20	22185.27	548252.89	548252.89	0.00	0.00	0.00	0.00	2.68	0.00	0.12
418	39.00	29.00	626.41	24883.20	22185.27	548252.89	548252.89	0.00	0.00	0.00	0.00	2.64	0.00	0.12
419	40.00	29.00	626.41	24883.20	22185.27	548252.89	548252.89	0.00	0.00	0.00	0.00	2.60	0.00	0.12
420	41.00	29.00	626.41	24883.20	22185.27	548252.89	548252.89	0.00	0.00	0.00	0.00	2.56	0.00	0.12
421	42.00	29.00	626.41	24883.20	22185.27	548252.89	548252.89	0.00	0.00	0.00	0.00	2.53	0.00	0.12
422	43.00	29.00	626.41	24883.20	22185.27	548252.89	548252.89	0.00	0.00	0.00	0.00	2.49	0.00	0.12
423	44.00	29.00	626.41	24883.20	22185.27	548252.89	548252.89	0.00	0.00	0.00	0.00	2.46	0.00	0.12
424	45.00	29.00	626.41	24883.20	22185.27	548252.89	548252.89	0.00	0.00	0.00	0.00	2.42	0.00	0.12
425	46.00	29.00	626.41	24883.20	22185.27	548252.89	548252.89	0.00	0.00	0.00	0.00	2.39	0.00	0.12
426	47.00	29.00	626.41	24883.20	22185.27	548252.89	548252.89	0.00	0.00	0.00	0.00	2.36	0.00	0.12
427	48.00	29.00	626.41	24883.20	22185.27	548252.89	548252.89	0.00	0.00	0.00	0.00	2.33	0.00	0.12
428	49.00	29.00	626.41	24883.20	22185.27	548252.89	548252.89	0.00	0.00	0.00	0.00	2.30	0.00	0.12
429	50.00	29.00	626.41	24883.20	22185.27	548252.89	548252.89	0.00	0.00	0.00	0.00	2.27	0.00	0.12
430	51.00	29.00	626.41	24883.20	22185.27	548252.89	548252.89	0.00	0.00	0.00	0.00	2.24	0.00	0.12
431	52.00	29.00	626.41	24883.20	22185.27	548252.89	548252.89	0.00	0.00	0.00	0.00	2.21	0.00	0.12
432	53.00	29.00	626.41	24883.20	22185.27	548252.89	548252.89	0.00	0.00	0.00	0.00	2.19	0.00	0.12
433	54.00	29.00	626.41	24883.20	22185.27	548252.89	548252.89	0.00	0.00	0.00	0.00	2.16	0.00	0.12
434	55.00	29.00	626.41	24883.20	22185.27	548252.89	548252.89	0.00	0.00	0.00	0.00	2.13	0.00	0.12
435	56.00	29.00	626.41	24883.20	22185.27	548252.89	548252.89	0.00	0.00	0.00	0.00	2.11	0.00	0.12
436	57.00	29.00	626.41	24883.20	22185.27	548252.89	548252.89	0.00	0.00	0.00	0.00	2.08	0.00	0.12
437	58.00	29.00	626.41	24883.20	22185.27	548252.89	548252.89	0.00	0.00	0.00	0.00	2.06	0.00	0.12
438	59.00	29.00	626.41	24883.20	22185.27	548252.89	548252.89	0.00	0.00	0.00	0.00	2.04	0.00	0.12
439	59.00	30.00	626.41	24883.20	22185.27	548252.89	548252.89	0.00	0.00	0.00	0.00	2.05	0.00	0.12
440	60.00	30.00	626.41	24883.20	22185.27	548252.89	548252.89	0.00	0.00	0.00	0.00	2.02	0.00	0.12
441	61.00	30.00	626.41	24883.20	22185.27	548252.89	548252.89	0.00	0.00	0.00	0.00	2.00	0.00	0.12
442	62.00	30.00	626.41	24883.20	22185.27	548252.89	548252.89	0.00	0.00	0.00	0.00	1.98	0.00	0.12
443	63.00	30.00	626.41	24883.20	22185.27	548252.89	548252.89	0.00	0.00	0.00	0.00	1.96	0.00	0.12
444	63.00	31.00	626.41	24883.20	22185.27	548252.89	548252.89	0.00	0.00	0.00	0.00	1.97	0.00	0.12
445	63.00	32.00	626.41	24883.20	22185.27	548252.89	548252.89	0.00	0.00	0.00	0.00	2.07	0.00	0.12
446	64.00	32.00	626.41	24883.20	22185.27	548252.89	548252.89	0.00	0.00	0.00	0.00	2.05	0.00	0.12
447	65.00	32.00	626.41	24883.20	22185.27	548252.89	548252.89	0.00	0.00	0.00	0.00	2.02	0.00	0.12
448	66.00	32.00	626.41	24883.20	22185.27	548252.89	548252.89	0.00	0.00	0.00	0.00	2.00	0.00	0.12
449	67.00	32.00	626.41	24883.20	22185.27	548252.89	548252.89	0.00	0.00	0.00	0.00	1.98	0.00	0.12
450	68.00	32.00	626.41	24883.20	22185.27	548252.89	548252.89	0.00	0.00	0.00	0.00	1.96	0.00	0.12
451	69.00	32.00	626.41	24883.20	22185.27	548252.89	548252.89	0.00	0.00	0.00	0.00	1.94	0.00	0.12
452	70.00	32.00	626.41	24883.20	22185.27	548252.89	548252.89	0.00	0.00	0.00	0.00	1.92	0.00	0.12
453	71.00	32.00	626.41	24883.20	22185.27	548252.89	548252.89	0.00	0.00	0.00	0.00	1.91	0.00	0.12
454	72.00	32.00	626.41	24883.20	22185.27	548252.89	548252.89	0.00	0.00	0.00	0.00	1.89	0.00	0.12
455	73.00	32.00	626.41	24883.20	22185.27	548252.89	548252.89	0.00	0.00	0.00	0.00	1.87	0.00	0.12
456	74.00	32.00	626.41	24883.20	22185.27	548252.89	548252.89	0.00	0.00	0.00	0.00	1.85	0.00	0.12
457	25.00	32.00	626.41	24883.20	22185.27	548252.89	548252.89	0.00	0.00	0.00	0.00	3.44	0.00	0.12
458	26.00	32.00	626.41	24883.20	22185.27	548252.89	548252.89	0.00	0.00	0.00	0.00	3.39	0.00	0.12
459	27.00	32.00	626.41	24883.20	22185.27	548252.89	548252.89	0.00	0.00	0.00	0.00	3.33	0.00	0.12
460	28.00	32.00	626.41	24883.20	22185.27	548252.89	548252.89	0.00	0.00	0.00	0.00	3.27	0.00	0.12
461	29.00	32.00	626.41	24883.20	22185.27	548252.89	548252.89	0.00	0.00	0.00	0.00	3.22	0.00	0.12
462	30.00	32.00	626.41	24883.20	22185.27	548252.89	548252.89	0.00	0.00	0.00	0.00	3.17	0.00	0.12
463	31.00	32.00	626.41	24883.20	22185.27	548252.89	548252.89	0.00	0.00	0.00	0.00	3.12	0.00	0.12
464	32.00	32.00	626.41	24883.20	22185.27	548252.89	548252.89	0.00	0.00	0.00	0.00	3.07	0.00	0.12
465	33.00	32.00	626.41	24883.20	22185.27	548252.89	548252.89	0.00	0.00	0.00	0.00	3.02	0.00	0.12
466	34.00	32.00	626.41	24883.20	22185.27	548252.89	548252.89	0.00	0.00	0.00	0.00	2.97	0.00	0.12
467	35.00	32.00	626.41	24883.20	22185.27	548252.89	548252.89	0.00	0.00	0.00	0.00	2.93	0.00	0.12
468	35.00	33.00	626.41	24883.20	22185.27	548252.89	548252.89	0.00	0.00	0.00	0.00	2.93	0.00	0.12
469	36.00	33.00	626.41	24883.20	22185.27	548252.89	548252.89	0.00	0.00	0.00	0.00	2.89	0.00	0.12
470	37.00	33.00	626.41	24883.20	22185.27	548252.89	548252.89	0.00	0.00	0.00	0.00	2.85	0.00	0.12
471	38.00	33.00	626.41	24883.20	22185.27	548252.89	548252.89	0.00	0.00	0.00	0.00	2.81	0.00	0.12
472	38.00	34.00	626.41	24883.20	22185.27	548252.89	548252.89	0.00	0.00	0.00	0.00	2.92	0.00	0.12
473	39.00	34.00	626.41	24883.20	22185.27	548252.89	548252.89	0.00	0.00	0.00	0.00	2.88	0.00	0.12
474	40.00	34.00	626.41	24883.20	22185.27	548252.89	548252.89	0.00	0.00	0.00	0.00	2.85	0.00	0.12
475	41.00	34.00	626.41	24883.20	22185.27	548252.89	548252.89	0.00	0.00	0.00	0.00	2.81	0.00	0.12
476	42.00	34.00	626.41	24883.20	22185.27	548252.89	548252.89	0.00	0.00	0.00	0.00	2.77	0.00	0.12
477	43.00	34.00	626.41	24883.20	22185.27	548252.89	548252.89	0.00	0.00	0.00	0.00	2.73	0.00	0.12
478	44.00	34.00	626.41	24883.20	22185.27	548252.89	548252.89	0.00	0.00	0.00	0.00	2.70	0.00	0.12
479	45.00	34.00	626.41	24883.20	22185.27	548252.89	548252.89	0.00	0.00	0.00	0.00	2.67	0.00	0.12
480	46.00	34.00	626.41	24883.20	22185.27	548252.89	548252.89	0.00	0.00	0.00	0.00	2.63	0.00	0.12
481	47.00	34.00	626.41	24883.20	22185.27	548252.89	548252.89	0.00	0.00	0.00	0.00	2.60	0.00	0.12
482	48.00	34.00	626.41	24883.20	22185.27	548252.89	548252.89	0.00	0.00	0.00	0.00	2.57	0.00	0.12
483	49.00	34.00	626.41	24883.20	22185.27	548252.89	548252.89	0.00	0.00	0.00	0.00	2.54	0.00	0.12
484	49.00	35.00	626.41	24883.20	22185.27	548252.89	548252.89	0.00	0.00	0.00	0.00	2.54	0.00	0.12
485	50.00	35.00	626.41	24883.20	22185.27	548252.89	548252.89	0.00	0.00	0.00	0.00	2.51	0.00	0.12
486	51.00	35.00	626.41	24883.20	22185.27	548252.89	548252.89	0.00	0.00	0.00	0.00	2.48	0.00	0.12
487	52.00	35.00	626.41	24883.20	22185.27	548252.89	548252.89	0.00	0.00	0.00	0.00	2.45	0.00	0.12
488	53.00	35.00	626.41	24883.20	22185.27	548252.89	548252.89	0.00	0.00	0.00	0.00	2.43	0.00	0.12
489	54.00	35.00	626.41	24883.20	22185.27	548252.89	548252.89	0.00	0.00	0.00	0.00	2.40	0.00	0.12
490	55.00	35.00	626.41	24883.20	22185.27	548252.89	548252.89	0.00	0.00	0.00	0.00	2.37	0.00	0.12
491	56.00	35.00	626.41	24883.20	22185.27	548252.89	548252.89	0.00	0.00	0.00	0.00	2.35	0.00	0.12
492	56.00	36.00	626.41	24883.20	22185.27	548252.89	548252.89	0.00	0.00	0.00	0.00	2.35	0.00	0.12
493	57.00	36.00	626.41	24883.20	22185.27	548252.89	548252.89	0.00	0.00	0.00	0.00	2.33	0.00	0.12
494	58.00	36.00	626.41	24883.20	22185.27	548252.89	548252.89	0.00	0.00	0.00	0.00	2.30	0.00	0.12
495	59.00	36.00	626.41	24883.20	22185.27	548252.89	548252.89	0.00	0.00	0.00	0.00	2.28	0.00	0.12
496	60.00	36.00	626.41	24883.20	22185.27	548252.89	548252.89	0.00	0.00	0.00	0.00	2.25	0.00	0.12
497	60.00	37.00	626.41	24883.20	22185.27	548252.89	548252.89	0.00	0.00	0.00	0.00	2.26	0.00	0.12
498	61.00	37.00	626.41	24883.20	22185.27	548252.89	548252.89	0.00	0.00	0.00	0.00	2.24	0.00	0.12
499	62.00	37.00	626.41	24883.20	22185.27	548252.89	548252.89	0.00	0.00	0.00	0.00	2.21	0.00	0.12
500	63.00	37.00	626.41	24883.20	22185.27	548252.89	548252.89	0.00	0.00	0.00	0.00	2.19	0.00	0.12
501	64.00	37.00	532.45	29859.84	18857.48	548252.89	548252.89	0.00	0.00	0.00	0.00	2.17	0.00	0.12
502	65.00	37.00	532.45	29859.84	18857.48	548252.89	548252.89	0.00	0.00	0.00	0.00	2.15	0.00	0.12
503	66.00	37.00	532.45	29859.84	18857.48	548252.89	548252.89	0.00	0.00	0.00	0.00	2.13	0.00	0.12
504	66.00	38.00	532.45	29859.84	18857.48	548252.89	548252.89	0.00	0.00	0.00	0.00	2.22	0.00	0.12
505	67.00	38.00	532.45	29859.84	18857.48	548252.89	548252.89	0.00	0.00	0.00	0.00	2.20	0.00	0.12
506	68.00	38.00	532.45	29859.84	18857.48	548252.89	548252.89	0.00	0.00	0.00	0.00	2.17	0.00	0.12
507	69.00	38.00	532.45	29859.84	18857.48	548252.89	548252.89	0.00	0.00	0.00	0.00	2.15	0.00	0.12
508	69.00	39.00	532.45	29859.84	18857.48	548252.89	548252.89	0.00	0.00	0.00	0.00	2.16	0.00	0.12
509	70.00	39.00	532.45	29859.84	18857.48	548252.89	548252.89	0.00	0.00	0.00	0.00	2.14	0.00	0.12
510	71.00	39.00	532.45	29859.84	18857.48	548252.89	548252.89	0.00	0.00	0.00	0.00	2.12	0.00	0.12
511	72.00	39.00	532.45	29859.84	18857.48	548252.89	548252.89	0.00	0.00	0.00	0.00	2.10	0.00	0.12
512	73.00	39.00	532.45	29859.84	18857.48	548252.89	548252.89	0.00	0.00	0.00	0.00	2.08	0.00	0.12
513	74.00	39.00	532.45	29859.84	18857.48	548252.89	548252.89	0.00	0.00	0.00	0.00	2.06	0.00	0.12
514	25.00	39.00	532.45	29859.84	18857.48	548252.89	548252.89	0.00	0.00	0.00	0.00	3.65	0.00	0.12
515	25.00	40.00	532.45	29859.84	18857.48	548252.89	548252.89	0.00	0.00	0.00	0.00	3.63	0.00	0.12
516	26.00	40.00	532.45	29859.84	18857.48	548252.89	548252.89	0.00	0.00	0.00	0.00	3.58	0.00	0.12
517	27.00	40.00	532.45	29859.84	18857.48	548252.89	548252.89	0.00	0.00	0.00	0.00	3.52	0.00	0.12
518	28.00	40.00	532.45	29859.84	18857.48	548252.89	548252.89	0.00	0.00	0.00	0.00	3.47	0.00	0.12
519	29.00	40.00	532.45	29859.84	18857.48	548252.89	548252.89	0.00	0.00	0.00	0.00	3.42	0.00	0.12
520	30.00	40.00	532.45	29859.84	18857.48	548252.89	548252.89	0.00	0.00	0.00	0.00	3.37	0.00	0.12
521	31.00	40.00	532.45	29859.84	18857.48	548252.89	548252.89	0.00	0.00	0.00	0.00	3.33	0.00	0.12
522	32.00	40.00	532.45	29859.84	18857.48	548252.89	548252.89	0.00	0.00	0.00	0.00	3.28	0.00	0.12
523	32.00	41.00	532.45	29859.84	18857.48	548252.89	548252.89	0.00	0.00	0.00	0.00	3.27	0.00	0.12
524	32.00	42.00	532.45	29859.84	18857.48	548252.89	548252.89	0.00	0.00	0.00	0.00	3.27	0.00	0.12
525	33.00	42.00	532.45	29859.84	18857.48	548252.89	548252.89	0.00	0.00	0.00	0.00	3.22	0.00	0.12
526	34.00	42.00	532.45	29859.84	18857.48	548252.89	548252.89	0.00	0.00	0.00	0.00	3.18	0.00	0.12
527	35.00	42.00	532.45	29859.84	18857.48	548252.89	548252.89	0.00	0.00	0.00	0.00	3.14	0.00	0.12
528	36.00	42.00	532.45	29859.84	18857.48	548252.89	548252.89	0.00	0.00	0.00	0.00	3.10	0.00	0.12
529	37.00	42.00	532.45	29859.84	18857.48	548252.89	548252.89	0.00	0.00	0.00	0.00	3.06	0.00	0.12
530	38.00	42.00	532.45	29859.84	18857.48	548252.89	548252.89	0.00	0.00	0.00	0.00	3.02	0.00	0.12
531	38.00	43.00	532.45	29859.84	18857.48	548252.89	548252.89	0.00	0.00	0.00	0.00	3.02	0.00	0.12
532	39.00	43.00	532.45	29859.84	18857.48	548252.89	548252.89	0.00	0.00	0.00	0.00	2.98	0.00	0.12
533	40.00	43.00	532.45	29859.84	18857.48	548252.89	548252.89	0.00	0.00	0.00	0.00	2.95	0.00	0.12
534	41.00	43.00	532.45	29859.84	18857.48	548252.89	548252.89	0.00	0.00	0.00	0.00	2.91	0.00	0.12
535	41.00	44.00	532.45	29859.84	18857.48	548252.89	548252.89	0.00	0.00	0.00	0.00	2.91	0.00	0.12
536	42.00	44.00	532.45	29859.84	18857.48	548252.89	548252.89	0.00	0.00	0.00	0.00	2.88	0.00	0.12
537	43.00	44.00	532.45	29859.84	18857.48	548252.89	548252.89	0.00	0.00	0.00	0.00	2.84	0.00	0.12
538	44.00	44.00	532.45	29859.84	18857.48	548252.89	548252.89	0.00	0.00	0.00	0.00	2.81	0.00	0.12
539	44.00	45.00	532.45	29859.84	18857.48	548252.89	548252.89	0.00	0.00	0.00	0.00	2.81	0.00	0.12
540	45.00	45.00	532.45	29859.84	18857.48	548252.89	548252.89	0.00	0.00	0.00	0.00	2.78	0.00	0.12
541	45.00	46.00	532.45	29859.84	18857.48	548252.89	548252.89	0.00	0.00	0.00	0.00	2.78	0.00	0.12
542	46.00	46.00	532.45	29859.84	18857.48	548252.89	548252.89	0.00	0.00	0.00	0.00	2.75	0.00	0.12
543	47.00	46.00	532.45	29859.84	18857.48	548252.89	548252.89	0.00	0.00	0.00	0.00	2.72	0.00	0.12
544	48.00	46.00	532.45	29859.84	18857.48	548252.89	548252.89	0.00	0.00	0.00	0.00	2.69	0.00	0.12
545	49.00	46.00	532.45	29859.84	18857.48	548252.89	548252.89	0.00	0.00	0.00	0.00	2.66	0.00	0.12
546	50.00	46.00	532.45	29859.84	18857.48	548252.89	548252.89	0.00	0.00	0.00	0.00	2.64	0.00	0.12
547	51.00	46.00	532.45	29859.84	18857.48	548252.89	548252.89	0.00	0.00	0.00	0.00	2.61	0.00	0.12
548	52.00	46.00	532.45	29859.84	18857.48	548252.89	548252.89	0.00	0.00	0.00	0.00	2.58	0.00	0.12
549	52.00	47.00	532.45	29859.84	18857.48	548252.89	548252.89	0.00	0.00	0.00	0.00	2.59	0.00	0.12
550	53.00	47.00	532.45	29859.84	18857.48	548252.89	548252.89	0.00	0.00	0.00	0.00	2.56	0.00	0.12
551	54.00	47.00	532.45	29859.84	18857.48	548252.89	548252.89	0.00	0.00	0.00	0.00	2.53	0.00	0.12
552	55.00	47.00	532.45	29859.84	18857.48	548252.89	548252.89	0.00	0.00	0.00	0.00	2.51	0.00	0.12
553	56.00	47.00	532.45	29859.84	18857.48	548252.89	548252.89	0.00	0.00	0.00	0.00	2.49	0.00	0.12
554	57.00	47.00	532.45	29859.84	18857.48	548252.89	548252.89	0.00	0.00	0.00	0.00	2.46	0.00	0.12
555	57.00	48.00	532.45	29859.84	18857.48	548252.89	548252.89	0.00	0.00	0.00	0.00	2.46	0.00	0.12
556	58.00	48.00	532.45	29859.84	18857.48	548252.89	548252.89	0.00	0.00	0.00	0.00	2.44	0.00	0.12
557	59.00	48.00	532.45	29859.84	18857.48	548252.89	548252.89	0.00	0.00	0.00	0.00	2.42	0.00	0.12
558	60.00	48.00	532.45	29859.84	18857.48	548252.89	548252.89	0.00	0.00	0.00	0.00	2.40	0.00	0.12
559	61.00	48.00	532.45	29859.84	18857.48	548252.89	548252.89	0.00	0.00	0.00	0.00	2.37	0.00	0.12
560	62.00	48.00	532.45	29859.84	18857.48	548252.89	548252.89	0.00	0.00	0.00	0.00	2.35	0.00	0.12
561	63.00	48.00	532.45	29859.84	18857.48	548252.89	548252.89	0.00	0.00	0.00	0.00	2.33	0.00	0.12
562	64.00	48.00	532.45	29859.84	18857.48	548252.89	548252.89	0.00	0.00	0.00	0.00	2.31	0.00	0.12
563	65.00	48.00	532.45	29859.84	18857.48	548252.89	548252.89	0.00	0.00	0.00	0.00	2.29	0.00	0.12
564	66.00	48.00	532.45	29859.84	18857.48	548252.89	548252.89	0.00	0.00	0.00	0.00	2.27	0.00	0.12
565	67.00	48.00	532.45	29859.84	18857.48	548252.89	548252.89	0.00	0.00	0.00	0.00	2.25	0.00	0.12
566	68.00	48.00	532.45	29859.84	18857.48	548252.89	548252.89	0.00	0.00	0.00	0.00	2.23	0.00	0.12
567	69.00	48.00	532.45	29859.84	18857.48	548252.89	548252.89	0.00	0.00	0.00	0.00	2.21	0.00	0.12
568	70.00	48.00	532.45	29859.84	18857.48	548252.89	548252.89	0.00	0.00	0.00	0.00	2.19	0.00	0.12
569	71.00	48.00	532.45	29859.84	18857.48	548252.89	548252.89	0.00	0.00	0.00	0.00	2.17	0.00	0.12
570	72.00	48.00	532.45	29859.84	18857.48	548252.89	548252.89	0.00	0.00	0.00	0.00	2.16	0.00	0.12
571	73.00	48.00	532.45	29859.84	18857.48	548252.89	548252.89	0.00	0.00	0.00	0.00	2.14	0.00	0.12
572	74.00	48.00	532.45	29859.84	18857.48	548252.89	548252.89	0.00	0.00	0.00	0.00	2.12	0.00	0.12
573	74.00	49.00	532.45	29859.84	18857.48	548252.89	548252.89	0.00	0.00	0.00	0.00	2.13	0.00	0.12
574	25.00	49.00	532.45	29859.84	18857.48	548252.89	548252.89	0.00	0.00	0.00	0.00	3.54	0.00	0.12
575	26.00	49.00	532.45	29859.84	18857.48	548252.89	548252.89	0.00	0.00	0.00	0.00	3.49	0.00	0.12
576	27.00	49.00	532.45	29859.84	18857.48	548252.89	548252.89	0.00	0.00	0.00	0.00	3.44	0.00	0.12
577	28.00	49.00	532.45	29859.84	18857.48	548252.89	548252.89	0.00	0.00	0.00	0.00	3.40	0.00	0.12
578	29.00	49.00	532.45	29859.84	18857.48	548252.89	548252.89	0.00	0.00	0.00	0.00	3.35	0.00	0.12
579	30.00	49.00	532.45	29859.84	18857.48	548252.89	548252.89	0.00	0.00	0.00	0.00	3.31	0.00	0.12
580	31.00	49.00	532.45	29859.84	18857.48	548252.89	548252.89	0.00	0.00	0.00	0.00	3.27	0.00	0.12
581	31.00	50.00	532.45	29859.84	18857.48	548252.89	548252.89	0.00	0.00	0.00	0.00	3.26	0.00	0.12
582	32.00	50.00	532.45	29859.84	18857.48	548252.89	548252.89	0.00	0.00	0.00	0.00	3.22	0.00	0.12
583	33.00	50.00	532.45	29859.84	18857.48	548252.89	548252.89	0.00	0.00	0.00	0.00	3.19	0.00	0.12
584	34.00	50.00	532.45	29859.84	18857.48	548252.89	548252.89	0.00	0.00	0.00	0.00	3.15	0.00	0.12
585	35.00	50.00	532.45	29859.84	18857.48	548252.89	548252.89	0.00	0.00	0.00	0.00	3.11	0.00	0.12
586	36.00	50.00	532.45	29859.84	18857.48	548252.89	548252.89	0.00	0.00	0.00	0.00	3.07	0.00	0.12
587	37.00	50.00	532.45	29859.84	18857.48	548252.89	548252.89	0.00	0.00	0.00	0.00	3.04	0.00	0.12
588	37.00	51.00	532.45	29859.84	18857.48	548252.89	548252.89	0.00	0.00	0.00	0.00	3.13	0.00	0.12
589	37.00	52.00	532.45	29859.84	18857.48	548252.89	548252.89	0.00	0.00	0.00	0.00	3.23	0.00	0.12
590	38.00	52.00	532.45	29859.84	18857.48	548252.89	548252.89	0.00	0.00	0.00	0.00	3.19	0.00	0.12
591	39.00	52.00	532.45	29859.84	18857.48	548252.89	548252.89	0.00	0.00	0.00	0.00	3.16	0.00	0.12
592	39.00	53.00	532.45	29859.84	18857.48	548252.89	548252.89	0.00	0.00	0.00	0.00	3.25	0.00	0.12
593	39.00	54.00	532.45	29859.84	18857.48	548252.89	548252.89	0.00	0.00	0.00	0.00	3.33	0.00	0.12
594	40.00	54.00	532.45	29859.84	18857.48	548252.89	548252.89	0.00	0.00	0.00	0.00	3.30	0.00	0.12
595	41.00	54.00	532.45	29859.84	18857.48	548252.89	548252.89	0.00	0.00	0.00	0.00	3.26	0.00	0.12
596	42.00	54.00	532.45	29859.84	18857.48	548252.89	548252.89	0.00	0.00	0.00	0.00	3.23	0.00	0.12
597	43.00	54.00	532.45	29859.84	18857.48	548252.89	548252.89	0.00	0.00	0.00	0.00	3.20	0.00	0.12
598	44.00	54.00	532.45	29859.84	18857.48	548252.89	548252.89	0.00	0.00	0.00	0.00	3.16	0.00	0.12
599	45.00	54.00	532.45	29859.84	18857.48	548252.89	548252.89	0.00	0.00	0.00	0.00	3.13	0.00	0.12
600	46.00	54.00	532.45	29859.84	18857.48	548252.89	548252.89	0.00	0.00	0.00	0.00	3.10	0.00	0.12
601	47.00	54.00	452.58	35831.81	16028.85	548252.89	548252.89	0.00	0.00	0.00	0.00	3.07	0.00	0.12
602	48.00	54.00	452.58	35831.81	16028.85	548252.89	548252.89	0.00	0.00	0.00	0.00	3.04	0.00	0.12
603	48.00	55.00	452.58	35831.81	16028.85	548252.89	548252.89	0.00	0.00	0.00	0.00	3.04	0.00	0.12
604	49.00	55.00	452.58	35831.81	16028.85	548252.89	548252.89	0.00	0.00	0.00	0.00	3.01	0.00	0.12
605	50.00	55.00	452.58	35831.81	16028.85	548252.89	548252.89	0.00	0.00	0.00	0.00	2.98	0.00	0.12
606	51.00	55.00	452.58	35831.81	16028.85	548252.89	548252.89	0.00	0.00	0.00	0.00	2.95	0.00	0.12
607	52.00	55.00	452.58	35831.81	16028.85	548252.89	548252.89	0.00	0.00	0.00	0.00	2.92	0.00	0.12
608	53.00	55.00	452.58	35831.81	16028.85	548252.89	548252.89	0.00	0.00	0.00	0.00	2.90	0.00	0.12
609	54.00	55.00	452.58	35831.81	16028.85	548252.89	548252.89	0.00	0.00	0.00	0.00	2.87	0.00	0.12
610	55.00	55.00	452.58	35831.81	16028.85	548252.89	548252.89	0.00	0.00	0.00	0.00	2.84	0.00	0.12
611	56.00	55.00	452.58	35831.81	16028.85	548252.89	548252.89	0.00	0.00	0.00	0.00	2.82	0.00	0.12
612	57.00	55.00	452.58	35831.81	16028.85	548252.89	548252.89	0.00	0.00	0.00	0.00	2.79	0.00	0.12
613	58.00	55.00	452.58	35831.81	16028.85	548252.89	548252.89	0.00	0.00	0.00	0.00	2.77	0.00	0.12
614	59.00	55.00	452.58	35831.81	16028.85	548252.89	548252.89	0.00	0.00	0.00	0.00	2.74	0.00	0.12
615	60.00	55.00	452.58	35831.81	16028.85	548252.89	548252.89	0.00	0.00	0.00	0.00	2.72	0.00	0.12
616	61.00	55.00	452.58	35831.81	16028.85	548252.89	548252.89	0.00	0.00	0.00	0.00	2.70	0.00	0.12
617	62.00	55.00	452.58	35831.81	16028.85	548252.89	548252.89	0.00	0.00	0.00	0.00	2.67	0.00	0.12
618	63.00	55.00	452.58	35831.81	16028.85	548252.89	548252.89	0.00	0.00	0.00	0.00	2.65	0.00	0.12
619	64.00	55.00	452.58	35831.81	16028.85	548252.89	548252.89	0.00	0.00	0.00	0.00	2.63	0.00	0.12
620	64.00	56.00	452.58	35831.81	16028.85	548252.89	548252.89	0.00	0.00	0.00	0.00	2.63	0.00	0.12
621	64.00	57.00	452.58	35831.81	16028.85	548252.89	548252.89	0.00	0.00	0.00	0.00	2.70	0.00	0.12
622	65.00	57.00	452.58	35831.81	16028.85	548252.89	548252.89	0.00	0.00	0.00	0.00	2.68	0.00	0.12
623	66.00	57.00	452.58	35831.81	16028.85	548252.89	548252.89	0.00	0.00	0.00	0.00	2.66	0.00	0.12
624	67.00	57.00	452.58	35831.81	16028.85	548252.89	548252.89	0.00	0.00	0.00	0.00	2.64	0.00	0.12
625	68.00	57.00	452.58	35831.81	16028.85	548252.89	548252.89	0.00	0.00	0.00	0.00	2.62	0.00	0.12
626	69.00	57.00	452.58	35831.81	16028.85	548252.89	548252.89	0.00	0.00	0.00	0.00	2.60	0.00	0.12
627	70.00	57.00	452.58	35831.81	16028.85	548252.89	548252.89	0.00	0.00	0.00	0.00	2.58	0.00	0.12
628	70.00	58.00	452.58	35831.81	16028.85	548252.89	548252.89	0.00	0.00	0.00	0.00	2.58	0.00	0.12
629	70.00	59.00	452.58	35831.81	16028.85	548252.89	548252.89	0.00	0.00	0.00	0.00	2.58	0.00	0.12
630	71.00	59.00	452.58	35831.81	16028.85	548252.89	548252.89	0.00	0.00	0.00	0.00	2.56	0.00	0.12
631	72.00	59.00	452.58	35831.81	16028.85	548252.89	548252.89	0.00	0.00	0.00	0.00	2.54	0.00	0.12
632	72.00	60.00	452.58	35831.81	16028.85	548252.89	548252.89	0.00	0.00	0.00	0.00	2.54	0.00	0.12
633	73.00	60.00	452.58	35831.81	16028.85	548252.89	548252.89	0.00	0.00	0.00	0.00	2.52	0.00	0.12
634	74.00	60.00	452.58	35831.81	16028.85	548252.89	548252.89	0.00	0.00	0.00	0.00	2.50	0.00	0.12
635	25.00	60.00	452.58	35831.81	16028.85	548252.89	548252.89	0.00	0.00	0.00	0.00	3.95	0.00	0.12
636	26.00	60.00	452.58	35831.81	16028.85	548252.89	548252.89	0.00	0.00	0.00	0.00	3.90	0.00	0.12
637	27.00	60.00	452.58	35831.81	16028.85	548252.89	548252.89	0.00	0.00	0.00	0.00	3.86	0.00	0.12
638	28.00	60.00	452.58	35831.81	16028.85	548252.89	548252.89	0.00	0.00	0.00	0.00	3.81	0.00	0.12
639	28.00	61.00	452.58	35831.81	16028.85	548252.89	548252.89	0.00	0.00	0.00	0.00	3.90	0.00	0.12
640	28.00	62.00	452.58	35831.81	16028.85	548252.89	548252.89	0.00	0.00	0.00	0.00	3.89	0.00	0.12
641	29.00	62.00	452.58	35831.81	16028.85	548252.89	548252.89	0.00	0.00	0.00	0.00	3.84	0.00	0.12
642	30.00	62.00	452.58	35831.81	16028.85	548252.89	548252.89	0.00	0.00	0.00	0.00	3.80	0.00	0.12
643	31.00	62.00	452.58	35831.81	16028.85	548252.89	548252.89	0.00	0.00	0.00	0.00	3.76	0.00	0.12
644	32.00	62.00	452.58	35831.81	16028.85	548252.89	548252.89	0.00	0.00	0.00	0.00	3.72	0.00	0.12
645	32.00	63.00	452.58	35831.81	16028.85	548252.89	548252.89	0.00	0.00	0.00	0.00	3.80	0.00	0.12
646	32.00	64.00	452.58	35831.81	16028.85	548252.89	548252.89	0.00	0.00	0.00	0.00	3.88	0.00	0.12
647	33.00	64.00	452.58	35831.81	16028.85	548252.89	548252.89	0.00	0.00	0.00	0.00	3.84	0.00	0.12
648	34.00	64.00	452.58	35831.81	16028.85	548252.89	548252.89	0.00	0.00	0.00	0.00	3.80	0.00	0.12
649	35.00	64.00	452.58	35831.81	16028.85	548252.89	548252.89	0.00	0.00	0.00	0.00	3.76	0.00	0.12
650	35.00	65.00	452.58	35831.81	16028.85	548252.89	548252.89	0.00	0.00	0.00	0.00	3.84	0.00	0.12
651	35.00	66.00	452.58	35831.81	16028.85	548252.89	548252.89	0.00	0.00	0.00	0.00	3.92	0.00	0.12
652	36.00	66.00	452.58	35831.81	16028.85	548252.89	548252.89	0.00	0.00	0.00	0.00	3.88	0.00	0.12
653	37.00	66.00	452.58	35831.81	16028.85	548252.89	548252.89	0.00	0.00	0.00	0.00	3.84	0.00	0.12
654	38.00	66.00	452.58	35831.81	16028.85	548252.89	548252.89	0.00	0.00	0.00	0.00	3.80	0.00	0.12
655	38.00	67.00	452.58	35831.81	16028.85	548252.89	548252.89	0.00	0.00	0.00	0.00	3.88	0.00	0.12
656	39.00	67.00	452.58	35831.81	16028.85	548252.89	548252.89	0.00	0.00	0.00	0.00	3.84	0.00	0.12
657	40.00	67.00	452.58	35831.81	16028.85	548252.89	548252.89	0.00	0.00	0.00	0.00	3.80	0.00	0.12
658	41.00	67.00	452.58	35831.81	16028.85	548252.89	548252.89	0.00	0.00	0.00	0.00	3.77	0.00	0.12
659	42.00	67.00	452.58	35831.81	16028.85	548252.89	548252.89	0.00	0.00	0.00	0.00	3.73	0.00	0.12
660	43.00	67.00	452.58	35831.81	16028.85	548252.89	548252.89	0.00	0.00	0.00	0.00	3.70	0.00	0.12
661	44.00	67.00	452.58	35831.81	16028.85	548252.89	548252.89	0.00	0.00	0.00	0.00	3.67	0.00	0.12
662	45.00	67.00	452.58	35831.81	16028.85	548252.89	548252.89	0.00	0.00	0.00	0.00	3.63	0.00	0.12
663	46.00	67.00	452.58	35831.81	16028.85	548252.89	548252.89	0.00	0.00	0.00	0.00	3.60	0.00	0.12
664	47.00	67.00	452.58	35831.81	16028.85	548252.89	548252.89	0.00	0.00	0.00	0.00	3.57	0.00	0.12
665	48.00	67.00	452.58	35831.81	16028.85	548252.89	548252.89	0.00	0.00	0.00	0.00	3.54	0.00	0.12
666	49.00	67.00	452.58	35831.81	16028.85	548252.89	548252.89	0.00	0.00	0.00	0.00	3.51	0.00	0.12
667	50.00	67.00	452.58	35831.81	16028.85	548252.89	548252.89	0.00	0.00	0.00	0.00	3.48	0.00	0.12
668	50.00	68.00	452.58	35831.81	16028.85	548252.89	548252.89	0.00	0.00	0.00	0.00	3.62	0.00	0.12
669	50.00	69.00	452.58	35831.81	16028.85	548252.89	548252.89	0.00	0.00	0.00	0.00	3.61	0.00	0.12
670	50.00	70.00	452.58	35831.81	16028.85	548252.89	548252.89	0.00	0.00	0.00	0.00	3.67	0.00	0.12
671	51.00	70.00	452.58	35831.81	16028.85	548252.89	548252.89	0.00	0.00	0.00	0.00	3.64	0.00	0.12
672	52.00	70.00	452.58	35831.81	16028.85	548252.89	548252.89	0.00	0.00	0.00	0.00	3.61	0.00	0.12
673	52.00	71.00	452.58	35831.81	16028.85	548252.89	548252.89	0.00	0.00	0.00	0.00	3.68	0.00	0.12
674	53.00	71.00	452.58	35831.81	16028.85	548252.89	548252.89	0.00	0.00	0.00	0.00	3.65	0.00	0.12
675	53.00	72.00	452.58	35831.81	16028.85	548252.89	548252.89	0.00	0.00	0.00	0.00	3.71	0.00	0.12
676	54.00	72.00	452.58	35831.81	16028.85	548252.89	548252.89	0.00	0.00	0.00	0.00	3.68	0.00	0.12
677	55.00	72.00	452.58	35831.81	16028.85	548252.89	548252.89	0.00	0.00	0.00	0.00	3.65	0.00	0.12
678	55.00	73.00	452.58	35831.81	16028.85	548252.89	548252.89	0.00	0.00	0.00	0.00	3.71	0.00	0.12
679	56.00	73.00	452.58	35831.81	16028.85	548252.89	548252.89	0.00	0.00	0.00	0.00	3.68	0.00	0.12
680	57.00	73.00	452.58	35831.81	16028.85	548252.89	548252.89	0.00	0.00	0.00	0.00	3.65	0.00	0.12
681	58.00	73.00	452.58	35831.81	16028.85	548252.89	548252.89	0.00	0.00	0.00	0.00	3.63	0.00	0.12
682	59.00	73.00	452.58	35831.81	16028.85	548252.89	548252.89	0.00	0.00	0.00	0.00	3.60	0.00	0.12
683	60.00	73.00	452.58	35831.81	16028.85	548252.89	548252.89	0.00	0.00	0.00	0.00	3.57	0.00	0.12
684	61.00	73.00	452.58	35831.81	16028.85	548252.89	548252.89	0.00	0.00	0.00	0.00	3.55	0.00	0.12
685	62.00	73.00	452.58	35831.81	16028.85	548252.89	548252.89	0.00	0.00	0.00	0.00	3.52	0.00	0.12
686	63.00	73.00	452.58	35831.81	16028.85	548252.89	548252.89	0.00	0.00	0.00	0.00	3.49	0.00	0.12
687	63.00	74.00	452.58	35831.81	16028.85	548252.89	548252.89	0.00	0.00	0.00	0.00	3.49	0.00	0.12
688	64.00	74.00	452.58	35831.81	16028.85	548252.89	548252.89	0.00	0.00	0.00	0.00	3.46	0.00	0.12
689	65.00	74.00	452.58	35831.81	16028.85	548252.89	548252.89	0.00	0.00	0.00	0.00	3.44	0.00	0.12
690	66.00	74.00	452.58	35831.81	16028.85	548252.89	548252.89	0.00	0.00	0.00	0.00	3.41	0.00	0.12
691	67.00	74.00	452.58	35831.81	16028.85	548252.89	548252.89	0.00	0.00	0.00	0.00	3.39	0.00	0.12
692	68.00	74.00	452.58	35831.81	16028.85	548252.89	548252.89	0.00	0.00	0.00	0.00	3.37	0.00	0.12
693	69.00	74.00	452.58	35831.81	16028.85	548252.89	548252.89	0.00	0.00	0.00	0.00	3.34	0.00	0.12
694	69.00	25.00	452.58	35831.81	16028.85	548252.89	548252.89	0.00	0.00	0.00	0.00	1.57	0.00	0.12
695	69.00	26.00	452.58	35831.81	16028.85	548252.89	548252.89	0.00	0.00	0.00	0.00	1.58	0.00	0.12
696	70.00	26.00	452.58	35831.81	16028.85	548252.89	548252.89	0.00	0.00	0.00	0.00	1.57	0.00	0.12
697	71.00	26.00	452.58	35831.81	16028.85	548252.89	548252.89	0.00	0.00	0.00	0.00	1.55	0.00	0.12
698	72.00	26.00	452.58	35831.81	16028.85	548252.89	548252.89	0.00	0.00	0.00	0.00	1.54	0.00	0.12
699	73.00	26.00	452.58	35831.81	16028.85	548252.89	548252.89	0.00	0.00	0.00	0.00	1.52	0.00	0.12
700	74.00	26.00	452.58	35831.81	16028.85	548252.89	548252.89	0.00	0.00	0.00	0.00	1.51	0.00	0.12
701	25.00	26.00	384.69	42998.17	13624.53	548252.89	548252.89	0.00	0.00	0.00	0.00	2.95	0.00	0.12
702	26.00	26.00	384.69	42998.17	13624.53	548252.89	548252.89	0.00	0.00	0.00	0.00	2.90	0.00	0.12
703	27.00	26.00	384.69	42998.17	13624.53	548252.89	548252.89	0.00	0.00	0.00	0.00	2.84	0.00	0.12
704	27.00	27.00	384.69	42998.17	13624.53	548252.89	548252.89	0.00	0.00	0.00	0.00	2.84	0.00	0.12
705	28.00	27.00	384.69	42998.17	13624.53	548252.89	548252.89	0.00	0.00	0.00	0.00	2.79	0.00	0.12
706	27.00	29.00	384.69	42998.17	13624.53	548252.89	548252.89	0.00	0.00	0.00	0.00	3.30	0.00	0.12
707	28.00	29.00	461.63	51597.80	11580.85	548252.89	548252.89	0.00	0.00	0.00	0.00	3.24	0.00	0.12
708	29.00	29.00	461.63	51597.80	11580.85	548252.89	548252.89	0.00	0.00	0.00	0.00	3.19	0.00	0.12
709	30.00	29.00	461.63	51597.80	11580.85	548252.89	548252.89	0.00	0.00	0.00	0.00	3.13	0.00	0.12
710	31.00	29.00	461.63	51597.80	11580.85	548252.89	548252.89	0.00	0.00	0.00	0.00	3.08	0.00	0.12
711	32.00	29.00	461.63	51597.80	11580.85	548252.89	548252.89	0.00	0.00	0.00	0.00	3.03	0.00	0.12
712	32.00	30.00	461.63	51597.80	11580.85	548252.89	548252.89	0.00	0.00	0.00	0.00	3.16	0.00	0.12
713	33.00	30.00	461.63	51597.80	11580.85	548252.89	548252.89	0.00	0.00	0.00	0.00	3.11	0.00	0.12
714	33.00	31.00	461.63	51597.80	11580.85	548252.89	548252.89	0.00	0.00	0.00	0.00	3.11	0.00	0.12
715	34.00	31.00	461.63	51597.80	11580.85	548252.89	548252.89	0.00	0.00	0.00	0.00	3.06	0.00	0.12
716	35.00	31.00	461.63	51597.80	11580.85	548252.89	548252.89	0.00	0.00	0.00	0.00	3.02	0.00	0.12
717	36.00	31.00	461.63	51597.80	11580.85	548252.89	548252.89	0.00	0.00	0.00	0.00	2.97	0.00	0.12
718	37.00	31.00	461.63	51597.80	11580.85	548252.89	548252.89	0.00	0.00	0.00	0.00	2.93	0.00	0.12
719	38.00	31.00	461.63	51597.80	11580.85	548252.89	548252.89	0.00	0.00	0.00	0.00	2.88	0.00	0.12
720	39.00	31.00	461.63	51597.80	11580.85	548252.89	548252.89	0.00	0.00	0.00	0.00	2.84	0.00	0.12
721	39.00	32.00	461.63	51597.80	11580.85	548252.89	548252.89	0.00	0.00	0.00	0.00	2.96	0.00	0.12
722	40.00	32.00	461.63	51597.80	11580.85	548252.89	548252.89	0.00	0.00	0.00	0.00	2.92	0.00	0.12
723	40.00	33.00	461.63	51597.80	11580.85	548252.89	548252.89	0.00	0.00	0.00	0.00	3.08	0.00	0.12
724	40.00	34.00	461.63	51597.80	11580.85	548252.89	548252.89	0.00	0.00	0.00	0.00	3.19	0.00	0.12
725	41.00	34.00	461.63	51597.80	11580.85	548252.89	548252.89	0.00	0.00	0.00	0.00	3.15	0.00	0.12
726	42.00	34.00	461.63	51597.80	11580.85	548252.89	548252.89	0.00	0.00	0.00	0.00	3.11	0.00	0.12
727	42.00	35.00	461.63	51597.80	11580.85	548252.89	548252.89	0.00	0.00	0.00	0.00	3.10	0.00	0.12
728	43.00	35.00	461.63	51597.80	11580.85	548252.89	548252.89	0.00	0.00	0.00	0.00	3.06	0.00	0.12
729	44.00	35.00	461.63	51597.80	11580.85	548252.89	548252.89	0.00	0.00	0.00	0.00	3.02	0.00	0.12
730	45.00	35.00	461.63	51597.80	11580.85	548252.89	548252.89	0.00	0.00	0.00	0.00	2.99	0.00	0.12
731	46.00	35.00	461.63	51597.80	11580.85	548252.89	548252.89	0.00	0.00	0.00	0.00	2.95	0.00	0.12
732	47.00	35.00	461.63	51597.80	11580.85	548252.89	548252.89	0.00	0.00	0.00	0.00	2.91	0.00	0.12
733	48.00	35.00	461.63	51597.80	11580.85	548252.89	548252.89	0.00	0.00	0.00	0.00	2.88	0.00	0.12
734	49.00	35.00	461.63	51597.80	11580.85	548252.89	548252.89	0.00	0.00	0.00	0.00	2.84	0.00	0.12
735	49.00	36.00	461.63	51597.80	11580.85	548252.89	548252.89	0.00	0.00	0.00	0.00	2.94	0.00	0.12
736	50.00	36.00	461.63	51597.80	11580.85	548252.89	548252.89	0.00	0.00	0.00	0.00	2.91	0.00	0.12
737	51.00	36.00	461.63	51597.80	11580.85	548252.89	548252.89	0.00	0.00	0.00	0.00	2.88	0.00	0.12
738	52.00	36.00	461.63	51597.80	11580.85	548252.89	548252.89	0.00	0.00	0.00	0.00	2.84	0.00	0.12
739	53.00	36.00	461.63	51597.80	11580.85	548252.89	548252.89	0.00	0.00	0.00	0.00	2.81	0.00	0.12
740	53.00	37.00	461.63	51597.80	11580.85	548252.89	548252.89	0.00	0.00	0.00	0.00	2.91	0.00	0.12
741	54.00	37.00	461.63	51597.80	11580.85	548252.89	548252.89	0.00	0.00	0.00	0.00	2.88	0.00	0.12
742	55.00	37.00	461.63	51597.80	11580.85	548252.89	548252.89	0.00	0.00	0.00	0.00	2.84	0.00	0.12
743	56.00	37.00	461.63	51597.80	11580.85	548252.89	548252.89	0.00	0.00	0.00	0.00	2.81	0.00	0.12
744	57.00	37.00	461.63	51597.80	11580.85	548252.89	548252.89	0.00	0.00	0.00	0.00	2.78	0.00	0.12
745	58.00	37.00	461.63	51597.80	11580.85	548252.89	548252.89	0.00	0.00	0.00	0.00	2.76	0.00	0.12
746	58.00	38.00	461.63	51597.80	11580.85	548252.89	548252.89	0.00	0.00	0.00	0.00	2.76	0.00	0.12
747	59.00	38.00	461.63	51597.80	11580.85	548252.89	548252.89	0.00	0.00	0.00	0.00	2.73	0.00	0.12
748	60.00	38.00	461.63	51597.80	11580.85	548252.89	548252.89	0.00	0.00	0.00	0.00	2.70	0.00	0.12
749	61.00	38.00	461.63	51597.80	11580.85	548252.89	548252.89	0.00	0.00	0.00	0.00	2.67	0.00	0.12
750	62.00	38.00	461.63	51597.80	11580.85	548252.89	548252.89	0.00	0.00	0.00	0.00	2.65	0.00	0.12
751	63.00	38.00	461.63	51597.80	11580.85	548252.89	548252.89	0.00	0.00	0.00	0.00	2.62	0.00	0.12
752	64.00	38.00	461.63	51597.80	11580.85	548252.89	548252.89	0.00	0.00	0.00	0.00	2.59	0.00	0.12
753	65.00	38.00	461.63	51597.80	11580.85	548252.89	548252.89	0.00	0.00	0.00	0.00	2.57	0.00	0.12
754	66.00	38.00	461.63	51597.80	11580.85	548252.89	548252.89	0.00	0.00	0.00	0.00	2.54	0.00	0.12
755	66.00	39.00	461.63	51597.80	11580.85	548252.89	548252.89	0.00	0.00	0.00	0.00	2.63	0.00	0.12
756	67.00	39.00	461.63	51597.80	11580.85	548252.89	548252.89	0.00	0.00	0.00	0.00	2.60	0.00	0.12
757	68.00	39.00	461.63	51597.80	11580.85	548252.89	548252.89	0.00	0.00	0.00	0.00	2.58	0.00	0.12
758	69.00	39.00	461.63	51597.80	11580.85	548252.89	548252.89	0.00	0.00	0.00	0.00	2.56	0.00	0.12
759	70.00	39.00	461.63	51597.80	11580.85	548252.89	548252.89	0.00	0.00	0.00	0.00	2.53	0.00	0.12
760	71.00	39.00	461.63	51597.80	11580.85	548252.89	548252.89	0.00	0.00	0.00	0.00	2.51	0.00	0.12
761	72.00	39.00	461.63	51597.80	11580.85	548252.89	548252.89	0.00	0.00	0.00	0.00	2.49	0.00	0.12
762	73.00	39.00	461.63	51597.80	11580.85	548252.89	548252.89	0.00	0.00	0.00	0.00	2.46	0.00	0.12
763	74.00	39.00	461.63	51597.80	11580.85	548252.89	548252.89	0.00	0.00	0.00	0.00	2.44	0.00	0.12
764	25.00	39.00	461.63	51597.80	11580.85	548252.89	548252.89	0.00	0.00	0.00	0.00	4.31	0.00	0.12
765	26.00	39.00	461.63	51597.80	11580.85	548252.89	548252.89	0.00	0.00	0.00	0.00	4.25	0.00	0.12
766	27.00	39.00	461.63	51597.80	11580.85	548252.89	548252.89	0.00	0.00	0.00	0.00	4.18	0.00	0.12
767	28.00	39.00	461.63	51597.80	11580.85	548252.89	548252.89	0.00	0.00	0.00	0.00	4.12	0.00	0.12
768	29.00	39.00	461.63	51597.80	11580.85	548252.89	548252.89	0.00	0.00	0.00	0.00	4.06	0.00	0.12
769	30.00	39.00	461.63	51597.80	11580.85	548252.89	548252.89	0.00	0.00	0.00	0.00	4.00	0.00	0.12
770	31.00	39.00	461.63	51597.80	11580.85	548252.89	548252.89	0.00	0.00	0.00	0.00	3.94	0.00	0.12
771	32.00	39.00	461.63	51597.80	11580.85	548252.89	548252.89	0.00	0.00	0.00	0.00	3.89	0.00	0.12
772	33.00	39.00	461.63	51597.80	11580.85	548252.89	548252.89	0.00	0.00	0.00	0.00	3.83	0.00	0.12
773	33.00	40.00	461.63	51597.80	11580.85	548252.89	548252.89	0.00	0.00	0.00	0.00	3.98	0.00	0.12
774	34.00	40.00	461.63	51597.80	11580.85	548252.89	548252.89	0.00	0.00	0.00	0.00	3.92	0.00	0.12
775	35.00	40.00	461.63	51597.80	11580.85	548252.89	548252.89	0.00	0.00	0.00	0.00	3.87	0.00	0.12
776	36.00	40.00	461.63	51597.80	11580.85	548252.89	548252.89	0.00	0.00	0.00	0.00	3.82	0.00	0.12
777	37.00	40.00	461.63	51597.80	11580.85	548252.89	548252.89	0.00	0.00	0.00	0.00	3.77	0.00	0.12
778	38.00	40.00	461.63	51597.80	11580.85	548252.89	548252.89	0.00	0.00	0.00	0.00	3.72	0.00	0.12
779	39.00	40.00	461.63	51597.80	11580.85	548252.89	548252.89	0.00	0.00	0.00	0.00	3.67	0.00	0.12
780	40.00	40.00	461.63	51597.80	11580.85	548252.89	548252.89	0.00	0.00	0.00	0.00	3.63	0.00	0.12
781	41.00	40.00	461.63	51597.80	11580.85	548252.89	548252.89	0.00	0.00	0.00	0.00	3.58	0.00	0.12
782	42.00	40.00	461.63	51597.80	11580.85	548252.89	548252.89	0.00	0.00	0.00	0.00	3.54	0.00	0.12
783	43.00	40.00	461.63	51597.80	11580.85	548252.89	548252.89	0.00	0.00	0.00	0.00	3.50	0.00	0.12
784	43.00	41.00	461.63	51597.80	11580.85	548252.89	548252.89	0.00	0.00	0.00	0.00	3.59	0.00	0.12
785	44.00	41.00	461.63	51597.80	11580.85	548252.89	548252.89	0.00	0.00	0.00	0.00	3.55	0.00	0.12
786	44.00	42.00	461.63	51597.80	11580.85	548252.89	548252.89	0.00	0.00	0.00	0.00	3.64	0.00	0.12
787	45.00	42.00	461.63	51597.80	11580.85	548252.89	548252.89	0.00	0.00	0.00	0.00	3.60	0.00	0.12
788	46.00	42.00	461.63	51597.80	11580.85	548252.89	548252.89	0.00	0.00	0.00	0.00	3.56	0.00	0.12
789	47.00	42.00	461.63	51597.80	11580.85	548252.89	548252.89	0.00	0.00	0.00	0.00	3.52	0.00	0.12
790	47.00	43.00	461.63	51597.80	11580.85	548252.89	548252.89	0.00	0.00	0.00	0.00	3.64	0.00	0.12
791	48.00	43.00	461.63	51597.80	11580.85	548252.89	548252.89	0.00	0.00	0.00	0.00	3.60	0.00	0.12
792	49.00	43.00	461.63	51597.80	11580.85	548252.89	548252.89	0.00	0.00	0.00	0.00	3.56	0.00	0.12
793	50.00	43.00	461.63	51597.80	11580.85	548252.89	548252.89	0.00	0.00	0.00	0.00	3.52	0.00	0.12
794	50.00	44.00	461.63	51597.80	11580.85	548252.89	548252.89	0.00	0.00	0.00	0.00	3.51	0.00	0.12
795	51.00	44.00	461.63	51597.80	11580.85	548252.89	548252.89	0.00	0.00	0.00	0.00	3.47	0.00	0.12
796	52.00	44.00	461.63	51597.80	11580.85	548252.89	548252.89	0.00	0.00	0.00	0.00	3.44	0.00	0.12
797	53.00	44.00	461.63	51597.80	11580.85	548252.89	548252.89	0.00	0.00	0.00	0.00	3.40	0.00	0.12
798	54.00	44.00	461.63	51597.80	11580.85	548252.89	548252.89	0.00	0.00	0.00	0.00	3.37	0.00	0.12
799	55.00	44.00	461.63	51597.80	11580.85	548252.89	548252.89	0.00	0.00	0.00	0.00	3.33	0.00	0.12
800	56.00	44.00	461.63	51597.80	11580.85	548252.89	548252.89	0.00	0.00	0.00	0.00	3.30	0.00	0.12
801	56.00	45.00	461.63	51597.80	11580.85	548252.89	548252.89	0.00	0.00	0.00	0.00	3.30	0.00	0.12
802	57.00	45.00	461.63	51597.80	11580.85	548252.89	548252.89	0.00	0.00	0.00	0.00	3.26	0.00	0.12
803	58.00	45.00	461.63	51597.80	11580.85	548252.89	548252.89	0.00	0.00	0.00	0.00	3.23	0.00	0.12
804	59.00	45.00	461.63	51597.80	11580.85	548252.89	548252.89	0.00	0.00	0.00	0.00	3.20	0.00	0.12
805	59.00	46.00	461.63	51597.80	11580.85	548252.89	548252.89	0.00	0.00	0.00	0.00	3.28	0.00	0.12
806	60.00	46.00	461.63	51597.80	11580.85	548252.89	548252.89	0.00	0.00	0.00	0.00	3.25	0.00	0.12
807	61.00	46.00	392.39	61917.36	9843.72	548252.89	548252.89	0.00	0.00	0.00	0.00	3.22	0.00	0.12
808	61.00	47.00	392.39	61917.36	9843.72	548252.89	548252.89	0.00	0.00	0.00	0.00	3.21	0.00	0.12
809	61.00	48.00	392.39	61917.36	9843.72	548252.89	548252.89	0.00	0.00	0.00	0.00	3.29	0.00	0.12
810	62.00	48.00	392.39	61917.36	9843.72	548252.89	548252.89	0.00	0.00	0.00	0.00	3.26	0.00	0.12
811	62.00	49.00	392.39	61917.36	9843.72	548252.89	548252.89	0.00	0.00	0.00	0.00	3.26	0.00	0.12
812	63.00	49.00	392.39	61917.36	9843.72	548252.89	548252.89	0.00	0.00	0.00	0.00	3.23	0.00	0.12
813	64.00	49.00	392.39	61917.36	9843.72	548252.89	548252.89	0.00	0.00	0.00	0.00	3.20	0.00	0.12
814	65.00	49.00	392.39	61917.36	9843.72	548252.89	548252.89	0.00	0.00	0.00	0.00	3.17	0.00	0.12
815	66.00	49.00	392.39	61917.36	9843.72	548252.89	548252.89	0.00	0.00	0.00	0.00	3.14	0.00	0.12
816	67.00	49.00	392.39	61917.36	9843.72	548252.89	548252.89	0.00	0.00	0.00	0.00	3.12	0.00	0.12
817	68.00	49.00	392.39	61917.36	9843.72	548252.89	548252.89	0.00	0.00	0.00	0.00	3.09	0.00	0.12
818	69.00	49.00	392.39	61917.36	9843.72	548252.89	548252.89	0.00	0.00	0.00	0.00	3.06	0.00	0.12
819	69.00	50.00	392.39	61917.36	9843.72	548252.89	548252.89	0.00	0.00	0.00	0.00	3.13	0.00	0.12
820	70.00	50.00	392.39	61917.36	9843.72	548252.89	548252.89	0.00	0.00	0.00	0.00	3.11	0.00	0.12
821	71.00	50.00	392.39	61917.36	9843.72	548252.89	548252.89	0.00	0.00	0.00	0.00	3.08	0.00	0.12
822	72.00	50.00	392.39	61917.36	9843.72	548252.89	548252.89	0.00	0.00	0.00	0.00	3.06	0.00	0.12
823	73.00	50.00	392.39	61917.36	9843.72	548252.89	548252.89	0.00	0.00	0.00	0.00	3.03	0.00	0.12
824	74.00	50.00	392.39	61917.36	9843.72	548252.89	548252.89	0.00	0.00	0.00	0.00	3.01	0.00	0.12
825	25.00	50.00	392.39	61917.36	9843.72	548252.89	548252.89	0.00	0.00	0.00	0.00	4.97	0.00	0.12
826	26.00	50.00	392.39	61917.36	9843.72	548252.89	548252.89	0.00	0.00	0.00	0.00	4.91	0.00	0.12
827	27.00	50.00	392.39	61917.36	9843.72	548252.89	548252.89	0.00	0.00	0.00	0.00	4.84	0.00	0.12
828	28.00	50.00	392.39	61917.36	9843.72	548252.89	548252.89	0.00	0.00	0.00	0.00	4.78	0.00	0.12
829	29.00	50.00	392.39	61917.36	9843.72	548252.89	548252.89	0.00	0.00	0.00	0.00	4.72	0.00	0.12
830	30.00	50.00	392.39	61917.36	9843.72	548252.89	548252.89	0.00	0.00	0.00	0.00	4.66	0.00	0.12
831	30.00	51.00	392.39	61917.36	9843.72	548252.89	548252.89	0.00	0.00	0.00	0.00	4.64	0.00	0.12
832	30.00	52.00	392.39	61917.36	9843.72	548252.89	548252.89	0.00	0.00	0.00	0.00	4.72	0.00	0.12
833	30.00	53.00	392.39	61917.36	9843.72	548252.89	548252.89	0.00	0.00	0.00	0.00	4.80	0.00	0.12
834	31.00	53.00	392.39	61917.36	9843.72	548252.89	548252.89	0.00	0.00	0.00	0.00	4.74	0.00	0.12
835	32.00	53.00	392.39	61917.36	9843.72	548252.89	548252.89	0.00	0.00	0.00	0.00	4.69	0.00	0.12
836	33.00	53.00	392.39	61917.36	9843.72	548252.89	548252.89	0.00	0.00	0.00	0.00	4.63	0.00	0.12
837	34.00	53.00	392.39	61917.36	9843.72	548252.89	548252.89	0.00	0.00	0.00	0.00	4.58	0.00	0.12
838	35.00	53.00	392.39	61917.36	9843.72	548252.89	548252.89	0.00	0.00	0.00	0.00	4.53	0.00	0.12
839	36.00	53.00	392.39	61917.36	9843.72	548252.89	548252.89	0.00	0.00	0.00	0.00	4.48	0.00	0.12
840	36.00	54.00	392.39	61917.36	9843.72	548252.89	548252.89	0.00	0.00	0.00	0.00	4.46	0.00	0.12
841	36.00	55.00	392.39	61917.36	9843.72	548252.89	548252.89	0.00	0.00	0.00	0.00	4.57	0.00	0.12
842	37.00	55.00	392.39	61917.36	9843.72	548252.89	548252.89	0.00	0.00	0.00	0.00	4.52	0.00	0.12
843	38.00	55.00	392.39	61917.36	9843.72	548252.89	548252.89	0.00	0.00	0.00	0.00	4.47	0.00	0.12
844	39.00	55.00	392.39	61917.36	9843.72	548252.89	548252.89	0.00	0.00	0.00	0.00	4.42	0.00	0.12
845	40.00	55.00	392.39	61917.36	9843.72	548252.89	548252.89	0.00	0.00	0.00	0.00	4.37	0.00	0.12
846	41.00	55.00	392.39	61917.36	9843.72	548252.89	548252.89	0.00	0.00	0.00	0.00	4.33	0.00	0.12
847	42.00	55.00	392.39	61917.36	9843.72	548252.89	548252.89	0.00	0.00	0.00	0.00	4.28	0.00	0.12
848	43.00	55.00	392.39	61917.36	9843.72	548252.89	548252.89	0.00	0.00	0.00	0.00	4.24	0.00	0.12
849	44.00	55.00	392.39	61917.36	9843.72	548252.89	548252.89	0.00	0.00	0.00	0.00	4.20	0.00	0.12
850	45.00	55.00	392.39	61917.36	9843.72	548252.89	548252.89	0.00	0.00	0.00	0.00	4.16	0.00	0.12
851	46.00	55.00	392.39	61917.36	9843.72	548252.89	548252.89	0.00	0.00	0.00	0.00	4.11	0.00	0.12
852	47.00	55.00	392.39	61917.36	9843.72	548252.89	548252.89	0.00	0.00	0.00	0.00	4.07	0.00	0.12
853	48.00	55.00	392.39	61917.36	9843.72	548252.89	548252.89	0.00	0.00	0.00	0.00	4.03	0.00	0.12
854	48.00	56.00	392.39	61917.36	9843.72	548252.89	548252.89	0.00	0.00	0.00	0.00	4.02	0.00	0.12
855	49.00	56.00	392.39	61917.36	9843.72	548252.89	548252.89	0.00	0.00	0.00	0.00	3.98	0.00	0.12
856	50.00	56.00	392.39	61917.36	9843.72	548252.89	548252.89	0.00	0.00	0.00	0.00	3.95	0.00	0.12
857	51.00	56.00	392.39	61917.36	9843.72	548252.89	548252.89	0.00	0.00	0.00	0.00	3.91	0.00	0.12
858	52.00	56.00	392.39	61917.36	9843.72	548252.89	548252.89	0.00	0.00	0.00	0.00	3.87	0.00	0.12
859	53.00	56.00	392.39	61917.36	9843.72	548252.89	548252.89	0.00	0.00	0.00	0.00	3.84	0.00	0.12
860	54.00	56.00	392.39	61917.36	9843.72	548252.89	548252.89	0.00	0.00	0.00	0.00	3.80	0.00	0.12
861	54.00	57.00	392.39	61917.36	9843.72	548252.89	548252.89	0.00	0.00	0.00	0.00	3.79	0.00	0.12
862	55.00	57.00	392.39	61917.36	9843.72	548252.89	548252.89	0.00	0.00	0.00	0.00	3.76	0.00	0.12
863	56.00	57.00	392.39	61917.36	9843.72	548252.89	548252.89	0.00	0.00	0.00	0.00	3.73	0.00	0.12
864	56.00	58.00	392.39	61917.36	9843.72	548252.89	548252.89	0.00	0.00	0.00	0.00	3.72	0.00	0.12
865	57.00	58.00	392.39	61917.36	9843.72	548252.89	548252.89	0.00	0.00	0.00	0.00	3.69	0.00	0.12
866	58.00	58.00	392.39	61917.36	9843.72	548252.89	548252.89	0.00	0.00	0.00	0.00	3.66	0.00	0.12
867	59.00	58.00	392.39	61917.36	9843.72	548252.89	548252.89	0.00	0.00	0.00	0.00	3.62	0.00	0.12
868	59.00	59.00	392.39	61917.36	9843.72	548252.89	548252.89	0.00	0.00	0.00	0.00	3.69	0.00	0.12
869	60.00	59.00	392.39	61917.36	9843.72	548252.89	548252.89	0.00	0.00	0.00	0.00	3.66	0.00	0.12
870	61.00	59.00	392.39	61917.36	9843.72	548252.89	548252.89	0.00	0.00	0.00	0.00	3.63	0.00	0.12
871	62.00	59.00	392.39	61917.36	9843.72	548252.89	548252.89	0.00	0.00	0.00	0.00	3.60	0.00	0.12
872	63.00	59.00	392.39	61917.36	9843.72	548252.89	548252.89	0.00	0.00	0.00	0.00	3.57	0.00	0.12
873	64.00	59.00	392.39	61917.36	9843.72	548252.89	548252.89	0.00	0.00	0.00	0.00	3.54	0.00	0.12
874	65.00	59.00	392.39	61917.36	9843.72	548252.89	548252.89	0.00	0.00	0.00	0.00	3.51	0.00	0.12
875	65.00	60.00	392.39	61917.36	9843.72	548252.89	548252.89	0.00	0.00	0.00	0.00	3.60	0.00	0.12
876	66.00	60.00	392.39	61917.36	9843.72	548252.89	548252.89	0.00	0.00	0.00	0.00	3.57	0.00	0.12
877	67.00	60.00	392.39	61917.36	9843.72	548252.89	548252.89	0.00	0.00	0.00	0.00	3.54	0.00	0.12
878	68.00	60.00	392.39	61917.36	9843.72	548252.89	548252.89	0.00	0.00	0.00	0.00	3.51	0.00	0.12
879	69.00	60.00	392.39	61917.36	9843.72	548252.89	548252.89	0.00	0.00	0.00	0.00	3.49	0.00	0.12
880	70.00	60.00	392.39	61917.36	9843.72	548252.89	548252.89	0.00	0.00	0.00	0.00	3.46	0.00	0.12
881	70.00	61.00	392.39	61917.36	9843.72	548252.89	548252.89	0.00	0.00	0.00	0.00	3.45	0.00	0.12
882	71.00	61.00	392.39	61917.36	9843.72	548252.89	548252.89	0.00	0.00	0.00	0.00	3.43	0.00	0.12
883	72.00	61.00	392.39	61917.36	9843.72	548252.89	548252.89	0.00	0.00	0.00	0.00	3.40	0.00	0.12
884	72.00	62.00	392.39	61917.36	9843.72	548252.89	548252.89	0.00	0.00	0.00	0.00	3.40	0.00	0.12
885	73.00	62.00	392.39	61917.36	9843.72	548252.89	548252.89	0.00	0.00	0.00	0.00	3.37	0.00	0.12
886	74.00	62.00	392.39	61917.36	9843.72	548252.89	548252.89	0.00	0.00	0.00	0.00	3.35	0.00	0.12
887	25.00	62.00	392.39	61917.36	9843.72	548252.89	548252.89	0.00	0.00	0.00	0.00	5.23	0.00	0.12
888	26.00	62.00	392.39	61917.36	9843.72	548252.89	548252.89	0.00	0.00	0.00	0.00	5.17	0.00	0.12
889	27.00	62.00	392.39	61917.36	9843.72	548252.89	548252.89	0.00	0.00	0.00	0.00	5.12	0.00	0.12
890	27.00	63.00	392.39	61917.36	9843.72	548252.89	548252.89	0.00	0.00	0.00	0.00	5.19	0.00	0.12
891	27.00	64.00	392.39	61917.36	9843.72	548252.89	548252.89	0.00	0.00	0.00	0.00	5.16	0.00	0.12
892	28.00	64.00	392.39	61917.36	9843.72	548252.89	548252.89	0.00	0.00	0.00	0.00	5.10	0.00	0.12
893	29.00	64.00	392.39	61917.36	9843.72	548252.89	548252.89	0.00	0.00	0.00	0.00	5.05	0.00	0.12
894	29.00	65.00	392.39	61917.36	9843.72	548252.89	548252.89	0.00	0.00	0.00	0.00	5.12	0.00	0.12
895	29.00	66.00	392.39	61917.36	9843.72	548252.89	548252.89	0.00	0.00	0.00	0.00	5.09	0.00	0.12
896	30.00	66.00	392.39	61917.36	9843.72	548252.89	548252.89	0.00	0.00	0.00	0.00	5.04	0.00	0.12
897	31.00	66.00	392.39	61917.36	9843.72	548252.89	548252.89	0.00	0.00	0.00	0.00	4.99	0.00	0.12
898	32.00	66.00	392.39	61917.36	9843.72	548252.89	548252.89	0.00	0.00	0.00	0.00	4.94	0.00	0.12
899	32.00	67.00	392.39	61917.36	9843.72	548252.89	548252.89	0.00	0.00	0.00	0.00	4.92	0.00	0.12
900	32.00	68.00	392.39	61917.36	9843.72	548252.89	548252.89	0.00	0.00	0.00	0.00	4.89	0.00	0.12
901	32.00	69.00	392.39	61917.36	9843.72	548252.89	548252.89	0.00	0.00	0.00	0.00	4.99	0.00	0.12
902	33.00	69.00	392.39	61917.36	9843.72	548252.89	548252.89	0.00	0.00	0.00	0.00	4.94	0.00	0.12
903	34.00	69.00	392.39	61917.36	9843.72	548252.89	548252.89	0.00	0.00	0.00	0.00	4.89	0.00	0.12
904	35.00	69.00	392.39	61917.36	9843.72	548252.89	548252.89	0.00	0.00	0.00	0.00	4.84	0.00	0.12
905	36.00	69.00	392.39	61917.36	9843.72	548252.89	548252.89	0.00	0.00	0.00	0.00	4.80	0.00	0.12
906	37.00	69.00	392.39	61917.36	9843.72	548252.89	548252.89	0.00	0.00	0.00	0.00	4.75	0.00	0.12
907	38.00	69.00	333.53	74300.84	8367.16	548252.89	548252.89	0.00	0.00	0.00	0.00	4.71	0.00	0.12
908	39.00	69.00	333.53	74300.84	8367.16	548252.89	548252.89	0.00	0.00	0.00	0.00	4.66	0.00	0.12
909	40.00	69.00	333.53	74300.84	8367.16	548252.89	548252.89	0.00	0.00	0.00	0.00	4.62	0.00	0.12
910	41.00	69.00	333.53	74300.84	8367.16	548252.89	548252.89	0.00	0.00	0.00	0.00	4.58	0.00	0.12
911	42.00	69.00	333.53	74300.84	8367.16	548252.89	548252.89	0.00	0.00	0.00	0.00	4.54	0.00	0.12
912	43.00	69.00	333.53	74300.84	8367.16	548252.89	548252.89	0.00	0.00	0.00	0.00	4.50	0.00	0.12
913	43.00	70.00	333.53	74300.84	8367.16	548252.89	548252.89	0.00	0.00	0.00	0.00	4.56	0.00	0.12
914	44.00	70.00	333.53	74300.84	8367.16	548252.89	548252.89	0.00	0.00	0.00	0.00	4.52	0.00	0.12
915	45.00	70.00	333.53	74300.84	8367.16	548252.89	548252.89	0.00	0.00	0.00	0.00	4.48	0.00	0.12
916	46.00	70.00	333.53	74300.84	8367.16	548252.89	548252.89	0.00	0.00	0.00	0.00	4.44	0.00	0.12
917	47.00	70.00	333.53	74300.84	8367.16	548252.89	548252.89	0.00	0.00	0.00	0.00	4.40	0.00	0.12
918	47.00	71.00	333.53	74300.84	8367.16	548252.89	548252.89	0.00	0.00	0.00	0.00	4.46	0.00	0.12
919	48.00	71.00	333.53	74300.84	8367.16	548252.89	548252.89	0.00	0.00	0.00	0.00	4.42	0.00	0.12
920	48.00	72.00	333.53	74300.84	8367.16	548252.89	548252.89	0.00	0.00	0.00	0.18	4.51	0.00	0.12
921	49.00	72.00	333.53	74300.84	8367.16	548252.89	548252.89	0.00	0.00	0.00	0.18	4.47	0.00	0.12
922	50.00	72.00	333.53	74300.84	8367.16	548252.89	548252.89	0.00	0.00	0.00	0.18	4.43	0.00	0.12
923	50.00	73.00	333.53	74300.84	8367.16	548252.89	548252.89	0.00	0.00	0.00	0.18	4.42	0.00	0.12
924	50.00	74.00	333.53	74300.84	8367.16	548252.89	548252.89	0.00	0.00	0.00	0.18	4.48	0.00	0.12
925	50.00	25.00	333.53	74300.84	8367.16	548252.89	548252.89	0.00	0.00	0.00	0.00	2.20	0.00	0.12
926	51.00	25.00	333.53	74300.84	8367.16	548252.89	548252.89	0.00	0.00	0.00	0.00	2.17	0.00	0.12
927	52.00	25.00	333.53	74300.84	8367.16	548252.89	548252.89	0.00	0.00	0.00	0.00	2.14	0.00	0.12
928	53.00	25.00	333.53	74300.84	8367.16	548252.89	548252.89	0.00	0.00	0.00	0.00	2.11	0.00	0.12
929	54.00	25.00	333.53	74300.84	8367.16	548252.89	548252.89	0.00	0.00	0.00	0.00	2.09	0.00	0.12
930	55.00	25.00	333.53	74300.84	8367.16	548252.89	548252.89	0.00	0.00	0.00	0.00	2.06	0.00	0.12
931	56.00	25.00	333.53	74300.84	8367.16	548252.89	548252.89	0.00	0.00	0.00	0.00	2.04	0.00	0.12
932	57.00	25.00	333.53	74300.84	8367.16	548252.89	548252.89	0.00	0.00	0.00	0.00	2.01	0.00	0.12
933	58.00	25.00	333.53	74300.84	8367.16	548252.89	548252.89	0.00	0.00	0.00	0.00	1.99	0.00	0.12
934	59.00	25.00	333.53	74300.84	8367.16	548252.89	548252.89	0.00	0.00	0.00	0.00	1.96	0.00	0.12
935	60.00	25.00	333.53	74300.84	8367.16	548252.89	548252.89	0.00	0.00	0.00	0.00	1.94	0.00	0.12
936	61.00	25.00	333.53	74300.84	8367.16	548252.89	548252.89	0.00	0.00	0.00	0.00	1.92	0.00	0.12
937	62.00	25.00	333.53	74300.84	8367.16	548252.89	548252.89	0.00	0.00	0.00	0.00	1.90	0.00	0.12
938	63.00	25.00	333.53	74300.84	8367.16	548252.89	548252.89	0.00	0.00	0.00	0.00	1.87	0.00	0.12
939	64.00	25.00	333.53	74300.84	8367.16	548252.89	548252.89	0.00	0.00	0.00	0.00	1.85	0.00	0.12
940	65.00	25.00	333.53	74300.84	8367.16	548252.89	548252.89	0.00	0.00	0.00	0.00	1.83	0.00	0.12
941	66.00	25.00	333.53	74300.84	8367.16	548252.89	548252.89	0.00	0.00	0.00	0.00	1.81	0.00	0.12
942	67.00	25.00	333.53	74300.84	8367.16	548252.89	548252.89	0.00	0.00	0.00	0.00	1.79	0.00	0.12
943	68.00	25.00	333.53	74300.84	8367.16	548252.89	548252.89	0.00	0.00	0.00	0.00	1.77	0.00	0.12
944	69.00	25.00	333.53	74300.84	8367.16	548252.89	548252.89	0.00	0.00	0.00	0.00	1.75	0.00	0.12
945	69.00	26.00	333.53	74300.84	8367.16	548252.89	548252.89	0.00	0.00	0.00	0.00	1.77	0.00	0.12
946	70.00	26.00	333.53	74300.84	8367.16	548252.89	548252.89	0.00	0.00	0.00	0.00	1.75	0.00	0.12
947	70.00	27.00	333.53	74300.84	8367.16	548252.89	548252.89	0.00	0.00	0.00	0.00	1.76	0.00	0.12
948	71.00	27.00	333.53	74300.84	8367.16	548252.89	548252.89	0.00	0.00	0.00	0.00	1.74	0.00	0.12
949	72.00	27.00	333.53	74300.84	8367.16	548252.89	548252.89	0.00	0.00	0.00	0.00	1.72	0.00	0.12
950	73.00	27.00	333.53	74300.84	8367.16	548252.89	548252.89	0.00	0.00	0.00	0.00	1.71	0.00	0.12
951	73.00	28.00	333.53	74300.84	8367.16	548252.89	548252.89	0.00	0.00	0.00	0.00	1.80	0.00	0.12
952	73.00	29.00	333.53	74300.84	8367.16	548252.89	548252.89	0.00	0.00	0.00	0.00	1.90	0.00	0.12
953	74.00	29.00	333.53	74300.84	8367.16	548252.89	548252.89	0.00	0.00	0.00	0.00	1.88	0.00	0.12
954	25.00	29.00	333.53	74300.84	8367.16	548252.89	548252.89	0.00	0.00	0.00	0.00	3.58	0.00	0.12
955	26.00	29.00	333.53	74300.84	8367.16	548252.89	548252.89	0.00	0.00	0.00	0.00	3.52	0.00	0.12
956	27.00	29.00	333.53	74300.84	8367.16	548252.89	548252.89	0.00	0.00	0.00	0.00	3.45	0.00	0.12
957	28.00	29.00	333.53	74300.84	8367.16	548252.89	548252.89	0.00	0.00	0.00	0.00	3.39	0.00	0.12
958	29.00	29.00	333.53	74300.84	8367.16	548252.89	548252.89	0.00	0.00	0.00	0.00	3.33	0.00	0.12
959	30.00	29.00	333.53	74300.84	8367.16	548252.89	548252.89	0.00	0.00	0.00	0.00	3.28	0.00	0.12
960	31.00	29.00	333.53	74300.84	8367.16	548252.89	548252.89	0.00	0.00	0.00	0.00	3.22	0.00	0.12
961	31.00	30.00	333.53	74300.84	8367.16	548252.89	548252.89	0.00	0.00	0.00	0.00	3.22	0.00	0.12
962	32.00	30.00	333.53	74300.84	8367.16	548252.89	548252.89	0.00	0.00	0.00	0.00	3.16	0.00	0.12
963	33.00	30.00	333.53	74300.84	8367.16	548252.89	548252.89	0.00	0.00	0.00	0.00	3.11	0.00	0.12
964	33.00	31.00	333.53	74300.84	8367.16	548252.89	548252.89	0.00	0.00	0.00	0.00	3.11	0.00	0.12
965	33.00	32.00	333.53	74300.84	8367.16	548252.89	548252.89	0.00	0.00	0.00	0.00	3.11	0.00	0.12
966	33.00	33.00	333.53	74300.84	8367.16	548252.89	548252.89	0.00	0.00	0.00	0.00	3.10	0.00	0.12
967	34.00	33.00	333.53	74300.84	8367.16	548252.89	548252.89	0.00	0.00	0.00	0.00	3.05	0.00	0.12
968	35.00	33.00	333.53	74300.84	8367.16	548252.89	548252.89	0.00	0.00	0.00	0.00	3.01	0.00	0.12
969	35.00	34.00	333.53	74300.84	8367.16	548252.89	548252.89	0.00	0.00	0.00	0.00	3.01	0.00	0.12
970	36.00	34.00	333.53	74300.84	8367.16	548252.89	548252.89	0.00	0.00	0.00	0.00	2.96	0.00	0.12
971	37.00	34.00	333.53	74300.84	8367.16	548252.89	548252.89	0.00	0.00	0.00	0.00	2.92	0.00	0.12
972	38.00	34.00	333.53	74300.84	8367.16	548252.89	548252.89	0.00	0.00	0.00	0.00	2.88	0.00	0.12
973	39.00	34.00	333.53	74300.84	8367.16	548252.89	548252.89	0.00	0.00	0.00	0.00	2.84	0.00	0.12
974	40.00	34.00	333.53	74300.84	8367.16	548252.89	548252.89	0.00	0.00	0.00	0.00	2.80	0.00	0.12
975	41.00	34.00	333.53	74300.84	8367.16	548252.89	548252.89	0.00	0.00	0.00	0.00	2.77	0.00	0.12
976	42.00	34.00	333.53	74300.84	8367.16	548252.89	548252.89	0.00	0.00	0.00	0.00	2.73	0.00	0.12
977	43.00	34.00	333.53	74300.84	8367.16	548252.89	548252.89	0.00	0.00	0.00	0.00	2.69	0.00	0.12
978	44.00	34.00	333.53	74300.84	8367.16	548252.89	548252.89	0.00	0.00	0.00	0.00	2.66	0.00	0.12
979	45.00	34.00	333.53	74300.84	8367.16	548252.89	548252.89	0.00	0.00	0.00	0.00	2.63	0.00	0.12
980	46.00	34.00	333.53	74300.84	8367.16	548252.89	548252.89	0.00	0.00	0.00	0.00	2.59	0.00	0.12
981	47.00	34.00	333.53	74300.84	8367.16	548252.89	548252.89	0.00	0.00	0.00	0.00	2.56	0.00	0.12
982	48.00	34.00	333.53	74300.84	8367.16	548252.89	548252.89	0.00	0.00	0.00	0.00	2.53	0.00	0.12
983	49.00	34.00	333.53	74300.84	8367.16	548252.89	548252.89	0.00	0.00	0.00	0.00	2.50	0.00	0.12
984	50.00	34.00	333.53	74300.84	8367.16	548252.89	548252.89	0.00	0.00	0.00	0.00	2.47	0.00	0.12
985	51.00	34.00	333.53	74300.84	8367.16	548252.89	548252.89	0.00	0.00	0.00	0.00	2.44	0.00	0.12
986	52.00	34.00	333.53	74300.84	8367.16	548252.89	548252.89	0.00	0.00	0.00	0.00	2.41	0.00	0.12
987	52.00	35.00	333.53	74300.84	8367.16	548252.89	548252.89	0.00	0.00	0.00	0.00	2.52	0.00	0.12
988	52.00	36.00	333.53	74300.84	8367.16	548252.89	548252.89	0.00	0.00	0.00	0.00	2.52	0.00	0.12
989	52.00	37.00	333.53	74300.84	8367.16	548252.89	548252.89	0.00	0.00	0.00	0.00	2.62	0.00	0.12
990	53.00	37.00	333.53	74300.84	8367.16	548252.89	548252.89	0.00	0.00	0.00	0.00	2.59	0.00	0.12
991	53.00	38.00	333.53	74300.84	8367.16	548252.89	548252.89	0.00	0.00	0.00	0.00	2.59	0.00	0.12
992	54.00	38.00	333.53	74300.84	8367.16	548252.89	548252.89	0.00	0.00	0.00	0.00	2.57	0.00	0.12
993	55.00	38.00	333.53	74300.84	8367.16	548252.89	548252.89	0.00	0.00	0.00	0.00	2.54	0.00	0.12
994	56.00	38.00	333.53	74300.84	8367.16	548252.89	548252.89	0.00	0.00	0.00	0.00	2.51	0.00	0.12
995	57.00	38.00	333.53	74300.84	8367.16	548252.89	548252.89	0.00	0.00	0.00	0.00	2.48	0.00	0.12
996	58.00	38.00	333.53	74300.84	8367.16	548252.89	548252.89	0.00	0.00	0.00	0.00	2.46	0.00	0.12
997	59.00	38.00	333.53	74300.84	8367.16	548252.89	548252.89	0.00	0.00	0.00	0.00	2.43	0.00	0.12
998	60.00	38.00	333.53	74300.84	8367.16	548252.89	548252.89	0.00	0.00	0.00	0.00	2.41	0.00	0.12
999	61.00	38.00	333.53	74300.84	8367.16	548252.89	548252.89	0.00	0.00	0.00	0.00	2.38	0.00	0.12
1000	61.00	39.00	333.53	74300.84	8367.16	548252.89	548252.89	0.00	0.00	0.00	0.00	2.39	0.00	0.12
