some parameters
Gen.	# feasible solutions	# infeasible solutions	cap. penality	dur. penality	num. penality	best penalized cost	best feasible cost	best cap. violation	best dur. violation	best num. violation	avg cap. violation	avg dur. violation	avg num. violation	Gap from BKS
1	2.00	49.00	850.00	12000.00	42500.00	577339.21	577339.21	0.00	0.00	0.00	0.00	22.17	0.00	0.20
2	2.00	50.00	850.00	12000.00	42500.00	577339.21	577339.21	0.00	0.00	0.00	0.00	21.98	0.00	0.20
3	3.00	50.00	850.00	12000.00	42500.00	577339.21	577339.21	0.00	0.00	0.00	0.00	21.57	0.00	0.20
4	3.00	51.00	850.00	12000.00	42500.00	577339.21	577339.21	0.00	0.00	0.00	0.00	21.61	0.00	0.20
5	3.00	52.00	850.00	12000.00	42500.00	577339.21	577339.21	0.00	0.00	0.00	0.00	21.52	0.00	0.20
6	3.00	53.00	850.00	12000.00	42500.00	577339.21	577339.21	0.00	0.00	0.00	0.00	21.67	0.00	0.20
7	3.00	54.00	850.00	12000.00	42500.00	577339.21	577339.21	0.00	0.00	0.00	0.00	21.78	0.00	0.20
8	3.00	55.00	850.00	12000.00	42500.00	577339.21	577339.21	0.00	0.00	0.00	0.00	21.80	0.00	0.20
9	3.00	56.00	850.00	12000.00	42500.00	577339.21	577339.21	0.00	0.00	0.00	0.00	21.67	0.00	0.20
10	3.00	57.00	850.00	12000.00	42500.00	577339.21	577339.21	0.00	0.00	0.00	0.00	21.47	0.00	0.20
11	3.00	58.00	850.00	12000.00	42500.00	577339.21	577339.21	0.00	0.00	0.00	0.00	21.36	0.00	0.20
12	4.00	58.00	850.00	12000.00	42500.00	577339.21	577339.21	0.00	0.00	0.00	0.00	21.01	0.00	0.20
13	4.00	59.00	850.00	12000.00	42500.00	577339.21	577339.21	0.00	0.00	0.00	0.00	20.74	0.00	0.20
14	4.00	60.00	850.00	12000.00	42500.00	577339.21	577339.21	0.00	0.00	0.00	0.00	20.83	0.00	0.20
15	4.00	61.00	850.00	12000.00	42500.00	577339.21	577339.21	0.00	0.00	0.00	0.00	20.69	0.00	0.20
16	4.00	62.00	850.00	12000.00	42500.00	577339.21	577339.21	0.00	0.00	0.00	0.00	20.52	0.00	0.20
17	4.00	63.00	850.00	12000.00	42500.00	577339.21	577339.21	0.00	0.00	0.00	0.00	20.26	0.00	0.20
18	4.00	64.00	850.00	12000.00	42500.00	577339.21	577339.21	0.00	0.00	0.00	0.00	20.00	0.00	0.20
19	4.00	65.00	850.00	12000.00	42500.00	577339.21	577339.21	0.00	0.00	0.00	0.00	19.98	0.00	0.20
20	4.00	66.00	850.00	12000.00	42500.00	577339.21	577339.21	0.00	0.00	0.00	0.00	19.90	0.00	0.20
21	5.00	66.00	850.00	12000.00	42500.00	577339.21	577339.21	0.00	0.00	0.00	0.00	19.62	0.00	0.20
22	5.00	67.00	850.00	12000.00	42500.00	577339.21	577339.21	0.00	0.00	0.00	0.00	19.44	0.00	0.20
23	5.00	68.00	850.00	12000.00	42500.00	577339.21	577339.21	0.00	0.00	0.00	0.00	19.28	0.00	0.20
24	5.00	69.00	850.00	12000.00	42500.00	577339.21	577339.21	0.00	0.00	0.00	0.00	19.15	0.00	0.20
25	5.00	70.00	850.00	12000.00	42500.00	577339.21	577339.21	0.00	0.00	0.00	0.00	19.10	0.00	0.20
26	5.00	71.00	850.00	12000.00	42500.00	577339.21	577339.21	0.00	0.00	0.00	0.00	19.15	0.00	0.20
27	5.00	72.00	850.00	12000.00	42500.00	577339.21	577339.21	0.00	0.00	0.00	0.00	19.13	0.00	0.20
28	5.00	73.00	850.00	12000.00	42500.00	577339.21	577339.21	0.00	0.00	0.00	0.00	19.11	0.00	0.20
29	6.00	73.00	850.00	12000.00	42500.00	577339.21	577339.21	0.00	0.00	0.00	0.00	18.86	0.00	0.20
30	6.00	74.00	850.00	12000.00	42500.00	577339.21	577339.21	0.00	0.00	0.00	0.00	18.79	0.00	0.20
31	6.00	25.00	850.00	12000.00	42500.00	577339.21	577339.21	0.00	0.00	0.00	0.00	11.73	0.00	0.20
32	6.00	26.00	850.00	12000.00	42500.00	577339.21	577339.21	0.00	0.00	0.00	0.00	11.59	0.00	0.20
33	7.00	26.00	850.00	12000.00	42500.00	577339.21	577339.21	0.00	0.00	0.00	0.00	11.24	0.00	0.20
34	7.00	27.00	850.00	12000.00	42500.00	577339.21	577339.21	0.00	0.00	0.00	0.00	11.40	0.00	0.20
35	7.00	28.00	850.00	12000.00	42500.00	577339.21	577339.21	0.00	0.00	0.00	0.00	11.57	0.00	0.20
36	7.00	29.00	850.00	12000.00	42500.00	577339.21	577339.21	0.00	0.00	0.00	0.00	11.94	0.00	0.20
37	8.00	29.00	850.00	12000.00	42500.00	577339.21	577339.21	0.00	0.00	0.00	0.00	11.62	0.00	0.20
38	8.00	30.00	850.00	12000.00	42500.00	577339.21	577339.21	0.00	0.00	0.00	0.00	11.60	0.00	0.20
39	8.00	31.00	850.00	12000.00	42500.00	577339.21	577339.21	0.00	0.00	0.00	0.00	11.51	0.00	0.20
40	8.00	32.00	850.00	12000.00	42500.00	577339.21	577339.21	0.00	0.00	0.00	0.00	11.59	0.00	0.20
41	9.00	32.00	850.00	12000.00	42500.00	577339.21	577339.21	0.00	0.00	0.00	0.00	11.30	0.00	0.20
42	9.00	33.00	850.00	12000.00	42500.00	577339.21	577339.21	0.00	0.00	0.00	0.00	11.43	0.00	0.20
43	9.00	34.00	850.00	12000.00	42500.00	577339.21	577339.21	0.00	0.00	0.00	0.00	11.23	0.00	0.20
44	9.00	35.00	850.00	12000.00	42500.00	577339.21	577339.21	0.00	0.00	0.00	0.00	11.25	0.00	0.20
45	10.00	35.00	850.00	12000.00	42500.00	577339.21	577339.21	0.00	0.00	0.00	0.00	11.00	0.00	0.20
46	10.00	36.00	850.00	12000.00	42500.00	577339.21	577339.21	0.00	0.00	0.00	0.00	11.08	0.00	0.20
47	10.00	37.00	850.00	12000.00	42500.00	577339.21	577339.21	0.00	0.00	0.00	0.00	10.96	0.00	0.20
48	10.00	38.00	850.00	12000.00	42500.00	577339.21	577339.21	0.00	0.00	0.00	0.00	10.79	0.00	0.20
49	11.00	38.00	850.00	12000.00	42500.00	577339.21	577339.21	0.00	0.00	0.00	0.00	10.57	0.00	0.20
50	11.00	39.00	850.00	12000.00	42500.00	577339.21	577339.21	0.00	0.00	0.00	0.00	10.53	0.00	0.20
51	11.00	40.00	850.00	12000.00	42500.00	577339.21	577339.21	0.00	0.00	0.00	0.00	10.46	0.00	0.20
52	12.00	40.00	850.00	12000.00	42500.00	577339.21	577339.21	0.00	0.00	0.00	0.00	10.26	0.00	0.20
53	12.00	41.00	850.00	12000.00	42500.00	577339.21	577339.21	0.00	0.00	0.00	0.00	10.35	0.00	0.20
54	12.00	42.00	850.00	12000.00	42500.00	577339.21	577339.21	0.00	0.00	0.00	0.00	10.47	0.00	0.20
55	12.00	43.00	850.00	12000.00	42500.00	577339.21	577339.21	0.00	0.00	0.00	0.00	10.33	0.00	0.20
56	12.00	44.00	850.00	12000.00	42500.00	577339.21	577339.21	0.00	0.00	0.00	0.00	10.40	0.00	0.20
57	12.00	45.00	850.00	12000.00	42500.00	577339.21	577339.21	0.00	0.00	0.00	0.00	10.35	0.00	0.20
58	13.00	45.00	850.00	12000.00	42500.00	577339.21	577339.21	0.00	0.00	0.00	0.00	10.17	0.00	0.20
59	13.00	46.00	850.00	12000.00	42500.00	577339.21	577339.21	0.00	0.00	0.00	0.00	10.33	0.00	0.20
60	14.00	46.00	850.00	12000.00	42500.00	577339.21	577339.21	0.00	0.00	0.00	0.00	10.16	0.00	0.20
61	14.00	47.00	850.00	12000.00	42500.00	577339.21	577339.21	0.00	0.00	0.00	0.00	10.35	0.00	0.20
62	15.00	47.00	850.00	12000.00	42500.00	577339.21	577339.21	0.00	0.00	0.00	0.00	10.18	0.00	0.20
63	16.00	47.00	850.00	12000.00	42500.00	577339.21	577339.21	0.00	0.00	0.00	0.00	10.02	0.00	0.20
64	16.00	48.00	850.00	12000.00	42500.00	577339.21	577339.21	0.00	0.00	0.00	0.00	10.04	0.00	0.20
65	16.00	49.00	850.00	12000.00	42500.00	577339.21	577339.21	0.00	0.00	0.00	0.00	10.35	0.00	0.20
66	16.00	50.00	850.00	12000.00	42500.00	577339.21	577339.21	0.00	0.00	0.00	0.00	10.54	0.00	0.20
67	16.00	51.00	850.00	12000.00	42500.00	577339.21	577339.21	0.00	0.00	0.00	0.00	10.44	0.00	0.20
68	16.00	52.00	850.00	12000.00	42500.00	577339.21	577339.21	0.00	0.00	0.00	0.00	10.59	0.00	0.20
69	16.00	53.00	850.00	12000.00	42500.00	577339.21	577339.21	0.00	0.00	0.00	0.00	10.56	0.00	0.20
70	17.00	53.00	850.00	12000.00	42500.00	577339.21	577339.21	0.00	0.00	0.00	0.00	10.41	0.00	0.20
71	17.00	54.00	850.00	12000.00	42500.00	577339.21	577339.21	0.00	0.00	0.00	0.00	10.66	0.00	0.20
72	17.00	55.00	850.00	12000.00	42500.00	577339.21	577339.21	0.00	0.00	0.00	0.00	10.63	0.00	0.20
73	17.00	56.00	850.00	12000.00	42500.00	577339.21	577339.21	0.00	0.00	0.00	0.00	10.68	0.00	0.20
74	17.00	57.00	850.00	12000.00	42500.00	577339.21	577339.21	0.00	0.00	0.00	0.00	10.90	0.00	0.20
75	17.00	58.00	850.00	12000.00	42500.00	577339.21	577339.21	0.00	0.00	0.00	0.00	10.95	0.00	0.20
76	17.00	59.00	850.00	12000.00	42500.00	577339.21	577339.21	0.00	0.00	0.00	0.00	10.89	0.00	0.20
77	17.00	60.00	850.00	12000.00	42500.00	577339.21	577339.21	0.00	0.00	0.00	0.00	10.90	0.00	0.20
78	18.00	60.00	850.00	12000.00	42500.00	545829.03	545829.03	0.00	0.00	0.00	0.00	10.76	0.00	0.14
79	18.00	61.00	850.00	12000.00	42500.00	545829.03	545829.03	0.00	0.00	0.00	0.00	10.67	0.00	0.14
80	19.00	61.00	850.00	12000.00	42500.00	545829.03	545829.03	0.00	0.00	0.00	0.00	10.54	0.00	0.14
81	19.00	62.00	850.00	12000.00	42500.00	545829.03	545829.03	0.00	0.00	0.00	0.00	10.67	0.00	0.14
82	19.00	63.00	850.00	12000.00	42500.00	545829.03	545829.03	0.00	0.00	0.00	0.00	10.64	0.00	0.14
83	19.00	64.00	850.00	12000.00	42500.00	545829.03	545829.03	0.00	0.00	0.00	0.00	10.72	0.00	0.14
84	20.00	64.00	850.00	12000.00	42500.00	545829.03	545829.03	0.00	0.00	0.00	0.00	10.59	0.00	0.14
85	20.00	65.00	850.00	12000.00	42500.00	545829.03	545829.03	0.00	0.00	0.00	0.00	10.67	0.00	0.14
86	20.00	66.00	850.00	12000.00	42500.00	545829.03	545829.03	0.00	0.00	0.00	0.00	10.64	0.00	0.14
87	20.00	67.00	850.00	12000.00	42500.00	545829.03	545829.03	0.00	0.00	0.00	0.00	10.72	0.00	0.14
88	20.00	68.00	850.00	12000.00	42500.00	545829.03	545829.03	0.00	0.00	0.00	0.00	10.68	0.00	0.14
89	21.00	68.00	850.00	12000.00	42500.00	545829.03	545829.03	0.00	0.00	0.00	0.00	10.56	0.00	0.14
90	21.00	69.00	850.00	12000.00	42500.00	545829.03	545829.03	0.00	0.00	0.00	0.00	10.63	0.00	0.14
91	22.00	69.00	850.00	12000.00	42500.00	545829.03	545829.03	0.00	0.00	0.00	0.00	10.51	0.00	0.14
92	22.00	70.00	850.00	12000.00	42500.00	545829.03	545829.03	0.00	0.00	0.00	0.00	10.67	0.00	0.14
93	23.00	70.00	850.00	12000.00	42500.00	545829.03	545829.03	0.00	0.00	0.00	0.00	10.56	0.00	0.14
94	23.00	71.00	850.00	12000.00	42500.00	545829.03	545829.03	0.00	0.00	0.00	0.00	10.52	0.00	0.14
95	23.00	72.00	850.00	12000.00	42500.00	545829.03	545829.03	0.00	0.00	0.00	0.00	10.66	0.00	0.14
96	23.00	73.00	850.00	12000.00	42500.00	545829.03	545829.03	0.00	0.00	0.00	0.00	10.59	0.00	0.14
97	23.00	74.00	850.00	12000.00	42500.00	545829.03	545829.03	0.00	0.00	0.00	0.00	10.68	0.00	0.14
98	24.00	74.00	850.00	12000.00	42500.00	545829.03	545829.03	0.00	0.00	0.00	0.00	10.57	0.00	0.14
99	24.00	25.00	850.00	12000.00	42500.00	545829.03	545829.03	0.00	0.00	0.00	0.00	4.92	0.00	0.14
100	24.00	26.00	850.00	12000.00	42500.00	545829.03	545829.03	0.00	0.00	0.00	0.00	6.53	0.00	0.14
101	24.00	27.00	722.50	14400.00	36125.00	545829.03	545829.03	0.00	0.00	0.00	0.00	6.65	0.00	0.14
102	25.00	27.00	722.50	14400.00	36125.00	545829.03	545829.03	0.00	0.00	0.00	0.00	6.52	0.00	0.14
103	25.00	28.00	722.50	14400.00	36125.00	545829.03	545829.03	0.00	0.00	0.00	0.00	6.64	0.00	0.14
104	26.00	28.00	722.50	14400.00	36125.00	545829.03	545829.03	0.00	0.00	0.00	0.00	6.51	0.00	0.14
105	26.00	29.00	722.50	14400.00	36125.00	545829.03	545829.03	0.00	0.00	0.00	0.00	6.85	0.00	0.14
106	26.00	30.00	722.50	14400.00	36125.00	545829.03	545829.03	0.00	0.00	0.00	0.00	6.88	0.00	0.14
107	26.00	31.00	722.50	14400.00	36125.00	545829.03	545829.03	0.00	0.00	0.00	0.00	6.97	0.00	0.14
108	26.00	32.00	722.50	14400.00	36125.00	545829.03	545829.03	0.00	0.00	0.00	0.00	6.96	0.00	0.14
109	26.00	33.00	722.50	14400.00	36125.00	545829.03	545829.03	0.00	0.00	0.00	0.00	6.95	0.00	0.14
110	26.00	34.00	722.50	14400.00	36125.00	545829.03	545829.03	0.00	0.00	0.00	0.00	7.01	0.00	0.14
111	27.00	34.00	722.50	14400.00	36125.00	545829.03	545829.03	0.00	0.00	0.00	0.00	6.90	0.00	0.14
112	27.00	35.00	722.50	14400.00	36125.00	545829.03	545829.03	0.00	0.00	0.00	0.00	6.99	0.00	0.14
113	27.00	36.00	722.50	14400.00	36125.00	545829.03	545829.03	0.00	0.00	0.00	0.00	7.08	0.00	0.14
114	27.00	37.00	722.50	14400.00	36125.00	545829.03	545829.03	0.00	0.00	0.00	0.00	7.10	0.00	0.14
115	28.00	37.00	722.50	14400.00	36125.00	545829.03	545829.03	0.00	0.00	0.00	0.00	6.99	0.00	0.14
116	28.00	38.00	722.50	14400.00	36125.00	545829.03	545829.03	0.00	0.00	0.00	0.00	7.07	0.00	0.14
117	28.00	39.00	722.50	14400.00	36125.00	545829.03	545829.03	0.00	0.00	0.00	0.00	7.15	0.00	0.14
118	28.00	40.00	722.50	14400.00	36125.00	545829.03	545829.03	0.00	0.00	0.00	0.00	7.81	0.00	0.14
119	28.00	41.00	722.50	14400.00	36125.00	545829.03	545829.03	0.00	0.00	0.00	0.00	7.83	0.00	0.14
120	28.00	42.00	722.50	14400.00	36125.00	545829.03	545829.03	0.00	0.00	0.00	0.00	7.82	0.00	0.14
121	28.00	43.00	722.50	14400.00	36125.00	545829.03	545829.03	0.00	0.00	0.00	0.00	8.33	0.00	0.14
122	28.00	44.00	722.50	14400.00	36125.00	545829.03	545829.03	0.00	0.00	0.00	0.00	8.40	0.00	0.14
123	28.00	45.00	722.50	14400.00	36125.00	545829.03	545829.03	0.00	0.00	0.00	0.00	8.43	0.00	0.14
124	28.00	46.00	722.50	14400.00	36125.00	545829.03	545829.03	0.00	0.00	0.00	0.00	8.47	0.00	0.14
125	29.00	46.00	722.50	14400.00	36125.00	545829.03	545829.03	0.00	0.00	0.00	0.00	8.36	0.00	0.14
126	29.00	47.00	722.50	14400.00	36125.00	545829.03	545829.03	0.00	0.00	0.00	0.00	8.41	0.00	0.14
127	30.00	47.00	722.50	14400.00	36125.00	545829.03	545829.03	0.00	0.00	0.00	0.00	8.30	0.00	0.14
128	30.00	48.00	722.50	14400.00	36125.00	545829.03	545829.03	0.00	0.00	0.00	0.00	8.38	0.00	0.14
129	31.00	48.00	722.50	14400.00	36125.00	545829.03	545829.03	0.00	0.00	0.00	0.00	8.27	0.00	0.14
130	31.00	49.00	722.50	14400.00	36125.00	545829.03	545829.03	0.00	0.00	0.00	0.00	8.51	0.00	0.14
131	31.00	50.00	722.50	14400.00	36125.00	545829.03	545829.03	0.00	0.00	0.00	0.00	8.50	0.00	0.14
132	31.00	51.00	722.50	14400.00	36125.00	545829.03	545829.03	0.00	0.00	0.00	0.00	8.61	0.00	0.14
133	32.00	51.00	722.50	14400.00	36125.00	545829.03	545829.03	0.00	0.00	0.00	0.00	8.50	0.00	0.14
134	33.00	51.00	722.50	14400.00	36125.00	545829.03	545829.03	0.00	0.00	0.00	0.00	8.40	0.00	0.14
135	33.00	52.00	722.50	14400.00	36125.00	545829.03	545829.03	0.00	0.00	0.00	0.00	8.36	0.00	0.14
136	33.00	53.00	722.50	14400.00	36125.00	545829.03	545829.03	0.00	0.00	0.00	0.00	8.60	0.00	0.14
137	34.00	53.00	722.50	14400.00	36125.00	545829.03	545829.03	0.00	0.00	0.00	0.00	8.50	0.00	0.14
138	35.00	53.00	722.50	14400.00	36125.00	545829.03	545829.03	0.00	0.00	0.00	0.00	8.40	0.00	0.14
139	35.00	54.00	722.50	14400.00	36125.00	545829.03	545829.03	0.00	0.00	0.00	0.00	8.50	0.00	0.14
140	35.00	55.00	722.50	14400.00	36125.00	545829.03	545829.03	0.00	0.00	0.00	0.00	8.65	0.00	0.14
141	35.00	56.00	722.50	14400.00	36125.00	545829.03	545829.03	0.00	0.00	0.00	0.00	9.08	0.00	0.14
142	36.00	56.00	722.50	14400.00	36125.00	545829.03	545829.03	0.00	0.00	0.00	0.00	8.98	0.00	0.14
143	36.00	57.00	722.50	14400.00	36125.00	545829.03	545829.03	0.00	0.00	0.00	0.00	8.96	0.00	0.14
144	36.00	58.00	722.50	14400.00	36125.00	545829.03	545829.03	0.00	0.00	0.00	0.00	9.10	0.00	0.14
145	37.00	58.00	722.50	14400.00	36125.00	545829.03	545829.03	0.00	0.00	0.00	0.00	9.01	0.00	0.14
146	37.00	59.00	722.50	14400.00	36125.00	545829.03	545829.03	0.00	0.00	0.00	0.00	9.06	0.00	0.14
147	38.00	59.00	722.50	14400.00	36125.00	545829.03	545829.03	0.00	0.00	0.00	0.00	8.97	0.00	0.14
148	38.00	60.00	722.50	14400.00	36125.00	545829.03	545829.03	0.00	0.00	0.00	0.00	9.05	0.00	0.14
149	38.00	61.00	722.50	14400.00	36125.00	545829.03	545829.03	0.00	0.00	0.00	0.00	9.17	0.00	0.14
150	38.00	62.00	722.50	14400.00	36125.00	545829.03	545829.03	0.00	0.00	0.00	0.00	9.14	0.00	0.14
151	39.00	62.00	722.50	14400.00	36125.00	545829.03	545829.03	0.00	0.00	0.00	0.00	9.05	0.00	0.14
152	39.00	63.00	722.50	14400.00	36125.00	545829.03	545829.03	0.00	0.00	0.00	0.00	9.09	0.00	0.14
153	40.00	63.00	722.50	14400.00	36125.00	545829.03	545829.03	0.00	0.00	0.00	0.00	9.00	0.00	0.14
154	40.00	64.00	722.50	14400.00	36125.00	545829.03	545829.03	0.00	0.00	0.00	0.00	9.15	0.00	0.14
155	40.00	65.00	722.50	14400.00	36125.00	545829.03	545829.03	0.00	0.00	0.00	0.00	9.22	0.00	0.14
156	40.00	66.00	722.50	14400.00	36125.00	545829.03	545829.03	0.00	0.00	0.00	0.00	9.22	0.00	0.14
157	40.00	67.00	722.50	14400.00	36125.00	545829.03	545829.03	0.00	0.00	0.00	0.00	9.29	0.00	0.14
158	40.00	68.00	722.50	14400.00	36125.00	545829.03	545829.03	0.00	0.00	0.00	0.00	9.34	0.00	0.14
159	40.00	69.00	722.50	14400.00	36125.00	545829.03	545829.03	0.00	0.00	0.00	0.00	9.37	0.00	0.14
160	40.00	70.00	722.50	14400.00	36125.00	545829.03	545829.03	0.00	0.00	0.00	0.00	9.36	0.00	0.14
161	41.00	70.00	722.50	14400.00	36125.00	545829.03	545829.03	0.00	0.00	0.00	0.00	9.28	0.00	0.14
162	41.00	71.00	722.50	14400.00	36125.00	545829.03	545829.03	0.00	0.00	0.00	0.00	9.27	0.00	0.14
163	41.00	72.00	722.50	14400.00	36125.00	545829.03	545829.03	0.00	0.00	0.00	0.00	9.26	0.00	0.14
164	41.00	73.00	722.50	14400.00	36125.00	545829.03	545829.03	0.00	0.00	0.00	0.00	9.21	0.00	0.14
165	41.00	74.00	722.50	14400.00	36125.00	545829.03	545829.03	0.00	0.00	0.00	0.00	9.34	0.00	0.14
166	42.00	74.00	722.50	14400.00	36125.00	545829.03	545829.03	0.00	0.00	0.00	0.00	9.26	0.00	0.14
167	42.00	25.00	722.50	14400.00	36125.00	545829.03	545829.03	0.00	0.00	0.00	0.00	2.95	0.00	0.14
168	42.00	26.00	722.50	14400.00	36125.00	545829.03	545829.03	0.00	0.00	0.00	0.00	3.01	0.00	0.14
169	43.00	26.00	722.50	14400.00	36125.00	545829.03	545829.03	0.00	0.00	0.00	0.00	2.97	0.00	0.14
170	43.00	27.00	722.50	14400.00	36125.00	545829.03	545829.03	0.00	0.00	0.00	0.00	3.22	0.00	0.14
171	44.00	27.00	722.50	14400.00	36125.00	545829.03	545829.03	0.00	0.00	0.00	0.00	3.18	0.00	0.14
172	44.00	28.00	722.50	14400.00	36125.00	545829.03	545829.03	0.00	0.00	0.00	0.00	3.22	0.00	0.14
173	44.00	29.00	722.50	14400.00	36125.00	545829.03	545829.03	0.00	0.00	0.00	0.00	4.83	0.00	0.14
174	44.00	30.00	722.50	14400.00	36125.00	545829.03	545829.03	0.00	0.00	0.00	0.00	4.90	0.00	0.14
175	45.00	30.00	722.50	14400.00	36125.00	545829.03	545829.03	0.00	0.00	0.00	0.00	4.83	0.00	0.14
176	45.00	31.00	722.50	14400.00	36125.00	545829.03	545829.03	0.00	0.00	0.00	0.00	4.88	0.00	0.14
177	45.00	32.00	722.50	14400.00	36125.00	545829.03	545829.03	0.00	0.00	0.00	0.00	4.99	0.00	0.14
178	45.00	33.00	722.50	14400.00	36125.00	545829.03	545829.03	0.00	0.00	0.00	0.00	5.03	0.00	0.14
179	46.00	33.00	722.50	14400.00	36125.00	545829.03	545829.03	0.00	0.00	0.00	0.00	4.97	0.00	0.14
180	46.00	34.00	722.50	14400.00	36125.00	545829.03	545829.03	0.00	0.00	0.00	0.00	5.39	0.00	0.14
181	46.00	35.00	722.50	14400.00	36125.00	545829.03	545829.03	0.00	0.00	0.00	0.00	5.49	0.00	0.14
182	46.00	36.00	722.50	14400.00	36125.00	545829.03	545829.03	0.00	0.00	0.00	0.00	5.64	0.00	0.14
183	46.00	37.00	722.50	14400.00	36125.00	545829.03	545829.03	0.00	0.00	0.00	0.00	6.01	0.00	0.14
184	46.00	38.00	722.50	14400.00	36125.00	545829.03	545829.03	0.00	0.00	0.00	0.00	6.16	0.00	0.14
185	46.00	39.00	722.50	14400.00	36125.00	545829.03	545829.03	0.00	0.00	0.00	0.00	6.28	0.00	0.14
186	46.00	40.00	722.50	14400.00	36125.00	545829.03	545829.03	0.00	0.00	0.00	0.00	6.47	0.00	0.14
187	46.00	41.00	722.50	14400.00	36125.00	545829.03	545829.03	0.00	0.00	0.00	0.00	6.71	0.00	0.14
188	46.00	42.00	722.50	14400.00	36125.00	545829.03	545829.03	0.00	0.00	0.00	0.00	6.85	0.00	0.14
189	46.00	43.00	722.50	14400.00	36125.00	545829.03	545829.03	0.00	0.00	0.00	0.00	6.85	0.00	0.14
190	46.00	44.00	722.50	14400.00	36125.00	545829.03	545829.03	0.00	0.00	0.00	0.00	6.85	0.00	0.14
191	46.00	45.00	722.50	14400.00	36125.00	545829.03	545829.03	0.00	0.00	0.00	0.00	6.96	0.00	0.14
192	46.00	46.00	722.50	14400.00	36125.00	545829.03	545829.03	0.00	0.00	0.00	0.00	6.92	0.00	0.14
193	46.00	47.00	722.50	14400.00	36125.00	545829.03	545829.03	0.00	0.00	0.00	0.00	6.87	0.00	0.14
194	47.00	47.00	722.50	14400.00	36125.00	545829.03	545829.03	0.00	0.00	0.00	0.00	6.80	0.00	0.14
195	48.00	47.00	722.50	14400.00	36125.00	545829.03	545829.03	0.00	0.00	0.00	0.00	6.73	0.00	0.14
196	49.00	47.00	722.50	14400.00	36125.00	545829.03	545829.03	0.00	0.00	0.00	0.00	6.66	0.00	0.14
197	50.00	47.00	722.50	14400.00	36125.00	545829.03	545829.03	0.00	0.00	0.00	0.00	6.59	0.00	0.14
198	50.00	48.00	722.50	14400.00	36125.00	545829.03	545829.03	0.00	0.00	0.00	0.00	6.97	0.00	0.14
199	51.00	48.00	722.50	14400.00	36125.00	545829.03	545829.03	0.00	0.00	0.00	0.00	6.90	0.00	0.14
200	51.00	49.00	722.50	14400.00	36125.00	545829.03	545829.03	0.00	0.00	0.00	0.00	7.15	0.00	0.14
201	51.00	50.00	614.12	17280.00	30706.25	545829.03	545829.03	0.00	0.00	0.00	0.00	7.15	0.00	0.14
202	51.00	51.00	614.12	17280.00	30706.25	545829.03	545829.03	0.00	0.00	0.00	0.00	7.19	0.00	0.14
203	52.00	51.00	614.12	17280.00	30706.25	545829.03	545829.03	0.00	0.00	0.00	0.00	7.12	0.00	0.14
204	52.00	52.00	614.12	17280.00	30706.25	545829.03	545829.03	0.00	0.00	0.00	0.00	7.09	0.00	0.14
205	52.00	53.00	614.12	17280.00	30706.25	545829.03	545829.03	0.00	0.00	0.00	0.00	7.09	0.00	0.14
206	52.00	54.00	614.12	17280.00	30706.25	545829.03	545829.03	0.00	0.00	0.00	0.00	7.20	0.00	0.14
207	53.00	54.00	614.12	17280.00	30706.25	545829.03	545829.03	0.00	0.00	0.00	0.00	7.13	0.00	0.14
208	53.00	55.00	614.12	17280.00	30706.25	545829.03	545829.03	0.00	0.00	0.00	0.00	7.10	0.00	0.14
209	53.00	56.00	614.12	17280.00	30706.25	545829.03	545829.03	0.00	0.00	0.00	0.00	7.07	0.00	0.14
210	54.00	56.00	614.12	17280.00	30706.25	545829.03	545829.03	0.00	0.00	0.00	0.00	7.00	0.00	0.14
211	54.00	57.00	614.12	17280.00	30706.25	545829.03	545829.03	0.00	0.00	0.00	0.00	7.13	0.00	0.14
212	54.00	58.00	614.12	17280.00	30706.25	545829.03	545829.03	0.00	0.00	0.00	0.00	7.13	0.00	0.14
213	55.00	58.00	614.12	17280.00	30706.25	545829.03	545829.03	0.00	0.00	0.00	0.00	7.07	0.00	0.14
214	55.00	59.00	614.12	17280.00	30706.25	545829.03	545829.03	0.00	0.00	0.00	0.00	7.10	0.00	0.14
215	55.00	60.00	614.12	17280.00	30706.25	545829.03	545829.03	0.00	0.00	0.00	0.00	7.11	0.00	0.14
216	56.00	60.00	614.12	17280.00	30706.25	545829.03	545829.03	0.00	0.00	0.00	0.00	7.05	0.00	0.14
217	56.00	61.00	614.12	17280.00	30706.25	545829.03	545829.03	0.00	0.00	0.00	0.00	7.02	0.00	0.14
218	57.00	61.00	614.12	17280.00	30706.25	545829.03	545829.03	0.00	0.00	0.00	0.00	6.96	0.00	0.14
219	58.00	61.00	614.12	17280.00	30706.25	545829.03	545829.03	0.00	0.00	0.00	0.00	6.90	0.00	0.14
220	58.00	62.00	614.12	17280.00	30706.25	545829.03	545829.03	0.00	0.00	0.00	0.00	6.87	0.00	0.14
221	59.00	62.00	614.12	17280.00	30706.25	545829.03	545829.03	0.00	0.00	0.00	0.00	6.82	0.00	0.14
222	59.00	63.00	614.12	17280.00	30706.25	545829.03	545829.03	0.00	0.00	0.00	0.00	6.89	0.00	0.14
223	60.00	63.00	614.12	17280.00	30706.25	545829.03	545829.03	0.00	0.00	0.00	0.00	6.84	0.00	0.14
224	60.00	64.00	614.12	17280.00	30706.25	545829.03	545829.03	0.00	0.00	0.00	0.00	6.81	0.00	0.14
225	60.00	65.00	614.12	17280.00	30706.25	545829.03	545829.03	0.00	0.00	0.00	0.00	6.78	0.00	0.14
226	61.00	65.00	614.12	17280.00	30706.25	545829.03	545829.03	0.00	0.00	0.00	0.00	6.72	0.00	0.14
227	62.00	65.00	614.12	17280.00	30706.25	545829.03	545829.03	0.00	0.00	0.00	0.00	6.67	0.00	0.14
228	62.00	66.00	614.12	17280.00	30706.25	545829.03	545829.03	0.00	0.00	0.00	0.00	6.64	0.00	0.14
229	62.00	67.00	614.12	17280.00	30706.25	545829.03	545829.03	0.00	0.00	0.00	0.00	6.63	0.00	0.14
230	62.00	68.00	614.12	17280.00	30706.25	545829.03	545829.03	0.00	0.00	0.00	0.00	6.67	0.00	0.14
231	62.00	69.00	614.12	17280.00	30706.25	545829.03	545829.03	0.00	0.00	0.00	0.00	6.84	0.00	0.14
232	62.00	70.00	614.12	17280.00	30706.25	545829.03	545829.03	0.00	0.00	0.00	0.00	6.87	0.00	0.14
233	63.00	70.00	614.12	17280.00	30706.25	545829.03	545829.03	0.00	0.00	0.00	0.00	6.82	0.00	0.14
234	64.00	70.00	614.12	17280.00	30706.25	545829.03	545829.03	0.00	0.00	0.00	0.00	6.77	0.00	0.14
235	65.00	70.00	614.12	17280.00	30706.25	545829.03	545829.03	0.00	0.00	0.00	0.00	6.72	0.00	0.14
236	65.00	71.00	614.12	17280.00	30706.25	545829.03	545829.03	0.00	0.00	0.00	0.00	6.77	0.00	0.14
237	65.00	72.00	614.12	17280.00	30706.25	545829.03	545829.03	0.00	0.00	0.00	0.00	6.74	0.00	0.14
238	65.00	73.00	614.12	17280.00	30706.25	545829.03	545829.03	0.00	0.00	0.00	0.00	6.72	0.00	0.14
239	65.00	74.00	614.12	17280.00	30706.25	545829.03	545829.03	0.00	0.00	0.00	0.00	6.69	0.00	0.14
240	65.00	25.00	614.12	17280.00	30706.25	545829.03	545829.03	0.00	0.00	0.00	0.00	1.67	0.00	0.14
241	66.00	25.00	614.12	17280.00	30706.25	545829.03	545829.03	0.00	0.00	0.00	0.00	1.65	0.00	0.14
242	67.00	25.00	614.12	17280.00	30706.25	545829.03	545829.03	0.00	0.00	0.00	0.00	1.64	0.00	0.14
243	68.00	25.00	614.12	17280.00	30706.25	545829.03	545829.03	0.00	0.00	0.00	0.00	1.62	0.00	0.14
244	69.00	25.00	614.12	17280.00	30706.25	545829.03	545829.03	0.00	0.00	0.00	0.00	1.60	0.00	0.14
245	69.00	26.00	614.12	17280.00	30706.25	545829.03	545829.03	0.00	0.00	0.00	0.00	1.79	0.00	0.14
246	69.00	27.00	614.12	17280.00	30706.25	545829.03	545829.03	0.00	0.00	0.00	0.00	1.86	0.00	0.14
247	69.00	28.00	614.12	17280.00	30706.25	545829.03	545829.03	0.00	0.00	0.00	0.00	2.01	0.00	0.14
248	69.00	29.00	614.12	17280.00	30706.25	545829.03	545829.03	0.00	0.00	0.00	0.00	2.09	0.00	0.14
249	69.00	30.00	614.12	17280.00	30706.25	545829.03	545829.03	0.00	0.00	0.00	0.00	2.15	0.00	0.14
250	70.00	30.00	614.12	17280.00	30706.25	545829.03	545829.03	0.00	0.00	0.00	0.00	2.13	0.00	0.14
251	70.00	31.00	614.12	17280.00	30706.25	545829.03	545829.03	0.00	0.00	0.00	0.00	2.13	0.00	0.14
252	71.00	31.00	614.12	17280.00	30706.25	545829.03	545829.03	0.00	0.00	0.00	0.00	2.11	0.00	0.14
253	71.00	32.00	614.12	17280.00	30706.25	545829.03	545829.03	0.00	0.00	0.00	0.00	2.22	0.00	0.14
254	72.00	32.00	614.12	17280.00	30706.25	545829.03	545829.03	0.00	0.00	0.00	0.00	2.20	0.00	0.14
255	72.00	33.00	614.12	17280.00	30706.25	545829.03	545829.03	0.00	0.00	0.00	0.00	2.40	0.00	0.14
256	73.00	33.00	614.12	17280.00	30706.25	545829.03	545829.03	0.00	0.00	0.00	0.00	2.38	0.00	0.14
257	73.00	34.00	614.12	17280.00	30706.25	545829.03	545829.03	0.00	0.00	0.00	0.00	2.39	0.00	0.14
258	74.00	34.00	614.12	17280.00	30706.25	545829.03	545829.03	0.00	0.00	0.00	0.00	2.37	0.00	0.14
259	74.00	35.00	614.12	17280.00	30706.25	545829.03	545829.03	0.00	0.00	0.00	0.00	2.50	0.00	0.14
260	74.00	36.00	614.12	17280.00	30706.25	545829.03	545829.03	0.00	0.00	0.00	0.00	2.51	0.00	0.14
261	25.00	36.00	614.12	17280.00	30706.25	545829.03	545829.03	0.00	0.00	0.00	0.00	4.52	0.00	0.14
262	26.00	36.00	614.12	17280.00	30706.25	545829.03	545829.03	0.00	0.00	0.00	0.00	4.45	0.00	0.14
263	27.00	36.00	614.12	17280.00	30706.25	545829.03	545829.03	0.00	0.00	0.00	0.00	4.38	0.00	0.14
264	28.00	36.00	614.12	17280.00	30706.25	545829.03	545829.03	0.00	0.00	0.00	0.00	4.31	0.00	0.14
265	28.00	37.00	614.12	17280.00	30706.25	545829.03	545829.03	0.00	0.00	0.00	0.00	4.50	0.00	0.14
266	29.00	37.00	614.12	17280.00	30706.25	545829.03	545829.03	0.00	0.00	0.00	0.00	4.43	0.00	0.14
267	30.00	37.00	614.12	17280.00	30706.25	545829.03	545829.03	0.00	0.00	0.00	0.00	4.36	0.00	0.14
268	31.00	37.00	614.12	17280.00	30706.25	545829.03	545829.03	0.00	0.00	0.00	0.00	4.30	0.00	0.14
269	31.00	38.00	614.12	17280.00	30706.25	545829.03	545829.03	0.00	0.00	0.00	0.00	4.71	0.00	0.14
270	32.00	38.00	614.12	17280.00	30706.25	545829.03	545829.03	0.00	0.00	0.00	0.00	4.64	0.00	0.14
271	32.00	39.00	614.12	17280.00	30706.25	545829.03	545829.03	0.00	0.00	0.00	0.00	5.15	0.00	0.14
272	32.00	40.00	614.12	17280.00	30706.25	545829.03	545829.03	0.00	0.00	0.00	0.00	5.27	0.00	0.14
273	33.00	40.00	614.12	17280.00	30706.25	545829.03	545829.03	0.00	0.00	0.00	0.00	5.20	0.00	0.14
274	33.00	41.00	614.12	17280.00	30706.25	545829.03	545829.03	0.00	0.00	0.00	0.00	5.62	0.00	0.14
275	34.00	41.00	614.12	17280.00	30706.25	545829.03	545829.03	0.00	0.00	0.00	0.00	5.55	0.00	0.14
276	35.00	41.00	614.12	17280.00	30706.25	545829.03	545829.03	0.00	0.00	0.00	0.00	5.48	0.00	0.14
277	35.00	42.00	614.12	17280.00	30706.25	545829.03	545829.03	0.00	0.00	0.00	0.00	5.56	0.00	0.14
278	35.00	43.00	614.12	17280.00	30706.25	545829.03	545829.03	0.00	0.00	0.00	0.00	5.53	0.00	0.14
279	35.00	44.00	614.12	17280.00	30706.25	545829.03	545829.03	0.00	0.00	0.00	0.00	5.50	0.00	0.14
280	36.00	44.00	614.12	17280.00	30706.25	545829.03	545829.03	0.00	0.00	0.00	0.00	5.43	0.00	0.14
281	37.00	44.00	614.12	17280.00	30706.25	545829.03	545829.03	0.00	0.00	0.00	0.00	5.36	0.00	0.14
282	37.00	45.00	614.12	17280.00	30706.25	545829.03	545829.03	0.00	0.00	0.00	0.00	5.39	0.00	0.14
283	38.00	45.00	614.12	17280.00	30706.25	545829.03	545829.03	0.00	0.00	0.00	0.00	5.33	0.00	0.14
284	38.00	46.00	614.12	17280.00	30706.25	545829.03	545829.03	0.00	0.00	0.00	0.00	6.13	0.00	0.14
285	38.00	47.00	614.12	17280.00	30706.25	545829.03	545829.03	0.00	0.00	0.00	0.00	6.13	0.00	0.14
286	39.00	47.00	614.12	17280.00	30706.25	545829.03	545829.03	0.00	0.00	0.00	0.00	6.05	0.00	0.14
287	39.00	48.00	614.12	17280.00	30706.25	545829.03	545829.03	0.00	0.00	0.00	0.00	7.65	0.00	0.14
288	39.00	49.00	614.12	17280.00	30706.25	545829.03	545829.03	0.00	0.00	0.00	0.00	7.60	0.00	0.14
289	40.00	49.00	614.12	17280.00	30706.25	545829.03	545829.03	0.00	0.00	0.00	0.00	7.51	0.00	0.14
290	40.00	50.00	614.12	17280.00	30706.25	545829.03	545829.03	0.00	0.00	0.00	0.00	7.62	0.00	0.14
291	41.00	50.00	614.12	17280.00	30706.25	545829.03	545829.03	0.00	0.00	0.00	0.00	7.53	0.00	0.14
292	41.00	51.00	614.12	17280.00	30706.25	545829.03	545829.03	0.00	0.00	0.00	0.00	7.60	0.00	0.14
293	41.00	52.00	614.12	17280.00	30706.25	545829.03	545829.03	0.00	0.00	0.00	0.00	7.60	0.00	0.14
294	41.00	53.00	614.12	17280.00	30706.25	545829.03	545829.03	0.00	0.00	0.00	0.00	7.55	0.00	0.14
295	41.00	54.00	614.12	17280.00	30706.25	545829.03	545829.03	0.00	0.00	0.00	0.00	7.50	0.00	0.14
296	41.00	55.00	614.12	17280.00	30706.25	545829.03	545829.03	0.00	0.00	0.00	0.00	7.68	0.00	0.14
297	41.00	56.00	614.12	17280.00	30706.25	545829.03	545829.03	0.00	0.00	0.00	0.00	7.86	0.00	0.14
298	41.00	57.00	614.12	17280.00	30706.25	545829.03	545829.03	0.00	0.00	0.00	0.00	7.96	0.00	0.14
299	41.00	58.00	614.12	17280.00	30706.25	545829.03	545829.03	0.00	0.00	0.00	0.00	8.85	0.00	0.14
300	41.00	59.00	614.12	17280.00	30706.25	545829.03	545829.03	0.00	0.00	0.00	0.00	8.82	0.00	0.14
301	41.00	60.00	522.01	20736.00	26100.31	545829.03	545829.03	0.00	0.00	0.00	0.00	8.77	0.00	0.14
302	41.00	61.00	522.01	20736.00	26100.31	545829.03	545829.03	0.00	0.00	0.00	0.00	9.09	0.00	0.14
303	41.00	62.00	522.01	20736.00	26100.31	545829.03	545829.03	0.00	0.00	0.00	0.00	9.18	0.00	0.14
304	42.00	62.00	522.01	20736.00	26100.31	545829.03	545829.03	0.00	0.00	0.00	0.00	9.09	0.00	0.14
305	42.00	63.00	522.01	20736.00	26100.31	545829.03	545829.03	0.00	0.00	0.00	0.00	9.03	0.00	0.14
306	42.00	64.00	522.01	20736.00	26100.31	545829.03	545829.03	0.00	0.00	0.00	0.00	9.11	0.00	0.14
307	43.00	64.00	522.01	20736.00	26100.31	545829.03	545829.03	0.00	0.00	0.00	0.00	9.02	0.00	0.14
308	44.00	64.00	522.01	20736.00	26100.31	545829.03	545829.03	0.00	0.00	0.00	0.00	8.94	0.00	0.14
309	44.00	65.00	522.01	20736.00	26100.31	545829.03	545829.03	0.00	0.00	0.00	0.00	9.71	0.00	0.14
310	44.00	66.00	522.01	20736.00	26100.31	545829.03	545829.03	0.00	0.00	0.00	0.00	10.00	0.00	0.14
311	44.00	67.00	522.01	20736.00	26100.31	545829.03	545829.03	0.00	0.00	0.00	0.00	10.08	0.00	0.14
312	44.00	68.00	522.01	20736.00	26100.31	545829.03	545829.03	0.00	0.00	0.00	0.00	10.09	0.00	0.14
313	45.00	68.00	522.01	20736.00	26100.31	545829.03	545829.03	0.00	0.00	0.00	0.00	10.00	0.00	0.14
314	45.00	69.00	522.01	20736.00	26100.31	545829.03	545829.03	0.00	0.00	0.00	0.00	10.02	0.00	0.14
315	46.00	69.00	522.01	20736.00	26100.31	545829.03	545829.03	0.00	0.00	0.00	0.00	9.93	0.00	0.14
316	46.00	70.00	522.01	20736.00	26100.31	545829.03	545829.03	0.00	0.00	0.00	0.00	10.50	0.00	0.14
317	46.00	71.00	522.01	20736.00	26100.31	545829.03	545829.03	0.00	0.00	0.00	0.00	10.43	0.00	0.14
318	46.00	72.00	522.01	20736.00	26100.31	545829.03	545829.03	0.00	0.00	0.00	0.00	10.39	0.00	0.14
319	47.00	72.00	522.01	20736.00	26100.31	545829.03	545829.03	0.00	0.00	0.00	0.00	10.31	0.00	0.14
320	48.00	72.00	522.01	20736.00	26100.31	545829.03	545829.03	0.00	0.00	0.00	0.00	10.22	0.00	0.14
321	48.00	73.00	522.01	20736.00	26100.31	545829.03	545829.03	0.00	0.00	0.00	0.00	10.70	0.00	0.14
322	48.00	74.00	522.01	20736.00	26100.31	545829.03	545829.03	0.00	0.00	0.00	0.00	10.77	0.00	0.14
323	48.00	25.00	522.01	20736.00	26100.31	545829.03	545829.03	0.00	0.00	0.00	0.00	4.93	0.00	0.14
324	49.00	25.00	522.01	20736.00	26100.31	545829.03	545829.03	0.00	0.00	0.00	0.00	4.86	0.00	0.14
325	50.00	25.00	522.01	20736.00	26100.31	545829.03	545829.03	0.00	0.00	0.00	0.00	4.79	0.00	0.14
326	50.00	26.00	522.01	20736.00	26100.31	545829.03	545829.03	0.00	0.00	0.00	0.00	4.99	0.00	0.14
327	51.00	26.00	522.01	20736.00	26100.31	545829.03	545829.03	0.00	0.00	0.00	0.00	4.93	0.00	0.14
328	51.00	27.00	522.01	20736.00	26100.31	545829.03	545829.03	0.00	0.00	0.00	0.00	5.07	0.00	0.14
329	52.00	27.00	522.01	20736.00	26100.31	545829.03	545829.03	0.00	0.00	0.00	0.00	5.01	0.00	0.14
330	52.00	28.00	522.01	20736.00	26100.31	545829.03	545829.03	0.00	0.00	0.00	0.00	5.24	0.00	0.14
331	53.00	28.00	522.01	20736.00	26100.31	545829.03	545829.03	0.00	0.00	0.00	0.00	5.18	0.00	0.14
332	53.00	29.00	522.01	20736.00	26100.31	545829.03	545829.03	0.00	0.00	0.00	0.00	5.25	0.00	0.14
333	53.00	30.00	522.01	20736.00	26100.31	545829.03	545829.03	0.00	0.00	0.00	0.00	5.30	0.00	0.14
334	53.00	31.00	522.01	20736.00	26100.31	545829.03	545829.03	0.00	0.00	0.00	0.00	5.33	0.00	0.14
335	54.00	31.00	522.01	20736.00	26100.31	545829.03	545829.03	0.00	0.00	0.00	0.00	5.27	0.00	0.14
336	55.00	31.00	522.01	20736.00	26100.31	545829.03	545829.03	0.00	0.00	0.00	0.00	5.21	0.00	0.14
337	56.00	31.00	522.01	20736.00	26100.31	545829.03	545829.03	0.00	0.00	0.00	0.00	5.15	0.00	0.14
338	57.00	31.00	522.01	20736.00	26100.31	545829.03	545829.03	0.00	0.00	0.00	0.00	5.09	0.00	0.14
339	57.00	32.00	522.01	20736.00	26100.31	545829.03	545829.03	0.00	0.00	0.00	0.00	5.50	0.00	0.14
340	58.00	32.00	522.01	20736.00	26100.31	545829.03	545829.03	0.00	0.00	0.00	0.00	5.44	0.00	0.14
341	59.00	32.00	522.01	20736.00	26100.31	545829.03	545829.03	0.00	0.00	0.00	0.00	5.38	0.00	0.14
342	59.00	33.00	522.01	20736.00	26100.31	545829.03	545829.03	0.00	0.00	0.00	0.00	5.35	0.00	0.14
343	60.00	33.00	522.01	20736.00	26100.31	545829.03	545829.03	0.00	0.00	0.00	0.00	5.29	0.00	0.14
344	61.00	33.00	522.01	20736.00	26100.31	545829.03	545829.03	0.00	0.00	0.00	0.00	5.24	0.00	0.14
345	61.00	34.00	522.01	20736.00	26100.31	545829.03	545829.03	0.00	0.00	0.00	0.00	5.31	0.00	0.14
346	61.00	35.00	522.01	20736.00	26100.31	545829.03	545829.03	0.00	0.00	0.00	0.00	5.62	0.00	0.14
347	61.00	36.00	522.01	20736.00	26100.31	545829.03	545829.03	0.00	0.00	0.00	0.00	5.74	0.00	0.14
348	61.00	37.00	522.01	20736.00	26100.31	545829.03	545829.03	0.00	0.00	0.00	0.00	7.05	0.00	0.14
349	62.00	37.00	522.01	20736.00	26100.31	545829.03	545829.03	0.00	0.00	0.00	0.00	6.97	0.00	0.14
350	63.00	37.00	522.01	20736.00	26100.31	545829.03	545829.03	0.00	0.00	0.00	0.00	6.90	0.00	0.14
351	63.00	38.00	522.01	20736.00	26100.31	545829.03	545829.03	0.00	0.00	0.00	0.00	7.00	0.00	0.14
352	64.00	38.00	522.01	20736.00	26100.31	545829.03	545829.03	0.00	0.00	0.00	0.00	6.94	0.00	0.14
353	65.00	38.00	522.01	20736.00	26100.31	545829.03	545829.03	0.00	0.00	0.00	0.00	6.87	0.00	0.14
354	66.00	38.00	522.01	20736.00	26100.31	545829.03	545829.03	0.00	0.00	0.00	0.00	6.80	0.00	0.14
355	66.00	39.00	522.01	20736.00	26100.31	545829.03	545829.03	0.00	0.00	0.00	0.00	6.85	0.00	0.14
356	66.00	40.00	522.01	20736.00	26100.31	545829.03	545829.03	0.00	0.00	0.00	0.00	6.89	0.00	0.14
357	67.00	40.00	522.01	20736.00	26100.31	545829.03	545829.03	0.00	0.00	0.00	0.00	6.82	0.00	0.14
358	68.00	40.00	522.01	20736.00	26100.31	545829.03	545829.03	0.00	0.00	0.00	0.00	6.76	0.00	0.14
359	68.00	41.00	522.01	20736.00	26100.31	545829.03	545829.03	0.00	0.00	0.00	0.00	7.13	0.00	0.14
360	68.00	42.00	522.01	20736.00	26100.31	545829.03	545829.03	0.00	0.00	0.00	0.00	7.25	0.00	0.14
361	69.00	42.00	522.01	20736.00	26100.31	545829.03	545829.03	0.00	0.00	0.00	0.00	7.19	0.00	0.14
362	70.00	42.00	522.01	20736.00	26100.31	545829.03	545829.03	0.00	0.00	0.00	0.00	7.12	0.00	0.14
363	70.00	43.00	522.01	20736.00	26100.31	545829.03	545829.03	0.00	0.00	0.00	0.00	7.09	0.00	0.14
364	70.00	44.00	522.01	20736.00	26100.31	545829.03	545829.03	0.00	0.00	0.00	0.00	7.12	0.00	0.14
365	71.00	44.00	522.01	20736.00	26100.31	545829.03	545829.03	0.00	0.00	0.00	0.00	7.06	0.00	0.14
366	71.00	45.00	522.01	20736.00	26100.31	545829.03	545829.03	0.00	0.00	0.00	0.00	7.06	0.00	0.14
367	72.00	45.00	522.01	20736.00	26100.31	545829.03	545829.03	0.00	0.00	0.00	0.00	7.00	0.00	0.14
368	72.00	46.00	522.01	20736.00	26100.31	545829.03	545829.03	0.00	0.00	0.00	0.00	7.04	0.00	0.14
369	73.00	46.00	522.01	20736.00	26100.31	545829.03	545829.03	0.00	0.00	0.00	0.00	6.98	0.00	0.14
370	73.00	47.00	522.01	20736.00	26100.31	545829.03	545829.03	0.00	0.00	0.00	0.00	7.02	0.00	0.14
371	74.00	47.00	522.01	20736.00	26100.31	545829.03	545829.03	0.00	0.00	0.00	0.00	6.96	0.00	0.14
372	25.00	47.00	522.01	20736.00	26100.31	545829.03	545829.03	0.00	0.00	0.00	0.00	11.69	0.00	0.14
373	26.00	47.00	522.01	20736.00	26100.31	545829.03	545829.03	0.00	0.00	0.00	0.00	11.53	0.00	0.14
374	26.00	48.00	522.01	20736.00	26100.31	545829.03	545829.03	0.00	0.00	0.00	0.00	11.69	0.00	0.14
375	26.00	49.00	522.01	20736.00	26100.31	545829.03	545829.03	0.00	0.00	0.00	0.00	11.69	0.00	0.14
376	27.00	49.00	522.01	20736.00	26100.31	545829.03	545829.03	0.00	0.00	0.00	0.00	11.54	0.00	0.14
377	28.00	49.00	522.01	20736.00	26100.31	545829.03	545829.03	0.00	0.00	0.00	0.00	11.39	0.00	0.14
378	28.00	50.00	522.01	20736.00	26100.31	545829.03	545829.03	0.00	0.00	0.00	0.00	11.37	0.00	0.14
379	28.00	51.00	522.01	20736.00	26100.31	545829.03	545829.03	0.00	0.00	0.00	0.00	11.38	0.00	0.14
380	29.00	51.00	522.01	20736.00	26100.31	545829.03	545829.03	0.00	0.00	0.00	0.00	11.24	0.00	0.14
381	30.00	51.00	522.01	20736.00	26100.31	545829.03	545829.03	0.00	0.00	0.00	0.00	11.10	0.00	0.14
382	30.00	52.00	522.01	20736.00	26100.31	545829.03	545829.03	0.00	0.00	0.00	0.00	11.17	0.00	0.14
383	30.00	53.00	522.01	20736.00	26100.31	545829.03	545829.03	0.00	0.00	0.00	0.00	11.25	0.00	0.14
384	30.00	54.00	522.01	20736.00	26100.31	545829.03	545829.03	0.00	0.00	0.00	0.00	11.33	0.00	0.14
385	31.00	54.00	522.01	20736.00	26100.31	545829.03	545829.03	0.00	0.00	0.00	0.00	11.20	0.00	0.14
386	32.00	54.00	522.01	20736.00	26100.31	545829.03	545829.03	0.00	0.00	0.00	0.00	11.07	0.00	0.14
387	33.00	54.00	522.01	20736.00	26100.31	545829.03	545829.03	0.00	0.00	0.00	0.00	10.94	0.00	0.14
388	34.00	54.00	522.01	20736.00	26100.31	545829.03	545829.03	0.00	0.00	0.00	0.00	10.82	0.00	0.14
389	34.00	55.00	522.01	20736.00	26100.31	545829.03	545829.03	0.00	0.00	0.00	0.00	10.73	0.00	0.14
390	34.00	56.00	522.01	20736.00	26100.31	545829.03	545829.03	0.00	0.00	0.00	0.00	10.70	0.00	0.14
391	35.00	56.00	522.01	20736.00	26100.31	545829.03	545829.03	0.00	0.00	0.00	0.00	10.58	0.00	0.14
392	36.00	56.00	522.01	20736.00	26100.31	545829.03	545829.03	0.00	0.00	0.00	0.00	10.47	0.00	0.14
393	36.00	57.00	522.01	20736.00	26100.31	545829.03	545829.03	0.00	0.00	0.00	0.00	10.40	0.00	0.14
394	37.00	57.00	522.01	20736.00	26100.31	545829.03	545829.03	0.00	0.00	0.00	0.00	10.29	0.00	0.14
395	38.00	57.00	522.01	20736.00	26100.31	545829.03	545829.03	0.00	0.00	0.00	0.00	10.18	0.00	0.14
396	39.00	57.00	522.01	20736.00	26100.31	545829.03	545829.03	0.00	0.00	0.00	0.00	10.07	0.00	0.14
397	39.00	58.00	522.01	20736.00	26100.31	545829.03	545829.03	0.00	0.00	0.00	0.00	10.00	0.00	0.14
398	40.00	58.00	522.01	20736.00	26100.31	545829.03	545829.03	0.00	0.00	0.00	0.00	9.90	0.00	0.14
399	40.00	59.00	522.01	20736.00	26100.31	545829.03	545829.03	0.00	0.00	0.00	0.00	9.91	0.00	0.14
400	40.00	60.00	522.01	20736.00	26100.31	545829.03	545829.03	0.00	0.00	0.00	0.00	9.88	0.00	0.14
401	40.00	61.00	443.71	24883.20	22185.27	545829.03	545829.03	0.00	0.00	0.00	0.00	10.26	0.00	0.14
402	41.00	61.00	443.71	24883.20	22185.27	545829.03	545829.03	0.00	0.00	0.00	0.00	10.16	0.00	0.14
403	41.00	62.00	443.71	24883.20	22185.27	545829.03	545829.03	0.00	0.00	0.00	0.00	10.13	0.00	0.14
404	41.00	63.00	443.71	24883.20	22185.27	545829.03	545829.03	0.00	0.00	0.00	0.00	10.67	0.00	0.14
405	42.00	63.00	443.71	24883.20	22185.27	545829.03	545829.03	0.00	0.00	0.00	0.00	10.57	0.00	0.14
406	43.00	63.00	443.71	24883.20	22185.27	545829.03	545829.03	0.00	0.00	0.00	0.00	10.47	0.00	0.14
407	44.00	63.00	443.71	24883.20	22185.27	545829.03	545829.03	0.00	0.00	0.00	0.00	10.37	0.00	0.14
408	44.00	64.00	443.71	24883.20	22185.27	545829.03	545829.03	0.00	0.00	0.00	0.00	10.30	0.00	0.14
409	45.00	64.00	443.71	24883.20	22185.27	545829.03	545829.03	0.00	0.00	0.00	0.00	10.21	0.00	0.14
410	46.00	64.00	443.71	24883.20	22185.27	545829.03	545829.03	0.00	0.00	0.00	0.00	10.11	0.00	0.14
411	46.00	65.00	443.71	24883.20	22185.27	545829.03	545829.03	0.00	0.00	0.00	0.00	10.17	0.00	0.14
412	46.00	66.00	443.71	24883.20	22185.27	545829.03	545829.03	0.00	0.00	0.00	0.00	10.18	0.00	0.14
413	47.00	66.00	443.71	24883.20	22185.27	545829.03	545829.03	0.00	0.00	0.00	0.00	10.09	0.00	0.14
414	47.00	67.00	443.71	24883.20	22185.27	545829.03	545829.03	0.00	0.00	0.00	0.00	10.17	0.00	0.14
415	47.00	68.00	443.71	24883.20	22185.27	545829.03	545829.03	0.00	0.00	0.00	0.00	11.49	0.00	0.14
416	47.00	69.00	443.71	24883.20	22185.27	545829.03	545829.03	0.00	0.00	0.00	0.00	11.42	0.00	0.14
417	47.00	70.00	443.71	24883.20	22185.27	545829.03	545829.03	0.00	0.00	0.00	0.00	11.57	0.00	0.14
418	48.00	70.00	443.71	24883.20	22185.27	545829.03	545829.03	0.00	0.00	0.00	0.00	11.47	0.00	0.14
419	49.00	70.00	443.71	24883.20	22185.27	545829.03	545829.03	0.00	0.00	0.00	0.00	11.38	0.00	0.14
420	50.00	70.00	443.71	24883.20	22185.27	545829.03	545829.03	0.00	0.00	0.00	0.00	11.28	0.00	0.14
421	51.00	70.00	443.71	24883.20	22185.27	545829.03	545829.03	0.00	0.00	0.00	0.00	11.19	0.00	0.14
422	52.00	70.00	443.71	24883.20	22185.27	545829.03	545829.03	0.00	0.00	0.00	0.00	11.10	0.00	0.14
423	53.00	70.00	443.71	24883.20	22185.27	545829.03	545829.03	0.00	0.00	0.00	0.00	11.01	0.00	0.14
424	53.00	71.00	443.71	24883.20	22185.27	545829.03	545829.03	0.00	0.00	0.00	0.00	11.03	0.00	0.14
425	54.00	71.00	443.71	24883.20	22185.27	545829.03	545829.03	0.00	0.00	0.00	0.00	10.94	0.00	0.14
426	54.00	72.00	443.71	24883.20	22185.27	545829.03	545829.03	0.00	0.00	0.00	0.00	10.92	0.00	0.14
427	55.00	72.00	443.71	24883.20	22185.27	545829.03	545829.03	0.00	0.00	0.00	0.00	10.83	0.00	0.14
428	56.00	72.00	443.71	24883.20	22185.27	545829.03	545829.03	0.00	0.00	0.00	0.00	10.75	0.00	0.14
429	57.00	72.00	443.71	24883.20	22185.27	545829.03	545829.03	0.00	0.00	0.00	0.00	10.66	0.00	0.14
430	57.00	73.00	443.71	24883.20	22185.27	545829.03	545829.03	0.00	0.00	0.00	0.00	10.61	0.00	0.14
431	57.00	74.00	443.71	24883.20	22185.27	545829.03	545829.03	0.00	0.00	0.00	0.00	10.59	0.00	0.14
432	57.00	25.00	443.71	24883.20	22185.27	545829.03	545829.03	0.00	0.00	0.00	0.00	3.56	0.00	0.14
433	58.00	25.00	443.71	24883.20	22185.27	545829.03	545829.03	0.00	0.00	0.00	0.00	3.51	0.00	0.14
434	59.00	25.00	443.71	24883.20	22185.27	545829.03	545829.03	0.00	0.00	0.00	0.00	3.47	0.00	0.14
435	60.00	25.00	443.71	24883.20	22185.27	545829.03	545829.03	0.00	0.00	0.00	0.00	3.43	0.00	0.14
436	61.00	25.00	443.71	24883.20	22185.27	545829.03	545829.03	0.00	0.00	0.00	0.00	3.39	0.00	0.14
437	62.00	25.00	443.71	24883.20	22185.27	545829.03	545829.03	0.00	0.00	0.00	0.00	3.35	0.00	0.14
438	62.00	26.00	443.71	24883.20	22185.27	545829.03	545829.03	0.00	0.00	0.00	0.00	3.41	0.00	0.14
439	63.00	26.00	443.71	24883.20	22185.27	545829.03	545829.03	0.00	0.00	0.00	0.00	3.37	0.00	0.14
440	63.00	27.00	443.71	24883.20	22185.27	545829.03	545829.03	0.00	0.00	0.00	0.00	3.46	0.00	0.14
441	64.00	27.00	443.71	24883.20	22185.27	545829.03	545829.03	0.00	0.00	0.00	0.00	3.42	0.00	0.14
442	64.00	28.00	443.71	24883.20	22185.27	545829.03	545829.03	0.00	0.00	0.00	0.00	3.51	0.00	0.14
443	65.00	28.00	443.71	24883.20	22185.27	545829.03	545829.03	0.00	0.00	0.00	0.00	3.47	0.00	0.14
444	66.00	28.00	443.71	24883.20	22185.27	545829.03	545829.03	0.00	0.00	0.00	0.00	3.43	0.00	0.14
445	67.00	28.00	443.71	24883.20	22185.27	545829.03	545829.03	0.00	0.00	0.00	0.00	3.40	0.00	0.14
446	68.00	28.00	443.71	24883.20	22185.27	545829.03	545829.03	0.00	0.00	0.00	0.00	3.36	0.00	0.14
447	68.00	29.00	443.71	24883.20	22185.27	545829.03	545829.03	0.00	0.00	0.00	0.00	3.40	0.00	0.14
448	68.00	30.00	443.71	24883.20	22185.27	545829.03	545829.03	0.00	0.00	0.00	0.00	3.39	0.00	0.14
449	68.00	31.00	443.71	24883.20	22185.27	545829.03	545829.03	0.00	0.00	0.00	0.00	3.49	0.00	0.14
450	69.00	31.00	443.71	24883.20	22185.27	545829.03	545829.03	0.00	0.00	0.00	0.00	3.45	0.00	0.14
451	70.00	31.00	443.71	24883.20	22185.27	545829.03	545829.03	0.00	0.00	0.00	0.00	3.42	0.00	0.14
452	70.00	32.00	443.71	24883.20	22185.27	545829.03	545829.03	0.00	0.00	0.00	0.00	3.50	0.00	0.14
453	70.00	33.00	443.71	24883.20	22185.27	545829.03	545829.03	0.00	0.00	0.00	0.00	3.65	0.00	0.14
454	71.00	33.00	443.71	24883.20	22185.27	545829.03	545829.03	0.00	0.00	0.00	0.00	3.61	0.00	0.14
455	72.00	33.00	443.71	24883.20	22185.27	545829.03	545829.03	0.00	0.00	0.00	0.00	3.58	0.00	0.14
456	73.00	33.00	443.71	24883.20	22185.27	545829.03	545829.03	0.00	0.00	0.00	0.00	3.54	0.00	0.14
457	74.00	33.00	443.71	24883.20	22185.27	545829.03	545829.03	0.00	0.00	0.00	0.00	3.51	0.00	0.14
458	25.00	33.00	443.71	24883.20	22185.27	545829.03	545829.03	0.00	0.00	0.00	0.00	6.48	0.00	0.14
459	26.00	33.00	443.71	24883.20	22185.27	545829.03	545829.03	0.00	0.00	0.00	0.00	6.37	0.00	0.14
460	27.00	33.00	443.71	24883.20	22185.27	545829.03	545829.03	0.00	0.00	0.00	0.00	6.26	0.00	0.14
461	28.00	33.00	443.71	24883.20	22185.27	545829.03	545829.03	0.00	0.00	0.00	0.00	6.16	0.00	0.14
462	29.00	33.00	443.71	24883.20	22185.27	545829.03	545829.03	0.00	0.00	0.00	0.00	6.06	0.00	0.14
463	30.00	33.00	443.71	24883.20	22185.27	545829.03	545829.03	0.00	0.00	0.00	0.00	5.96	0.00	0.14
464	31.00	33.00	443.71	24883.20	22185.27	545829.03	545829.03	0.00	0.00	0.00	0.00	5.87	0.00	0.14
465	32.00	33.00	443.71	24883.20	22185.27	545829.03	545829.03	0.00	0.00	0.00	0.00	5.78	0.00	0.14
466	32.00	34.00	443.71	24883.20	22185.27	545829.03	545829.03	0.00	0.00	0.00	0.00	6.13	0.00	0.14
467	32.00	35.00	443.71	24883.20	22185.27	545829.03	545829.03	0.00	0.00	0.00	0.00	6.16	0.00	0.14
468	32.00	36.00	443.71	24883.20	22185.27	545829.03	545829.03	0.00	0.00	0.00	0.00	6.18	0.00	0.14
469	32.00	37.00	443.71	24883.20	22185.27	545829.03	545829.03	0.00	0.00	0.00	0.00	6.24	0.00	0.14
470	33.00	37.00	443.71	24883.20	22185.27	545829.03	545829.03	0.00	0.00	0.00	0.00	6.15	0.00	0.14
471	34.00	37.00	443.71	24883.20	22185.27	545829.03	545829.03	0.00	0.00	0.00	0.00	6.07	0.00	0.14
472	35.00	37.00	443.71	24883.20	22185.27	545829.03	545829.03	0.00	0.00	0.00	0.00	5.98	0.00	0.14
473	35.00	38.00	443.71	24883.20	22185.27	545829.03	545829.03	0.00	0.00	0.00	0.00	6.06	0.00	0.14
474	36.00	38.00	443.71	24883.20	22185.27	545829.03	545829.03	0.00	0.00	0.00	0.00	5.98	0.00	0.14
475	36.00	39.00	443.71	24883.20	22185.27	545829.03	545829.03	0.00	0.00	0.00	0.00	5.93	0.00	0.14
476	36.00	40.00	443.71	24883.20	22185.27	545829.03	545829.03	0.00	0.00	0.00	0.00	6.03	0.00	0.14
477	37.00	40.00	443.71	24883.20	22185.27	540981.31	540981.31	0.00	0.00	0.00	0.00	5.96	0.00	0.13
478	37.00	41.00	443.71	24883.20	22185.27	540981.31	540981.31	0.00	0.00	0.00	0.00	6.02	0.00	0.13
479	38.00	41.00	443.71	24883.20	22185.27	540981.31	540981.31	0.00	0.00	0.00	0.00	5.95	0.00	0.13
480	39.00	41.00	443.71	24883.20	22185.27	540981.31	540981.31	0.00	0.00	0.00	0.00	5.87	0.00	0.13
481	40.00	41.00	443.71	24883.20	22185.27	540981.31	540981.31	0.00	0.00	0.00	0.00	5.80	0.00	0.13
482	41.00	41.00	443.71	24883.20	22185.27	540981.31	540981.31	0.00	0.00	0.00	0.00	5.73	0.00	0.13
483	41.00	42.00	443.71	24883.20	22185.27	540981.31	540981.31	0.00	0.00	0.00	0.00	5.91	0.00	0.13
484	41.00	43.00	443.71	24883.20	22185.27	540981.31	540981.31	0.00	0.00	0.00	0.00	6.26	0.00	0.13
485	42.00	43.00	443.71	24883.20	22185.27	540981.31	540981.31	0.00	0.00	0.00	0.00	6.19	0.00	0.13
486	43.00	43.00	443.71	24883.20	22185.27	540981.31	540981.31	0.00	0.00	0.00	0.00	6.12	0.00	0.13
487	43.00	44.00	443.71	24883.20	22185.27	540981.31	540981.31	0.00	0.00	0.00	0.00	6.09	0.00	0.13
488	43.00	45.00	443.71	24883.20	22185.27	540981.31	540981.31	0.00	0.00	0.00	0.00	6.17	0.00	0.13
489	43.00	46.00	443.71	24883.20	22185.27	540981.31	540981.31	0.00	0.00	0.00	0.00	6.17	0.00	0.13
490	43.00	47.00	443.71	24883.20	22185.27	540981.31	540981.31	0.00	0.00	0.00	0.00	6.29	0.00	0.13
491	44.00	47.00	443.71	24883.20	22185.27	540981.31	540981.31	0.00	0.00	0.00	0.00	6.22	0.00	0.13
492	44.00	48.00	443.71	24883.20	22185.27	540981.31	540981.31	0.00	0.00	0.00	0.00	6.18	0.00	0.13
493	45.00	48.00	443.71	24883.20	22185.27	540981.31	540981.31	0.00	0.00	0.00	0.00	6.12	0.00	0.13
494	46.00	48.00	443.71	24883.20	22185.27	540981.31	540981.31	0.00	0.00	0.00	0.00	6.05	0.00	0.13
495	46.00	49.00	443.71	24883.20	22185.27	540981.31	540981.31	0.00	0.00	0.00	0.00	6.11	0.00	0.13
496	46.00	50.00	443.71	24883.20	22185.27	540981.31	540981.31	0.00	0.00	0.00	0.00	6.11	0.00	0.13
497	47.00	50.00	443.71	24883.20	22185.27	540981.31	540981.31	0.00	0.00	0.00	0.00	6.05	0.00	0.13
498	48.00	50.00	443.71	24883.20	22185.27	540981.31	540981.31	0.00	0.00	0.00	0.00	5.99	0.00	0.13
499	49.00	50.00	443.71	24883.20	22185.27	540981.31	540981.31	0.00	0.00	0.00	0.00	5.93	0.00	0.13
500	49.00	51.00	443.71	24883.20	22185.27	540981.31	540981.31	0.00	0.00	0.00	0.00	6.04	0.00	0.13
501	49.00	52.00	377.15	29859.84	18857.48	540981.31	540981.31	0.00	0.00	0.00	0.00	6.11	0.00	0.13
502	49.00	53.00	377.15	29859.84	18857.48	540981.31	540981.31	0.00	0.00	0.00	0.00	6.13	0.00	0.13
503	49.00	54.00	377.15	29859.84	18857.48	540981.31	540981.31	0.00	0.00	0.00	0.00	6.18	0.00	0.13
504	49.00	55.00	377.15	29859.84	18857.48	540981.31	540981.31	0.00	0.00	0.00	0.00	6.21	0.00	0.13
505	50.00	55.00	377.15	29859.84	18857.48	540981.31	540981.31	0.00	0.00	0.00	0.00	6.15	0.00	0.13
506	51.00	55.00	377.15	29859.84	18857.48	540981.31	540981.31	0.00	0.00	0.00	0.00	6.09	0.00	0.13
507	52.00	55.00	377.15	29859.84	18857.48	540981.31	540981.31	0.00	0.00	0.00	0.00	6.04	0.00	0.13
508	53.00	55.00	377.15	29859.84	18857.48	540981.31	540981.31	0.00	0.00	0.00	0.00	5.98	0.00	0.13
509	54.00	55.00	377.15	29859.84	18857.48	540981.31	540981.31	0.00	0.00	0.00	0.00	5.93	0.00	0.13
510	54.00	56.00	377.15	29859.84	18857.48	540981.31	540981.31	0.00	0.00	0.00	0.00	6.00	0.00	0.13
511	55.00	56.00	377.15	29859.84	18857.48	540981.31	540981.31	0.00	0.00	0.00	0.00	5.94	0.00	0.13
512	56.00	56.00	377.15	29859.84	18857.48	540981.31	540981.31	0.00	0.00	0.00	0.00	5.89	0.00	0.13
513	57.00	56.00	377.15	29859.84	18857.48	540981.31	540981.31	0.00	0.00	0.00	0.00	5.84	0.00	0.13
514	57.00	57.00	377.15	29859.84	18857.48	540981.31	540981.31	0.00	0.00	0.00	0.00	6.00	0.00	0.13
515	57.00	58.00	377.15	29859.84	18857.48	540981.31	540981.31	0.00	0.00	0.00	0.00	6.04	0.00	0.13
516	58.00	58.00	377.15	29859.84	18857.48	540981.31	540981.31	0.00	0.00	0.00	0.00	5.99	0.00	0.13
517	59.00	58.00	377.15	29859.84	18857.48	540981.31	540981.31	0.00	0.00	0.00	0.00	5.94	0.00	0.13
518	59.00	59.00	377.15	29859.84	18857.48	540981.31	540981.31	0.00	0.00	0.00	0.00	6.02	0.00	0.13
519	60.00	59.00	377.15	29859.84	18857.48	540981.31	540981.31	0.00	0.00	0.00	0.00	5.97	0.00	0.13
520	60.00	60.00	377.15	29859.84	18857.48	540981.31	540981.31	0.00	0.00	0.00	0.00	5.99	0.00	0.13
521	61.00	60.00	377.15	29859.84	18857.48	540981.31	540981.31	0.00	0.00	0.00	0.00	5.94	0.00	0.13
522	61.00	61.00	377.15	29859.84	18857.48	540981.31	540981.31	0.00	0.00	0.00	0.00	6.19	0.00	0.13
523	62.00	61.00	377.15	29859.84	18857.48	540981.31	540981.31	0.00	0.00	0.00	0.00	6.14	0.00	0.13
524	63.00	61.00	377.15	29859.84	18857.48	540981.31	540981.31	0.00	0.00	0.00	0.00	6.09	0.00	0.13
525	63.00	62.00	377.15	29859.84	18857.48	540981.31	540981.31	0.00	0.00	0.00	0.00	6.09	0.00	0.13
526	64.00	62.00	377.15	29859.84	18857.48	540981.31	540981.31	0.00	0.00	0.00	0.00	6.04	0.00	0.13
527	65.00	62.00	377.15	29859.84	18857.48	540981.31	540981.31	0.00	0.00	0.00	0.00	6.00	0.00	0.13
528	65.00	63.00	377.15	29859.84	18857.48	540981.31	540981.31	0.00	0.00	0.00	0.00	5.97	0.00	0.13
529	66.00	63.00	377.15	29859.84	18857.48	540981.31	540981.31	0.00	0.00	0.00	0.00	5.93	0.00	0.13
530	67.00	63.00	377.15	29859.84	18857.48	540981.31	540981.31	0.00	0.00	0.00	0.00	5.88	0.00	0.13
531	68.00	63.00	377.15	29859.84	18857.48	540981.31	540981.31	0.00	0.00	0.00	0.00	5.84	0.00	0.13
532	69.00	63.00	377.15	29859.84	18857.48	540981.31	540981.31	0.00	0.00	0.00	0.00	5.79	0.00	0.13
533	70.00	63.00	377.15	29859.84	18857.48	540981.31	540981.31	0.00	0.00	0.00	0.00	5.75	0.00	0.13
534	70.00	64.00	377.15	29859.84	18857.48	540981.31	540981.31	0.00	0.00	0.00	0.00	5.79	0.00	0.13
535	71.00	64.00	377.15	29859.84	18857.48	540981.31	540981.31	0.00	0.00	0.00	0.00	5.75	0.00	0.13
536	72.00	64.00	377.15	29859.84	18857.48	540981.31	540981.31	0.00	0.00	0.00	0.00	5.70	0.00	0.13
537	73.00	64.00	377.15	29859.84	18857.48	540981.31	540981.31	0.00	0.00	0.00	0.00	5.66	0.00	0.13
538	74.00	64.00	377.15	29859.84	18857.48	540981.31	540981.31	0.00	0.00	0.00	0.00	5.62	0.00	0.13
539	25.00	64.00	377.15	29859.84	18857.48	543405.17	543405.17	0.00	0.00	0.00	0.00	8.72	0.00	0.13
540	26.00	64.00	377.15	29859.84	18857.48	543405.17	543405.17	0.00	0.00	0.00	0.00	8.62	0.00	0.13
541	26.00	65.00	377.15	29859.84	18857.48	543405.17	543405.17	0.00	0.00	0.00	0.00	8.61	0.00	0.13
542	27.00	65.00	377.15	29859.84	18857.48	543405.17	543405.17	0.00	0.00	0.00	0.00	8.52	0.00	0.13
543	27.00	66.00	377.15	29859.84	18857.48	543405.17	543405.17	0.00	0.00	0.00	0.00	8.55	0.00	0.13
544	28.00	66.00	377.15	29859.84	18857.48	543405.17	543405.17	0.00	0.00	0.00	0.00	8.46	0.00	0.13
545	28.00	67.00	377.15	29859.84	18857.48	543405.17	543405.17	0.00	0.00	0.00	0.00	8.41	0.00	0.13
546	29.00	67.00	377.15	29859.84	18857.48	543405.17	543405.17	0.00	0.00	0.00	0.00	8.32	0.00	0.13
547	29.00	68.00	377.15	29859.84	18857.48	543405.17	543405.17	0.00	0.00	0.00	0.00	9.26	0.00	0.13
548	30.00	68.00	377.15	29859.84	18857.48	543405.17	543405.17	0.00	0.00	0.00	0.00	9.16	0.00	0.13
549	31.00	68.00	377.15	29859.84	18857.48	538557.45	538557.45	0.00	0.00	0.00	0.00	9.07	0.00	0.12
550	31.00	69.00	377.15	29859.84	18857.48	538557.45	538557.45	0.00	0.00	0.00	0.00	9.05	0.00	0.12
551	31.00	70.00	377.15	29859.84	18857.48	538557.45	538557.45	0.00	0.00	0.00	0.00	8.99	0.00	0.12
552	31.00	71.00	377.15	29859.84	18857.48	538557.45	538557.45	0.00	0.00	0.00	0.00	9.02	0.00	0.12
553	32.00	71.00	377.15	29859.84	18857.48	538557.45	538557.45	0.00	0.00	0.00	0.00	8.93	0.00	0.12
554	32.00	72.00	377.15	29859.84	18857.48	538557.45	538557.45	0.00	0.00	0.00	0.00	8.97	0.00	0.12
555	33.00	72.00	377.15	29859.84	18857.48	538557.45	538557.45	0.00	0.00	0.00	0.00	8.88	0.00	0.12
556	34.00	72.00	377.15	29859.84	18857.48	538557.45	538557.45	0.00	0.00	0.00	0.00	8.80	0.00	0.12
557	34.00	73.00	377.15	29859.84	18857.48	538557.45	538557.45	0.00	0.00	0.00	0.00	8.84	0.00	0.12
558	34.00	74.00	377.15	29859.84	18857.48	538557.45	538557.45	0.00	0.00	0.00	0.00	8.86	0.00	0.12
559	35.00	74.00	377.15	29859.84	18857.48	538557.45	538557.45	0.00	0.00	0.00	0.00	8.78	0.00	0.12
560	35.00	25.00	377.15	29859.84	18857.48	538557.45	538557.45	0.00	0.00	0.00	0.00	4.00	0.00	0.12
561	36.00	25.00	377.15	29859.84	18857.48	538557.45	538557.45	0.00	0.00	0.00	0.00	3.94	0.00	0.12
562	37.00	25.00	377.15	29859.84	18857.48	538557.45	538557.45	0.00	0.00	0.00	0.00	3.87	0.00	0.12
563	38.00	25.00	377.15	29859.84	18857.48	538557.45	538557.45	0.00	0.00	0.00	0.00	3.81	0.00	0.12
564	38.00	26.00	377.15	29859.84	18857.48	538557.45	538557.45	0.00	0.00	0.00	0.00	3.78	0.00	0.12
565	39.00	26.00	377.15	29859.84	18857.48	538557.45	538557.45	0.00	0.00	0.00	0.00	3.73	0.00	0.12
566	39.00	27.00	377.15	29859.84	18857.48	538557.45	538557.45	0.00	0.00	0.00	0.00	3.93	0.00	0.12
567	40.00	27.00	377.15	29859.84	18857.48	538557.45	538557.45	0.00	0.00	0.00	0.00	3.87	0.00	0.12
568	41.00	27.00	377.15	29859.84	18857.48	538557.45	538557.45	0.00	0.00	0.00	0.00	3.81	0.00	0.12
569	42.00	27.00	377.15	29859.84	18857.48	538557.45	538557.45	0.00	0.00	0.00	0.00	3.75	0.00	0.12
570	43.00	27.00	377.15	29859.84	18857.48	538557.45	538557.45	0.00	0.00	0.00	0.00	3.70	0.00	0.12
571	44.00	27.00	377.15	29859.84	18857.48	538557.45	538557.45	0.00	0.00	0.00	0.00	3.65	0.00	0.12
572	45.00	27.00	377.15	29859.84	18857.48	538557.45	538557.45	0.00	0.00	0.00	0.00	3.60	0.00	0.12
573	46.00	27.00	377.15	29859.84	18857.48	538557.45	538557.45	0.00	0.00	0.00	0.00	3.55	0.00	0.12
574	47.00	27.00	377.15	29859.84	18857.48	538557.45	538557.45	0.00	0.00	0.00	0.00	3.50	0.00	0.12
575	47.00	28.00	377.15	29859.84	18857.48	538557.45	538557.45	0.00	0.00	0.00	0.00	5.32	0.00	0.12
576	48.00	28.00	377.15	29859.84	18857.48	538557.45	538557.45	0.00	0.00	0.00	0.00	5.25	0.00	0.12
577	48.00	29.00	377.15	29859.84	18857.48	538557.45	538557.45	0.00	0.00	0.00	0.00	5.91	0.00	0.12
578	48.00	30.00	377.15	29859.84	18857.48	538557.45	538557.45	0.00	0.00	0.00	0.00	6.50	0.00	0.12
579	48.00	31.00	377.15	29859.84	18857.48	538557.45	538557.45	0.00	0.00	0.00	0.00	6.51	0.00	0.12
580	48.00	32.00	377.15	29859.84	18857.48	538557.45	538557.45	0.00	0.00	0.00	0.00	6.50	0.00	0.12
581	48.00	33.00	377.15	29859.84	18857.48	538557.45	538557.45	0.00	0.00	0.00	0.00	6.46	0.00	0.12
582	48.00	34.00	377.15	29859.84	18857.48	538557.45	538557.45	0.00	0.00	0.00	0.00	6.74	0.00	0.12
583	48.00	35.00	377.15	29859.84	18857.48	538557.45	538557.45	0.00	0.00	0.00	0.00	6.69	0.00	0.12
584	49.00	35.00	377.15	29859.84	18857.48	538557.45	538557.45	0.00	0.00	0.00	0.00	6.61	0.00	0.12
585	50.00	35.00	377.15	29859.84	18857.48	538557.45	538557.45	0.00	0.00	0.00	0.00	6.53	0.00	0.12
586	50.00	36.00	377.15	29859.84	18857.48	538557.45	538557.45	0.00	0.00	0.00	0.00	7.60	0.00	0.12
587	51.00	36.00	377.15	29859.84	18857.48	538557.45	538557.45	0.00	0.00	0.00	0.00	7.52	0.00	0.12
588	52.00	36.00	377.15	29859.84	18857.48	538557.45	538557.45	0.00	0.00	0.00	0.00	7.43	0.00	0.12
589	53.00	36.00	377.15	29859.84	18857.48	538557.45	538557.45	0.00	0.00	0.00	0.00	7.35	0.00	0.12
590	54.00	36.00	377.15	29859.84	18857.48	538557.45	538557.45	0.00	0.00	0.00	0.00	7.26	0.00	0.12
591	55.00	36.00	377.15	29859.84	18857.48	538557.45	538557.45	0.00	0.00	0.00	0.00	7.18	0.00	0.12
592	55.00	37.00	377.15	29859.84	18857.48	538557.45	538557.45	0.00	0.00	0.00	0.00	7.32	0.00	0.12
593	56.00	37.00	377.15	29859.84	18857.48	538557.45	538557.45	0.00	0.00	0.00	0.00	7.24	0.00	0.12
594	57.00	37.00	377.15	29859.84	18857.48	538557.45	538557.45	0.00	0.00	0.00	0.00	7.17	0.00	0.12
595	58.00	37.00	377.15	29859.84	18857.48	538557.45	538557.45	0.00	0.00	0.00	0.00	7.09	0.00	0.12
596	58.00	38.00	377.15	29859.84	18857.48	538557.45	538557.45	0.00	0.00	0.00	0.00	7.25	0.00	0.12
597	58.00	39.00	377.15	29859.84	18857.48	538557.45	538557.45	0.00	0.00	0.00	0.00	7.35	0.00	0.12
598	58.00	40.00	377.15	29859.84	18857.48	538557.45	538557.45	0.00	0.00	0.00	0.00	7.44	0.00	0.12
599	59.00	40.00	377.15	29859.84	18857.48	538557.45	538557.45	0.00	0.00	0.00	0.00	7.37	0.00	0.12
600	60.00	40.00	377.15	29859.84	18857.48	538557.45	538557.45	0.00	0.00	0.00	0.00	7.29	0.00	0.12
601	60.00	41.00	320.58	35831.81	16028.85	538557.45	538557.45	0.00	0.00	0.00	0.00	7.28	0.00	0.12
602	61.00	41.00	320.58	35831.81	16028.85	538557.45	538557.45	0.00	0.00	0.00	0.00	7.21	0.00	0.12
603	62.00	41.00	320.58	35831.81	16028.85	538557.45	538557.45	0.00	0.00	0.00	0.00	7.14	0.00	0.12
604	62.00	42.00	320.58	35831.81	16028.85	538557.45	538557.45	0.00	0.00	0.00	0.00	7.10	0.00	0.12
605	63.00	42.00	320.58	35831.81	16028.85	538557.45	538557.45	0.00	0.00	0.00	0.00	7.03	0.00	0.12
606	63.00	43.00	320.58	35831.81	16028.85	538557.45	538557.45	0.00	0.00	0.00	0.00	7.00	0.00	0.12
607	64.00	43.00	320.58	35831.81	16028.85	538557.45	538557.45	0.00	0.00	0.00	0.00	6.93	0.00	0.12
608	65.00	43.00	320.58	35831.81	16028.85	538557.45	538557.45	0.00	0.00	0.00	0.00	6.87	0.00	0.12
609	65.00	44.00	320.58	35831.81	16028.85	538557.45	538557.45	0.00	0.00	0.00	0.00	7.00	0.00	0.12
610	66.00	44.00	320.58	35831.81	16028.85	538557.45	538557.45	0.00	0.00	0.00	0.00	6.93	0.00	0.12
611	66.00	45.00	320.58	35831.81	16028.85	538557.45	538557.45	0.00	0.00	0.00	0.00	6.95	0.00	0.12
612	66.00	46.00	320.58	35831.81	16028.85	538557.45	538557.45	0.00	0.00	0.00	0.00	6.92	0.00	0.12
613	67.00	46.00	320.58	35831.81	16028.85	538557.45	538557.45	0.00	0.00	0.00	0.00	6.86	0.00	0.12
614	67.00	47.00	320.58	35831.81	16028.85	538557.45	538557.45	0.00	0.00	0.00	0.00	6.82	0.00	0.12
615	68.00	47.00	320.58	35831.81	16028.85	538557.45	538557.45	0.00	0.00	0.00	0.00	6.76	0.00	0.12
616	69.00	47.00	320.58	35831.81	16028.85	538557.45	538557.45	0.00	0.00	0.00	0.00	6.70	0.00	0.12
617	70.00	47.00	320.58	35831.81	16028.85	538557.45	538557.45	0.00	0.00	0.00	0.00	6.65	0.00	0.12
618	71.00	47.00	320.58	35831.81	16028.85	538557.45	538557.45	0.00	0.00	0.00	0.00	6.59	0.00	0.12
619	72.00	47.00	320.58	35831.81	16028.85	538557.45	538557.45	0.00	0.00	0.00	0.00	6.53	0.00	0.12
620	73.00	47.00	320.58	35831.81	16028.85	538557.45	538557.45	0.00	0.00	0.00	0.00	6.48	0.00	0.12
621	74.00	47.00	320.58	35831.81	16028.85	538557.45	538557.45	0.00	0.00	0.00	0.00	6.43	0.00	0.12
622	74.00	48.00	320.58	35831.81	16028.85	538557.45	538557.45	0.00	0.00	0.00	0.00	6.67	0.00	0.12
623	25.00	48.00	320.58	35831.81	16028.85	538557.45	538557.45	0.00	0.00	0.00	0.00	11.15	0.00	0.12
624	25.00	49.00	320.58	35831.81	16028.85	538557.45	538557.45	0.00	0.00	0.00	0.00	11.04	0.00	0.12
625	25.00	50.00	320.58	35831.81	16028.85	538557.45	538557.45	0.00	0.00	0.00	0.00	11.05	0.00	0.12
626	25.00	51.00	320.58	35831.81	16028.85	538557.45	538557.45	0.00	0.00	0.00	0.00	11.04	0.00	0.12
627	26.00	51.00	320.58	35831.81	16028.85	538557.45	538557.45	0.00	0.00	0.00	0.00	10.89	0.00	0.12
628	26.00	52.00	320.58	35831.81	16028.85	538557.45	538557.45	0.00	0.00	0.00	0.00	10.89	0.00	0.12
629	26.00	53.00	320.58	35831.81	16028.85	538557.45	538557.45	0.00	0.00	0.00	0.00	10.80	0.00	0.12
630	27.00	53.00	320.58	35831.81	16028.85	538557.45	538557.45	0.00	0.00	0.00	0.00	10.67	0.00	0.12
631	28.00	53.00	320.58	35831.81	16028.85	538557.45	538557.45	0.00	0.00	0.00	0.00	10.54	0.00	0.12
632	29.00	53.00	320.58	35831.81	16028.85	538557.45	538557.45	0.00	0.00	0.00	0.00	10.41	0.00	0.12
633	30.00	53.00	320.58	35831.81	16028.85	538557.45	538557.45	0.00	0.00	0.00	0.00	10.28	0.00	0.12
634	30.00	54.00	320.58	35831.81	16028.85	538557.45	538557.45	0.00	0.00	0.00	0.00	10.38	0.00	0.12
635	31.00	54.00	320.58	35831.81	16028.85	538557.45	538557.45	0.00	0.00	0.00	0.00	10.26	0.00	0.12
636	32.00	54.00	320.58	35831.81	16028.85	538557.45	538557.45	0.00	0.00	0.00	0.00	10.14	0.00	0.12
637	32.00	55.00	320.58	35831.81	16028.85	538557.45	538557.45	0.00	0.00	0.00	0.00	10.14	0.00	0.12
638	33.00	55.00	320.58	35831.81	16028.85	538557.45	538557.45	0.00	0.00	0.00	0.00	10.03	0.00	0.12
639	33.00	56.00	320.58	35831.81	16028.85	538557.45	538557.45	0.00	0.00	0.00	0.00	10.04	0.00	0.12
640	34.00	56.00	320.58	35831.81	16028.85	538557.45	538557.45	0.00	0.00	0.00	0.00	9.93	0.00	0.12
641	35.00	56.00	320.58	35831.81	16028.85	538557.45	538557.45	0.00	0.00	0.00	0.00	9.82	0.00	0.12
642	36.00	56.00	320.58	35831.81	16028.85	538557.45	538557.45	0.00	0.00	0.00	0.00	9.71	0.00	0.12
643	36.00	57.00	320.58	35831.81	16028.85	538557.45	538557.45	0.00	0.00	0.00	0.00	9.72	0.00	0.12
644	37.00	57.00	320.58	35831.81	16028.85	538557.45	538557.45	0.00	0.00	0.00	0.00	9.61	0.00	0.12
645	37.00	58.00	320.58	35831.81	16028.85	538557.45	538557.45	0.00	0.00	0.00	0.00	9.54	0.00	0.12
646	38.00	58.00	320.58	35831.81	16028.85	538557.45	538557.45	0.00	0.00	0.00	0.00	9.44	0.00	0.12
647	39.00	58.00	320.58	35831.81	16028.85	538557.45	538557.45	0.00	0.00	0.00	0.00	9.34	0.00	0.12
648	39.00	59.00	320.58	35831.81	16028.85	538557.45	538557.45	0.00	0.00	0.00	0.00	9.28	0.00	0.12
649	40.00	59.00	320.58	35831.81	16028.85	538557.45	538557.45	0.00	0.00	0.00	0.00	9.19	0.00	0.12
650	40.00	60.00	320.58	35831.81	16028.85	538557.45	538557.45	0.00	0.00	0.00	0.00	9.15	0.00	0.12
651	40.00	61.00	320.58	35831.81	16028.85	538557.45	538557.45	0.00	0.00	0.00	0.00	9.25	0.00	0.12
652	40.00	62.00	320.58	35831.81	16028.85	538557.45	538557.45	0.00	0.00	0.00	0.00	9.28	0.00	0.12
653	40.00	63.00	320.58	35831.81	16028.85	538557.45	538557.45	0.00	0.00	0.00	0.00	9.28	0.00	0.12
654	41.00	63.00	320.58	35831.81	16028.85	538557.45	538557.45	0.00	0.00	0.00	0.00	9.19	0.00	0.12
655	42.00	63.00	320.58	35831.81	16028.85	538557.45	538557.45	0.00	0.00	0.00	0.00	9.10	0.00	0.12
656	43.00	63.00	320.58	35831.81	16028.85	538557.45	538557.45	0.00	0.00	0.00	0.00	9.02	0.00	0.12
657	44.00	63.00	320.58	35831.81	16028.85	538557.45	538557.45	0.00	0.00	0.00	0.00	8.93	0.00	0.12
658	45.00	63.00	320.58	35831.81	16028.85	538557.45	538557.45	0.00	0.00	0.00	0.00	8.85	0.00	0.12
659	46.00	63.00	320.58	35831.81	16028.85	538557.45	538557.45	0.00	0.00	0.00	0.00	8.77	0.00	0.12
660	46.00	64.00	320.58	35831.81	16028.85	538557.45	538557.45	0.00	0.00	0.00	0.00	8.71	0.00	0.12
661	47.00	64.00	320.58	35831.81	16028.85	538557.45	538557.45	0.00	0.00	0.00	0.00	8.63	0.00	0.12
662	48.00	64.00	320.58	35831.81	16028.85	538557.45	538557.45	0.00	0.00	0.00	0.00	8.55	0.00	0.12
663	48.00	65.00	320.58	35831.81	16028.85	538557.45	538557.45	0.00	0.00	0.00	0.00	8.51	0.00	0.12
664	48.00	66.00	320.58	35831.81	16028.85	538557.45	538557.45	0.00	0.00	0.00	0.00	8.55	0.00	0.12
665	49.00	66.00	320.58	35831.81	16028.85	538557.45	538557.45	0.00	0.00	0.00	0.00	8.48	0.00	0.12
666	49.00	67.00	320.58	35831.81	16028.85	538557.45	538557.45	0.00	0.00	0.00	0.00	8.50	0.00	0.12
667	50.00	67.00	320.58	35831.81	16028.85	538557.45	538557.45	0.00	0.00	0.00	0.00	8.43	0.00	0.12
668	51.00	67.00	320.58	35831.81	16028.85	538557.45	538557.45	0.00	0.00	0.00	0.00	8.36	0.00	0.12
669	51.00	68.00	320.58	35831.81	16028.85	538557.45	538557.45	0.00	0.00	0.00	0.00	8.31	0.00	0.12
670	52.00	68.00	320.58	35831.81	16028.85	538557.45	538557.45	0.00	0.00	0.00	0.00	8.24	0.00	0.12
671	52.00	69.00	320.58	35831.81	16028.85	538557.45	538557.45	0.00	0.00	0.00	0.00	8.34	0.00	0.12
672	52.00	70.00	320.58	35831.81	16028.85	538557.45	538557.45	0.00	0.00	0.00	0.00	8.33	0.00	0.12
673	53.00	70.00	320.58	35831.81	16028.85	538557.45	538557.45	0.00	0.00	0.00	0.00	8.27	0.00	0.12
674	54.00	70.00	320.58	35831.81	16028.85	538557.45	538557.45	0.00	0.00	0.00	0.00	8.20	0.00	0.12
675	55.00	70.00	320.58	35831.81	16028.85	538557.45	538557.45	0.00	0.00	0.00	0.00	8.13	0.00	0.12
676	55.00	71.00	320.58	35831.81	16028.85	538557.45	538557.45	0.00	0.00	0.00	0.00	8.08	0.00	0.12
677	55.00	72.00	320.58	35831.81	16028.85	538557.45	538557.45	0.00	0.00	0.00	0.00	8.41	0.00	0.12
678	55.00	73.00	320.58	35831.81	16028.85	538557.45	538557.45	0.00	0.00	0.00	0.00	8.37	0.00	0.12
679	56.00	73.00	320.58	35831.81	16028.85	538557.45	538557.45	0.00	0.00	0.00	0.00	8.30	0.00	0.12
680	56.00	74.00	320.58	35831.81	16028.85	538557.45	538557.45	0.00	0.00	0.00	0.00	8.31	0.00	0.12
681	57.00	74.00	320.58	35831.81	16028.85	538557.45	538557.45	0.00	0.00	0.00	0.00	8.24	0.00	0.12
682	57.00	25.00	320.58	35831.81	16028.85	538557.45	538557.45	0.00	0.00	0.00	0.00	4.12	0.00	0.12
683	58.00	25.00	320.58	35831.81	16028.85	538557.45	538557.45	0.00	0.00	0.00	0.00	4.07	0.00	0.12
684	58.00	26.00	320.58	35831.81	16028.85	538557.45	538557.45	0.00	0.00	0.00	0.00	4.28	0.00	0.12
685	59.00	26.00	320.58	35831.81	16028.85	538557.45	538557.45	0.00	0.00	0.00	0.00	4.23	0.00	0.12
686	60.00	26.00	320.58	35831.81	16028.85	538557.45	538557.45	0.00	0.00	0.00	0.00	4.18	0.00	0.12
687	61.00	26.00	320.58	35831.81	16028.85	538557.45	538557.45	0.00	0.00	0.00	0.00	4.13	0.00	0.12
688	61.00	27.00	320.58	35831.81	16028.85	538557.45	538557.45	0.00	0.00	0.00	0.00	4.10	0.00	0.12
689	62.00	27.00	320.58	35831.81	16028.85	538557.45	538557.45	0.00	0.00	0.00	0.00	4.06	0.00	0.12
690	63.00	27.00	320.58	35831.81	16028.85	538557.45	538557.45	0.00	0.00	0.00	0.00	4.01	0.00	0.12
691	64.00	27.00	320.58	35831.81	16028.85	538557.45	538557.45	0.00	0.00	0.00	0.00	3.97	0.00	0.12
692	65.00	27.00	320.58	35831.81	16028.85	538557.45	538557.45	0.00	0.00	0.00	0.00	3.92	0.00	0.12
693	66.00	27.00	320.58	35831.81	16028.85	538557.45	538557.45	0.00	0.00	0.00	0.00	3.88	0.00	0.12
694	66.00	28.00	320.58	35831.81	16028.85	538557.45	538557.45	0.00	0.00	0.00	0.00	3.92	0.00	0.12
695	66.00	29.00	320.58	35831.81	16028.85	538557.45	538557.45	0.00	0.00	0.00	0.00	4.05	0.00	0.12
696	67.00	29.00	320.58	35831.81	16028.85	538557.45	538557.45	0.00	0.00	0.00	0.00	4.00	0.00	0.12
697	68.00	29.00	320.58	35831.81	16028.85	538557.45	538557.45	0.00	0.00	0.00	0.00	3.96	0.00	0.12
698	69.00	29.00	320.58	35831.81	16028.85	538557.45	538557.45	0.00	0.00	0.00	0.00	3.92	0.00	0.12
699	69.00	30.00	320.58	35831.81	16028.85	538557.45	538557.45	0.00	0.00	0.00	0.00	4.00	0.00	0.12
700	69.00	31.00	320.58	35831.81	16028.85	538557.45	538557.45	0.00	0.00	0.00	0.00	3.99	0.00	0.12
701	70.00	31.00	272.49	42998.17	13624.53	538557.45	538557.45	0.00	0.00	0.00	0.00	3.95	0.00	0.12
702	70.00	32.00	272.49	42998.17	13624.53	538557.45	538557.45	0.00	0.00	0.00	0.00	3.93	0.00	0.12
703	71.00	32.00	272.49	42998.17	13624.53	538557.45	538557.45	0.00	0.00	0.00	0.00	3.90	0.00	0.12
704	72.00	32.00	272.49	42998.17	13624.53	538557.45	538557.45	0.00	0.00	0.00	0.00	3.86	0.00	0.12
705	73.00	32.00	272.49	42998.17	13624.53	538557.45	538557.45	0.00	0.00	0.00	0.00	3.82	0.00	0.12
706	74.00	32.00	272.49	42998.17	13624.53	538557.45	538557.45	0.00	0.00	0.00	0.00	3.79	0.00	0.12
707	74.00	33.00	272.49	42998.17	13624.53	538557.45	538557.45	0.00	0.00	0.00	0.00	3.87	0.00	0.12
708	25.00	33.00	272.49	42998.17	13624.53	538557.45	538557.45	0.00	0.00	0.00	0.00	7.14	0.00	0.12
709	25.00	34.00	272.49	42998.17	13624.53	538557.45	538557.45	0.00	0.00	0.00	0.00	7.20	0.00	0.12
710	25.00	35.00	272.49	42998.17	13624.53	538557.45	538557.45	0.00	0.00	0.00	0.00	7.20	0.00	0.12
711	25.00	36.00	272.49	42998.17	13624.53	538557.45	538557.45	0.00	0.00	0.00	0.00	7.13	0.00	0.12
712	25.00	37.00	272.49	42998.17	13624.53	538557.45	538557.45	0.00	0.00	0.00	0.00	7.20	0.00	0.12
713	25.00	38.00	272.49	42998.17	13624.53	538557.45	538557.45	0.00	0.00	0.00	0.00	7.27	0.00	0.12
714	26.00	38.00	272.49	42998.17	13624.53	538557.45	538557.45	0.00	0.00	0.00	0.00	7.16	0.00	0.12
715	27.00	38.00	272.49	42998.17	13624.53	538557.45	538557.45	0.00	0.00	0.00	0.00	7.05	0.00	0.12
716	28.00	38.00	272.49	42998.17	13624.53	538557.45	538557.45	0.00	0.00	0.00	0.00	6.94	0.00	0.12
717	29.00	38.00	272.49	42998.17	13624.53	538557.45	538557.45	0.00	0.00	0.00	0.00	6.84	0.00	0.12
718	29.00	39.00	272.49	42998.17	13624.53	538557.45	538557.45	0.00	0.00	0.00	0.00	6.78	0.00	0.12
719	29.00	40.00	272.49	42998.17	13624.53	538557.45	538557.45	0.00	0.00	0.00	0.00	6.72	0.00	0.12
720	30.00	40.00	272.49	42998.17	13624.53	538557.45	538557.45	0.00	0.00	0.00	0.00	6.63	0.00	0.12
721	30.00	41.00	272.49	42998.17	13624.53	538557.45	538557.45	0.00	0.00	0.00	0.00	6.57	0.00	0.12
722	31.00	41.00	272.49	42998.17	13624.53	538557.45	538557.45	0.00	0.00	0.00	0.00	6.48	0.00	0.12
723	32.00	41.00	272.49	42998.17	13624.53	538557.45	538557.45	0.00	0.00	0.00	0.00	6.39	0.00	0.12
724	33.00	41.00	272.49	42998.17	13624.53	538557.45	538557.45	0.00	0.00	0.00	0.00	6.31	0.00	0.12
725	34.00	41.00	272.49	42998.17	13624.53	538557.45	538557.45	0.00	0.00	0.00	0.00	6.22	0.00	0.12
726	34.00	42.00	272.49	42998.17	13624.53	538557.45	538557.45	0.00	0.00	0.00	0.00	7.63	0.00	0.12
727	35.00	42.00	272.49	42998.17	13624.53	538557.45	538557.45	0.00	0.00	0.00	0.00	7.53	0.00	0.12
728	36.00	42.00	272.49	42998.17	13624.53	538557.45	538557.45	0.00	0.00	0.00	0.00	7.43	0.00	0.12
729	37.00	42.00	272.49	42998.17	13624.53	538557.45	538557.45	0.00	0.00	0.00	0.00	7.34	0.00	0.12
730	38.00	42.00	272.49	42998.17	13624.53	538557.45	538557.45	0.00	0.00	0.00	0.00	7.25	0.00	0.12
731	39.00	42.00	272.49	42998.17	13624.53	538557.45	538557.45	0.00	0.00	0.00	0.00	7.16	0.00	0.12
732	40.00	42.00	272.49	42998.17	13624.53	538557.45	538557.45	0.00	0.00	0.00	0.00	7.07	0.00	0.12
733	41.00	42.00	272.49	42998.17	13624.53	538557.45	538557.45	0.00	0.00	0.00	0.00	6.98	0.00	0.12
734	42.00	42.00	272.49	42998.17	13624.53	538557.45	538557.45	0.00	0.00	0.00	0.00	6.90	0.00	0.12
735	43.00	42.00	272.49	42998.17	13624.53	538557.45	538557.45	0.00	0.00	0.00	0.00	6.82	0.00	0.12
736	43.00	43.00	272.49	42998.17	13624.53	538557.45	538557.45	0.00	0.00	0.00	0.00	6.77	0.00	0.12
737	44.00	43.00	272.49	42998.17	13624.53	538557.45	538557.45	0.00	0.00	0.00	0.00	6.69	0.00	0.12
738	44.00	44.00	272.49	42998.17	13624.53	538557.45	538557.45	0.00	0.00	0.00	0.00	6.71	0.00	0.12
739	45.00	44.00	272.49	42998.17	13624.53	538557.45	538557.45	0.00	0.00	0.00	0.00	6.64	0.00	0.12
740	45.00	45.00	272.49	42998.17	13624.53	538557.45	538557.45	0.00	0.00	0.00	0.00	6.59	0.00	0.12
741	46.00	45.00	272.49	42998.17	13624.53	538557.45	538557.45	0.00	0.00	0.00	0.00	6.52	0.00	0.12
742	47.00	45.00	272.49	42998.17	13624.53	538557.45	538557.45	0.00	0.00	0.00	0.00	6.45	0.00	0.12
743	47.00	46.00	272.49	42998.17	13624.53	538557.45	538557.45	0.00	0.00	0.00	0.00	6.41	0.00	0.12
744	48.00	46.00	272.49	42998.17	13624.53	538557.45	538557.45	0.00	0.00	0.00	0.00	6.34	0.00	0.12
745	48.00	47.00	272.49	42998.17	13624.53	538557.45	538557.45	0.00	0.00	0.00	0.00	6.36	0.00	0.12
746	49.00	47.00	272.49	42998.17	13624.53	538557.45	538557.45	0.00	0.00	0.00	0.00	6.30	0.00	0.12
747	49.00	48.00	272.49	42998.17	13624.53	538557.45	538557.45	0.00	0.00	0.00	0.00	6.35	0.00	0.12
748	49.00	49.00	272.49	42998.17	13624.53	538557.45	538557.45	0.00	0.00	0.00	0.00	6.31	0.00	0.12
749	49.00	50.00	272.49	42998.17	13624.53	538557.45	538557.45	0.00	0.00	0.00	0.00	6.36	0.00	0.12
750	50.00	50.00	272.49	42998.17	13624.53	538557.45	538557.45	0.00	0.00	0.00	0.00	6.30	0.00	0.12
751	51.00	50.00	272.49	42998.17	13624.53	538557.45	538557.45	0.00	0.00	0.00	0.00	6.24	0.00	0.12
752	52.00	50.00	272.49	42998.17	13624.53	538557.45	538557.45	0.00	0.00	0.00	0.00	6.18	0.00	0.12
753	52.00	51.00	272.49	42998.17	13624.53	538557.45	538557.45	0.00	0.00	0.00	0.00	6.15	0.00	0.12
754	53.00	51.00	272.49	42998.17	13624.53	538557.45	538557.45	0.00	0.00	0.00	0.00	6.09	0.00	0.12
755	54.00	51.00	272.49	42998.17	13624.53	538557.45	538557.45	0.00	0.00	0.00	0.00	6.04	0.00	0.12
756	55.00	51.00	272.49	42998.17	13624.53	538557.45	538557.45	0.00	0.00	0.00	0.00	5.98	0.00	0.12
757	56.00	51.00	272.49	42998.17	13624.53	538557.45	538557.45	0.00	0.00	0.00	0.00	5.92	0.00	0.12
758	57.00	51.00	272.49	42998.17	13624.53	538557.45	538557.45	0.00	0.00	0.00	0.00	5.87	0.00	0.12
759	58.00	51.00	272.49	42998.17	13624.53	538557.45	538557.45	0.00	0.00	0.00	0.00	5.82	0.00	0.12
760	58.00	52.00	272.49	42998.17	13624.53	538557.45	538557.45	0.00	0.00	0.00	0.00	5.94	0.00	0.12
761	58.00	53.00	272.49	42998.17	13624.53	538557.45	538557.45	0.00	0.00	0.00	0.00	5.92	0.00	0.12
762	59.00	53.00	272.49	42998.17	13624.53	538557.45	538557.45	0.00	0.00	0.00	0.00	5.86	0.00	0.12
763	59.00	54.00	272.49	42998.17	13624.53	538557.45	538557.45	0.00	0.00	0.00	0.00	5.96	0.00	0.12
764	60.00	54.00	272.49	42998.17	13624.53	538557.45	538557.45	0.00	0.00	0.00	0.00	5.91	0.00	0.12
765	60.00	55.00	272.49	42998.17	13624.53	538557.45	538557.45	0.00	0.00	0.00	0.00	5.88	0.00	0.12
766	60.00	56.00	272.49	42998.17	13624.53	538557.45	538557.45	0.00	0.00	0.00	0.00	5.85	0.00	0.12
767	61.00	56.00	272.49	42998.17	13624.53	538557.45	538557.45	0.00	0.00	0.00	0.00	5.80	0.00	0.12
768	62.00	56.00	272.49	42998.17	13624.53	538557.45	538557.45	0.00	0.00	0.00	0.00	5.76	0.00	0.12
769	62.00	57.00	272.49	42998.17	13624.53	538557.45	538557.45	0.00	0.00	0.00	0.00	5.73	0.00	0.12
770	63.00	57.00	272.49	42998.17	13624.53	538557.45	538557.45	0.00	0.00	0.00	0.00	5.68	0.00	0.12
771	64.00	57.00	272.49	42998.17	13624.53	538557.45	538557.45	0.00	0.00	0.00	0.00	5.64	0.00	0.12
772	65.00	57.00	272.49	42998.17	13624.53	538557.45	538557.45	0.00	0.00	0.00	0.00	5.59	0.00	0.12
773	65.00	58.00	272.49	42998.17	13624.53	538557.45	538557.45	0.00	0.00	0.00	0.00	5.56	0.00	0.12
774	66.00	58.00	272.49	42998.17	13624.53	538557.45	538557.45	0.00	0.00	0.00	0.00	5.52	0.00	0.12
775	67.00	58.00	272.49	42998.17	13624.53	538557.45	538557.45	0.00	0.00	0.00	0.00	5.47	0.00	0.12
776	67.00	59.00	272.49	42998.17	13624.53	538557.45	538557.45	0.00	0.00	0.00	0.00	5.56	0.00	0.12
777	68.00	59.00	272.49	42998.17	13624.53	538557.45	538557.45	0.00	0.00	0.00	0.00	5.52	0.00	0.12
778	69.00	59.00	272.49	42998.17	13624.53	538557.45	538557.45	0.00	0.00	0.00	0.00	5.48	0.00	0.12
779	69.00	60.00	272.49	42998.17	13624.53	538557.45	538557.45	0.00	0.00	0.00	0.00	5.75	0.00	0.12
780	70.00	60.00	272.49	42998.17	13624.53	538557.45	538557.45	0.00	0.00	0.00	0.00	5.71	0.00	0.12
781	70.00	61.00	272.49	42998.17	13624.53	538557.45	538557.45	0.00	0.00	0.00	0.00	5.69	0.00	0.12
782	70.00	62.00	272.49	42998.17	13624.53	538557.45	538557.45	0.00	0.00	0.00	0.00	7.16	0.00	0.12
783	71.00	62.00	272.49	42998.17	13624.53	538557.45	538557.45	0.00	0.00	0.00	0.00	7.11	0.00	0.12
784	72.00	62.00	272.49	42998.17	13624.53	538557.45	538557.45	0.00	0.00	0.00	0.00	7.05	0.00	0.12
785	73.00	62.00	272.49	42998.17	13624.53	538557.45	538557.45	0.00	0.00	0.00	0.00	7.00	0.00	0.12
786	73.00	63.00	272.49	42998.17	13624.53	538557.45	538557.45	0.00	0.00	0.00	0.00	7.01	0.00	0.12
787	74.00	63.00	272.49	42998.17	13624.53	538557.45	538557.45	0.00	0.00	0.00	0.00	6.96	0.00	0.12
788	25.00	63.00	272.49	42998.17	13624.53	538557.45	538557.45	0.00	0.00	0.00	0.00	10.83	0.00	0.12
789	26.00	63.00	272.49	42998.17	13624.53	538557.45	538557.45	0.00	0.00	0.00	0.00	10.71	0.00	0.12
790	26.00	64.00	272.49	42998.17	13624.53	538557.45	538557.45	0.00	0.00	0.00	0.00	10.85	0.00	0.12
791	26.00	65.00	272.49	42998.17	13624.53	538557.45	538557.45	0.00	0.00	0.00	0.00	10.95	0.00	0.12
792	27.00	65.00	272.49	42998.17	13624.53	538557.45	538557.45	0.00	0.00	0.00	0.00	10.83	0.00	0.12
793	27.00	66.00	272.49	42998.17	13624.53	538557.45	538557.45	0.00	0.00	0.00	0.00	10.87	0.00	0.12
794	27.00	67.00	272.49	42998.17	13624.53	538557.45	538557.45	0.00	0.00	0.00	0.00	10.85	0.00	0.12
795	27.00	68.00	272.49	42998.17	13624.53	538557.45	538557.45	0.00	0.00	0.00	0.00	10.77	0.00	0.12
796	28.00	68.00	272.49	42998.17	13624.53	538557.45	538557.45	0.00	0.00	0.00	0.00	10.65	0.00	0.12
797	29.00	68.00	272.49	42998.17	13624.53	538557.45	538557.45	0.00	0.00	0.00	0.00	10.54	0.00	0.12
798	30.00	68.00	272.49	42998.17	13624.53	538557.45	538557.45	0.00	0.00	0.00	0.00	10.44	0.00	0.12
799	31.00	68.00	272.49	42998.17	13624.53	538557.45	538557.45	0.00	0.00	0.00	0.00	10.33	0.00	0.12
800	31.00	69.00	272.49	42998.17	13624.53	538557.45	538557.45	0.00	0.00	0.00	0.00	10.32	0.00	0.12
801	31.00	70.00	231.62	51597.80	11580.85	538557.45	538557.45	0.00	0.00	0.00	0.00	10.30	0.00	0.12
802	31.00	71.00	231.62	51597.80	11580.85	538557.45	538557.45	0.00	0.00	0.00	0.00	11.36	0.00	0.12
803	32.00	71.00	231.62	51597.80	11580.85	538557.45	538557.45	0.00	0.00	0.00	0.00	11.25	0.00	0.12
804	33.00	71.00	231.62	51597.80	11580.85	538557.45	538557.45	0.00	0.00	0.00	0.00	11.14	0.00	0.12
805	34.00	71.00	231.62	51597.80	11580.85	538557.45	538557.45	0.00	0.00	0.00	0.00	11.04	0.00	0.12
806	34.00	72.00	231.62	51597.80	11580.85	538557.45	538557.45	0.00	0.00	0.00	0.00	10.95	0.00	0.12
807	35.00	72.00	231.62	51597.80	11580.85	538557.45	538557.45	0.00	0.00	0.00	0.00	10.85	0.00	0.12
808	35.00	73.00	231.62	51597.80	11580.85	538557.45	538557.45	0.00	0.00	0.00	0.00	10.91	0.00	0.12
809	35.00	74.00	231.62	51597.80	11580.85	538557.45	538557.45	0.00	0.00	0.00	0.00	10.93	0.00	0.12
810	35.00	25.00	231.62	51597.80	11580.85	538557.45	538557.45	0.00	0.00	0.00	0.00	5.27	0.00	0.12
811	36.00	25.00	231.62	51597.80	11580.85	538557.45	538557.45	0.00	0.00	0.00	0.00	5.18	0.00	0.12
812	37.00	25.00	231.62	51597.80	11580.85	538557.45	538557.45	0.00	0.00	0.00	0.00	5.10	0.00	0.12
813	38.00	25.00	231.62	51597.80	11580.85	538557.45	538557.45	0.00	0.00	0.00	0.00	5.02	0.00	0.12
814	39.00	25.00	231.62	51597.80	11580.85	538557.45	538557.45	0.00	0.00	0.00	0.00	4.94	0.00	0.12
815	40.00	25.00	231.62	51597.80	11580.85	538557.45	538557.45	0.00	0.00	0.00	0.00	4.86	0.00	0.12
816	40.00	26.00	231.62	51597.80	11580.85	538557.45	538557.45	0.00	0.00	0.00	0.00	4.84	0.00	0.12
817	40.00	27.00	231.62	51597.80	11580.85	538557.45	538557.45	0.00	0.00	0.00	0.00	5.02	0.00	0.12
818	41.00	27.00	231.62	51597.80	11580.85	538557.45	538557.45	0.00	0.00	0.00	0.00	4.94	0.00	0.12
819	41.00	28.00	231.62	51597.80	11580.85	538557.45	538557.45	0.00	0.00	0.00	0.00	5.03	0.00	0.12
820	41.00	29.00	231.62	51597.80	11580.85	538557.45	538557.45	0.00	0.00	0.00	0.00	5.20	0.00	0.12
821	42.00	29.00	231.62	51597.80	11580.85	538557.45	538557.45	0.00	0.00	0.00	0.00	5.13	0.00	0.12
822	43.00	29.00	231.62	51597.80	11580.85	538557.45	538557.45	0.00	0.00	0.00	0.00	5.06	0.00	0.12
823	43.00	30.00	231.62	51597.80	11580.85	538557.45	538557.45	0.00	0.00	0.00	0.00	5.10	0.00	0.12
824	44.00	30.00	231.62	51597.80	11580.85	538557.45	538557.45	0.00	0.00	0.00	0.00	5.03	0.00	0.12
825	45.00	30.00	231.62	51597.80	11580.85	538557.45	538557.45	0.00	0.00	0.00	0.00	4.96	0.00	0.12
826	45.00	31.00	231.62	51597.80	11580.85	538557.45	538557.45	0.00	0.00	0.00	0.00	4.94	0.00	0.12
827	46.00	31.00	231.62	51597.80	11580.85	538557.45	538557.45	0.00	0.00	0.00	0.00	4.87	0.00	0.12
828	47.00	31.00	231.62	51597.80	11580.85	538557.45	538557.45	0.00	0.00	0.00	0.00	4.81	0.00	0.12
829	47.00	32.00	231.62	51597.80	11580.85	538557.45	538557.45	0.00	0.00	0.00	0.00	4.89	0.00	0.12
830	47.00	33.00	231.62	51597.80	11580.85	538557.45	538557.45	0.00	0.00	0.00	0.00	5.05	0.00	0.12
831	47.00	34.00	231.62	51597.80	11580.85	538557.45	538557.45	0.00	0.00	0.00	0.00	5.02	0.00	0.12
832	48.00	34.00	231.62	51597.80	11580.85	538557.45	538557.45	0.00	0.00	0.00	0.00	4.96	0.00	0.12
833	48.00	35.00	231.62	51597.80	11580.85	538557.45	538557.45	0.00	0.00	0.00	0.00	5.19	0.00	0.12
834	49.00	35.00	231.62	51597.80	11580.85	538557.45	538557.45	0.00	0.00	0.00	0.00	5.13	0.00	0.12
835	50.00	35.00	231.62	51597.80	11580.85	538557.45	538557.45	0.00	0.00	0.00	0.00	5.07	0.00	0.12
836	51.00	35.00	231.62	51597.80	11580.85	538557.45	538557.45	0.00	0.00	0.00	0.00	5.01	0.00	0.12
837	52.00	35.00	231.62	51597.80	11580.85	538557.45	538557.45	0.00	0.00	0.00	0.00	4.96	0.00	0.12
838	53.00	35.00	231.62	51597.80	11580.85	538557.45	538557.45	0.00	0.00	0.00	0.00	4.90	0.00	0.12
839	54.00	35.00	231.62	51597.80	11580.85	538557.45	538557.45	0.00	0.00	0.00	0.00	4.84	0.00	0.12
840	54.00	36.00	231.62	51597.80	11580.85	538557.45	538557.45	0.00	0.00	0.00	0.00	4.92	0.00	0.12
841	54.00	37.00	231.62	51597.80	11580.85	538557.45	538557.45	0.00	0.00	0.00	0.00	4.95	0.00	0.12
842	55.00	37.00	231.62	51597.80	11580.85	538557.45	538557.45	0.00	0.00	0.00	0.00	4.90	0.00	0.12
843	55.00	38.00	231.62	51597.80	11580.85	538557.45	538557.45	0.00	0.00	0.00	0.00	5.23	0.00	0.12
844	55.00	39.00	231.62	51597.80	11580.85	538557.45	538557.45	0.00	0.00	0.00	0.00	5.38	0.00	0.12
845	56.00	39.00	231.62	51597.80	11580.85	538557.45	538557.45	0.00	0.00	0.00	0.00	5.33	0.00	0.12
846	56.00	40.00	231.62	51597.80	11580.85	538557.45	538557.45	0.00	0.00	0.00	0.00	5.31	0.00	0.12
847	56.00	41.00	231.62	51597.80	11580.85	538557.45	538557.45	0.00	0.00	0.00	0.00	5.29	0.00	0.12
848	56.00	42.00	231.62	51597.80	11580.85	538557.45	538557.45	0.00	0.00	0.00	0.00	5.41	0.00	0.12
849	57.00	42.00	231.62	51597.80	11580.85	538557.45	538557.45	0.00	0.00	0.00	0.00	5.35	0.00	0.12
850	58.00	42.00	231.62	51597.80	11580.85	538557.45	538557.45	0.00	0.00	0.00	0.00	5.30	0.00	0.12
851	58.00	43.00	231.62	51597.80	11580.85	538557.45	538557.45	0.00	0.00	0.00	0.00	5.45	0.00	0.12
852	58.00	44.00	231.62	51597.80	11580.85	538557.45	538557.45	0.00	0.00	0.00	0.00	5.80	0.00	0.12
853	58.00	45.00	231.62	51597.80	11580.85	538557.45	538557.45	0.00	0.00	0.00	0.00	5.90	0.00	0.12
854	59.00	45.00	231.62	51597.80	11580.85	538557.45	538557.45	0.00	0.00	0.00	0.00	5.85	0.00	0.12
855	60.00	45.00	231.62	51597.80	11580.85	538557.45	538557.45	0.00	0.00	0.00	0.00	5.79	0.00	0.12
856	60.00	46.00	231.62	51597.80	11580.85	538557.45	538557.45	0.00	0.00	0.00	0.00	5.80	0.00	0.12
857	60.00	47.00	231.62	51597.80	11580.85	538557.45	538557.45	0.00	0.00	0.00	0.00	5.91	0.00	0.12
858	60.00	48.00	231.62	51597.80	11580.85	538557.45	538557.45	0.00	0.00	0.00	0.00	6.04	0.00	0.12
859	61.00	48.00	231.62	51597.80	11580.85	538557.45	538557.45	0.00	0.00	0.00	0.00	5.98	0.00	0.12
860	61.00	49.00	231.62	51597.80	11580.85	538557.45	538557.45	0.00	0.00	0.00	0.00	5.95	0.00	0.12
861	62.00	49.00	231.62	51597.80	11580.85	538557.45	538557.45	0.00	0.00	0.00	0.00	5.90	0.00	0.12
862	63.00	49.00	231.62	51597.80	11580.85	538557.45	538557.45	0.00	0.00	0.00	0.00	5.85	0.00	0.12
863	64.00	49.00	231.62	51597.80	11580.85	538557.45	538557.45	0.00	0.00	0.00	0.00	5.79	0.00	0.12
864	65.00	49.00	231.62	51597.80	11580.85	538557.45	538557.45	0.00	0.00	0.00	0.00	5.74	0.00	0.12
865	66.00	49.00	231.62	51597.80	11580.85	538557.45	538557.45	0.00	0.00	0.00	0.00	5.69	0.00	0.12
866	67.00	49.00	231.62	51597.80	11580.85	538557.45	538557.45	0.00	0.00	0.00	0.00	5.64	0.00	0.12
867	67.00	50.00	231.62	51597.80	11580.85	538557.45	538557.45	0.00	0.00	0.00	0.00	5.72	0.00	0.12
868	68.00	50.00	231.62	51597.80	11580.85	538557.45	538557.45	0.00	0.00	0.00	0.00	5.67	0.00	0.12
869	69.00	50.00	231.62	51597.80	11580.85	538557.45	538557.45	0.00	0.00	0.00	0.00	5.62	0.00	0.12
870	70.00	50.00	231.62	51597.80	11580.85	538557.45	538557.45	0.00	0.00	0.00	0.00	5.58	0.00	0.12
871	70.00	51.00	231.62	51597.80	11580.85	538557.45	538557.45	0.00	0.00	0.00	0.00	5.63	0.00	0.12
872	71.00	51.00	231.62	51597.80	11580.85	538557.45	538557.45	0.00	0.00	0.00	0.00	5.59	0.00	0.12
873	71.00	52.00	231.62	51597.80	11580.85	538557.45	538557.45	0.00	0.00	0.00	0.00	5.63	0.00	0.12
874	72.00	52.00	231.62	51597.80	11580.85	538557.45	538557.45	0.00	0.00	0.00	0.00	5.59	0.00	0.12
875	73.00	52.00	231.62	51597.80	11580.85	538557.45	538557.45	0.00	0.00	0.00	0.00	5.54	0.00	0.12
876	73.00	53.00	231.62	51597.80	11580.85	538557.45	538557.45	0.00	0.00	0.00	0.00	5.66	0.00	0.12
877	74.00	53.00	231.62	51597.80	11580.85	538557.45	538557.45	0.00	0.00	0.00	0.00	5.61	0.00	0.12
878	25.00	53.00	231.62	51597.80	11580.85	538557.45	538557.45	0.00	0.00	0.00	0.00	9.14	0.00	0.12
879	25.00	54.00	231.62	51597.80	11580.85	538557.45	538557.45	0.00	0.00	0.00	0.00	9.20	0.00	0.12
880	26.00	54.00	231.62	51597.80	11580.85	538557.45	538557.45	0.00	0.00	0.00	0.00	9.09	0.00	0.12
881	27.00	54.00	231.62	51597.80	11580.85	538557.45	538557.45	0.00	0.00	0.00	0.00	8.98	0.00	0.12
882	28.00	54.00	231.62	51597.80	11580.85	538557.45	538557.45	0.00	0.00	0.00	0.00	8.87	0.00	0.12
883	29.00	54.00	231.62	51597.80	11580.85	538557.45	538557.45	0.00	0.00	0.00	0.00	8.76	0.00	0.12
884	29.00	55.00	231.62	51597.80	11580.85	538557.45	538557.45	0.00	0.00	0.00	0.00	8.74	0.00	0.12
885	29.00	56.00	231.62	51597.80	11580.85	538557.45	538557.45	0.00	0.00	0.00	0.00	8.95	0.00	0.12
886	30.00	56.00	231.62	51597.80	11580.85	538557.45	538557.45	0.00	0.00	0.00	0.00	8.85	0.00	0.12
887	31.00	56.00	231.62	51597.80	11580.85	538557.45	538557.45	0.00	0.00	0.00	0.00	8.75	0.00	0.12
888	31.00	57.00	231.62	51597.80	11580.85	538557.45	538557.45	0.00	0.00	0.00	0.00	8.68	0.00	0.12
889	31.00	58.00	231.62	51597.80	11580.85	538557.45	538557.45	0.00	0.00	0.00	0.00	8.78	0.00	0.12
890	32.00	58.00	231.62	51597.80	11580.85	538557.45	538557.45	0.00	0.00	0.00	0.00	8.68	0.00	0.12
891	33.00	58.00	231.62	51597.80	11580.85	538557.45	538557.45	0.00	0.00	0.00	0.00	8.59	0.00	0.12
892	33.00	59.00	231.62	51597.80	11580.85	538557.45	538557.45	0.00	0.00	0.00	0.00	8.70	0.00	0.12
893	34.00	59.00	231.62	51597.80	11580.85	538557.45	538557.45	0.00	0.00	0.00	0.00	8.60	0.00	0.12
894	34.00	60.00	231.62	51597.80	11580.85	538557.45	538557.45	0.00	0.00	0.00	0.00	8.60	0.00	0.12
895	35.00	60.00	231.62	51597.80	11580.85	538557.45	538557.45	0.00	0.00	0.00	0.00	8.51	0.00	0.12
896	36.00	60.00	231.62	51597.80	11580.85	538557.45	538557.45	0.00	0.00	0.00	0.00	8.42	0.00	0.12
897	37.00	60.00	231.62	51597.80	11580.85	538557.45	538557.45	0.00	0.00	0.00	0.00	8.33	0.00	0.12
898	38.00	60.00	231.62	51597.80	11580.85	538557.45	538557.45	0.00	0.00	0.00	0.00	8.25	0.00	0.12
899	39.00	60.00	231.62	51597.80	11580.85	538557.45	538557.45	0.00	0.00	0.00	0.00	8.17	0.00	0.12
900	40.00	60.00	231.62	51597.80	11580.85	538557.45	538557.45	0.00	0.00	0.00	0.00	8.08	0.00	0.12
901	41.00	60.00	196.87	61917.36	9843.72	538557.45	538557.45	0.00	0.00	0.00	0.00	8.00	0.00	0.12
902	41.00	61.00	196.87	61917.36	9843.72	538557.45	538557.45	0.00	0.00	0.00	0.00	8.16	0.00	0.12
903	42.00	61.00	196.87	61917.36	9843.72	538557.45	538557.45	0.00	0.00	0.00	0.00	8.08	0.00	0.12
904	43.00	61.00	196.87	61917.36	9843.72	538557.45	538557.45	0.00	0.00	0.00	0.00	8.00	0.00	0.12
905	43.00	62.00	196.87	61917.36	9843.72	538557.45	538557.45	0.00	0.00	0.00	0.00	8.29	0.00	0.12
906	43.00	63.00	196.87	61917.36	9843.72	538557.45	538557.45	0.00	0.00	0.00	0.00	8.88	0.00	0.12
907	44.00	63.00	196.87	61917.36	9843.72	538557.45	538557.45	0.00	0.00	0.00	0.00	8.80	0.00	0.12
908	44.00	64.00	196.87	61917.36	9843.72	538557.45	538557.45	0.00	0.00	0.00	0.00	8.82	0.00	0.12
909	45.00	64.00	196.87	61917.36	9843.72	538557.45	538557.45	0.00	0.00	0.00	0.00	8.74	0.00	0.12
910	46.00	64.00	196.87	61917.36	9843.72	538557.45	538557.45	0.00	0.00	0.00	0.00	8.66	0.00	0.12
911	46.00	65.00	196.87	61917.36	9843.72	538557.45	538557.45	0.00	0.00	0.00	0.00	8.68	0.00	0.12
912	47.00	65.00	196.87	61917.36	9843.72	538557.45	538557.45	0.00	0.00	0.00	0.00	8.60	0.00	0.12
913	47.00	66.00	196.87	61917.36	9843.72	538557.45	538557.45	0.00	0.00	0.00	0.00	8.57	0.00	0.12
914	47.00	67.00	196.87	61917.36	9843.72	538557.45	538557.45	0.00	0.00	0.00	0.00	8.60	0.00	0.12
915	48.00	67.00	196.87	61917.36	9843.72	538557.45	538557.45	0.00	0.00	0.00	0.00	8.52	0.00	0.12
916	49.00	67.00	196.87	61917.36	9843.72	538557.45	538557.45	0.00	0.00	0.00	0.00	8.45	0.00	0.12
917	50.00	67.00	196.87	61917.36	9843.72	538557.45	538557.45	0.00	0.00	0.00	0.00	8.38	0.00	0.12
918	50.00	68.00	196.87	61917.36	9843.72	538557.45	538557.45	0.00	0.00	0.00	0.00	8.40	0.00	0.12
919	51.00	68.00	196.87	61917.36	9843.72	538557.45	538557.45	0.00	0.00	0.00	0.00	8.33	0.00	0.12
920	52.00	68.00	196.87	61917.36	9843.72	538557.45	538557.45	0.00	0.00	0.00	0.00	8.26	0.00	0.12
921	53.00	68.00	196.87	61917.36	9843.72	538557.45	538557.45	0.00	0.00	0.00	0.00	8.20	0.00	0.12
922	53.00	69.00	196.87	61917.36	9843.72	538557.45	538557.45	0.00	0.00	0.00	0.00	8.15	0.00	0.12
923	54.00	69.00	196.87	61917.36	9843.72	538557.45	538557.45	0.00	0.00	0.00	0.00	8.09	0.00	0.12
924	55.00	69.00	196.87	61917.36	9843.72	538557.45	538557.45	0.00	0.00	0.00	0.00	8.02	0.00	0.12
925	56.00	69.00	196.87	61917.36	9843.72	538557.45	538557.45	0.00	0.00	0.00	0.00	7.96	0.00	0.12
926	56.00	70.00	196.87	61917.36	9843.72	538557.45	538557.45	0.00	0.00	0.00	0.00	8.30	0.00	0.12
927	57.00	70.00	196.87	61917.36	9843.72	538557.45	538557.45	0.00	0.00	0.00	0.00	8.24	0.00	0.12
928	58.00	70.00	196.87	61917.36	9843.72	538557.45	538557.45	0.00	0.00	0.00	0.00	8.17	0.00	0.12
929	59.00	70.00	196.87	61917.36	9843.72	538557.45	538557.45	0.00	0.00	0.00	0.00	8.11	0.00	0.12
930	59.00	71.00	196.87	61917.36	9843.72	538557.45	538557.45	0.00	0.00	0.00	0.00	8.39	0.00	0.12
931	60.00	71.00	196.87	61917.36	9843.72	538557.45	538557.45	0.00	0.00	0.00	0.00	8.33	0.00	0.12
932	60.00	72.00	196.87	61917.36	9843.72	538557.45	538557.45	0.00	0.00	0.00	0.00	8.32	0.00	0.12
933	61.00	72.00	196.87	61917.36	9843.72	538557.45	538557.45	0.00	0.00	0.00	0.00	8.25	0.00	0.12
934	61.00	73.00	196.87	61917.36	9843.72	538557.45	538557.45	0.00	0.00	0.00	0.00	8.21	0.00	0.12
935	62.00	73.00	196.87	61917.36	9843.72	538557.45	538557.45	0.00	0.00	0.00	0.00	8.15	0.00	0.12
936	63.00	73.00	196.87	61917.36	9843.72	538557.45	538557.45	0.00	0.00	0.00	0.00	8.09	0.00	0.12
937	64.00	73.00	196.87	61917.36	9843.72	538557.45	538557.45	0.00	0.00	0.00	0.00	8.03	0.00	0.12
938	65.00	73.00	196.87	61917.36	9843.72	538557.45	538557.45	0.00	0.00	0.00	0.00	7.98	0.00	0.12
939	66.00	73.00	196.87	61917.36	9843.72	538557.45	538557.45	0.00	0.00	0.00	0.00	7.92	0.00	0.12
940	67.00	73.00	196.87	61917.36	9843.72	538557.45	538557.45	0.00	0.00	0.00	0.00	7.86	0.00	0.12
941	68.00	73.00	196.87	61917.36	9843.72	538557.45	538557.45	0.00	0.00	0.00	0.00	7.81	0.00	0.12
942	69.00	73.00	196.87	61917.36	9843.72	538557.45	538557.45	0.00	0.00	0.00	0.00	7.75	0.00	0.12
943	69.00	74.00	196.87	61917.36	9843.72	538557.45	538557.45	0.00	0.00	0.00	0.00	7.72	0.00	0.12
944	69.00	25.00	196.87	61917.36	9843.72	538557.45	538557.45	0.00	0.00	0.00	0.00	4.34	0.00	0.12
945	70.00	25.00	196.87	61917.36	9843.72	538557.45	538557.45	0.00	0.00	0.00	0.00	4.29	0.00	0.12
946	70.00	26.00	196.87	61917.36	9843.72	538557.45	538557.45	0.00	0.00	0.00	0.00	4.37	0.00	0.12
947	71.00	26.00	196.87	61917.36	9843.72	538557.45	538557.45	0.00	0.00	0.00	0.00	4.32	0.00	0.12
948	74.00	74.00	196.87	61917.36	9843.72	538557.45	538557.45	0.00	0.00	0.00	0.00	11.81	0.00	0.12
949	74.00	25.00	167.34	74300.84	8367.16	538557.45	538557.45	0.00	0.00	0.00	0.00	5.21	0.00	0.12
950	25.00	25.00	167.34	74300.84	8367.16	538557.45	538557.45	0.00	0.00	0.00	0.00	10.31	0.00	0.12
951	25.00	26.00	167.34	74300.84	8367.16	538557.45	538557.45	0.00	0.00	0.00	0.00	10.17	0.00	0.12
952	26.00	26.00	167.34	74300.84	8367.16	538557.45	538557.45	0.00	0.00	0.00	0.00	9.97	0.00	0.12
953	27.00	26.00	167.34	74300.84	8367.16	538557.45	538557.45	0.00	0.00	0.00	0.00	9.79	0.00	0.12
954	28.00	26.00	167.34	74300.84	8367.16	538557.45	538557.45	0.00	0.00	0.00	0.00	9.61	0.00	0.12
955	28.00	27.00	167.34	74300.84	8367.16	538557.45	538557.45	0.00	0.00	0.00	0.00	9.74	0.00	0.12
956	28.00	28.00	167.34	74300.84	8367.16	538557.45	538557.45	0.00	0.00	0.00	0.00	9.87	0.00	0.12
957	28.00	29.00	167.34	74300.84	8367.16	538557.45	538557.45	0.00	0.00	0.00	0.00	9.93	0.00	0.12
958	28.00	30.00	167.34	74300.84	8367.16	538557.45	538557.45	0.00	0.00	0.00	0.00	10.10	0.00	0.12
959	28.00	31.00	167.34	74300.84	8367.16	538557.45	538557.45	0.00	0.00	0.00	0.00	10.68	0.00	0.12
960	29.00	31.00	167.34	74300.84	8367.16	538557.45	538557.45	0.00	0.00	0.00	0.00	10.50	0.00	0.12
961	29.00	32.00	167.34	74300.84	8367.16	538557.45	538557.45	0.00	0.00	0.00	0.00	11.51	0.00	0.12
962	30.00	32.00	167.34	74300.84	8367.16	538557.45	538557.45	0.00	0.00	0.00	0.00	11.32	0.00	0.12
963	31.00	32.00	167.34	74300.84	8367.16	538557.45	538557.45	0.00	0.00	0.00	0.00	11.14	0.00	0.12
964	31.00	33.00	167.34	74300.84	8367.16	538557.45	538557.45	0.00	0.00	0.00	0.00	11.11	0.00	0.12
965	31.00	34.00	167.34	74300.84	8367.16	538557.45	538557.45	0.00	0.00	0.00	0.00	11.16	0.00	0.12
966	31.00	35.00	167.34	74300.84	8367.16	538557.45	538557.45	0.00	0.00	0.00	0.00	11.12	0.00	0.12
967	31.00	36.00	167.34	74300.84	8367.16	538557.45	538557.45	0.00	0.00	0.00	0.00	11.56	0.00	0.12
968	32.00	36.00	167.34	74300.84	8367.16	538557.45	538557.45	0.00	0.00	0.00	0.00	11.39	0.00	0.12
969	32.00	37.00	167.34	74300.84	8367.16	538557.45	538557.45	0.00	0.00	0.00	0.00	11.28	0.00	0.12
970	33.00	37.00	167.34	74300.84	8367.16	538557.45	538557.45	0.00	0.00	0.00	0.00	11.12	0.00	0.12
971	34.00	37.00	167.34	74300.84	8367.16	538557.45	538557.45	0.00	0.00	0.00	0.00	10.97	0.00	0.12
972	34.00	38.00	167.34	74300.84	8367.16	538557.45	538557.45	0.00	0.00	0.00	0.00	11.09	0.00	0.12
973	35.00	38.00	167.34	74300.84	8367.16	538557.45	538557.45	0.00	0.00	0.00	0.00	10.94	0.00	0.12
974	36.00	38.00	167.34	74300.84	8367.16	538557.45	538557.45	0.00	0.00	0.00	0.00	10.79	0.00	0.12
975	37.00	38.00	167.34	74300.84	8367.16	538557.45	538557.45	0.00	0.00	0.00	0.00	10.65	0.00	0.12
976	37.00	39.00	167.34	74300.84	8367.16	538557.45	538557.45	0.00	0.00	0.00	0.00	10.66	0.00	0.12
977	38.00	39.00	167.34	74300.84	8367.16	538557.45	538557.45	0.00	0.00	0.00	0.00	10.52	0.00	0.12
978	38.00	40.00	167.34	74300.84	8367.16	538557.45	538557.45	0.00	0.00	0.00	0.00	10.53	0.00	0.12
979	39.00	40.00	167.34	74300.84	8367.16	538557.45	538557.45	0.00	0.00	0.00	0.00	10.40	0.00	0.12
980	40.00	40.00	167.34	74300.84	8367.16	538557.45	538557.45	0.00	0.00	0.00	0.00	10.27	0.00	0.12
981	41.00	40.00	167.34	74300.84	8367.16	538557.45	538557.45	0.00	0.00	0.00	0.00	10.14	0.00	0.12
982	41.00	41.00	167.34	74300.84	8367.16	538557.45	538557.45	0.00	0.00	0.00	0.00	10.15	0.00	0.12
983	41.00	42.00	167.34	74300.84	8367.16	538557.45	538557.45	0.00	0.00	0.00	0.00	10.07	0.00	0.12
984	41.00	43.00	167.34	74300.84	8367.16	538557.45	538557.45	0.00	0.00	0.00	0.00	10.09	0.00	0.12
985	42.00	43.00	167.34	74300.84	8367.16	538557.45	538557.45	0.00	0.00	0.00	0.00	9.97	0.00	0.12
986	42.00	44.00	167.34	74300.84	8367.16	538557.45	538557.45	0.00	0.00	0.00	0.00	10.14	0.00	0.12
987	42.00	45.00	167.34	74300.84	8367.16	538557.45	538557.45	0.00	0.00	0.00	0.00	10.14	0.00	0.12
988	42.00	46.00	167.34	74300.84	8367.16	538557.45	538557.45	0.00	0.00	0.00	0.00	10.13	0.00	0.12
989	43.00	46.00	167.34	74300.84	8367.16	538557.45	538557.45	0.00	0.00	0.00	0.00	10.01	0.00	0.12
990	44.00	46.00	167.34	74300.84	8367.16	538557.45	538557.45	0.00	0.00	0.00	0.00	9.90	0.00	0.12
991	44.00	47.00	167.34	74300.84	8367.16	538557.45	538557.45	0.00	0.00	0.00	0.00	9.99	0.00	0.12
992	44.00	48.00	167.34	74300.84	8367.16	538557.45	538557.45	0.00	0.00	0.00	0.00	9.91	0.00	0.12
993	44.00	49.00	167.34	74300.84	8367.16	538557.45	538557.45	0.00	0.00	0.00	0.00	9.84	0.00	0.12
994	45.00	49.00	167.34	74300.84	8367.16	538557.45	538557.45	0.00	0.00	0.00	0.00	9.74	0.00	0.12
995	45.00	50.00	167.34	74300.84	8367.16	538557.45	538557.45	0.00	0.00	0.00	0.00	9.88	0.00	0.12
996	45.00	51.00	167.34	74300.84	8367.16	538557.45	538557.45	0.00	0.00	0.00	0.00	9.80	0.00	0.12
997	45.00	52.00	167.34	74300.84	8367.16	538557.45	538557.45	0.00	0.00	0.00	0.00	9.79	0.00	0.12
998	46.00	52.00	167.34	74300.84	8367.16	538557.45	538557.45	0.00	0.00	0.00	0.00	9.69	0.00	0.12
999	46.00	53.00	167.34	74300.84	8367.16	538557.45	538557.45	0.00	0.00	0.00	0.00	9.71	0.00	0.12
1000	46.00	54.00	167.34	74300.84	8367.16	538557.45	538557.45	0.00	0.00	0.00	0.00	9.63	0.00	0.12
