some parameters
Gen.	# feasible solutions	# infeasible solutions	cap. penality	dur. penality	num. penality	best penalized cost	best feasible cost	best cap. violation	best dur. violation	best num. violation	avg cap. violation	avg dur. violation	avg num. violation	Gap from BKS
1	35.00	66.00	850.00	12000.00	42500.00	550676.75	550676.75	0.00	0.00	0.00	0.00	8.13	0.00	0.12
2	35.00	67.00	850.00	12000.00	42500.00	550676.75	550676.75	0.00	0.00	0.00	0.00	8.16	0.00	0.12
3	36.00	67.00	850.00	12000.00	42500.00	550676.75	550676.75	0.00	0.00	0.00	0.00	8.08	0.00	0.12
4	37.00	67.00	850.00	12000.00	42500.00	550676.75	550676.75	0.00	0.00	0.00	0.00	8.00	0.00	0.12
5	38.00	67.00	850.00	12000.00	42500.00	550676.75	550676.75	0.00	0.00	0.00	0.00	7.93	0.00	0.12
6	39.00	67.00	850.00	12000.00	42500.00	550676.75	550676.75	0.00	0.00	0.00	0.00	7.85	0.00	0.12
7	39.00	68.00	850.00	12000.00	42500.00	550676.75	550676.75	0.00	0.00	0.00	0.00	7.89	0.00	0.12
8	40.00	68.00	850.00	12000.00	42500.00	550676.75	550676.75	0.00	0.00	0.00	0.00	7.81	0.00	0.12
9	40.00	69.00	850.00	12000.00	42500.00	550676.75	550676.75	0.00	0.00	0.00	0.00	7.85	0.00	0.12
10	41.00	69.00	850.00	12000.00	42500.00	550676.75	550676.75	0.00	0.00	0.00	0.00	7.77	0.00	0.12
11	41.00	70.00	850.00	12000.00	42500.00	550676.75	550676.75	0.00	0.00	0.00	0.00	7.73	0.00	0.12
12	41.00	71.00	850.00	12000.00	42500.00	550676.75	550676.75	0.00	0.00	0.00	0.00	7.76	0.00	0.12
13	42.00	71.00	850.00	12000.00	42500.00	550676.75	550676.75	0.00	0.00	0.00	0.00	7.70	0.00	0.12
14	43.00	71.00	850.00	12000.00	42500.00	550676.75	550676.75	0.00	0.00	0.00	0.00	7.63	0.00	0.12
15	43.00	72.00	850.00	12000.00	42500.00	550676.75	550676.75	0.00	0.00	0.00	0.00	7.66	0.00	0.12
16	44.00	72.00	850.00	12000.00	42500.00	550676.75	550676.75	0.00	0.00	0.00	0.00	7.59	0.00	0.12
17	45.00	72.00	850.00	12000.00	42500.00	550676.75	550676.75	0.00	0.00	0.00	0.00	7.53	0.00	0.12
18	46.00	72.00	850.00	12000.00	42500.00	550676.75	550676.75	0.00	0.00	0.00	0.00	7.47	0.00	0.12
19	47.00	72.00	850.00	12000.00	42500.00	550676.75	550676.75	0.00	0.00	0.00	0.00	7.40	0.00	0.12
20	48.00	72.00	850.00	12000.00	42500.00	550676.75	550676.75	0.00	0.00	0.00	0.00	7.34	0.00	0.12
21	49.00	72.00	850.00	12000.00	42500.00	550676.75	550676.75	0.00	0.00	0.00	0.00	7.28	0.00	0.12
22	50.00	72.00	850.00	12000.00	42500.00	550676.75	550676.75	0.00	0.00	0.00	0.00	7.22	0.00	0.12
23	51.00	72.00	850.00	12000.00	42500.00	550676.75	550676.75	0.00	0.00	0.00	0.00	7.16	0.00	0.12
24	52.00	72.00	850.00	12000.00	42500.00	550676.75	550676.75	0.00	0.00	0.00	0.00	7.10	0.00	0.12
25	53.00	72.00	850.00	12000.00	42500.00	550676.75	550676.75	0.00	0.00	0.00	0.00	7.05	0.00	0.12
26	54.00	72.00	850.00	12000.00	42500.00	550676.75	550676.75	0.00	0.00	0.00	0.00	6.99	0.00	0.12
27	55.00	72.00	850.00	12000.00	42500.00	550676.75	550676.75	0.00	0.00	0.00	0.00	6.94	0.00	0.12
28	55.00	73.00	850.00	12000.00	42500.00	550676.75	550676.75	0.00	0.00	0.00	0.00	6.99	0.00	0.12
29	56.00	73.00	850.00	12000.00	42500.00	550676.75	550676.75	0.00	0.00	0.00	0.00	6.94	0.00	0.12
30	57.00	73.00	850.00	12000.00	42500.00	550676.75	550676.75	0.00	0.00	0.00	0.00	6.89	0.00	0.12
31	58.00	73.00	850.00	12000.00	42500.00	550676.75	550676.75	0.00	0.00	0.00	0.00	6.83	0.00	0.12
32	58.00	74.00	850.00	12000.00	42500.00	550676.75	550676.75	0.00	0.00	0.00	0.00	6.87	0.00	0.12
33	59.00	74.00	850.00	12000.00	42500.00	550676.75	550676.75	0.00	0.00	0.00	0.00	6.82	0.00	0.12
34	60.00	74.00	850.00	12000.00	42500.00	550676.75	550676.75	0.00	0.00	0.00	0.00	6.77	0.00	0.12
35	61.00	74.00	850.00	12000.00	42500.00	550676.75	550676.75	0.00	0.00	0.00	0.00	6.72	0.00	0.12
36	62.00	74.00	850.00	12000.00	42500.00	550676.75	550676.75	0.00	0.00	0.00	0.00	6.67	0.00	0.12
37	63.00	74.00	850.00	12000.00	42500.00	550676.75	550676.75	0.00	0.00	0.00	0.00	6.62	0.00	0.12
38	64.00	74.00	850.00	12000.00	42500.00	550676.75	550676.75	0.00	0.00	0.00	0.00	6.57	0.00	0.12
39	64.00	25.00	850.00	12000.00	42500.00	550676.75	550676.75	0.00	0.00	0.00	0.00	2.24	0.00	0.12
40	65.00	25.00	850.00	12000.00	42500.00	550676.75	550676.75	0.00	0.00	0.00	0.00	2.22	0.00	0.12
41	66.00	25.00	850.00	12000.00	42500.00	550676.75	550676.75	0.00	0.00	0.00	0.00	2.19	0.00	0.12
42	67.00	25.00	850.00	12000.00	42500.00	550676.75	550676.75	0.00	0.00	0.00	0.00	2.17	0.00	0.12
43	68.00	25.00	850.00	12000.00	42500.00	550676.75	550676.75	0.00	0.00	0.00	0.00	2.14	0.00	0.12
44	69.00	25.00	850.00	12000.00	42500.00	550676.75	550676.75	0.00	0.00	0.00	0.00	2.12	0.00	0.12
45	69.00	26.00	850.00	12000.00	42500.00	550676.75	550676.75	0.00	0.00	0.00	0.00	2.22	0.00	0.12
46	70.00	26.00	850.00	12000.00	42500.00	550676.75	550676.75	0.00	0.00	0.00	0.00	2.20	0.00	0.12
47	71.00	26.00	850.00	12000.00	42500.00	550676.75	550676.75	0.00	0.00	0.00	0.00	2.17	0.00	0.12
48	71.00	27.00	850.00	12000.00	42500.00	550676.75	550676.75	0.00	0.00	0.00	0.00	2.18	0.00	0.12
49	72.00	27.00	850.00	12000.00	42500.00	550676.75	550676.75	0.00	0.00	0.00	0.00	2.16	0.00	0.12
50	73.00	27.00	850.00	12000.00	42500.00	550676.75	550676.75	0.00	0.00	0.00	0.00	2.14	0.00	0.12
51	74.00	27.00	850.00	12000.00	42500.00	550676.75	550676.75	0.00	0.00	0.00	0.00	2.11	0.00	0.12
52	25.00	27.00	850.00	12000.00	42500.00	550676.75	550676.75	0.00	0.00	0.00	0.00	4.11	0.00	0.12
53	26.00	27.00	850.00	12000.00	42500.00	550676.75	550676.75	0.00	0.00	0.00	0.00	4.03	0.00	0.12
54	27.00	27.00	850.00	12000.00	42500.00	550676.75	550676.75	0.00	0.00	0.00	0.00	3.96	0.00	0.12
55	27.00	28.00	850.00	12000.00	42500.00	550676.75	550676.75	0.00	0.00	0.00	0.00	3.94	0.00	0.12
56	28.00	28.00	850.00	12000.00	42500.00	550676.75	550676.75	0.00	0.00	0.00	0.00	3.86	0.00	0.12
57	29.00	28.00	850.00	12000.00	42500.00	550676.75	550676.75	0.00	0.00	0.00	0.00	3.80	0.00	0.12
58	30.00	28.00	850.00	12000.00	42500.00	550676.75	550676.75	0.00	0.00	0.00	0.00	3.73	0.00	0.12
59	30.00	29.00	850.00	12000.00	42500.00	550676.75	550676.75	0.00	0.00	0.00	0.00	3.72	0.00	0.12
60	31.00	29.00	850.00	12000.00	42500.00	550676.75	550676.75	0.00	0.00	0.00	0.00	3.65	0.00	0.12
61	32.00	29.00	850.00	12000.00	42500.00	550676.75	550676.75	0.00	0.00	0.00	0.00	3.59	0.00	0.12
62	33.00	29.00	850.00	12000.00	42500.00	550676.75	550676.75	0.00	0.00	0.00	0.00	3.54	0.00	0.12
63	34.00	29.00	850.00	12000.00	42500.00	550676.75	550676.75	0.00	0.00	0.00	0.00	3.48	0.00	0.12
64	35.00	29.00	850.00	12000.00	42500.00	550676.75	550676.75	0.00	0.00	0.00	0.00	3.43	0.00	0.12
65	36.00	29.00	850.00	12000.00	42500.00	550676.75	550676.75	0.00	0.00	0.00	0.00	3.37	0.00	0.12
66	37.00	29.00	850.00	12000.00	42500.00	550676.75	550676.75	0.00	0.00	0.00	0.00	3.32	0.00	0.12
67	38.00	29.00	850.00	12000.00	42500.00	550676.75	550676.75	0.00	0.00	0.00	0.00	3.27	0.00	0.12
68	39.00	29.00	850.00	12000.00	42500.00	550676.75	550676.75	0.00	0.00	0.00	0.00	3.22	0.00	0.12
69	40.00	29.00	850.00	12000.00	42500.00	550676.75	550676.75	0.00	0.00	0.00	0.00	3.18	0.00	0.12
70	41.00	29.00	850.00	12000.00	42500.00	550676.75	550676.75	0.00	0.00	0.00	0.00	3.13	0.00	0.12
71	41.00	30.00	850.00	12000.00	42500.00	550676.75	550676.75	0.00	0.00	0.00	0.00	3.25	0.00	0.12
72	41.00	31.00	850.00	12000.00	42500.00	550676.75	550676.75	0.00	0.00	0.00	0.00	3.36	0.00	0.12
73	42.00	31.00	850.00	12000.00	42500.00	550676.75	550676.75	0.00	0.00	0.00	0.00	3.32	0.00	0.12
74	43.00	31.00	850.00	12000.00	42500.00	550676.75	550676.75	0.00	0.00	0.00	0.00	3.27	0.00	0.12
75	44.00	31.00	850.00	12000.00	42500.00	550676.75	550676.75	0.00	0.00	0.00	0.00	3.23	0.00	0.12
76	45.00	31.00	850.00	12000.00	42500.00	550676.75	550676.75	0.00	0.00	0.00	0.00	3.19	0.00	0.12
77	46.00	31.00	850.00	12000.00	42500.00	550676.75	550676.75	0.00	0.00	0.00	0.00	3.14	0.00	0.12
78	46.00	32.00	850.00	12000.00	42500.00	550676.75	550676.75	0.00	0.00	0.00	0.00	3.25	0.00	0.12
79	47.00	32.00	850.00	12000.00	42500.00	550676.75	550676.75	0.00	0.00	0.00	0.00	3.21	0.00	0.12
80	48.00	32.00	850.00	12000.00	42500.00	550676.75	550676.75	0.00	0.00	0.00	0.00	3.17	0.00	0.12
81	49.00	32.00	850.00	12000.00	42500.00	550676.75	550676.75	0.00	0.00	0.00	0.00	3.13	0.00	0.12
82	50.00	32.00	850.00	12000.00	42500.00	550676.75	550676.75	0.00	0.00	0.00	0.00	3.09	0.00	0.12
83	51.00	32.00	850.00	12000.00	42500.00	550676.75	550676.75	0.00	0.00	0.00	0.00	3.05	0.00	0.12
84	52.00	32.00	850.00	12000.00	42500.00	550676.75	550676.75	0.00	0.00	0.00	0.00	3.02	0.00	0.12
85	52.00	33.00	850.00	12000.00	42500.00	550676.75	550676.75	0.00	0.00	0.00	0.00	3.02	0.00	0.12
86	53.00	33.00	850.00	12000.00	42500.00	550676.75	550676.75	0.00	0.00	0.00	0.00	2.98	0.00	0.12
87	54.00	33.00	850.00	12000.00	42500.00	550676.75	550676.75	0.00	0.00	0.00	0.00	2.95	0.00	0.12
88	55.00	33.00	850.00	12000.00	42500.00	550676.75	550676.75	0.00	0.00	0.00	0.00	2.91	0.00	0.12
89	56.00	33.00	850.00	12000.00	42500.00	550676.75	550676.75	0.00	0.00	0.00	0.00	2.88	0.00	0.12
90	57.00	33.00	850.00	12000.00	42500.00	550676.75	550676.75	0.00	0.00	0.00	0.00	2.85	0.00	0.12
91	58.00	33.00	850.00	12000.00	42500.00	550676.75	550676.75	0.00	0.00	0.00	0.00	2.82	0.00	0.12
92	59.00	33.00	850.00	12000.00	42500.00	550676.75	550676.75	0.00	0.00	0.00	0.00	2.79	0.00	0.12
93	60.00	33.00	850.00	12000.00	42500.00	550676.75	550676.75	0.00	0.00	0.00	0.00	2.76	0.00	0.12
94	60.00	34.00	850.00	12000.00	42500.00	550676.75	550676.75	0.00	0.00	0.00	0.00	2.85	0.00	0.12
95	60.00	35.00	850.00	12000.00	42500.00	550676.75	550676.75	0.00	0.00	0.00	0.00	2.85	0.00	0.12
96	61.00	35.00	850.00	12000.00	42500.00	550676.75	550676.75	0.00	0.00	0.00	0.00	2.82	0.00	0.12
97	61.00	36.00	850.00	12000.00	42500.00	550676.75	550676.75	0.00	0.00	0.00	0.00	2.82	0.00	0.12
98	61.00	37.00	850.00	12000.00	42500.00	550676.75	550676.75	0.00	0.00	0.00	0.00	2.91	0.00	0.12
99	62.00	37.00	850.00	12000.00	42500.00	550676.75	550676.75	0.00	0.00	0.00	0.00	2.88	0.00	0.12
100	63.00	37.00	850.00	12000.00	42500.00	550676.75	550676.75	0.00	0.00	0.00	0.00	2.85	0.00	0.12
101	64.00	37.00	722.50	14400.00	36125.00	550676.75	550676.75	0.00	0.00	0.00	0.00	2.82	0.00	0.12
102	65.00	37.00	722.50	14400.00	36125.00	550676.75	550676.75	0.00	0.00	0.00	0.00	2.79	0.00	0.12
103	65.00	38.00	722.50	14400.00	36125.00	550676.75	550676.75	0.00	0.00	0.00	0.00	2.79	0.00	0.12
104	65.00	39.00	722.50	14400.00	36125.00	550676.75	550676.75	0.00	0.00	0.00	0.00	2.88	0.00	0.12
105	66.00	39.00	722.50	14400.00	36125.00	550676.75	550676.75	0.00	0.00	0.00	0.00	2.85	0.00	0.12
106	66.00	40.00	722.50	14400.00	36125.00	550676.75	550676.75	0.00	0.00	0.00	0.00	2.93	0.00	0.12
107	67.00	40.00	722.50	14400.00	36125.00	550676.75	550676.75	0.00	0.00	0.00	0.00	2.90	0.00	0.12
108	68.00	40.00	722.50	14400.00	36125.00	550676.75	550676.75	0.00	0.00	0.00	0.00	2.87	0.00	0.12
109	69.00	40.00	722.50	14400.00	36125.00	550676.75	550676.75	0.00	0.00	0.00	0.00	2.85	0.00	0.12
110	70.00	40.00	722.50	14400.00	36125.00	550676.75	550676.75	0.00	0.00	0.00	0.00	2.82	0.00	0.12
111	71.00	40.00	722.50	14400.00	36125.00	550676.75	550676.75	0.00	0.00	0.00	0.00	2.80	0.00	0.12
112	72.00	40.00	722.50	14400.00	36125.00	550676.75	550676.75	0.00	0.00	0.00	0.00	2.77	0.00	0.12
113	73.00	40.00	722.50	14400.00	36125.00	550676.75	550676.75	0.00	0.00	0.00	0.00	2.75	0.00	0.12
114	74.00	40.00	722.50	14400.00	36125.00	550676.75	550676.75	0.00	0.00	0.00	0.00	2.72	0.00	0.12
115	25.00	40.00	722.50	14400.00	36125.00	550676.75	550676.75	0.00	0.00	0.00	0.00	4.78	0.00	0.12
116	26.00	40.00	722.50	14400.00	36125.00	550676.75	550676.75	0.00	0.00	0.00	0.00	4.70	0.00	0.12
117	27.00	40.00	722.50	14400.00	36125.00	550676.75	550676.75	0.00	0.00	0.00	0.00	4.63	0.00	0.12
118	28.00	40.00	722.50	14400.00	36125.00	550676.75	550676.75	0.00	0.00	0.00	0.00	4.57	0.00	0.12
119	29.00	40.00	722.50	14400.00	36125.00	550676.75	550676.75	0.00	0.00	0.00	0.00	4.50	0.00	0.12
120	29.00	41.00	722.50	14400.00	36125.00	550676.75	550676.75	0.00	0.00	0.00	0.00	4.60	0.00	0.12
121	29.00	42.00	722.50	14400.00	36125.00	550676.75	550676.75	0.00	0.00	0.00	0.00	4.69	0.00	0.12
122	30.00	42.00	722.50	14400.00	36125.00	550676.75	550676.75	0.00	0.00	0.00	0.00	4.63	0.00	0.12
123	30.00	43.00	722.50	14400.00	36125.00	550676.75	550676.75	0.00	0.00	0.00	0.00	4.72	0.00	0.12
124	31.00	43.00	722.50	14400.00	36125.00	550676.75	550676.75	0.00	0.00	0.00	0.00	4.66	0.00	0.12
125	32.00	43.00	722.50	14400.00	36125.00	550676.75	550676.75	0.00	0.00	0.00	0.00	4.60	0.00	0.12
126	33.00	43.00	722.50	14400.00	36125.00	550676.75	550676.75	0.00	0.00	0.00	0.00	4.54	0.00	0.12
127	34.00	43.00	722.50	14400.00	36125.00	550676.75	550676.75	0.00	0.00	0.00	0.00	4.48	0.00	0.12
128	35.00	43.00	722.50	14400.00	36125.00	550676.75	550676.75	0.00	0.00	0.00	0.00	4.42	0.00	0.12
129	35.00	44.00	722.50	14400.00	36125.00	550676.75	550676.75	0.00	0.00	0.00	0.00	4.51	0.00	0.12
130	35.00	45.00	722.50	14400.00	36125.00	550676.75	550676.75	0.00	0.00	0.00	0.00	4.59	0.00	0.12
131	36.00	45.00	722.50	14400.00	36125.00	550676.75	550676.75	0.00	0.00	0.00	0.00	4.54	0.00	0.12
132	37.00	45.00	722.50	14400.00	36125.00	550676.75	550676.75	0.00	0.00	0.00	0.00	4.48	0.00	0.12
133	38.00	45.00	722.50	14400.00	36125.00	550676.75	550676.75	0.00	0.00	0.00	0.00	4.43	0.00	0.12
134	39.00	45.00	722.50	14400.00	36125.00	550676.75	550676.75	0.00	0.00	0.00	0.00	4.37	0.00	0.12
135	40.00	45.00	722.50	14400.00	36125.00	550676.75	550676.75	0.00	0.00	0.00	0.00	4.32	0.00	0.12
136	40.00	46.00	722.50	14400.00	36125.00	550676.75	550676.75	0.00	0.00	0.00	0.00	4.31	0.00	0.12
137	40.00	47.00	722.50	14400.00	36125.00	550676.75	550676.75	0.00	0.00	0.00	0.00	4.39	0.00	0.12
138	41.00	47.00	722.50	14400.00	36125.00	550676.75	550676.75	0.00	0.00	0.00	0.00	4.34	0.00	0.12
139	42.00	47.00	722.50	14400.00	36125.00	550676.75	550676.75	0.00	0.00	0.00	0.00	4.29	0.00	0.12
140	43.00	47.00	722.50	14400.00	36125.00	550676.75	550676.75	0.00	0.00	0.00	0.00	4.24	0.00	0.12
141	44.00	47.00	722.50	14400.00	36125.00	550676.75	550676.75	0.00	0.00	0.00	0.00	4.19	0.00	0.12
142	44.00	48.00	722.50	14400.00	36125.00	550676.75	550676.75	0.00	0.00	0.00	0.00	4.27	0.00	0.12
143	45.00	48.00	722.50	14400.00	36125.00	550676.75	550676.75	0.00	0.00	0.00	0.00	4.23	0.00	0.12
144	45.00	49.00	722.50	14400.00	36125.00	550676.75	550676.75	0.00	0.00	0.00	0.00	4.30	0.00	0.12
145	46.00	49.00	722.50	14400.00	36125.00	550676.75	550676.75	0.00	0.00	0.00	0.00	4.26	0.00	0.12
146	47.00	49.00	722.50	14400.00	36125.00	550676.75	550676.75	0.00	0.00	0.00	0.00	4.21	0.00	0.12
147	47.00	50.00	722.50	14400.00	36125.00	550676.75	550676.75	0.00	0.00	0.00	0.00	4.29	0.00	0.12
148	48.00	50.00	722.50	14400.00	36125.00	550676.75	550676.75	0.00	0.00	0.00	0.00	4.24	0.00	0.12
149	49.00	50.00	722.50	14400.00	36125.00	550676.75	550676.75	0.00	0.00	0.00	0.00	4.20	0.00	0.12
150	50.00	50.00	722.50	14400.00	36125.00	550676.75	550676.75	0.00	0.00	0.00	0.00	4.16	0.00	0.12
151	51.00	50.00	722.50	14400.00	36125.00	550676.75	550676.75	0.00	0.00	0.00	0.00	4.12	0.00	0.12
152	52.00	50.00	722.50	14400.00	36125.00	550676.75	550676.75	0.00	0.00	0.00	0.00	4.08	0.00	0.12
153	53.00	50.00	722.50	14400.00	36125.00	550676.75	550676.75	0.00	0.00	0.00	0.00	4.04	0.00	0.12
154	54.00	50.00	722.50	14400.00	36125.00	550676.75	550676.75	0.00	0.00	0.00	0.00	4.00	0.00	0.12
155	55.00	50.00	722.50	14400.00	36125.00	550676.75	550676.75	0.00	0.00	0.00	0.00	3.96	0.00	0.12
156	56.00	50.00	722.50	14400.00	36125.00	550676.75	550676.75	0.00	0.00	0.00	0.00	3.92	0.00	0.12
157	57.00	50.00	722.50	14400.00	36125.00	550676.75	550676.75	0.00	0.00	0.00	0.00	3.89	0.00	0.12
158	58.00	50.00	722.50	14400.00	36125.00	550676.75	550676.75	0.00	0.00	0.00	0.00	3.85	0.00	0.12
159	59.00	50.00	722.50	14400.00	36125.00	550676.75	550676.75	0.00	0.00	0.00	0.00	3.82	0.00	0.12
160	60.00	50.00	722.50	14400.00	36125.00	550676.75	550676.75	0.00	0.00	0.00	0.00	3.78	0.00	0.12
161	61.00	50.00	722.50	14400.00	36125.00	550676.75	550676.75	0.00	0.00	0.00	0.00	3.75	0.00	0.12
162	62.00	50.00	722.50	14400.00	36125.00	550676.75	550676.75	0.00	0.00	0.00	0.00	3.71	0.00	0.12
163	63.00	50.00	722.50	14400.00	36125.00	550676.75	550676.75	0.00	0.00	0.00	0.00	3.68	0.00	0.12
164	64.00	50.00	722.50	14400.00	36125.00	550676.75	550676.75	0.00	0.00	0.00	0.00	3.65	0.00	0.12
165	64.00	51.00	722.50	14400.00	36125.00	550676.75	550676.75	0.00	0.00	0.00	0.00	3.72	0.00	0.12
166	65.00	51.00	722.50	14400.00	36125.00	550676.75	550676.75	0.00	0.00	0.00	0.00	3.68	0.00	0.12
167	65.00	52.00	722.50	14400.00	36125.00	550676.75	550676.75	0.00	0.00	0.00	0.00	3.75	0.00	0.12
168	66.00	52.00	722.50	14400.00	36125.00	550676.75	550676.75	0.00	0.00	0.00	0.00	3.72	0.00	0.12
169	67.00	52.00	722.50	14400.00	36125.00	550676.75	550676.75	0.00	0.00	0.00	0.00	3.69	0.00	0.12
170	68.00	52.00	722.50	14400.00	36125.00	550676.75	550676.75	0.00	0.00	0.00	0.00	3.66	0.00	0.12
171	69.00	52.00	722.50	14400.00	36125.00	550676.75	550676.75	0.00	0.00	0.00	0.00	3.63	0.00	0.12
172	70.00	52.00	722.50	14400.00	36125.00	550676.75	550676.75	0.00	0.00	0.00	0.00	3.60	0.00	0.12
173	71.00	52.00	722.50	14400.00	36125.00	550676.75	550676.75	0.00	0.00	0.00	0.00	3.57	0.00	0.12
174	71.00	53.00	722.50	14400.00	36125.00	550676.75	550676.75	0.00	0.00	0.00	0.00	3.63	0.00	0.12
175	72.00	53.00	722.50	14400.00	36125.00	550676.75	550676.75	0.00	0.00	0.00	0.00	3.60	0.00	0.12
176	72.00	54.00	722.50	14400.00	36125.00	550676.75	550676.75	0.00	0.00	0.00	0.00	3.60	0.00	0.12
177	73.00	54.00	722.50	14400.00	36125.00	550676.75	550676.75	0.00	0.00	0.00	0.00	3.57	0.00	0.12
178	74.00	54.00	722.50	14400.00	36125.00	550676.75	550676.75	0.00	0.00	0.00	0.00	3.54	0.00	0.12
179	25.00	54.00	722.50	14400.00	36125.00	550676.75	550676.75	0.00	0.00	0.00	0.00	5.73	0.00	0.12
180	26.00	54.00	722.50	14400.00	36125.00	550676.75	550676.75	0.00	0.00	0.00	0.00	5.66	0.00	0.12
181	27.00	54.00	722.50	14400.00	36125.00	550676.75	550676.75	0.00	0.00	0.00	0.00	5.59	0.00	0.12
182	27.00	55.00	722.50	14400.00	36125.00	550676.75	550676.75	0.00	0.00	0.00	0.00	5.56	0.00	0.12
183	28.00	55.00	722.50	14400.00	36125.00	550676.75	550676.75	0.00	0.00	0.00	0.00	5.49	0.00	0.12
184	29.00	55.00	722.50	14400.00	36125.00	550676.75	550676.75	0.00	0.00	0.00	0.00	5.43	0.00	0.12
185	30.00	55.00	722.50	14400.00	36125.00	550676.75	550676.75	0.00	0.00	0.00	0.00	5.36	0.00	0.12
186	31.00	55.00	722.50	14400.00	36125.00	550676.75	550676.75	0.00	0.00	0.00	0.00	5.30	0.00	0.12
187	32.00	55.00	722.50	14400.00	36125.00	550676.75	550676.75	0.00	0.00	0.00	0.00	5.24	0.00	0.12
188	33.00	55.00	722.50	14400.00	36125.00	550676.75	550676.75	0.00	0.00	0.00	0.00	5.18	0.00	0.12
189	34.00	55.00	722.50	14400.00	36125.00	550676.75	550676.75	0.00	0.00	0.00	0.00	5.12	0.00	0.12
190	35.00	55.00	722.50	14400.00	36125.00	550676.75	550676.75	0.00	0.00	0.00	0.00	5.07	0.00	0.12
191	35.00	56.00	722.50	14400.00	36125.00	550676.75	550676.75	0.00	0.00	0.00	0.00	5.13	0.00	0.12
192	36.00	56.00	722.50	14400.00	36125.00	550676.75	550676.75	0.00	0.00	0.00	0.00	5.08	0.00	0.12
193	37.00	56.00	722.50	14400.00	36125.00	550676.75	550676.75	0.00	0.00	0.00	0.00	5.02	0.00	0.12
194	37.00	57.00	722.50	14400.00	36125.00	550676.75	550676.75	0.00	0.00	0.00	0.00	5.09	0.00	0.12
195	38.00	57.00	722.50	14400.00	36125.00	550676.75	550676.75	0.00	0.00	0.00	0.00	5.04	0.00	0.12
196	39.00	57.00	722.50	14400.00	36125.00	550676.75	550676.75	0.00	0.00	0.00	0.00	4.99	0.00	0.12
197	40.00	57.00	722.50	14400.00	36125.00	550676.75	550676.75	0.00	0.00	0.00	0.00	4.93	0.00	0.12
198	41.00	57.00	722.50	14400.00	36125.00	550676.75	550676.75	0.00	0.00	0.00	0.00	4.88	0.00	0.12
199	42.00	57.00	722.50	14400.00	36125.00	550676.75	550676.75	0.00	0.00	0.00	0.00	4.84	0.00	0.12
200	43.00	57.00	722.50	14400.00	36125.00	550676.75	550676.75	0.00	0.00	0.00	0.00	4.79	0.00	0.12
201	44.00	57.00	614.12	17280.00	30706.25	550676.75	550676.75	0.00	0.00	0.00	0.00	4.74	0.00	0.12
202	45.00	57.00	614.12	17280.00	30706.25	550676.75	550676.75	0.00	0.00	0.00	0.00	4.69	0.00	0.12
203	46.00	57.00	614.12	17280.00	30706.25	550676.75	550676.75	0.00	0.00	0.00	0.00	4.65	0.00	0.12
204	47.00	57.00	614.12	17280.00	30706.25	550676.75	550676.75	0.00	0.00	0.00	0.00	4.60	0.00	0.12
205	48.00	57.00	614.12	17280.00	30706.25	550676.75	550676.75	0.00	0.00	0.00	0.00	4.56	0.00	0.12
206	49.00	57.00	614.12	17280.00	30706.25	550676.75	550676.75	0.00	0.00	0.00	0.00	4.52	0.00	0.12
207	50.00	57.00	614.12	17280.00	30706.25	550676.75	550676.75	0.00	0.00	0.00	0.00	4.47	0.00	0.12
208	51.00	57.00	614.12	17280.00	30706.25	550676.75	550676.75	0.00	0.00	0.00	0.00	4.43	0.00	0.12
209	51.00	58.00	614.12	17280.00	30706.25	550676.75	550676.75	0.00	0.00	0.00	0.00	4.50	0.00	0.12
210	52.00	58.00	614.12	17280.00	30706.25	550676.75	550676.75	0.00	0.00	0.00	0.00	4.46	0.00	0.12
211	53.00	58.00	614.12	17280.00	30706.25	550676.75	550676.75	0.00	0.00	0.00	0.00	4.42	0.00	0.12
212	54.00	58.00	614.12	17280.00	30706.25	550676.75	550676.75	0.00	0.00	0.00	0.00	4.38	0.00	0.12
213	55.00	58.00	614.12	17280.00	30706.25	550676.75	550676.75	0.00	0.00	0.00	0.00	4.34	0.00	0.12
214	56.00	58.00	614.12	17280.00	30706.25	550676.75	550676.75	0.00	0.00	0.00	0.00	4.30	0.00	0.12
215	57.00	58.00	614.12	17280.00	30706.25	550676.75	550676.75	0.00	0.00	0.00	0.00	4.26	0.00	0.12
216	58.00	58.00	614.12	17280.00	30706.25	550676.75	550676.75	0.00	0.00	0.00	0.00	4.22	0.00	0.12
217	59.00	58.00	614.12	17280.00	30706.25	550676.75	550676.75	0.00	0.00	0.00	0.00	4.19	0.00	0.12
218	59.00	59.00	614.12	17280.00	30706.25	550676.75	550676.75	0.00	0.00	0.00	0.00	4.25	0.00	0.12
219	60.00	59.00	614.12	17280.00	30706.25	550676.75	550676.75	0.00	0.00	0.00	0.00	4.21	0.00	0.12
220	61.00	59.00	614.12	17280.00	30706.25	550676.75	550676.75	0.00	0.00	0.00	0.00	4.18	0.00	0.12
221	62.00	59.00	614.12	17280.00	30706.25	550676.75	550676.75	0.00	0.00	0.00	0.00	4.14	0.00	0.12
222	63.00	59.00	614.12	17280.00	30706.25	550676.75	550676.75	0.00	0.00	0.00	0.00	4.11	0.00	0.12
223	64.00	59.00	614.12	17280.00	30706.25	550676.75	550676.75	0.00	0.00	0.00	0.00	4.08	0.00	0.12
224	65.00	59.00	614.12	17280.00	30706.25	550676.75	550676.75	0.00	0.00	0.00	0.00	4.04	0.00	0.12
225	65.00	60.00	614.12	17280.00	30706.25	550676.75	550676.75	0.00	0.00	0.00	0.00	4.10	0.00	0.12
226	65.00	61.00	614.12	17280.00	30706.25	550676.75	550676.75	0.00	0.00	0.00	0.00	4.09	0.00	0.12
227	66.00	61.00	614.12	17280.00	30706.25	550676.75	550676.75	0.00	0.00	0.00	0.00	4.06	0.00	0.12
228	67.00	61.00	614.12	17280.00	30706.25	550676.75	550676.75	0.00	0.00	0.00	0.00	4.03	0.00	0.12
229	68.00	61.00	614.12	17280.00	30706.25	550676.75	550676.75	0.00	0.00	0.00	0.00	4.00	0.00	0.12
230	69.00	61.00	614.12	17280.00	30706.25	550676.75	550676.75	0.00	0.00	0.00	0.00	3.97	0.00	0.12
231	70.00	61.00	614.12	17280.00	30706.25	550676.75	550676.75	0.00	0.00	0.00	0.00	3.94	0.00	0.12
232	71.00	61.00	614.12	17280.00	30706.25	550676.75	550676.75	0.00	0.00	0.00	0.00	3.91	0.00	0.12
233	71.00	62.00	614.12	17280.00	30706.25	550676.75	550676.75	0.00	0.00	0.00	0.00	3.90	0.00	0.12
234	72.00	62.00	614.12	17280.00	30706.25	550676.75	550676.75	0.00	0.00	0.00	0.00	3.87	0.00	0.12
235	73.00	62.00	614.12	17280.00	30706.25	550676.75	550676.75	0.00	0.00	0.00	0.00	3.84	0.00	0.12
236	74.00	62.00	614.12	17280.00	30706.25	550676.75	550676.75	0.00	0.00	0.00	0.00	3.81	0.00	0.12
237	25.00	62.00	614.12	17280.00	30706.25	587034.65	587034.65	0.00	0.00	0.00	0.00	5.96	0.00	0.20
238	26.00	62.00	614.12	17280.00	30706.25	587034.65	587034.65	0.00	0.00	0.00	0.00	5.89	0.00	0.20
239	26.00	63.00	614.12	17280.00	30706.25	587034.65	587034.65	0.00	0.00	0.00	0.00	5.95	0.00	0.20
240	27.00	63.00	614.12	17280.00	30706.25	587034.65	587034.65	0.00	0.00	0.00	0.00	5.89	0.00	0.20
241	27.00	64.00	614.12	17280.00	30706.25	587034.65	587034.65	0.00	0.00	0.00	0.00	5.86	0.00	0.20
242	28.00	64.00	614.12	17280.00	30706.25	587034.65	587034.65	0.00	0.00	0.00	0.00	5.79	0.00	0.20
243	28.00	65.00	614.12	17280.00	30706.25	587034.65	587034.65	0.00	0.00	0.00	0.00	5.85	0.00	0.20
244	29.00	65.00	614.12	17280.00	30706.25	587034.65	587034.65	0.00	0.00	0.00	0.00	5.79	0.00	0.20
245	30.00	65.00	614.12	17280.00	30706.25	587034.65	587034.65	0.00	0.00	0.00	0.00	5.73	0.00	0.20
246	31.00	65.00	614.12	17280.00	30706.25	587034.65	587034.65	0.00	0.00	0.00	0.00	5.67	0.00	0.20
247	32.00	65.00	614.12	17280.00	30706.25	587034.65	587034.65	0.00	0.00	0.00	0.00	5.61	0.00	0.20
248	33.00	65.00	614.12	17280.00	30706.25	587034.65	587034.65	0.00	0.00	0.00	0.00	5.55	0.00	0.20
249	34.00	65.00	614.12	17280.00	30706.25	587034.65	587034.65	0.00	0.00	0.00	0.00	5.50	0.00	0.20
250	35.00	65.00	614.12	17280.00	30706.25	587034.65	587034.65	0.00	0.00	0.00	0.00	5.44	0.00	0.20
251	36.00	65.00	614.12	17280.00	30706.25	587034.65	587034.65	0.00	0.00	0.00	0.00	5.39	0.00	0.20
252	37.00	65.00	614.12	17280.00	30706.25	587034.65	587034.65	0.00	0.00	0.00	0.00	5.34	0.00	0.20
253	38.00	65.00	614.12	17280.00	30706.25	587034.65	587034.65	0.00	0.00	0.00	0.00	5.28	0.00	0.20
254	38.00	66.00	614.12	17280.00	30706.25	587034.65	587034.65	0.00	0.00	0.00	0.00	5.34	0.00	0.20
255	38.00	67.00	614.12	17280.00	30706.25	587034.65	587034.65	0.00	0.00	0.00	0.00	5.40	0.00	0.20
256	38.00	68.00	614.12	17280.00	30706.25	587034.65	587034.65	0.00	0.00	0.00	0.00	5.38	0.00	0.20
257	39.00	68.00	614.12	17280.00	30706.25	587034.65	587034.65	0.00	0.00	0.00	0.00	5.33	0.00	0.20
258	40.00	68.00	614.12	17280.00	30706.25	587034.65	587034.65	0.00	0.00	0.00	0.00	5.28	0.00	0.20
259	40.00	69.00	614.12	17280.00	30706.25	587034.65	587034.65	0.00	0.00	0.00	0.00	5.33	0.00	0.20
260	41.00	69.00	614.12	17280.00	30706.25	587034.65	587034.65	0.00	0.00	0.00	0.00	5.28	0.00	0.20
261	41.00	70.00	614.12	17280.00	30706.25	587034.65	587034.65	0.00	0.00	0.00	0.00	5.34	0.00	0.20
262	41.00	71.00	614.12	17280.00	30706.25	587034.65	587034.65	0.00	0.00	0.00	0.00	5.39	0.00	0.20
263	42.00	71.00	614.12	17280.00	30706.25	587034.65	587034.65	0.00	0.00	0.00	0.00	5.35	0.00	0.20
264	43.00	71.00	614.12	17280.00	30706.25	587034.65	587034.65	0.00	0.00	0.00	0.00	5.30	0.00	0.20
265	44.00	71.00	614.12	17280.00	30706.25	587034.65	587034.65	0.00	0.00	0.00	0.00	5.25	0.00	0.20
266	44.00	72.00	614.12	17280.00	30706.25	587034.65	587034.65	0.00	0.00	0.00	0.00	5.31	0.00	0.20
267	44.00	73.00	614.12	17280.00	30706.25	587034.65	587034.65	0.00	0.00	0.00	0.00	5.36	0.00	0.20
268	44.00	74.00	614.12	17280.00	30706.25	587034.65	587034.65	0.00	0.00	0.00	0.00	5.41	0.00	0.20
269	44.00	25.00	614.12	17280.00	30706.25	587034.65	587034.65	0.00	0.00	0.00	0.00	2.39	0.00	0.20
270	45.00	25.00	614.12	17280.00	30706.25	587034.65	587034.65	0.00	0.00	0.00	0.00	2.36	0.00	0.20
271	46.00	25.00	614.12	17280.00	30706.25	587034.65	587034.65	0.00	0.00	0.00	0.00	2.33	0.00	0.20
272	47.00	25.00	614.12	17280.00	30706.25	587034.65	587034.65	0.00	0.00	0.00	0.00	2.29	0.00	0.20
273	48.00	25.00	614.12	17280.00	30706.25	587034.65	587034.65	0.00	0.00	0.00	0.00	2.26	0.00	0.20
274	49.00	25.00	614.12	17280.00	30706.25	587034.65	587034.65	0.00	0.00	0.00	0.00	2.23	0.00	0.20
275	50.00	25.00	614.12	17280.00	30706.25	587034.65	587034.65	0.00	0.00	0.00	0.00	2.20	0.00	0.20
276	51.00	25.00	614.12	17280.00	30706.25	587034.65	587034.65	0.00	0.00	0.00	0.00	2.17	0.00	0.20
277	52.00	25.00	614.12	17280.00	30706.25	587034.65	587034.65	0.00	0.00	0.00	0.00	2.14	0.00	0.20
278	53.00	25.00	614.12	17280.00	30706.25	587034.65	587034.65	0.00	0.00	0.00	0.00	2.12	0.00	0.20
279	54.00	25.00	614.12	17280.00	30706.25	587034.65	587034.65	0.00	0.00	0.00	0.00	2.09	0.00	0.20
280	55.00	25.00	614.12	17280.00	30706.25	587034.65	587034.65	0.00	0.00	0.00	0.00	2.06	0.00	0.20
281	55.00	26.00	614.12	17280.00	30706.25	587034.65	587034.65	0.00	0.00	0.00	0.00	2.18	0.00	0.20
282	55.00	27.00	614.12	17280.00	30706.25	587034.65	587034.65	0.00	0.00	0.00	0.00	2.19	0.00	0.20
283	56.00	27.00	614.12	17280.00	30706.25	587034.65	587034.65	0.00	0.00	0.00	0.00	2.16	0.00	0.20
284	57.00	27.00	614.12	17280.00	30706.25	587034.65	587034.65	0.00	0.00	0.00	0.00	2.14	0.00	0.20
285	58.00	27.00	614.12	17280.00	30706.25	587034.65	587034.65	0.00	0.00	0.00	0.00	2.11	0.00	0.20
286	59.00	27.00	614.12	17280.00	30706.25	587034.65	587034.65	0.00	0.00	0.00	0.00	2.09	0.00	0.20
287	59.00	28.00	614.12	17280.00	30706.25	587034.65	587034.65	0.00	0.00	0.00	0.00	2.19	0.00	0.20
288	60.00	28.00	614.12	17280.00	30706.25	587034.65	587034.65	0.00	0.00	0.00	0.00	2.17	0.00	0.20
289	61.00	28.00	614.12	17280.00	30706.25	587034.65	587034.65	0.00	0.00	0.00	0.00	2.14	0.00	0.20
290	62.00	28.00	614.12	17280.00	30706.25	587034.65	587034.65	0.00	0.00	0.00	0.00	2.12	0.00	0.20
291	63.00	28.00	614.12	17280.00	30706.25	587034.65	587034.65	0.00	0.00	0.00	0.00	2.10	0.00	0.20
292	64.00	28.00	614.12	17280.00	30706.25	587034.65	587034.65	0.00	0.00	0.00	0.00	2.07	0.00	0.20
293	65.00	28.00	614.12	17280.00	30706.25	587034.65	587034.65	0.00	0.00	0.00	0.00	2.05	0.00	0.20
294	66.00	28.00	614.12	17280.00	30706.25	587034.65	587034.65	0.00	0.00	0.00	0.00	2.03	0.00	0.20
295	67.00	28.00	614.12	17280.00	30706.25	587034.65	587034.65	0.00	0.00	0.00	0.00	2.01	0.00	0.20
296	68.00	28.00	614.12	17280.00	30706.25	587034.65	587034.65	0.00	0.00	0.00	0.00	1.99	0.00	0.20
297	69.00	28.00	614.12	17280.00	30706.25	587034.65	587034.65	0.00	0.00	0.00	0.00	1.97	0.00	0.20
298	69.00	29.00	614.12	17280.00	30706.25	587034.65	587034.65	0.00	0.00	0.00	0.00	2.06	0.00	0.20
299	69.00	30.00	614.12	17280.00	30706.25	587034.65	587034.65	0.00	0.00	0.00	0.00	2.16	0.00	0.20
300	70.00	30.00	614.12	17280.00	30706.25	587034.65	587034.65	0.00	0.00	0.00	0.00	2.14	0.00	0.20
301	70.00	31.00	522.01	20736.00	26100.31	587034.65	587034.65	0.00	0.00	0.00	0.00	2.23	0.00	0.20
302	71.00	31.00	522.01	20736.00	26100.31	587034.65	587034.65	0.00	0.00	0.00	0.00	2.21	0.00	0.20
303	72.00	31.00	522.01	20736.00	26100.31	587034.65	587034.65	0.00	0.00	0.00	0.00	2.18	0.00	0.20
304	73.00	31.00	522.01	20736.00	26100.31	587034.65	587034.65	0.00	0.00	0.00	0.00	2.16	0.00	0.20
305	74.00	31.00	522.01	20736.00	26100.31	587034.65	587034.65	0.00	0.00	0.00	0.00	2.14	0.00	0.20
306	25.00	31.00	522.01	20736.00	26100.31	587034.65	587034.65	0.00	0.00	0.00	0.00	4.02	0.00	0.20
307	26.00	31.00	522.01	20736.00	26100.31	587034.65	587034.65	0.00	0.00	0.00	0.00	3.95	0.00	0.20
308	27.00	31.00	522.01	20736.00	26100.31	587034.65	587034.65	0.00	0.00	0.00	0.00	3.88	0.00	0.20
309	28.00	31.00	522.01	20736.00	26100.31	587034.65	587034.65	0.00	0.00	0.00	0.00	3.81	0.00	0.20
310	29.00	31.00	522.01	20736.00	26100.31	550676.75	550676.75	0.00	0.00	0.00	0.00	3.75	0.00	0.12
311	30.00	31.00	522.01	20736.00	26100.31	550676.75	550676.75	0.00	0.00	0.00	0.00	3.69	0.00	0.12
312	31.00	31.00	522.01	20736.00	26100.31	550676.75	550676.75	0.00	0.00	0.00	0.00	3.63	0.00	0.12
313	32.00	31.00	522.01	20736.00	26100.31	550676.75	550676.75	0.00	0.00	0.00	0.00	3.57	0.00	0.12
314	33.00	31.00	522.01	20736.00	26100.31	550676.75	550676.75	0.00	0.00	0.00	0.00	3.52	0.00	0.12
315	34.00	31.00	522.01	20736.00	26100.31	550676.75	550676.75	0.00	0.00	0.00	0.00	3.46	0.00	0.12
316	34.00	32.00	522.01	20736.00	26100.31	550676.75	550676.75	0.00	0.00	0.00	0.00	3.45	0.00	0.12
317	35.00	32.00	522.01	20736.00	26100.31	550676.75	550676.75	0.00	0.00	0.00	0.00	3.40	0.00	0.12
318	35.00	33.00	522.01	20736.00	26100.31	550676.75	550676.75	0.00	0.00	0.00	0.00	3.39	0.00	0.12
319	36.00	33.00	522.01	20736.00	26100.31	550676.75	550676.75	0.00	0.00	0.00	0.00	3.34	0.00	0.12
320	37.00	33.00	522.01	20736.00	26100.31	550676.75	550676.75	0.00	0.00	0.00	0.00	3.30	0.00	0.12
321	38.00	33.00	522.01	20736.00	26100.31	548252.89	548252.89	0.00	0.00	0.00	0.00	3.25	0.00	0.12
322	39.00	33.00	522.01	20736.00	26100.31	548252.89	548252.89	0.00	0.00	0.00	0.00	3.20	0.00	0.12
323	40.00	33.00	522.01	20736.00	26100.31	548252.89	548252.89	0.00	0.00	0.00	0.00	3.16	0.00	0.12
324	41.00	33.00	522.01	20736.00	26100.31	548252.89	548252.89	0.00	0.00	0.00	0.00	3.12	0.00	0.12
325	42.00	33.00	522.01	20736.00	26100.31	548252.89	548252.89	0.00	0.00	0.00	0.00	3.08	0.00	0.12
326	43.00	33.00	522.01	20736.00	26100.31	548252.89	548252.89	0.00	0.00	0.00	0.00	3.04	0.00	0.12
327	44.00	33.00	522.01	20736.00	26100.31	548252.89	548252.89	0.00	0.00	0.00	0.00	3.00	0.00	0.12
328	44.00	34.00	522.01	20736.00	26100.31	548252.89	548252.89	0.00	0.00	0.00	0.00	3.10	0.00	0.12
329	44.00	35.00	522.01	20736.00	26100.31	548252.89	548252.89	0.00	0.00	0.00	0.00	3.10	0.00	0.12
330	45.00	35.00	522.01	20736.00	26100.31	548252.89	548252.89	0.00	0.00	0.00	0.00	3.06	0.00	0.12
331	46.00	35.00	522.01	20736.00	26100.31	548252.89	548252.89	0.00	0.00	0.00	0.00	3.02	0.00	0.12
332	47.00	35.00	522.01	20736.00	26100.31	548252.89	548252.89	0.00	0.00	0.00	0.00	2.99	0.00	0.12
333	48.00	35.00	522.01	20736.00	26100.31	548252.89	548252.89	0.00	0.00	0.00	0.00	2.95	0.00	0.12
334	49.00	35.00	522.01	20736.00	26100.31	548252.89	548252.89	0.00	0.00	0.00	0.00	2.92	0.00	0.12
335	50.00	35.00	522.01	20736.00	26100.31	548252.89	548252.89	0.00	0.00	0.00	0.00	2.88	0.00	0.12
336	51.00	35.00	522.01	20736.00	26100.31	548252.89	548252.89	0.00	0.00	0.00	0.00	2.85	0.00	0.12
337	52.00	35.00	522.01	20736.00	26100.31	548252.89	548252.89	0.00	0.00	0.00	0.00	2.82	0.00	0.12
338	52.00	36.00	522.01	20736.00	26100.31	548252.89	548252.89	0.00	0.00	0.00	0.00	2.91	0.00	0.12
339	53.00	36.00	522.01	20736.00	26100.31	548252.89	548252.89	0.00	0.00	0.00	0.00	2.88	0.00	0.12
340	53.00	37.00	522.01	20736.00	26100.31	548252.89	548252.89	0.00	0.00	0.00	0.00	2.88	0.00	0.12
341	54.00	37.00	522.01	20736.00	26100.31	548252.89	548252.89	0.00	0.00	0.00	0.00	2.85	0.00	0.12
342	55.00	37.00	522.01	20736.00	26100.31	548252.89	548252.89	0.00	0.00	0.00	0.00	2.82	0.00	0.12
343	56.00	37.00	522.01	20736.00	26100.31	548252.89	548252.89	0.00	0.00	0.00	0.00	2.79	0.00	0.12
344	57.00	37.00	522.01	20736.00	26100.31	548252.89	548252.89	0.00	0.00	0.00	0.00	2.76	0.00	0.12
345	58.00	37.00	522.01	20736.00	26100.31	548252.89	548252.89	0.00	0.00	0.00	0.00	2.73	0.00	0.12
346	59.00	37.00	522.01	20736.00	26100.31	548252.89	548252.89	0.00	0.00	0.00	0.00	2.70	0.00	0.12
347	60.00	37.00	522.01	20736.00	26100.31	548252.89	548252.89	0.00	0.00	0.00	0.00	2.67	0.00	0.12
348	61.00	37.00	522.01	20736.00	26100.31	548252.89	548252.89	0.00	0.00	0.00	0.00	2.64	0.00	0.12
349	61.00	38.00	522.01	20736.00	26100.31	548252.89	548252.89	0.00	0.00	0.00	0.00	2.73	0.00	0.12
350	62.00	38.00	522.01	20736.00	26100.31	548252.89	548252.89	0.00	0.00	0.00	0.00	2.71	0.00	0.12
351	63.00	38.00	522.01	20736.00	26100.31	548252.89	548252.89	0.00	0.00	0.00	0.00	2.68	0.00	0.12
352	64.00	38.00	522.01	20736.00	26100.31	548252.89	548252.89	0.00	0.00	0.00	0.00	2.65	0.00	0.12
353	65.00	38.00	522.01	20736.00	26100.31	548252.89	548252.89	0.00	0.00	0.00	0.00	2.63	0.00	0.12
354	66.00	38.00	522.01	20736.00	26100.31	548252.89	548252.89	0.00	0.00	0.00	0.00	2.60	0.00	0.12
355	67.00	38.00	522.01	20736.00	26100.31	548252.89	548252.89	0.00	0.00	0.00	0.00	2.58	0.00	0.12
356	68.00	38.00	522.01	20736.00	26100.31	548252.89	548252.89	0.00	0.00	0.00	0.00	2.55	0.00	0.12
357	69.00	38.00	522.01	20736.00	26100.31	548252.89	548252.89	0.00	0.00	0.00	0.00	2.53	0.00	0.12
358	70.00	38.00	522.01	20736.00	26100.31	548252.89	548252.89	0.00	0.00	0.00	0.00	2.51	0.00	0.12
359	71.00	38.00	522.01	20736.00	26100.31	548252.89	548252.89	0.00	0.00	0.00	0.00	2.48	0.00	0.12
360	72.00	38.00	522.01	20736.00	26100.31	548252.89	548252.89	0.00	0.00	0.00	0.00	2.46	0.00	0.12
361	73.00	38.00	522.01	20736.00	26100.31	548252.89	548252.89	0.00	0.00	0.00	0.00	2.44	0.00	0.12
362	74.00	38.00	522.01	20736.00	26100.31	548252.89	548252.89	0.00	0.00	0.00	0.00	2.42	0.00	0.12
363	25.00	38.00	522.01	20736.00	26100.31	548252.89	548252.89	0.00	0.00	0.00	0.00	4.29	0.00	0.12
364	26.00	38.00	522.01	20736.00	26100.31	548252.89	548252.89	0.00	0.00	0.00	0.00	4.23	0.00	0.12
365	27.00	38.00	522.01	20736.00	26100.31	548252.89	548252.89	0.00	0.00	0.00	0.00	4.16	0.00	0.12
366	28.00	38.00	522.01	20736.00	26100.31	548252.89	548252.89	0.00	0.00	0.00	0.00	4.10	0.00	0.12
367	29.00	38.00	522.01	20736.00	26100.31	548252.89	548252.89	0.00	0.00	0.00	0.00	4.04	0.00	0.12
368	30.00	38.00	522.01	20736.00	26100.31	548252.89	548252.89	0.00	0.00	0.00	0.00	3.98	0.00	0.12
369	30.00	39.00	522.01	20736.00	26100.31	548252.89	548252.89	0.00	0.00	0.00	0.00	4.09	0.00	0.12
370	31.00	39.00	522.01	20736.00	26100.31	548252.89	548252.89	0.00	0.00	0.00	0.00	4.03	0.00	0.12
371	32.00	39.00	522.01	20736.00	26100.31	548252.89	548252.89	0.00	0.00	0.00	0.00	3.97	0.00	0.12
372	33.00	39.00	522.01	20736.00	26100.31	548252.89	548252.89	0.00	0.00	0.00	0.00	3.92	0.00	0.12
373	34.00	39.00	522.01	20736.00	26100.31	548252.89	548252.89	0.00	0.00	0.00	0.00	3.86	0.00	0.12
374	35.00	39.00	522.01	20736.00	26100.31	548252.89	548252.89	0.00	0.00	0.00	0.00	3.81	0.00	0.12
375	36.00	39.00	522.01	20736.00	26100.31	548252.89	548252.89	0.00	0.00	0.00	0.00	3.76	0.00	0.12
376	36.00	40.00	522.01	20736.00	26100.31	548252.89	548252.89	0.00	0.00	0.00	0.00	3.75	0.00	0.12
377	37.00	40.00	522.01	20736.00	26100.31	548252.89	548252.89	0.00	0.00	0.00	0.00	3.70	0.00	0.12
378	38.00	40.00	522.01	20736.00	26100.31	548252.89	548252.89	0.00	0.00	0.00	0.00	3.65	0.00	0.12
379	39.00	40.00	522.01	20736.00	26100.31	548252.89	548252.89	0.00	0.00	0.00	0.00	3.61	0.00	0.12
380	40.00	40.00	522.01	20736.00	26100.31	548252.89	548252.89	0.00	0.00	0.00	0.00	3.56	0.00	0.12
381	41.00	40.00	522.01	20736.00	26100.31	548252.89	548252.89	0.00	0.00	0.00	0.00	3.52	0.00	0.12
382	41.00	41.00	522.01	20736.00	26100.31	548252.89	548252.89	0.00	0.00	0.00	0.00	3.61	0.00	0.12
383	42.00	41.00	522.01	20736.00	26100.31	548252.89	548252.89	0.00	0.00	0.00	0.00	3.57	0.00	0.12
384	43.00	41.00	522.01	20736.00	26100.31	548252.89	548252.89	0.00	0.00	0.00	0.00	3.53	0.00	0.12
385	44.00	41.00	522.01	20736.00	26100.31	548252.89	548252.89	0.00	0.00	0.00	0.00	3.48	0.00	0.12
386	45.00	41.00	522.01	20736.00	26100.31	548252.89	548252.89	0.00	0.00	0.00	0.00	3.44	0.00	0.12
387	46.00	41.00	522.01	20736.00	26100.31	548252.89	548252.89	0.00	0.00	0.00	0.00	3.40	0.00	0.12
388	47.00	41.00	522.01	20736.00	26100.31	548252.89	548252.89	0.00	0.00	0.00	0.00	3.37	0.00	0.12
389	48.00	41.00	522.01	20736.00	26100.31	548252.89	548252.89	0.00	0.00	0.00	0.00	3.33	0.00	0.12
390	49.00	41.00	522.01	20736.00	26100.31	548252.89	548252.89	0.00	0.00	0.00	0.00	3.29	0.00	0.12
391	50.00	41.00	522.01	20736.00	26100.31	548252.89	548252.89	0.00	0.00	0.00	0.00	3.26	0.00	0.12
392	50.00	42.00	522.01	20736.00	26100.31	548252.89	548252.89	0.00	0.00	0.00	0.00	3.34	0.00	0.12
393	51.00	42.00	522.01	20736.00	26100.31	548252.89	548252.89	0.00	0.00	0.00	0.00	3.31	0.00	0.12
394	51.00	43.00	522.01	20736.00	26100.31	548252.89	548252.89	0.00	0.00	0.00	0.00	3.39	0.00	0.12
395	52.00	43.00	522.01	20736.00	26100.31	548252.89	548252.89	0.00	0.00	0.00	0.00	3.36	0.00	0.12
396	53.00	43.00	522.01	20736.00	26100.31	548252.89	548252.89	0.00	0.00	0.00	0.00	3.32	0.00	0.12
397	54.00	43.00	522.01	20736.00	26100.31	548252.89	548252.89	0.00	0.00	0.00	0.00	3.29	0.00	0.12
398	54.00	44.00	522.01	20736.00	26100.31	548252.89	548252.89	0.00	0.00	0.00	0.00	3.46	0.00	0.12
399	55.00	44.00	522.01	20736.00	26100.31	548252.89	548252.89	0.00	0.00	0.00	0.00	3.42	0.00	0.12
400	56.00	44.00	522.01	20736.00	26100.31	548252.89	548252.89	0.00	0.00	0.00	0.00	3.39	0.00	0.12
401	57.00	44.00	443.71	24883.20	22185.27	548252.89	548252.89	0.00	0.00	0.00	0.00	3.35	0.00	0.12
402	58.00	44.00	443.71	24883.20	22185.27	548252.89	548252.89	0.00	0.00	0.00	0.00	3.32	0.00	0.12
403	59.00	44.00	443.71	24883.20	22185.27	548252.89	548252.89	0.00	0.00	0.00	0.00	3.29	0.00	0.12
404	60.00	44.00	443.71	24883.20	22185.27	548252.89	548252.89	0.00	0.00	0.00	0.00	3.26	0.00	0.12
405	61.00	44.00	443.71	24883.20	22185.27	548252.89	548252.89	0.00	0.00	0.00	0.00	3.23	0.00	0.12
406	62.00	44.00	443.71	24883.20	22185.27	548252.89	548252.89	0.00	0.00	0.00	0.00	3.20	0.00	0.12
407	63.00	44.00	443.71	24883.20	22185.27	548252.89	548252.89	0.00	0.00	0.00	0.00	3.17	0.00	0.12
408	64.00	44.00	443.71	24883.20	22185.27	548252.89	548252.89	0.00	0.00	0.00	0.00	3.14	0.00	0.12
409	65.00	44.00	443.71	24883.20	22185.27	548252.89	548252.89	0.00	0.00	0.00	0.00	3.11	0.00	0.12
410	66.00	44.00	443.71	24883.20	22185.27	548252.89	548252.89	0.00	0.00	0.00	0.00	3.08	0.00	0.12
411	67.00	44.00	443.71	24883.20	22185.27	548252.89	548252.89	0.00	0.00	0.00	0.00	3.05	0.00	0.12
412	68.00	44.00	443.71	24883.20	22185.27	548252.89	548252.89	0.00	0.00	0.00	0.00	3.02	0.00	0.12
413	69.00	44.00	443.71	24883.20	22185.27	548252.89	548252.89	0.00	0.00	0.00	0.00	3.00	0.00	0.12
414	70.00	44.00	443.71	24883.20	22185.27	548252.89	548252.89	0.00	0.00	0.00	0.00	2.97	0.00	0.12
415	71.00	44.00	443.71	24883.20	22185.27	548252.89	548252.89	0.00	0.00	0.00	0.00	2.95	0.00	0.12
416	71.00	45.00	443.71	24883.20	22185.27	548252.89	548252.89	0.00	0.00	0.00	0.00	2.94	0.00	0.12
417	72.00	45.00	443.71	24883.20	22185.27	548252.89	548252.89	0.00	0.00	0.00	0.00	2.92	0.00	0.12
418	73.00	45.00	443.71	24883.20	22185.27	548252.89	548252.89	0.00	0.00	0.00	0.00	2.89	0.00	0.12
419	74.00	45.00	443.71	24883.20	22185.27	548252.89	548252.89	0.00	0.00	0.00	0.00	2.87	0.00	0.12
420	74.00	46.00	443.71	24883.20	22185.27	548252.89	548252.89	0.00	0.00	0.00	0.00	2.87	0.00	0.12
421	25.00	46.00	443.71	24883.20	22185.27	548252.89	548252.89	0.00	0.00	0.00	0.00	4.85	0.00	0.12
422	26.00	46.00	443.71	24883.20	22185.27	548252.89	548252.89	0.00	0.00	0.00	0.00	4.78	0.00	0.12
423	27.00	46.00	443.71	24883.20	22185.27	548252.89	548252.89	0.00	0.00	0.00	0.00	4.72	0.00	0.12
424	28.00	46.00	443.71	24883.20	22185.27	548252.89	548252.89	0.00	0.00	0.00	0.00	4.65	0.00	0.12
425	29.00	46.00	443.71	24883.20	22185.27	548252.89	548252.89	0.00	0.00	0.00	0.00	4.59	0.00	0.12
426	30.00	46.00	443.71	24883.20	22185.27	548252.89	548252.89	0.00	0.00	0.00	0.00	4.53	0.00	0.12
427	31.00	46.00	443.71	24883.20	22185.27	548252.89	548252.89	0.00	0.00	0.00	0.00	4.47	0.00	0.12
428	32.00	46.00	443.71	24883.20	22185.27	548252.89	548252.89	0.00	0.00	0.00	0.00	4.42	0.00	0.12
429	33.00	46.00	443.71	24883.20	22185.27	548252.89	548252.89	0.00	0.00	0.00	0.00	4.36	0.00	0.12
430	33.00	47.00	443.71	24883.20	22185.27	548252.89	548252.89	0.00	0.00	0.00	0.00	4.34	0.00	0.12
431	34.00	47.00	443.71	24883.20	22185.27	548252.89	548252.89	0.00	0.00	0.00	0.00	4.29	0.00	0.12
432	35.00	47.00	443.71	24883.20	22185.27	548252.89	548252.89	0.00	0.00	0.00	0.00	4.23	0.00	0.12
433	36.00	47.00	443.71	24883.20	22185.27	548252.89	548252.89	0.00	0.00	0.00	0.00	4.18	0.00	0.12
434	37.00	47.00	443.71	24883.20	22185.27	548252.89	548252.89	0.00	0.00	0.00	0.00	4.13	0.00	0.12
435	38.00	47.00	443.71	24883.20	22185.27	548252.89	548252.89	0.00	0.00	0.00	0.00	4.09	0.00	0.12
436	39.00	47.00	443.71	24883.20	22185.27	548252.89	548252.89	0.00	0.00	0.00	0.00	4.04	0.00	0.12
437	40.00	47.00	443.71	24883.20	22185.27	548252.89	548252.89	0.00	0.00	0.00	0.00	3.99	0.00	0.12
438	41.00	47.00	443.71	24883.20	22185.27	548252.89	548252.89	0.00	0.00	0.00	0.00	3.95	0.00	0.12
439	41.00	48.00	443.71	24883.20	22185.27	548252.89	548252.89	0.00	0.00	0.00	0.00	4.03	0.00	0.12
440	42.00	48.00	443.71	24883.20	22185.27	548252.89	548252.89	0.00	0.00	0.00	0.00	3.99	0.00	0.12
441	42.00	49.00	443.71	24883.20	22185.27	548252.89	548252.89	0.00	0.00	0.00	0.00	4.07	0.00	0.12
442	42.00	50.00	443.71	24883.20	22185.27	548252.89	548252.89	0.00	0.00	0.00	0.00	4.05	0.00	0.12
443	43.00	50.00	443.71	24883.20	22185.27	548252.89	548252.89	0.00	0.00	0.00	0.00	4.01	0.00	0.12
444	44.00	50.00	443.71	24883.20	22185.27	548252.89	548252.89	0.00	0.00	0.00	0.00	3.97	0.00	0.12
445	45.00	50.00	443.71	24883.20	22185.27	548252.89	548252.89	0.00	0.00	0.00	0.00	3.93	0.00	0.12
446	46.00	50.00	443.71	24883.20	22185.27	548252.89	548252.89	0.00	0.00	0.00	0.00	3.88	0.00	0.12
447	47.00	50.00	443.71	24883.20	22185.27	548252.89	548252.89	0.00	0.00	0.00	0.00	3.84	0.00	0.12
448	48.00	50.00	443.71	24883.20	22185.27	548252.89	548252.89	0.00	0.00	0.00	0.00	3.81	0.00	0.12
449	49.00	50.00	443.71	24883.20	22185.27	548252.89	548252.89	0.00	0.00	0.00	0.00	3.77	0.00	0.12
450	50.00	50.00	443.71	24883.20	22185.27	548252.89	548252.89	0.00	0.00	0.00	0.00	3.73	0.00	0.12
451	51.00	50.00	443.71	24883.20	22185.27	548252.89	548252.89	0.00	0.00	0.00	0.00	3.69	0.00	0.12
452	52.00	50.00	443.71	24883.20	22185.27	548252.89	548252.89	0.00	0.00	0.00	0.00	3.66	0.00	0.12
453	53.00	50.00	443.71	24883.20	22185.27	548252.89	548252.89	0.00	0.00	0.00	0.00	3.62	0.00	0.12
454	54.00	50.00	443.71	24883.20	22185.27	548252.89	548252.89	0.00	0.00	0.00	0.00	3.59	0.00	0.12
455	55.00	50.00	443.71	24883.20	22185.27	548252.89	548252.89	0.00	0.00	0.00	0.00	3.55	0.00	0.12
456	56.00	50.00	443.71	24883.20	22185.27	548252.89	548252.89	0.00	0.00	0.00	0.00	3.52	0.00	0.12
457	57.00	50.00	443.71	24883.20	22185.27	548252.89	548252.89	0.00	0.00	0.00	0.00	3.49	0.00	0.12
458	57.00	51.00	443.71	24883.20	22185.27	548252.89	548252.89	0.00	0.00	0.00	0.00	3.56	0.00	0.12
459	58.00	51.00	443.71	24883.20	22185.27	548252.89	548252.89	0.00	0.00	0.00	0.00	3.53	0.00	0.12
460	59.00	51.00	443.71	24883.20	22185.27	548252.89	548252.89	0.00	0.00	0.00	0.00	3.49	0.00	0.12
461	60.00	51.00	443.71	24883.20	22185.27	548252.89	548252.89	0.00	0.00	0.00	0.00	3.46	0.00	0.12
462	61.00	51.00	443.71	24883.20	22185.27	548252.89	548252.89	0.00	0.00	0.00	0.00	3.43	0.00	0.12
463	62.00	51.00	443.71	24883.20	22185.27	548252.89	548252.89	0.00	0.00	0.00	0.00	3.40	0.00	0.12
464	63.00	51.00	443.71	24883.20	22185.27	548252.89	548252.89	0.00	0.00	0.00	0.00	3.37	0.00	0.12
465	64.00	51.00	443.71	24883.20	22185.27	548252.89	548252.89	0.00	0.00	0.00	0.00	3.34	0.00	0.12
466	65.00	51.00	443.71	24883.20	22185.27	548252.89	548252.89	0.00	0.00	0.00	0.00	3.31	0.00	0.12
467	66.00	51.00	443.71	24883.20	22185.27	548252.89	548252.89	0.00	0.00	0.00	0.00	3.28	0.00	0.12
468	66.00	52.00	443.71	24883.20	22185.27	548252.89	548252.89	0.00	0.00	0.00	0.00	3.28	0.00	0.12
469	67.00	52.00	443.71	24883.20	22185.27	548252.89	548252.89	0.00	0.00	0.00	0.00	3.25	0.00	0.12
470	68.00	52.00	443.71	24883.20	22185.27	548252.89	548252.89	0.00	0.00	0.00	0.00	3.23	0.00	0.12
471	69.00	52.00	443.71	24883.20	22185.27	548252.89	548252.89	0.00	0.00	0.00	0.00	3.20	0.00	0.12
472	70.00	52.00	443.71	24883.20	22185.27	548252.89	548252.89	0.00	0.00	0.00	0.00	3.17	0.00	0.12
473	71.00	52.00	443.71	24883.20	22185.27	548252.89	548252.89	0.00	0.00	0.00	0.00	3.15	0.00	0.12
474	72.00	52.00	443.71	24883.20	22185.27	548252.89	548252.89	0.00	0.00	0.00	0.00	3.12	0.00	0.12
475	73.00	52.00	443.71	24883.20	22185.27	548252.89	548252.89	0.00	0.00	0.00	0.00	3.10	0.00	0.12
476	74.00	52.00	443.71	24883.20	22185.27	548252.89	548252.89	0.00	0.00	0.00	0.00	3.07	0.00	0.12
477	25.00	52.00	443.71	24883.20	22185.27	548252.89	548252.89	0.00	0.00	0.00	0.00	5.03	0.00	0.12
478	26.00	52.00	443.71	24883.20	22185.27	548252.89	548252.89	0.00	0.00	0.00	0.00	4.96	0.00	0.12
479	27.00	52.00	443.71	24883.20	22185.27	548252.89	548252.89	0.00	0.00	0.00	0.00	4.90	0.00	0.12
480	28.00	52.00	443.71	24883.20	22185.27	548252.89	548252.89	0.00	0.00	0.00	0.00	4.84	0.00	0.12
481	29.00	52.00	443.71	24883.20	22185.27	548252.89	548252.89	0.00	0.00	0.00	0.00	4.78	0.00	0.12
482	30.00	52.00	443.71	24883.20	22185.27	548252.89	548252.89	0.00	0.00	0.00	0.00	4.72	0.00	0.12
483	30.00	53.00	443.71	24883.20	22185.27	548252.89	548252.89	0.00	0.00	0.00	0.00	4.80	0.00	0.12
484	30.00	54.00	443.71	24883.20	22185.27	548252.89	548252.89	0.00	0.00	0.00	0.00	4.88	0.00	0.12
485	31.00	54.00	443.71	24883.20	22185.27	548252.89	548252.89	0.00	0.00	0.00	0.00	4.82	0.00	0.12
486	32.00	54.00	443.71	24883.20	22185.27	548252.89	548252.89	0.00	0.00	0.00	0.00	4.77	0.00	0.12
487	32.00	55.00	443.71	24883.20	22185.27	548252.89	548252.89	0.00	0.00	0.00	0.00	4.84	0.00	0.12
488	33.00	55.00	443.71	24883.20	22185.27	548252.89	548252.89	0.00	0.00	0.00	0.00	4.79	0.00	0.12
489	34.00	55.00	443.71	24883.20	22185.27	548252.89	548252.89	0.00	0.00	0.00	0.00	4.73	0.00	0.12
490	35.00	55.00	443.71	24883.20	22185.27	548252.89	548252.89	0.00	0.00	0.00	0.00	4.68	0.00	0.12
491	36.00	55.00	443.71	24883.20	22185.27	548252.89	548252.89	0.00	0.00	0.00	0.00	4.63	0.00	0.12
492	37.00	55.00	443.71	24883.20	22185.27	548252.89	548252.89	0.00	0.00	0.00	0.00	4.58	0.00	0.12
493	38.00	55.00	443.71	24883.20	22185.27	548252.89	548252.89	0.00	0.00	0.00	0.00	4.53	0.00	0.12
494	39.00	55.00	443.71	24883.20	22185.27	548252.89	548252.89	0.00	0.00	0.00	0.00	4.48	0.00	0.12
495	39.00	56.00	443.71	24883.20	22185.27	548252.89	548252.89	0.00	0.00	0.00	0.00	4.47	0.00	0.12
496	40.00	56.00	443.71	24883.20	22185.27	548252.89	548252.89	0.00	0.00	0.00	0.00	4.42	0.00	0.12
497	40.00	57.00	443.71	24883.20	22185.27	548252.89	548252.89	0.00	0.00	0.00	0.00	4.40	0.00	0.12
498	41.00	57.00	443.71	24883.20	22185.27	548252.89	548252.89	0.00	0.00	0.00	0.00	4.36	0.00	0.12
499	42.00	57.00	443.71	24883.20	22185.27	548252.89	548252.89	0.00	0.00	0.00	0.00	4.31	0.00	0.12
500	43.00	57.00	443.71	24883.20	22185.27	548252.89	548252.89	0.00	0.00	0.00	0.00	4.27	0.00	0.12
501	44.00	57.00	377.15	29859.84	18857.48	548252.89	548252.89	0.00	0.00	0.00	0.00	4.23	0.00	0.12
502	45.00	57.00	377.15	29859.84	18857.48	548252.89	548252.89	0.00	0.00	0.00	0.00	4.19	0.00	0.12
503	45.00	58.00	377.15	29859.84	18857.48	548252.89	548252.89	0.00	0.00	0.00	0.00	4.28	0.00	0.12
504	46.00	58.00	377.15	29859.84	18857.48	548252.89	548252.89	0.00	0.00	0.00	0.00	4.24	0.00	0.12
505	46.00	59.00	377.15	29859.84	18857.48	548252.89	548252.89	0.00	0.00	0.00	0.00	4.42	0.00	0.12
506	46.00	60.00	377.15	29859.84	18857.48	548252.89	548252.89	0.00	0.00	0.00	0.00	4.49	0.00	0.12
507	47.00	60.00	377.15	29859.84	18857.48	548252.89	548252.89	0.00	0.00	0.00	0.00	4.44	0.00	0.12
508	48.00	60.00	377.15	29859.84	18857.48	548252.89	548252.89	0.00	0.00	0.00	0.00	4.40	0.00	0.12
509	49.00	60.00	377.15	29859.84	18857.48	548252.89	548252.89	0.00	0.00	0.00	0.00	4.36	0.00	0.12
510	50.00	60.00	377.15	29859.84	18857.48	548252.89	548252.89	0.00	0.00	0.00	0.00	4.32	0.00	0.12
511	50.00	61.00	377.15	29859.84	18857.48	548252.89	548252.89	0.00	0.00	0.00	0.00	4.31	0.00	0.12
512	51.00	61.00	377.15	29859.84	18857.48	548252.89	548252.89	0.00	0.00	0.00	0.00	4.27	0.00	0.12
513	52.00	61.00	377.15	29859.84	18857.48	548252.89	548252.89	0.00	0.00	0.00	0.00	4.23	0.00	0.12
514	53.00	61.00	377.15	29859.84	18857.48	548252.89	548252.89	0.00	0.00	0.00	0.00	4.20	0.00	0.12
515	54.00	61.00	377.15	29859.84	18857.48	548252.89	548252.89	0.00	0.00	0.00	0.00	4.16	0.00	0.12
516	55.00	61.00	377.15	29859.84	18857.48	548252.89	548252.89	0.00	0.00	0.00	0.00	4.12	0.00	0.12
517	56.00	61.00	377.15	29859.84	18857.48	548252.89	548252.89	0.00	0.00	0.00	0.00	4.09	0.00	0.12
518	56.00	62.00	377.15	29859.84	18857.48	548252.89	548252.89	0.00	0.00	0.00	0.00	4.08	0.00	0.12
519	57.00	62.00	377.15	29859.84	18857.48	548252.89	548252.89	0.00	0.00	0.00	0.00	4.04	0.00	0.12
520	58.00	62.00	377.15	29859.84	18857.48	548252.89	548252.89	0.00	0.00	0.00	0.00	4.01	0.00	0.12
521	58.00	63.00	377.15	29859.84	18857.48	548252.89	548252.89	0.00	0.00	0.00	0.00	4.07	0.00	0.12
522	59.00	63.00	377.15	29859.84	18857.48	548252.89	548252.89	0.00	0.00	0.00	0.00	4.04	0.00	0.12
523	60.00	63.00	377.15	29859.84	18857.48	548252.89	548252.89	0.00	0.00	0.00	0.00	4.00	0.00	0.12
524	61.00	63.00	377.15	29859.84	18857.48	548252.89	548252.89	0.00	0.00	0.00	0.00	3.97	0.00	0.12
525	62.00	63.00	377.15	29859.84	18857.48	548252.89	548252.89	0.00	0.00	0.00	0.00	3.94	0.00	0.12
526	63.00	63.00	377.15	29859.84	18857.48	548252.89	548252.89	0.00	0.00	0.00	0.00	3.91	0.00	0.12
527	64.00	63.00	377.15	29859.84	18857.48	548252.89	548252.89	0.00	0.00	0.00	0.00	3.88	0.00	0.12
528	65.00	63.00	377.15	29859.84	18857.48	548252.89	548252.89	0.00	0.00	0.00	0.00	3.85	0.00	0.12
529	66.00	63.00	377.15	29859.84	18857.48	548252.89	548252.89	0.00	0.00	0.00	0.00	3.82	0.00	0.12
530	67.00	63.00	377.15	29859.84	18857.48	548252.89	548252.89	0.00	0.00	0.00	0.00	3.79	0.00	0.12
531	68.00	63.00	377.15	29859.84	18857.48	548252.89	548252.89	0.00	0.00	0.00	0.00	3.76	0.00	0.12
532	68.00	64.00	377.15	29859.84	18857.48	548252.89	548252.89	0.00	0.00	0.00	0.00	3.84	0.00	0.12
533	69.00	64.00	377.15	29859.84	18857.48	548252.89	548252.89	0.00	0.00	0.00	0.00	3.81	0.00	0.12
534	70.00	64.00	377.15	29859.84	18857.48	548252.89	548252.89	0.00	0.00	0.00	0.00	3.78	0.00	0.12
535	70.00	65.00	377.15	29859.84	18857.48	548252.89	548252.89	0.00	0.00	0.00	0.00	3.78	0.00	0.12
536	71.00	65.00	377.15	29859.84	18857.48	548252.89	548252.89	0.00	0.00	0.00	0.00	3.75	0.00	0.12
537	72.00	65.00	377.15	29859.84	18857.48	548252.89	548252.89	0.00	0.00	0.00	0.00	3.72	0.00	0.12
538	73.00	65.00	377.15	29859.84	18857.48	548252.89	548252.89	0.00	0.00	0.00	0.00	3.69	0.00	0.12
539	74.00	65.00	377.15	29859.84	18857.48	548252.89	548252.89	0.00	0.00	0.00	0.00	3.67	0.00	0.12
540	25.00	65.00	377.15	29859.84	18857.48	548252.89	548252.89	0.00	0.00	0.00	0.00	5.66	0.00	0.12
541	25.00	66.00	377.15	29859.84	18857.48	548252.89	548252.89	0.00	0.00	0.00	0.00	5.63	0.00	0.12
542	26.00	66.00	377.15	29859.84	18857.48	548252.89	548252.89	0.00	0.00	0.00	0.00	5.57	0.00	0.12
543	27.00	66.00	377.15	29859.84	18857.48	548252.89	548252.89	0.00	0.00	0.00	0.00	5.51	0.00	0.12
544	27.00	67.00	377.15	29859.84	18857.48	548252.89	548252.89	0.00	0.00	0.00	0.00	5.57	0.00	0.12
545	28.00	67.00	377.15	29859.84	18857.48	548252.89	548252.89	0.00	0.00	0.00	0.00	5.51	0.00	0.12
546	28.00	68.00	377.15	29859.84	18857.48	548252.89	548252.89	0.00	0.00	0.00	0.00	5.49	0.00	0.12
547	29.00	68.00	377.15	29859.84	18857.48	548252.89	548252.89	0.00	0.00	0.00	0.00	5.43	0.00	0.12
548	29.00	69.00	377.15	29859.84	18857.48	548252.89	548252.89	0.00	0.00	0.00	0.00	5.49	0.00	0.12
549	30.00	69.00	377.15	29859.84	18857.48	548252.89	548252.89	0.00	0.00	0.00	0.00	5.44	0.00	0.12
550	31.00	69.00	377.15	29859.84	18857.48	548252.89	548252.89	0.00	0.00	0.00	0.00	5.38	0.00	0.12
551	31.00	70.00	377.15	29859.84	18857.48	548252.89	548252.89	0.00	0.00	0.00	0.00	5.44	0.00	0.12
552	32.00	70.00	377.15	29859.84	18857.48	548252.89	548252.89	0.00	0.00	0.00	0.00	5.39	0.00	0.12
553	33.00	70.00	377.15	29859.84	18857.48	548252.89	548252.89	0.00	0.00	0.00	0.00	5.34	0.00	0.12
554	33.00	71.00	377.15	29859.84	18857.48	548252.89	548252.89	0.00	0.00	0.00	0.00	5.31	0.00	0.12
555	34.00	71.00	377.15	29859.84	18857.48	548252.89	548252.89	0.00	0.00	0.00	0.00	5.26	0.00	0.12
556	35.00	71.00	377.15	29859.84	18857.48	548252.89	548252.89	0.00	0.00	0.00	0.00	5.21	0.00	0.12
557	35.00	72.00	377.15	29859.84	18857.48	548252.89	548252.89	0.00	0.00	0.00	0.00	5.19	0.00	0.12
558	36.00	72.00	377.15	29859.84	18857.48	548252.89	548252.89	0.00	0.00	0.00	0.00	5.14	0.00	0.12
559	36.00	73.00	377.15	29859.84	18857.48	548252.89	548252.89	0.00	0.00	0.00	0.00	5.20	0.00	0.12
560	36.00	74.00	377.15	29859.84	18857.48	548252.89	548252.89	0.00	0.00	0.00	0.00	5.25	0.00	0.12
561	37.00	74.00	377.15	29859.84	18857.48	548252.89	548252.89	0.00	0.00	0.00	0.00	5.21	0.00	0.12
562	38.00	74.00	377.15	29859.84	18857.48	548252.89	548252.89	0.00	0.00	0.00	0.00	5.16	0.00	0.12
563	39.00	74.00	377.15	29859.84	18857.48	548252.89	548252.89	0.00	0.00	0.00	0.00	5.12	0.00	0.12
564	39.00	25.00	377.15	29859.84	18857.48	548252.89	548252.89	0.00	0.00	0.00	0.00	2.36	0.00	0.12
565	40.00	25.00	377.15	29859.84	18857.48	548252.89	548252.89	0.00	0.00	0.00	0.00	2.32	0.00	0.12
566	41.00	25.00	377.15	29859.84	18857.48	548252.89	548252.89	0.00	0.00	0.00	0.00	2.28	0.00	0.12
567	42.00	25.00	377.15	29859.84	18857.48	548252.89	548252.89	0.00	0.00	0.00	0.00	2.25	0.00	0.12
568	43.00	25.00	377.15	29859.84	18857.48	548252.89	548252.89	0.00	0.00	0.00	0.00	2.22	0.00	0.12
569	44.00	25.00	377.15	29859.84	18857.48	548252.89	548252.89	0.00	0.00	0.00	0.00	2.19	0.00	0.12
570	45.00	25.00	377.15	29859.84	18857.48	548252.89	548252.89	0.00	0.00	0.00	0.00	2.15	0.00	0.12
571	45.00	26.00	377.15	29859.84	18857.48	548252.89	548252.89	0.00	0.00	0.00	0.00	2.16	0.00	0.12
572	45.00	27.00	377.15	29859.84	18857.48	548252.89	548252.89	0.00	0.00	0.00	0.00	2.53	0.00	0.12
573	46.00	27.00	377.15	29859.84	18857.48	548252.89	548252.89	0.00	0.00	0.00	0.00	2.49	0.00	0.12
574	47.00	27.00	377.15	29859.84	18857.48	548252.89	548252.89	0.00	0.00	0.00	0.00	2.46	0.00	0.12
575	47.00	28.00	377.15	29859.84	18857.48	548252.89	548252.89	0.00	0.00	0.00	0.00	2.46	0.00	0.12
576	48.00	28.00	377.15	29859.84	18857.48	548252.89	548252.89	0.00	0.00	0.00	0.00	2.43	0.00	0.12
577	49.00	28.00	377.15	29859.84	18857.48	548252.89	548252.89	0.00	0.00	0.00	0.00	2.40	0.00	0.12
578	49.00	29.00	377.15	29859.84	18857.48	548252.89	548252.89	0.00	0.00	0.00	0.00	2.52	0.00	0.12
579	50.00	29.00	377.15	29859.84	18857.48	548252.89	548252.89	0.00	0.00	0.00	0.00	2.48	0.00	0.12
580	51.00	29.00	377.15	29859.84	18857.48	548252.89	548252.89	0.00	0.00	0.00	0.00	2.45	0.00	0.12
581	52.00	29.00	377.15	29859.84	18857.48	548252.89	548252.89	0.00	0.00	0.00	0.00	2.42	0.00	0.12
582	53.00	29.00	377.15	29859.84	18857.48	548252.89	548252.89	0.00	0.00	0.00	0.00	2.39	0.00	0.12
583	54.00	29.00	377.15	29859.84	18857.48	548252.89	548252.89	0.00	0.00	0.00	0.00	2.36	0.00	0.12
584	55.00	29.00	377.15	29859.84	18857.48	548252.89	548252.89	0.00	0.00	0.00	0.00	2.34	0.00	0.12
585	56.00	29.00	377.15	29859.84	18857.48	548252.89	548252.89	0.00	0.00	0.00	0.00	2.31	0.00	0.12
586	57.00	29.00	377.15	29859.84	18857.48	548252.89	548252.89	0.00	0.00	0.00	0.00	2.28	0.00	0.12
587	58.00	29.00	377.15	29859.84	18857.48	548252.89	548252.89	0.00	0.00	0.00	0.00	2.26	0.00	0.12
588	59.00	29.00	377.15	29859.84	18857.48	548252.89	548252.89	0.00	0.00	0.00	0.00	2.23	0.00	0.12
589	60.00	29.00	377.15	29859.84	18857.48	548252.89	548252.89	0.00	0.00	0.00	0.00	2.20	0.00	0.12
590	61.00	29.00	377.15	29859.84	18857.48	548252.89	548252.89	0.00	0.00	0.00	0.00	2.18	0.00	0.12
591	62.00	29.00	377.15	29859.84	18857.48	548252.89	548252.89	0.00	0.00	0.00	0.00	2.16	0.00	0.12
592	63.00	29.00	377.15	29859.84	18857.48	548252.89	548252.89	0.00	0.00	0.00	0.00	2.13	0.00	0.12
593	64.00	29.00	377.15	29859.84	18857.48	548252.89	548252.89	0.00	0.00	0.00	0.00	2.11	0.00	0.12
594	65.00	29.00	377.15	29859.84	18857.48	548252.89	548252.89	0.00	0.00	0.00	0.00	2.09	0.00	0.12
595	65.00	30.00	377.15	29859.84	18857.48	548252.89	548252.89	0.00	0.00	0.00	0.00	2.19	0.00	0.12
596	66.00	30.00	377.15	29859.84	18857.48	548252.89	548252.89	0.00	0.00	0.00	0.00	2.16	0.00	0.12
597	66.00	31.00	377.15	29859.84	18857.48	548252.89	548252.89	0.00	0.00	0.00	0.00	2.17	0.00	0.12
598	67.00	31.00	377.15	29859.84	18857.48	548252.89	548252.89	0.00	0.00	0.00	0.00	2.15	0.00	0.12
599	68.00	31.00	377.15	29859.84	18857.48	548252.89	548252.89	0.00	0.00	0.00	0.00	2.13	0.00	0.12
600	68.00	32.00	377.15	29859.84	18857.48	548252.89	548252.89	0.00	0.00	0.00	0.00	2.13	0.00	0.12
601	69.00	32.00	320.58	35831.81	16028.85	548252.89	548252.89	0.00	0.00	0.00	0.00	2.11	0.00	0.12
602	70.00	32.00	320.58	35831.81	16028.85	548252.89	548252.89	0.00	0.00	0.00	0.00	2.09	0.00	0.12
603	71.00	32.00	320.58	35831.81	16028.85	548252.89	548252.89	0.00	0.00	0.00	0.00	2.07	0.00	0.12
604	72.00	32.00	320.58	35831.81	16028.85	548252.89	548252.89	0.00	0.00	0.00	0.00	2.05	0.00	0.12
605	73.00	32.00	320.58	35831.81	16028.85	548252.89	548252.89	0.00	0.00	0.00	0.00	2.03	0.00	0.12
606	74.00	32.00	320.58	35831.81	16028.85	548252.89	548252.89	0.00	0.00	0.00	0.00	2.01	0.00	0.12
607	74.00	33.00	320.58	35831.81	16028.85	548252.89	548252.89	0.00	0.00	0.00	0.00	2.10	0.00	0.12
608	25.00	33.00	320.58	35831.81	16028.85	548252.89	548252.89	0.00	0.00	0.00	0.00	3.87	0.00	0.12
609	26.00	33.00	320.58	35831.81	16028.85	548252.89	548252.89	0.00	0.00	0.00	0.00	3.81	0.00	0.12
610	27.00	33.00	320.58	35831.81	16028.85	548252.89	548252.89	0.00	0.00	0.00	0.00	3.74	0.00	0.12
611	28.00	33.00	320.58	35831.81	16028.85	548252.89	548252.89	0.00	0.00	0.00	0.00	3.68	0.00	0.12
612	29.00	33.00	320.58	35831.81	16028.85	548252.89	548252.89	0.00	0.00	0.00	0.00	3.62	0.00	0.12
613	30.00	33.00	320.58	35831.81	16028.85	548252.89	548252.89	0.00	0.00	0.00	0.00	3.57	0.00	0.12
614	31.00	33.00	320.58	35831.81	16028.85	548252.89	548252.89	0.00	0.00	0.00	0.00	3.51	0.00	0.12
615	32.00	33.00	320.58	35831.81	16028.85	548252.89	548252.89	0.00	0.00	0.00	0.00	3.46	0.00	0.12
616	33.00	33.00	320.58	35831.81	16028.85	548252.89	548252.89	0.00	0.00	0.00	0.00	3.40	0.00	0.12
617	34.00	33.00	320.58	35831.81	16028.85	548252.89	548252.89	0.00	0.00	0.00	0.00	3.35	0.00	0.12
618	35.00	33.00	320.58	35831.81	16028.85	548252.89	548252.89	0.00	0.00	0.00	0.00	3.30	0.00	0.12
619	36.00	33.00	320.58	35831.81	16028.85	548252.89	548252.89	0.00	0.00	0.00	0.00	3.26	0.00	0.12
620	37.00	33.00	320.58	35831.81	16028.85	548252.89	548252.89	0.00	0.00	0.00	0.00	3.21	0.00	0.12
621	38.00	33.00	320.58	35831.81	16028.85	548252.89	548252.89	0.00	0.00	0.00	0.00	3.16	0.00	0.12
622	38.00	34.00	320.58	35831.81	16028.85	548252.89	548252.89	0.00	0.00	0.00	0.00	3.28	0.00	0.12
623	38.00	35.00	320.58	35831.81	16028.85	548252.89	548252.89	0.00	0.00	0.00	0.00	3.39	0.00	0.12
624	39.00	35.00	320.58	35831.81	16028.85	548252.89	548252.89	0.00	0.00	0.00	0.00	3.34	0.00	0.12
625	40.00	35.00	320.58	35831.81	16028.85	548252.89	548252.89	0.00	0.00	0.00	0.00	3.30	0.00	0.12
626	41.00	35.00	320.58	35831.81	16028.85	548252.89	548252.89	0.00	0.00	0.00	0.00	3.26	0.00	0.12
627	42.00	35.00	320.58	35831.81	16028.85	548252.89	548252.89	0.00	0.00	0.00	0.00	3.21	0.00	0.12
628	43.00	35.00	320.58	35831.81	16028.85	548252.89	548252.89	0.00	0.00	0.00	0.00	3.17	0.00	0.12
629	44.00	35.00	320.58	35831.81	16028.85	548252.89	548252.89	0.00	0.00	0.00	0.00	3.13	0.00	0.12
630	44.00	36.00	320.58	35831.81	16028.85	548252.89	548252.89	0.00	0.00	0.00	0.00	3.13	0.00	0.12
631	45.00	36.00	320.58	35831.81	16028.85	548252.89	548252.89	0.00	0.00	0.00	0.00	3.09	0.00	0.12
632	46.00	36.00	320.58	35831.81	16028.85	548252.89	548252.89	0.00	0.00	0.00	0.00	3.05	0.00	0.12
633	47.00	36.00	320.58	35831.81	16028.85	548252.89	548252.89	0.00	0.00	0.00	0.00	3.02	0.00	0.12
634	48.00	36.00	320.58	35831.81	16028.85	548252.89	548252.89	0.00	0.00	0.00	0.00	2.98	0.00	0.12
635	49.00	36.00	320.58	35831.81	16028.85	548252.89	548252.89	0.00	0.00	0.00	0.00	2.94	0.00	0.12
636	50.00	36.00	320.58	35831.81	16028.85	548252.89	548252.89	0.00	0.00	0.00	0.00	2.91	0.00	0.12
637	51.00	36.00	320.58	35831.81	16028.85	548252.89	548252.89	0.00	0.00	0.00	0.00	2.88	0.00	0.12
638	52.00	36.00	320.58	35831.81	16028.85	548252.89	548252.89	0.00	0.00	0.00	0.00	2.84	0.00	0.12
639	53.00	36.00	320.58	35831.81	16028.85	548252.89	548252.89	0.00	0.00	0.00	0.00	2.81	0.00	0.12
640	54.00	36.00	320.58	35831.81	16028.85	548252.89	548252.89	0.00	0.00	0.00	0.00	2.78	0.00	0.12
641	55.00	36.00	320.58	35831.81	16028.85	548252.89	548252.89	0.00	0.00	0.00	0.00	2.75	0.00	0.12
642	56.00	36.00	320.58	35831.81	16028.85	548252.89	548252.89	0.00	0.00	0.00	0.00	2.72	0.00	0.12
643	57.00	36.00	320.58	35831.81	16028.85	548252.89	548252.89	0.00	0.00	0.00	0.00	2.69	0.00	0.12
644	57.00	37.00	320.58	35831.81	16028.85	548252.89	548252.89	0.00	0.00	0.00	0.00	2.69	0.00	0.12
645	58.00	37.00	320.58	35831.81	16028.85	548252.89	548252.89	0.00	0.00	0.00	0.00	2.66	0.00	0.12
646	59.00	37.00	320.58	35831.81	16028.85	548252.89	548252.89	0.00	0.00	0.00	0.00	2.64	0.00	0.12
647	60.00	37.00	320.58	35831.81	16028.85	548252.89	548252.89	0.00	0.00	0.00	0.00	2.61	0.00	0.12
648	60.00	38.00	320.58	35831.81	16028.85	548252.89	548252.89	0.00	0.00	0.00	0.00	2.70	0.00	0.12
649	60.00	39.00	320.58	35831.81	16028.85	548252.89	548252.89	0.00	0.00	0.00	0.00	2.79	0.00	0.12
650	60.00	40.00	320.58	35831.81	16028.85	548252.89	548252.89	0.00	0.00	0.00	0.00	2.79	0.00	0.12
651	60.00	41.00	320.58	35831.81	16028.85	548252.89	548252.89	0.00	0.00	0.00	0.00	2.79	0.00	0.12
652	61.00	41.00	320.58	35831.81	16028.85	548252.89	548252.89	0.00	0.00	0.00	0.00	2.76	0.00	0.12
653	62.00	41.00	320.58	35831.81	16028.85	548252.89	548252.89	0.00	0.00	0.00	0.00	2.73	0.00	0.12
654	63.00	41.00	320.58	35831.81	16028.85	548252.89	548252.89	0.00	0.00	0.00	0.00	2.71	0.00	0.12
655	64.00	41.00	320.58	35831.81	16028.85	548252.89	548252.89	0.00	0.00	0.00	0.00	2.68	0.00	0.12
656	65.00	41.00	320.58	35831.81	16028.85	548252.89	548252.89	0.00	0.00	0.00	0.00	2.66	0.00	0.12
657	66.00	41.00	320.58	35831.81	16028.85	548252.89	548252.89	0.00	0.00	0.00	0.00	2.63	0.00	0.12
658	67.00	41.00	320.58	35831.81	16028.85	548252.89	548252.89	0.00	0.00	0.00	0.00	2.61	0.00	0.12
659	68.00	41.00	320.58	35831.81	16028.85	548252.89	548252.89	0.00	0.00	0.00	0.00	2.58	0.00	0.12
660	69.00	41.00	320.58	35831.81	16028.85	548252.89	548252.89	0.00	0.00	0.00	0.00	2.56	0.00	0.12
661	70.00	41.00	320.58	35831.81	16028.85	548252.89	548252.89	0.00	0.00	0.00	0.00	2.54	0.00	0.12
662	71.00	41.00	320.58	35831.81	16028.85	548252.89	548252.89	0.00	0.00	0.00	0.00	2.51	0.00	0.12
663	71.00	42.00	320.58	35831.81	16028.85	548252.89	548252.89	0.00	0.00	0.00	0.00	2.59	0.00	0.12
664	72.00	42.00	320.58	35831.81	16028.85	548252.89	548252.89	0.00	0.00	0.00	0.00	2.57	0.00	0.12
665	73.00	42.00	320.58	35831.81	16028.85	548252.89	548252.89	0.00	0.00	0.00	0.00	2.55	0.00	0.12
666	74.00	42.00	320.58	35831.81	16028.85	548252.89	548252.89	0.00	0.00	0.00	0.00	2.53	0.00	0.12
667	25.00	42.00	320.58	35831.81	16028.85	548252.89	548252.89	0.00	0.00	0.00	0.00	4.37	0.00	0.12
668	26.00	42.00	320.58	35831.81	16028.85	548252.89	548252.89	0.00	0.00	0.00	0.00	4.31	0.00	0.12
669	27.00	42.00	320.58	35831.81	16028.85	548252.89	548252.89	0.00	0.00	0.00	0.00	4.25	0.00	0.12
670	28.00	42.00	320.58	35831.81	16028.85	548252.89	548252.89	0.00	0.00	0.00	0.00	4.19	0.00	0.12
671	29.00	42.00	320.58	35831.81	16028.85	548252.89	548252.89	0.00	0.00	0.00	0.00	4.13	0.00	0.12
672	30.00	42.00	320.58	35831.81	16028.85	548252.89	548252.89	0.00	0.00	0.00	0.00	4.07	0.00	0.12
673	31.00	42.00	320.58	35831.81	16028.85	548252.89	548252.89	0.00	0.00	0.00	0.00	4.01	0.00	0.12
674	32.00	42.00	320.58	35831.81	16028.85	548252.89	548252.89	0.00	0.00	0.00	0.00	3.96	0.00	0.12
675	33.00	42.00	320.58	35831.81	16028.85	548252.89	548252.89	0.00	0.00	0.00	0.00	3.91	0.00	0.12
676	34.00	42.00	320.58	35831.81	16028.85	548252.89	548252.89	0.00	0.00	0.00	0.00	3.86	0.00	0.12
677	35.00	42.00	320.58	35831.81	16028.85	548252.89	548252.89	0.00	0.00	0.00	0.00	3.81	0.00	0.12
678	36.00	42.00	320.58	35831.81	16028.85	548252.89	548252.89	0.00	0.00	0.00	0.00	3.76	0.00	0.12
679	37.00	42.00	320.58	35831.81	16028.85	548252.89	548252.89	0.00	0.00	0.00	0.00	3.71	0.00	0.12
680	37.00	43.00	320.58	35831.81	16028.85	548252.89	548252.89	0.00	0.00	0.00	0.00	3.81	0.00	0.12
681	38.00	43.00	320.58	35831.81	16028.85	548252.89	548252.89	0.00	0.00	0.00	0.00	3.76	0.00	0.12
682	39.00	43.00	320.58	35831.81	16028.85	548252.89	548252.89	0.00	0.00	0.00	0.00	3.71	0.00	0.12
683	40.00	43.00	320.58	35831.81	16028.85	548252.89	548252.89	0.00	0.00	0.00	0.00	3.67	0.00	0.12
684	41.00	43.00	320.58	35831.81	16028.85	548252.89	548252.89	0.00	0.00	0.00	0.00	3.62	0.00	0.12
685	41.00	44.00	320.58	35831.81	16028.85	548252.89	548252.89	0.00	0.00	0.00	0.00	3.72	0.00	0.12
686	42.00	44.00	320.58	35831.81	16028.85	548252.89	548252.89	0.00	0.00	0.00	0.00	3.67	0.00	0.12
687	43.00	44.00	320.58	35831.81	16028.85	548252.89	548252.89	0.00	0.00	0.00	0.00	3.63	0.00	0.12
688	44.00	44.00	320.58	35831.81	16028.85	548252.89	548252.89	0.00	0.00	0.00	0.00	3.59	0.00	0.12
689	45.00	44.00	320.58	35831.81	16028.85	548252.89	548252.89	0.00	0.00	0.00	0.00	3.55	0.00	0.12
690	46.00	44.00	320.58	35831.81	16028.85	548252.89	548252.89	0.00	0.00	0.00	0.00	3.51	0.00	0.12
691	47.00	44.00	320.58	35831.81	16028.85	548252.89	548252.89	0.00	0.00	0.00	0.00	3.47	0.00	0.12
692	48.00	44.00	320.58	35831.81	16028.85	548252.89	548252.89	0.00	0.00	0.00	0.00	3.43	0.00	0.12
693	49.00	44.00	320.58	35831.81	16028.85	548252.89	548252.89	0.00	0.00	0.00	0.00	3.40	0.00	0.12
694	49.00	45.00	320.58	35831.81	16028.85	548252.89	548252.89	0.00	0.00	0.00	0.00	3.48	0.00	0.12
695	49.00	46.00	320.58	35831.81	16028.85	548252.89	548252.89	0.00	0.00	0.00	0.00	3.57	0.00	0.12
696	50.00	46.00	320.58	35831.81	16028.85	548252.89	548252.89	0.00	0.00	0.00	0.00	3.53	0.00	0.12
697	51.00	46.00	320.58	35831.81	16028.85	548252.89	548252.89	0.00	0.00	0.00	0.00	3.49	0.00	0.12
698	52.00	46.00	320.58	35831.81	16028.85	548252.89	548252.89	0.00	0.00	0.00	0.00	3.46	0.00	0.12
699	53.00	46.00	320.58	35831.81	16028.85	548252.89	548252.89	0.00	0.00	0.00	0.00	3.42	0.00	0.12
700	54.00	46.00	320.58	35831.81	16028.85	548252.89	548252.89	0.00	0.00	0.00	0.00	3.39	0.00	0.12
701	55.00	46.00	272.49	42998.17	13624.53	548252.89	548252.89	0.00	0.00	0.00	0.00	3.35	0.00	0.12
702	56.00	46.00	272.49	42998.17	13624.53	548252.89	548252.89	0.00	0.00	0.00	0.00	3.32	0.00	0.12
703	57.00	46.00	272.49	42998.17	13624.53	548252.89	548252.89	0.00	0.00	0.00	0.00	3.29	0.00	0.12
704	58.00	46.00	272.49	42998.17	13624.53	548252.89	548252.89	0.00	0.00	0.00	0.00	3.26	0.00	0.12
705	58.00	47.00	272.49	42998.17	13624.53	548252.89	548252.89	0.00	0.00	0.00	0.00	3.25	0.00	0.12
706	58.00	48.00	272.49	42998.17	13624.53	548252.89	548252.89	0.00	0.00	0.00	0.00	3.33	0.00	0.12
707	59.00	48.00	272.49	42998.17	13624.53	548252.89	548252.89	0.00	0.00	0.00	0.00	3.30	0.00	0.12
708	60.00	48.00	272.49	42998.17	13624.53	548252.89	548252.89	0.00	0.00	0.00	0.00	3.27	0.00	0.12
709	61.00	48.00	272.49	42998.17	13624.53	548252.89	548252.89	0.00	0.00	0.00	0.00	3.24	0.00	0.12
710	62.00	48.00	272.49	42998.17	13624.53	548252.89	548252.89	0.00	0.00	0.00	0.00	3.21	0.00	0.12
711	63.00	48.00	272.49	42998.17	13624.53	548252.89	548252.89	0.00	0.00	0.00	0.00	3.18	0.00	0.12
712	64.00	48.00	272.49	42998.17	13624.53	548252.89	548252.89	0.00	0.00	0.00	0.00	3.15	0.00	0.12
713	65.00	48.00	272.49	42998.17	13624.53	548252.89	548252.89	0.00	0.00	0.00	0.00	3.12	0.00	0.12
714	66.00	48.00	272.49	42998.17	13624.53	548252.89	548252.89	0.00	0.00	0.00	0.00	3.10	0.00	0.12
715	67.00	48.00	272.49	42998.17	13624.53	548252.89	548252.89	0.00	0.00	0.00	0.00	3.07	0.00	0.12
716	68.00	48.00	272.49	42998.17	13624.53	548252.89	548252.89	0.00	0.00	0.00	0.00	3.04	0.00	0.12
717	69.00	48.00	272.49	42998.17	13624.53	548252.89	548252.89	0.00	0.00	0.00	0.00	3.02	0.00	0.12
718	70.00	48.00	272.49	42998.17	13624.53	548252.89	548252.89	0.00	0.00	0.00	0.00	2.99	0.00	0.12
719	71.00	48.00	272.49	42998.17	13624.53	548252.89	548252.89	0.00	0.00	0.00	0.00	2.97	0.00	0.12
720	66.00	54.00	272.49	42998.17	13624.53	548252.89	548252.89	0.00	0.00	0.00	0.36	4.78	0.00	0.12
721	67.00	54.00	326.99	51597.80	11580.85	548252.89	548252.89	0.00	0.00	0.00	0.36	4.74	0.00	0.12
722	68.00	54.00	326.99	51597.80	11580.85	548252.89	548252.89	0.00	0.00	0.00	0.36	4.70	0.00	0.12
723	69.00	54.00	326.99	51597.80	11580.85	548252.89	548252.89	0.00	0.00	0.00	0.35	4.66	0.00	0.12
724	70.00	54.00	326.99	51597.80	11580.85	548252.89	548252.89	0.00	0.00	0.00	0.35	4.62	0.00	0.12
725	70.00	55.00	326.99	51597.80	11580.85	548252.89	548252.89	0.00	0.00	0.00	0.35	4.68	0.00	0.12
726	71.00	55.00	326.99	51597.80	11580.85	548252.89	548252.89	0.00	0.00	0.00	0.35	4.64	0.00	0.12
727	72.00	55.00	326.99	51597.80	11580.85	548252.89	548252.89	0.00	0.00	0.00	0.34	4.60	0.00	0.12
728	72.00	56.00	326.99	51597.80	11580.85	548252.89	548252.89	0.00	0.00	0.00	0.34	4.66	0.00	0.12
729	72.00	57.00	326.99	51597.80	11580.85	548252.89	548252.89	0.00	0.00	0.00	0.34	4.71	0.00	0.12
730	73.00	57.00	326.99	51597.80	11580.85	548252.89	548252.89	0.00	0.00	0.00	0.34	4.67	0.00	0.12
731	74.00	57.00	326.99	51597.80	11580.85	548252.89	548252.89	0.00	0.00	0.00	0.33	4.64	0.00	0.12
732	25.00	57.00	326.99	51597.80	11580.85	548252.89	548252.89	0.00	0.00	0.00	0.53	7.41	0.00	0.12
733	26.00	57.00	326.99	51597.80	11580.85	548252.89	548252.89	0.00	0.00	0.00	0.53	7.32	0.00	0.12
734	27.00	57.00	326.99	51597.80	11580.85	548252.89	548252.89	0.00	0.00	0.00	0.52	7.23	0.00	0.12
735	28.00	57.00	326.99	51597.80	11580.85	548252.89	548252.89	0.00	0.00	0.00	0.51	7.14	0.00	0.12
736	28.00	58.00	326.99	51597.80	11580.85	548252.89	548252.89	0.00	0.00	0.00	0.51	7.19	0.00	0.12
737	28.00	59.00	326.99	51597.80	11580.85	548252.89	548252.89	0.00	0.00	0.00	0.50	7.24	0.00	0.12
738	29.00	59.00	326.99	51597.80	11580.85	548252.89	548252.89	0.00	0.00	0.00	0.50	7.16	0.00	0.12
739	29.00	60.00	326.99	51597.80	11580.85	548252.89	548252.89	0.00	0.00	0.00	0.49	7.21	0.00	0.12
740	30.00	60.00	326.99	51597.80	11580.85	548252.89	548252.89	0.00	0.00	0.00	0.48	7.13	0.00	0.12
741	30.00	61.00	326.99	51597.80	11580.85	548252.89	548252.89	0.00	0.00	0.00	0.48	7.17	0.00	0.12
742	31.00	61.00	326.99	51597.80	11580.85	548252.89	548252.89	0.00	0.00	0.00	0.47	7.10	0.00	0.12
743	31.00	62.00	326.99	51597.80	11580.85	548252.89	548252.89	0.00	0.00	0.00	0.47	7.14	0.00	0.12
744	31.00	63.00	326.99	51597.80	11580.85	548252.89	548252.89	0.00	0.00	0.00	0.46	7.19	0.00	0.12
745	32.00	63.00	326.99	51597.80	11580.85	548252.89	548252.89	0.00	0.00	0.00	0.46	7.11	0.00	0.12
746	33.00	63.00	326.99	51597.80	11580.85	548252.89	548252.89	0.00	0.00	0.00	0.45	7.04	0.00	0.12
747	34.00	63.00	326.99	51597.80	11580.85	548252.89	548252.89	0.00	0.00	0.00	0.45	6.97	0.00	0.12
748	35.00	63.00	326.99	51597.80	11580.85	548252.89	548252.89	0.00	0.00	0.00	0.44	6.90	0.00	0.12
749	36.00	63.00	326.99	51597.80	11580.85	548252.89	548252.89	0.00	0.00	0.00	0.44	6.83	0.00	0.12
750	37.00	63.00	326.99	51597.80	11580.85	548252.89	548252.89	0.00	0.00	0.00	0.44	6.76	0.00	0.12
751	37.00	64.00	326.99	51597.80	11580.85	548252.89	548252.89	0.00	0.00	0.00	0.43	6.80	0.00	0.12
752	38.00	64.00	326.99	51597.80	11580.85	548252.89	548252.89	0.00	0.00	0.00	0.43	6.74	0.00	0.12
753	39.00	64.00	326.99	51597.80	11580.85	548252.89	548252.89	0.00	0.00	0.00	0.42	6.67	0.00	0.12
754	39.00	65.00	326.99	51597.80	11580.85	548252.89	548252.89	0.00	0.00	0.00	0.42	6.72	0.00	0.12
755	40.00	65.00	326.99	51597.80	11580.85	548252.89	548252.89	0.00	0.00	0.00	0.42	6.65	0.00	0.12
756	41.00	65.00	326.99	51597.80	11580.85	548252.89	548252.89	0.00	0.00	0.00	0.41	6.59	0.00	0.12
757	42.00	65.00	326.99	51597.80	11580.85	548252.89	548252.89	0.00	0.00	0.00	0.41	6.53	0.00	0.12
758	42.00	66.00	326.99	51597.80	11580.85	548252.89	548252.89	0.00	0.00	0.00	0.40	6.57	0.00	0.12
759	43.00	66.00	326.99	51597.80	11580.85	548252.89	548252.89	0.00	0.00	0.00	0.40	6.51	0.00	0.12
760	44.00	66.00	326.99	51597.80	11580.85	548252.89	548252.89	0.00	0.00	0.00	0.40	6.45	0.00	0.12
761	44.00	67.00	326.99	51597.80	11580.85	548252.89	548252.89	0.00	0.00	0.00	0.39	6.42	0.00	0.12
762	45.00	67.00	326.99	51597.80	11580.85	548252.89	548252.89	0.00	0.00	0.00	0.39	6.36	0.00	0.12
763	45.00	68.00	326.99	51597.80	11580.85	548252.89	548252.89	0.00	0.00	0.00	0.39	6.33	0.00	0.12
764	45.00	69.00	326.99	51597.80	11580.85	548252.89	548252.89	0.00	0.00	0.00	0.38	6.38	0.00	0.12
765	46.00	69.00	326.99	51597.80	11580.85	548252.89	548252.89	0.00	0.00	0.00	0.38	6.32	0.00	0.12
766	47.00	69.00	326.99	51597.80	11580.85	548252.89	548252.89	0.00	0.00	0.00	0.38	6.27	0.00	0.12
767	48.00	69.00	326.99	51597.80	11580.85	548252.89	548252.89	0.00	0.00	0.00	0.37	6.21	0.00	0.12
768	49.00	69.00	326.99	51597.80	11580.85	548252.89	548252.89	0.00	0.00	0.00	0.37	6.16	0.00	0.12
769	50.00	69.00	326.99	51597.80	11580.85	548252.89	548252.89	0.00	0.00	0.00	0.37	6.11	0.00	0.12
770	50.00	70.00	326.99	51597.80	11580.85	548252.89	548252.89	0.00	0.00	0.00	0.36	6.15	0.00	0.12
771	51.00	70.00	326.99	51597.80	11580.85	548252.89	548252.89	0.00	0.00	0.00	0.36	6.10	0.00	0.12
772	52.00	70.00	326.99	51597.80	11580.85	548252.89	548252.89	0.00	0.00	0.00	0.36	6.05	0.00	0.12
773	53.00	70.00	326.99	51597.80	11580.85	548252.89	548252.89	0.00	0.00	0.00	0.35	6.00	0.00	0.12
774	54.00	70.00	326.99	51597.80	11580.85	548252.89	548252.89	0.00	0.00	0.00	0.35	5.96	0.00	0.12
775	55.00	70.00	326.99	51597.80	11580.85	548252.89	548252.89	0.00	0.00	0.00	0.35	5.91	0.00	0.12
776	55.00	71.00	326.99	51597.80	11580.85	548252.89	548252.89	0.00	0.00	0.00	0.35	5.95	0.00	0.12
777	55.00	72.00	326.99	51597.80	11580.85	548252.89	548252.89	0.00	0.00	0.00	0.34	5.99	0.00	0.12
778	56.00	72.00	326.99	51597.80	11580.85	548252.89	548252.89	0.00	0.00	0.00	0.34	5.95	0.00	0.12
779	56.00	73.00	326.99	51597.80	11580.85	548252.89	548252.89	0.00	0.00	0.00	0.34	5.99	0.00	0.12
780	56.00	74.00	326.99	51597.80	11580.85	548252.89	548252.89	0.00	0.00	0.00	0.34	6.03	0.00	0.12
781	57.00	74.00	326.99	51597.80	11580.85	548252.89	548252.89	0.00	0.00	0.00	0.33	5.99	0.00	0.12
782	58.00	74.00	326.99	51597.80	11580.85	548252.89	548252.89	0.00	0.00	0.00	0.33	5.94	0.00	0.12
783	58.00	25.00	326.99	51597.80	11580.85	548252.89	548252.89	0.00	0.00	0.00	0.00	2.02	0.00	0.12
784	59.00	25.00	326.99	51597.80	11580.85	548252.89	548252.89	0.00	0.00	0.00	0.00	2.00	0.00	0.12
785	60.00	25.00	326.99	51597.80	11580.85	548252.89	548252.89	0.00	0.00	0.00	0.00	1.98	0.00	0.12
786	61.00	25.00	326.99	51597.80	11580.85	548252.89	548252.89	0.00	0.00	0.00	0.00	1.95	0.00	0.12
787	61.00	26.00	326.99	51597.80	11580.85	548252.89	548252.89	0.00	0.00	0.00	0.00	2.06	0.00	0.12
788	62.00	26.00	326.99	51597.80	11580.85	548252.89	548252.89	0.00	0.00	0.00	0.00	2.04	0.00	0.12
789	63.00	26.00	326.99	51597.80	11580.85	548252.89	548252.89	0.00	0.00	0.00	0.00	2.02	0.00	0.12
790	64.00	26.00	326.99	51597.80	11580.85	548252.89	548252.89	0.00	0.00	0.00	0.00	1.99	0.00	0.12
791	65.00	26.00	326.99	51597.80	11580.85	548252.89	548252.89	0.00	0.00	0.00	0.00	1.97	0.00	0.12
792	66.00	26.00	326.99	51597.80	11580.85	548252.89	548252.89	0.00	0.00	0.00	0.00	1.95	0.00	0.12
793	66.00	27.00	326.99	51597.80	11580.85	548252.89	548252.89	0.00	0.00	0.00	0.00	2.08	0.00	0.12
794	66.00	28.00	326.99	51597.80	11580.85	548252.89	548252.89	0.00	0.00	0.00	0.00	2.18	0.00	0.12
795	67.00	28.00	326.99	51597.80	11580.85	548252.89	548252.89	0.00	0.00	0.00	0.00	2.16	0.00	0.12
796	68.00	28.00	326.99	51597.80	11580.85	548252.89	548252.89	0.00	0.00	0.00	0.00	2.14	0.00	0.12
797	69.00	28.00	326.99	51597.80	11580.85	548252.89	548252.89	0.00	0.00	0.00	0.00	2.11	0.00	0.12
798	70.00	28.00	326.99	51597.80	11580.85	548252.89	548252.89	0.00	0.00	0.00	0.00	2.09	0.00	0.12
799	71.00	28.00	326.99	51597.80	11580.85	548252.89	548252.89	0.00	0.00	0.00	0.00	2.07	0.00	0.12
800	72.00	28.00	326.99	51597.80	11580.85	548252.89	548252.89	0.00	0.00	0.00	0.00	2.05	0.00	0.12
801	73.00	28.00	326.99	51597.80	11580.85	548252.89	548252.89	0.00	0.00	0.00	0.00	2.03	0.00	0.12
802	74.00	28.00	326.99	51597.80	11580.85	548252.89	548252.89	0.00	0.00	0.00	0.00	2.01	0.00	0.12
803	25.00	28.00	326.99	51597.80	11580.85	548252.89	548252.89	0.00	0.00	0.00	0.00	3.87	0.00	0.12
804	26.00	28.00	326.99	51597.80	11580.85	548252.89	548252.89	0.00	0.00	0.00	0.00	3.80	0.00	0.12
805	27.00	28.00	326.99	51597.80	11580.85	548252.89	548252.89	0.00	0.00	0.00	0.00	3.73	0.00	0.12
806	28.00	28.00	326.99	51597.80	11580.85	548252.89	548252.89	0.00	0.00	0.00	0.00	3.66	0.00	0.12
807	29.00	28.00	326.99	51597.80	11580.85	548252.89	548252.89	0.00	0.00	0.00	0.00	3.60	0.00	0.12
808	30.00	28.00	326.99	51597.80	11580.85	548252.89	548252.89	0.00	0.00	0.00	0.00	3.53	0.00	0.12
809	31.00	28.00	326.99	51597.80	11580.85	548252.89	548252.89	0.00	0.00	0.00	0.00	3.47	0.00	0.12
810	31.00	29.00	326.99	51597.80	11580.85	548252.89	548252.89	0.00	0.00	0.00	0.00	3.46	0.00	0.12
811	31.00	30.00	326.99	51597.80	11580.85	548252.89	548252.89	0.00	0.00	0.00	0.00	3.45	0.00	0.12
812	32.00	30.00	326.99	51597.80	11580.85	548252.89	548252.89	0.00	0.00	0.00	0.00	3.40	0.00	0.12
813	33.00	30.00	326.99	51597.80	11580.85	548252.89	548252.89	0.00	0.00	0.00	0.00	3.34	0.00	0.12
814	34.00	30.00	326.99	51597.80	11580.85	548252.89	548252.89	0.00	0.00	0.00	0.00	3.29	0.00	0.12
815	35.00	30.00	326.99	51597.80	11580.85	548252.89	548252.89	0.00	0.00	0.00	0.00	3.24	0.00	0.12
816	36.00	30.00	326.99	51597.80	11580.85	548252.89	548252.89	0.00	0.00	0.00	0.00	3.19	0.00	0.12
817	37.00	30.00	326.99	51597.80	11580.85	548252.89	548252.89	0.00	0.00	0.00	0.00	3.14	0.00	0.12
818	38.00	30.00	326.99	51597.80	11580.85	548252.89	548252.89	0.00	0.00	0.00	0.00	3.10	0.00	0.12
819	38.00	31.00	326.99	51597.80	11580.85	548252.89	548252.89	0.00	0.00	0.00	0.00	3.22	0.00	0.12
820	39.00	31.00	326.99	51597.80	11580.85	548252.89	548252.89	0.00	0.00	0.00	0.00	3.17	0.00	0.12
821	39.00	32.00	277.94	61917.36	9843.72	548252.89	548252.89	0.00	0.00	0.00	0.00	3.29	0.00	0.12
822	40.00	32.00	277.94	61917.36	9843.72	548252.89	548252.89	0.00	0.00	0.00	0.00	3.24	0.00	0.12
823	41.00	32.00	277.94	61917.36	9843.72	548252.89	548252.89	0.00	0.00	0.00	0.00	3.20	0.00	0.12
824	42.00	32.00	277.94	61917.36	9843.72	548252.89	548252.89	0.00	0.00	0.00	0.00	3.16	0.00	0.12
825	43.00	32.00	277.94	61917.36	9843.72	548252.89	548252.89	0.00	0.00	0.00	0.00	3.11	0.00	0.12
826	44.00	32.00	277.94	61917.36	9843.72	548252.89	548252.89	0.00	0.00	0.00	0.00	3.07	0.00	0.12
827	45.00	32.00	277.94	61917.36	9843.72	548252.89	548252.89	0.00	0.00	0.00	0.00	3.03	0.00	0.12
828	46.00	32.00	277.94	61917.36	9843.72	548252.89	548252.89	0.00	0.00	0.00	0.00	2.99	0.00	0.12
829	47.00	32.00	277.94	61917.36	9843.72	548252.89	548252.89	0.00	0.00	0.00	0.00	2.96	0.00	0.12
830	48.00	32.00	277.94	61917.36	9843.72	548252.89	548252.89	0.00	0.00	0.00	0.00	2.92	0.00	0.12
831	49.00	32.00	277.94	61917.36	9843.72	548252.89	548252.89	0.00	0.00	0.00	0.00	2.88	0.00	0.12
832	50.00	32.00	277.94	61917.36	9843.72	548252.89	548252.89	0.00	0.00	0.00	0.00	2.85	0.00	0.12
833	51.00	32.00	277.94	61917.36	9843.72	548252.89	548252.89	0.00	0.00	0.00	0.00	2.81	0.00	0.12
834	52.00	32.00	277.94	61917.36	9843.72	548252.89	548252.89	0.00	0.00	0.00	0.00	2.78	0.00	0.12
835	53.00	32.00	277.94	61917.36	9843.72	548252.89	548252.89	0.00	0.00	0.00	0.00	2.75	0.00	0.12
836	54.00	32.00	277.94	61917.36	9843.72	548252.89	548252.89	0.00	0.00	0.00	0.00	2.72	0.00	0.12
837	55.00	32.00	277.94	61917.36	9843.72	548252.89	548252.89	0.00	0.00	0.00	0.00	2.68	0.00	0.12
838	56.00	32.00	277.94	61917.36	9843.72	548252.89	548252.89	0.00	0.00	0.00	0.00	2.65	0.00	0.12
839	57.00	32.00	277.94	61917.36	9843.72	548252.89	548252.89	0.00	0.00	0.00	0.00	2.62	0.00	0.12
840	58.00	32.00	277.94	61917.36	9843.72	548252.89	548252.89	0.00	0.00	0.00	0.00	2.59	0.00	0.12
841	59.00	32.00	277.94	61917.36	9843.72	548252.89	548252.89	0.00	0.00	0.00	0.00	2.57	0.00	0.12
842	60.00	32.00	277.94	61917.36	9843.72	548252.89	548252.89	0.00	0.00	0.00	0.00	2.54	0.00	0.12
843	60.00	33.00	277.94	61917.36	9843.72	548252.89	548252.89	0.00	0.00	0.00	0.00	2.63	0.00	0.12
844	61.00	33.00	277.94	61917.36	9843.72	548252.89	548252.89	0.00	0.00	0.00	0.00	2.61	0.00	0.12
845	62.00	33.00	277.94	61917.36	9843.72	548252.89	548252.89	0.00	0.00	0.00	0.00	2.58	0.00	0.12
846	63.00	33.00	277.94	61917.36	9843.72	548252.89	548252.89	0.00	0.00	0.00	0.00	2.55	0.00	0.12
847	64.00	33.00	277.94	61917.36	9843.72	548252.89	548252.89	0.00	0.00	0.00	0.00	2.52	0.00	0.12
848	65.00	33.00	277.94	61917.36	9843.72	548252.89	548252.89	0.00	0.00	0.00	0.00	2.50	0.00	0.12
849	65.00	34.00	277.94	61917.36	9843.72	548252.89	548252.89	0.00	0.00	0.00	0.00	2.70	0.00	0.12
850	66.00	34.00	277.94	61917.36	9843.72	548252.89	548252.89	0.00	0.00	0.00	0.00	2.68	0.00	0.12
851	67.00	34.00	277.94	61917.36	9843.72	548252.89	548252.89	0.00	0.00	0.00	0.00	2.65	0.00	0.12
852	68.00	34.00	277.94	61917.36	9843.72	548252.89	548252.89	0.00	0.00	0.00	0.00	2.62	0.00	0.12
853	69.00	34.00	277.94	61917.36	9843.72	548252.89	548252.89	0.00	0.00	0.00	0.00	2.60	0.00	0.12
854	70.00	34.00	277.94	61917.36	9843.72	548252.89	548252.89	0.00	0.00	0.00	0.00	2.57	0.00	0.12
855	71.00	34.00	277.94	61917.36	9843.72	548252.89	548252.89	0.00	0.00	0.00	0.00	2.55	0.00	0.12
856	72.00	34.00	277.94	61917.36	9843.72	548252.89	548252.89	0.00	0.00	0.00	0.00	2.53	0.00	0.12
857	73.00	34.00	277.94	61917.36	9843.72	548252.89	548252.89	0.00	0.00	0.00	0.00	2.50	0.00	0.12
858	74.00	34.00	277.94	61917.36	9843.72	548252.89	548252.89	0.00	0.00	0.00	0.00	2.48	0.00	0.12
859	25.00	34.00	277.94	61917.36	9843.72	548252.89	548252.89	0.00	0.00	0.00	0.00	4.54	0.00	0.12
860	26.00	34.00	277.94	61917.36	9843.72	548252.89	548252.89	0.00	0.00	0.00	0.00	4.46	0.00	0.12
861	27.00	34.00	277.94	61917.36	9843.72	548252.89	548252.89	0.00	0.00	0.00	0.00	4.39	0.00	0.12
862	28.00	34.00	277.94	61917.36	9843.72	548252.89	548252.89	0.00	0.00	0.00	0.00	4.32	0.00	0.12
863	29.00	34.00	277.94	61917.36	9843.72	548252.89	548252.89	0.00	0.00	0.00	0.00	4.25	0.00	0.12
864	30.00	34.00	277.94	61917.36	9843.72	548252.89	548252.89	0.00	0.00	0.00	0.00	4.18	0.00	0.12
865	31.00	34.00	277.94	61917.36	9843.72	548252.89	548252.89	0.00	0.00	0.00	0.00	4.12	0.00	0.12
866	32.00	34.00	277.94	61917.36	9843.72	548252.89	548252.89	0.00	0.00	0.00	0.00	4.06	0.00	0.12
867	33.00	34.00	277.94	61917.36	9843.72	548252.89	548252.89	0.00	0.00	0.00	0.00	4.00	0.00	0.12
868	34.00	34.00	277.94	61917.36	9843.72	548252.89	548252.89	0.00	0.00	0.00	0.00	3.94	0.00	0.12
869	35.00	34.00	277.94	61917.36	9843.72	548252.89	548252.89	0.00	0.00	0.00	0.00	3.88	0.00	0.12
870	36.00	34.00	277.94	61917.36	9843.72	548252.89	548252.89	0.00	0.00	0.00	0.00	3.82	0.00	0.12
871	36.00	35.00	277.94	61917.36	9843.72	548252.89	548252.89	0.00	0.00	0.00	0.00	3.93	0.00	0.12
872	37.00	35.00	277.94	61917.36	9843.72	548252.89	548252.89	0.00	0.00	0.00	0.00	3.88	0.00	0.12
873	38.00	35.00	277.94	61917.36	9843.72	548252.89	548252.89	0.00	0.00	0.00	0.00	3.82	0.00	0.12
874	39.00	35.00	277.94	61917.36	9843.72	548252.89	548252.89	0.00	0.00	0.00	0.00	3.77	0.00	0.12
875	40.00	35.00	277.94	61917.36	9843.72	548252.89	548252.89	0.00	0.00	0.00	0.00	3.72	0.00	0.12
876	41.00	35.00	277.94	61917.36	9843.72	548252.89	548252.89	0.00	0.00	0.00	0.00	3.67	0.00	0.12
877	42.00	35.00	277.94	61917.36	9843.72	548252.89	548252.89	0.00	0.00	0.00	0.00	3.63	0.00	0.12
878	43.00	35.00	277.94	61917.36	9843.72	548252.89	548252.89	0.00	0.00	0.00	0.00	3.58	0.00	0.12
879	44.00	35.00	277.94	61917.36	9843.72	548252.89	548252.89	0.00	0.00	0.00	0.00	3.53	0.00	0.12
880	45.00	35.00	277.94	61917.36	9843.72	548252.89	548252.89	0.00	0.00	0.00	0.00	3.49	0.00	0.12
881	45.00	36.00	277.94	61917.36	9843.72	548252.89	548252.89	0.00	0.00	0.00	0.00	3.48	0.00	0.12
882	46.00	36.00	277.94	61917.36	9843.72	548252.89	548252.89	0.00	0.00	0.00	0.00	3.44	0.00	0.12
883	47.00	36.00	277.94	61917.36	9843.72	548252.89	548252.89	0.00	0.00	0.00	0.00	3.40	0.00	0.12
884	48.00	36.00	277.94	61917.36	9843.72	548252.89	548252.89	0.00	0.00	0.00	0.00	3.36	0.00	0.12
885	49.00	36.00	277.94	61917.36	9843.72	548252.89	548252.89	0.00	0.00	0.00	0.00	3.32	0.00	0.12
886	49.00	37.00	277.94	61917.36	9843.72	548252.89	548252.89	0.00	0.00	0.00	0.00	3.41	0.00	0.12
887	50.00	37.00	277.94	61917.36	9843.72	548252.89	548252.89	0.00	0.00	0.00	0.00	3.37	0.00	0.12
888	51.00	37.00	277.94	61917.36	9843.72	548252.89	548252.89	0.00	0.00	0.00	0.00	3.33	0.00	0.12
889	52.00	37.00	277.94	61917.36	9843.72	548252.89	548252.89	0.00	0.00	0.00	0.00	3.30	0.00	0.12
890	53.00	37.00	277.94	61917.36	9843.72	548252.89	548252.89	0.00	0.00	0.00	0.00	3.26	0.00	0.12
891	54.00	37.00	277.94	61917.36	9843.72	548252.89	548252.89	0.00	0.00	0.00	0.00	3.22	0.00	0.12
892	55.00	37.00	277.94	61917.36	9843.72	548252.89	548252.89	0.00	0.00	0.00	0.00	3.19	0.00	0.12
893	56.00	37.00	277.94	61917.36	9843.72	548252.89	548252.89	0.00	0.00	0.00	0.00	3.15	0.00	0.12
894	57.00	37.00	277.94	61917.36	9843.72	548252.89	548252.89	0.00	0.00	0.00	0.00	3.12	0.00	0.12
895	58.00	37.00	277.94	61917.36	9843.72	548252.89	548252.89	0.00	0.00	0.00	0.00	3.09	0.00	0.12
896	59.00	37.00	277.94	61917.36	9843.72	548252.89	548252.89	0.00	0.00	0.00	0.00	3.06	0.00	0.12
897	60.00	37.00	277.94	61917.36	9843.72	548252.89	548252.89	0.00	0.00	0.00	0.00	3.02	0.00	0.12
898	61.00	37.00	277.94	61917.36	9843.72	548252.89	548252.89	0.00	0.00	0.00	0.00	2.99	0.00	0.12
899	62.00	37.00	277.94	61917.36	9843.72	548252.89	548252.89	0.00	0.00	0.00	0.00	2.96	0.00	0.12
900	63.00	37.00	277.94	61917.36	9843.72	548252.89	548252.89	0.00	0.00	0.00	0.00	2.93	0.00	0.12
901	64.00	37.00	277.94	61917.36	9843.72	548252.89	548252.89	0.00	0.00	0.00	0.00	2.90	0.00	0.12
902	65.00	37.00	277.94	61917.36	9843.72	548252.89	548252.89	0.00	0.00	0.00	0.00	2.88	0.00	0.12
903	66.00	37.00	277.94	61917.36	9843.72	548252.89	548252.89	0.00	0.00	0.00	0.00	2.85	0.00	0.12
904	67.00	37.00	277.94	61917.36	9843.72	548252.89	548252.89	0.00	0.00	0.00	0.00	2.82	0.00	0.12
905	68.00	37.00	277.94	61917.36	9843.72	548252.89	548252.89	0.00	0.00	0.00	0.00	2.79	0.00	0.12
906	69.00	37.00	277.94	61917.36	9843.72	548252.89	548252.89	0.00	0.00	0.00	0.00	2.77	0.00	0.12
907	70.00	37.00	277.94	61917.36	9843.72	548252.89	548252.89	0.00	0.00	0.00	0.00	2.74	0.00	0.12
908	71.00	37.00	277.94	61917.36	9843.72	548252.89	548252.89	0.00	0.00	0.00	0.00	2.72	0.00	0.12
909	72.00	37.00	277.94	61917.36	9843.72	548252.89	548252.89	0.00	0.00	0.00	0.00	2.69	0.00	0.12
910	73.00	37.00	277.94	61917.36	9843.72	548252.89	548252.89	0.00	0.00	0.00	0.00	2.67	0.00	0.12
911	74.00	37.00	277.94	61917.36	9843.72	548252.89	548252.89	0.00	0.00	0.00	0.00	2.64	0.00	0.12
912	25.00	37.00	277.94	61917.36	9843.72	548252.89	548252.89	0.00	0.00	0.00	0.00	4.73	0.00	0.12
913	26.00	37.00	277.94	61917.36	9843.72	548252.89	548252.89	0.00	0.00	0.00	0.00	4.66	0.00	0.12
914	26.00	38.00	277.94	61917.36	9843.72	548252.89	548252.89	0.00	0.00	0.00	0.00	4.63	0.00	0.12
915	27.00	38.00	277.94	61917.36	9843.72	548252.89	548252.89	0.00	0.00	0.00	0.00	4.56	0.00	0.12
916	28.00	38.00	277.94	61917.36	9843.72	548252.89	548252.89	0.00	0.00	0.00	0.00	4.49	0.00	0.12
917	29.00	38.00	277.94	61917.36	9843.72	548252.89	548252.89	0.00	0.00	0.00	0.00	4.42	0.00	0.12
918	30.00	38.00	277.94	61917.36	9843.72	548252.89	548252.89	0.00	0.00	0.00	0.00	4.36	0.00	0.12
919	31.00	38.00	277.94	61917.36	9843.72	548252.89	548252.89	0.00	0.00	0.00	0.00	4.29	0.00	0.12
920	32.00	38.00	277.94	61917.36	9843.72	548252.89	548252.89	0.00	0.00	0.00	0.00	4.23	0.00	0.12
921	33.00	38.00	236.25	74300.84	8367.16	548252.89	548252.89	0.00	0.00	0.00	0.00	4.17	0.00	0.12
922	33.00	39.00	236.25	74300.84	8367.16	548252.89	548252.89	0.00	0.00	0.00	0.00	4.31	0.00	0.12
923	34.00	39.00	236.25	74300.84	8367.16	548252.89	548252.89	0.00	0.00	0.00	0.00	4.25	0.00	0.12
924	35.00	39.00	236.25	74300.84	8367.16	548252.89	548252.89	0.00	0.00	0.00	0.00	4.20	0.00	0.12
925	36.00	39.00	236.25	74300.84	8367.16	548252.89	548252.89	0.00	0.00	0.00	0.00	4.14	0.00	0.12
926	37.00	39.00	236.25	74300.84	8367.16	548252.89	548252.89	0.00	0.00	0.00	0.00	4.08	0.00	0.12
927	38.00	39.00	236.25	74300.84	8367.16	548252.89	548252.89	0.00	0.00	0.00	0.00	4.03	0.00	0.12
928	39.00	39.00	236.25	74300.84	8367.16	548252.89	548252.89	0.00	0.00	0.00	0.00	3.98	0.00	0.12
929	40.00	39.00	236.25	74300.84	8367.16	548252.89	548252.89	0.00	0.00	0.00	0.00	3.93	0.00	0.12
930	41.00	39.00	236.25	74300.84	8367.16	548252.89	548252.89	0.00	0.00	0.00	0.00	3.88	0.00	0.12
931	42.00	39.00	236.25	74300.84	8367.16	548252.89	548252.89	0.00	0.00	0.00	0.00	3.83	0.00	0.12
932	43.00	39.00	236.25	74300.84	8367.16	548252.89	548252.89	0.00	0.00	0.00	0.00	3.79	0.00	0.12
933	44.00	39.00	236.25	74300.84	8367.16	548252.89	548252.89	0.00	0.00	0.00	0.00	3.74	0.00	0.12
934	44.00	40.00	236.25	74300.84	8367.16	548252.89	548252.89	0.00	0.00	0.00	0.00	3.87	0.00	0.12
935	45.00	40.00	236.25	74300.84	8367.16	548252.89	548252.89	0.00	0.00	0.00	0.00	3.82	0.00	0.12
936	46.00	40.00	236.25	74300.84	8367.16	548252.89	548252.89	0.00	0.00	0.00	0.00	3.78	0.00	0.12
937	46.00	41.00	236.25	74300.84	8367.16	548252.89	548252.89	0.00	0.00	0.00	0.00	3.86	0.00	0.12
938	46.00	42.00	236.25	74300.84	8367.16	548252.89	548252.89	0.00	0.00	0.00	0.00	3.95	0.00	0.12
939	47.00	42.00	236.25	74300.84	8367.16	548252.89	548252.89	0.00	0.00	0.00	0.00	3.90	0.00	0.12
940	48.00	42.00	236.25	74300.84	8367.16	548252.89	548252.89	0.00	0.00	0.00	0.00	3.86	0.00	0.12
941	49.00	42.00	236.25	74300.84	8367.16	548252.89	548252.89	0.00	0.00	0.00	0.00	3.82	0.00	0.12
942	50.00	42.00	236.25	74300.84	8367.16	548252.89	548252.89	0.00	0.00	0.00	0.00	3.78	0.00	0.12
943	51.00	42.00	236.25	74300.84	8367.16	548252.89	548252.89	0.00	0.00	0.00	0.00	3.74	0.00	0.12
944	52.00	42.00	236.25	74300.84	8367.16	548252.89	548252.89	0.00	0.00	0.00	0.00	3.70	0.00	0.12
945	52.00	43.00	236.25	74300.84	8367.16	548252.89	548252.89	0.00	0.00	0.00	0.00	3.78	0.00	0.12
946	53.00	43.00	236.25	74300.84	8367.16	548252.89	548252.89	0.00	0.00	0.00	0.00	3.74	0.00	0.12
947	54.00	43.00	236.25	74300.84	8367.16	548252.89	548252.89	0.00	0.00	0.00	0.00	3.70	0.00	0.12
948	55.00	43.00	236.25	74300.84	8367.16	548252.89	548252.89	0.00	0.00	0.00	0.00	3.66	0.00	0.12
949	56.00	43.00	236.25	74300.84	8367.16	548252.89	548252.89	0.00	0.00	0.00	0.00	3.63	0.00	0.12
950	57.00	43.00	236.25	74300.84	8367.16	548252.89	548252.89	0.00	0.00	0.00	0.00	3.59	0.00	0.12
951	58.00	43.00	236.25	74300.84	8367.16	548252.89	548252.89	0.00	0.00	0.00	0.00	3.55	0.00	0.12
952	59.00	43.00	236.25	74300.84	8367.16	548252.89	548252.89	0.00	0.00	0.00	0.00	3.52	0.00	0.12
953	60.00	43.00	236.25	74300.84	8367.16	548252.89	548252.89	0.00	0.00	0.00	0.00	3.48	0.00	0.12
954	61.00	43.00	236.25	74300.84	8367.16	548252.89	548252.89	0.00	0.00	0.00	0.00	3.45	0.00	0.12
955	61.00	44.00	236.25	74300.84	8367.16	548252.89	548252.89	0.00	0.00	0.00	0.00	3.45	0.00	0.12
956	61.00	45.00	236.25	74300.84	8367.16	548252.89	548252.89	0.00	0.00	0.00	0.00	3.52	0.00	0.12
957	62.00	45.00	236.25	74300.84	8367.16	548252.89	548252.89	0.00	0.00	0.00	0.00	3.49	0.00	0.12
958	63.00	45.00	236.25	74300.84	8367.16	548252.89	548252.89	0.00	0.00	0.00	0.00	3.46	0.00	0.12
959	64.00	45.00	236.25	74300.84	8367.16	548252.89	548252.89	0.00	0.00	0.00	0.00	3.42	0.00	0.12
960	65.00	45.00	236.25	74300.84	8367.16	548252.89	548252.89	0.00	0.00	0.00	0.00	3.39	0.00	0.12
961	66.00	45.00	236.25	74300.84	8367.16	548252.89	548252.89	0.00	0.00	0.00	0.00	3.36	0.00	0.12
962	67.00	45.00	236.25	74300.84	8367.16	548252.89	548252.89	0.00	0.00	0.00	0.00	3.33	0.00	0.12
963	68.00	45.00	236.25	74300.84	8367.16	548252.89	548252.89	0.00	0.00	0.00	0.00	3.30	0.00	0.12
964	68.00	46.00	236.25	74300.84	8367.16	548252.89	548252.89	0.00	0.00	0.00	0.00	3.37	0.00	0.12
965	69.00	46.00	236.25	74300.84	8367.16	548252.89	548252.89	0.00	0.00	0.00	0.00	3.34	0.00	0.12
966	70.00	46.00	236.25	74300.84	8367.16	548252.89	548252.89	0.00	0.00	0.00	0.00	3.32	0.00	0.12
967	71.00	46.00	236.25	74300.84	8367.16	548252.89	548252.89	0.00	0.00	0.00	0.00	3.29	0.00	0.12
968	72.00	46.00	236.25	74300.84	8367.16	548252.89	548252.89	0.00	0.00	0.00	0.00	3.26	0.00	0.12
969	73.00	46.00	236.25	74300.84	8367.16	548252.89	548252.89	0.00	0.00	0.00	0.00	3.23	0.00	0.12
970	74.00	46.00	236.25	74300.84	8367.16	548252.89	548252.89	0.00	0.00	0.00	0.00	3.20	0.00	0.12
971	25.00	46.00	236.25	74300.84	8367.16	548252.89	548252.89	0.00	0.00	0.00	0.00	5.42	0.00	0.12
972	26.00	46.00	236.25	74300.84	8367.16	548252.89	548252.89	0.00	0.00	0.00	0.00	5.34	0.00	0.12
973	27.00	46.00	236.25	74300.84	8367.16	548252.89	548252.89	0.00	0.00	0.00	0.00	5.27	0.00	0.12
974	28.00	46.00	236.25	74300.84	8367.16	548252.89	548252.89	0.00	0.00	0.00	0.00	5.20	0.00	0.12
975	29.00	46.00	236.25	74300.84	8367.16	548252.89	548252.89	0.00	0.00	0.00	0.00	5.13	0.00	0.12
976	30.00	46.00	236.25	74300.84	8367.16	548252.89	548252.89	0.00	0.00	0.00	0.00	5.06	0.00	0.12
977	31.00	46.00	236.25	74300.84	8367.16	548252.89	548252.89	0.00	0.00	0.00	0.00	4.99	0.00	0.12
978	32.00	46.00	236.25	74300.84	8367.16	548252.89	548252.89	0.00	0.00	0.00	0.00	4.93	0.00	0.12
979	32.00	47.00	236.25	74300.84	8367.16	548252.89	548252.89	0.00	0.00	0.00	0.00	5.01	0.00	0.12
980	33.00	47.00	236.25	74300.84	8367.16	548252.89	548252.89	0.00	0.00	0.00	0.00	4.95	0.00	0.12
981	34.00	47.00	236.25	74300.84	8367.16	548252.89	548252.89	0.00	0.00	0.00	0.00	4.89	0.00	0.12
982	35.00	47.00	236.25	74300.84	8367.16	548252.89	548252.89	0.00	0.00	0.00	0.00	4.83	0.00	0.12
983	36.00	47.00	236.25	74300.84	8367.16	548252.89	548252.89	0.00	0.00	0.00	0.00	4.77	0.00	0.12
984	37.00	47.00	236.25	74300.84	8367.16	548252.89	548252.89	0.00	0.00	0.00	0.00	4.71	0.00	0.12
985	38.00	47.00	236.25	74300.84	8367.16	548252.89	548252.89	0.00	0.00	0.00	0.00	4.66	0.00	0.12
986	39.00	47.00	236.25	74300.84	8367.16	548252.89	548252.89	0.00	0.00	0.00	0.00	4.60	0.00	0.12
987	40.00	47.00	236.25	74300.84	8367.16	548252.89	548252.89	0.00	0.00	0.00	0.00	4.55	0.00	0.12
988	41.00	47.00	236.25	74300.84	8367.16	548252.89	548252.89	0.00	0.00	0.00	0.00	4.50	0.00	0.12
989	42.00	47.00	236.25	74300.84	8367.16	548252.89	548252.89	0.00	0.00	0.00	0.00	4.45	0.00	0.12
990	43.00	47.00	236.25	74300.84	8367.16	548252.89	548252.89	0.00	0.00	0.00	0.00	4.40	0.00	0.12
991	44.00	47.00	236.25	74300.84	8367.16	548252.89	548252.89	0.00	0.00	0.00	0.00	4.35	0.00	0.12
992	44.00	48.00	236.25	74300.84	8367.16	548252.89	548252.89	0.00	0.00	0.00	0.00	4.43	0.00	0.12
993	45.00	48.00	236.25	74300.84	8367.16	548252.89	548252.89	0.00	0.00	0.00	0.00	4.38	0.00	0.12
994	46.00	48.00	236.25	74300.84	8367.16	548252.89	548252.89	0.00	0.00	0.00	0.00	4.33	0.00	0.12
995	47.00	48.00	236.25	74300.84	8367.16	548252.89	548252.89	0.00	0.00	0.00	0.00	4.29	0.00	0.12
996	48.00	48.00	236.25	74300.84	8367.16	548252.89	548252.89	0.00	0.00	0.00	0.00	4.24	0.00	0.12
997	48.00	49.00	236.25	74300.84	8367.16	548252.89	548252.89	0.00	0.00	0.00	0.00	4.32	0.00	0.12
998	49.00	49.00	236.25	74300.84	8367.16	548252.89	548252.89	0.00	0.00	0.00	0.00	4.27	0.00	0.12
999	50.00	49.00	236.25	74300.84	8367.16	548252.89	548252.89	0.00	0.00	0.00	0.00	4.23	0.00	0.12
1000	50.00	50.00	236.25	74300.84	8367.16	548252.89	548252.89	0.00	0.00	0.00	0.00	4.22	0.00	0.12
