some parameters
Gen.	# feasible solutions	# infeasible solutions	cap. penality	dur. penality	num. penality	best penalized cost	best feasible cost	best cap. violation	best dur. violation	best num. violation	avg cap. violation	avg dur. violation	avg num. violation	Gap from BKS
1	1.00	50.00	850.00	12000.00	42500.00	620968.69	620968.69	0.00	0.00	0.00	0.00	20.59	0.00	0.29
2	1.00	51.00	850.00	12000.00	42500.00	620968.69	620968.69	0.00	0.00	0.00	0.00	20.23	0.00	0.29
3	1.00	52.00	850.00	12000.00	42500.00	620968.69	620968.69	0.00	0.00	0.00	0.00	20.09	0.00	0.29
4	1.00	53.00	850.00	12000.00	42500.00	620968.69	620968.69	0.00	0.00	0.00	0.00	19.95	0.00	0.29
5	1.00	54.00	850.00	12000.00	42500.00	620968.69	620968.69	0.00	0.00	0.00	0.00	19.96	0.00	0.29
6	1.00	55.00	850.00	12000.00	42500.00	620968.69	620968.69	0.00	0.00	0.00	0.00	19.93	0.00	0.29
7	1.00	56.00	850.00	12000.00	42500.00	620968.69	620968.69	0.00	0.00	0.00	0.00	19.93	0.00	0.29
8	1.00	57.00	850.00	12000.00	42500.00	620968.69	620968.69	0.00	0.00	0.00	0.00	19.90	0.00	0.29
9	1.00	58.00	850.00	12000.00	42500.00	620968.69	620968.69	0.00	0.00	0.00	0.00	19.70	0.00	0.29
10	1.00	59.00	850.00	12000.00	42500.00	620968.69	620968.69	0.00	0.00	0.00	0.00	19.91	0.00	0.29
11	1.00	60.00	850.00	12000.00	42500.00	620968.69	620968.69	0.00	0.00	0.00	0.00	19.86	0.00	0.29
12	1.00	61.00	850.00	12000.00	42500.00	620968.69	620968.69	0.00	0.00	0.00	0.00	20.00	0.00	0.29
13	1.00	62.00	850.00	12000.00	42500.00	620968.69	620968.69	0.00	0.00	0.00	0.00	19.89	0.00	0.29
14	1.00	63.00	850.00	12000.00	42500.00	620968.69	620968.69	0.00	0.00	0.00	0.00	19.84	0.00	0.29
15	1.00	64.00	850.00	12000.00	42500.00	620968.69	620968.69	0.00	0.00	0.00	0.00	19.77	0.00	0.29
16	1.00	65.00	850.00	12000.00	42500.00	620968.69	620968.69	0.00	0.00	0.00	0.00	19.59	0.00	0.29
17	2.00	65.00	850.00	12000.00	42500.00	620968.69	620968.69	0.00	0.00	0.00	0.00	19.30	0.00	0.29
18	2.00	66.00	850.00	12000.00	42500.00	620968.69	620968.69	0.00	0.00	0.00	0.00	19.20	0.00	0.29
19	2.00	67.00	850.00	12000.00	42500.00	620968.69	620968.69	0.00	0.00	0.00	0.00	19.09	0.00	0.29
20	2.00	68.00	850.00	12000.00	42500.00	620968.69	620968.69	0.00	0.00	0.00	0.00	18.87	0.00	0.29
21	2.00	69.00	850.00	12000.00	42500.00	620968.69	620968.69	0.00	0.00	0.00	0.00	18.78	0.00	0.29
22	2.00	70.00	850.00	12000.00	42500.00	620968.69	620968.69	0.00	0.00	0.00	0.00	19.62	0.00	0.29
23	2.00	71.00	850.00	12000.00	42500.00	620968.69	620968.69	0.00	0.00	0.00	0.00	19.43	0.00	0.29
24	2.00	72.00	850.00	12000.00	42500.00	620968.69	620968.69	0.00	0.00	0.00	0.00	19.42	0.00	0.29
25	2.00	73.00	850.00	12000.00	42500.00	620968.69	620968.69	0.00	0.00	0.00	0.00	19.37	0.00	0.29
26	3.00	73.00	850.00	12000.00	42500.00	620968.69	620968.69	0.00	0.00	0.00	0.00	19.12	0.00	0.29
27	3.00	74.00	850.00	12000.00	42500.00	620968.69	620968.69	0.00	0.00	0.00	0.00	19.09	0.00	0.29
28	3.00	25.00	850.00	12000.00	42500.00	620968.69	620968.69	0.00	0.00	0.00	0.00	12.36	0.00	0.29
29	3.00	26.00	850.00	12000.00	42500.00	620968.69	620968.69	0.00	0.00	0.00	0.00	12.71	0.00	0.29
30	3.00	27.00	850.00	12000.00	42500.00	620968.69	620968.69	0.00	0.00	0.00	0.00	12.56	0.00	0.29
31	3.00	28.00	850.00	12000.00	42500.00	620968.69	620968.69	0.00	0.00	0.00	0.00	12.79	0.00	0.29
32	3.00	29.00	850.00	12000.00	42500.00	620968.69	620968.69	0.00	0.00	0.00	0.00	12.57	0.00	0.29
33	4.00	29.00	850.00	12000.00	42500.00	620968.69	620968.69	0.00	0.00	0.00	0.00	12.19	0.00	0.29
34	4.00	30.00	850.00	12000.00	42500.00	620968.69	620968.69	0.00	0.00	0.00	0.00	12.07	0.00	0.29
35	4.00	31.00	850.00	12000.00	42500.00	620968.69	620968.69	0.00	0.00	0.00	0.00	12.08	0.00	0.29
36	4.00	32.00	850.00	12000.00	42500.00	620968.69	620968.69	0.00	0.00	0.00	0.00	11.93	0.00	0.29
37	4.00	33.00	850.00	12000.00	42500.00	620968.69	620968.69	0.00	0.00	0.00	0.00	11.95	0.00	0.29
38	4.00	34.00	850.00	12000.00	42500.00	620968.69	620968.69	0.00	0.00	0.00	0.00	12.01	0.00	0.29
39	4.00	35.00	850.00	12000.00	42500.00	620968.69	620968.69	0.00	0.00	0.00	0.00	12.16	0.00	0.29
40	4.00	36.00	850.00	12000.00	42500.00	620968.69	620968.69	0.00	0.00	0.00	0.00	12.51	0.00	0.29
41	5.00	36.00	850.00	12000.00	42500.00	620968.69	620968.69	0.00	0.00	0.00	0.00	12.21	0.00	0.29
42	5.00	37.00	850.00	12000.00	42500.00	620968.69	620968.69	0.00	0.00	0.00	0.00	11.97	0.00	0.29
43	6.00	37.00	850.00	12000.00	42500.00	620968.69	620968.69	0.00	0.00	0.00	0.00	11.69	0.00	0.29
44	6.00	38.00	850.00	12000.00	42500.00	620968.69	620968.69	0.00	0.00	0.00	0.00	12.07	0.00	0.29
45	6.00	39.00	850.00	12000.00	42500.00	620968.69	620968.69	0.00	0.00	0.00	0.00	12.02	0.00	0.29
46	7.00	39.00	850.00	12000.00	42500.00	620968.69	620968.69	0.00	0.00	0.00	0.00	11.76	0.00	0.29
47	7.00	40.00	850.00	12000.00	42500.00	620968.69	620968.69	0.00	0.00	0.00	0.00	11.70	0.00	0.29
48	8.00	40.00	850.00	12000.00	42500.00	620968.69	620968.69	0.00	0.00	0.00	0.00	11.46	0.00	0.29
49	8.00	41.00	850.00	12000.00	42500.00	620968.69	620968.69	0.00	0.00	0.00	0.00	11.56	0.00	0.29
50	8.00	42.00	850.00	12000.00	42500.00	620968.69	620968.69	0.00	0.00	0.00	0.00	11.39	0.00	0.29
51	8.00	43.00	850.00	12000.00	42500.00	620968.69	620968.69	0.00	0.00	0.00	0.00	11.21	0.00	0.29
52	8.00	44.00	850.00	12000.00	42500.00	620968.69	620968.69	0.00	0.00	0.00	0.00	11.16	0.00	0.29
53	8.00	45.00	850.00	12000.00	42500.00	620968.69	620968.69	0.00	0.00	0.00	0.00	11.27	0.00	0.29
54	9.00	45.00	850.00	12000.00	42500.00	620968.69	620968.69	0.00	0.00	0.00	0.00	11.06	0.00	0.29
55	9.00	46.00	850.00	12000.00	42500.00	620968.69	620968.69	0.00	0.00	0.00	0.00	10.91	0.00	0.29
56	10.00	46.00	850.00	12000.00	42500.00	620968.69	620968.69	0.00	0.00	0.00	0.00	10.72	0.00	0.29
57	10.00	47.00	850.00	12000.00	42500.00	620968.69	620968.69	0.00	0.00	0.00	0.00	10.58	0.00	0.29
58	10.00	48.00	850.00	12000.00	42500.00	620968.69	620968.69	0.00	0.00	0.00	0.00	10.45	0.00	0.29
59	10.00	49.00	850.00	12000.00	42500.00	620968.69	620968.69	0.00	0.00	0.00	0.00	10.73	0.00	0.29
60	10.00	50.00	850.00	12000.00	42500.00	620968.69	620968.69	0.00	0.00	0.00	0.00	10.59	0.00	0.29
61	11.00	50.00	850.00	12000.00	42500.00	620968.69	620968.69	0.00	0.00	0.00	0.00	10.42	0.00	0.29
62	12.00	50.00	850.00	12000.00	42500.00	620968.69	620968.69	0.00	0.00	0.00	0.00	10.25	0.00	0.29
63	12.00	51.00	850.00	12000.00	42500.00	620968.69	620968.69	0.00	0.00	0.00	0.00	10.43	0.00	0.29
64	12.00	52.00	850.00	12000.00	42500.00	620968.69	620968.69	0.00	0.00	0.00	0.00	10.49	0.00	0.29
65	13.00	52.00	850.00	12000.00	42500.00	587034.65	587034.65	0.00	0.00	0.00	0.00	10.33	0.00	0.22
66	14.00	52.00	850.00	12000.00	42500.00	587034.65	587034.65	0.00	0.00	0.00	0.00	10.17	0.00	0.22
67	15.00	52.00	850.00	12000.00	42500.00	587034.65	587034.65	0.00	0.00	0.00	0.00	10.02	0.00	0.22
68	15.00	53.00	850.00	12000.00	42500.00	587034.65	587034.65	0.00	0.00	0.00	0.00	10.02	0.00	0.22
69	15.00	54.00	850.00	12000.00	42500.00	587034.65	587034.65	0.00	0.00	0.00	0.00	9.97	0.00	0.22
70	15.00	55.00	850.00	12000.00	42500.00	587034.65	587034.65	0.00	0.00	0.00	0.00	10.05	0.00	0.22
71	15.00	56.00	850.00	12000.00	42500.00	587034.65	587034.65	0.00	0.00	0.00	0.00	10.12	0.00	0.22
72	15.00	57.00	850.00	12000.00	42500.00	587034.65	587034.65	0.00	0.00	0.00	0.00	10.06	0.00	0.22
73	15.00	58.00	850.00	12000.00	42500.00	587034.65	587034.65	0.00	0.00	0.00	0.00	10.21	0.00	0.22
74	15.00	59.00	850.00	12000.00	42500.00	587034.65	587034.65	0.00	0.00	0.00	0.00	11.05	0.00	0.22
75	15.00	60.00	850.00	12000.00	42500.00	587034.65	587034.65	0.00	0.00	0.00	0.00	10.93	0.00	0.22
76	15.00	61.00	850.00	12000.00	42500.00	587034.65	587034.65	0.00	0.00	0.00	0.00	11.05	0.00	0.22
77	15.00	62.00	850.00	12000.00	42500.00	587034.65	587034.65	0.00	0.00	0.00	0.00	10.94	0.00	0.22
78	15.00	63.00	850.00	12000.00	42500.00	587034.65	587034.65	0.00	0.00	0.00	0.00	11.02	0.00	0.22
79	15.00	64.00	850.00	12000.00	42500.00	587034.65	587034.65	0.00	0.00	0.00	0.00	11.06	0.00	0.22
80	15.00	65.00	850.00	12000.00	42500.00	587034.65	587034.65	0.00	0.00	0.00	0.00	11.06	0.00	0.22
81	15.00	66.00	850.00	12000.00	42500.00	587034.65	587034.65	0.00	0.00	0.00	0.00	11.27	0.00	0.22
82	15.00	67.00	850.00	12000.00	42500.00	587034.65	587034.65	0.00	0.00	0.00	0.00	11.40	0.00	0.22
83	15.00	68.00	850.00	12000.00	42500.00	587034.65	587034.65	0.00	0.00	0.00	0.00	11.93	0.00	0.22
84	15.00	69.00	850.00	12000.00	42500.00	587034.65	587034.65	0.00	0.00	0.00	0.00	11.92	0.00	0.22
85	15.00	70.00	850.00	12000.00	42500.00	587034.65	587034.65	0.00	0.00	0.00	0.00	11.97	0.00	0.22
86	15.00	71.00	850.00	12000.00	42500.00	587034.65	587034.65	0.00	0.00	0.00	0.00	12.06	0.00	0.22
87	15.00	72.00	850.00	12000.00	42500.00	587034.65	587034.65	0.00	0.00	0.00	0.00	12.20	0.00	0.22
88	15.00	73.00	850.00	12000.00	42500.00	587034.65	587034.65	0.00	0.00	0.00	0.00	12.20	0.00	0.22
89	15.00	74.00	850.00	12000.00	42500.00	587034.65	587034.65	0.00	0.00	0.00	0.00	13.18	0.00	0.22
90	15.00	25.00	850.00	12000.00	42500.00	587034.65	587034.65	0.00	0.00	0.00	0.00	7.31	0.00	0.22
91	15.00	26.00	850.00	12000.00	42500.00	587034.65	587034.65	0.00	0.00	0.00	0.00	7.44	0.00	0.22
92	16.00	26.00	850.00	12000.00	42500.00	587034.65	587034.65	0.00	0.00	0.00	0.00	7.26	0.00	0.22
93	16.00	27.00	850.00	12000.00	42500.00	587034.65	587034.65	0.00	0.00	0.00	0.00	7.36	0.00	0.22
94	17.00	27.00	850.00	12000.00	42500.00	587034.65	587034.65	0.00	0.00	0.00	0.00	7.19	0.00	0.22
95	17.00	28.00	850.00	12000.00	42500.00	587034.65	587034.65	0.00	0.00	0.00	0.00	8.24	0.00	0.22
96	17.00	29.00	850.00	12000.00	42500.00	587034.65	587034.65	0.00	0.00	0.00	0.00	8.43	0.00	0.22
97	18.00	29.00	850.00	12000.00	42500.00	587034.65	587034.65	0.00	0.00	0.00	0.00	8.25	0.00	0.22
98	18.00	30.00	850.00	12000.00	42500.00	587034.65	587034.65	0.00	0.00	0.00	0.00	8.62	0.00	0.22
99	19.00	30.00	850.00	12000.00	42500.00	587034.65	587034.65	0.00	0.00	0.00	0.00	8.44	0.00	0.22
100	19.00	31.00	850.00	12000.00	42500.00	587034.65	587034.65	0.00	0.00	0.00	0.00	8.64	0.00	0.22
101	19.00	32.00	722.50	14400.00	36125.00	587034.65	587034.65	0.00	0.00	0.00	0.00	8.79	0.00	0.22
102	19.00	33.00	722.50	14400.00	36125.00	587034.65	587034.65	0.00	0.00	0.00	0.00	8.97	0.00	0.22
103	19.00	34.00	722.50	14400.00	36125.00	587034.65	587034.65	0.00	0.00	0.00	0.00	9.10	0.00	0.22
104	19.00	35.00	722.50	14400.00	36125.00	587034.65	587034.65	0.00	0.00	0.00	0.00	9.55	0.00	0.22
105	20.00	35.00	722.50	14400.00	36125.00	587034.65	587034.65	0.00	0.00	0.00	0.00	9.37	0.00	0.22
106	20.00	36.00	722.50	14400.00	36125.00	587034.65	587034.65	0.00	0.00	0.00	0.00	9.69	0.00	0.22
107	20.00	37.00	722.50	14400.00	36125.00	587034.65	587034.65	0.00	0.00	0.00	0.00	9.94	0.00	0.22
108	20.00	38.00	722.50	14400.00	36125.00	587034.65	587034.65	0.00	0.00	0.00	0.00	10.41	0.00	0.22
109	20.00	39.00	722.50	14400.00	36125.00	587034.65	587034.65	0.00	0.00	0.00	0.00	10.45	0.00	0.22
110	20.00	40.00	722.50	14400.00	36125.00	587034.65	587034.65	0.00	0.00	0.00	0.00	10.75	0.00	0.22
111	20.00	41.00	722.50	14400.00	36125.00	587034.65	587034.65	0.00	0.00	0.00	0.00	10.85	0.00	0.22
112	20.00	42.00	722.50	14400.00	36125.00	587034.65	587034.65	0.00	0.00	0.00	0.00	10.94	0.00	0.22
113	20.00	43.00	722.50	14400.00	36125.00	587034.65	587034.65	0.00	0.00	0.00	0.00	11.02	0.00	0.22
114	21.00	43.00	722.50	14400.00	36125.00	587034.65	587034.65	0.00	0.00	0.00	0.00	10.85	0.00	0.22
115	22.00	43.00	722.50	14400.00	36125.00	587034.65	587034.65	0.00	0.00	0.00	0.00	10.69	0.00	0.22
116	22.00	44.00	722.50	14400.00	36125.00	587034.65	587034.65	0.00	0.00	0.00	0.00	10.86	0.00	0.22
117	22.00	45.00	722.50	14400.00	36125.00	587034.65	587034.65	0.00	0.00	0.00	0.00	10.80	0.00	0.22
118	22.00	46.00	722.50	14400.00	36125.00	587034.65	587034.65	0.00	0.00	0.00	0.00	10.78	0.00	0.22
119	22.00	47.00	722.50	14400.00	36125.00	587034.65	587034.65	0.00	0.00	0.00	0.00	10.79	0.00	0.22
120	22.00	48.00	722.50	14400.00	36125.00	587034.65	587034.65	0.00	0.00	0.00	0.00	10.85	0.00	0.22
121	22.00	49.00	722.50	14400.00	36125.00	587034.65	587034.65	0.00	0.00	0.00	0.00	11.00	0.00	0.22
122	22.00	50.00	722.50	14400.00	36125.00	587034.65	587034.65	0.00	0.00	0.00	0.00	10.95	0.00	0.22
123	22.00	51.00	722.50	14400.00	36125.00	587034.65	587034.65	0.00	0.00	0.00	0.00	10.88	0.00	0.22
124	22.00	52.00	722.50	14400.00	36125.00	587034.65	587034.65	0.00	0.00	0.00	0.00	10.89	0.00	0.22
125	22.00	53.00	722.50	14400.00	36125.00	587034.65	587034.65	0.00	0.00	0.00	0.00	11.16	0.00	0.22
126	23.00	53.00	722.50	14400.00	36125.00	587034.65	587034.65	0.00	0.00	0.00	0.00	11.02	0.00	0.22
127	23.00	54.00	722.50	14400.00	36125.00	587034.65	587034.65	0.00	0.00	0.00	0.00	11.09	0.00	0.22
128	24.00	54.00	722.50	14400.00	36125.00	587034.65	587034.65	0.00	0.00	0.00	0.00	10.95	0.00	0.22
129	24.00	55.00	722.50	14400.00	36125.00	587034.65	587034.65	0.00	0.00	0.00	0.00	11.18	0.00	0.22
130	24.00	56.00	722.50	14400.00	36125.00	587034.65	587034.65	0.00	0.00	0.00	0.00	11.18	0.00	0.22
131	24.00	57.00	722.50	14400.00	36125.00	587034.65	587034.65	0.00	0.00	0.00	0.00	11.24	0.00	0.22
132	25.00	57.00	722.50	14400.00	36125.00	587034.65	587034.65	0.00	0.00	0.00	0.00	11.11	0.00	0.22
133	25.00	58.00	722.50	14400.00	36125.00	587034.65	587034.65	0.00	0.00	0.00	0.00	11.18	0.00	0.22
134	26.00	58.00	722.50	14400.00	36125.00	587034.65	587034.65	0.00	0.00	0.00	0.00	11.04	0.00	0.22
135	27.00	58.00	722.50	14400.00	36125.00	587034.65	587034.65	0.00	0.00	0.00	0.00	10.91	0.00	0.22
136	28.00	58.00	722.50	14400.00	36125.00	587034.65	587034.65	0.00	0.00	0.00	0.00	10.79	0.00	0.22
137	29.00	58.00	722.50	14400.00	36125.00	587034.65	587034.65	0.00	0.00	0.00	0.00	10.66	0.00	0.22
138	29.00	59.00	722.50	14400.00	36125.00	587034.65	587034.65	0.00	0.00	0.00	0.00	10.57	0.00	0.22
139	29.00	60.00	722.50	14400.00	36125.00	587034.65	587034.65	0.00	0.00	0.00	0.00	10.69	0.00	0.22
140	29.00	61.00	722.50	14400.00	36125.00	587034.65	587034.65	0.00	0.00	0.00	0.00	10.81	0.00	0.22
141	29.00	62.00	722.50	14400.00	36125.00	587034.65	587034.65	0.00	0.00	0.00	0.00	10.78	0.00	0.22
142	29.00	63.00	722.50	14400.00	36125.00	587034.65	587034.65	0.00	0.00	0.00	0.00	10.70	0.00	0.22
143	29.00	64.00	722.50	14400.00	36125.00	587034.65	587034.65	0.00	0.00	0.00	0.00	10.71	0.00	0.22
144	29.00	65.00	722.50	14400.00	36125.00	587034.65	587034.65	0.00	0.00	0.00	0.00	10.89	0.00	0.22
145	29.00	66.00	722.50	14400.00	36125.00	587034.65	587034.65	0.00	0.00	0.00	0.00	10.95	0.00	0.22
146	29.00	67.00	722.50	14400.00	36125.00	587034.65	587034.65	0.00	0.00	0.00	0.00	11.02	0.00	0.22
147	30.00	67.00	722.50	14400.00	36125.00	587034.65	587034.65	0.00	0.00	0.00	0.00	10.90	0.00	0.22
148	30.00	68.00	722.50	14400.00	36125.00	587034.65	587034.65	0.00	0.00	0.00	0.00	10.82	0.00	0.22
149	30.00	69.00	722.50	14400.00	36125.00	587034.65	587034.65	0.00	0.00	0.00	0.00	10.92	0.00	0.22
150	30.00	70.00	722.50	14400.00	36125.00	587034.65	587034.65	0.00	0.00	0.00	0.00	11.06	0.00	0.22
151	30.00	71.00	722.50	14400.00	36125.00	587034.65	587034.65	0.00	0.00	0.00	0.00	11.06	0.00	0.22
152	30.00	72.00	722.50	14400.00	36125.00	587034.65	587034.65	0.00	0.00	0.00	0.00	11.04	0.00	0.22
153	31.00	72.00	722.50	14400.00	36125.00	587034.65	587034.65	0.00	0.00	0.00	0.00	10.94	0.00	0.22
154	32.00	72.00	722.50	14400.00	36125.00	587034.65	587034.65	0.00	0.00	0.00	0.00	10.83	0.00	0.22
155	32.00	73.00	722.50	14400.00	36125.00	587034.65	587034.65	0.00	0.00	0.00	0.00	10.92	0.00	0.22
156	32.00	74.00	722.50	14400.00	36125.00	587034.65	587034.65	0.00	0.00	0.00	0.00	10.93	0.00	0.22
157	32.00	25.00	722.50	14400.00	36125.00	587034.65	587034.65	0.00	0.00	0.00	0.00	4.25	0.00	0.22
158	32.00	26.00	722.50	14400.00	36125.00	587034.65	587034.65	0.00	0.00	0.00	0.00	4.90	0.00	0.22
159	32.00	27.00	722.50	14400.00	36125.00	587034.65	587034.65	0.00	0.00	0.00	0.00	5.23	0.00	0.22
160	32.00	28.00	722.50	14400.00	36125.00	587034.65	587034.65	0.00	0.00	0.00	0.00	5.33	0.00	0.22
161	32.00	29.00	722.50	14400.00	36125.00	587034.65	587034.65	0.00	0.00	0.00	0.00	6.42	0.00	0.22
162	32.00	30.00	722.50	14400.00	36125.00	587034.65	587034.65	0.00	0.00	0.00	0.00	7.02	0.00	0.22
163	33.00	30.00	722.50	14400.00	36125.00	587034.65	587034.65	0.00	0.00	0.00	0.00	6.91	0.00	0.22
164	33.00	31.00	722.50	14400.00	36125.00	587034.65	587034.65	0.00	0.00	0.00	0.00	6.90	0.00	0.22
165	33.00	32.00	722.50	14400.00	36125.00	587034.65	587034.65	0.00	0.00	0.00	0.00	7.00	0.00	0.22
166	34.00	32.00	722.50	14400.00	36125.00	587034.65	587034.65	0.00	0.00	0.00	0.00	6.90	0.00	0.22
167	34.00	33.00	722.50	14400.00	36125.00	587034.65	587034.65	0.00	0.00	0.00	0.00	6.96	0.00	0.22
168	34.00	34.00	722.50	14400.00	36125.00	587034.65	587034.65	0.00	0.00	0.00	0.00	7.13	0.00	0.22
169	34.00	35.00	722.50	14400.00	36125.00	587034.65	587034.65	0.00	0.00	0.00	0.00	7.13	0.00	0.22
170	34.00	36.00	722.50	14400.00	36125.00	587034.65	587034.65	0.00	0.00	0.00	0.00	7.15	0.00	0.22
171	35.00	36.00	722.50	14400.00	36125.00	587034.65	587034.65	0.00	0.00	0.00	0.00	7.05	0.00	0.22
172	35.00	37.00	722.50	14400.00	36125.00	587034.65	587034.65	0.00	0.00	0.00	0.00	6.99	0.00	0.22
173	36.00	37.00	722.50	14400.00	36125.00	587034.65	587034.65	0.00	0.00	0.00	0.00	6.89	0.00	0.22
174	36.00	38.00	722.50	14400.00	36125.00	587034.65	587034.65	0.00	0.00	0.00	0.00	6.97	0.00	0.22
175	36.00	39.00	722.50	14400.00	36125.00	587034.65	587034.65	0.00	0.00	0.00	0.00	7.03	0.00	0.22
176	37.00	39.00	722.50	14400.00	36125.00	587034.65	587034.65	0.00	0.00	0.00	0.00	6.94	0.00	0.22
177	37.00	40.00	722.50	14400.00	36125.00	587034.65	587034.65	0.00	0.00	0.00	0.00	7.09	0.00	0.22
178	37.00	41.00	722.50	14400.00	36125.00	587034.65	587034.65	0.00	0.00	0.00	0.00	7.30	0.00	0.22
179	38.00	41.00	722.50	14400.00	36125.00	587034.65	587034.65	0.00	0.00	0.00	0.00	7.21	0.00	0.22
180	38.00	42.00	722.50	14400.00	36125.00	587034.65	587034.65	0.00	0.00	0.00	0.00	7.14	0.00	0.22
181	38.00	43.00	722.50	14400.00	36125.00	587034.65	587034.65	0.00	0.00	0.00	0.00	7.24	0.00	0.22
182	38.00	44.00	722.50	14400.00	36125.00	587034.65	587034.65	0.00	0.00	0.00	0.00	7.27	0.00	0.22
183	38.00	45.00	722.50	14400.00	36125.00	587034.65	587034.65	0.00	0.00	0.00	0.00	7.35	0.00	0.22
184	39.00	45.00	722.50	14400.00	36125.00	587034.65	587034.65	0.00	0.00	0.00	0.00	7.26	0.00	0.22
185	39.00	46.00	722.50	14400.00	36125.00	587034.65	587034.65	0.00	0.00	0.00	0.00	7.27	0.00	0.22
186	39.00	47.00	722.50	14400.00	36125.00	587034.65	587034.65	0.00	0.00	0.00	0.00	7.32	0.00	0.22
187	39.00	48.00	722.50	14400.00	36125.00	587034.65	587034.65	0.00	0.00	0.00	0.00	7.40	0.00	0.22
188	39.00	49.00	722.50	14400.00	36125.00	587034.65	587034.65	0.00	0.00	0.00	0.00	7.54	0.00	0.22
189	39.00	50.00	722.50	14400.00	36125.00	587034.65	587034.65	0.00	0.00	0.00	0.00	7.54	0.00	0.22
190	39.00	51.00	722.50	14400.00	36125.00	587034.65	587034.65	0.00	0.00	0.00	0.00	7.65	0.00	0.22
191	39.00	52.00	722.50	14400.00	36125.00	587034.65	587034.65	0.00	0.00	0.00	0.00	7.67	0.00	0.22
192	39.00	53.00	722.50	14400.00	36125.00	587034.65	587034.65	0.00	0.00	0.00	0.00	8.12	0.00	0.22
193	39.00	54.00	722.50	14400.00	36125.00	587034.65	587034.65	0.00	0.00	0.00	0.00	8.60	0.00	0.22
194	40.00	54.00	722.50	14400.00	36125.00	587034.65	587034.65	0.00	0.00	0.00	0.00	8.51	0.00	0.22
195	40.00	55.00	722.50	14400.00	36125.00	587034.65	587034.65	0.00	0.00	0.00	0.00	8.66	0.00	0.22
196	41.00	55.00	722.50	14400.00	36125.00	587034.65	587034.65	0.00	0.00	0.00	0.00	8.57	0.00	0.22
197	41.00	56.00	722.50	14400.00	36125.00	587034.65	587034.65	0.00	0.00	0.00	0.00	8.60	0.00	0.22
198	41.00	57.00	722.50	14400.00	36125.00	587034.65	587034.65	0.00	0.00	0.00	0.00	8.72	0.00	0.22
199	41.00	58.00	722.50	14400.00	36125.00	587034.65	587034.65	0.00	0.00	0.00	0.00	9.07	0.00	0.22
200	41.00	59.00	722.50	14400.00	36125.00	587034.65	587034.65	0.00	0.00	0.00	0.00	9.03	0.00	0.22
201	41.00	60.00	614.12	17280.00	30706.25	587034.65	587034.65	0.00	0.00	0.00	0.00	9.01	0.00	0.22
202	41.00	61.00	614.12	17280.00	30706.25	587034.65	587034.65	0.00	0.00	0.00	0.00	9.03	0.00	0.22
203	41.00	62.00	614.12	17280.00	30706.25	587034.65	587034.65	0.00	0.00	0.00	0.00	9.22	0.00	0.22
204	41.00	63.00	614.12	17280.00	30706.25	587034.65	587034.65	0.00	0.00	0.00	0.00	9.34	0.00	0.22
205	42.00	63.00	614.12	17280.00	30706.25	587034.65	587034.65	0.00	0.00	0.00	0.00	9.25	0.00	0.22
206	42.00	64.00	614.12	17280.00	30706.25	587034.65	587034.65	0.00	0.00	0.00	0.00	9.45	0.00	0.22
207	42.00	65.00	614.12	17280.00	30706.25	587034.65	587034.65	0.00	0.00	0.00	0.00	9.89	0.00	0.22
208	42.00	66.00	614.12	17280.00	30706.25	587034.65	587034.65	0.00	0.00	0.00	0.00	10.35	0.00	0.22
209	43.00	66.00	614.12	17280.00	30706.25	587034.65	587034.65	0.00	0.00	0.00	0.00	10.25	0.00	0.22
210	43.00	67.00	614.12	17280.00	30706.25	587034.65	587034.65	0.00	0.00	0.00	0.00	10.35	0.00	0.22
211	43.00	68.00	614.12	17280.00	30706.25	587034.65	587034.65	0.00	0.00	0.00	0.00	10.40	0.00	0.22
212	43.00	69.00	614.12	17280.00	30706.25	587034.65	587034.65	0.00	0.00	0.00	0.00	10.34	0.00	0.22
213	43.00	70.00	614.12	17280.00	30706.25	587034.65	587034.65	0.00	0.00	0.00	0.00	10.48	0.00	0.22
214	43.00	71.00	614.12	17280.00	30706.25	587034.65	587034.65	0.00	0.00	0.00	0.00	10.46	0.00	0.22
215	43.00	72.00	614.12	17280.00	30706.25	587034.65	587034.65	0.00	0.00	0.00	0.00	10.64	0.00	0.22
216	43.00	73.00	614.12	17280.00	30706.25	587034.65	587034.65	0.00	0.00	0.00	0.00	10.85	0.00	0.22
217	43.00	74.00	614.12	17280.00	30706.25	587034.65	587034.65	0.00	0.00	0.00	0.00	10.86	0.00	0.22
218	44.00	74.00	614.12	17280.00	30706.25	587034.65	587034.65	0.00	0.00	0.00	0.00	10.77	0.00	0.22
219	44.00	25.00	614.12	17280.00	30706.25	587034.65	587034.65	0.00	0.00	0.00	0.00	3.16	0.00	0.22
220	44.00	26.00	614.12	17280.00	30706.25	587034.65	587034.65	0.00	0.00	0.00	0.00	3.34	0.00	0.22
221	44.00	27.00	614.12	17280.00	30706.25	587034.65	587034.65	0.00	0.00	0.00	0.00	3.49	0.00	0.22
222	44.00	28.00	614.12	17280.00	30706.25	587034.65	587034.65	0.00	0.00	0.00	0.00	3.67	0.00	0.22
223	44.00	29.00	614.12	17280.00	30706.25	587034.65	587034.65	0.00	0.00	0.00	0.00	3.81	0.00	0.22
224	44.00	30.00	614.12	17280.00	30706.25	587034.65	587034.65	0.00	0.00	0.00	0.00	4.14	0.00	0.22
225	44.00	31.00	614.12	17280.00	30706.25	587034.65	587034.65	0.00	0.00	0.00	0.00	4.31	0.00	0.22
226	44.00	32.00	614.12	17280.00	30706.25	587034.65	587034.65	0.00	0.00	0.00	0.00	4.67	0.00	0.22
227	45.00	32.00	614.12	17280.00	30706.25	587034.65	587034.65	0.00	0.00	0.00	0.00	4.61	0.00	0.22
228	45.00	33.00	614.12	17280.00	30706.25	587034.65	587034.65	0.00	0.00	0.00	0.00	4.75	0.00	0.22
229	45.00	34.00	614.12	17280.00	30706.25	587034.65	587034.65	0.00	0.00	0.00	0.00	4.90	0.00	0.22
230	45.00	35.00	614.12	17280.00	30706.25	587034.65	587034.65	0.00	0.00	0.00	0.00	4.87	0.00	0.22
231	45.00	36.00	614.12	17280.00	30706.25	587034.65	587034.65	0.00	0.00	0.00	0.00	5.00	0.00	0.22
232	46.00	36.00	614.12	17280.00	30706.25	587034.65	587034.65	0.00	0.00	0.00	0.00	4.94	0.00	0.22
233	46.00	37.00	614.12	17280.00	30706.25	587034.65	587034.65	0.00	0.00	0.00	0.00	4.92	0.00	0.22
234	46.00	38.00	614.12	17280.00	30706.25	587034.65	587034.65	0.00	0.00	0.00	0.00	4.94	0.00	0.22
235	46.00	39.00	614.12	17280.00	30706.25	587034.65	587034.65	0.00	0.00	0.00	0.00	5.11	0.00	0.22
236	46.00	40.00	614.12	17280.00	30706.25	587034.65	587034.65	0.00	0.00	0.00	0.00	7.63	0.00	0.22
237	47.00	40.00	614.12	17280.00	30706.25	587034.65	587034.65	0.00	0.00	0.00	0.00	7.55	0.00	0.22
238	47.00	41.00	614.12	17280.00	30706.25	587034.65	587034.65	0.00	0.00	0.00	0.00	7.54	0.00	0.22
239	47.00	42.00	614.12	17280.00	30706.25	587034.65	587034.65	0.00	0.00	0.00	0.00	7.60	0.00	0.22
240	47.00	43.00	614.12	17280.00	30706.25	587034.65	587034.65	0.00	0.00	0.00	0.00	7.64	0.00	0.22
241	48.00	43.00	614.12	17280.00	30706.25	587034.65	587034.65	0.00	0.00	0.00	0.00	7.56	0.00	0.22
242	48.00	44.00	614.12	17280.00	30706.25	587034.65	587034.65	0.00	0.00	0.00	0.00	7.54	0.00	0.22
243	48.00	45.00	614.12	17280.00	30706.25	587034.65	587034.65	0.00	0.00	0.00	0.00	7.66	0.00	0.22
244	49.00	45.00	614.12	17280.00	30706.25	587034.65	587034.65	0.00	0.00	0.00	0.00	7.57	0.00	0.22
245	50.00	45.00	614.12	17280.00	30706.25	587034.65	587034.65	0.00	0.00	0.00	0.00	7.49	0.00	0.22
246	50.00	46.00	614.12	17280.00	30706.25	587034.65	587034.65	0.00	0.00	0.00	0.00	7.59	0.00	0.22
247	50.00	47.00	614.12	17280.00	30706.25	587034.65	587034.65	0.00	0.00	0.00	0.00	7.66	0.00	0.22
248	51.00	47.00	614.12	17280.00	30706.25	587034.65	587034.65	0.00	0.00	0.00	0.00	7.58	0.00	0.22
249	52.00	47.00	614.12	17280.00	30706.25	587034.65	587034.65	0.00	0.00	0.00	0.00	7.51	0.00	0.22
250	53.00	47.00	614.12	17280.00	30706.25	587034.65	587034.65	0.00	0.00	0.00	0.00	7.43	0.00	0.22
251	53.00	48.00	614.12	17280.00	30706.25	587034.65	587034.65	0.00	0.00	0.00	0.00	7.39	0.00	0.22
252	53.00	49.00	614.12	17280.00	30706.25	587034.65	587034.65	0.00	0.00	0.00	0.00	7.41	0.00	0.22
253	53.00	50.00	614.12	17280.00	30706.25	587034.65	587034.65	0.00	0.00	0.00	0.00	7.46	0.00	0.22
254	53.00	51.00	614.12	17280.00	30706.25	587034.65	587034.65	0.00	0.00	0.00	0.00	7.70	0.00	0.22
255	54.00	51.00	614.12	17280.00	30706.25	587034.65	587034.65	0.00	0.00	0.00	0.00	7.62	0.00	0.22
256	54.00	52.00	614.12	17280.00	30706.25	587034.65	587034.65	0.00	0.00	0.00	0.00	7.58	0.00	0.22
257	54.00	53.00	614.12	17280.00	30706.25	587034.65	587034.65	0.00	0.00	0.00	0.00	7.53	0.00	0.22
258	55.00	53.00	614.12	17280.00	30706.25	587034.65	587034.65	0.00	0.00	0.00	0.00	7.47	0.00	0.22
259	56.00	53.00	614.12	17280.00	30706.25	587034.65	587034.65	0.00	0.00	0.00	0.00	7.40	0.00	0.22
260	56.00	54.00	614.12	17280.00	30706.25	587034.65	587034.65	0.00	0.00	0.00	0.00	7.51	0.00	0.22
261	56.00	55.00	614.12	17280.00	30706.25	587034.65	587034.65	0.00	0.00	0.00	0.00	7.59	0.00	0.22
262	56.00	56.00	614.12	17280.00	30706.25	587034.65	587034.65	0.00	0.00	0.00	0.00	7.62	0.00	0.22
263	56.00	57.00	614.12	17280.00	30706.25	587034.65	587034.65	0.00	0.00	0.00	0.00	7.67	0.00	0.22
264	57.00	57.00	614.12	17280.00	30706.25	587034.65	587034.65	0.00	0.00	0.00	0.00	7.60	0.00	0.22
265	57.00	58.00	614.12	17280.00	30706.25	587034.65	587034.65	0.00	0.00	0.00	0.00	7.56	0.00	0.22
266	57.00	59.00	614.12	17280.00	30706.25	587034.65	587034.65	0.00	0.00	0.00	0.00	7.52	0.00	0.22
267	58.00	59.00	614.12	17280.00	30706.25	587034.65	587034.65	0.00	0.00	0.00	0.00	7.45	0.00	0.22
268	58.00	60.00	614.12	17280.00	30706.25	587034.65	587034.65	0.00	0.00	0.00	0.00	7.56	0.00	0.22
269	59.00	60.00	614.12	17280.00	30706.25	587034.65	587034.65	0.00	0.00	0.00	0.00	7.49	0.00	0.22
270	59.00	61.00	614.12	17280.00	30706.25	587034.65	587034.65	0.00	0.00	0.00	0.00	7.45	0.00	0.22
271	59.00	62.00	614.12	17280.00	30706.25	587034.65	587034.65	0.00	0.00	0.00	0.00	7.53	0.00	0.22
272	60.00	62.00	614.12	17280.00	30706.25	587034.65	587034.65	0.00	0.00	0.00	0.00	7.47	0.00	0.22
273	60.00	63.00	614.12	17280.00	30706.25	587034.65	587034.65	0.00	0.00	0.00	0.00	7.49	0.00	0.22
274	60.00	64.00	614.12	17280.00	30706.25	587034.65	587034.65	0.00	0.00	0.00	0.00	7.53	0.00	0.22
275	60.00	65.00	614.12	17280.00	30706.25	587034.65	587034.65	0.00	0.00	0.00	0.00	7.50	0.00	0.22
276	61.00	65.00	614.12	17280.00	30706.25	587034.65	587034.65	0.00	0.00	0.00	0.00	7.44	0.00	0.22
277	61.00	66.00	614.12	17280.00	30706.25	587034.65	587034.65	0.00	0.00	0.00	0.00	7.48	0.00	0.22
278	62.00	66.00	614.12	17280.00	30706.25	587034.65	587034.65	0.00	0.00	0.00	0.00	7.43	0.00	0.22
279	62.00	67.00	614.12	17280.00	30706.25	587034.65	587034.65	0.00	0.00	0.00	0.00	7.49	0.00	0.22
280	62.00	68.00	614.12	17280.00	30706.25	587034.65	587034.65	0.00	0.00	0.00	0.00	7.46	0.00	0.22
281	62.00	69.00	614.12	17280.00	30706.25	587034.65	587034.65	0.00	0.00	0.00	0.00	7.53	0.00	0.22
282	62.00	70.00	614.12	17280.00	30706.25	587034.65	587034.65	0.00	0.00	0.00	0.00	7.54	0.00	0.22
283	63.00	70.00	614.12	17280.00	30706.25	587034.65	587034.65	0.00	0.00	0.00	0.00	7.48	0.00	0.22
284	63.00	71.00	614.12	17280.00	30706.25	587034.65	587034.65	0.00	0.00	0.00	0.00	7.45	0.00	0.22
285	64.00	71.00	614.12	17280.00	30706.25	587034.65	587034.65	0.00	0.00	0.00	0.00	7.39	0.00	0.22
286	64.00	72.00	614.12	17280.00	30706.25	587034.65	587034.65	0.00	0.00	0.00	0.00	7.42	0.00	0.22
287	64.00	73.00	614.12	17280.00	30706.25	587034.65	587034.65	0.00	0.00	0.00	0.00	7.45	0.00	0.22
288	64.00	74.00	614.12	17280.00	30706.25	587034.65	587034.65	0.00	0.00	0.00	0.00	7.88	0.00	0.22
289	65.00	74.00	614.12	17280.00	30706.25	587034.65	587034.65	0.00	0.00	0.00	0.00	7.82	0.00	0.22
290	65.00	25.00	614.12	17280.00	30706.25	587034.65	587034.65	0.00	0.00	0.00	0.00	1.52	0.00	0.22
291	66.00	25.00	614.12	17280.00	30706.25	587034.65	587034.65	0.00	0.00	0.00	0.00	1.51	0.00	0.22
292	66.00	26.00	614.12	17280.00	30706.25	587034.65	587034.65	0.00	0.00	0.00	0.00	1.69	0.00	0.22
293	66.00	27.00	614.12	17280.00	30706.25	587034.65	587034.65	0.00	0.00	0.00	0.00	1.76	0.00	0.22
294	66.00	28.00	614.12	17280.00	30706.25	587034.65	587034.65	0.00	0.00	0.00	0.00	1.88	0.00	0.22
295	66.00	29.00	614.12	17280.00	30706.25	587034.65	587034.65	0.00	0.00	0.00	0.00	1.90	0.00	0.22
296	66.00	30.00	614.12	17280.00	30706.25	587034.65	587034.65	0.00	0.00	0.00	0.00	2.42	0.00	0.22
297	66.00	31.00	614.12	17280.00	30706.25	587034.65	587034.65	0.00	0.00	0.00	0.00	2.43	0.00	0.22
298	66.00	32.00	614.12	17280.00	30706.25	587034.65	587034.65	0.00	0.00	0.00	0.00	2.53	0.00	0.22
299	66.00	33.00	614.12	17280.00	30706.25	587034.65	587034.65	0.00	0.00	0.00	0.00	2.54	0.00	0.22
300	66.00	34.00	614.12	17280.00	30706.25	587034.65	587034.65	0.00	0.00	0.00	0.00	2.62	0.00	0.22
301	67.00	34.00	522.01	20736.00	26100.31	587034.65	587034.65	0.00	0.00	0.00	0.00	2.60	0.00	0.22
302	67.00	35.00	522.01	20736.00	26100.31	587034.65	587034.65	0.00	0.00	0.00	0.00	2.60	0.00	0.22
303	67.00	36.00	522.01	20736.00	26100.31	587034.65	587034.65	0.00	0.00	0.00	0.00	2.76	0.00	0.22
304	67.00	37.00	522.01	20736.00	26100.31	587034.65	587034.65	0.00	0.00	0.00	0.00	2.87	0.00	0.22
305	68.00	37.00	522.01	20736.00	26100.31	587034.65	587034.65	0.00	0.00	0.00	0.00	2.84	0.00	0.22
306	69.00	37.00	522.01	20736.00	26100.31	587034.65	587034.65	0.00	0.00	0.00	0.00	2.81	0.00	0.22
307	69.00	38.00	522.01	20736.00	26100.31	587034.65	587034.65	0.00	0.00	0.00	0.00	3.24	0.00	0.22
308	70.00	38.00	522.01	20736.00	26100.31	587034.65	587034.65	0.00	0.00	0.00	0.00	3.21	0.00	0.22
309	71.00	38.00	522.01	20736.00	26100.31	587034.65	587034.65	0.00	0.00	0.00	0.00	3.18	0.00	0.22
310	72.00	38.00	522.01	20736.00	26100.31	587034.65	587034.65	0.00	0.00	0.00	0.00	3.16	0.00	0.22
311	73.00	38.00	522.01	20736.00	26100.31	587034.65	587034.65	0.00	0.00	0.00	0.00	3.13	0.00	0.22
312	74.00	38.00	522.01	20736.00	26100.31	587034.65	587034.65	0.00	0.00	0.00	0.00	3.10	0.00	0.22
313	74.00	39.00	522.01	20736.00	26100.31	587034.65	587034.65	0.00	0.00	0.00	0.00	3.40	0.00	0.22
314	25.00	39.00	522.01	20736.00	26100.31	587034.65	587034.65	0.00	0.00	0.00	0.00	6.00	0.00	0.22
315	25.00	40.00	522.01	20736.00	26100.31	587034.65	587034.65	0.00	0.00	0.00	0.00	6.13	0.00	0.22
316	25.00	41.00	522.01	20736.00	26100.31	587034.65	587034.65	0.00	0.00	0.00	0.00	6.24	0.00	0.22
317	26.00	41.00	522.01	20736.00	26100.31	587034.65	587034.65	0.00	0.00	0.00	0.00	6.15	0.00	0.22
318	26.00	42.00	522.01	20736.00	26100.31	587034.65	587034.65	0.00	0.00	0.00	0.00	6.36	0.00	0.22
319	26.00	43.00	522.01	20736.00	26100.31	587034.65	587034.65	0.00	0.00	0.00	0.00	6.31	0.00	0.22
320	26.00	44.00	522.01	20736.00	26100.31	587034.65	587034.65	0.00	0.00	0.00	0.00	6.25	0.00	0.22
321	26.00	45.00	522.01	20736.00	26100.31	587034.65	587034.65	0.00	0.00	0.00	0.00	6.33	0.00	0.22
322	27.00	45.00	522.01	20736.00	26100.31	587034.65	587034.65	0.00	0.00	0.00	0.00	6.24	0.00	0.22
323	27.00	46.00	522.01	20736.00	26100.31	587034.65	587034.65	0.00	0.00	0.00	0.00	6.32	0.00	0.22
324	27.00	47.00	522.01	20736.00	26100.31	587034.65	587034.65	0.00	0.00	0.00	0.00	6.27	0.00	0.22
325	27.00	48.00	522.01	20736.00	26100.31	587034.65	587034.65	0.00	0.00	0.00	0.00	6.22	0.00	0.22
326	28.00	48.00	522.01	20736.00	26100.31	587034.65	587034.65	0.00	0.00	0.00	0.00	6.14	0.00	0.22
327	28.00	49.00	522.01	20736.00	26100.31	587034.65	587034.65	0.00	0.00	0.00	0.00	6.15	0.00	0.22
328	28.00	50.00	522.01	20736.00	26100.31	587034.65	587034.65	0.00	0.00	0.00	0.00	6.18	0.00	0.22
329	28.00	51.00	522.01	20736.00	26100.31	587034.65	587034.65	0.00	0.00	0.00	0.00	6.22	0.00	0.22
330	29.00	51.00	522.01	20736.00	26100.31	587034.65	587034.65	0.00	0.00	0.00	0.00	6.14	0.00	0.22
331	29.00	52.00	522.01	20736.00	26100.31	587034.65	587034.65	0.00	0.00	0.00	0.00	6.39	0.00	0.22
332	30.00	52.00	522.01	20736.00	26100.31	587034.65	587034.65	0.00	0.00	0.00	0.00	6.32	0.00	0.22
333	30.00	53.00	522.01	20736.00	26100.31	587034.65	587034.65	0.00	0.00	0.00	0.00	6.46	0.00	0.22
334	30.00	54.00	522.01	20736.00	26100.31	587034.65	587034.65	0.00	0.00	0.00	0.00	6.66	0.00	0.22
335	31.00	54.00	522.01	20736.00	26100.31	587034.65	587034.65	0.00	0.00	0.00	0.00	6.58	0.00	0.22
336	31.00	55.00	522.01	20736.00	26100.31	587034.65	587034.65	0.00	0.00	0.00	0.00	6.64	0.00	0.22
337	31.00	56.00	522.01	20736.00	26100.31	587034.65	587034.65	0.00	0.00	0.00	0.00	6.75	0.00	0.22
338	31.00	57.00	522.01	20736.00	26100.31	587034.65	587034.65	0.00	0.00	0.00	0.00	6.91	0.00	0.22
339	31.00	58.00	522.01	20736.00	26100.31	587034.65	587034.65	0.00	0.00	0.00	0.00	7.00	0.00	0.22
340	31.00	59.00	522.01	20736.00	26100.31	587034.65	587034.65	0.00	0.00	0.00	0.00	7.07	0.00	0.22
341	31.00	60.00	522.01	20736.00	26100.31	587034.65	587034.65	0.00	0.00	0.00	0.00	7.12	0.00	0.22
342	31.00	61.00	522.01	20736.00	26100.31	587034.65	587034.65	0.00	0.00	0.00	0.00	7.22	0.00	0.22
343	31.00	62.00	522.01	20736.00	26100.31	587034.65	587034.65	0.00	0.00	0.00	0.00	7.17	0.00	0.22
344	31.00	63.00	522.01	20736.00	26100.31	587034.65	587034.65	0.00	0.00	0.00	0.00	7.37	0.00	0.22
345	31.00	64.00	522.01	20736.00	26100.31	587034.65	587034.65	0.00	0.00	0.00	0.00	7.41	0.00	0.22
346	32.00	64.00	522.01	20736.00	26100.31	582186.93	582186.93	0.00	0.00	0.00	0.00	7.33	0.00	0.21
347	33.00	64.00	522.01	20736.00	26100.31	582186.93	582186.93	0.00	0.00	0.00	0.00	7.25	0.00	0.21
348	34.00	64.00	522.01	20736.00	26100.31	582186.93	582186.93	0.00	0.00	0.00	0.00	7.18	0.00	0.21
349	34.00	65.00	522.01	20736.00	26100.31	582186.93	582186.93	0.00	0.00	0.00	0.00	7.14	0.00	0.21
350	34.00	66.00	522.01	20736.00	26100.31	582186.93	582186.93	0.00	0.00	0.00	0.00	7.10	0.00	0.21
351	34.00	67.00	522.01	20736.00	26100.31	582186.93	582186.93	0.00	0.00	0.00	0.00	7.23	0.00	0.21
352	35.00	67.00	522.01	20736.00	26100.31	579763.07	579763.07	0.00	0.00	0.00	0.00	7.16	0.00	0.21
353	35.00	68.00	522.01	20736.00	26100.31	579763.07	579763.07	0.00	0.00	0.00	0.00	7.11	0.00	0.21
354	35.00	69.00	522.01	20736.00	26100.31	579763.07	579763.07	0.00	0.00	0.00	0.00	7.70	0.00	0.21
355	35.00	70.00	522.01	20736.00	26100.31	579763.07	579763.07	0.00	0.00	0.00	0.00	8.04	0.00	0.21
356	35.00	71.00	522.01	20736.00	26100.31	579763.07	579763.07	0.00	0.00	0.00	0.00	8.04	0.00	0.21
357	36.00	71.00	522.01	20736.00	26100.31	579763.07	579763.07	0.00	0.00	0.00	0.00	7.96	0.00	0.21
358	37.00	71.00	522.01	20736.00	26100.31	579763.07	579763.07	0.00	0.00	0.00	0.00	7.89	0.00	0.21
359	37.00	72.00	522.01	20736.00	26100.31	579763.07	579763.07	0.00	0.00	0.00	0.00	7.84	0.00	0.21
360	37.00	73.00	522.01	20736.00	26100.31	579763.07	579763.07	0.00	0.00	0.00	0.00	7.89	0.00	0.21
361	38.00	73.00	522.01	20736.00	26100.31	579763.07	579763.07	0.00	0.00	0.00	0.00	7.82	0.00	0.21
362	38.00	74.00	522.01	20736.00	26100.31	579763.07	579763.07	0.00	0.00	0.00	0.00	8.14	0.00	0.21
363	39.00	74.00	522.01	20736.00	26100.31	579763.07	579763.07	0.00	0.00	0.00	0.00	8.07	0.00	0.21
364	39.00	25.00	522.01	20736.00	26100.31	579763.07	579763.07	0.00	0.00	0.00	0.00	2.49	0.00	0.21
365	39.00	26.00	522.01	20736.00	26100.31	579763.07	579763.07	0.00	0.00	0.00	0.00	2.74	0.00	0.21
366	39.00	27.00	522.01	20736.00	26100.31	579763.07	579763.07	0.00	0.00	0.00	0.00	2.75	0.00	0.21
367	39.00	28.00	522.01	20736.00	26100.31	579763.07	579763.07	0.00	0.00	0.00	0.00	2.80	0.00	0.21
368	39.00	29.00	522.01	20736.00	26100.31	579763.07	579763.07	0.00	0.00	0.00	0.00	3.17	0.00	0.21
369	40.00	29.00	522.01	20736.00	26100.31	579763.07	579763.07	0.00	0.00	0.00	0.00	3.12	0.00	0.21
370	40.00	30.00	522.01	20736.00	26100.31	579763.07	579763.07	0.00	0.00	0.00	0.00	3.70	0.00	0.21
371	40.00	31.00	522.01	20736.00	26100.31	579763.07	579763.07	0.00	0.00	0.00	0.00	3.81	0.00	0.21
372	40.00	32.00	522.01	20736.00	26100.31	579763.07	579763.07	0.00	0.00	0.00	0.00	4.54	0.00	0.21
373	41.00	32.00	522.01	20736.00	26100.31	579763.07	579763.07	0.00	0.00	0.00	0.00	4.48	0.00	0.21
374	42.00	32.00	522.01	20736.00	26100.31	579763.07	579763.07	0.00	0.00	0.00	0.00	4.42	0.00	0.21
375	42.00	33.00	522.01	20736.00	26100.31	579763.07	579763.07	0.00	0.00	0.00	0.00	5.89	0.00	0.21
376	42.00	34.00	522.01	20736.00	26100.31	579763.07	579763.07	0.00	0.00	0.00	0.00	6.17	0.00	0.21
377	42.00	35.00	522.01	20736.00	26100.31	579763.07	579763.07	0.00	0.00	0.00	0.00	6.16	0.00	0.21
378	42.00	36.00	522.01	20736.00	26100.31	579763.07	579763.07	0.00	0.00	0.00	0.00	7.46	0.00	0.21
379	43.00	36.00	522.01	20736.00	26100.31	579763.07	579763.07	0.00	0.00	0.00	0.00	7.37	0.00	0.21
380	43.00	37.00	522.01	20736.00	26100.31	579763.07	579763.07	0.00	0.00	0.00	0.00	7.30	0.00	0.21
381	43.00	38.00	522.01	20736.00	26100.31	579763.07	579763.07	0.00	0.00	0.00	0.00	7.36	0.00	0.21
382	43.00	39.00	522.01	20736.00	26100.31	579763.07	579763.07	0.00	0.00	0.00	0.00	7.41	0.00	0.21
383	43.00	40.00	522.01	20736.00	26100.31	579763.07	579763.07	0.00	0.00	0.00	0.00	7.53	0.00	0.21
384	44.00	40.00	522.01	20736.00	26100.31	543405.17	543405.17	0.00	0.00	0.00	0.00	7.44	0.00	0.13
385	44.00	41.00	522.01	20736.00	26100.31	543405.17	543405.17	0.00	0.00	0.00	0.00	7.52	0.00	0.13
386	44.00	42.00	522.01	20736.00	26100.31	543405.17	543405.17	0.00	0.00	0.00	0.00	7.55	0.00	0.13
387	44.00	43.00	522.01	20736.00	26100.31	543405.17	543405.17	0.00	0.00	0.00	0.00	8.06	0.00	0.13
388	44.00	44.00	522.01	20736.00	26100.31	543405.17	543405.17	0.00	0.00	0.00	0.00	8.00	0.00	0.13
389	45.00	44.00	522.01	20736.00	26100.31	543405.17	543405.17	0.00	0.00	0.00	0.00	7.91	0.00	0.13
390	45.00	45.00	522.01	20736.00	26100.31	543405.17	543405.17	0.00	0.00	0.00	0.00	7.91	0.00	0.13
391	45.00	46.00	522.01	20736.00	26100.31	543405.17	543405.17	0.00	0.00	0.00	0.00	7.86	0.00	0.13
392	45.00	47.00	522.01	20736.00	26100.31	543405.17	543405.17	0.00	0.00	0.00	0.00	8.04	0.00	0.13
393	46.00	47.00	522.01	20736.00	26100.31	543405.17	543405.17	0.00	0.00	0.00	0.00	7.96	0.00	0.13
394	46.00	48.00	522.01	20736.00	26100.31	543405.17	543405.17	0.00	0.00	0.00	0.00	7.97	0.00	0.13
395	46.00	49.00	522.01	20736.00	26100.31	543405.17	543405.17	0.00	0.00	0.00	0.00	8.08	0.00	0.13
396	47.00	49.00	522.01	20736.00	26100.31	543405.17	543405.17	0.00	0.00	0.00	0.00	8.00	0.00	0.13
397	47.00	50.00	522.01	20736.00	26100.31	543405.17	543405.17	0.00	0.00	0.00	0.00	8.09	0.00	0.13
398	48.00	50.00	522.01	20736.00	26100.31	543405.17	543405.17	0.00	0.00	0.00	0.00	8.01	0.00	0.13
399	49.00	50.00	522.01	20736.00	26100.31	543405.17	543405.17	0.00	0.00	0.00	0.00	7.92	0.00	0.13
400	50.00	50.00	522.01	20736.00	26100.31	543405.17	543405.17	0.00	0.00	0.00	0.00	7.84	0.00	0.13
401	50.00	51.00	443.71	24883.20	22185.27	543405.17	543405.17	0.00	0.00	0.00	0.00	8.01	0.00	0.13
402	51.00	51.00	443.71	24883.20	22185.27	543405.17	543405.17	0.00	0.00	0.00	0.00	7.94	0.00	0.13
403	51.00	52.00	443.71	24883.20	22185.27	543405.17	543405.17	0.00	0.00	0.00	0.00	7.89	0.00	0.13
404	51.00	53.00	443.71	24883.20	22185.27	543405.17	543405.17	0.00	0.00	0.00	0.00	7.93	0.00	0.13
405	52.00	53.00	443.71	24883.20	22185.27	543405.17	543405.17	0.00	0.00	0.00	0.00	7.85	0.00	0.13
406	53.00	53.00	443.71	24883.20	22185.27	543405.17	543405.17	0.00	0.00	0.00	0.00	7.78	0.00	0.13
407	53.00	54.00	443.71	24883.20	22185.27	543405.17	543405.17	0.00	0.00	0.00	0.00	7.79	0.00	0.13
408	54.00	54.00	443.71	24883.20	22185.27	538557.45	538557.45	0.00	0.00	0.00	0.00	7.71	0.00	0.12
409	54.00	55.00	443.71	24883.20	22185.27	538557.45	538557.45	0.00	0.00	0.00	0.00	8.23	0.00	0.12
410	54.00	56.00	443.71	24883.20	22185.27	538557.45	538557.45	0.00	0.00	0.00	0.00	8.29	0.00	0.12
411	55.00	56.00	443.71	24883.20	22185.27	538557.45	538557.45	0.00	0.00	0.00	0.00	8.21	0.00	0.12
412	55.00	57.00	443.71	24883.20	22185.27	538557.45	538557.45	0.00	0.00	0.00	0.00	8.24	0.00	0.12
413	55.00	58.00	443.71	24883.20	22185.27	538557.45	538557.45	0.00	0.00	0.00	0.00	8.19	0.00	0.12
414	55.00	59.00	443.71	24883.20	22185.27	538557.45	538557.45	0.00	0.00	0.00	0.00	8.15	0.00	0.12
415	55.00	60.00	443.71	24883.20	22185.27	538557.45	538557.45	0.00	0.00	0.00	0.00	8.16	0.00	0.12
416	55.00	61.00	443.71	24883.20	22185.27	538557.45	538557.45	0.00	0.00	0.00	0.00	8.16	0.00	0.12
417	55.00	62.00	443.71	24883.20	22185.27	538557.45	538557.45	0.00	0.00	0.00	0.00	8.24	0.00	0.12
418	55.00	63.00	443.71	24883.20	22185.27	538557.45	538557.45	0.00	0.00	0.00	0.00	8.46	0.00	0.12
419	55.00	64.00	443.71	24883.20	22185.27	538557.45	538557.45	0.00	0.00	0.00	0.00	8.42	0.00	0.12
420	56.00	64.00	443.71	24883.20	22185.27	538557.45	538557.45	0.00	0.00	0.00	0.00	8.35	0.00	0.12
421	57.00	64.00	443.71	24883.20	22185.27	538557.45	538557.45	0.00	0.00	0.00	0.00	8.28	0.00	0.12
422	57.00	65.00	443.71	24883.20	22185.27	538557.45	538557.45	0.00	0.00	0.00	0.00	8.24	0.00	0.12
423	57.00	66.00	443.71	24883.20	22185.27	538557.45	538557.45	0.00	0.00	0.00	0.00	8.95	0.00	0.12
424	57.00	67.00	443.71	24883.20	22185.27	538557.45	538557.45	0.00	0.00	0.00	0.00	9.01	0.00	0.12
425	57.00	68.00	443.71	24883.20	22185.27	538557.45	538557.45	0.00	0.00	0.00	0.00	9.00	0.00	0.12
426	57.00	69.00	443.71	24883.20	22185.27	538557.45	538557.45	0.00	0.00	0.00	0.00	9.00	0.00	0.12
427	58.00	69.00	443.71	24883.20	22185.27	538557.45	538557.45	0.00	0.00	0.00	0.00	8.93	0.00	0.12
428	58.00	70.00	443.71	24883.20	22185.27	538557.45	538557.45	0.00	0.00	0.00	0.00	8.92	0.00	0.12
429	59.00	70.00	443.71	24883.20	22185.27	538557.45	538557.45	0.00	0.00	0.00	0.00	8.85	0.00	0.12
430	59.00	71.00	443.71	24883.20	22185.27	538557.45	538557.45	0.00	0.00	0.00	0.00	8.92	0.00	0.12
431	60.00	71.00	443.71	24883.20	22185.27	538557.45	538557.45	0.00	0.00	0.00	0.00	8.85	0.00	0.12
432	60.00	72.00	443.71	24883.20	22185.27	538557.45	538557.45	0.00	0.00	0.00	0.00	8.87	0.00	0.12
433	61.00	72.00	443.71	24883.20	22185.27	538557.45	538557.45	0.00	0.00	0.00	0.00	8.80	0.00	0.12
434	62.00	72.00	443.71	24883.20	22185.27	538557.45	538557.45	0.00	0.00	0.00	0.00	8.74	0.00	0.12
435	62.00	73.00	443.71	24883.20	22185.27	538557.45	538557.45	0.00	0.00	0.00	0.00	8.69	0.00	0.12
436	63.00	73.00	443.71	24883.20	22185.27	538557.45	538557.45	0.00	0.00	0.00	0.00	8.62	0.00	0.12
437	64.00	73.00	443.71	24883.20	22185.27	538557.45	538557.45	0.00	0.00	0.00	0.00	8.56	0.00	0.12
438	65.00	73.00	443.71	24883.20	22185.27	538557.45	538557.45	0.00	0.00	0.00	0.00	8.50	0.00	0.12
439	66.00	73.00	443.71	24883.20	22185.27	538557.45	538557.45	0.00	0.00	0.00	0.00	8.44	0.00	0.12
440	67.00	73.00	443.71	24883.20	22185.27	538557.45	538557.45	0.00	0.00	0.00	0.00	8.38	0.00	0.12
441	67.00	74.00	443.71	24883.20	22185.27	538557.45	538557.45	0.00	0.00	0.00	0.00	8.41	0.00	0.12
442	68.00	74.00	443.71	24883.20	22185.27	538557.45	538557.45	0.00	0.00	0.00	0.00	8.35	0.00	0.12
443	68.00	25.00	443.71	24883.20	22185.27	538557.45	538557.45	0.00	0.00	0.00	0.00	1.62	0.00	0.12
444	68.00	26.00	443.71	24883.20	22185.27	538557.45	538557.45	0.00	0.00	0.00	0.00	1.78	0.00	0.12
445	68.00	27.00	443.71	24883.20	22185.27	538557.45	538557.45	0.00	0.00	0.00	0.00	1.97	0.00	0.12
446	68.00	28.00	443.71	24883.20	22185.27	538557.45	538557.45	0.00	0.00	0.00	0.00	2.07	0.00	0.12
447	68.00	29.00	443.71	24883.20	22185.27	538557.45	538557.45	0.00	0.00	0.00	0.00	2.12	0.00	0.12
448	69.00	29.00	443.71	24883.20	22185.27	538557.45	538557.45	0.00	0.00	0.00	0.00	2.10	0.00	0.12
449	70.00	29.00	443.71	24883.20	22185.27	538557.45	538557.45	0.00	0.00	0.00	0.00	2.08	0.00	0.12
450	70.00	30.00	443.71	24883.20	22185.27	538557.45	538557.45	0.00	0.00	0.00	0.00	2.23	0.00	0.12
451	70.00	31.00	443.71	24883.20	22185.27	538557.45	538557.45	0.00	0.00	0.00	0.00	2.33	0.00	0.12
452	71.00	31.00	443.71	24883.20	22185.27	538557.45	538557.45	0.00	0.00	0.00	0.00	2.31	0.00	0.12
453	71.00	32.00	443.71	24883.20	22185.27	538557.45	538557.45	0.00	0.00	0.00	0.00	2.35	0.00	0.12
454	72.00	32.00	443.71	24883.20	22185.27	538557.45	538557.45	0.00	0.00	0.00	0.00	2.33	0.00	0.12
455	72.00	33.00	443.71	24883.20	22185.27	538557.45	538557.45	0.00	0.00	0.00	0.00	2.42	0.00	0.12
456	72.00	34.00	443.71	24883.20	22185.27	538557.45	538557.45	0.00	0.00	0.00	0.00	2.41	0.00	0.12
457	72.00	35.00	443.71	24883.20	22185.27	538557.45	538557.45	0.00	0.00	0.00	0.00	2.57	0.00	0.12
458	72.00	36.00	443.71	24883.20	22185.27	538557.45	538557.45	0.00	0.00	0.00	0.00	2.68	0.00	0.12
459	72.00	37.00	443.71	24883.20	22185.27	538557.45	538557.45	0.00	0.00	0.00	0.00	2.76	0.00	0.12
460	72.00	38.00	443.71	24883.20	22185.27	538557.45	538557.45	0.00	0.00	0.00	0.00	2.90	0.00	0.12
461	73.00	38.00	443.71	24883.20	22185.27	538557.45	538557.45	0.00	0.00	0.00	0.00	2.87	0.00	0.12
462	74.00	38.00	443.71	24883.20	22185.27	538557.45	538557.45	0.00	0.00	0.00	0.00	2.85	0.00	0.12
463	74.00	39.00	443.71	24883.20	22185.27	538557.45	538557.45	0.00	0.00	0.00	0.00	2.85	0.00	0.12
464	25.00	39.00	443.71	24883.20	22185.27	538557.45	538557.45	0.00	0.00	0.00	0.00	5.03	0.00	0.12
465	25.00	40.00	443.71	24883.20	22185.27	538557.45	538557.45	0.00	0.00	0.00	0.00	5.20	0.00	0.12
466	25.00	41.00	443.71	24883.20	22185.27	538557.45	538557.45	0.00	0.00	0.00	0.00	5.16	0.00	0.12
467	26.00	41.00	443.71	24883.20	22185.27	538557.45	538557.45	0.00	0.00	0.00	0.00	5.08	0.00	0.12
468	27.00	41.00	443.71	24883.20	22185.27	538557.45	538557.45	0.00	0.00	0.00	0.00	5.01	0.00	0.12
469	27.00	42.00	443.71	24883.20	22185.27	538557.45	538557.45	0.00	0.00	0.00	0.00	4.97	0.00	0.12
470	27.00	43.00	443.71	24883.20	22185.27	538557.45	538557.45	0.00	0.00	0.00	0.00	4.93	0.00	0.12
471	28.00	43.00	443.71	24883.20	22185.27	538557.45	538557.45	0.00	0.00	0.00	0.00	4.86	0.00	0.12
472	29.00	43.00	443.71	24883.20	22185.27	538557.45	538557.45	0.00	0.00	0.00	0.00	4.80	0.00	0.12
473	30.00	43.00	443.71	24883.20	22185.27	538557.45	538557.45	0.00	0.00	0.00	0.00	4.73	0.00	0.12
474	31.00	43.00	443.71	24883.20	22185.27	538557.45	538557.45	0.00	0.00	0.00	0.00	4.67	0.00	0.12
475	31.00	44.00	443.71	24883.20	22185.27	538557.45	538557.45	0.00	0.00	0.00	0.00	4.76	0.00	0.12
476	32.00	44.00	443.71	24883.20	22185.27	538557.45	538557.45	0.00	0.00	0.00	0.00	4.69	0.00	0.12
477	32.00	45.00	443.71	24883.20	22185.27	538557.45	538557.45	0.00	0.00	0.00	0.00	4.67	0.00	0.12
478	33.00	45.00	443.71	24883.20	22185.27	538557.45	538557.45	0.00	0.00	0.00	0.00	4.61	0.00	0.12
479	33.00	46.00	443.71	24883.20	22185.27	538557.45	538557.45	0.00	0.00	0.00	0.00	4.59	0.00	0.12
480	34.00	46.00	443.71	24883.20	22185.27	538557.45	538557.45	0.00	0.00	0.00	0.00	4.53	0.00	0.12
481	34.00	47.00	443.71	24883.20	22185.27	538557.45	538557.45	0.00	0.00	0.00	0.00	4.65	0.00	0.12
482	35.00	47.00	443.71	24883.20	22185.27	538557.45	538557.45	0.00	0.00	0.00	0.00	4.60	0.00	0.12
483	36.00	47.00	443.71	24883.20	22185.27	538557.45	538557.45	0.00	0.00	0.00	0.00	4.54	0.00	0.12
484	36.00	48.00	443.71	24883.20	22185.27	538557.45	538557.45	0.00	0.00	0.00	0.00	4.62	0.00	0.12
485	37.00	48.00	443.71	24883.20	22185.27	538557.45	538557.45	0.00	0.00	0.00	0.00	4.57	0.00	0.12
486	38.00	48.00	443.71	24883.20	22185.27	538557.45	538557.45	0.00	0.00	0.00	0.00	4.52	0.00	0.12
487	38.00	49.00	443.71	24883.20	22185.27	538557.45	538557.45	0.00	0.00	0.00	0.00	4.62	0.00	0.12
488	38.00	50.00	443.71	24883.20	22185.27	538557.45	538557.45	0.00	0.00	0.00	0.00	4.65	0.00	0.12
489	38.00	51.00	443.71	24883.20	22185.27	538557.45	538557.45	0.00	0.00	0.00	0.00	4.76	0.00	0.12
490	39.00	51.00	443.71	24883.20	22185.27	538557.45	538557.45	0.00	0.00	0.00	0.00	4.71	0.00	0.12
491	39.00	52.00	443.71	24883.20	22185.27	538557.45	538557.45	0.00	0.00	0.00	0.00	5.19	0.00	0.12
492	39.00	53.00	443.71	24883.20	22185.27	538557.45	538557.45	0.00	0.00	0.00	0.00	5.17	0.00	0.12
493	40.00	53.00	443.71	24883.20	22185.27	538557.45	538557.45	0.00	0.00	0.00	0.00	5.11	0.00	0.12
494	41.00	53.00	443.71	24883.20	22185.27	538557.45	538557.45	0.00	0.00	0.00	0.00	5.06	0.00	0.12
495	41.00	54.00	443.71	24883.20	22185.27	538557.45	538557.45	0.00	0.00	0.00	0.00	5.29	0.00	0.12
496	41.00	55.00	443.71	24883.20	22185.27	538557.45	538557.45	0.00	0.00	0.00	0.00	5.31	0.00	0.12
497	41.00	56.00	443.71	24883.20	22185.27	538557.45	538557.45	0.00	0.00	0.00	0.00	5.29	0.00	0.12
498	41.00	57.00	443.71	24883.20	22185.27	538557.45	538557.45	0.00	0.00	0.00	0.00	5.35	0.00	0.12
499	42.00	57.00	443.71	24883.20	22185.27	538557.45	538557.45	0.00	0.00	0.00	0.00	5.29	0.00	0.12
500	43.00	57.00	443.71	24883.20	22185.27	538557.45	538557.45	0.00	0.00	0.00	0.00	5.24	0.00	0.12
501	44.00	57.00	377.15	29859.84	18857.48	538557.45	538557.45	0.00	0.00	0.00	0.00	5.19	0.00	0.12
502	45.00	57.00	377.15	29859.84	18857.48	538557.45	538557.45	0.00	0.00	0.00	0.00	5.14	0.00	0.12
503	46.00	57.00	377.15	29859.84	18857.48	538557.45	538557.45	0.00	0.00	0.00	0.00	5.09	0.00	0.12
504	46.00	58.00	377.15	29859.84	18857.48	538557.45	538557.45	0.00	0.00	0.00	0.00	6.03	0.00	0.12
505	46.00	59.00	377.15	29859.84	18857.48	538557.45	538557.45	0.00	0.00	0.00	0.00	6.09	0.00	0.12
506	47.00	59.00	377.15	29859.84	18857.48	538557.45	538557.45	0.00	0.00	0.00	0.00	6.03	0.00	0.12
507	47.00	60.00	377.15	29859.84	18857.48	538557.45	538557.45	0.00	0.00	0.00	0.00	6.13	0.00	0.12
508	48.00	60.00	377.15	29859.84	18857.48	538557.45	538557.45	0.00	0.00	0.00	0.00	6.07	0.00	0.12
509	48.00	61.00	377.15	29859.84	18857.48	538557.45	538557.45	0.00	0.00	0.00	0.00	6.08	0.00	0.12
510	49.00	61.00	377.15	29859.84	18857.48	538557.45	538557.45	0.00	0.00	0.00	0.00	6.03	0.00	0.12
511	49.00	62.00	377.15	29859.84	18857.48	538557.45	538557.45	0.00	0.00	0.00	0.00	6.29	0.00	0.12
512	50.00	62.00	377.15	29859.84	18857.48	538557.45	538557.45	0.00	0.00	0.00	0.00	6.23	0.00	0.12
513	50.00	63.00	377.15	29859.84	18857.48	538557.45	538557.45	0.00	0.00	0.00	0.00	6.63	0.00	0.12
514	51.00	63.00	377.15	29859.84	18857.48	538557.45	538557.45	0.00	0.00	0.00	0.00	6.57	0.00	0.12
515	52.00	63.00	377.15	29859.84	18857.48	538557.45	538557.45	0.00	0.00	0.00	0.00	6.51	0.00	0.12
516	52.00	64.00	377.15	29859.84	18857.48	538557.45	538557.45	0.00	0.00	0.00	0.00	6.52	0.00	0.12
517	53.00	64.00	377.15	29859.84	18857.48	538557.45	538557.45	0.00	0.00	0.00	0.00	6.46	0.00	0.12
518	53.00	65.00	377.15	29859.84	18857.48	538557.45	538557.45	0.00	0.00	0.00	0.00	6.47	0.00	0.12
519	54.00	65.00	377.15	29859.84	18857.48	538557.45	538557.45	0.00	0.00	0.00	0.00	6.41	0.00	0.12
520	54.00	66.00	377.15	29859.84	18857.48	538557.45	538557.45	0.00	0.00	0.00	0.00	6.59	0.00	0.12
521	55.00	66.00	377.15	29859.84	18857.48	538557.45	538557.45	0.00	0.00	0.00	0.00	6.54	0.00	0.12
522	55.00	67.00	377.15	29859.84	18857.48	538557.45	538557.45	0.00	0.00	0.00	0.00	6.51	0.00	0.12
523	56.00	67.00	377.15	29859.84	18857.48	538557.45	538557.45	0.00	0.00	0.00	0.00	6.46	0.00	0.12
524	56.00	68.00	377.15	29859.84	18857.48	538557.45	538557.45	0.00	0.00	0.00	0.00	6.54	0.00	0.12
525	56.00	69.00	377.15	29859.84	18857.48	538557.45	538557.45	0.00	0.00	0.00	0.00	6.58	0.00	0.12
526	56.00	70.00	377.15	29859.84	18857.48	538557.45	538557.45	0.00	0.00	0.00	0.00	6.61	0.00	0.12
527	57.00	70.00	377.15	29859.84	18857.48	538557.45	538557.45	0.00	0.00	0.00	0.00	6.56	0.00	0.12
528	58.00	70.00	377.15	29859.84	18857.48	538557.45	538557.45	0.00	0.00	0.00	0.00	6.51	0.00	0.12
529	59.00	70.00	377.15	29859.84	18857.48	538557.45	538557.45	0.00	0.00	0.00	0.00	6.46	0.00	0.12
530	60.00	70.00	377.15	29859.84	18857.48	538557.45	538557.45	0.00	0.00	0.00	0.00	6.41	0.00	0.12
531	60.00	71.00	377.15	29859.84	18857.48	538557.45	538557.45	0.00	0.00	0.00	0.00	6.51	0.00	0.12
532	61.00	71.00	377.15	29859.84	18857.48	538557.45	538557.45	0.00	0.00	0.00	0.00	6.46	0.00	0.12
533	61.00	72.00	377.15	29859.84	18857.48	538557.45	538557.45	0.00	0.00	0.00	0.00	6.52	0.00	0.12
534	62.00	72.00	377.15	29859.84	18857.48	538557.45	538557.45	0.00	0.00	0.00	0.00	6.47	0.00	0.12
535	62.00	73.00	377.15	29859.84	18857.48	538557.45	538557.45	0.00	0.00	0.00	0.00	6.50	0.00	0.12
536	62.00	74.00	377.15	29859.84	18857.48	538557.45	538557.45	0.00	0.00	0.00	0.00	6.47	0.00	0.12
537	63.00	74.00	377.15	29859.84	18857.48	538557.45	538557.45	0.00	0.00	0.00	0.00	6.42	0.00	0.12
538	64.00	74.00	377.15	29859.84	18857.48	538557.45	538557.45	0.00	0.00	0.00	0.00	6.38	0.00	0.12
539	64.00	25.00	377.15	29859.84	18857.48	538557.45	538557.45	0.00	0.00	0.00	0.00	2.51	0.00	0.12
540	64.00	26.00	377.15	29859.84	18857.48	538557.45	538557.45	0.00	0.00	0.00	0.00	2.52	0.00	0.12
541	64.00	27.00	377.15	29859.84	18857.48	538557.45	538557.45	0.00	0.00	0.00	0.00	2.52	0.00	0.12
542	65.00	27.00	377.15	29859.84	18857.48	538557.45	538557.45	0.00	0.00	0.00	0.00	2.50	0.00	0.12
543	65.00	28.00	377.15	29859.84	18857.48	538557.45	538557.45	0.00	0.00	0.00	0.00	2.68	0.00	0.12
544	65.00	29.00	377.15	29859.84	18857.48	538557.45	538557.45	0.00	0.00	0.00	0.00	2.77	0.00	0.12
545	66.00	29.00	377.15	29859.84	18857.48	538557.45	538557.45	0.00	0.00	0.00	0.00	2.74	0.00	0.12
546	67.00	29.00	377.15	29859.84	18857.48	538557.45	538557.45	0.00	0.00	0.00	0.00	2.72	0.00	0.12
547	68.00	29.00	377.15	29859.84	18857.48	538557.45	538557.45	0.00	0.00	0.00	0.00	2.69	0.00	0.12
548	69.00	29.00	377.15	29859.84	18857.48	538557.45	538557.45	0.00	0.00	0.00	0.00	2.66	0.00	0.12
549	70.00	29.00	377.15	29859.84	18857.48	538557.45	538557.45	0.00	0.00	0.00	0.00	2.63	0.00	0.12
550	70.00	30.00	377.15	29859.84	18857.48	538557.45	538557.45	0.00	0.00	0.00	0.00	2.65	0.00	0.12
551	71.00	30.00	377.15	29859.84	18857.48	538557.45	538557.45	0.00	0.00	0.00	0.00	2.62	0.00	0.12
552	72.00	30.00	377.15	29859.84	18857.48	538557.45	538557.45	0.00	0.00	0.00	0.00	2.59	0.00	0.12
553	73.00	30.00	377.15	29859.84	18857.48	538557.45	538557.45	0.00	0.00	0.00	0.00	2.57	0.00	0.12
554	74.00	30.00	377.15	29859.84	18857.48	538557.45	538557.45	0.00	0.00	0.00	0.00	2.54	0.00	0.12
555	25.00	30.00	377.15	29859.84	18857.48	538557.45	538557.45	0.00	0.00	0.00	0.00	4.81	0.00	0.12
556	26.00	30.00	377.15	29859.84	18857.48	538557.45	538557.45	0.00	0.00	0.00	0.00	4.73	0.00	0.12
557	27.00	30.00	377.15	29859.84	18857.48	538557.45	538557.45	0.00	0.00	0.00	0.00	4.64	0.00	0.12
558	27.00	31.00	377.15	29859.84	18857.48	538557.45	538557.45	0.00	0.00	0.00	0.00	4.61	0.00	0.12
559	28.00	31.00	377.15	29859.84	18857.48	538557.45	538557.45	0.00	0.00	0.00	0.00	4.53	0.00	0.12
560	29.00	31.00	377.15	29859.84	18857.48	538557.45	538557.45	0.00	0.00	0.00	0.00	4.46	0.00	0.12
561	30.00	31.00	377.15	29859.84	18857.48	538557.45	538557.45	0.00	0.00	0.00	0.00	4.38	0.00	0.12
562	30.00	32.00	377.15	29859.84	18857.48	538557.45	538557.45	0.00	0.00	0.00	0.00	4.45	0.00	0.12
563	30.00	33.00	377.15	29859.84	18857.48	538557.45	538557.45	0.00	0.00	0.00	0.00	4.67	0.00	0.12
564	30.00	34.00	377.15	29859.84	18857.48	538557.45	538557.45	0.00	0.00	0.00	0.00	4.61	0.00	0.12
565	31.00	34.00	377.15	29859.84	18857.48	538557.45	538557.45	0.00	0.00	0.00	0.00	4.54	0.00	0.12
566	32.00	34.00	377.15	29859.84	18857.48	538557.45	538557.45	0.00	0.00	0.00	0.00	4.47	0.00	0.12
567	33.00	34.00	377.15	29859.84	18857.48	538557.45	538557.45	0.00	0.00	0.00	0.00	4.41	0.00	0.12
568	34.00	34.00	377.15	29859.84	18857.48	538557.45	538557.45	0.00	0.00	0.00	0.00	4.34	0.00	0.12
569	34.00	35.00	377.15	29859.84	18857.48	538557.45	538557.45	0.00	0.00	0.00	0.00	4.44	0.00	0.12
570	34.00	36.00	377.15	29859.84	18857.48	538557.45	538557.45	0.00	0.00	0.00	0.00	4.62	0.00	0.12
571	35.00	36.00	377.15	29859.84	18857.48	538557.45	538557.45	0.00	0.00	0.00	0.00	4.55	0.00	0.12
572	35.00	37.00	377.15	29859.84	18857.48	538557.45	538557.45	0.00	0.00	0.00	0.00	4.65	0.00	0.12
573	36.00	37.00	377.15	29859.84	18857.48	538557.45	538557.45	0.00	0.00	0.00	0.00	4.58	0.00	0.12
574	37.00	37.00	377.15	29859.84	18857.48	538557.45	538557.45	0.00	0.00	0.00	0.00	4.52	0.00	0.12
575	37.00	38.00	377.15	29859.84	18857.48	538557.45	538557.45	0.00	0.00	0.00	0.00	4.65	0.00	0.12
576	37.00	39.00	377.15	29859.84	18857.48	538557.45	538557.45	0.00	0.00	0.00	0.00	4.74	0.00	0.12
577	38.00	39.00	377.15	29859.84	18857.48	538557.45	538557.45	0.00	0.00	0.00	0.00	4.68	0.00	0.12
578	39.00	39.00	377.15	29859.84	18857.48	538557.45	538557.45	0.00	0.00	0.00	0.00	4.62	0.00	0.12
579	40.00	39.00	377.15	29859.84	18857.48	538557.45	538557.45	0.00	0.00	0.00	0.00	4.56	0.00	0.12
580	41.00	39.00	377.15	29859.84	18857.48	538557.45	538557.45	0.00	0.00	0.00	0.00	4.51	0.00	0.12
581	42.00	39.00	377.15	29859.84	18857.48	538557.45	538557.45	0.00	0.00	0.00	0.00	4.45	0.00	0.12
582	42.00	40.00	377.15	29859.84	18857.48	538557.45	538557.45	0.00	0.00	0.00	0.00	4.50	0.00	0.12
583	43.00	40.00	377.15	29859.84	18857.48	538557.45	538557.45	0.00	0.00	0.00	0.00	4.44	0.00	0.12
584	44.00	40.00	377.15	29859.84	18857.48	538557.45	538557.45	0.00	0.00	0.00	0.00	4.39	0.00	0.12
585	45.00	40.00	377.15	29859.84	18857.48	538557.45	538557.45	0.00	0.00	0.00	0.00	4.34	0.00	0.12
586	45.00	41.00	377.15	29859.84	18857.48	538557.45	538557.45	0.00	0.00	0.00	0.00	4.39	0.00	0.12
587	46.00	41.00	377.15	29859.84	18857.48	538557.45	538557.45	0.00	0.00	0.00	0.00	4.33	0.00	0.12
588	47.00	41.00	377.15	29859.84	18857.48	538557.45	538557.45	0.00	0.00	0.00	0.00	4.29	0.00	0.12
589	47.00	42.00	377.15	29859.84	18857.48	538557.45	538557.45	0.00	0.00	0.00	0.00	4.26	0.00	0.12
590	48.00	42.00	377.15	29859.84	18857.48	538557.45	538557.45	0.00	0.00	0.00	0.00	4.21	0.00	0.12
591	49.00	42.00	377.15	29859.84	18857.48	538557.45	538557.45	0.00	0.00	0.00	0.00	4.17	0.00	0.12
592	50.00	42.00	377.15	29859.84	18857.48	538557.45	538557.45	0.00	0.00	0.00	0.00	4.12	0.00	0.12
593	50.00	43.00	377.15	29859.84	18857.48	538557.45	538557.45	0.00	0.00	0.00	0.00	4.11	0.00	0.12
594	51.00	43.00	377.15	29859.84	18857.48	538557.45	538557.45	0.00	0.00	0.00	0.00	4.07	0.00	0.12
595	51.00	44.00	377.15	29859.84	18857.48	538557.45	538557.45	0.00	0.00	0.00	0.00	4.10	0.00	0.12
596	52.00	44.00	377.15	29859.84	18857.48	538557.45	538557.45	0.00	0.00	0.00	0.00	4.06	0.00	0.12
597	52.00	45.00	377.15	29859.84	18857.48	538557.45	538557.45	0.00	0.00	0.00	0.00	4.05	0.00	0.12
598	52.00	46.00	377.15	29859.84	18857.48	538557.45	538557.45	0.00	0.00	0.00	0.00	4.12	0.00	0.12
599	53.00	46.00	377.15	29859.84	18857.48	538557.45	538557.45	0.00	0.00	0.00	0.00	4.08	0.00	0.12
600	54.00	46.00	377.15	29859.84	18857.48	538557.45	538557.45	0.00	0.00	0.00	0.00	4.04	0.00	0.12
601	54.00	47.00	320.58	35831.81	16028.85	538557.45	538557.45	0.00	0.00	0.00	0.00	4.11	0.00	0.12
602	55.00	47.00	320.58	35831.81	16028.85	538557.45	538557.45	0.00	0.00	0.00	0.00	4.07	0.00	0.12
603	56.00	47.00	320.58	35831.81	16028.85	538557.45	538557.45	0.00	0.00	0.00	0.00	4.03	0.00	0.12
604	56.00	48.00	320.58	35831.81	16028.85	538557.45	538557.45	0.00	0.00	0.00	0.00	4.06	0.00	0.12
605	56.00	49.00	320.58	35831.81	16028.85	538557.45	538557.45	0.00	0.00	0.00	0.00	4.16	0.00	0.12
606	57.00	49.00	320.58	35831.81	16028.85	538557.45	538557.45	0.00	0.00	0.00	0.00	4.12	0.00	0.12
607	58.00	49.00	320.58	35831.81	16028.85	538557.45	538557.45	0.00	0.00	0.00	0.00	4.08	0.00	0.12
608	58.00	50.00	320.58	35831.81	16028.85	538557.45	538557.45	0.00	0.00	0.00	0.00	4.20	0.00	0.12
609	58.00	51.00	320.58	35831.81	16028.85	538557.45	538557.45	0.00	0.00	0.00	0.00	4.18	0.00	0.12
610	59.00	51.00	320.58	35831.81	16028.85	538557.45	538557.45	0.00	0.00	0.00	0.00	4.14	0.00	0.12
611	60.00	51.00	320.58	35831.81	16028.85	538557.45	538557.45	0.00	0.00	0.00	0.00	4.10	0.00	0.12
612	61.00	51.00	320.58	35831.81	16028.85	538557.45	538557.45	0.00	0.00	0.00	0.00	4.07	0.00	0.12
613	62.00	51.00	320.58	35831.81	16028.85	538557.45	538557.45	0.00	0.00	0.00	0.00	4.03	0.00	0.12
614	63.00	51.00	320.58	35831.81	16028.85	538557.45	538557.45	0.00	0.00	0.00	0.00	3.99	0.00	0.12
615	63.00	52.00	320.58	35831.81	16028.85	538557.45	538557.45	0.00	0.00	0.00	0.00	4.19	0.00	0.12
616	63.00	53.00	320.58	35831.81	16028.85	538557.45	538557.45	0.00	0.00	0.00	0.00	4.18	0.00	0.12
617	63.00	54.00	320.58	35831.81	16028.85	538557.45	538557.45	0.00	0.00	0.00	0.00	4.31	0.00	0.12
618	63.00	55.00	320.58	35831.81	16028.85	538557.45	538557.45	0.00	0.00	0.00	0.00	4.34	0.00	0.12
619	64.00	55.00	320.58	35831.81	16028.85	538557.45	538557.45	0.00	0.00	0.00	0.00	4.30	0.00	0.12
620	64.00	56.00	320.58	35831.81	16028.85	538557.45	538557.45	0.00	0.00	0.00	0.00	4.33	0.00	0.12
621	64.00	57.00	320.58	35831.81	16028.85	538557.45	538557.45	0.00	0.00	0.00	0.00	4.31	0.00	0.12
622	65.00	57.00	320.58	35831.81	16028.85	538557.45	538557.45	0.00	0.00	0.00	0.00	4.27	0.00	0.12
623	65.00	58.00	320.58	35831.81	16028.85	538557.45	538557.45	0.00	0.00	0.00	0.00	4.30	0.00	0.12
624	66.00	58.00	320.58	35831.81	16028.85	538557.45	538557.45	0.00	0.00	0.00	0.00	4.26	0.00	0.12
625	67.00	58.00	320.58	35831.81	16028.85	538557.45	538557.45	0.00	0.00	0.00	0.00	4.23	0.00	0.12
626	68.00	58.00	320.58	35831.81	16028.85	538557.45	538557.45	0.00	0.00	0.00	0.00	4.19	0.00	0.12
627	69.00	58.00	320.58	35831.81	16028.85	538557.45	538557.45	0.00	0.00	0.00	0.00	4.16	0.00	0.12
628	70.00	58.00	320.58	35831.81	16028.85	538557.45	538557.45	0.00	0.00	0.00	0.00	4.13	0.00	0.12
629	70.00	59.00	320.58	35831.81	16028.85	538557.45	538557.45	0.00	0.00	0.00	0.00	4.23	0.00	0.12
630	71.00	59.00	320.58	35831.81	16028.85	538557.45	538557.45	0.00	0.00	0.00	0.00	4.19	0.00	0.12
631	72.00	59.00	320.58	35831.81	16028.85	538557.45	538557.45	0.00	0.00	0.00	0.00	4.16	0.00	0.12
632	72.00	60.00	320.58	35831.81	16028.85	538557.45	538557.45	0.00	0.00	0.00	0.00	4.20	0.00	0.12
633	73.00	60.00	320.58	35831.81	16028.85	538557.45	538557.45	0.00	0.00	0.00	0.00	4.17	0.00	0.12
634	74.00	60.00	320.58	35831.81	16028.85	538557.45	538557.45	0.00	0.00	0.00	0.00	4.14	0.00	0.12
635	25.00	60.00	320.58	35831.81	16028.85	538557.45	538557.45	0.00	0.00	0.00	0.00	6.52	0.00	0.12
636	25.00	61.00	320.58	35831.81	16028.85	538557.45	538557.45	0.00	0.00	0.00	0.00	6.48	0.00	0.12
637	26.00	61.00	320.58	35831.81	16028.85	538557.45	538557.45	0.00	0.00	0.00	0.00	6.41	0.00	0.12
638	26.00	62.00	320.58	35831.81	16028.85	538557.45	538557.45	0.00	0.00	0.00	0.00	6.44	0.00	0.12
639	27.00	62.00	320.58	35831.81	16028.85	538557.45	538557.45	0.00	0.00	0.00	0.00	6.37	0.00	0.12
640	27.00	63.00	320.58	35831.81	16028.85	538557.45	538557.45	0.00	0.00	0.00	0.00	6.48	0.00	0.12
641	28.00	63.00	320.58	35831.81	16028.85	538557.45	538557.45	0.00	0.00	0.00	0.00	6.41	0.00	0.12
642	29.00	63.00	320.58	35831.81	16028.85	538557.45	538557.45	0.00	0.00	0.00	0.00	6.34	0.00	0.12
643	29.00	64.00	320.58	35831.81	16028.85	538557.45	538557.45	0.00	0.00	0.00	0.00	6.30	0.00	0.12
644	30.00	64.00	320.58	35831.81	16028.85	538557.45	538557.45	0.00	0.00	0.00	0.00	6.24	0.00	0.12
645	31.00	64.00	320.58	35831.81	16028.85	538557.45	538557.45	0.00	0.00	0.00	0.00	6.17	0.00	0.12
646	32.00	64.00	320.58	35831.81	16028.85	538557.45	538557.45	0.00	0.00	0.00	0.00	6.11	0.00	0.12
647	33.00	64.00	320.58	35831.81	16028.85	538557.45	538557.45	0.00	0.00	0.00	0.00	6.04	0.00	0.12
648	33.00	65.00	320.58	35831.81	16028.85	538557.45	538557.45	0.00	0.00	0.00	0.00	6.27	0.00	0.12
649	33.00	66.00	320.58	35831.81	16028.85	538557.45	538557.45	0.00	0.00	0.00	0.00	6.25	0.00	0.12
650	34.00	66.00	320.58	35831.81	16028.85	538557.45	538557.45	0.00	0.00	0.00	0.00	6.18	0.00	0.12
651	34.00	67.00	320.58	35831.81	16028.85	538557.45	538557.45	0.00	0.00	0.00	0.00	6.15	0.00	0.12
652	34.00	68.00	320.58	35831.81	16028.85	538557.45	538557.45	0.00	0.00	0.00	0.00	6.12	0.00	0.12
653	35.00	68.00	320.58	35831.81	16028.85	538557.45	538557.45	0.00	0.00	0.00	0.00	6.06	0.00	0.12
654	35.00	69.00	320.58	35831.81	16028.85	538557.45	538557.45	0.00	0.00	0.00	0.00	6.08	0.00	0.12
655	35.00	70.00	320.58	35831.81	16028.85	538557.45	538557.45	0.00	0.00	0.00	0.00	6.10	0.00	0.12
656	35.00	71.00	320.58	35831.81	16028.85	538557.45	538557.45	0.00	0.00	0.00	0.00	6.07	0.00	0.12
657	36.00	71.00	320.58	35831.81	16028.85	538557.45	538557.45	0.00	0.00	0.00	0.00	6.01	0.00	0.12
658	37.00	71.00	320.58	35831.81	16028.85	538557.45	538557.45	0.00	0.00	0.00	0.00	5.96	0.00	0.12
659	38.00	71.00	320.58	35831.81	16028.85	538557.45	538557.45	0.00	0.00	0.00	0.00	5.90	0.00	0.12
660	38.00	72.00	320.58	35831.81	16028.85	538557.45	538557.45	0.00	0.00	0.00	0.00	5.95	0.00	0.12
661	38.00	73.00	320.58	35831.81	16028.85	538557.45	538557.45	0.00	0.00	0.00	0.00	6.15	0.00	0.12
662	39.00	73.00	320.58	35831.81	16028.85	538557.45	538557.45	0.00	0.00	0.00	0.00	6.10	0.00	0.12
663	40.00	73.00	320.58	35831.81	16028.85	538557.45	538557.45	0.00	0.00	0.00	0.00	6.04	0.00	0.12
664	41.00	73.00	320.58	35831.81	16028.85	538557.45	538557.45	0.00	0.00	0.00	0.00	5.99	0.00	0.12
665	41.00	74.00	320.58	35831.81	16028.85	538557.45	538557.45	0.00	0.00	0.00	0.00	6.06	0.00	0.12
666	42.00	74.00	320.58	35831.81	16028.85	538557.45	538557.45	0.00	0.00	0.00	0.00	6.00	0.00	0.12
667	43.00	74.00	320.58	35831.81	16028.85	538557.45	538557.45	0.00	0.00	0.00	0.00	5.95	0.00	0.12
668	43.00	25.00	320.58	35831.81	16028.85	538557.45	538557.45	0.00	0.00	0.00	0.00	3.41	0.00	0.12
669	44.00	25.00	320.58	35831.81	16028.85	538557.45	538557.45	0.00	0.00	0.00	0.00	3.36	0.00	0.12
670	44.00	26.00	320.58	35831.81	16028.85	538557.45	538557.45	0.00	0.00	0.00	0.00	3.44	0.00	0.12
671	45.00	26.00	320.58	35831.81	16028.85	538557.45	538557.45	0.00	0.00	0.00	0.00	3.39	0.00	0.12
672	46.00	26.00	320.58	35831.81	16028.85	538557.45	538557.45	0.00	0.00	0.00	0.00	3.35	0.00	0.12
673	47.00	26.00	320.58	35831.81	16028.85	538557.45	538557.45	0.00	0.00	0.00	0.00	3.30	0.00	0.12
674	47.00	27.00	320.58	35831.81	16028.85	538557.45	538557.45	0.00	0.00	0.00	0.00	3.41	0.00	0.12
675	47.00	28.00	320.58	35831.81	16028.85	538557.45	538557.45	0.00	0.00	0.00	0.00	3.46	0.00	0.12
676	48.00	28.00	320.58	35831.81	16028.85	538557.45	538557.45	0.00	0.00	0.00	0.00	3.41	0.00	0.12
677	49.00	28.00	320.58	35831.81	16028.85	538557.45	538557.45	0.00	0.00	0.00	0.00	3.37	0.00	0.12
678	49.00	29.00	320.58	35831.81	16028.85	538557.45	538557.45	0.00	0.00	0.00	0.00	3.45	0.00	0.12
679	50.00	29.00	320.58	35831.81	16028.85	538557.45	538557.45	0.00	0.00	0.00	0.00	3.40	0.00	0.12
680	50.00	30.00	320.58	35831.81	16028.85	538557.45	538557.45	0.00	0.00	0.00	0.00	3.46	0.00	0.12
681	51.00	30.00	320.58	35831.81	16028.85	538557.45	538557.45	0.00	0.00	0.00	0.00	3.42	0.00	0.12
682	51.00	31.00	320.58	35831.81	16028.85	538557.45	538557.45	0.00	0.00	0.00	0.00	3.70	0.00	0.12
683	52.00	31.00	320.58	35831.81	16028.85	538557.45	538557.45	0.00	0.00	0.00	0.00	3.65	0.00	0.12
684	52.00	32.00	320.58	35831.81	16028.85	538557.45	538557.45	0.00	0.00	0.00	0.00	3.63	0.00	0.12
685	52.00	33.00	320.58	35831.81	16028.85	538557.45	538557.45	0.00	0.00	0.00	0.00	3.72	0.00	0.12
686	52.00	34.00	320.58	35831.81	16028.85	538557.45	538557.45	0.00	0.00	0.00	0.00	3.81	0.00	0.12
687	52.00	35.00	320.58	35831.81	16028.85	538557.45	538557.45	0.00	0.00	0.00	0.00	4.03	0.00	0.12
688	52.00	36.00	320.58	35831.81	16028.85	538557.45	538557.45	0.00	0.00	0.00	0.00	4.07	0.00	0.12
689	52.00	37.00	320.58	35831.81	16028.85	538557.45	538557.45	0.00	0.00	0.00	0.00	4.19	0.00	0.12
690	52.00	38.00	320.58	35831.81	16028.85	538557.45	538557.45	0.00	0.00	0.00	0.00	4.39	0.00	0.12
691	52.00	39.00	320.58	35831.81	16028.85	538557.45	538557.45	0.00	0.00	0.00	0.00	4.52	0.00	0.12
692	52.00	40.00	320.58	35831.81	16028.85	538557.45	538557.45	0.00	0.00	0.00	0.00	4.56	0.00	0.12
693	53.00	40.00	320.58	35831.81	16028.85	538557.45	538557.45	0.00	0.00	0.00	0.00	4.51	0.00	0.12
694	54.00	40.00	320.58	35831.81	16028.85	538557.45	538557.45	0.00	0.00	0.00	0.00	4.47	0.00	0.12
695	55.00	40.00	320.58	35831.81	16028.85	538557.45	538557.45	0.00	0.00	0.00	0.00	4.42	0.00	0.12
696	56.00	40.00	320.58	35831.81	16028.85	538557.45	538557.45	0.00	0.00	0.00	0.00	4.37	0.00	0.12
697	56.00	41.00	320.58	35831.81	16028.85	538557.45	538557.45	0.00	0.00	0.00	0.00	4.62	0.00	0.12
698	56.00	42.00	320.58	35831.81	16028.85	538557.45	538557.45	0.00	0.00	0.00	0.00	4.70	0.00	0.12
699	57.00	42.00	320.58	35831.81	16028.85	538557.45	538557.45	0.00	0.00	0.00	0.00	4.65	0.00	0.12
700	58.00	42.00	320.58	35831.81	16028.85	538557.45	538557.45	0.00	0.00	0.00	0.00	4.61	0.00	0.12
701	59.00	42.00	272.49	42998.17	13624.53	538557.45	538557.45	0.00	0.00	0.00	0.00	4.56	0.00	0.12
702	59.00	43.00	272.49	42998.17	13624.53	538557.45	538557.45	0.00	0.00	0.00	0.00	4.54	0.00	0.12
703	60.00	43.00	272.49	42998.17	13624.53	538557.45	538557.45	0.00	0.00	0.00	0.00	4.50	0.00	0.12
704	61.00	43.00	272.49	42998.17	13624.53	538557.45	538557.45	0.00	0.00	0.00	0.00	4.46	0.00	0.12
705	62.00	43.00	272.49	42998.17	13624.53	538557.45	538557.45	0.00	0.00	0.00	0.00	4.41	0.00	0.12
706	63.00	43.00	272.49	42998.17	13624.53	538557.45	538557.45	0.00	0.00	0.00	0.00	4.37	0.00	0.12
707	64.00	43.00	272.49	42998.17	13624.53	538557.45	538557.45	0.00	0.00	0.00	0.00	4.33	0.00	0.12
708	64.00	44.00	272.49	42998.17	13624.53	538557.45	538557.45	0.00	0.00	0.00	0.00	4.40	0.00	0.12
709	65.00	44.00	272.49	42998.17	13624.53	538557.45	538557.45	0.00	0.00	0.00	0.00	4.36	0.00	0.12
710	65.00	45.00	272.49	42998.17	13624.53	538557.45	538557.45	0.00	0.00	0.00	0.00	4.34	0.00	0.12
711	66.00	45.00	272.49	42998.17	13624.53	538557.45	538557.45	0.00	0.00	0.00	0.00	4.30	0.00	0.12
712	66.00	46.00	272.49	42998.17	13624.53	538557.45	538557.45	0.00	0.00	0.00	0.00	4.29	0.00	0.12
713	67.00	46.00	272.49	42998.17	13624.53	538557.45	538557.45	0.00	0.00	0.00	0.00	4.25	0.00	0.12
714	68.00	46.00	272.49	42998.17	13624.53	538557.45	538557.45	0.00	0.00	0.00	0.00	4.22	0.00	0.12
715	68.00	47.00	272.49	42998.17	13624.53	538557.45	538557.45	0.00	0.00	0.00	0.00	4.25	0.00	0.12
716	68.00	48.00	272.49	42998.17	13624.53	538557.45	538557.45	0.00	0.00	0.00	0.00	4.38	0.00	0.12
717	69.00	48.00	272.49	42998.17	13624.53	538557.45	538557.45	0.00	0.00	0.00	0.00	4.34	0.00	0.12
718	70.00	48.00	272.49	42998.17	13624.53	538557.45	538557.45	0.00	0.00	0.00	0.00	4.30	0.00	0.12
719	71.00	48.00	272.49	42998.17	13624.53	538557.45	538557.45	0.00	0.00	0.00	0.00	4.27	0.00	0.12
720	72.00	48.00	272.49	42998.17	13624.53	538557.45	538557.45	0.00	0.00	0.00	0.00	4.23	0.00	0.12
721	73.00	48.00	272.49	42998.17	13624.53	538557.45	538557.45	0.00	0.00	0.00	0.00	4.20	0.00	0.12
722	73.00	49.00	272.49	42998.17	13624.53	538557.45	538557.45	0.00	0.00	0.00	0.00	4.27	0.00	0.12
723	73.00	50.00	272.49	42998.17	13624.53	538557.45	538557.45	0.00	0.00	0.00	0.00	4.35	0.00	0.12
724	73.00	51.00	272.49	42998.17	13624.53	538557.45	538557.45	0.00	0.00	0.00	0.00	4.51	0.00	0.12
725	73.00	52.00	272.49	42998.17	13624.53	538557.45	538557.45	0.00	0.00	0.00	0.00	4.53	0.00	0.12
726	74.00	52.00	272.49	42998.17	13624.53	538557.45	538557.45	0.00	0.00	0.00	0.00	4.50	0.00	0.12
727	25.00	52.00	272.49	42998.17	13624.53	538557.45	538557.45	0.00	0.00	0.00	0.00	7.36	0.00	0.12
728	26.00	52.00	272.49	42998.17	13624.53	538557.45	538557.45	0.00	0.00	0.00	0.00	7.26	0.00	0.12
729	26.00	53.00	272.49	42998.17	13624.53	538557.45	538557.45	0.00	0.00	0.00	0.00	7.35	0.00	0.12
730	27.00	53.00	272.49	42998.17	13624.53	538557.45	538557.45	0.00	0.00	0.00	0.00	7.26	0.00	0.12
731	28.00	53.00	272.49	42998.17	13624.53	538557.45	538557.45	0.00	0.00	0.00	0.00	7.17	0.00	0.12
732	29.00	53.00	272.49	42998.17	13624.53	538557.45	538557.45	0.00	0.00	0.00	0.00	7.08	0.00	0.12
733	29.00	54.00	272.49	42998.17	13624.53	538557.45	538557.45	0.00	0.00	0.00	0.00	7.14	0.00	0.12
734	29.00	55.00	272.49	42998.17	13624.53	538557.45	538557.45	0.00	0.00	0.00	0.00	7.39	0.00	0.12
735	29.00	56.00	272.49	42998.17	13624.53	538557.45	538557.45	0.00	0.00	0.00	0.00	7.75	0.00	0.12
736	29.00	57.00	272.49	42998.17	13624.53	538557.45	538557.45	0.00	0.00	0.00	0.00	7.79	0.00	0.12
737	30.00	57.00	272.49	42998.17	13624.53	538557.45	538557.45	0.00	0.00	0.00	0.00	7.70	0.00	0.12
738	31.00	57.00	272.49	42998.17	13624.53	538557.45	538557.45	0.00	0.00	0.00	0.00	7.62	0.00	0.12
739	32.00	57.00	272.49	42998.17	13624.53	538557.45	538557.45	0.00	0.00	0.00	0.00	7.53	0.00	0.12
740	33.00	57.00	272.49	42998.17	13624.53	538557.45	538557.45	0.00	0.00	0.00	0.00	7.45	0.00	0.12
741	33.00	58.00	272.49	42998.17	13624.53	538557.45	538557.45	0.00	0.00	0.00	0.00	7.46	0.00	0.12
742	34.00	58.00	272.49	42998.17	13624.53	538557.45	538557.45	0.00	0.00	0.00	0.00	7.38	0.00	0.12
743	35.00	58.00	272.49	42998.17	13624.53	538557.45	538557.45	0.00	0.00	0.00	0.00	7.30	0.00	0.12
744	36.00	58.00	272.49	42998.17	13624.53	538557.45	538557.45	0.00	0.00	0.00	0.00	7.22	0.00	0.12
745	36.00	59.00	272.49	42998.17	13624.53	538557.45	538557.45	0.00	0.00	0.00	0.00	7.22	0.00	0.12
746	37.00	59.00	272.49	42998.17	13624.53	538557.45	538557.45	0.00	0.00	0.00	0.00	7.14	0.00	0.12
747	37.00	60.00	272.49	42998.17	13624.53	538557.45	538557.45	0.00	0.00	0.00	0.00	7.14	0.00	0.12
748	38.00	60.00	272.49	42998.17	13624.53	538557.45	538557.45	0.00	0.00	0.00	0.00	7.07	0.00	0.12
749	38.00	61.00	272.49	42998.17	13624.53	538557.45	538557.45	0.00	0.00	0.00	0.00	7.09	0.00	0.12
750	38.00	62.00	272.49	42998.17	13624.53	538557.45	538557.45	0.00	0.00	0.00	0.00	7.16	0.00	0.12
751	38.00	63.00	272.49	42998.17	13624.53	538557.45	538557.45	0.00	0.00	0.00	0.00	7.50	0.00	0.12
752	38.00	64.00	272.49	42998.17	13624.53	538557.45	538557.45	0.00	0.00	0.00	0.00	7.56	0.00	0.12
753	39.00	64.00	272.49	42998.17	13624.53	538557.45	538557.45	0.00	0.00	0.00	0.00	7.48	0.00	0.12
754	39.00	65.00	272.49	42998.17	13624.53	538557.45	538557.45	0.00	0.00	0.00	0.00	7.81	0.00	0.12
755	39.00	66.00	272.49	42998.17	13624.53	538557.45	538557.45	0.00	0.00	0.00	0.00	8.23	0.00	0.12
756	39.00	67.00	272.49	42998.17	13624.53	538557.45	538557.45	0.00	0.00	0.00	0.00	8.26	0.00	0.12
757	40.00	67.00	272.49	42998.17	13624.53	538557.45	538557.45	0.00	0.00	0.00	0.00	8.18	0.00	0.12
758	40.00	68.00	272.49	42998.17	13624.53	538557.45	538557.45	0.00	0.00	0.00	0.00	8.21	0.00	0.12
759	41.00	68.00	272.49	42998.17	13624.53	538557.45	538557.45	0.00	0.00	0.00	0.00	8.14	0.00	0.12
760	41.00	69.00	272.49	42998.17	13624.53	538557.45	538557.45	0.00	0.00	0.00	0.00	8.44	0.00	0.12
761	42.00	69.00	272.49	42998.17	13624.53	538557.45	538557.45	0.00	0.00	0.00	0.00	8.36	0.00	0.12
762	43.00	69.00	272.49	42998.17	13624.53	538557.45	538557.45	0.00	0.00	0.00	0.00	8.28	0.00	0.12
763	43.00	70.00	272.49	42998.17	13624.53	538557.45	538557.45	0.00	0.00	0.00	0.00	8.42	0.00	0.12
764	43.00	71.00	272.49	42998.17	13624.53	538557.45	538557.45	0.00	0.00	0.00	0.00	8.38	0.00	0.12
765	43.00	72.00	272.49	42998.17	13624.53	538557.45	538557.45	0.00	0.00	0.00	0.00	8.89	0.00	0.12
766	44.00	72.00	272.49	42998.17	13624.53	538557.45	538557.45	0.00	0.00	0.00	0.00	8.81	0.00	0.12
767	44.00	73.00	272.49	42998.17	13624.53	538557.45	538557.45	0.00	0.00	0.00	0.00	8.83	0.00	0.12
768	44.00	74.00	272.49	42998.17	13624.53	538557.45	538557.45	0.00	0.00	0.00	0.00	9.02	0.00	0.12
769	44.00	25.00	272.49	42998.17	13624.53	538557.45	538557.45	0.00	0.00	0.00	0.00	2.94	0.00	0.12
770	44.00	26.00	272.49	42998.17	13624.53	538557.45	538557.45	0.00	0.00	0.00	0.00	3.14	0.00	0.12
771	44.00	27.00	272.49	42998.17	13624.53	538557.45	538557.45	0.00	0.00	0.00	0.00	3.26	0.00	0.12
772	45.00	27.00	272.49	42998.17	13624.53	538557.45	538557.45	0.00	0.00	0.00	0.00	3.21	0.00	0.12
773	46.00	27.00	272.49	42998.17	13624.53	538557.45	538557.45	0.00	0.00	0.00	0.00	3.17	0.00	0.12
774	46.00	28.00	272.49	42998.17	13624.53	538557.45	538557.45	0.00	0.00	0.00	0.00	3.81	0.00	0.12
775	47.00	28.00	272.49	42998.17	13624.53	538557.45	538557.45	0.00	0.00	0.00	0.00	3.76	0.00	0.12
776	47.00	29.00	272.49	42998.17	13624.53	538557.45	538557.45	0.00	0.00	0.00	0.00	4.94	0.00	0.12
777	47.00	30.00	272.49	42998.17	13624.53	538557.45	538557.45	0.00	0.00	0.00	0.00	5.18	0.00	0.12
778	48.00	30.00	272.49	42998.17	13624.53	538557.45	538557.45	0.00	0.00	0.00	0.00	5.11	0.00	0.12
779	48.00	31.00	272.49	42998.17	13624.53	538557.45	538557.45	0.00	0.00	0.00	0.00	5.26	0.00	0.12
780	49.00	31.00	272.49	42998.17	13624.53	538557.45	538557.45	0.00	0.00	0.00	0.00	5.19	0.00	0.12
781	50.00	31.00	272.49	42998.17	13624.53	538557.45	538557.45	0.00	0.00	0.00	0.00	5.13	0.00	0.12
782	51.00	31.00	272.49	42998.17	13624.53	538557.45	538557.45	0.00	0.00	0.00	0.00	5.07	0.00	0.12
783	52.00	31.00	272.49	42998.17	13624.53	538557.45	538557.45	0.00	0.00	0.00	0.00	5.00	0.00	0.12
784	53.00	31.00	272.49	42998.17	13624.53	538557.45	538557.45	0.00	0.00	0.00	0.00	4.95	0.00	0.12
785	54.00	31.00	272.49	42998.17	13624.53	538557.45	538557.45	0.00	0.00	0.00	0.00	4.89	0.00	0.12
786	54.00	32.00	272.49	42998.17	13624.53	538557.45	538557.45	0.00	0.00	0.00	0.00	4.96	0.00	0.12
787	54.00	33.00	272.49	42998.17	13624.53	538557.45	538557.45	0.00	0.00	0.00	0.00	4.95	0.00	0.12
788	54.00	34.00	272.49	42998.17	13624.53	538557.45	538557.45	0.00	0.00	0.00	0.00	4.94	0.00	0.12
789	55.00	34.00	272.49	42998.17	13624.53	538557.45	538557.45	0.00	0.00	0.00	0.00	4.88	0.00	0.12
790	55.00	35.00	272.49	42998.17	13624.53	538557.45	538557.45	0.00	0.00	0.00	0.00	4.84	0.00	0.12
791	55.00	36.00	272.49	42998.17	13624.53	538557.45	538557.45	0.00	0.00	0.00	0.00	4.91	0.00	0.12
792	56.00	36.00	272.49	42998.17	13624.53	538557.45	538557.45	0.00	0.00	0.00	0.00	4.86	0.00	0.12
793	56.00	37.00	272.49	42998.17	13624.53	538557.45	538557.45	0.00	0.00	0.00	0.00	4.95	0.00	0.12
794	57.00	37.00	272.49	42998.17	13624.53	538557.45	538557.45	0.00	0.00	0.00	0.00	4.90	0.00	0.12
795	58.00	37.00	272.49	42998.17	13624.53	538557.45	538557.45	0.00	0.00	0.00	0.00	4.84	0.00	0.12
796	58.00	38.00	272.49	42998.17	13624.53	538557.45	538557.45	0.00	0.00	0.00	0.00	4.98	0.00	0.12
797	59.00	38.00	272.49	42998.17	13624.53	538557.45	538557.45	0.00	0.00	0.00	0.00	4.93	0.00	0.12
798	59.00	39.00	272.49	42998.17	13624.53	538557.45	538557.45	0.00	0.00	0.00	0.00	4.94	0.00	0.12
799	60.00	39.00	272.49	42998.17	13624.53	538557.45	538557.45	0.00	0.00	0.00	0.00	4.89	0.00	0.12
800	61.00	39.00	272.49	42998.17	13624.53	538557.45	538557.45	0.00	0.00	0.00	0.00	4.84	0.00	0.12
801	62.00	39.00	231.62	51597.80	11580.85	538557.45	538557.45	0.00	0.00	0.00	0.00	4.79	0.00	0.12
802	63.00	39.00	231.62	51597.80	11580.85	538557.45	538557.45	0.00	0.00	0.00	0.00	4.74	0.00	0.12
803	63.00	40.00	231.62	51597.80	11580.85	538557.45	538557.45	0.00	0.00	0.00	0.00	4.82	0.00	0.12
804	64.00	40.00	231.62	51597.80	11580.85	538557.45	538557.45	0.00	0.00	0.00	0.00	4.77	0.00	0.12
805	65.00	40.00	231.62	51597.80	11580.85	538557.45	538557.45	0.00	0.00	0.00	0.00	4.73	0.00	0.12
806	65.00	41.00	231.62	51597.80	11580.85	538557.45	538557.45	0.00	0.00	0.00	0.00	4.85	0.00	0.12
807	66.00	41.00	231.62	51597.80	11580.85	538557.45	538557.45	0.00	0.00	0.00	0.00	6.75	0.00	0.12
808	66.00	42.00	196.87	61917.36	9843.72	538557.45	538557.45	0.00	0.00	0.00	0.00	7.02	0.00	0.12
809	66.00	43.00	196.87	61917.36	9843.72	538557.45	538557.45	0.00	0.00	0.00	0.00	7.12	0.00	0.12
810	67.00	43.00	196.87	61917.36	9843.72	538557.45	538557.45	0.00	0.00	0.00	0.00	7.05	0.00	0.12
811	67.00	44.00	196.87	61917.36	9843.72	538557.45	538557.45	0.00	0.00	0.00	0.00	7.02	0.00	0.12
812	68.00	44.00	196.87	61917.36	9843.72	538557.45	538557.45	0.00	0.00	0.00	0.00	6.95	0.00	0.12
813	69.00	44.00	196.87	61917.36	9843.72	538557.45	538557.45	0.00	0.00	0.00	0.00	6.89	0.00	0.12
814	70.00	44.00	196.87	61917.36	9843.72	538557.45	538557.45	0.00	0.00	0.00	0.00	6.83	0.00	0.12
815	71.00	44.00	196.87	61917.36	9843.72	538557.45	538557.45	0.00	0.00	0.00	0.00	6.77	0.00	0.12
816	72.00	44.00	196.87	61917.36	9843.72	538557.45	538557.45	0.00	0.00	0.00	0.00	6.71	0.00	0.12
817	72.00	45.00	196.87	61917.36	9843.72	538557.45	538557.45	0.00	0.00	0.00	0.00	6.79	0.00	0.12
818	73.00	45.00	196.87	61917.36	9843.72	538557.45	538557.45	0.00	0.00	0.00	0.00	6.73	0.00	0.12
819	73.00	46.00	196.87	61917.36	9843.72	538557.45	538557.45	0.00	0.00	0.00	0.00	6.77	0.00	0.12
820	74.00	46.00	196.87	61917.36	9843.72	538557.45	538557.45	0.00	0.00	0.00	0.00	6.71	0.00	0.12
821	25.00	46.00	196.87	61917.36	9843.72	538557.45	538557.45	0.00	0.00	0.00	0.00	11.34	0.00	0.12
822	25.00	47.00	196.87	61917.36	9843.72	538557.45	538557.45	0.00	0.00	0.00	0.00	11.35	0.00	0.12
823	26.00	47.00	196.87	61917.36	9843.72	538557.45	538557.45	0.00	0.00	0.00	0.00	11.19	0.00	0.12
824	26.00	48.00	196.87	61917.36	9843.72	538557.45	538557.45	0.00	0.00	0.00	0.00	11.26	0.00	0.12
825	27.00	48.00	196.87	61917.36	9843.72	538557.45	538557.45	0.00	0.00	0.00	0.00	11.11	0.00	0.12
826	27.00	49.00	196.87	61917.36	9843.72	538557.45	538557.45	0.00	0.00	0.00	0.00	10.99	0.00	0.12
827	27.00	50.00	196.87	61917.36	9843.72	538557.45	538557.45	0.00	0.00	0.00	0.00	11.05	0.00	0.12
828	28.00	50.00	196.87	61917.36	9843.72	538557.45	538557.45	0.00	0.00	0.00	0.00	10.91	0.00	0.12
829	29.00	50.00	196.87	61917.36	9843.72	538557.45	538557.45	0.00	0.00	0.00	0.00	10.77	0.00	0.12
830	30.00	50.00	196.87	61917.36	9843.72	538557.45	538557.45	0.00	0.00	0.00	0.00	10.63	0.00	0.12
831	31.00	50.00	196.87	61917.36	9843.72	538557.45	538557.45	0.00	0.00	0.00	0.00	10.50	0.00	0.12
832	32.00	50.00	196.87	61917.36	9843.72	538557.45	538557.45	0.00	0.00	0.00	0.00	10.37	0.00	0.12
833	33.00	50.00	196.87	61917.36	9843.72	538557.45	538557.45	0.00	0.00	0.00	0.00	10.25	0.00	0.12
834	34.00	50.00	196.87	61917.36	9843.72	538557.45	538557.45	0.00	0.00	0.00	0.00	10.13	0.00	0.12
835	35.00	50.00	196.87	61917.36	9843.72	538557.45	538557.45	0.00	0.00	0.00	0.00	10.01	0.00	0.12
836	35.00	51.00	196.87	61917.36	9843.72	538557.45	538557.45	0.00	0.00	0.00	0.00	10.10	0.00	0.12
837	35.00	52.00	196.87	61917.36	9843.72	538557.45	538557.45	0.00	0.00	0.00	0.00	10.03	0.00	0.12
838	36.00	52.00	196.87	61917.36	9843.72	538557.45	538557.45	0.00	0.00	0.00	0.00	9.92	0.00	0.12
839	36.00	53.00	196.87	61917.36	9843.72	538557.45	538557.45	0.00	0.00	0.00	0.00	9.87	0.00	0.12
840	37.00	53.00	196.87	61917.36	9843.72	538557.45	538557.45	0.00	0.00	0.00	0.00	9.76	0.00	0.12
841	37.00	54.00	196.87	61917.36	9843.72	538557.45	538557.45	0.00	0.00	0.00	0.00	9.89	0.00	0.12
842	37.00	55.00	196.87	61917.36	9843.72	538557.45	538557.45	0.00	0.00	0.00	0.00	9.97	0.00	0.12
843	38.00	55.00	196.87	61917.36	9843.72	538557.45	538557.45	0.00	0.00	0.00	0.00	9.86	0.00	0.12
844	38.00	56.00	196.87	61917.36	9843.72	538557.45	538557.45	0.00	0.00	0.00	0.00	9.84	0.00	0.12
845	38.00	57.00	196.87	61917.36	9843.72	538557.45	538557.45	0.00	0.00	0.00	0.00	9.97	0.00	0.12
846	38.00	58.00	196.87	61917.36	9843.72	538557.45	538557.45	0.00	0.00	0.00	0.00	10.10	0.00	0.12
847	39.00	58.00	196.87	61917.36	9843.72	538557.45	538557.45	0.00	0.00	0.00	0.00	10.00	0.00	0.12
848	40.00	58.00	196.87	61917.36	9843.72	538557.45	538557.45	0.00	0.00	0.00	0.00	9.90	0.00	0.12
849	41.00	58.00	196.87	61917.36	9843.72	538557.45	538557.45	0.00	0.00	0.00	0.00	9.80	0.00	0.12
850	41.00	59.00	196.87	61917.36	9843.72	538557.45	538557.45	0.00	0.00	0.00	0.00	9.72	0.00	0.12
851	41.00	60.00	196.87	61917.36	9843.72	538557.45	538557.45	0.00	0.00	0.00	0.00	9.73	0.00	0.12
852	42.00	60.00	196.87	61917.36	9843.72	538557.45	538557.45	0.00	0.00	0.00	0.00	9.64	0.00	0.12
853	43.00	60.00	196.87	61917.36	9843.72	538557.45	538557.45	0.00	0.00	0.00	0.00	9.55	0.00	0.12
854	44.00	60.00	196.87	61917.36	9843.72	538557.45	538557.45	0.00	0.00	0.00	0.00	9.45	0.00	0.12
855	45.00	60.00	196.87	61917.36	9843.72	538557.45	538557.45	0.00	0.00	0.00	0.00	9.36	0.00	0.12
856	45.00	61.00	196.87	61917.36	9843.72	538557.45	538557.45	0.00	0.00	0.00	0.00	9.38	0.00	0.12
857	46.00	61.00	196.87	61917.36	9843.72	538557.45	538557.45	0.00	0.00	0.00	0.00	9.30	0.00	0.12
858	47.00	61.00	196.87	61917.36	9843.72	538557.45	538557.45	0.00	0.00	0.00	0.00	9.21	0.00	0.12
859	48.00	61.00	196.87	61917.36	9843.72	538557.45	538557.45	0.00	0.00	0.00	0.00	9.12	0.00	0.12
860	49.00	61.00	196.87	61917.36	9843.72	538557.45	538557.45	0.00	0.00	0.00	0.00	9.04	0.00	0.12
861	49.00	62.00	196.87	61917.36	9843.72	538557.45	538557.45	0.00	0.00	0.00	0.00	9.02	0.00	0.12
862	50.00	62.00	196.87	61917.36	9843.72	538557.45	538557.45	0.00	0.00	0.00	0.00	8.94	0.00	0.12
863	50.00	63.00	196.87	61917.36	9843.72	538557.45	538557.45	0.00	0.00	0.00	0.00	9.06	0.00	0.12
864	51.00	63.00	196.87	61917.36	9843.72	538557.45	538557.45	0.00	0.00	0.00	0.00	8.98	0.00	0.12
865	51.00	64.00	196.87	61917.36	9843.72	538557.45	538557.45	0.00	0.00	0.00	0.00	9.01	0.00	0.12
866	51.00	65.00	196.87	61917.36	9843.72	538557.45	538557.45	0.00	0.00	0.00	0.00	9.08	0.00	0.12
867	52.00	65.00	196.87	61917.36	9843.72	538557.45	538557.45	0.00	0.00	0.00	0.00	9.00	0.00	0.12
868	53.00	65.00	196.87	61917.36	9843.72	538557.45	538557.45	0.00	0.00	0.00	0.00	8.92	0.00	0.12
869	54.00	65.00	196.87	61917.36	9843.72	538557.45	538557.45	0.00	0.00	0.00	0.00	8.85	0.00	0.12
870	55.00	65.00	196.87	61917.36	9843.72	538557.45	538557.45	0.00	0.00	0.00	0.00	8.77	0.00	0.12
871	56.00	65.00	196.87	61917.36	9843.72	538557.45	538557.45	0.00	0.00	0.00	0.00	8.70	0.00	0.12
872	57.00	65.00	196.87	61917.36	9843.72	538557.45	538557.45	0.00	0.00	0.00	0.00	8.63	0.00	0.12
873	57.00	66.00	196.87	61917.36	9843.72	538557.45	538557.45	0.00	0.00	0.00	0.00	8.58	0.00	0.12
874	58.00	66.00	196.87	61917.36	9843.72	538557.45	538557.45	0.00	0.00	0.00	0.00	8.52	0.00	0.12
875	59.00	66.00	196.87	61917.36	9843.72	538557.45	538557.45	0.00	0.00	0.00	0.00	8.45	0.00	0.12
876	60.00	66.00	196.87	61917.36	9843.72	538557.45	538557.45	0.00	0.00	0.00	0.00	8.38	0.00	0.12
877	61.00	66.00	196.87	61917.36	9843.72	538557.45	538557.45	0.00	0.00	0.00	0.00	8.31	0.00	0.12
878	62.00	66.00	196.87	61917.36	9843.72	538557.45	538557.45	0.00	0.00	0.00	0.00	8.25	0.00	0.12
879	62.00	67.00	196.87	61917.36	9843.72	538557.45	538557.45	0.00	0.00	0.00	0.00	8.32	0.00	0.12
880	63.00	67.00	196.87	61917.36	9843.72	538557.45	538557.45	0.00	0.00	0.00	0.00	8.25	0.00	0.12
881	64.00	67.00	196.87	61917.36	9843.72	538557.45	538557.45	0.00	0.00	0.00	0.00	8.19	0.00	0.12
882	65.00	67.00	196.87	61917.36	9843.72	538557.45	538557.45	0.00	0.00	0.00	0.00	8.13	0.00	0.12
883	65.00	68.00	196.87	61917.36	9843.72	538557.45	538557.45	0.00	0.00	0.00	0.00	8.19	0.00	0.12
884	66.00	68.00	196.87	61917.36	9843.72	538557.45	538557.45	0.00	0.00	0.00	0.00	8.13	0.00	0.12
885	66.00	69.00	196.87	61917.36	9843.72	538557.45	538557.45	0.00	0.00	0.00	0.00	8.32	0.00	0.12
886	66.00	70.00	196.87	61917.36	9843.72	538557.45	538557.45	0.00	0.00	0.00	0.00	8.34	0.00	0.12
887	66.00	71.00	196.87	61917.36	9843.72	538557.45	538557.45	0.00	0.00	0.00	0.00	8.35	0.00	0.12
888	67.00	71.00	196.87	61917.36	9843.72	538557.45	538557.45	0.00	0.00	0.00	0.00	8.29	0.00	0.12
889	68.00	71.00	196.87	61917.36	9843.72	538557.45	538557.45	0.00	0.00	0.00	0.00	8.23	0.00	0.12
890	69.00	71.00	196.87	61917.36	9843.72	538557.45	538557.45	0.00	0.00	0.00	0.00	8.17	0.00	0.12
891	69.00	72.00	196.87	61917.36	9843.72	538557.45	538557.45	0.00	0.00	0.00	0.00	8.19	0.00	0.12
892	70.00	72.00	196.87	61917.36	9843.72	538557.45	538557.45	0.00	0.00	0.00	0.00	8.14	0.00	0.12
893	70.00	73.00	196.87	61917.36	9843.72	538557.45	538557.45	0.00	0.00	0.00	0.00	8.16	0.00	0.12
894	71.00	73.00	196.87	61917.36	9843.72	538557.45	538557.45	0.00	0.00	0.00	0.00	8.10	0.00	0.12
895	71.00	74.00	196.87	61917.36	9843.72	538557.45	538557.45	0.00	0.00	0.00	0.00	8.13	0.00	0.12
896	72.00	74.00	196.87	61917.36	9843.72	538557.45	538557.45	0.00	0.00	0.00	0.00	8.08	0.00	0.12
897	72.00	25.00	196.87	61917.36	9843.72	538557.45	538557.45	0.00	0.00	0.00	0.00	3.31	0.00	0.12
898	72.00	26.00	196.87	61917.36	9843.72	538557.45	538557.45	0.00	0.00	0.00	0.00	3.59	0.00	0.12
899	72.00	27.00	196.87	61917.36	9843.72	538557.45	538557.45	0.00	0.00	0.00	0.00	3.63	0.00	0.12
900	73.00	27.00	196.87	61917.36	9843.72	538557.45	538557.45	0.00	0.00	0.00	0.00	3.59	0.00	0.12
901	74.00	27.00	196.87	61917.36	9843.72	538557.45	538557.45	0.00	0.00	0.00	0.00	3.55	0.00	0.12
902	25.00	27.00	196.87	61917.36	9843.72	538557.45	538557.45	0.00	0.00	0.00	0.00	6.90	0.00	0.12
903	25.00	28.00	196.87	61917.36	9843.72	538557.45	538557.45	0.00	0.00	0.00	0.00	7.09	0.00	0.12
904	26.00	28.00	196.87	61917.36	9843.72	538557.45	538557.45	0.00	0.00	0.00	0.00	6.96	0.00	0.12
905	27.00	28.00	196.87	61917.36	9843.72	538557.45	538557.45	0.00	0.00	0.00	0.00	6.83	0.00	0.12
906	27.00	29.00	196.87	61917.36	9843.72	538557.45	538557.45	0.00	0.00	0.00	0.00	6.92	0.00	0.12
907	27.00	30.00	196.87	61917.36	9843.72	538557.45	538557.45	0.00	0.00	0.00	0.00	7.02	0.00	0.12
908	27.00	31.00	167.34	74300.84	8367.16	538557.45	538557.45	0.00	0.00	0.00	0.00	7.09	0.00	0.12
909	27.00	32.00	167.34	74300.84	8367.16	538557.45	538557.45	0.00	0.00	0.00	0.00	7.17	0.00	0.12
910	27.00	33.00	167.34	74300.84	8367.16	538557.45	538557.45	0.00	0.00	0.00	0.00	7.29	0.00	0.12
911	28.00	33.00	167.34	74300.84	8367.16	538557.45	538557.45	0.00	0.00	0.00	0.00	7.17	0.00	0.12
912	28.00	34.00	167.34	74300.84	8367.16	538557.45	538557.45	0.00	0.00	0.00	0.00	7.10	0.00	0.12
913	29.00	34.00	167.34	74300.84	8367.16	538557.45	538557.45	0.00	0.00	0.00	0.00	6.99	0.00	0.12
914	30.00	34.00	167.34	74300.84	8367.16	538557.45	538557.45	0.00	0.00	0.00	0.00	6.88	0.00	0.12
915	31.00	34.00	167.34	74300.84	8367.16	538557.45	538557.45	0.00	0.00	0.00	0.00	6.77	0.00	0.12
916	31.00	35.00	167.34	74300.84	8367.16	538557.45	538557.45	0.00	0.00	0.00	0.00	7.26	0.00	0.12
917	31.00	36.00	167.34	74300.84	8367.16	538557.45	538557.45	0.00	0.00	0.00	0.00	7.18	0.00	0.12
918	31.00	37.00	167.34	74300.84	8367.16	538557.45	538557.45	0.00	0.00	0.00	0.00	7.21	0.00	0.12
919	31.00	38.00	167.34	74300.84	8367.16	538557.45	538557.45	0.00	0.00	0.00	0.00	7.27	0.00	0.12
920	32.00	38.00	167.34	74300.84	8367.16	538557.45	538557.45	0.00	0.00	0.00	0.00	7.17	0.00	0.12
921	33.00	38.00	167.34	74300.84	8367.16	538557.45	538557.45	0.00	0.00	0.00	0.00	7.07	0.00	0.12
922	34.00	38.00	167.34	74300.84	8367.16	538557.45	538557.45	0.00	0.00	0.00	0.00	6.97	0.00	0.12
923	34.00	39.00	167.34	74300.84	8367.16	538557.45	538557.45	0.00	0.00	0.00	0.00	7.01	0.00	0.12
924	34.00	40.00	167.34	74300.84	8367.16	538557.45	538557.45	0.00	0.00	0.00	0.00	7.70	0.00	0.12
925	34.00	41.00	167.34	74300.84	8367.16	538557.45	538557.45	0.00	0.00	0.00	0.00	7.69	0.00	0.12
926	34.00	42.00	167.34	74300.84	8367.16	538557.45	538557.45	0.00	0.00	0.00	0.00	7.89	0.00	0.12
927	35.00	42.00	167.34	74300.84	8367.16	538557.45	538557.45	0.00	0.00	0.00	0.00	7.79	0.00	0.12
928	35.00	43.00	167.34	74300.84	8367.16	538557.45	538557.45	0.00	0.00	0.00	0.00	7.91	0.00	0.12
929	35.00	44.00	167.34	74300.84	8367.16	538557.45	538557.45	0.00	0.00	0.00	0.00	8.04	0.00	0.12
930	35.00	45.00	167.34	74300.84	8367.16	538557.45	538557.45	0.00	0.00	0.00	0.00	7.98	0.00	0.12
931	35.00	46.00	167.34	74300.84	8367.16	538557.45	538557.45	0.00	0.00	0.00	0.00	7.92	0.00	0.12
932	36.00	46.00	167.34	74300.84	8367.16	538557.45	538557.45	0.00	0.00	0.00	0.00	7.82	0.00	0.12
933	37.00	46.00	167.34	74300.84	8367.16	538557.45	538557.45	0.00	0.00	0.00	0.00	7.72	0.00	0.12
934	38.00	46.00	167.34	74300.84	8367.16	538557.45	538557.45	0.00	0.00	0.00	0.00	7.63	0.00	0.12
935	38.00	47.00	167.34	74300.84	8367.16	538557.45	538557.45	0.00	0.00	0.00	0.00	7.73	0.00	0.12
936	38.00	48.00	167.34	74300.84	8367.16	538557.45	538557.45	0.00	0.00	0.00	0.00	8.09	0.00	0.12
937	39.00	48.00	167.34	74300.84	8367.16	538557.45	538557.45	0.00	0.00	0.00	0.00	8.00	0.00	0.12
938	39.00	49.00	167.34	74300.84	8367.16	538557.45	538557.45	0.00	0.00	0.00	0.00	7.94	0.00	0.12
939	40.00	49.00	167.34	74300.84	8367.16	538557.45	538557.45	0.00	0.00	0.00	0.00	7.85	0.00	0.12
940	40.00	50.00	167.34	74300.84	8367.16	538557.45	538557.45	0.00	0.00	0.00	0.00	7.92	0.00	0.12
941	41.00	50.00	167.34	74300.84	8367.16	538557.45	538557.45	0.00	0.00	0.00	0.00	7.84	0.00	0.12
942	42.00	50.00	167.34	74300.84	8367.16	538557.45	538557.45	0.00	0.00	0.00	0.00	7.75	0.00	0.12
943	42.00	51.00	167.34	74300.84	8367.16	538557.45	538557.45	0.00	0.00	0.00	0.00	7.78	0.00	0.12
944	43.00	51.00	167.34	74300.84	8367.16	538557.45	538557.45	0.00	0.00	0.00	0.00	7.70	0.00	0.12
945	43.00	52.00	167.34	74300.84	8367.16	538557.45	538557.45	0.00	0.00	0.00	0.00	7.64	0.00	0.12
946	44.00	52.00	167.34	74300.84	8367.16	538557.45	538557.45	0.00	0.00	0.00	0.00	7.56	0.00	0.12
947	45.00	52.00	167.34	74300.84	8367.16	538557.45	538557.45	0.00	0.00	0.00	0.00	7.48	0.00	0.12
948	46.00	52.00	167.34	74300.84	8367.16	538557.45	538557.45	0.00	0.00	0.00	0.00	7.41	0.00	0.12
949	47.00	52.00	167.34	74300.84	8367.16	538557.45	538557.45	0.00	0.00	0.00	0.00	7.33	0.00	0.12
950	47.00	53.00	167.34	74300.84	8367.16	538557.45	538557.45	0.00	0.00	0.00	0.00	7.29	0.00	0.12
951	47.00	54.00	167.34	74300.84	8367.16	538557.45	538557.45	0.00	0.00	0.00	0.00	7.24	0.00	0.12
952	47.00	55.00	167.34	74300.84	8367.16	538557.45	538557.45	0.00	0.00	0.00	0.00	7.23	0.00	0.12
953	47.00	56.00	167.34	74300.84	8367.16	538557.45	538557.45	0.00	0.00	0.00	0.00	7.23	0.00	0.12
954	48.00	56.00	167.34	74300.84	8367.16	538557.45	538557.45	0.00	0.00	0.00	0.00	7.16	0.00	0.12
955	49.00	56.00	167.34	74300.84	8367.16	538557.45	538557.45	0.00	0.00	0.00	0.00	7.10	0.00	0.12
956	49.00	57.00	167.34	74300.84	8367.16	538557.45	538557.45	0.00	0.00	0.00	0.00	7.14	0.00	0.12
957	50.00	57.00	167.34	74300.84	8367.16	538557.45	538557.45	0.00	0.00	0.00	0.00	7.07	0.00	0.12
958	51.00	57.00	167.34	74300.84	8367.16	538557.45	538557.45	0.00	0.00	0.00	0.00	7.00	0.00	0.12
959	51.00	58.00	167.34	74300.84	8367.16	538557.45	538557.45	0.00	0.00	0.00	0.00	7.07	0.00	0.12
960	52.00	58.00	167.34	74300.84	8367.16	538557.45	538557.45	0.00	0.00	0.00	0.00	7.01	0.00	0.12
961	52.00	59.00	167.34	74300.84	8367.16	538557.45	538557.45	0.00	0.00	0.00	0.00	7.14	0.00	0.12
962	53.00	59.00	167.34	74300.84	8367.16	538557.45	538557.45	0.00	0.00	0.00	0.00	7.08	0.00	0.12
963	53.00	60.00	167.34	74300.84	8367.16	538557.45	538557.45	0.00	0.00	0.00	0.00	7.16	0.00	0.12
964	53.00	61.00	167.34	74300.84	8367.16	538557.45	538557.45	0.00	0.00	0.00	0.00	7.20	0.00	0.12
965	53.00	62.00	167.34	74300.84	8367.16	538557.45	538557.45	0.00	0.00	0.00	0.00	7.29	0.00	0.12
966	53.00	63.00	167.34	74300.84	8367.16	538557.45	538557.45	0.00	0.00	0.00	0.00	7.32	0.00	0.12
967	53.00	64.00	167.34	74300.84	8367.16	538557.45	538557.45	0.00	0.00	0.00	0.00	7.32	0.00	0.12
968	53.00	65.00	167.34	74300.84	8367.16	538557.45	538557.45	0.00	0.00	0.00	0.00	7.35	0.00	0.12
969	53.00	66.00	167.34	74300.84	8367.16	538557.45	538557.45	0.00	0.00	0.00	0.00	7.45	0.00	0.12
970	53.00	67.00	167.34	74300.84	8367.16	538557.45	538557.45	0.00	0.00	0.00	0.00	7.47	0.00	0.12
971	54.00	67.00	167.34	74300.84	8367.16	538557.45	538557.45	0.00	0.00	0.00	0.00	7.41	0.00	0.12
972	55.00	67.00	167.34	74300.84	8367.16	538557.45	538557.45	0.00	0.00	0.00	0.00	7.35	0.00	0.12
973	55.00	68.00	167.34	74300.84	8367.16	538557.45	538557.45	0.00	0.00	0.00	0.00	7.38	0.00	0.12
974	55.00	69.00	167.34	74300.84	8367.16	538557.45	538557.45	0.00	0.00	0.00	0.00	7.41	0.00	0.12
975	55.00	70.00	167.34	74300.84	8367.16	538557.45	538557.45	0.00	0.00	0.00	0.00	7.45	0.00	0.12
976	55.00	71.00	167.34	74300.84	8367.16	538557.45	538557.45	0.00	0.00	0.00	0.00	7.60	0.00	0.12
977	55.00	72.00	167.34	74300.84	8367.16	538557.45	538557.45	0.00	0.00	0.00	0.00	7.63	0.00	0.12
978	55.00	73.00	167.34	74300.84	8367.16	538557.45	538557.45	0.00	0.00	0.00	0.00	7.77	0.00	0.12
979	56.00	73.00	167.34	74300.84	8367.16	538557.45	538557.45	0.00	0.00	0.00	0.00	7.71	0.00	0.12
980	57.00	73.00	167.34	74300.84	8367.16	538557.45	538557.45	0.00	0.00	0.00	0.00	7.65	0.00	0.12
981	57.00	74.00	167.34	74300.84	8367.16	538557.45	538557.45	0.00	0.00	0.00	0.00	8.20	0.00	0.12
982	58.00	74.00	167.34	74300.84	8367.16	538557.45	538557.45	0.00	0.00	0.00	0.00	8.13	0.00	0.12
983	58.00	25.00	167.34	74300.84	8367.16	538557.45	538557.45	0.00	0.00	0.00	0.00	2.75	0.00	0.12
984	58.00	26.00	167.34	74300.84	8367.16	538557.45	538557.45	0.00	0.00	0.00	0.00	2.87	0.00	0.12
985	59.00	26.00	167.34	74300.84	8367.16	538557.45	538557.45	0.00	0.00	0.00	0.00	2.83	0.00	0.12
986	59.00	27.00	167.34	74300.84	8367.16	538557.45	538557.45	0.00	0.00	0.00	0.00	2.88	0.00	0.12
987	60.00	27.00	167.34	74300.84	8367.16	538557.45	538557.45	0.00	0.00	0.00	0.00	2.85	0.00	0.12
988	60.00	28.00	167.34	74300.84	8367.16	538557.45	538557.45	0.00	0.00	0.00	0.00	2.95	0.00	0.12
989	60.00	29.00	167.34	74300.84	8367.16	538557.45	538557.45	0.00	0.00	0.00	0.00	3.10	0.00	0.12
990	60.00	30.00	167.34	74300.84	8367.16	538557.45	538557.45	0.00	0.00	0.00	0.00	3.40	0.00	0.12
991	61.00	30.00	167.34	74300.84	8367.16	538557.45	538557.45	0.00	0.00	0.00	0.00	3.37	0.00	0.12
992	62.00	30.00	167.34	74300.84	8367.16	538557.45	538557.45	0.00	0.00	0.00	0.00	3.33	0.00	0.12
993	62.00	31.00	167.34	74300.84	8367.16	538557.45	538557.45	0.00	0.00	0.00	0.00	3.47	0.00	0.12
994	62.00	32.00	167.34	74300.84	8367.16	538557.45	538557.45	0.00	0.00	0.00	0.00	4.00	0.00	0.12
995	62.00	33.00	167.34	74300.84	8367.16	538557.45	538557.45	0.00	0.00	0.00	0.00	4.35	0.00	0.12
996	62.00	34.00	167.34	74300.84	8367.16	538557.45	538557.45	0.00	0.00	0.00	0.00	4.43	0.00	0.12
997	63.00	34.00	167.34	74300.84	8367.16	538557.45	538557.45	0.00	0.00	0.00	0.00	4.38	0.00	0.12
998	63.00	35.00	167.34	74300.84	8367.16	538557.45	538557.45	0.00	0.00	0.00	0.00	4.55	0.00	0.12
999	64.00	35.00	167.34	74300.84	8367.16	538557.45	538557.45	0.00	0.00	0.00	0.00	4.50	0.00	0.12
1000	64.00	36.00	167.34	74300.84	8367.16	538557.45	538557.45	0.00	0.00	0.00	0.00	4.49	0.00	0.12
