some parameters
Gen.	# feasible solutions	# infeasible solutions	cap. penality	dur. penality	num. penality	best penalized cost	best feasible cost	best cap. violation	best dur. violation	best num. violation	avg cap. violation	avg dur. violation	avg num. violation	Gap from BKS
1	2.00	49.00	850.00	12000.00	42500.00	635511.85	635511.85	0.00	0.00	0.00	0.00	20.83	0.00	0.32
2	2.00	50.00	850.00	12000.00	42500.00	635511.85	635511.85	0.00	0.00	0.00	0.00	20.91	0.00	0.32
3	2.00	51.00	850.00	12000.00	42500.00	635511.85	635511.85	0.00	0.00	0.00	0.00	20.76	0.00	0.32
4	2.00	52.00	850.00	12000.00	42500.00	635511.85	635511.85	0.00	0.00	0.00	0.00	20.53	0.00	0.32
5	3.00	52.00	850.00	12000.00	42500.00	635511.85	635511.85	0.00	0.00	0.00	0.00	20.15	0.00	0.32
6	3.00	53.00	850.00	12000.00	42500.00	635511.85	635511.85	0.00	0.00	0.00	0.00	20.05	0.00	0.32
7	3.00	54.00	850.00	12000.00	42500.00	635511.85	635511.85	0.00	0.00	0.00	0.00	19.75	0.00	0.32
8	3.00	55.00	850.00	12000.00	42500.00	635511.85	635511.85	0.00	0.00	0.00	0.00	19.53	0.00	0.32
9	4.00	55.00	850.00	12000.00	42500.00	582186.93	582186.93	0.00	0.00	0.00	0.00	19.20	0.00	0.21
10	4.00	56.00	850.00	12000.00	42500.00	582186.93	582186.93	0.00	0.00	0.00	0.00	19.00	0.00	0.21
11	4.00	57.00	850.00	12000.00	42500.00	582186.93	582186.93	0.00	0.00	0.00	0.00	19.25	0.00	0.21
12	4.00	58.00	850.00	12000.00	42500.00	582186.93	582186.93	0.00	0.00	0.00	0.00	19.07	0.00	0.21
13	4.00	59.00	850.00	12000.00	42500.00	582186.93	582186.93	0.00	0.00	0.00	0.00	18.88	0.00	0.21
14	4.00	60.00	850.00	12000.00	42500.00	582186.93	582186.93	0.00	0.00	0.00	0.00	18.97	0.00	0.21
15	5.00	60.00	850.00	12000.00	42500.00	582186.93	582186.93	0.00	0.00	0.00	0.00	18.67	0.00	0.21
16	5.00	61.00	850.00	12000.00	42500.00	582186.93	582186.93	0.00	0.00	0.00	0.00	18.70	0.00	0.21
17	5.00	62.00	850.00	12000.00	42500.00	582186.93	582186.93	0.00	0.00	0.00	0.00	18.60	0.00	0.21
18	5.00	63.00	850.00	12000.00	42500.00	582186.93	582186.93	0.00	0.00	0.00	0.00	18.61	0.00	0.21
19	5.00	64.00	850.00	12000.00	42500.00	582186.93	582186.93	0.00	0.00	0.00	0.00	18.46	0.00	0.21
20	6.00	64.00	850.00	12000.00	42500.00	582186.93	582186.93	0.00	0.00	0.00	0.00	18.20	0.00	0.21
21	6.00	65.00	850.00	12000.00	42500.00	582186.93	582186.93	0.00	0.00	0.00	0.00	18.63	0.00	0.21
22	6.00	66.00	850.00	12000.00	42500.00	582186.93	582186.93	0.00	0.00	0.00	0.00	18.41	0.00	0.21
23	6.00	67.00	850.00	12000.00	42500.00	582186.93	582186.93	0.00	0.00	0.00	0.00	18.35	0.00	0.21
24	6.00	68.00	850.00	12000.00	42500.00	582186.93	582186.93	0.00	0.00	0.00	0.00	18.28	0.00	0.21
25	6.00	69.00	850.00	12000.00	42500.00	582186.93	582186.93	0.00	0.00	0.00	0.00	18.23	0.00	0.21
26	7.00	69.00	850.00	12000.00	42500.00	582186.93	582186.93	0.00	0.00	0.00	0.00	17.99	0.00	0.21
27	7.00	70.00	850.00	12000.00	42500.00	582186.93	582186.93	0.00	0.00	0.00	0.00	17.90	0.00	0.21
28	7.00	71.00	850.00	12000.00	42500.00	582186.93	582186.93	0.00	0.00	0.00	0.00	17.98	0.00	0.21
29	7.00	72.00	850.00	12000.00	42500.00	582186.93	582186.93	0.00	0.00	0.00	0.00	17.93	0.00	0.21
30	7.00	73.00	850.00	12000.00	42500.00	582186.93	582186.93	0.00	0.00	0.00	0.00	17.93	0.00	0.21
31	7.00	74.00	850.00	12000.00	42500.00	582186.93	582186.93	0.00	0.00	0.00	0.00	18.00	0.00	0.21
32	7.00	25.00	850.00	12000.00	42500.00	582186.93	582186.93	0.00	0.00	0.00	0.00	8.77	0.00	0.21
33	7.00	26.00	850.00	12000.00	42500.00	582186.93	582186.93	0.00	0.00	0.00	0.00	8.75	0.00	0.21
34	8.00	26.00	850.00	12000.00	42500.00	582186.93	582186.93	0.00	0.00	0.00	0.00	8.49	0.00	0.21
35	8.00	27.00	850.00	12000.00	42500.00	582186.93	582186.93	0.00	0.00	0.00	0.00	8.58	0.00	0.21
36	8.00	28.00	850.00	12000.00	42500.00	582186.93	582186.93	0.00	0.00	0.00	0.00	8.88	0.00	0.21
37	9.00	28.00	850.00	12000.00	42500.00	582186.93	582186.93	0.00	0.00	0.00	0.00	8.64	0.00	0.21
38	10.00	28.00	850.00	12000.00	42500.00	582186.93	582186.93	0.00	0.00	0.00	0.00	8.41	0.00	0.21
39	10.00	29.00	850.00	12000.00	42500.00	582186.93	582186.93	0.00	0.00	0.00	0.00	8.41	0.00	0.21
40	11.00	29.00	850.00	12000.00	42500.00	582186.93	582186.93	0.00	0.00	0.00	0.00	8.19	0.00	0.21
41	11.00	30.00	850.00	12000.00	42500.00	582186.93	582186.93	0.00	0.00	0.00	0.00	8.06	0.00	0.21
42	11.00	31.00	850.00	12000.00	42500.00	582186.93	582186.93	0.00	0.00	0.00	0.00	8.13	0.00	0.21
43	11.00	32.00	850.00	12000.00	42500.00	582186.93	582186.93	0.00	0.00	0.00	0.00	8.25	0.00	0.21
44	11.00	33.00	850.00	12000.00	42500.00	582186.93	582186.93	0.00	0.00	0.00	0.00	8.21	0.00	0.21
45	11.00	34.00	850.00	12000.00	42500.00	582186.93	582186.93	0.00	0.00	0.00	0.00	8.46	0.00	0.21
46	11.00	35.00	850.00	12000.00	42500.00	582186.93	582186.93	0.00	0.00	0.00	0.00	8.82	0.00	0.21
47	11.00	36.00	850.00	12000.00	42500.00	582186.93	582186.93	0.00	0.00	0.00	0.00	8.70	0.00	0.21
48	11.00	37.00	850.00	12000.00	42500.00	582186.93	582186.93	0.00	0.00	0.00	0.00	8.57	0.00	0.21
49	11.00	38.00	850.00	12000.00	42500.00	582186.93	582186.93	0.00	0.00	0.00	0.00	8.63	0.00	0.21
50	11.00	39.00	850.00	12000.00	42500.00	582186.93	582186.93	0.00	0.00	0.00	0.00	8.69	0.00	0.21
51	12.00	39.00	850.00	12000.00	42500.00	582186.93	582186.93	0.00	0.00	0.00	0.00	8.52	0.00	0.21
52	12.00	40.00	850.00	12000.00	42500.00	582186.93	582186.93	0.00	0.00	0.00	0.00	8.41	0.00	0.21
53	12.00	41.00	850.00	12000.00	42500.00	582186.93	582186.93	0.00	0.00	0.00	0.00	9.05	0.00	0.21
54	12.00	42.00	850.00	12000.00	42500.00	582186.93	582186.93	0.00	0.00	0.00	0.00	8.94	0.00	0.21
55	13.00	42.00	850.00	12000.00	42500.00	582186.93	582186.93	0.00	0.00	0.00	0.00	8.78	0.00	0.21
56	13.00	43.00	850.00	12000.00	42500.00	582186.93	582186.93	0.00	0.00	0.00	0.00	8.92	0.00	0.21
57	13.00	44.00	850.00	12000.00	42500.00	582186.93	582186.93	0.00	0.00	0.00	0.00	8.89	0.00	0.21
58	13.00	45.00	850.00	12000.00	42500.00	582186.93	582186.93	0.00	0.00	0.00	0.00	8.79	0.00	0.21
59	14.00	45.00	850.00	12000.00	42500.00	582186.93	582186.93	0.00	0.00	0.00	0.00	8.64	0.00	0.21
60	14.00	46.00	850.00	12000.00	42500.00	582186.93	582186.93	0.00	0.00	0.00	0.00	8.82	0.00	0.21
61	14.00	47.00	850.00	12000.00	42500.00	582186.93	582186.93	0.00	0.00	0.00	0.00	8.73	0.00	0.21
62	14.00	48.00	850.00	12000.00	42500.00	582186.93	582186.93	0.00	0.00	0.00	0.00	8.86	0.00	0.21
63	14.00	49.00	850.00	12000.00	42500.00	582186.93	582186.93	0.00	0.00	0.00	0.00	8.76	0.00	0.21
64	14.00	50.00	850.00	12000.00	42500.00	582186.93	582186.93	0.00	0.00	0.00	0.00	8.67	0.00	0.21
65	14.00	51.00	850.00	12000.00	42500.00	582186.93	582186.93	0.00	0.00	0.00	0.00	8.75	0.00	0.21
66	15.00	51.00	850.00	12000.00	42500.00	582186.93	582186.93	0.00	0.00	0.00	0.00	8.61	0.00	0.21
67	16.00	51.00	850.00	12000.00	42500.00	582186.93	582186.93	0.00	0.00	0.00	0.00	8.49	0.00	0.21
68	16.00	52.00	850.00	12000.00	42500.00	582186.93	582186.93	0.00	0.00	0.00	0.00	8.48	0.00	0.21
69	16.00	53.00	850.00	12000.00	42500.00	582186.93	582186.93	0.00	0.00	0.00	0.00	8.40	0.00	0.21
70	17.00	53.00	850.00	12000.00	42500.00	582186.93	582186.93	0.00	0.00	0.00	0.00	8.28	0.00	0.21
71	17.00	54.00	850.00	12000.00	42500.00	582186.93	582186.93	0.00	0.00	0.00	0.00	8.20	0.00	0.21
72	17.00	55.00	850.00	12000.00	42500.00	582186.93	582186.93	0.00	0.00	0.00	0.00	8.25	0.00	0.21
73	17.00	56.00	850.00	12000.00	42500.00	582186.93	582186.93	0.00	0.00	0.00	0.00	8.25	0.00	0.21
74	17.00	57.00	850.00	12000.00	42500.00	582186.93	582186.93	0.00	0.00	0.00	0.00	8.48	0.00	0.21
75	17.00	58.00	850.00	12000.00	42500.00	582186.93	582186.93	0.00	0.00	0.00	0.00	8.52	0.00	0.21
76	18.00	58.00	850.00	12000.00	42500.00	582186.93	582186.93	0.00	0.00	0.00	0.00	8.41	0.00	0.21
77	19.00	58.00	850.00	12000.00	42500.00	582186.93	582186.93	0.00	0.00	0.00	0.00	8.30	0.00	0.21
78	19.00	59.00	850.00	12000.00	42500.00	582186.93	582186.93	0.00	0.00	0.00	0.00	8.41	0.00	0.21
79	19.00	60.00	850.00	12000.00	42500.00	582186.93	582186.93	0.00	0.00	0.00	0.00	8.55	0.00	0.21
80	19.00	61.00	850.00	12000.00	42500.00	582186.93	582186.93	0.00	0.00	0.00	0.00	8.53	0.00	0.21
81	20.00	61.00	850.00	12000.00	42500.00	582186.93	582186.93	0.00	0.00	0.00	0.00	8.43	0.00	0.21
82	20.00	62.00	850.00	12000.00	42500.00	582186.93	582186.93	0.00	0.00	0.00	0.00	8.59	0.00	0.21
83	20.00	63.00	850.00	12000.00	42500.00	582186.93	582186.93	0.00	0.00	0.00	0.00	8.60	0.00	0.21
84	20.00	64.00	850.00	12000.00	42500.00	582186.93	582186.93	0.00	0.00	0.00	0.00	8.63	0.00	0.21
85	20.00	65.00	850.00	12000.00	42500.00	582186.93	582186.93	0.00	0.00	0.00	0.00	8.67	0.00	0.21
86	20.00	66.00	850.00	12000.00	42500.00	582186.93	582186.93	0.00	0.00	0.00	0.00	8.59	0.00	0.21
87	20.00	67.00	850.00	12000.00	42500.00	582186.93	582186.93	0.00	0.00	0.00	0.00	8.52	0.00	0.21
88	20.00	68.00	850.00	12000.00	42500.00	582186.93	582186.93	0.00	0.00	0.00	0.00	8.59	0.00	0.21
89	20.00	69.00	850.00	12000.00	42500.00	582186.93	582186.93	0.00	0.00	0.00	0.00	8.53	0.00	0.21
90	20.00	70.00	850.00	12000.00	42500.00	582186.93	582186.93	0.00	0.00	0.00	0.00	8.50	0.00	0.21
91	21.00	70.00	850.00	12000.00	42500.00	582186.93	582186.93	0.00	0.00	0.00	0.00	8.41	0.00	0.21
92	21.00	71.00	850.00	12000.00	42500.00	582186.93	582186.93	0.00	0.00	0.00	0.00	8.54	0.00	0.21
93	21.00	72.00	850.00	12000.00	42500.00	582186.93	582186.93	0.00	0.00	0.00	0.00	8.54	0.00	0.21
94	21.00	73.00	850.00	12000.00	42500.00	582186.93	582186.93	0.00	0.00	0.00	0.00	8.57	0.00	0.21
95	22.00	73.00	850.00	12000.00	42500.00	582186.93	582186.93	0.00	0.00	0.00	0.00	8.48	0.00	0.21
96	22.00	74.00	850.00	12000.00	42500.00	582186.93	582186.93	0.00	0.00	0.00	0.00	8.51	0.00	0.21
97	23.00	74.00	850.00	12000.00	42500.00	582186.93	582186.93	0.00	0.00	0.00	0.00	8.42	0.00	0.21
98	23.00	25.00	850.00	12000.00	42500.00	582186.93	582186.93	0.00	0.00	0.00	0.00	4.14	0.00	0.21
99	24.00	25.00	850.00	12000.00	42500.00	582186.93	582186.93	0.00	0.00	0.00	0.00	4.05	0.00	0.21
100	25.00	25.00	850.00	12000.00	42500.00	582186.93	582186.93	0.00	0.00	0.00	0.00	3.97	0.00	0.21
101	25.00	26.00	722.50	14400.00	36125.00	582186.93	582186.93	0.00	0.00	0.00	0.00	4.02	0.00	0.21
102	25.00	27.00	722.50	14400.00	36125.00	582186.93	582186.93	0.00	0.00	0.00	0.00	4.16	0.00	0.21
103	25.00	28.00	722.50	14400.00	36125.00	582186.93	582186.93	0.00	0.00	0.00	0.00	4.55	0.00	0.21
104	26.00	28.00	722.50	14400.00	36125.00	582186.93	582186.93	0.00	0.00	0.00	0.00	4.47	0.00	0.21
105	27.00	28.00	722.50	14400.00	36125.00	582186.93	582186.93	0.00	0.00	0.00	0.00	4.39	0.00	0.21
106	28.00	28.00	722.50	14400.00	36125.00	582186.93	582186.93	0.00	0.00	0.00	0.00	4.31	0.00	0.21
107	28.00	29.00	722.50	14400.00	36125.00	582186.93	582186.93	0.00	0.00	0.00	0.00	4.48	0.00	0.21
108	29.00	29.00	722.50	14400.00	36125.00	582186.93	582186.93	0.00	0.00	0.00	0.00	4.41	0.00	0.21
109	29.00	30.00	722.50	14400.00	36125.00	582186.93	582186.93	0.00	0.00	0.00	0.00	4.79	0.00	0.21
110	29.00	31.00	722.50	14400.00	36125.00	582186.93	582186.93	0.00	0.00	0.00	0.00	5.44	0.00	0.21
111	30.00	31.00	722.50	14400.00	36125.00	582186.93	582186.93	0.00	0.00	0.00	0.00	5.36	0.00	0.21
112	30.00	32.00	722.50	14400.00	36125.00	582186.93	582186.93	0.00	0.00	0.00	0.00	5.40	0.00	0.21
113	31.00	32.00	722.50	14400.00	36125.00	582186.93	582186.93	0.00	0.00	0.00	0.00	5.32	0.00	0.21
114	31.00	33.00	722.50	14400.00	36125.00	582186.93	582186.93	0.00	0.00	0.00	0.00	5.35	0.00	0.21
115	32.00	33.00	722.50	14400.00	36125.00	577339.21	577339.21	0.00	0.00	0.00	0.00	5.26	0.00	0.20
116	32.00	34.00	722.50	14400.00	36125.00	577339.21	577339.21	0.00	0.00	0.00	0.00	5.62	0.00	0.20
117	32.00	35.00	722.50	14400.00	36125.00	577339.21	577339.21	0.00	0.00	0.00	0.00	5.74	0.00	0.20
118	32.00	36.00	722.50	14400.00	36125.00	577339.21	577339.21	0.00	0.00	0.00	0.00	5.78	0.00	0.20
119	32.00	37.00	722.50	14400.00	36125.00	577339.21	577339.21	0.00	0.00	0.00	0.00	6.06	0.00	0.20
120	32.00	38.00	722.50	14400.00	36125.00	577339.21	577339.21	0.00	0.00	0.00	0.00	6.38	0.00	0.20
121	32.00	39.00	722.50	14400.00	36125.00	577339.21	577339.21	0.00	0.00	0.00	0.00	6.52	0.00	0.20
122	32.00	40.00	722.50	14400.00	36125.00	577339.21	577339.21	0.00	0.00	0.00	0.00	6.78	0.00	0.20
123	33.00	40.00	722.50	14400.00	36125.00	577339.21	577339.21	0.00	0.00	0.00	0.00	6.68	0.00	0.20
124	33.00	41.00	722.50	14400.00	36125.00	577339.21	577339.21	0.00	0.00	0.00	0.00	6.93	0.00	0.20
125	33.00	42.00	722.50	14400.00	36125.00	577339.21	577339.21	0.00	0.00	0.00	0.00	6.88	0.00	0.20
126	33.00	43.00	722.50	14400.00	36125.00	577339.21	577339.21	0.00	0.00	0.00	0.00	7.03	0.00	0.20
127	34.00	43.00	722.50	14400.00	36125.00	577339.21	577339.21	0.00	0.00	0.00	0.00	6.94	0.00	0.20
128	34.00	44.00	722.50	14400.00	36125.00	577339.21	577339.21	0.00	0.00	0.00	0.00	7.52	0.00	0.20
129	35.00	44.00	722.50	14400.00	36125.00	577339.21	577339.21	0.00	0.00	0.00	0.00	7.43	0.00	0.20
130	36.00	44.00	722.50	14400.00	36125.00	577339.21	577339.21	0.00	0.00	0.00	0.00	7.33	0.00	0.20
131	36.00	45.00	722.50	14400.00	36125.00	577339.21	577339.21	0.00	0.00	0.00	0.00	7.37	0.00	0.20
132	36.00	46.00	722.50	14400.00	36125.00	577339.21	577339.21	0.00	0.00	0.00	0.00	7.36	0.00	0.20
133	36.00	47.00	722.50	14400.00	36125.00	577339.21	577339.21	0.00	0.00	0.00	0.00	7.86	0.00	0.20
134	36.00	48.00	722.50	14400.00	36125.00	577339.21	577339.21	0.00	0.00	0.00	0.00	8.15	0.00	0.20
135	36.00	49.00	722.50	14400.00	36125.00	577339.21	577339.21	0.00	0.00	0.00	0.00	8.09	0.00	0.20
136	37.00	49.00	722.50	14400.00	36125.00	577339.21	577339.21	0.00	0.00	0.00	0.00	8.00	0.00	0.20
137	37.00	50.00	722.50	14400.00	36125.00	577339.21	577339.21	0.00	0.00	0.00	0.00	8.10	0.00	0.20
138	37.00	51.00	722.50	14400.00	36125.00	577339.21	577339.21	0.00	0.00	0.00	0.00	9.03	0.00	0.20
139	37.00	52.00	722.50	14400.00	36125.00	577339.21	577339.21	0.00	0.00	0.00	0.00	8.97	0.00	0.20
140	37.00	53.00	722.50	14400.00	36125.00	577339.21	577339.21	0.00	0.00	0.00	0.00	8.99	0.00	0.20
141	37.00	54.00	722.50	14400.00	36125.00	577339.21	577339.21	0.00	0.00	0.00	0.00	9.01	0.00	0.20
142	37.00	55.00	722.50	14400.00	36125.00	577339.21	577339.21	0.00	0.00	0.00	0.00	9.09	0.00	0.20
143	38.00	55.00	722.50	14400.00	36125.00	577339.21	577339.21	0.00	0.00	0.00	0.00	9.00	0.00	0.20
144	38.00	56.00	722.50	14400.00	36125.00	577339.21	577339.21	0.00	0.00	0.00	0.00	8.93	0.00	0.20
145	38.00	57.00	722.50	14400.00	36125.00	577339.21	577339.21	0.00	0.00	0.00	0.00	9.09	0.00	0.20
146	38.00	58.00	722.50	14400.00	36125.00	577339.21	577339.21	0.00	0.00	0.00	0.00	9.22	0.00	0.20
147	39.00	58.00	722.50	14400.00	36125.00	577339.21	577339.21	0.00	0.00	0.00	0.00	9.12	0.00	0.20
148	39.00	59.00	722.50	14400.00	36125.00	577339.21	577339.21	0.00	0.00	0.00	0.00	9.11	0.00	0.20
149	39.00	60.00	722.50	14400.00	36125.00	577339.21	577339.21	0.00	0.00	0.00	0.00	9.07	0.00	0.20
150	39.00	61.00	722.50	14400.00	36125.00	577339.21	577339.21	0.00	0.00	0.00	0.00	9.11	0.00	0.20
151	39.00	62.00	722.50	14400.00	36125.00	577339.21	577339.21	0.00	0.00	0.00	0.00	9.09	0.00	0.20
152	40.00	62.00	722.50	14400.00	36125.00	577339.21	577339.21	0.00	0.00	0.00	0.00	9.00	0.00	0.20
153	40.00	63.00	722.50	14400.00	36125.00	577339.21	577339.21	0.00	0.00	0.00	0.00	8.94	0.00	0.20
154	40.00	64.00	722.50	14400.00	36125.00	577339.21	577339.21	0.00	0.00	0.00	0.00	8.97	0.00	0.20
155	41.00	64.00	722.50	14400.00	36125.00	577339.21	577339.21	0.00	0.00	0.00	0.00	8.89	0.00	0.20
156	41.00	65.00	722.50	14400.00	36125.00	577339.21	577339.21	0.00	0.00	0.00	0.00	8.94	0.00	0.20
157	41.00	66.00	722.50	14400.00	36125.00	577339.21	577339.21	0.00	0.00	0.00	0.00	9.04	0.00	0.20
158	41.00	67.00	722.50	14400.00	36125.00	577339.21	577339.21	0.00	0.00	0.00	0.00	9.13	0.00	0.20
159	42.00	67.00	722.50	14400.00	36125.00	577339.21	577339.21	0.00	0.00	0.00	0.00	9.05	0.00	0.20
160	42.00	68.00	722.50	14400.00	36125.00	577339.21	577339.21	0.00	0.00	0.00	0.00	9.15	0.00	0.20
161	42.00	69.00	722.50	14400.00	36125.00	577339.21	577339.21	0.00	0.00	0.00	0.00	9.28	0.00	0.20
162	42.00	70.00	722.50	14400.00	36125.00	577339.21	577339.21	0.00	0.00	0.00	0.00	9.35	0.00	0.20
163	42.00	71.00	722.50	14400.00	36125.00	577339.21	577339.21	0.00	0.00	0.00	0.00	9.29	0.00	0.20
164	42.00	72.00	722.50	14400.00	36125.00	577339.21	577339.21	0.00	0.00	0.00	0.00	9.30	0.00	0.20
165	42.00	73.00	722.50	14400.00	36125.00	577339.21	577339.21	0.00	0.00	0.00	0.00	9.30	0.00	0.20
166	43.00	73.00	722.50	14400.00	36125.00	577339.21	577339.21	0.00	0.00	0.00	0.00	9.22	0.00	0.20
167	43.00	74.00	722.50	14400.00	36125.00	577339.21	577339.21	0.00	0.00	0.00	0.00	9.16	0.00	0.20
168	43.00	25.00	722.50	14400.00	36125.00	577339.21	577339.21	0.00	0.00	0.00	0.00	2.96	0.00	0.20
169	43.00	26.00	722.50	14400.00	36125.00	577339.21	577339.21	0.00	0.00	0.00	0.00	3.25	0.00	0.20
170	43.00	27.00	722.50	14400.00	36125.00	577339.21	577339.21	0.00	0.00	0.00	0.00	3.32	0.00	0.20
171	44.00	27.00	722.50	14400.00	36125.00	577339.21	577339.21	0.00	0.00	0.00	0.00	3.27	0.00	0.20
172	44.00	28.00	722.50	14400.00	36125.00	577339.21	577339.21	0.00	0.00	0.00	0.00	3.48	0.00	0.20
173	45.00	28.00	722.50	14400.00	36125.00	577339.21	577339.21	0.00	0.00	0.00	0.00	3.43	0.00	0.20
174	45.00	29.00	722.50	14400.00	36125.00	577339.21	577339.21	0.00	0.00	0.00	0.00	3.43	0.00	0.20
175	45.00	30.00	722.50	14400.00	36125.00	577339.21	577339.21	0.00	0.00	0.00	0.00	4.66	0.00	0.20
176	46.00	30.00	722.50	14400.00	36125.00	577339.21	577339.21	0.00	0.00	0.00	0.00	4.60	0.00	0.20
177	46.00	31.00	722.50	14400.00	36125.00	577339.21	577339.21	0.00	0.00	0.00	0.00	4.58	0.00	0.20
178	46.00	32.00	722.50	14400.00	36125.00	577339.21	577339.21	0.00	0.00	0.00	0.00	4.77	0.00	0.20
179	46.00	33.00	722.50	14400.00	36125.00	577339.21	577339.21	0.00	0.00	0.00	0.00	4.86	0.00	0.20
180	46.00	34.00	722.50	14400.00	36125.00	577339.21	577339.21	0.00	0.00	0.00	0.00	4.93	0.00	0.20
181	46.00	35.00	722.50	14400.00	36125.00	577339.21	577339.21	0.00	0.00	0.00	0.00	4.97	0.00	0.20
182	47.00	35.00	722.50	14400.00	36125.00	577339.21	577339.21	0.00	0.00	0.00	0.00	4.91	0.00	0.20
183	47.00	36.00	722.50	14400.00	36125.00	577339.21	577339.21	0.00	0.00	0.00	0.00	5.93	0.00	0.20
184	47.00	37.00	722.50	14400.00	36125.00	577339.21	577339.21	0.00	0.00	0.00	0.00	6.03	0.00	0.20
185	47.00	38.00	722.50	14400.00	36125.00	577339.21	577339.21	0.00	0.00	0.00	0.00	6.09	0.00	0.20
186	48.00	38.00	722.50	14400.00	36125.00	577339.21	577339.21	0.00	0.00	0.00	0.00	6.02	0.00	0.20
187	48.00	39.00	722.50	14400.00	36125.00	577339.21	577339.21	0.00	0.00	0.00	0.00	6.21	0.00	0.20
188	48.00	40.00	722.50	14400.00	36125.00	577339.21	577339.21	0.00	0.00	0.00	0.00	6.29	0.00	0.20
189	48.00	41.00	722.50	14400.00	36125.00	577339.21	577339.21	0.00	0.00	0.00	0.00	6.25	0.00	0.20
190	48.00	42.00	722.50	14400.00	36125.00	577339.21	577339.21	0.00	0.00	0.00	0.00	6.58	0.00	0.20
191	49.00	42.00	722.50	14400.00	36125.00	577339.21	577339.21	0.00	0.00	0.00	0.00	6.51	0.00	0.20
192	49.00	43.00	722.50	14400.00	36125.00	577339.21	577339.21	0.00	0.00	0.00	0.00	6.56	0.00	0.20
193	49.00	44.00	722.50	14400.00	36125.00	577339.21	577339.21	0.00	0.00	0.00	0.00	6.68	0.00	0.20
194	50.00	44.00	722.50	14400.00	36125.00	577339.21	577339.21	0.00	0.00	0.00	0.00	6.61	0.00	0.20
195	51.00	44.00	722.50	14400.00	36125.00	577339.21	577339.21	0.00	0.00	0.00	0.00	6.54	0.00	0.20
196	51.00	45.00	722.50	14400.00	36125.00	577339.21	577339.21	0.00	0.00	0.00	0.00	6.54	0.00	0.20
197	51.00	46.00	722.50	14400.00	36125.00	577339.21	577339.21	0.00	0.00	0.00	0.00	6.99	0.00	0.20
198	51.00	47.00	722.50	14400.00	36125.00	577339.21	577339.21	0.00	0.00	0.00	0.00	7.25	0.00	0.20
199	52.00	47.00	722.50	14400.00	36125.00	577339.21	577339.21	0.00	0.00	0.00	0.00	7.18	0.00	0.20
200	52.00	48.00	722.50	14400.00	36125.00	577339.21	577339.21	0.00	0.00	0.00	0.00	7.41	0.00	0.20
201	52.00	49.00	614.12	17280.00	30706.25	577339.21	577339.21	0.00	0.00	0.00	0.00	7.36	0.00	0.20
202	52.00	50.00	614.12	17280.00	30706.25	577339.21	577339.21	0.00	0.00	0.00	0.00	7.33	0.00	0.20
203	52.00	51.00	614.12	17280.00	30706.25	577339.21	577339.21	0.00	0.00	0.00	0.00	7.44	0.00	0.20
204	53.00	51.00	614.12	17280.00	30706.25	577339.21	577339.21	0.00	0.00	0.00	0.00	7.36	0.00	0.20
205	54.00	51.00	614.12	17280.00	30706.25	577339.21	577339.21	0.00	0.00	0.00	0.00	7.29	0.00	0.20
206	54.00	52.00	614.12	17280.00	30706.25	577339.21	577339.21	0.00	0.00	0.00	0.00	7.41	0.00	0.20
207	54.00	53.00	614.12	17280.00	30706.25	577339.21	577339.21	0.00	0.00	0.00	0.00	7.37	0.00	0.20
208	54.00	54.00	614.12	17280.00	30706.25	577339.21	577339.21	0.00	0.00	0.00	0.00	7.46	0.00	0.20
209	55.00	54.00	614.12	17280.00	30706.25	577339.21	577339.21	0.00	0.00	0.00	0.00	7.39	0.00	0.20
210	56.00	54.00	614.12	17280.00	30706.25	577339.21	577339.21	0.00	0.00	0.00	0.00	7.32	0.00	0.20
211	56.00	55.00	614.12	17280.00	30706.25	577339.21	577339.21	0.00	0.00	0.00	0.00	7.51	0.00	0.20
212	56.00	56.00	614.12	17280.00	30706.25	577339.21	577339.21	0.00	0.00	0.00	0.00	7.64	0.00	0.20
213	56.00	57.00	614.12	17280.00	30706.25	577339.21	577339.21	0.00	0.00	0.00	0.00	7.78	0.00	0.20
214	56.00	58.00	614.12	17280.00	30706.25	577339.21	577339.21	0.00	0.00	0.00	0.00	7.93	0.00	0.20
215	57.00	58.00	614.12	17280.00	30706.25	577339.21	577339.21	0.00	0.00	0.00	0.00	7.86	0.00	0.20
216	57.00	59.00	614.12	17280.00	30706.25	577339.21	577339.21	0.00	0.00	0.00	0.00	7.87	0.00	0.20
217	57.00	60.00	614.12	17280.00	30706.25	577339.21	577339.21	0.00	0.00	0.00	0.00	8.56	0.00	0.20
218	58.00	60.00	614.12	17280.00	30706.25	577339.21	577339.21	0.00	0.00	0.00	0.00	8.49	0.00	0.20
219	59.00	60.00	614.12	17280.00	30706.25	577339.21	577339.21	0.00	0.00	0.00	0.00	8.42	0.00	0.20
220	60.00	60.00	614.12	17280.00	30706.25	577339.21	577339.21	0.00	0.00	0.00	0.00	8.35	0.00	0.20
221	60.00	61.00	614.12	17280.00	30706.25	577339.21	577339.21	0.00	0.00	0.00	0.00	8.30	0.00	0.20
222	60.00	62.00	614.12	17280.00	30706.25	577339.21	577339.21	0.00	0.00	0.00	0.00	8.34	0.00	0.20
223	61.00	62.00	614.12	17280.00	30706.25	577339.21	577339.21	0.00	0.00	0.00	0.00	8.28	0.00	0.20
224	61.00	63.00	614.12	17280.00	30706.25	577339.21	577339.21	0.00	0.00	0.00	0.00	8.23	0.00	0.20
225	62.00	63.00	614.12	17280.00	30706.25	577339.21	577339.21	0.00	0.00	0.00	0.00	8.16	0.00	0.20
226	62.00	64.00	614.12	17280.00	30706.25	577339.21	577339.21	0.00	0.00	0.00	0.00	8.55	0.00	0.20
227	63.00	64.00	614.12	17280.00	30706.25	577339.21	577339.21	0.00	0.00	0.00	0.00	8.48	0.00	0.20
228	64.00	64.00	614.12	17280.00	30706.25	577339.21	577339.21	0.00	0.00	0.00	0.00	8.41	0.00	0.20
229	64.00	65.00	614.12	17280.00	30706.25	577339.21	577339.21	0.00	0.00	0.00	0.00	8.36	0.00	0.20
230	65.00	65.00	614.12	17280.00	30706.25	577339.21	577339.21	0.00	0.00	0.00	0.00	8.30	0.00	0.20
231	66.00	65.00	614.12	17280.00	30706.25	550676.75	550676.75	0.00	0.00	0.00	0.00	8.24	0.00	0.15
232	66.00	66.00	614.12	17280.00	30706.25	550676.75	550676.75	0.00	0.00	0.00	0.00	8.56	0.00	0.15
233	66.00	67.00	614.12	17280.00	30706.25	550676.75	550676.75	0.00	0.00	0.00	0.00	8.52	0.00	0.15
234	67.00	67.00	614.12	17280.00	30706.25	550676.75	550676.75	0.00	0.00	0.00	0.00	8.46	0.00	0.15
235	67.00	68.00	614.12	17280.00	30706.25	550676.75	550676.75	0.00	0.00	0.00	0.00	8.46	0.00	0.15
236	67.00	69.00	614.12	17280.00	30706.25	550676.75	550676.75	0.00	0.00	0.00	0.00	8.52	0.00	0.15
237	67.00	70.00	614.12	17280.00	30706.25	550676.75	550676.75	0.00	0.00	0.00	0.00	8.69	0.00	0.15
238	68.00	70.00	614.12	17280.00	30706.25	550676.75	550676.75	0.00	0.00	0.00	0.00	8.63	0.00	0.15
239	68.00	71.00	614.12	17280.00	30706.25	550676.75	550676.75	0.00	0.00	0.00	0.00	8.67	0.00	0.15
240	68.00	72.00	614.12	17280.00	30706.25	550676.75	550676.75	0.00	0.00	0.00	0.00	8.63	0.00	0.15
241	68.00	73.00	614.12	17280.00	30706.25	550676.75	550676.75	0.00	0.00	0.00	0.00	8.66	0.00	0.15
242	68.00	74.00	614.12	17280.00	30706.25	550676.75	550676.75	0.00	0.00	0.00	0.00	8.70	0.00	0.15
243	69.00	74.00	614.12	17280.00	30706.25	550676.75	550676.75	0.00	0.00	0.00	0.00	8.64	0.00	0.15
244	69.00	25.00	614.12	17280.00	30706.25	550676.75	550676.75	0.00	0.00	0.00	0.00	2.57	0.00	0.15
245	70.00	25.00	614.12	17280.00	30706.25	550676.75	550676.75	0.00	0.00	0.00	0.00	2.55	0.00	0.15
246	70.00	26.00	614.12	17280.00	30706.25	550676.75	550676.75	0.00	0.00	0.00	0.00	2.76	0.00	0.15
247	70.00	27.00	614.12	17280.00	30706.25	550676.75	550676.75	0.00	0.00	0.00	0.00	2.85	0.00	0.15
248	71.00	27.00	614.12	17280.00	30706.25	550676.75	550676.75	0.00	0.00	0.00	0.00	2.82	0.00	0.15
249	72.00	27.00	614.12	17280.00	30706.25	550676.75	550676.75	0.00	0.00	0.00	0.00	2.79	0.00	0.15
250	73.00	27.00	614.12	17280.00	30706.25	550676.75	550676.75	0.00	0.00	0.00	0.00	2.76	0.00	0.15
251	73.00	28.00	614.12	17280.00	30706.25	550676.75	550676.75	0.00	0.00	0.00	0.00	2.81	0.00	0.15
252	73.00	29.00	614.12	17280.00	30706.25	550676.75	550676.75	0.00	0.00	0.00	0.00	3.29	0.00	0.15
253	74.00	29.00	614.12	17280.00	30706.25	550676.75	550676.75	0.00	0.00	0.00	0.00	3.25	0.00	0.15
254	74.00	30.00	614.12	17280.00	30706.25	550676.75	550676.75	0.00	0.00	0.00	0.00	3.38	0.00	0.15
255	25.00	30.00	614.12	17280.00	30706.25	550676.75	550676.75	0.00	0.00	0.00	0.00	6.39	0.00	0.15
256	26.00	30.00	614.12	17280.00	30706.25	550676.75	550676.75	0.00	0.00	0.00	0.00	6.28	0.00	0.15
257	26.00	31.00	614.12	17280.00	30706.25	550676.75	550676.75	0.00	0.00	0.00	0.00	6.31	0.00	0.15
258	26.00	32.00	614.12	17280.00	30706.25	550676.75	550676.75	0.00	0.00	0.00	0.00	6.30	0.00	0.15
259	26.00	33.00	614.12	17280.00	30706.25	550676.75	550676.75	0.00	0.00	0.00	0.00	6.44	0.00	0.15
260	26.00	34.00	614.12	17280.00	30706.25	550676.75	550676.75	0.00	0.00	0.00	0.00	6.56	0.00	0.15
261	27.00	34.00	614.12	17280.00	30706.25	550676.75	550676.75	0.00	0.00	0.00	0.00	6.45	0.00	0.15
262	27.00	35.00	614.12	17280.00	30706.25	550676.75	550676.75	0.00	0.00	0.00	0.00	6.53	0.00	0.15
263	28.00	35.00	614.12	17280.00	30706.25	550676.75	550676.75	0.00	0.00	0.00	0.00	6.43	0.00	0.15
264	29.00	35.00	614.12	17280.00	30706.25	550676.75	550676.75	0.00	0.00	0.00	0.00	6.33	0.00	0.15
265	30.00	35.00	614.12	17280.00	30706.25	550676.75	550676.75	0.00	0.00	0.00	0.00	6.23	0.00	0.15
266	30.00	36.00	614.12	17280.00	30706.25	550676.75	550676.75	0.00	0.00	0.00	0.00	8.65	0.00	0.15
267	31.00	36.00	614.12	17280.00	30706.25	550676.75	550676.75	0.00	0.00	0.00	0.00	8.52	0.00	0.15
268	31.00	37.00	614.12	17280.00	30706.25	550676.75	550676.75	0.00	0.00	0.00	0.00	8.56	0.00	0.15
269	31.00	38.00	614.12	17280.00	30706.25	550676.75	550676.75	0.00	0.00	0.00	0.00	9.11	0.00	0.15
270	31.00	39.00	614.12	17280.00	30706.25	550676.75	550676.75	0.00	0.00	0.00	0.00	9.18	0.00	0.15
271	32.00	39.00	614.12	17280.00	30706.25	550676.75	550676.75	0.00	0.00	0.00	0.00	9.05	0.00	0.15
272	32.00	40.00	614.12	17280.00	30706.25	550676.75	550676.75	0.00	0.00	0.00	0.00	10.46	0.00	0.15
273	32.00	41.00	614.12	17280.00	30706.25	550676.75	550676.75	0.00	0.00	0.00	0.00	10.35	0.00	0.15
274	32.00	42.00	614.12	17280.00	30706.25	550676.75	550676.75	0.00	0.00	0.00	0.00	10.37	0.00	0.15
275	32.00	43.00	614.12	17280.00	30706.25	550676.75	550676.75	0.00	0.00	0.00	0.00	10.48	0.00	0.15
276	32.00	44.00	614.12	17280.00	30706.25	550676.75	550676.75	0.00	0.00	0.00	0.00	10.65	0.00	0.15
277	32.00	45.00	614.12	17280.00	30706.25	550676.75	550676.75	0.00	0.00	0.00	0.00	10.66	0.00	0.15
278	32.00	46.00	614.12	17280.00	30706.25	550676.75	550676.75	0.00	0.00	0.00	0.00	10.64	0.00	0.15
279	32.00	47.00	614.12	17280.00	30706.25	550676.75	550676.75	0.00	0.00	0.00	0.00	10.95	0.00	0.15
280	32.00	48.00	614.12	17280.00	30706.25	550676.75	550676.75	0.00	0.00	0.00	0.00	10.91	0.00	0.15
281	32.00	49.00	614.12	17280.00	30706.25	550676.75	550676.75	0.00	0.00	0.00	0.00	10.93	0.00	0.15
282	33.00	49.00	614.12	17280.00	30706.25	550676.75	550676.75	0.00	0.00	0.00	0.00	10.80	0.00	0.15
283	33.00	50.00	614.12	17280.00	30706.25	550676.75	550676.75	0.00	0.00	0.00	0.00	10.81	0.00	0.15
284	33.00	51.00	614.12	17280.00	30706.25	550676.75	550676.75	0.00	0.00	0.00	0.00	10.73	0.00	0.15
285	33.00	52.00	614.12	17280.00	30706.25	550676.75	550676.75	0.00	0.00	0.00	0.00	10.78	0.00	0.15
286	33.00	53.00	614.12	17280.00	30706.25	550676.75	550676.75	0.00	0.00	0.00	0.00	11.10	0.00	0.15
287	33.00	54.00	614.12	17280.00	30706.25	550676.75	550676.75	0.00	0.00	0.00	0.00	11.12	0.00	0.15
288	34.00	54.00	614.12	17280.00	30706.25	550676.75	550676.75	0.00	0.00	0.00	0.00	10.99	0.00	0.15
289	35.00	54.00	614.12	17280.00	30706.25	550676.75	550676.75	0.00	0.00	0.00	0.00	10.87	0.00	0.15
290	36.00	54.00	614.12	17280.00	30706.25	550676.75	550676.75	0.00	0.00	0.00	0.00	10.75	0.00	0.15
291	36.00	55.00	614.12	17280.00	30706.25	550676.75	550676.75	0.00	0.00	0.00	0.00	10.82	0.00	0.15
292	36.00	56.00	614.12	17280.00	30706.25	550676.75	550676.75	0.00	0.00	0.00	0.00	11.12	0.00	0.15
293	37.00	56.00	614.12	17280.00	30706.25	550676.75	550676.75	0.00	0.00	0.00	0.00	11.00	0.00	0.15
294	37.00	57.00	614.12	17280.00	30706.25	550676.75	550676.75	0.00	0.00	0.00	0.00	10.96	0.00	0.15
295	38.00	57.00	614.12	17280.00	30706.25	550676.75	550676.75	0.00	0.00	0.00	0.00	10.84	0.00	0.15
296	38.00	58.00	614.12	17280.00	30706.25	550676.75	550676.75	0.00	0.00	0.00	0.00	10.87	0.00	0.15
297	38.00	59.00	614.12	17280.00	30706.25	550676.75	550676.75	0.00	0.00	0.00	0.00	10.84	0.00	0.15
298	38.00	60.00	614.12	17280.00	30706.25	550676.75	550676.75	0.00	0.00	0.00	0.00	10.99	0.00	0.15
299	38.00	61.00	614.12	17280.00	30706.25	550676.75	550676.75	0.00	0.00	0.00	0.00	11.07	0.00	0.15
300	38.00	62.00	614.12	17280.00	30706.25	550676.75	550676.75	0.00	0.00	0.00	0.00	11.02	0.00	0.15
301	38.00	63.00	522.01	20736.00	26100.31	550676.75	550676.75	0.00	0.00	0.00	0.00	11.19	0.00	0.15
302	39.00	63.00	522.01	20736.00	26100.31	550676.75	550676.75	0.00	0.00	0.00	0.00	11.08	0.00	0.15
303	40.00	63.00	522.01	20736.00	26100.31	550676.75	550676.75	0.00	0.00	0.00	0.00	10.97	0.00	0.15
304	41.00	63.00	522.01	20736.00	26100.31	550676.75	550676.75	0.00	0.00	0.00	0.00	10.87	0.00	0.15
305	42.00	63.00	522.01	20736.00	26100.31	550676.75	550676.75	0.00	0.00	0.00	0.00	10.76	0.00	0.15
306	43.00	63.00	522.01	20736.00	26100.31	550676.75	550676.75	0.00	0.00	0.00	0.00	10.66	0.00	0.15
307	43.00	64.00	522.01	20736.00	26100.31	550676.75	550676.75	0.00	0.00	0.00	0.00	10.59	0.00	0.15
308	44.00	64.00	522.01	20736.00	26100.31	550676.75	550676.75	0.00	0.00	0.00	0.00	10.49	0.00	0.15
309	45.00	64.00	522.01	20736.00	26100.31	550676.75	550676.75	0.00	0.00	0.00	0.00	10.39	0.00	0.15
310	46.00	64.00	522.01	20736.00	26100.31	550676.75	550676.75	0.00	0.00	0.00	0.00	10.30	0.00	0.15
311	46.00	65.00	522.01	20736.00	26100.31	550676.75	550676.75	0.00	0.00	0.00	0.00	10.27	0.00	0.15
312	46.00	66.00	522.01	20736.00	26100.31	550676.75	550676.75	0.00	0.00	0.00	0.00	10.48	0.00	0.15
313	47.00	66.00	522.01	20736.00	26100.31	550676.75	550676.75	0.00	0.00	0.00	0.00	10.38	0.00	0.15
314	47.00	67.00	522.01	20736.00	26100.31	550676.75	550676.75	0.00	0.00	0.00	0.00	10.38	0.00	0.15
315	47.00	68.00	522.01	20736.00	26100.31	550676.75	550676.75	0.00	0.00	0.00	0.00	10.32	0.00	0.15
316	47.00	69.00	522.01	20736.00	26100.31	550676.75	550676.75	0.00	0.00	0.00	0.00	10.51	0.00	0.15
317	47.00	70.00	522.01	20736.00	26100.31	550676.75	550676.75	0.00	0.00	0.00	0.00	10.46	0.00	0.15
318	48.00	70.00	522.01	20736.00	26100.31	550676.75	550676.75	0.00	0.00	0.00	0.00	10.37	0.00	0.15
319	49.00	70.00	522.01	20736.00	26100.31	550676.75	550676.75	0.00	0.00	0.00	0.00	10.29	0.00	0.15
320	50.00	70.00	522.01	20736.00	26100.31	550676.75	550676.75	0.00	0.00	0.00	0.00	10.20	0.00	0.15
321	51.00	70.00	522.01	20736.00	26100.31	550676.75	550676.75	0.00	0.00	0.00	0.00	10.12	0.00	0.15
322	51.00	71.00	522.01	20736.00	26100.31	550676.75	550676.75	0.00	0.00	0.00	0.00	10.70	0.00	0.15
323	51.00	72.00	522.01	20736.00	26100.31	550676.75	550676.75	0.00	0.00	0.00	0.00	10.70	0.00	0.15
324	51.00	73.00	522.01	20736.00	26100.31	550676.75	550676.75	0.00	0.00	0.00	0.00	10.63	0.00	0.15
325	51.00	74.00	522.01	20736.00	26100.31	550676.75	550676.75	0.00	0.00	0.00	0.00	10.64	0.00	0.15
326	52.00	74.00	522.01	20736.00	26100.31	540981.31	540981.31	0.00	0.00	0.00	0.00	10.55	0.00	0.13
327	52.00	25.00	522.01	20736.00	26100.31	540981.31	540981.31	0.00	0.00	0.00	0.00	4.79	0.00	0.13
328	53.00	25.00	522.01	20736.00	26100.31	540981.31	540981.31	0.00	0.00	0.00	0.00	4.73	0.00	0.13
329	53.00	26.00	522.01	20736.00	26100.31	540981.31	540981.31	0.00	0.00	0.00	0.00	4.76	0.00	0.13
330	53.00	27.00	522.01	20736.00	26100.31	540981.31	540981.31	0.00	0.00	0.00	0.00	4.74	0.00	0.13
331	54.00	27.00	522.01	20736.00	26100.31	540981.31	540981.31	0.00	0.00	0.00	0.00	4.68	0.00	0.13
332	54.00	28.00	522.01	20736.00	26100.31	540981.31	540981.31	0.00	0.00	0.00	0.00	4.76	0.00	0.13
333	55.00	28.00	522.01	20736.00	26100.31	540981.31	540981.31	0.00	0.00	0.00	0.00	4.70	0.00	0.13
334	55.00	29.00	522.01	20736.00	26100.31	540981.31	540981.31	0.00	0.00	0.00	0.00	4.88	0.00	0.13
335	56.00	29.00	522.01	20736.00	26100.31	540981.31	540981.31	0.00	0.00	0.00	0.00	4.83	0.00	0.13
336	56.00	30.00	522.01	20736.00	26100.31	540981.31	540981.31	0.00	0.00	0.00	0.00	4.80	0.00	0.13
337	56.00	31.00	522.01	20736.00	26100.31	540981.31	540981.31	0.00	0.00	0.00	0.00	4.88	0.00	0.13
338	57.00	31.00	522.01	20736.00	26100.31	540981.31	540981.31	0.00	0.00	0.00	0.00	4.83	0.00	0.13
339	58.00	31.00	522.01	20736.00	26100.31	540981.31	540981.31	0.00	0.00	0.00	0.00	4.77	0.00	0.13
340	59.00	31.00	522.01	20736.00	26100.31	540981.31	540981.31	0.00	0.00	0.00	0.00	4.72	0.00	0.13
341	59.00	32.00	522.01	20736.00	26100.31	540981.31	540981.31	0.00	0.00	0.00	0.00	4.77	0.00	0.13
342	60.00	32.00	522.01	20736.00	26100.31	540981.31	540981.31	0.00	0.00	0.00	0.00	4.71	0.00	0.13
343	61.00	32.00	522.01	20736.00	26100.31	540981.31	540981.31	0.00	0.00	0.00	0.00	4.66	0.00	0.13
344	62.00	32.00	522.01	20736.00	26100.31	540981.31	540981.31	0.00	0.00	0.00	0.00	4.61	0.00	0.13
345	62.00	33.00	522.01	20736.00	26100.31	540981.31	540981.31	0.00	0.00	0.00	0.00	4.69	0.00	0.13
346	62.00	34.00	522.01	20736.00	26100.31	540981.31	540981.31	0.00	0.00	0.00	0.00	5.01	0.00	0.13
347	62.00	35.00	522.01	20736.00	26100.31	540981.31	540981.31	0.00	0.00	0.00	0.00	5.12	0.00	0.13
348	63.00	35.00	522.01	20736.00	26100.31	540981.31	540981.31	0.00	0.00	0.00	0.00	5.07	0.00	0.13
349	63.00	36.00	522.01	20736.00	26100.31	540981.31	540981.31	0.00	0.00	0.00	0.00	5.27	0.00	0.13
350	63.00	37.00	522.01	20736.00	26100.31	540981.31	540981.31	0.00	0.00	0.00	0.00	5.31	0.00	0.13
351	64.00	37.00	522.01	20736.00	26100.31	540981.31	540981.31	0.00	0.00	0.00	0.00	5.26	0.00	0.13
352	64.00	38.00	522.01	20736.00	26100.31	540981.31	540981.31	0.00	0.00	0.00	0.00	5.40	0.00	0.13
353	64.00	39.00	522.01	20736.00	26100.31	540981.31	540981.31	0.00	0.00	0.00	0.00	5.46	0.00	0.13
354	64.00	40.00	522.01	20736.00	26100.31	540981.31	540981.31	0.00	0.00	0.00	0.00	5.52	0.00	0.13
355	65.00	40.00	522.01	20736.00	26100.31	540981.31	540981.31	0.00	0.00	0.00	0.00	5.46	0.00	0.13
356	66.00	40.00	522.01	20736.00	26100.31	540981.31	540981.31	0.00	0.00	0.00	0.00	5.41	0.00	0.13
357	67.00	40.00	522.01	20736.00	26100.31	540981.31	540981.31	0.00	0.00	0.00	0.00	5.36	0.00	0.13
358	67.00	41.00	522.01	20736.00	26100.31	540981.31	540981.31	0.00	0.00	0.00	0.00	5.42	0.00	0.13
359	68.00	41.00	522.01	20736.00	26100.31	540981.31	540981.31	0.00	0.00	0.00	0.00	5.37	0.00	0.13
360	68.00	42.00	522.01	20736.00	26100.31	540981.31	540981.31	0.00	0.00	0.00	0.00	5.34	0.00	0.13
361	69.00	42.00	522.01	20736.00	26100.31	540981.31	540981.31	0.00	0.00	0.00	0.00	5.30	0.00	0.13
362	69.00	43.00	522.01	20736.00	26100.31	540981.31	540981.31	0.00	0.00	0.00	0.00	5.28	0.00	0.13
363	70.00	43.00	522.01	20736.00	26100.31	540981.31	540981.31	0.00	0.00	0.00	0.00	5.23	0.00	0.13
364	71.00	43.00	522.01	20736.00	26100.31	540981.31	540981.31	0.00	0.00	0.00	0.00	5.18	0.00	0.13
365	71.00	44.00	522.01	20736.00	26100.31	540981.31	540981.31	0.00	0.00	0.00	0.00	5.24	0.00	0.13
366	71.00	45.00	522.01	20736.00	26100.31	540981.31	540981.31	0.00	0.00	0.00	0.00	5.22	0.00	0.13
367	71.00	46.00	522.01	20736.00	26100.31	540981.31	540981.31	0.00	0.00	0.00	0.00	5.27	0.00	0.13
368	72.00	46.00	522.01	20736.00	26100.31	540981.31	540981.31	0.00	0.00	0.00	0.00	5.23	0.00	0.13
369	72.00	47.00	522.01	20736.00	26100.31	540981.31	540981.31	0.00	0.00	0.00	0.00	5.24	0.00	0.13
370	72.00	48.00	522.01	20736.00	26100.31	540981.31	540981.31	0.00	0.00	0.00	0.00	5.26	0.00	0.13
371	72.00	49.00	522.01	20736.00	26100.31	540981.31	540981.31	0.00	0.00	0.00	0.00	5.50	0.00	0.13
372	72.00	50.00	522.01	20736.00	26100.31	540981.31	540981.31	0.00	0.00	0.00	0.00	5.55	0.00	0.13
373	72.00	51.00	522.01	20736.00	26100.31	540981.31	540981.31	0.00	0.00	0.00	0.00	5.76	0.00	0.13
374	72.00	52.00	522.01	20736.00	26100.31	540981.31	540981.31	0.00	0.00	0.00	0.00	5.83	0.00	0.13
375	72.00	53.00	522.01	20736.00	26100.31	540981.31	540981.31	0.00	0.00	0.00	0.00	5.81	0.00	0.13
376	73.00	53.00	522.01	20736.00	26100.31	540981.31	540981.31	0.00	0.00	0.00	0.00	5.76	0.00	0.13
377	74.00	53.00	522.01	20736.00	26100.31	540981.31	540981.31	0.00	0.00	0.00	0.00	5.72	0.00	0.13
378	25.00	53.00	522.01	20736.00	26100.31	540981.31	540981.31	0.00	0.00	0.00	0.00	9.31	0.00	0.13
379	26.00	53.00	522.01	20736.00	26100.31	540981.31	540981.31	0.00	0.00	0.00	0.00	9.19	0.00	0.13
380	27.00	53.00	522.01	20736.00	26100.31	540981.31	540981.31	0.00	0.00	0.00	0.00	9.07	0.00	0.13
381	27.00	54.00	522.01	20736.00	26100.31	540981.31	540981.31	0.00	0.00	0.00	0.00	9.39	0.00	0.13
382	28.00	54.00	522.01	20736.00	26100.31	540981.31	540981.31	0.00	0.00	0.00	0.00	9.28	0.00	0.13
383	28.00	55.00	522.01	20736.00	26100.31	540981.31	540981.31	0.00	0.00	0.00	0.00	9.55	0.00	0.13
384	28.00	56.00	522.01	20736.00	26100.31	540981.31	540981.31	0.00	0.00	0.00	0.00	9.57	0.00	0.13
385	28.00	57.00	522.01	20736.00	26100.31	540981.31	540981.31	0.00	0.00	0.00	0.00	9.61	0.00	0.13
386	29.00	57.00	522.01	20736.00	26100.31	540981.31	540981.31	0.00	0.00	0.00	0.00	9.50	0.00	0.13
387	29.00	58.00	522.01	20736.00	26100.31	540981.31	540981.31	0.00	0.00	0.00	0.00	9.53	0.00	0.13
388	29.00	59.00	522.01	20736.00	26100.31	540981.31	540981.31	0.00	0.00	0.00	0.00	9.45	0.00	0.13
389	29.00	60.00	522.01	20736.00	26100.31	540981.31	540981.31	0.00	0.00	0.00	0.00	9.49	0.00	0.13
390	30.00	60.00	522.01	20736.00	26100.31	540981.31	540981.31	0.00	0.00	0.00	0.00	9.38	0.00	0.13
391	31.00	60.00	522.01	20736.00	26100.31	540981.31	540981.31	0.00	0.00	0.00	0.00	9.28	0.00	0.13
392	31.00	61.00	522.01	20736.00	26100.31	540981.31	540981.31	0.00	0.00	0.00	0.00	9.32	0.00	0.13
393	31.00	62.00	522.01	20736.00	26100.31	540981.31	540981.31	0.00	0.00	0.00	0.00	10.13	0.00	0.13
394	32.00	62.00	522.01	20736.00	26100.31	540981.31	540981.31	0.00	0.00	0.00	0.00	10.02	0.00	0.13
395	33.00	62.00	522.01	20736.00	26100.31	540981.31	540981.31	0.00	0.00	0.00	0.00	9.92	0.00	0.13
396	33.00	63.00	522.01	20736.00	26100.31	540981.31	540981.31	0.00	0.00	0.00	0.00	9.85	0.00	0.13
397	34.00	63.00	522.01	20736.00	26100.31	540981.31	540981.31	0.00	0.00	0.00	0.00	9.75	0.00	0.13
398	35.00	63.00	522.01	20736.00	26100.31	540981.31	540981.31	0.00	0.00	0.00	0.00	9.65	0.00	0.13
399	36.00	63.00	522.01	20736.00	26100.31	540981.31	540981.31	0.00	0.00	0.00	0.00	9.56	0.00	0.13
400	36.00	64.00	522.01	20736.00	26100.31	540981.31	540981.31	0.00	0.00	0.00	0.00	9.63	0.00	0.13
401	36.00	65.00	443.71	24883.20	22185.27	540981.31	540981.31	0.00	0.00	0.00	0.00	9.61	0.00	0.13
402	37.00	65.00	443.71	24883.20	22185.27	540981.31	540981.31	0.00	0.00	0.00	0.00	9.52	0.00	0.13
403	37.00	66.00	443.71	24883.20	22185.27	540981.31	540981.31	0.00	0.00	0.00	0.00	9.60	0.00	0.13
404	37.00	67.00	443.71	24883.20	22185.27	540981.31	540981.31	0.00	0.00	0.00	0.00	9.54	0.00	0.13
405	37.00	68.00	443.71	24883.20	22185.27	540981.31	540981.31	0.00	0.00	0.00	0.00	9.94	0.00	0.13
406	38.00	68.00	443.71	24883.20	22185.27	540981.31	540981.31	0.00	0.00	0.00	0.00	9.85	0.00	0.13
407	38.00	69.00	443.71	24883.20	22185.27	540981.31	540981.31	0.00	0.00	0.00	0.00	9.86	0.00	0.13
408	39.00	69.00	443.71	24883.20	22185.27	540981.31	540981.31	0.00	0.00	0.00	0.00	9.77	0.00	0.13
409	40.00	69.00	443.71	24883.20	22185.27	540981.31	540981.31	0.00	0.00	0.00	0.00	9.68	0.00	0.13
410	41.00	69.00	443.71	24883.20	22185.27	540981.31	540981.31	0.00	0.00	0.00	0.00	9.59	0.00	0.13
411	42.00	69.00	443.71	24883.20	22185.27	540981.31	540981.31	0.00	0.00	0.00	0.00	9.51	0.00	0.13
412	42.00	70.00	443.71	24883.20	22185.27	540981.31	540981.31	0.00	0.00	0.00	0.00	9.49	0.00	0.13
413	42.00	71.00	443.71	24883.20	22185.27	540981.31	540981.31	0.00	0.00	0.00	0.00	9.50	0.00	0.13
414	42.00	72.00	443.71	24883.20	22185.27	540981.31	540981.31	0.00	0.00	0.00	0.00	9.62	0.00	0.13
415	42.00	73.00	443.71	24883.20	22185.27	540981.31	540981.31	0.00	0.00	0.00	0.00	9.74	0.00	0.13
416	43.00	73.00	443.71	24883.20	22185.27	540981.31	540981.31	0.00	0.00	0.00	0.00	9.66	0.00	0.13
417	43.00	74.00	443.71	24883.20	22185.27	540981.31	540981.31	0.00	0.00	0.00	0.00	9.69	0.00	0.13
418	43.00	25.00	443.71	24883.20	22185.27	540981.31	540981.31	0.00	0.00	0.00	0.00	5.41	0.00	0.13
419	43.00	26.00	443.71	24883.20	22185.27	540981.31	540981.31	0.00	0.00	0.00	0.00	5.38	0.00	0.13
420	44.00	26.00	443.71	24883.20	22185.27	540981.31	540981.31	0.00	0.00	0.00	0.00	5.30	0.00	0.13
421	44.00	27.00	443.71	24883.20	22185.27	540981.31	540981.31	0.00	0.00	0.00	0.00	5.55	0.00	0.13
422	45.00	27.00	443.71	24883.20	22185.27	540981.31	540981.31	0.00	0.00	0.00	0.00	5.47	0.00	0.13
423	45.00	28.00	443.71	24883.20	22185.27	540981.31	540981.31	0.00	0.00	0.00	0.00	5.56	0.00	0.13
424	45.00	29.00	443.71	24883.20	22185.27	540981.31	540981.31	0.00	0.00	0.00	0.00	5.61	0.00	0.13
425	46.00	29.00	443.71	24883.20	22185.27	540981.31	540981.31	0.00	0.00	0.00	0.00	5.53	0.00	0.13
426	47.00	29.00	443.71	24883.20	22185.27	540981.31	540981.31	0.00	0.00	0.00	0.00	5.46	0.00	0.13
427	48.00	29.00	443.71	24883.20	22185.27	540981.31	540981.31	0.00	0.00	0.00	0.00	5.39	0.00	0.13
428	48.00	30.00	443.71	24883.20	22185.27	540981.31	540981.31	0.00	0.00	0.00	0.00	5.49	0.00	0.13
429	48.00	31.00	443.71	24883.20	22185.27	540981.31	540981.31	0.00	0.00	0.00	0.00	5.48	0.00	0.13
430	49.00	31.00	443.71	24883.20	22185.27	540981.31	540981.31	0.00	0.00	0.00	0.00	5.42	0.00	0.13
431	50.00	31.00	443.71	24883.20	22185.27	540981.31	540981.31	0.00	0.00	0.00	0.00	5.35	0.00	0.13
432	51.00	31.00	443.71	24883.20	22185.27	540981.31	540981.31	0.00	0.00	0.00	0.00	5.28	0.00	0.13
433	52.00	31.00	443.71	24883.20	22185.27	540981.31	540981.31	0.00	0.00	0.00	0.00	5.22	0.00	0.13
434	53.00	31.00	443.71	24883.20	22185.27	540981.31	540981.31	0.00	0.00	0.00	0.00	5.16	0.00	0.13
435	53.00	32.00	443.71	24883.20	22185.27	540981.31	540981.31	0.00	0.00	0.00	0.00	5.13	0.00	0.13
436	54.00	32.00	443.71	24883.20	22185.27	540981.31	540981.31	0.00	0.00	0.00	0.00	5.07	0.00	0.13
437	55.00	32.00	443.71	24883.20	22185.27	540981.31	540981.31	0.00	0.00	0.00	0.00	5.01	0.00	0.13
438	55.00	33.00	443.71	24883.20	22185.27	540981.31	540981.31	0.00	0.00	0.00	0.00	5.05	0.00	0.13
439	55.00	34.00	443.71	24883.20	22185.27	540981.31	540981.31	0.00	0.00	0.00	0.00	5.33	0.00	0.13
440	56.00	34.00	443.71	24883.20	22185.27	540981.31	540981.31	0.00	0.00	0.00	0.00	5.27	0.00	0.13
441	56.00	35.00	443.71	24883.20	22185.27	540981.31	540981.31	0.00	0.00	0.00	0.00	5.81	0.00	0.13
442	57.00	35.00	443.71	24883.20	22185.27	540981.31	540981.31	0.00	0.00	0.00	0.00	5.75	0.00	0.13
443	58.00	35.00	443.71	24883.20	22185.27	540981.31	540981.31	0.00	0.00	0.00	0.00	5.69	0.00	0.13
444	59.00	35.00	443.71	24883.20	22185.27	540981.31	540981.31	0.00	0.00	0.00	0.00	5.63	0.00	0.13
445	60.00	35.00	443.71	24883.20	22185.27	540981.31	540981.31	0.00	0.00	0.00	0.00	5.57	0.00	0.13
446	61.00	35.00	443.71	24883.20	22185.27	540981.31	540981.31	0.00	0.00	0.00	0.00	5.51	0.00	0.13
447	62.00	35.00	443.71	24883.20	22185.27	540981.31	540981.31	0.00	0.00	0.00	0.00	5.45	0.00	0.13
448	62.00	36.00	443.71	24883.20	22185.27	540981.31	540981.31	0.00	0.00	0.00	0.00	5.55	0.00	0.13
449	63.00	36.00	443.71	24883.20	22185.27	540981.31	540981.31	0.00	0.00	0.00	0.00	5.50	0.00	0.13
450	64.00	36.00	443.71	24883.20	22185.27	540981.31	540981.31	0.00	0.00	0.00	0.00	5.44	0.00	0.13
451	64.00	37.00	443.71	24883.20	22185.27	540981.31	540981.31	0.00	0.00	0.00	0.00	5.58	0.00	0.13
452	65.00	37.00	443.71	24883.20	22185.27	540981.31	540981.31	0.00	0.00	0.00	0.00	5.52	0.00	0.13
453	66.00	37.00	443.71	24883.20	22185.27	540981.31	540981.31	0.00	0.00	0.00	0.00	5.47	0.00	0.13
454	66.00	38.00	443.71	24883.20	22185.27	540981.31	540981.31	0.00	0.00	0.00	0.00	5.43	0.00	0.13
455	67.00	38.00	443.71	24883.20	22185.27	540981.31	540981.31	0.00	0.00	0.00	0.00	5.38	0.00	0.13
456	67.00	39.00	443.71	24883.20	22185.27	540981.31	540981.31	0.00	0.00	0.00	0.00	5.38	0.00	0.13
457	67.00	40.00	443.71	24883.20	22185.27	540981.31	540981.31	0.00	0.00	0.00	0.00	5.35	0.00	0.13
458	67.00	41.00	443.71	24883.20	22185.27	540981.31	540981.31	0.00	0.00	0.00	0.00	5.50	0.00	0.13
459	67.00	42.00	443.71	24883.20	22185.27	540981.31	540981.31	0.00	0.00	0.00	0.00	5.62	0.00	0.13
460	68.00	42.00	443.71	24883.20	22185.27	540981.31	540981.31	0.00	0.00	0.00	0.00	5.57	0.00	0.13
461	69.00	42.00	443.71	24883.20	22185.27	538557.45	538557.45	0.00	0.00	0.00	0.00	5.52	0.00	0.12
462	69.00	43.00	443.71	24883.20	22185.27	538557.45	538557.45	0.00	0.00	0.00	0.00	5.66	0.00	0.12
463	70.00	43.00	443.71	24883.20	22185.27	538557.45	538557.45	0.00	0.00	0.00	0.00	5.61	0.00	0.12
464	71.00	43.00	443.71	24883.20	22185.27	538557.45	538557.45	0.00	0.00	0.00	0.00	5.56	0.00	0.12
465	72.00	43.00	443.71	24883.20	22185.27	538557.45	538557.45	0.00	0.00	0.00	0.00	5.51	0.00	0.12
466	73.00	43.00	443.71	24883.20	22185.27	538557.45	538557.45	0.00	0.00	0.00	0.00	5.47	0.00	0.12
467	74.00	43.00	443.71	24883.20	22185.27	538557.45	538557.45	0.00	0.00	0.00	0.00	5.42	0.00	0.12
468	74.00	44.00	443.71	24883.20	22185.27	538557.45	538557.45	0.00	0.00	0.00	0.00	5.80	0.00	0.12
469	25.00	44.00	443.71	24883.20	22185.27	538557.45	538557.45	0.00	0.00	0.00	0.00	9.92	0.00	0.12
470	26.00	44.00	443.71	24883.20	22185.27	538557.45	538557.45	0.00	0.00	0.00	0.00	9.78	0.00	0.12
471	27.00	44.00	443.71	24883.20	22185.27	538557.45	538557.45	0.00	0.00	0.00	0.00	9.64	0.00	0.12
472	28.00	44.00	443.71	24883.20	22185.27	538557.45	538557.45	0.00	0.00	0.00	0.00	9.51	0.00	0.12
473	29.00	44.00	443.71	24883.20	22185.27	538557.45	538557.45	0.00	0.00	0.00	0.00	9.38	0.00	0.12
474	30.00	44.00	443.71	24883.20	22185.27	538557.45	538557.45	0.00	0.00	0.00	0.00	9.25	0.00	0.12
475	30.00	45.00	443.71	24883.20	22185.27	538557.45	538557.45	0.00	0.00	0.00	0.00	9.22	0.00	0.12
476	31.00	45.00	443.71	24883.20	22185.27	538557.45	538557.45	0.00	0.00	0.00	0.00	9.10	0.00	0.12
477	32.00	45.00	443.71	24883.20	22185.27	538557.45	538557.45	0.00	0.00	0.00	0.00	8.98	0.00	0.12
478	33.00	45.00	443.71	24883.20	22185.27	538557.45	538557.45	0.00	0.00	0.00	0.00	8.87	0.00	0.12
479	34.00	45.00	443.71	24883.20	22185.27	538557.45	538557.45	0.00	0.00	0.00	0.00	8.75	0.00	0.12
480	34.00	46.00	443.71	24883.20	22185.27	538557.45	538557.45	0.00	0.00	0.00	0.00	8.79	0.00	0.12
481	34.00	47.00	443.71	24883.20	22185.27	538557.45	538557.45	0.00	0.00	0.00	0.00	8.99	0.00	0.12
482	35.00	47.00	443.71	24883.20	22185.27	538557.45	538557.45	0.00	0.00	0.00	0.00	8.88	0.00	0.12
483	36.00	47.00	443.71	24883.20	22185.27	538557.45	538557.45	0.00	0.00	0.00	0.00	8.77	0.00	0.12
484	36.00	48.00	443.71	24883.20	22185.27	538557.45	538557.45	0.00	0.00	0.00	0.00	8.70	0.00	0.12
485	36.00	49.00	443.71	24883.20	22185.27	538557.45	538557.45	0.00	0.00	0.00	0.00	8.63	0.00	0.12
486	37.00	49.00	443.71	24883.20	22185.27	538557.45	538557.45	0.00	0.00	0.00	0.00	8.53	0.00	0.12
487	37.00	50.00	443.71	24883.20	22185.27	538557.45	538557.45	0.00	0.00	0.00	0.00	8.48	0.00	0.12
488	37.00	51.00	443.71	24883.20	22185.27	538557.45	538557.45	0.00	0.00	0.00	0.00	8.77	0.00	0.12
489	37.00	52.00	443.71	24883.20	22185.27	538557.45	538557.45	0.00	0.00	0.00	0.00	8.70	0.00	0.12
490	37.00	53.00	443.71	24883.20	22185.27	538557.45	538557.45	0.00	0.00	0.00	0.00	8.74	0.00	0.12
491	37.00	54.00	443.71	24883.20	22185.27	538557.45	538557.45	0.00	0.00	0.00	0.00	8.67	0.00	0.12
492	38.00	54.00	443.71	24883.20	22185.27	538557.45	538557.45	0.00	0.00	0.00	0.00	8.57	0.00	0.12
493	39.00	54.00	443.71	24883.20	22185.27	538557.45	538557.45	0.00	0.00	0.00	0.00	8.48	0.00	0.12
494	40.00	54.00	443.71	24883.20	22185.27	538557.45	538557.45	0.00	0.00	0.00	0.00	8.39	0.00	0.12
495	41.00	54.00	443.71	24883.20	22185.27	538557.45	538557.45	0.00	0.00	0.00	0.00	8.30	0.00	0.12
496	42.00	54.00	443.71	24883.20	22185.27	538557.45	538557.45	0.00	0.00	0.00	0.00	8.22	0.00	0.12
497	43.00	54.00	443.71	24883.20	22185.27	538557.45	538557.45	0.00	0.00	0.00	0.00	8.13	0.00	0.12
498	43.00	55.00	443.71	24883.20	22185.27	538557.45	538557.45	0.00	0.00	0.00	0.00	8.12	0.00	0.12
499	43.00	56.00	443.71	24883.20	22185.27	538557.45	538557.45	0.00	0.00	0.00	0.00	8.05	0.00	0.12
500	44.00	56.00	443.71	24883.20	22185.27	538557.45	538557.45	0.00	0.00	0.00	0.00	7.97	0.00	0.12
501	44.00	57.00	377.15	29859.84	18857.48	538557.45	538557.45	0.00	0.00	0.00	0.00	8.09	0.00	0.12
502	45.00	57.00	377.15	29859.84	18857.48	538557.45	538557.45	0.00	0.00	0.00	0.00	8.01	0.00	0.12
503	45.00	58.00	377.15	29859.84	18857.48	538557.45	538557.45	0.00	0.00	0.00	0.00	8.01	0.00	0.12
504	45.00	59.00	377.15	29859.84	18857.48	538557.45	538557.45	0.00	0.00	0.00	0.00	8.05	0.00	0.12
505	45.00	60.00	377.15	29859.84	18857.48	538557.45	538557.45	0.00	0.00	0.00	0.00	8.08	0.00	0.12
506	46.00	60.00	377.15	29859.84	18857.48	538557.45	538557.45	0.00	0.00	0.00	0.00	8.00	0.00	0.12
507	46.00	61.00	377.15	29859.84	18857.48	538557.45	538557.45	0.00	0.00	0.00	0.00	8.02	0.00	0.12
508	46.00	62.00	377.15	29859.84	18857.48	538557.45	538557.45	0.00	0.00	0.00	0.00	8.13	0.00	0.12
509	47.00	62.00	377.15	29859.84	18857.48	538557.45	538557.45	0.00	0.00	0.00	0.00	8.05	0.00	0.12
510	48.00	62.00	377.15	29859.84	18857.48	538557.45	538557.45	0.00	0.00	0.00	0.00	7.98	0.00	0.12
511	48.00	63.00	377.15	29859.84	18857.48	538557.45	538557.45	0.00	0.00	0.00	0.00	8.15	0.00	0.12
512	48.00	64.00	377.15	29859.84	18857.48	538557.45	538557.45	0.00	0.00	0.00	0.00	8.18	0.00	0.12
513	48.00	65.00	377.15	29859.84	18857.48	538557.45	538557.45	0.00	0.00	0.00	0.00	8.15	0.00	0.12
514	49.00	65.00	377.15	29859.84	18857.48	538557.45	538557.45	0.00	0.00	0.00	0.00	8.08	0.00	0.12
515	50.00	65.00	377.15	29859.84	18857.48	538557.45	538557.45	0.00	0.00	0.00	0.00	8.01	0.00	0.12
516	50.00	66.00	377.15	29859.84	18857.48	538557.45	538557.45	0.00	0.00	0.00	0.00	8.12	0.00	0.12
517	51.00	66.00	377.15	29859.84	18857.48	538557.45	538557.45	0.00	0.00	0.00	0.00	8.05	0.00	0.12
518	52.00	66.00	377.15	29859.84	18857.48	538557.45	538557.45	0.00	0.00	0.00	0.00	7.98	0.00	0.12
519	53.00	66.00	377.15	29859.84	18857.48	538557.45	538557.45	0.00	0.00	0.00	0.00	7.92	0.00	0.12
520	53.00	67.00	377.15	29859.84	18857.48	538557.45	538557.45	0.00	0.00	0.00	0.00	7.91	0.00	0.12
521	53.00	68.00	377.15	29859.84	18857.48	538557.45	538557.45	0.00	0.00	0.00	0.00	8.06	0.00	0.12
522	54.00	68.00	377.15	29859.84	18857.48	538557.45	538557.45	0.00	0.00	0.00	0.00	7.99	0.00	0.12
523	54.00	69.00	377.15	29859.84	18857.48	538557.45	538557.45	0.00	0.00	0.00	0.00	8.06	0.00	0.12
524	55.00	69.00	377.15	29859.84	18857.48	538557.45	538557.45	0.00	0.00	0.00	0.00	8.00	0.00	0.12
525	55.00	70.00	377.15	29859.84	18857.48	538557.45	538557.45	0.00	0.00	0.00	0.00	7.96	0.00	0.12
526	56.00	70.00	377.15	29859.84	18857.48	538557.45	538557.45	0.00	0.00	0.00	0.00	7.89	0.00	0.12
527	56.00	71.00	377.15	29859.84	18857.48	538557.45	538557.45	0.00	0.00	0.00	0.00	7.90	0.00	0.12
528	56.00	72.00	377.15	29859.84	18857.48	538557.45	538557.45	0.00	0.00	0.00	0.00	7.86	0.00	0.12
529	56.00	73.00	377.15	29859.84	18857.48	538557.45	538557.45	0.00	0.00	0.00	0.00	7.89	0.00	0.12
530	57.00	73.00	377.15	29859.84	18857.48	538557.45	538557.45	0.00	0.00	0.00	0.00	7.83	0.00	0.12
531	57.00	74.00	377.15	29859.84	18857.48	538557.45	538557.45	0.00	0.00	0.00	0.00	7.87	0.00	0.12
532	57.00	25.00	377.15	29859.84	18857.48	538557.45	538557.45	0.00	0.00	0.00	0.00	4.60	0.00	0.12
533	58.00	25.00	377.15	29859.84	18857.48	538557.45	538557.45	0.00	0.00	0.00	0.00	4.55	0.00	0.12
534	59.00	25.00	377.15	29859.84	18857.48	538557.45	538557.45	0.00	0.00	0.00	0.00	4.49	0.00	0.12
535	60.00	25.00	377.15	29859.84	18857.48	538557.45	538557.45	0.00	0.00	0.00	0.00	4.44	0.00	0.12
536	60.00	26.00	377.15	29859.84	18857.48	538557.45	538557.45	0.00	0.00	0.00	0.00	4.42	0.00	0.12
537	61.00	26.00	377.15	29859.84	18857.48	538557.45	538557.45	0.00	0.00	0.00	0.00	4.37	0.00	0.12
538	61.00	27.00	377.15	29859.84	18857.48	538557.45	538557.45	0.00	0.00	0.00	0.00	4.72	0.00	0.12
539	62.00	27.00	377.15	29859.84	18857.48	538557.45	538557.45	0.00	0.00	0.00	0.00	4.67	0.00	0.12
540	63.00	27.00	377.15	29859.84	18857.48	538557.45	538557.45	0.00	0.00	0.00	0.00	4.62	0.00	0.12
541	63.00	28.00	377.15	29859.84	18857.48	538557.45	538557.45	0.00	0.00	0.00	0.00	4.61	0.00	0.12
542	63.00	29.00	377.15	29859.84	18857.48	538557.45	538557.45	0.00	0.00	0.00	0.00	4.68	0.00	0.12
543	64.00	29.00	377.15	29859.84	18857.48	538557.45	538557.45	0.00	0.00	0.00	0.00	4.63	0.00	0.12
544	64.00	30.00	377.15	29859.84	18857.48	538557.45	538557.45	0.00	0.00	0.00	0.00	4.94	0.00	0.12
545	65.00	30.00	377.15	29859.84	18857.48	538557.45	538557.45	0.00	0.00	0.00	0.00	4.89	0.00	0.12
546	66.00	30.00	377.15	29859.84	18857.48	538557.45	538557.45	0.00	0.00	0.00	0.00	4.83	0.00	0.12
547	66.00	31.00	377.15	29859.84	18857.48	538557.45	538557.45	0.00	0.00	0.00	0.00	4.97	0.00	0.12
548	67.00	31.00	377.15	29859.84	18857.48	538557.45	538557.45	0.00	0.00	0.00	0.00	4.92	0.00	0.12
549	68.00	31.00	377.15	29859.84	18857.48	538557.45	538557.45	0.00	0.00	0.00	0.00	4.87	0.00	0.12
550	69.00	31.00	377.15	29859.84	18857.48	538557.45	538557.45	0.00	0.00	0.00	0.00	4.82	0.00	0.12
551	69.00	32.00	377.15	29859.84	18857.48	538557.45	538557.45	0.00	0.00	0.00	0.00	4.86	0.00	0.12
552	70.00	32.00	377.15	29859.84	18857.48	538557.45	538557.45	0.00	0.00	0.00	0.00	4.81	0.00	0.12
553	70.00	33.00	377.15	29859.84	18857.48	538557.45	538557.45	0.00	0.00	0.00	0.00	4.79	0.00	0.12
554	71.00	33.00	377.15	29859.84	18857.48	538557.45	538557.45	0.00	0.00	0.00	0.00	4.74	0.00	0.12
555	72.00	33.00	377.15	29859.84	18857.48	538557.45	538557.45	0.00	0.00	0.00	0.00	4.69	0.00	0.12
556	73.00	33.00	377.15	29859.84	18857.48	538557.45	538557.45	0.00	0.00	0.00	0.00	4.65	0.00	0.12
557	74.00	33.00	377.15	29859.84	18857.48	538557.45	538557.45	0.00	0.00	0.00	0.00	4.61	0.00	0.12
558	25.00	33.00	377.15	29859.84	18857.48	538557.45	538557.45	0.00	0.00	0.00	0.00	8.50	0.00	0.12
559	25.00	34.00	377.15	29859.84	18857.48	538557.45	538557.45	0.00	0.00	0.00	0.00	8.53	0.00	0.12
560	25.00	35.00	377.15	29859.84	18857.48	538557.45	538557.45	0.00	0.00	0.00	0.00	8.94	0.00	0.12
561	25.00	36.00	377.15	29859.84	18857.48	538557.45	538557.45	0.00	0.00	0.00	0.00	8.82	0.00	0.12
562	26.00	36.00	377.15	29859.84	18857.48	538557.45	538557.45	0.00	0.00	0.00	0.00	8.68	0.00	0.12
563	27.00	36.00	377.15	29859.84	18857.48	538557.45	538557.45	0.00	0.00	0.00	0.00	8.54	0.00	0.12
564	27.00	37.00	377.15	29859.84	18857.48	538557.45	538557.45	0.00	0.00	0.00	0.00	8.57	0.00	0.12
565	27.00	38.00	377.15	29859.84	18857.48	538557.45	538557.45	0.00	0.00	0.00	0.00	8.51	0.00	0.12
566	27.00	39.00	377.15	29859.84	18857.48	538557.45	538557.45	0.00	0.00	0.00	0.00	8.49	0.00	0.12
567	27.00	40.00	377.15	29859.84	18857.48	538557.45	538557.45	0.00	0.00	0.00	0.00	8.94	0.00	0.12
568	27.00	41.00	377.15	29859.84	18857.48	538557.45	538557.45	0.00	0.00	0.00	0.00	8.89	0.00	0.12
569	27.00	42.00	377.15	29859.84	18857.48	538557.45	538557.45	0.00	0.00	0.00	0.00	9.18	0.00	0.12
570	28.00	42.00	377.15	29859.84	18857.48	538557.45	538557.45	0.00	0.00	0.00	0.00	9.04	0.00	0.12
571	28.00	43.00	377.15	29859.84	18857.48	538557.45	538557.45	0.00	0.00	0.00	0.00	9.00	0.00	0.12
572	29.00	43.00	377.15	29859.84	18857.48	538557.45	538557.45	0.00	0.00	0.00	0.00	8.88	0.00	0.12
573	30.00	43.00	377.15	29859.84	18857.48	538557.45	538557.45	0.00	0.00	0.00	0.00	8.75	0.00	0.12
574	30.00	44.00	377.15	29859.84	18857.48	538557.45	538557.45	0.00	0.00	0.00	0.00	9.02	0.00	0.12
575	31.00	44.00	377.15	29859.84	18857.48	538557.45	538557.45	0.00	0.00	0.00	0.00	8.90	0.00	0.12
576	32.00	44.00	377.15	29859.84	18857.48	538557.45	538557.45	0.00	0.00	0.00	0.00	8.78	0.00	0.12
577	32.00	45.00	377.15	29859.84	18857.48	538557.45	538557.45	0.00	0.00	0.00	0.00	8.89	0.00	0.12
578	32.00	46.00	377.15	29859.84	18857.48	538557.45	538557.45	0.00	0.00	0.00	0.00	8.86	0.00	0.12
579	33.00	46.00	377.15	29859.84	18857.48	538557.45	538557.45	0.00	0.00	0.00	0.00	8.75	0.00	0.12
580	33.00	47.00	377.15	29859.84	18857.48	538557.45	538557.45	0.00	0.00	0.00	0.00	8.87	0.00	0.12
581	33.00	48.00	377.15	29859.84	18857.48	538557.45	538557.45	0.00	0.00	0.00	0.00	8.86	0.00	0.12
582	34.00	48.00	377.15	29859.84	18857.48	538557.45	538557.45	0.00	0.00	0.00	0.00	8.76	0.00	0.12
583	34.00	49.00	377.15	29859.84	18857.48	538557.45	538557.45	0.00	0.00	0.00	0.00	8.69	0.00	0.12
584	35.00	49.00	377.15	29859.84	18857.48	538557.45	538557.45	0.00	0.00	0.00	0.00	8.58	0.00	0.12
585	36.00	49.00	377.15	29859.84	18857.48	538557.45	538557.45	0.00	0.00	0.00	0.00	8.48	0.00	0.12
586	37.00	49.00	377.15	29859.84	18857.48	538557.45	538557.45	0.00	0.00	0.00	0.00	8.38	0.00	0.12
587	37.00	50.00	377.15	29859.84	18857.48	538557.45	538557.45	0.00	0.00	0.00	0.00	8.48	0.00	0.12
588	38.00	50.00	377.15	29859.84	18857.48	538557.45	538557.45	0.00	0.00	0.00	0.00	8.38	0.00	0.12
589	39.00	50.00	377.15	29859.84	18857.48	538557.45	538557.45	0.00	0.00	0.00	0.00	8.29	0.00	0.12
590	39.00	51.00	377.15	29859.84	18857.48	538557.45	538557.45	0.00	0.00	0.00	0.00	8.65	0.00	0.12
591	39.00	52.00	377.15	29859.84	18857.48	538557.45	538557.45	0.00	0.00	0.00	0.00	9.01	0.00	0.12
592	40.00	52.00	377.15	29859.84	18857.48	538557.45	538557.45	0.00	0.00	0.00	0.00	8.91	0.00	0.12
593	41.00	52.00	377.15	29859.84	18857.48	538557.45	538557.45	0.00	0.00	0.00	0.00	8.81	0.00	0.12
594	42.00	52.00	377.15	29859.84	18857.48	538557.45	538557.45	0.00	0.00	0.00	0.00	8.72	0.00	0.12
595	42.00	53.00	377.15	29859.84	18857.48	538557.45	538557.45	0.00	0.00	0.00	0.00	8.66	0.00	0.12
596	43.00	53.00	377.15	29859.84	18857.48	538557.45	538557.45	0.00	0.00	0.00	0.00	8.57	0.00	0.12
597	43.00	54.00	377.15	29859.84	18857.48	538557.45	538557.45	0.00	0.00	0.00	0.00	8.50	0.00	0.12
598	44.00	54.00	377.15	29859.84	18857.48	538557.45	538557.45	0.00	0.00	0.00	0.00	8.41	0.00	0.12
599	45.00	54.00	377.15	29859.84	18857.48	538557.45	538557.45	0.00	0.00	0.00	0.00	8.33	0.00	0.12
600	46.00	54.00	377.15	29859.84	18857.48	538557.45	538557.45	0.00	0.00	0.00	0.00	8.24	0.00	0.12
601	46.00	55.00	320.58	35831.81	16028.85	538557.45	538557.45	0.00	0.00	0.00	0.00	8.19	0.00	0.12
602	47.00	55.00	320.58	35831.81	16028.85	538557.45	538557.45	0.00	0.00	0.00	0.00	8.11	0.00	0.12
603	47.00	56.00	320.58	35831.81	16028.85	538557.45	538557.45	0.00	0.00	0.00	0.00	8.14	0.00	0.12
604	48.00	56.00	320.58	35831.81	16028.85	538557.45	538557.45	0.00	0.00	0.00	0.00	8.06	0.00	0.12
605	48.00	57.00	320.58	35831.81	16028.85	538557.45	538557.45	0.00	0.00	0.00	0.00	8.04	0.00	0.12
606	48.00	58.00	320.58	35831.81	16028.85	538557.45	538557.45	0.00	0.00	0.00	0.00	7.98	0.00	0.12
607	48.00	59.00	320.58	35831.81	16028.85	538557.45	538557.45	0.00	0.00	0.00	0.00	8.26	0.00	0.12
608	48.00	60.00	320.58	35831.81	16028.85	538557.45	538557.45	0.00	0.00	0.00	0.00	8.30	0.00	0.12
609	48.00	61.00	320.58	35831.81	16028.85	538557.45	538557.45	0.00	0.00	0.00	0.00	8.25	0.00	0.12
610	49.00	61.00	320.58	35831.81	16028.85	538557.45	538557.45	0.00	0.00	0.00	0.00	8.17	0.00	0.12
611	49.00	62.00	320.58	35831.81	16028.85	538557.45	538557.45	0.00	0.00	0.00	0.00	8.31	0.00	0.12
612	50.00	62.00	320.58	35831.81	16028.85	538557.45	538557.45	0.00	0.00	0.00	0.00	8.23	0.00	0.12
613	50.00	63.00	320.58	35831.81	16028.85	538557.45	538557.45	0.00	0.00	0.00	0.00	8.18	0.00	0.12
614	51.00	63.00	320.58	35831.81	16028.85	538557.45	538557.45	0.00	0.00	0.00	0.00	8.11	0.00	0.12
615	52.00	63.00	320.58	35831.81	16028.85	538557.45	538557.45	0.00	0.00	0.00	0.00	8.04	0.00	0.12
616	52.00	64.00	320.58	35831.81	16028.85	538557.45	538557.45	0.00	0.00	0.00	0.00	8.05	0.00	0.12
617	53.00	64.00	320.58	35831.81	16028.85	538557.45	538557.45	0.00	0.00	0.00	0.00	7.98	0.00	0.12
618	54.00	64.00	320.58	35831.81	16028.85	538557.45	538557.45	0.00	0.00	0.00	0.00	7.92	0.00	0.12
619	54.00	65.00	320.58	35831.81	16028.85	538557.45	538557.45	0.00	0.00	0.00	0.00	8.31	0.00	0.12
620	54.00	66.00	320.58	35831.81	16028.85	538557.45	538557.45	0.00	0.00	0.00	0.00	8.30	0.00	0.12
621	54.00	67.00	320.58	35831.81	16028.85	538557.45	538557.45	0.00	0.00	0.00	0.00	8.63	0.00	0.12
622	54.00	68.00	320.58	35831.81	16028.85	538557.45	538557.45	0.00	0.00	0.00	0.00	8.57	0.00	0.12
623	54.00	69.00	320.58	35831.81	16028.85	538557.45	538557.45	0.00	0.00	0.00	0.00	8.60	0.00	0.12
624	54.00	70.00	320.58	35831.81	16028.85	538557.45	538557.45	0.00	0.00	0.00	0.00	8.56	0.00	0.12
625	55.00	70.00	320.58	35831.81	16028.85	538557.45	538557.45	0.00	0.00	0.00	0.00	8.49	0.00	0.12
626	55.00	71.00	320.58	35831.81	16028.85	538557.45	538557.45	0.00	0.00	0.00	0.00	8.58	0.00	0.12
627	56.00	71.00	320.58	35831.81	16028.85	538557.45	538557.45	0.00	0.00	0.00	0.00	8.51	0.00	0.12
628	57.00	71.00	320.58	35831.81	16028.85	538557.45	538557.45	0.00	0.00	0.00	0.00	8.44	0.00	0.12
629	57.00	72.00	320.58	35831.81	16028.85	538557.45	538557.45	0.00	0.00	0.00	0.00	8.40	0.00	0.12
630	58.00	72.00	320.58	35831.81	16028.85	538557.45	538557.45	0.00	0.00	0.00	0.00	8.33	0.00	0.12
631	59.00	72.00	320.58	35831.81	16028.85	538557.45	538557.45	0.00	0.00	0.00	0.00	8.27	0.00	0.12
632	60.00	72.00	320.58	35831.81	16028.85	538557.45	538557.45	0.00	0.00	0.00	0.00	8.21	0.00	0.12
633	60.00	73.00	320.58	35831.81	16028.85	538557.45	538557.45	0.00	0.00	0.00	0.00	8.16	0.00	0.12
634	60.00	74.00	320.58	35831.81	16028.85	538557.45	538557.45	0.00	0.00	0.00	0.00	8.12	0.00	0.12
635	60.00	25.00	320.58	35831.81	16028.85	538557.45	538557.45	0.00	0.00	0.00	0.00	4.00	0.00	0.12
636	61.00	25.00	320.58	35831.81	16028.85	538557.45	538557.45	0.00	0.00	0.00	0.00	3.96	0.00	0.12
637	61.00	26.00	320.58	35831.81	16028.85	538557.45	538557.45	0.00	0.00	0.00	0.00	3.94	0.00	0.12
638	61.00	27.00	320.58	35831.81	16028.85	538557.45	538557.45	0.00	0.00	0.00	0.00	3.96	0.00	0.12
639	62.00	27.00	320.58	35831.81	16028.85	538557.45	538557.45	0.00	0.00	0.00	0.00	3.92	0.00	0.12
640	62.00	28.00	320.58	35831.81	16028.85	538557.45	538557.45	0.00	0.00	0.00	0.00	4.06	0.00	0.12
641	63.00	28.00	320.58	35831.81	16028.85	538557.45	538557.45	0.00	0.00	0.00	0.00	4.02	0.00	0.12
642	63.00	29.00	320.58	35831.81	16028.85	538557.45	538557.45	0.00	0.00	0.00	0.00	4.05	0.00	0.12
643	64.00	29.00	320.58	35831.81	16028.85	538557.45	538557.45	0.00	0.00	0.00	0.00	4.01	0.00	0.12
644	65.00	29.00	320.58	35831.81	16028.85	538557.45	538557.45	0.00	0.00	0.00	0.00	3.96	0.00	0.12
645	66.00	29.00	320.58	35831.81	16028.85	538557.45	538557.45	0.00	0.00	0.00	0.00	3.92	0.00	0.12
646	67.00	29.00	320.58	35831.81	16028.85	538557.45	538557.45	0.00	0.00	0.00	0.00	3.88	0.00	0.12
647	67.00	30.00	320.58	35831.81	16028.85	538557.45	538557.45	0.00	0.00	0.00	0.00	3.96	0.00	0.12
648	68.00	30.00	320.58	35831.81	16028.85	538557.45	538557.45	0.00	0.00	0.00	0.00	3.92	0.00	0.12
649	68.00	31.00	320.58	35831.81	16028.85	538557.45	538557.45	0.00	0.00	0.00	0.00	4.10	0.00	0.12
650	68.00	32.00	320.58	35831.81	16028.85	538557.45	538557.45	0.00	0.00	0.00	0.00	4.49	0.00	0.12
651	69.00	32.00	320.58	35831.81	16028.85	538557.45	538557.45	0.00	0.00	0.00	0.00	4.45	0.00	0.12
652	70.00	32.00	320.58	35831.81	16028.85	538557.45	538557.45	0.00	0.00	0.00	0.00	4.41	0.00	0.12
653	71.00	32.00	320.58	35831.81	16028.85	538557.45	538557.45	0.00	0.00	0.00	0.00	4.36	0.00	0.12
654	72.00	32.00	320.58	35831.81	16028.85	538557.45	538557.45	0.00	0.00	0.00	0.00	4.32	0.00	0.12
655	73.00	32.00	320.58	35831.81	16028.85	538557.45	538557.45	0.00	0.00	0.00	0.00	4.28	0.00	0.12
656	74.00	32.00	320.58	35831.81	16028.85	538557.45	538557.45	0.00	0.00	0.00	0.00	4.24	0.00	0.12
657	25.00	32.00	320.58	35831.81	16028.85	538557.45	538557.45	0.00	0.00	0.00	0.00	7.88	0.00	0.12
658	26.00	32.00	320.58	35831.81	16028.85	538557.45	538557.45	0.00	0.00	0.00	0.00	7.75	0.00	0.12
659	26.00	33.00	320.58	35831.81	16028.85	538557.45	538557.45	0.00	0.00	0.00	0.00	7.81	0.00	0.12
660	27.00	33.00	320.58	35831.81	16028.85	538557.45	538557.45	0.00	0.00	0.00	0.00	7.68	0.00	0.12
661	28.00	33.00	320.58	35831.81	16028.85	538557.45	538557.45	0.00	0.00	0.00	0.00	7.55	0.00	0.12
662	29.00	33.00	320.58	35831.81	16028.85	538557.45	538557.45	0.00	0.00	0.00	0.00	7.43	0.00	0.12
663	30.00	33.00	320.58	35831.81	16028.85	538557.45	538557.45	0.00	0.00	0.00	0.00	7.32	0.00	0.12
664	30.00	34.00	320.58	35831.81	16028.85	538557.45	538557.45	0.00	0.00	0.00	0.00	7.51	0.00	0.12
665	30.00	35.00	320.58	35831.81	16028.85	538557.45	538557.45	0.00	0.00	0.00	0.00	7.57	0.00	0.12
666	30.00	36.00	320.58	35831.81	16028.85	538557.45	538557.45	0.00	0.00	0.00	0.00	7.59	0.00	0.12
667	31.00	36.00	320.58	35831.81	16028.85	538557.45	538557.45	0.00	0.00	0.00	0.00	7.48	0.00	0.12
668	31.00	37.00	320.58	35831.81	16028.85	538557.45	538557.45	0.00	0.00	0.00	0.00	7.40	0.00	0.12
669	31.00	38.00	320.58	35831.81	16028.85	538557.45	538557.45	0.00	0.00	0.00	0.00	7.56	0.00	0.12
670	31.00	39.00	320.58	35831.81	16028.85	538557.45	538557.45	0.00	0.00	0.00	0.00	7.61	0.00	0.12
671	32.00	39.00	320.58	35831.81	16028.85	538557.45	538557.45	0.00	0.00	0.00	0.00	7.51	0.00	0.12
672	33.00	39.00	320.58	35831.81	16028.85	538557.45	538557.45	0.00	0.00	0.00	0.00	7.40	0.00	0.12
673	33.00	40.00	320.58	35831.81	16028.85	538557.45	538557.45	0.00	0.00	0.00	0.00	7.34	0.00	0.12
674	34.00	40.00	320.58	35831.81	16028.85	538557.45	538557.45	0.00	0.00	0.00	0.00	7.24	0.00	0.12
675	34.00	41.00	320.58	35831.81	16028.85	538557.45	538557.45	0.00	0.00	0.00	0.00	7.24	0.00	0.12
676	34.00	42.00	320.58	35831.81	16028.85	538557.45	538557.45	0.00	0.00	0.00	0.00	7.37	0.00	0.12
677	34.00	43.00	320.58	35831.81	16028.85	538557.45	538557.45	0.00	0.00	0.00	0.00	7.44	0.00	0.12
678	34.00	44.00	320.58	35831.81	16028.85	538557.45	538557.45	0.00	0.00	0.00	0.00	7.49	0.00	0.12
679	35.00	44.00	320.58	35831.81	16028.85	538557.45	538557.45	0.00	0.00	0.00	0.00	7.40	0.00	0.12
680	35.00	45.00	320.58	35831.81	16028.85	538557.45	538557.45	0.00	0.00	0.00	0.00	7.66	0.00	0.12
681	36.00	45.00	320.58	35831.81	16028.85	538557.45	538557.45	0.00	0.00	0.00	0.00	7.57	0.00	0.12
682	36.00	46.00	320.58	35831.81	16028.85	538557.45	538557.45	0.00	0.00	0.00	0.00	7.62	0.00	0.12
683	37.00	46.00	320.58	35831.81	16028.85	538557.45	538557.45	0.00	0.00	0.00	0.00	7.53	0.00	0.12
684	38.00	46.00	320.58	35831.81	16028.85	538557.45	538557.45	0.00	0.00	0.00	0.00	7.44	0.00	0.12
685	39.00	46.00	320.58	35831.81	16028.85	538557.45	538557.45	0.00	0.00	0.00	0.00	7.35	0.00	0.12
686	39.00	47.00	320.58	35831.81	16028.85	538557.45	538557.45	0.00	0.00	0.00	0.00	7.36	0.00	0.12
687	39.00	48.00	320.58	35831.81	16028.85	538557.45	538557.45	0.00	0.00	0.00	0.00	7.34	0.00	0.12
688	40.00	48.00	320.58	35831.81	16028.85	538557.45	538557.45	0.00	0.00	0.00	0.00	7.26	0.00	0.12
689	41.00	48.00	320.58	35831.81	16028.85	538557.45	538557.45	0.00	0.00	0.00	0.00	7.18	0.00	0.12
690	41.00	49.00	320.58	35831.81	16028.85	538557.45	538557.45	0.00	0.00	0.00	0.00	7.13	0.00	0.12
691	41.00	50.00	320.58	35831.81	16028.85	538557.45	538557.45	0.00	0.00	0.00	0.00	7.13	0.00	0.12
692	42.00	50.00	320.58	35831.81	16028.85	538557.45	538557.45	0.00	0.00	0.00	0.00	7.05	0.00	0.12
693	42.00	51.00	320.58	35831.81	16028.85	538557.45	538557.45	0.00	0.00	0.00	0.00	7.01	0.00	0.12
694	43.00	51.00	320.58	35831.81	16028.85	538557.45	538557.45	0.00	0.00	0.00	0.00	6.93	0.00	0.12
695	44.00	51.00	320.58	35831.81	16028.85	538557.45	538557.45	0.00	0.00	0.00	0.00	6.86	0.00	0.12
696	44.00	52.00	320.58	35831.81	16028.85	538557.45	538557.45	0.00	0.00	0.00	0.00	6.96	0.00	0.12
697	44.00	53.00	320.58	35831.81	16028.85	538557.45	538557.45	0.00	0.00	0.00	0.00	7.07	0.00	0.12
698	45.00	53.00	320.58	35831.81	16028.85	538557.45	538557.45	0.00	0.00	0.00	0.00	6.99	0.00	0.12
699	45.00	54.00	320.58	35831.81	16028.85	538557.45	538557.45	0.00	0.00	0.00	0.00	6.99	0.00	0.12
700	46.00	54.00	320.58	35831.81	16028.85	538557.45	538557.45	0.00	0.00	0.00	0.00	6.92	0.00	0.12
701	46.00	55.00	272.49	42998.17	13624.53	538557.45	538557.45	0.00	0.00	0.00	0.00	6.92	0.00	0.12
702	47.00	55.00	272.49	42998.17	13624.53	538557.45	538557.45	0.00	0.00	0.00	0.00	6.85	0.00	0.12
703	47.00	56.00	272.49	42998.17	13624.53	538557.45	538557.45	0.00	0.00	0.00	0.00	7.03	0.00	0.12
704	48.00	56.00	272.49	42998.17	13624.53	538557.45	538557.45	0.00	0.00	0.00	0.00	6.96	0.00	0.12
705	49.00	56.00	272.49	42998.17	13624.53	538557.45	538557.45	0.00	0.00	0.00	0.00	6.89	0.00	0.12
706	50.00	56.00	272.49	42998.17	13624.53	538557.45	538557.45	0.00	0.00	0.00	0.00	6.83	0.00	0.12
707	51.00	56.00	272.49	42998.17	13624.53	538557.45	538557.45	0.00	0.00	0.00	0.00	6.76	0.00	0.12
708	51.00	57.00	272.49	42998.17	13624.53	538557.45	538557.45	0.00	0.00	0.00	0.00	6.73	0.00	0.12
709	51.00	58.00	272.49	42998.17	13624.53	538557.45	538557.45	0.00	0.00	0.00	0.00	6.82	0.00	0.12
710	51.00	59.00	272.49	42998.17	13624.53	538557.45	538557.45	0.00	0.00	0.00	0.00	6.86	0.00	0.12
711	51.00	60.00	272.49	42998.17	13624.53	538557.45	538557.45	0.00	0.00	0.00	0.00	6.86	0.00	0.12
712	52.00	60.00	272.49	42998.17	13624.53	538557.45	538557.45	0.00	0.00	0.00	0.00	6.80	0.00	0.12
713	53.00	60.00	272.49	42998.17	13624.53	538557.45	538557.45	0.00	0.00	0.00	0.00	6.74	0.00	0.12
714	53.00	61.00	272.49	42998.17	13624.53	538557.45	538557.45	0.00	0.00	0.00	0.00	6.78	0.00	0.12
715	53.00	62.00	272.49	42998.17	13624.53	538557.45	538557.45	0.00	0.00	0.00	0.00	6.89	0.00	0.12
716	54.00	62.00	272.49	42998.17	13624.53	538557.45	538557.45	0.00	0.00	0.00	0.00	6.83	0.00	0.12
717	55.00	62.00	272.49	42998.17	13624.53	538557.45	538557.45	0.00	0.00	0.00	0.00	6.77	0.00	0.12
718	55.00	63.00	272.49	42998.17	13624.53	538557.45	538557.45	0.00	0.00	0.00	0.00	6.87	0.00	0.12
719	56.00	63.00	272.49	42998.17	13624.53	538557.45	538557.45	0.00	0.00	0.00	0.00	6.81	0.00	0.12
720	56.00	64.00	272.49	42998.17	13624.53	538557.45	538557.45	0.00	0.00	0.00	0.00	6.78	0.00	0.12
721	57.00	64.00	272.49	42998.17	13624.53	538557.45	538557.45	0.00	0.00	0.00	0.00	6.72	0.00	0.12
722	57.00	65.00	272.49	42998.17	13624.53	538557.45	538557.45	0.00	0.00	0.00	0.00	6.76	0.00	0.12
723	58.00	65.00	272.49	42998.17	13624.53	538557.45	538557.45	0.00	0.00	0.00	0.00	6.71	0.00	0.12
724	58.00	66.00	272.49	42998.17	13624.53	538557.45	538557.45	0.00	0.00	0.00	0.00	6.68	0.00	0.12
725	59.00	66.00	272.49	42998.17	13624.53	538557.45	538557.45	0.00	0.00	0.00	0.00	6.63	0.00	0.12
726	59.00	67.00	272.49	42998.17	13624.53	538557.45	538557.45	0.00	0.00	0.00	0.00	6.67	0.00	0.12
727	60.00	67.00	272.49	42998.17	13624.53	538557.45	538557.45	0.00	0.00	0.00	0.00	6.62	0.00	0.12
728	60.00	68.00	272.49	42998.17	13624.53	538557.45	538557.45	0.00	0.00	0.00	0.00	6.61	0.00	0.12
729	60.00	69.00	272.49	42998.17	13624.53	538557.45	538557.45	0.00	0.00	0.00	0.00	6.62	0.00	0.12
730	61.00	69.00	272.49	42998.17	13624.53	538557.45	538557.45	0.00	0.00	0.00	0.00	6.57	0.00	0.12
731	62.00	69.00	272.49	42998.17	13624.53	538557.45	538557.45	0.00	0.00	0.00	0.00	6.52	0.00	0.12
732	63.00	69.00	272.49	42998.17	13624.53	538557.45	538557.45	0.00	0.00	0.00	0.00	6.47	0.00	0.12
733	64.00	69.00	272.49	42998.17	13624.53	538557.45	538557.45	0.00	0.00	0.00	0.00	6.42	0.00	0.12
734	64.00	70.00	272.49	42998.17	13624.53	538557.45	538557.45	0.00	0.00	0.00	0.00	6.42	0.00	0.12
735	64.00	71.00	272.49	42998.17	13624.53	538557.45	538557.45	0.00	0.00	0.00	0.00	6.39	0.00	0.12
736	65.00	71.00	272.49	42998.17	13624.53	538557.45	538557.45	0.00	0.00	0.00	0.00	6.34	0.00	0.12
737	65.00	72.00	272.49	42998.17	13624.53	538557.45	538557.45	0.00	0.00	0.00	0.00	6.36	0.00	0.12
738	66.00	72.00	272.49	42998.17	13624.53	538557.45	538557.45	0.00	0.00	0.00	0.00	6.31	0.00	0.12
739	67.00	72.00	272.49	42998.17	13624.53	538557.45	538557.45	0.00	0.00	0.00	0.00	6.26	0.00	0.12
740	67.00	73.00	272.49	42998.17	13624.53	538557.45	538557.45	0.00	0.00	0.00	0.00	6.28	0.00	0.12
741	68.00	73.00	272.49	42998.17	13624.53	538557.45	538557.45	0.00	0.00	0.00	0.00	6.23	0.00	0.12
742	68.00	74.00	272.49	42998.17	13624.53	538557.45	538557.45	0.00	0.00	0.00	0.00	6.26	0.00	0.12
743	69.00	74.00	272.49	42998.17	13624.53	538557.45	538557.45	0.00	0.00	0.00	0.00	6.22	0.00	0.12
744	70.00	74.00	272.49	42998.17	13624.53	538557.45	538557.45	0.00	0.00	0.00	0.00	6.17	0.00	0.12
745	71.00	74.00	272.49	42998.17	13624.53	538557.45	538557.45	0.00	0.00	0.00	0.00	6.13	0.00	0.12
746	71.00	25.00	272.49	42998.17	13624.53	538557.45	538557.45	0.00	0.00	0.00	0.00	4.20	0.00	0.12
747	71.00	26.00	272.49	42998.17	13624.53	538557.45	538557.45	0.00	0.00	0.00	0.00	4.45	0.00	0.12
748	72.00	26.00	272.49	42998.17	13624.53	538557.45	538557.45	0.00	0.00	0.00	0.00	4.41	0.00	0.12
749	72.00	27.00	272.49	42998.17	13624.53	538557.45	538557.45	0.00	0.00	0.00	0.00	4.58	0.00	0.12
750	72.00	28.00	272.49	42998.17	13624.53	538557.45	538557.45	0.00	0.00	0.00	0.00	4.70	0.00	0.12
751	73.00	28.00	272.49	42998.17	13624.53	538557.45	538557.45	0.00	0.00	0.00	0.00	4.66	0.00	0.12
752	74.00	28.00	272.49	42998.17	13624.53	538557.45	538557.45	0.00	0.00	0.00	0.00	4.61	0.00	0.12
753	74.00	29.00	272.49	42998.17	13624.53	538557.45	538557.45	0.00	0.00	0.00	0.00	4.59	0.00	0.12
754	25.00	29.00	272.49	42998.17	13624.53	538557.45	538557.45	0.00	0.00	0.00	0.00	8.76	0.00	0.12
755	25.00	30.00	272.49	42998.17	13624.53	538557.45	538557.45	0.00	0.00	0.00	0.00	10.87	0.00	0.12
756	25.00	31.00	272.49	42998.17	13624.53	538557.45	538557.45	0.00	0.00	0.00	0.00	10.88	0.00	0.12
757	25.00	32.00	272.49	42998.17	13624.53	538557.45	538557.45	0.00	0.00	0.00	0.00	10.89	0.00	0.12
758	26.00	32.00	272.49	42998.17	13624.53	538557.45	538557.45	0.00	0.00	0.00	0.00	10.70	0.00	0.12
759	27.00	32.00	272.49	42998.17	13624.53	538557.45	538557.45	0.00	0.00	0.00	0.00	10.52	0.00	0.12
760	27.00	33.00	272.49	42998.17	13624.53	538557.45	538557.45	0.00	0.00	0.00	0.00	10.48	0.00	0.12
761	27.00	34.00	272.49	42998.17	13624.53	538557.45	538557.45	0.00	0.00	0.00	0.00	10.49	0.00	0.12
762	28.00	34.00	272.49	42998.17	13624.53	538557.45	538557.45	0.00	0.00	0.00	0.00	10.32	0.00	0.12
763	29.00	34.00	272.49	42998.17	13624.53	538557.45	538557.45	0.00	0.00	0.00	0.00	10.16	0.00	0.12
764	29.00	35.00	272.49	42998.17	13624.53	538557.45	538557.45	0.00	0.00	0.00	0.00	10.44	0.00	0.12
765	30.00	35.00	272.49	42998.17	13624.53	538557.45	538557.45	0.00	0.00	0.00	0.00	10.28	0.00	0.12
766	30.00	36.00	272.49	42998.17	13624.53	538557.45	538557.45	0.00	0.00	0.00	0.00	10.22	0.00	0.12
767	30.00	37.00	272.49	42998.17	13624.53	538557.45	538557.45	0.00	0.00	0.00	0.00	10.11	0.00	0.12
768	31.00	37.00	272.49	42998.17	13624.53	538557.45	538557.45	0.00	0.00	0.00	0.00	9.96	0.00	0.12
769	31.00	38.00	272.49	42998.17	13624.53	538557.45	538557.45	0.00	0.00	0.00	0.00	10.23	0.00	0.12
770	32.00	38.00	272.49	42998.17	13624.53	538557.45	538557.45	0.00	0.00	0.00	0.00	10.08	0.00	0.12
771	33.00	38.00	272.49	42998.17	13624.53	538557.45	538557.45	0.00	0.00	0.00	0.00	9.94	0.00	0.12
772	33.00	39.00	272.49	42998.17	13624.53	538557.45	538557.45	0.00	0.00	0.00	0.00	10.18	0.00	0.12
773	33.00	40.00	272.49	42998.17	13624.53	538557.45	538557.45	0.00	0.00	0.00	0.00	10.35	0.00	0.12
774	34.00	40.00	272.49	42998.17	13624.53	538557.45	538557.45	0.00	0.00	0.00	0.00	10.21	0.00	0.12
775	35.00	40.00	272.49	42998.17	13624.53	538557.45	538557.45	0.00	0.00	0.00	0.00	10.07	0.00	0.12
776	36.00	40.00	272.49	42998.17	13624.53	538557.45	538557.45	0.00	0.00	0.00	0.00	9.94	0.00	0.12
777	37.00	40.00	272.49	42998.17	13624.53	538557.45	538557.45	0.00	0.00	0.00	0.00	9.81	0.00	0.12
778	37.00	41.00	272.49	42998.17	13624.53	538557.45	538557.45	0.00	0.00	0.00	0.00	9.88	0.00	0.12
779	38.00	41.00	272.49	42998.17	13624.53	538557.45	538557.45	0.00	0.00	0.00	0.00	9.76	0.00	0.12
780	39.00	41.00	272.49	42998.17	13624.53	538557.45	538557.45	0.00	0.00	0.00	0.00	9.64	0.00	0.12
781	40.00	41.00	272.49	42998.17	13624.53	538557.45	538557.45	0.00	0.00	0.00	0.00	9.52	0.00	0.12
782	40.00	42.00	272.49	42998.17	13624.53	538557.45	538557.45	0.00	0.00	0.00	0.00	9.54	0.00	0.12
783	41.00	42.00	272.49	42998.17	13624.53	538557.45	538557.45	0.00	0.00	0.00	0.00	9.43	0.00	0.12
784	42.00	42.00	272.49	42998.17	13624.53	538557.45	538557.45	0.00	0.00	0.00	0.00	9.31	0.00	0.12
785	43.00	42.00	272.49	42998.17	13624.53	538557.45	538557.45	0.00	0.00	0.00	0.00	9.21	0.00	0.12
786	43.00	43.00	272.49	42998.17	13624.53	538557.45	538557.45	0.00	0.00	0.00	0.00	9.24	0.00	0.12
787	43.00	44.00	272.49	42998.17	13624.53	538557.45	538557.45	0.00	0.00	0.00	0.00	9.35	0.00	0.12
788	43.00	45.00	272.49	42998.17	13624.53	538557.45	538557.45	0.00	0.00	0.00	0.00	9.63	0.00	0.12
789	44.00	45.00	272.49	42998.17	13624.53	538557.45	538557.45	0.00	0.00	0.00	0.00	9.52	0.00	0.12
790	45.00	45.00	272.49	42998.17	13624.53	538557.45	538557.45	0.00	0.00	0.00	0.00	9.41	0.00	0.12
791	45.00	46.00	272.49	42998.17	13624.53	538557.45	538557.45	0.00	0.00	0.00	0.00	9.43	0.00	0.12
792	45.00	47.00	272.49	42998.17	13624.53	538557.45	538557.45	0.00	0.00	0.00	0.00	9.51	0.00	0.12
793	46.00	47.00	272.49	42998.17	13624.53	538557.45	538557.45	0.00	0.00	0.00	0.00	9.41	0.00	0.12
794	47.00	47.00	272.49	42998.17	13624.53	538557.45	538557.45	0.00	0.00	0.00	0.00	9.31	0.00	0.12
795	48.00	47.00	272.49	42998.17	13624.53	538557.45	538557.45	0.00	0.00	0.00	0.00	9.21	0.00	0.12
796	49.00	47.00	272.49	42998.17	13624.53	538557.45	538557.45	0.00	0.00	0.00	0.00	9.12	0.00	0.12
797	50.00	47.00	272.49	42998.17	13624.53	538557.45	538557.45	0.00	0.00	0.00	0.00	9.02	0.00	0.12
798	50.00	48.00	272.49	42998.17	13624.53	538557.45	538557.45	0.00	0.00	0.00	0.00	9.05	0.00	0.12
799	51.00	48.00	272.49	42998.17	13624.53	538557.45	538557.45	0.00	0.00	0.00	0.00	8.96	0.00	0.12
800	52.00	48.00	272.49	42998.17	13624.53	538557.45	538557.45	0.00	0.00	0.00	0.00	8.87	0.00	0.12
801	52.00	49.00	231.62	51597.80	11580.85	538557.45	538557.45	0.00	0.00	0.00	0.00	8.97	0.00	0.12
802	53.00	49.00	231.62	51597.80	11580.85	538557.45	538557.45	0.00	0.00	0.00	0.00	8.89	0.00	0.12
803	53.00	50.00	231.62	51597.80	11580.85	538557.45	538557.45	0.00	0.00	0.00	0.00	8.88	0.00	0.12
804	54.00	50.00	231.62	51597.80	11580.85	538557.45	538557.45	0.00	0.00	0.00	0.00	8.79	0.00	0.12
805	54.00	51.00	231.62	51597.80	11580.85	538557.45	538557.45	0.00	0.00	0.00	0.00	8.82	0.00	0.12
806	54.00	52.00	231.62	51597.80	11580.85	538557.45	538557.45	0.00	0.00	0.00	0.00	8.76	0.00	0.12
807	55.00	52.00	231.62	51597.80	11580.85	538557.45	538557.45	0.00	0.00	0.00	0.00	8.68	0.00	0.12
808	55.00	53.00	231.62	51597.80	11580.85	538557.45	538557.45	0.00	0.00	0.00	0.00	8.64	0.00	0.12
809	55.00	54.00	231.62	51597.80	11580.85	538557.45	538557.45	0.00	0.00	0.00	0.00	8.73	0.00	0.12
810	55.00	55.00	231.62	51597.80	11580.85	538557.45	538557.45	0.00	0.00	0.00	0.00	8.76	0.00	0.12
811	55.00	56.00	231.62	51597.80	11580.85	538557.45	538557.45	0.00	0.00	0.00	0.00	8.86	0.00	0.12
812	55.00	57.00	231.62	51597.80	11580.85	538557.45	538557.45	0.00	0.00	0.00	0.00	8.97	0.00	0.12
813	56.00	57.00	231.62	51597.80	11580.85	538557.45	538557.45	0.00	0.00	0.00	0.00	8.89	0.00	0.12
814	57.00	57.00	231.62	51597.80	11580.85	538557.45	538557.45	0.00	0.00	0.00	0.00	8.82	0.00	0.12
815	58.00	57.00	231.62	51597.80	11580.85	538557.45	538557.45	0.00	0.00	0.00	0.00	8.74	0.00	0.12
816	58.00	58.00	231.62	51597.80	11580.85	538557.45	538557.45	0.00	0.00	0.00	0.00	8.97	0.00	0.12
817	58.00	59.00	231.62	51597.80	11580.85	538557.45	538557.45	0.00	0.00	0.00	0.00	8.95	0.00	0.12
818	58.00	60.00	231.62	51597.80	11580.85	538557.45	538557.45	0.00	0.00	0.00	0.00	9.08	0.00	0.12
819	59.00	60.00	231.62	51597.80	11580.85	538557.45	538557.45	0.00	0.00	0.00	0.00	9.00	0.00	0.12
820	60.00	60.00	231.62	51597.80	11580.85	538557.45	538557.45	0.00	0.00	0.00	0.00	8.93	0.00	0.12
821	60.00	61.00	231.62	51597.80	11580.85	538557.45	538557.45	0.00	0.00	0.00	0.00	8.98	0.00	0.12
822	60.00	62.00	231.62	51597.80	11580.85	538557.45	538557.45	0.00	0.00	0.00	0.00	8.97	0.00	0.12
823	60.00	63.00	231.62	51597.80	11580.85	538557.45	538557.45	0.00	0.00	0.00	0.00	9.03	0.00	0.12
824	60.00	64.00	231.62	51597.80	11580.85	538557.45	538557.45	0.00	0.00	0.00	0.00	9.16	0.00	0.12
825	61.00	64.00	231.62	51597.80	11580.85	538557.45	538557.45	0.00	0.00	0.00	0.00	9.09	0.00	0.12
826	61.00	65.00	231.62	51597.80	11580.85	538557.45	538557.45	0.00	0.00	0.00	0.00	9.12	0.00	0.12
827	62.00	65.00	231.62	51597.80	11580.85	538557.45	538557.45	0.00	0.00	0.00	0.00	9.05	0.00	0.12
828	62.00	66.00	231.62	51597.80	11580.85	538557.45	538557.45	0.00	0.00	0.00	0.00	9.03	0.00	0.12
829	63.00	66.00	231.62	51597.80	11580.85	538557.45	538557.45	0.00	0.00	0.00	0.00	8.96	0.00	0.12
830	64.00	66.00	231.62	51597.80	11580.85	538557.45	538557.45	0.00	0.00	0.00	0.00	8.89	0.00	0.12
831	65.00	66.00	231.62	51597.80	11580.85	538557.45	538557.45	0.00	0.00	0.00	0.00	8.82	0.00	0.12
832	65.00	67.00	231.62	51597.80	11580.85	538557.45	538557.45	0.00	0.00	0.00	0.00	8.88	0.00	0.12
833	65.00	68.00	231.62	51597.80	11580.85	538557.45	538557.45	0.00	0.00	0.00	0.00	8.95	0.00	0.12
834	65.00	69.00	231.62	51597.80	11580.85	538557.45	538557.45	0.00	0.00	0.00	0.00	9.03	0.00	0.12
835	65.00	70.00	231.62	51597.80	11580.85	538557.45	538557.45	0.00	0.00	0.00	0.00	9.15	0.00	0.12
836	66.00	70.00	231.62	51597.80	11580.85	538557.45	538557.45	0.00	0.00	0.00	0.00	9.08	0.00	0.12
837	66.00	71.00	231.62	51597.80	11580.85	538557.45	538557.45	0.00	0.00	0.00	0.00	9.14	0.00	0.12
838	66.00	72.00	231.62	51597.80	11580.85	538557.45	538557.45	0.00	0.00	0.00	0.00	9.20	0.00	0.12
839	66.00	73.00	231.62	51597.80	11580.85	538557.45	538557.45	0.00	0.00	0.00	0.00	9.24	0.00	0.12
840	66.00	74.00	231.62	51597.80	11580.85	538557.45	538557.45	0.00	0.00	0.00	0.00	9.37	0.00	0.12
841	66.00	25.00	231.62	51597.80	11580.85	538557.45	538557.45	0.00	0.00	0.00	0.00	4.79	0.00	0.12
842	67.00	25.00	231.62	51597.80	11580.85	538557.45	538557.45	0.00	0.00	0.00	0.00	4.74	0.00	0.12
843	68.00	25.00	231.62	51597.80	11580.85	538557.45	538557.45	0.00	0.00	0.00	0.00	4.69	0.00	0.12
844	69.00	25.00	231.62	51597.80	11580.85	538557.45	538557.45	0.00	0.00	0.00	0.00	4.64	0.00	0.12
845	70.00	25.00	231.62	51597.80	11580.85	538557.45	538557.45	0.00	0.00	0.00	0.00	4.59	0.00	0.12
846	71.00	25.00	231.62	51597.80	11580.85	538557.45	538557.45	0.00	0.00	0.00	0.00	4.54	0.00	0.12
847	71.00	26.00	231.62	51597.80	11580.85	538557.45	538557.45	0.00	0.00	0.00	0.00	4.68	0.00	0.12
848	71.00	27.00	231.62	51597.80	11580.85	538557.45	538557.45	0.00	0.00	0.00	0.00	5.08	0.00	0.12
849	71.00	28.00	231.62	51597.80	11580.85	538557.45	538557.45	0.00	0.00	0.00	0.00	5.39	0.00	0.12
850	72.00	28.00	231.62	51597.80	11580.85	538557.45	538557.45	0.00	0.00	0.00	0.00	5.33	0.00	0.12
851	72.00	29.00	231.62	51597.80	11580.85	538557.45	538557.45	0.00	0.00	0.00	0.00	5.31	0.00	0.12
852	72.00	30.00	231.62	51597.80	11580.85	538557.45	538557.45	0.00	0.00	0.00	0.00	5.37	0.00	0.12
853	72.00	31.00	231.62	51597.80	11580.85	538557.45	538557.45	0.00	0.00	0.00	0.00	5.39	0.00	0.12
854	73.00	31.00	231.62	51597.80	11580.85	538557.45	538557.45	0.00	0.00	0.00	0.00	5.34	0.00	0.12
855	74.00	31.00	231.62	51597.80	11580.85	538557.45	538557.45	0.00	0.00	0.00	0.00	5.28	0.00	0.12
856	25.00	31.00	231.62	51597.80	11580.85	538557.45	538557.45	0.00	0.00	0.00	0.00	9.91	0.00	0.12
857	25.00	32.00	231.62	51597.80	11580.85	538557.45	538557.45	0.00	0.00	0.00	0.00	10.03	0.00	0.12
858	25.00	33.00	231.62	51597.80	11580.85	538557.45	538557.45	0.00	0.00	0.00	0.00	10.06	0.00	0.12
859	25.00	34.00	231.62	51597.80	11580.85	538557.45	538557.45	0.00	0.00	0.00	0.00	10.52	0.00	0.12
860	28.00	32.00	231.62	51597.80	11580.85	538557.45	538557.45	0.00	0.00	0.00	0.00	11.32	0.00	0.12
861	29.00	32.00	196.87	61917.36	9843.72	538557.45	538557.45	0.00	0.00	0.00	0.00	11.14	0.00	0.12
862	30.00	32.00	196.87	61917.36	9843.72	538557.45	538557.45	0.00	0.00	0.00	0.00	10.96	0.00	0.12
863	31.00	32.00	196.87	61917.36	9843.72	538557.45	538557.45	0.00	0.00	0.00	0.00	10.79	0.00	0.12
864	31.00	33.00	196.87	61917.36	9843.72	538557.45	538557.45	0.00	0.00	0.00	0.00	10.88	0.00	0.12
865	31.00	34.00	196.87	61917.36	9843.72	538557.45	538557.45	0.00	0.00	0.00	0.00	10.76	0.00	0.12
866	31.00	35.00	196.87	61917.36	9843.72	538557.45	538557.45	0.00	0.00	0.00	0.00	10.77	0.00	0.12
867	32.00	35.00	196.87	61917.36	9843.72	538557.45	538557.45	0.00	0.00	0.00	0.00	10.61	0.00	0.12
868	32.00	36.00	196.87	61917.36	9843.72	538557.45	538557.45	0.00	0.00	0.00	0.00	10.77	0.00	0.12
869	32.00	37.00	196.87	61917.36	9843.72	538557.45	538557.45	0.00	0.00	0.00	0.00	10.86	0.00	0.12
870	32.00	38.00	196.87	61917.36	9843.72	538557.45	538557.45	0.00	0.00	0.00	0.00	11.05	0.00	0.12
871	33.00	38.00	196.87	61917.36	9843.72	538557.45	538557.45	0.00	0.00	0.00	0.00	10.90	0.00	0.12
872	33.00	39.00	196.87	61917.36	9843.72	538557.45	538557.45	0.00	0.00	0.00	0.00	10.84	0.00	0.12
873	34.00	39.00	196.87	61917.36	9843.72	538557.45	538557.45	0.00	0.00	0.00	0.00	10.70	0.00	0.12
874	35.00	39.00	196.87	61917.36	9843.72	538557.45	538557.45	0.00	0.00	0.00	0.00	10.55	0.00	0.12
875	35.00	40.00	196.87	61917.36	9843.72	538557.45	538557.45	0.00	0.00	0.00	0.00	10.71	0.00	0.12
876	36.00	40.00	196.87	61917.36	9843.72	538557.45	538557.45	0.00	0.00	0.00	0.00	10.57	0.00	0.12
877	37.00	40.00	196.87	61917.36	9843.72	538557.45	538557.45	0.00	0.00	0.00	0.00	10.44	0.00	0.12
878	38.00	40.00	196.87	61917.36	9843.72	538557.45	538557.45	0.00	0.00	0.00	0.00	10.30	0.00	0.12
879	38.00	41.00	196.87	61917.36	9843.72	538557.45	538557.45	0.00	0.00	0.00	0.00	10.31	0.00	0.12
880	39.00	41.00	196.87	61917.36	9843.72	538557.45	538557.45	0.00	0.00	0.00	0.00	10.18	0.00	0.12
881	40.00	41.00	196.87	61917.36	9843.72	538557.45	538557.45	0.00	0.00	0.00	0.00	10.06	0.00	0.12
882	40.00	42.00	196.87	61917.36	9843.72	538557.45	538557.45	0.00	0.00	0.00	0.00	9.98	0.00	0.12
883	40.00	43.00	196.87	61917.36	9843.72	538557.45	538557.45	0.00	0.00	0.00	0.00	9.95	0.00	0.12
884	41.00	43.00	196.87	61917.36	9843.72	538557.45	538557.45	0.00	0.00	0.00	0.00	9.83	0.00	0.12
885	42.00	43.00	196.87	61917.36	9843.72	538557.45	538557.45	0.00	0.00	0.00	0.00	9.72	0.00	0.12
886	43.00	43.00	196.87	61917.36	9843.72	538557.45	538557.45	0.00	0.00	0.00	0.00	9.60	0.00	0.12
887	44.00	43.00	196.87	61917.36	9843.72	538557.45	538557.45	0.00	0.00	0.00	0.00	9.49	0.00	0.12
888	45.00	43.00	196.87	61917.36	9843.72	538557.45	538557.45	0.00	0.00	0.00	0.00	9.38	0.00	0.12
889	45.00	44.00	196.87	61917.36	9843.72	538557.45	538557.45	0.00	0.00	0.00	0.00	9.47	0.00	0.12
890	45.00	45.00	196.87	61917.36	9843.72	538557.45	538557.45	0.00	0.00	0.00	0.00	9.49	0.00	0.12
891	45.00	46.00	196.87	61917.36	9843.72	538557.45	538557.45	0.00	0.00	0.00	0.00	9.42	0.00	0.12
892	46.00	46.00	196.87	61917.36	9843.72	538557.45	538557.45	0.00	0.00	0.00	0.00	9.31	0.00	0.12
893	47.00	46.00	196.87	61917.36	9843.72	538557.45	538557.45	0.00	0.00	0.00	0.00	9.21	0.00	0.12
894	48.00	46.00	196.87	61917.36	9843.72	538557.45	538557.45	0.00	0.00	0.00	0.00	9.12	0.00	0.12
895	48.00	47.00	196.87	61917.36	9843.72	538557.45	538557.45	0.00	0.00	0.00	0.00	9.22	0.00	0.12
896	48.00	48.00	196.87	61917.36	9843.72	538557.45	538557.45	0.00	0.00	0.00	0.00	9.21	0.00	0.12
897	49.00	48.00	196.87	61917.36	9843.72	538557.45	538557.45	0.00	0.00	0.00	0.00	9.11	0.00	0.12
898	50.00	48.00	196.87	61917.36	9843.72	538557.45	538557.45	0.00	0.00	0.00	0.00	9.02	0.00	0.12
899	51.00	48.00	196.87	61917.36	9843.72	538557.45	538557.45	0.00	0.00	0.00	0.00	8.93	0.00	0.12
900	52.00	48.00	196.87	61917.36	9843.72	538557.45	538557.45	0.00	0.00	0.00	0.00	8.84	0.00	0.12
901	52.00	49.00	196.87	61917.36	9843.72	538557.45	538557.45	0.00	0.00	0.00	0.00	8.82	0.00	0.12
902	53.00	49.00	196.87	61917.36	9843.72	538557.45	538557.45	0.00	0.00	0.00	0.00	8.73	0.00	0.12
903	54.00	49.00	196.87	61917.36	9843.72	538557.45	538557.45	0.00	0.00	0.00	0.00	8.65	0.00	0.12
904	55.00	49.00	196.87	61917.36	9843.72	538557.45	538557.45	0.00	0.00	0.00	0.00	8.57	0.00	0.12
905	56.00	49.00	196.87	61917.36	9843.72	538557.45	538557.45	0.00	0.00	0.00	0.00	8.49	0.00	0.12
906	57.00	49.00	196.87	61917.36	9843.72	538557.45	538557.45	0.00	0.00	0.00	0.00	8.41	0.00	0.12
907	58.00	49.00	196.87	61917.36	9843.72	538557.45	538557.45	0.00	0.00	0.00	0.00	8.33	0.00	0.12
908	58.00	50.00	196.87	61917.36	9843.72	538557.45	538557.45	0.00	0.00	0.00	0.00	8.36	0.00	0.12
909	59.00	50.00	196.87	61917.36	9843.72	538557.45	538557.45	0.00	0.00	0.00	0.00	8.28	0.00	0.12
910	60.00	50.00	196.87	61917.36	9843.72	538557.45	538557.45	0.00	0.00	0.00	0.00	8.20	0.00	0.12
911	61.00	50.00	196.87	61917.36	9843.72	538557.45	538557.45	0.00	0.00	0.00	0.00	8.13	0.00	0.12
912	61.00	51.00	196.87	61917.36	9843.72	538557.45	538557.45	0.00	0.00	0.00	0.00	8.24	0.00	0.12
913	62.00	51.00	196.87	61917.36	9843.72	538557.45	538557.45	0.00	0.00	0.00	0.00	8.17	0.00	0.12
914	62.00	52.00	196.87	61917.36	9843.72	538557.45	538557.45	0.00	0.00	0.00	0.00	8.21	0.00	0.12
915	62.00	53.00	196.87	61917.36	9843.72	538557.45	538557.45	0.00	0.00	0.00	0.00	8.23	0.00	0.12
916	63.00	53.00	196.87	61917.36	9843.72	538557.45	538557.45	0.00	0.00	0.00	0.00	8.16	0.00	0.12
917	63.00	54.00	196.87	61917.36	9843.72	538557.45	538557.45	0.00	0.00	0.00	0.00	8.23	0.00	0.12
918	64.00	54.00	196.87	61917.36	9843.72	538557.45	538557.45	0.00	0.00	0.00	0.00	8.16	0.00	0.12
919	65.00	54.00	196.87	61917.36	9843.72	538557.45	538557.45	0.00	0.00	0.00	0.00	8.10	0.00	0.12
920	65.00	55.00	196.87	61917.36	9843.72	538557.45	538557.45	0.00	0.00	0.00	0.00	8.12	0.00	0.12
921	66.00	55.00	196.87	61917.36	9843.72	538557.45	538557.45	0.00	0.00	0.00	0.00	8.06	0.00	0.12
922	66.00	56.00	196.87	61917.36	9843.72	538557.45	538557.45	0.00	0.00	0.00	0.00	8.08	0.00	0.12
923	66.00	57.00	196.87	61917.36	9843.72	538557.45	538557.45	0.00	0.00	0.00	0.00	8.11	0.00	0.12
924	66.00	58.00	196.87	61917.36	9843.72	538557.45	538557.45	0.00	0.00	0.00	0.00	8.31	0.00	0.12
925	66.00	59.00	196.87	61917.36	9843.72	538557.45	538557.45	0.00	0.00	0.00	0.00	8.38	0.00	0.12
926	67.00	59.00	196.87	61917.36	9843.72	538557.45	538557.45	0.00	0.00	0.00	0.00	8.31	0.00	0.12
927	68.00	59.00	196.87	61917.36	9843.72	538557.45	538557.45	0.00	0.00	0.00	0.00	8.24	0.00	0.12
928	69.00	59.00	196.87	61917.36	9843.72	538557.45	538557.45	0.00	0.00	0.00	0.00	8.18	0.00	0.12
929	70.00	59.00	196.87	61917.36	9843.72	538557.45	538557.45	0.00	0.00	0.00	0.00	8.12	0.00	0.12
930	71.00	59.00	196.87	61917.36	9843.72	538557.45	538557.45	0.00	0.00	0.00	0.00	8.05	0.00	0.12
931	72.00	59.00	196.87	61917.36	9843.72	538557.45	538557.45	0.00	0.00	0.00	0.00	7.99	0.00	0.12
932	72.00	60.00	196.87	61917.36	9843.72	538557.45	538557.45	0.00	0.00	0.00	0.00	8.02	0.00	0.12
933	73.00	60.00	196.87	61917.36	9843.72	538557.45	538557.45	0.00	0.00	0.00	0.00	7.96	0.00	0.12
934	74.00	60.00	196.87	61917.36	9843.72	538557.45	538557.45	0.00	0.00	0.00	0.00	7.90	0.00	0.12
935	25.00	60.00	196.87	61917.36	9843.72	538557.45	538557.45	0.00	0.00	0.00	0.00	12.45	0.00	0.12
936	25.00	61.00	196.87	61917.36	9843.72	538557.45	538557.45	0.00	0.00	0.00	0.00	12.44	0.00	0.12
937	25.00	62.00	196.87	61917.36	9843.72	538557.45	538557.45	0.00	0.00	0.00	0.00	12.43	0.00	0.12
938	26.00	62.00	196.87	61917.36	9843.72	538557.45	538557.45	0.00	0.00	0.00	0.00	12.29	0.00	0.12
939	26.00	63.00	196.87	61917.36	9843.72	538557.45	538557.45	0.00	0.00	0.00	0.00	12.42	0.00	0.12
940	26.00	64.00	196.87	61917.36	9843.72	538557.45	538557.45	0.00	0.00	0.00	0.00	12.43	0.00	0.12
941	27.00	64.00	196.87	61917.36	9843.72	538557.45	538557.45	0.00	0.00	0.00	0.00	12.29	0.00	0.12
942	27.00	65.00	196.87	61917.36	9843.72	538557.45	538557.45	0.00	0.00	0.00	0.00	12.30	0.00	0.12
943	28.00	65.00	196.87	61917.36	9843.72	538557.45	538557.45	0.00	0.00	0.00	0.00	12.16	0.00	0.12
944	28.00	66.00	196.87	61917.36	9843.72	538557.45	538557.45	0.00	0.00	0.00	0.00	12.15	0.00	0.12
945	29.00	66.00	196.87	61917.36	9843.72	538557.45	538557.45	0.00	0.00	0.00	0.00	12.02	0.00	0.12
946	29.00	67.00	196.87	61917.36	9843.72	538557.45	538557.45	0.00	0.00	0.00	0.00	12.02	0.00	0.12
947	30.00	67.00	196.87	61917.36	9843.72	538557.45	538557.45	0.00	0.00	0.00	0.00	11.89	0.00	0.12
948	30.00	68.00	196.87	61917.36	9843.72	538557.45	538557.45	0.00	0.00	0.00	0.00	11.89	0.00	0.12
949	31.00	68.00	196.87	61917.36	9843.72	538557.45	538557.45	0.00	0.00	0.00	0.00	11.77	0.00	0.12
950	31.00	69.00	196.87	61917.36	9843.72	538557.45	538557.45	0.00	0.00	0.00	0.00	11.76	0.00	0.12
951	31.00	70.00	196.87	61917.36	9843.72	538557.45	538557.45	0.00	0.00	0.00	0.00	11.81	0.00	0.12
952	31.00	71.00	196.87	61917.36	9843.72	538557.45	538557.45	0.00	0.00	0.00	0.00	11.86	0.00	0.12
953	31.00	72.00	196.87	61917.36	9843.72	538557.45	538557.45	0.00	0.00	0.00	0.00	11.85	0.00	0.12
954	31.00	73.00	196.87	61917.36	9843.72	538557.45	538557.45	0.00	0.00	0.00	0.00	11.87	0.00	0.12
955	31.00	74.00	196.87	61917.36	9843.72	538557.45	538557.45	0.00	0.00	0.00	0.00	12.02	0.00	0.12
956	32.00	74.00	196.87	61917.36	9843.72	538557.45	538557.45	0.00	0.00	0.00	0.00	11.90	0.00	0.12
957	33.00	74.00	196.87	61917.36	9843.72	538557.45	538557.45	0.00	0.00	0.00	0.00	11.79	0.00	0.12
958	34.00	74.00	196.87	61917.36	9843.72	538557.45	538557.45	0.00	0.00	0.00	0.00	11.68	0.00	0.12
959	34.00	25.00	196.87	61917.36	9843.72	538557.45	538557.45	0.00	0.00	0.00	0.00	7.30	0.00	0.12
960	34.00	26.00	196.87	61917.36	9843.72	538557.45	538557.45	0.00	0.00	0.00	0.00	7.40	0.00	0.12
961	34.00	27.00	167.34	74300.84	8367.16	538557.45	538557.45	0.00	0.00	0.00	0.00	7.47	0.00	0.12
962	35.00	27.00	167.34	74300.84	8367.16	538557.45	538557.45	0.00	0.00	0.00	0.00	7.35	0.00	0.12
963	36.00	27.00	167.34	74300.84	8367.16	538557.45	538557.45	0.00	0.00	0.00	0.00	7.23	0.00	0.12
964	36.00	28.00	167.34	74300.84	8367.16	538557.45	538557.45	0.00	0.00	0.00	0.00	7.57	0.00	0.12
965	36.00	29.00	167.34	74300.84	8367.16	538557.45	538557.45	0.00	0.00	0.00	0.00	7.50	0.00	0.12
966	37.00	29.00	167.34	74300.84	8367.16	538557.45	538557.45	0.00	0.00	0.00	0.00	7.38	0.00	0.12
967	37.00	30.00	167.34	74300.84	8367.16	538557.45	538557.45	0.00	0.00	0.00	0.00	7.44	0.00	0.12
968	37.00	31.00	167.34	74300.84	8367.16	538557.45	538557.45	0.00	0.00	0.00	0.00	7.42	0.00	0.12
969	37.00	32.00	167.34	74300.84	8367.16	538557.45	538557.45	0.00	0.00	0.00	0.00	7.56	0.00	0.12
970	37.00	33.00	167.34	74300.84	8367.16	538557.45	538557.45	0.00	0.00	0.00	0.00	7.69	0.00	0.12
971	37.00	34.00	167.34	74300.84	8367.16	538557.45	538557.45	0.00	0.00	0.00	0.00	7.98	0.00	0.12
972	37.00	35.00	167.34	74300.84	8367.16	538557.45	538557.45	0.00	0.00	0.00	0.00	7.91	0.00	0.12
973	37.00	36.00	167.34	74300.84	8367.16	538557.45	538557.45	0.00	0.00	0.00	0.00	7.84	0.00	0.12
974	37.00	37.00	167.34	74300.84	8367.16	538557.45	538557.45	0.00	0.00	0.00	0.00	7.88	0.00	0.12
975	38.00	37.00	167.34	74300.84	8367.16	538557.45	538557.45	0.00	0.00	0.00	0.00	7.78	0.00	0.12
976	39.00	37.00	167.34	74300.84	8367.16	538557.45	538557.45	0.00	0.00	0.00	0.00	7.67	0.00	0.12
977	39.00	38.00	167.34	74300.84	8367.16	538557.45	538557.45	0.00	0.00	0.00	0.00	7.61	0.00	0.12
978	40.00	38.00	167.34	74300.84	8367.16	538557.45	538557.45	0.00	0.00	0.00	0.00	7.51	0.00	0.12
979	40.00	39.00	167.34	74300.84	8367.16	538557.45	538557.45	0.00	0.00	0.00	0.00	7.62	0.00	0.12
980	41.00	39.00	167.34	74300.84	8367.16	538557.45	538557.45	0.00	0.00	0.00	0.00	7.52	0.00	0.12
981	42.00	39.00	167.34	74300.84	8367.16	538557.45	538557.45	0.00	0.00	0.00	0.00	7.43	0.00	0.12
982	42.00	40.00	167.34	74300.84	8367.16	538557.45	538557.45	0.00	0.00	0.00	0.00	7.48	0.00	0.12
983	42.00	41.00	167.34	74300.84	8367.16	538557.45	538557.45	0.00	0.00	0.00	0.00	7.52	0.00	0.12
984	43.00	41.00	167.34	74300.84	8367.16	538557.45	538557.45	0.00	0.00	0.00	0.00	7.43	0.00	0.12
985	44.00	41.00	167.34	74300.84	8367.16	538557.45	538557.45	0.00	0.00	0.00	0.00	7.35	0.00	0.12
986	44.00	42.00	167.34	74300.84	8367.16	538557.45	538557.45	0.00	0.00	0.00	0.00	7.74	0.00	0.12
987	45.00	42.00	167.34	74300.84	8367.16	538557.45	538557.45	0.00	0.00	0.00	0.00	7.65	0.00	0.12
988	46.00	42.00	167.34	74300.84	8367.16	538557.45	538557.45	0.00	0.00	0.00	0.00	7.56	0.00	0.12
989	46.00	43.00	167.34	74300.84	8367.16	538557.45	538557.45	0.00	0.00	0.00	0.00	7.86	0.00	0.12
990	46.00	44.00	167.34	74300.84	8367.16	538557.45	538557.45	0.00	0.00	0.00	0.00	7.96	0.00	0.12
991	47.00	44.00	167.34	74300.84	8367.16	538557.45	538557.45	0.00	0.00	0.00	0.00	7.87	0.00	0.12
992	48.00	44.00	167.34	74300.84	8367.16	538557.45	538557.45	0.00	0.00	0.00	0.00	7.78	0.00	0.12
993	49.00	44.00	167.34	74300.84	8367.16	538557.45	538557.45	0.00	0.00	0.00	0.00	7.70	0.00	0.12
994	50.00	44.00	167.34	74300.84	8367.16	538557.45	538557.45	0.00	0.00	0.00	0.00	7.62	0.00	0.12
995	50.00	45.00	167.34	74300.84	8367.16	538557.45	538557.45	0.00	0.00	0.00	0.00	7.66	0.00	0.12
996	51.00	45.00	167.34	74300.84	8367.16	538557.45	538557.45	0.00	0.00	0.00	0.00	7.58	0.00	0.12
997	51.00	46.00	167.34	74300.84	8367.16	538557.45	538557.45	0.00	0.00	0.00	0.00	7.67	0.00	0.12
998	52.00	46.00	167.34	74300.84	8367.16	538557.45	538557.45	0.00	0.00	0.00	0.00	7.60	0.00	0.12
999	53.00	46.00	167.34	74300.84	8367.16	538557.45	538557.45	0.00	0.00	0.00	0.00	7.52	0.00	0.12
1000	53.00	47.00	167.34	74300.84	8367.16	538557.45	538557.45	0.00	0.00	0.00	0.00	7.61	0.00	0.12
