some parameters
Gen.	# feasible solutions	# infeasible solutions	cap. penality	dur. penality	num. penality	best penalized cost	best feasible cost	best cap. violation	best dur. violation	best num. violation	avg cap. violation	avg dur. violation	avg num. violation	Gap from BKS
1	3.00	48.00	850.00	12000.00	42500.00	574915.35	574915.35	0.00	0.00	0.00	0.00	21.71	0.00	0.20
2	3.00	49.00	850.00	12000.00	42500.00	574915.35	574915.35	0.00	0.00	0.00	0.00	21.35	0.00	0.20
3	3.00	50.00	850.00	12000.00	42500.00	574915.35	574915.35	0.00	0.00	0.00	0.00	21.16	0.00	0.20
4	3.00	51.00	850.00	12000.00	42500.00	574915.35	574915.35	0.00	0.00	0.00	0.00	21.23	0.00	0.20
5	3.00	52.00	850.00	12000.00	42500.00	574915.35	574915.35	0.00	0.00	0.00	0.00	20.95	0.00	0.20
6	3.00	53.00	850.00	12000.00	42500.00	574915.35	574915.35	0.00	0.00	0.00	0.00	20.72	0.00	0.20
7	3.00	54.00	850.00	12000.00	42500.00	574915.35	574915.35	0.00	0.00	0.00	0.00	20.61	0.00	0.20
8	3.00	55.00	850.00	12000.00	42500.00	574915.35	574915.35	0.00	0.00	0.00	0.00	20.30	0.00	0.20
9	3.00	56.00	850.00	12000.00	42500.00	574915.35	574915.35	0.00	0.00	0.00	0.00	20.35	0.00	0.20
10	4.00	56.00	850.00	12000.00	42500.00	574915.35	574915.35	0.00	0.00	0.00	0.00	20.01	0.00	0.20
11	5.00	56.00	850.00	12000.00	42500.00	540981.31	540981.31	0.00	0.00	0.00	0.00	19.68	0.00	0.13
12	5.00	57.00	850.00	12000.00	42500.00	540981.31	540981.31	0.00	0.00	0.00	0.00	19.42	0.00	0.13
13	5.00	58.00	850.00	12000.00	42500.00	540981.31	540981.31	0.00	0.00	0.00	0.00	19.19	0.00	0.13
14	5.00	59.00	850.00	12000.00	42500.00	540981.31	540981.31	0.00	0.00	0.00	0.00	18.94	0.00	0.13
15	6.00	59.00	850.00	12000.00	42500.00	540981.31	540981.31	0.00	0.00	0.00	0.00	18.65	0.00	0.13
16	6.00	60.00	850.00	12000.00	42500.00	540981.31	540981.31	0.00	0.00	0.00	0.00	18.66	0.00	0.13
17	6.00	61.00	850.00	12000.00	42500.00	540981.31	540981.31	0.00	0.00	0.00	0.00	18.68	0.00	0.13
18	6.00	62.00	850.00	12000.00	42500.00	540981.31	540981.31	0.00	0.00	0.00	0.00	18.57	0.00	0.13
19	6.00	63.00	850.00	12000.00	42500.00	540981.31	540981.31	0.00	0.00	0.00	0.00	18.57	0.00	0.13
20	7.00	63.00	850.00	12000.00	42500.00	540981.31	540981.31	0.00	0.00	0.00	0.00	18.30	0.00	0.13
21	7.00	64.00	850.00	12000.00	42500.00	540981.31	540981.31	0.00	0.00	0.00	0.00	18.21	0.00	0.13
22	7.00	65.00	850.00	12000.00	42500.00	540981.31	540981.31	0.00	0.00	0.00	0.00	18.05	0.00	0.13
23	7.00	66.00	850.00	12000.00	42500.00	540981.31	540981.31	0.00	0.00	0.00	0.00	18.14	0.00	0.13
24	7.00	67.00	850.00	12000.00	42500.00	540981.31	540981.31	0.00	0.00	0.00	0.00	17.93	0.00	0.13
25	7.00	68.00	850.00	12000.00	42500.00	540981.31	540981.31	0.00	0.00	0.00	0.00	17.85	0.00	0.13
26	7.00	69.00	850.00	12000.00	42500.00	540981.31	540981.31	0.00	0.00	0.00	0.00	17.77	0.00	0.13
27	7.00	70.00	850.00	12000.00	42500.00	540981.31	540981.31	0.00	0.00	0.00	0.00	17.68	0.00	0.13
28	7.00	71.00	850.00	12000.00	42500.00	540981.31	540981.31	0.00	0.00	0.00	0.00	17.52	0.00	0.13
29	7.00	72.00	850.00	12000.00	42500.00	540981.31	540981.31	0.00	0.00	0.00	0.00	17.42	0.00	0.13
30	7.00	73.00	850.00	12000.00	42500.00	540981.31	540981.31	0.00	0.00	0.00	0.00	17.43	0.00	0.13
31	7.00	74.00	850.00	12000.00	42500.00	540981.31	540981.31	0.00	0.00	0.00	0.00	17.32	0.00	0.13
32	7.00	25.00	850.00	12000.00	42500.00	540981.31	540981.31	0.00	0.00	0.00	0.00	9.65	0.00	0.13
33	8.00	25.00	850.00	12000.00	42500.00	540981.31	540981.31	0.00	0.00	0.00	0.00	9.36	0.00	0.13
34	8.00	26.00	850.00	12000.00	42500.00	540981.31	540981.31	0.00	0.00	0.00	0.00	10.52	0.00	0.13
35	9.00	26.00	850.00	12000.00	42500.00	540981.31	540981.31	0.00	0.00	0.00	0.00	10.22	0.00	0.13
36	10.00	26.00	850.00	12000.00	42500.00	540981.31	540981.31	0.00	0.00	0.00	0.00	9.94	0.00	0.13
37	10.00	27.00	850.00	12000.00	42500.00	540981.31	540981.31	0.00	0.00	0.00	0.00	9.87	0.00	0.13
38	10.00	28.00	850.00	12000.00	42500.00	540981.31	540981.31	0.00	0.00	0.00	0.00	11.33	0.00	0.13
39	10.00	29.00	850.00	12000.00	42500.00	540981.31	540981.31	0.00	0.00	0.00	0.00	11.42	0.00	0.13
40	10.00	30.00	850.00	12000.00	42500.00	540981.31	540981.31	0.00	0.00	0.00	0.00	11.42	0.00	0.13
41	10.00	31.00	850.00	12000.00	42500.00	540981.31	540981.31	0.00	0.00	0.00	0.00	11.21	0.00	0.13
42	11.00	31.00	850.00	12000.00	42500.00	540981.31	540981.31	0.00	0.00	0.00	0.00	10.94	0.00	0.13
43	11.00	32.00	850.00	12000.00	42500.00	540981.31	540981.31	0.00	0.00	0.00	0.00	11.17	0.00	0.13
44	11.00	33.00	850.00	12000.00	42500.00	540981.31	540981.31	0.00	0.00	0.00	0.00	11.56	0.00	0.13
45	11.00	34.00	850.00	12000.00	42500.00	540981.31	540981.31	0.00	0.00	0.00	0.00	11.39	0.00	0.13
46	11.00	35.00	850.00	12000.00	42500.00	540981.31	540981.31	0.00	0.00	0.00	0.00	11.36	0.00	0.13
47	11.00	36.00	850.00	12000.00	42500.00	540981.31	540981.31	0.00	0.00	0.00	0.00	11.74	0.00	0.13
48	12.00	36.00	850.00	12000.00	42500.00	540981.31	540981.31	0.00	0.00	0.00	0.00	11.50	0.00	0.13
49	12.00	37.00	850.00	12000.00	42500.00	540981.31	540981.31	0.00	0.00	0.00	0.00	11.38	0.00	0.13
50	12.00	38.00	850.00	12000.00	42500.00	540981.31	540981.31	0.00	0.00	0.00	0.00	11.21	0.00	0.13
51	12.00	39.00	850.00	12000.00	42500.00	540981.31	540981.31	0.00	0.00	0.00	0.00	12.05	0.00	0.13
52	12.00	40.00	850.00	12000.00	42500.00	540981.31	540981.31	0.00	0.00	0.00	0.00	11.88	0.00	0.13
53	12.00	41.00	850.00	12000.00	42500.00	540981.31	540981.31	0.00	0.00	0.00	0.00	12.34	0.00	0.13
54	12.00	42.00	850.00	12000.00	42500.00	540981.31	540981.31	0.00	0.00	0.00	0.00	12.43	0.00	0.13
55	12.00	43.00	850.00	12000.00	42500.00	540981.31	540981.31	0.00	0.00	0.00	0.00	12.27	0.00	0.13
56	12.00	44.00	850.00	12000.00	42500.00	540981.31	540981.31	0.00	0.00	0.00	0.00	12.10	0.00	0.13
57	12.00	45.00	850.00	12000.00	42500.00	540981.31	540981.31	0.00	0.00	0.00	0.00	11.94	0.00	0.13
58	12.00	46.00	850.00	12000.00	42500.00	540981.31	540981.31	0.00	0.00	0.00	0.00	11.93	0.00	0.13
59	12.00	47.00	850.00	12000.00	42500.00	540981.31	540981.31	0.00	0.00	0.00	0.00	11.83	0.00	0.13
60	12.00	48.00	850.00	12000.00	42500.00	540981.31	540981.31	0.00	0.00	0.00	0.00	11.83	0.00	0.13
61	12.00	49.00	850.00	12000.00	42500.00	540981.31	540981.31	0.00	0.00	0.00	0.00	11.69	0.00	0.13
62	12.00	50.00	850.00	12000.00	42500.00	540981.31	540981.31	0.00	0.00	0.00	0.00	11.95	0.00	0.13
63	12.00	51.00	850.00	12000.00	42500.00	540981.31	540981.31	0.00	0.00	0.00	0.00	11.95	0.00	0.13
64	12.00	52.00	850.00	12000.00	42500.00	540981.31	540981.31	0.00	0.00	0.00	0.00	12.15	0.00	0.13
65	12.00	53.00	850.00	12000.00	42500.00	540981.31	540981.31	0.00	0.00	0.00	0.00	12.00	0.00	0.13
66	13.00	53.00	850.00	12000.00	42500.00	540981.31	540981.31	0.00	0.00	0.00	0.00	11.81	0.00	0.13
67	13.00	54.00	850.00	12000.00	42500.00	540981.31	540981.31	0.00	0.00	0.00	0.00	11.78	0.00	0.13
68	13.00	55.00	850.00	12000.00	42500.00	540981.31	540981.31	0.00	0.00	0.00	0.00	12.14	0.00	0.13
69	14.00	55.00	850.00	12000.00	42500.00	540981.31	540981.31	0.00	0.00	0.00	0.00	11.96	0.00	0.13
70	14.00	56.00	850.00	12000.00	42500.00	540981.31	540981.31	0.00	0.00	0.00	0.00	11.87	0.00	0.13
71	14.00	57.00	850.00	12000.00	42500.00	540981.31	540981.31	0.00	0.00	0.00	0.00	11.82	0.00	0.13
72	14.00	58.00	850.00	12000.00	42500.00	540981.31	540981.31	0.00	0.00	0.00	0.00	11.86	0.00	0.13
73	14.00	59.00	850.00	12000.00	42500.00	540981.31	540981.31	0.00	0.00	0.00	0.00	11.93	0.00	0.13
74	14.00	60.00	850.00	12000.00	42500.00	540981.31	540981.31	0.00	0.00	0.00	0.00	12.21	0.00	0.13
75	14.00	61.00	850.00	12000.00	42500.00	540981.31	540981.31	0.00	0.00	0.00	0.00	12.52	0.00	0.13
76	15.00	61.00	850.00	12000.00	42500.00	540981.31	540981.31	0.00	0.00	0.00	0.00	12.35	0.00	0.13
77	15.00	62.00	850.00	12000.00	42500.00	540981.31	540981.31	0.00	0.00	0.00	0.00	12.46	0.00	0.13
78	16.00	62.00	850.00	12000.00	42500.00	540981.31	540981.31	0.00	0.00	0.00	0.00	12.30	0.00	0.13
79	16.00	63.00	850.00	12000.00	42500.00	540981.31	540981.31	0.00	0.00	0.00	0.00	12.48	0.00	0.13
80	17.00	63.00	850.00	12000.00	42500.00	540981.31	540981.31	0.00	0.00	0.00	0.00	12.33	0.00	0.13
81	17.00	64.00	850.00	12000.00	42500.00	540981.31	540981.31	0.00	0.00	0.00	0.00	12.35	0.00	0.13
82	17.00	65.00	850.00	12000.00	42500.00	540981.31	540981.31	0.00	0.00	0.00	0.00	12.34	0.00	0.13
83	18.00	65.00	850.00	12000.00	42500.00	540981.31	540981.31	0.00	0.00	0.00	0.00	12.19	0.00	0.13
84	19.00	65.00	850.00	12000.00	42500.00	540981.31	540981.31	0.00	0.00	0.00	0.00	12.05	0.00	0.13
85	19.00	66.00	850.00	12000.00	42500.00	540981.31	540981.31	0.00	0.00	0.00	0.00	11.94	0.00	0.13
86	19.00	67.00	850.00	12000.00	42500.00	540981.31	540981.31	0.00	0.00	0.00	0.00	11.93	0.00	0.13
87	19.00	68.00	850.00	12000.00	42500.00	540981.31	540981.31	0.00	0.00	0.00	0.00	11.88	0.00	0.13
88	19.00	69.00	850.00	12000.00	42500.00	540981.31	540981.31	0.00	0.00	0.00	0.00	11.78	0.00	0.13
89	19.00	70.00	850.00	12000.00	42500.00	540981.31	540981.31	0.00	0.00	0.00	0.00	11.69	0.00	0.13
90	19.00	71.00	850.00	12000.00	42500.00	540981.31	540981.31	0.00	0.00	0.00	0.00	11.80	0.00	0.13
91	19.00	72.00	850.00	12000.00	42500.00	540981.31	540981.31	0.00	0.00	0.00	0.00	11.70	0.00	0.13
92	19.00	73.00	850.00	12000.00	42500.00	540981.31	540981.31	0.00	0.00	0.00	0.00	11.88	0.00	0.13
93	19.00	74.00	850.00	12000.00	42500.00	540981.31	540981.31	0.00	0.00	0.00	0.00	11.93	0.00	0.13
94	19.00	25.00	850.00	12000.00	42500.00	540981.31	540981.31	0.00	0.00	0.00	0.00	6.44	0.00	0.13
95	19.00	26.00	850.00	12000.00	42500.00	540981.31	540981.31	0.00	0.00	0.00	0.00	6.43	0.00	0.13
96	19.00	27.00	850.00	12000.00	42500.00	540981.31	540981.31	0.00	0.00	0.00	0.00	6.52	0.00	0.13
97	19.00	28.00	850.00	12000.00	42500.00	540981.31	540981.31	0.00	0.00	0.00	0.00	6.69	0.00	0.13
98	19.00	29.00	850.00	12000.00	42500.00	540981.31	540981.31	0.00	0.00	0.00	0.00	6.85	0.00	0.13
99	19.00	30.00	850.00	12000.00	42500.00	540981.31	540981.31	0.00	0.00	0.00	0.00	7.14	0.00	0.13
100	19.00	31.00	850.00	12000.00	42500.00	540981.31	540981.31	0.00	0.00	0.00	0.00	7.14	0.00	0.13
101	20.00	31.00	722.50	14400.00	36125.00	540981.31	540981.31	0.00	0.00	0.00	0.00	7.00	0.00	0.13
102	20.00	32.00	722.50	14400.00	36125.00	540981.31	540981.31	0.00	0.00	0.00	0.00	6.97	0.00	0.13
103	21.00	32.00	722.50	14400.00	36125.00	540981.31	540981.31	0.00	0.00	0.00	0.00	6.84	0.00	0.13
104	22.00	32.00	722.50	14400.00	36125.00	540981.31	540981.31	0.00	0.00	0.00	0.00	6.72	0.00	0.13
105	23.00	32.00	722.50	14400.00	36125.00	540981.31	540981.31	0.00	0.00	0.00	0.00	6.59	0.00	0.13
106	23.00	33.00	722.50	14400.00	36125.00	540981.31	540981.31	0.00	0.00	0.00	0.00	6.60	0.00	0.13
107	23.00	34.00	722.50	14400.00	36125.00	540981.31	540981.31	0.00	0.00	0.00	0.00	6.77	0.00	0.13
108	24.00	34.00	722.50	14400.00	36125.00	540981.31	540981.31	0.00	0.00	0.00	0.00	6.65	0.00	0.13
109	24.00	35.00	722.50	14400.00	36125.00	540981.31	540981.31	0.00	0.00	0.00	0.00	6.78	0.00	0.13
110	24.00	36.00	722.50	14400.00	36125.00	540981.31	540981.31	0.00	0.00	0.00	0.00	7.31	0.00	0.13
111	24.00	37.00	722.50	14400.00	36125.00	540981.31	540981.31	0.00	0.00	0.00	0.00	7.24	0.00	0.13
112	24.00	38.00	722.50	14400.00	36125.00	540981.31	540981.31	0.00	0.00	0.00	0.00	7.17	0.00	0.13
113	24.00	39.00	722.50	14400.00	36125.00	540981.31	540981.31	0.00	0.00	0.00	0.00	7.50	0.00	0.13
114	24.00	40.00	722.50	14400.00	36125.00	540981.31	540981.31	0.00	0.00	0.00	0.00	7.68	0.00	0.13
115	24.00	41.00	722.50	14400.00	36125.00	540981.31	540981.31	0.00	0.00	0.00	0.00	7.73	0.00	0.13
116	25.00	41.00	722.50	14400.00	36125.00	540981.31	540981.31	0.00	0.00	0.00	0.00	7.62	0.00	0.13
117	25.00	42.00	722.50	14400.00	36125.00	540981.31	540981.31	0.00	0.00	0.00	0.00	7.59	0.00	0.13
118	26.00	42.00	722.50	14400.00	36125.00	540981.31	540981.31	0.00	0.00	0.00	0.00	7.48	0.00	0.13
119	26.00	43.00	722.50	14400.00	36125.00	540981.31	540981.31	0.00	0.00	0.00	0.00	7.53	0.00	0.13
120	26.00	44.00	722.50	14400.00	36125.00	540981.31	540981.31	0.00	0.00	0.00	0.00	7.73	0.00	0.13
121	26.00	45.00	722.50	14400.00	36125.00	540981.31	540981.31	0.00	0.00	0.00	0.00	7.79	0.00	0.13
122	26.00	46.00	722.50	14400.00	36125.00	540981.31	540981.31	0.00	0.00	0.00	0.00	7.80	0.00	0.13
123	26.00	47.00	722.50	14400.00	36125.00	540981.31	540981.31	0.00	0.00	0.00	0.00	7.89	0.00	0.13
124	27.00	47.00	722.50	14400.00	36125.00	540981.31	540981.31	0.00	0.00	0.00	0.00	7.78	0.00	0.13
125	27.00	48.00	722.50	14400.00	36125.00	540981.31	540981.31	0.00	0.00	0.00	0.00	7.90	0.00	0.13
126	27.00	49.00	722.50	14400.00	36125.00	540981.31	540981.31	0.00	0.00	0.00	0.00	8.06	0.00	0.13
127	28.00	49.00	722.50	14400.00	36125.00	540981.31	540981.31	0.00	0.00	0.00	0.00	7.95	0.00	0.13
128	28.00	50.00	722.50	14400.00	36125.00	540981.31	540981.31	0.00	0.00	0.00	0.00	8.10	0.00	0.13
129	28.00	51.00	722.50	14400.00	36125.00	540981.31	540981.31	0.00	0.00	0.00	0.00	8.13	0.00	0.13
130	29.00	51.00	722.50	14400.00	36125.00	540981.31	540981.31	0.00	0.00	0.00	0.00	8.03	0.00	0.13
131	29.00	52.00	722.50	14400.00	36125.00	540981.31	540981.31	0.00	0.00	0.00	0.00	8.10	0.00	0.13
132	29.00	53.00	722.50	14400.00	36125.00	540981.31	540981.31	0.00	0.00	0.00	0.00	8.24	0.00	0.13
133	29.00	54.00	722.50	14400.00	36125.00	540981.31	540981.31	0.00	0.00	0.00	0.00	8.43	0.00	0.13
134	29.00	55.00	722.50	14400.00	36125.00	540981.31	540981.31	0.00	0.00	0.00	0.00	8.40	0.00	0.13
135	29.00	56.00	722.50	14400.00	36125.00	540981.31	540981.31	0.00	0.00	0.00	0.00	8.72	0.00	0.13
136	29.00	57.00	722.50	14400.00	36125.00	540981.31	540981.31	0.00	0.00	0.00	0.00	8.65	0.00	0.13
137	29.00	58.00	722.50	14400.00	36125.00	540981.31	540981.31	0.00	0.00	0.00	0.00	8.59	0.00	0.13
138	29.00	59.00	722.50	14400.00	36125.00	540981.31	540981.31	0.00	0.00	0.00	0.00	8.75	0.00	0.13
139	29.00	60.00	722.50	14400.00	36125.00	540981.31	540981.31	0.00	0.00	0.00	0.00	8.97	0.00	0.13
140	29.00	61.00	722.50	14400.00	36125.00	540981.31	540981.31	0.00	0.00	0.00	0.00	9.03	0.00	0.13
141	29.00	62.00	722.50	14400.00	36125.00	540981.31	540981.31	0.00	0.00	0.00	0.00	8.97	0.00	0.13
142	30.00	62.00	722.50	14400.00	36125.00	540981.31	540981.31	0.00	0.00	0.00	0.00	8.87	0.00	0.13
143	30.00	63.00	722.50	14400.00	36125.00	540981.31	540981.31	0.00	0.00	0.00	0.00	8.86	0.00	0.13
144	30.00	64.00	722.50	14400.00	36125.00	540981.31	540981.31	0.00	0.00	0.00	0.00	8.90	0.00	0.13
145	30.00	65.00	722.50	14400.00	36125.00	540981.31	540981.31	0.00	0.00	0.00	0.00	8.84	0.00	0.13
146	31.00	65.00	722.50	14400.00	36125.00	540981.31	540981.31	0.00	0.00	0.00	0.00	8.75	0.00	0.13
147	31.00	66.00	722.50	14400.00	36125.00	540981.31	540981.31	0.00	0.00	0.00	0.00	8.77	0.00	0.13
148	31.00	67.00	722.50	14400.00	36125.00	540981.31	540981.31	0.00	0.00	0.00	0.00	9.11	0.00	0.13
149	32.00	67.00	722.50	14400.00	36125.00	540981.31	540981.31	0.00	0.00	0.00	0.00	9.02	0.00	0.13
150	33.00	67.00	722.50	14400.00	36125.00	540981.31	540981.31	0.00	0.00	0.00	0.00	8.93	0.00	0.13
151	34.00	67.00	722.50	14400.00	36125.00	540981.31	540981.31	0.00	0.00	0.00	0.00	8.84	0.00	0.13
152	34.00	68.00	722.50	14400.00	36125.00	540981.31	540981.31	0.00	0.00	0.00	0.00	8.82	0.00	0.13
153	34.00	69.00	722.50	14400.00	36125.00	540981.31	540981.31	0.00	0.00	0.00	0.00	8.81	0.00	0.13
154	34.00	70.00	722.50	14400.00	36125.00	540981.31	540981.31	0.00	0.00	0.00	0.00	8.76	0.00	0.13
155	35.00	70.00	722.50	14400.00	36125.00	540981.31	540981.31	0.00	0.00	0.00	0.00	8.67	0.00	0.13
156	35.00	71.00	722.50	14400.00	36125.00	540981.31	540981.31	0.00	0.00	0.00	0.00	8.72	0.00	0.13
157	36.00	71.00	722.50	14400.00	36125.00	540981.31	540981.31	0.00	0.00	0.00	0.00	8.64	0.00	0.13
158	36.00	72.00	722.50	14400.00	36125.00	540981.31	540981.31	0.00	0.00	0.00	0.00	8.63	0.00	0.13
159	36.00	73.00	722.50	14400.00	36125.00	540981.31	540981.31	0.00	0.00	0.00	0.00	8.73	0.00	0.13
160	37.00	73.00	722.50	14400.00	36125.00	540981.31	540981.31	0.00	0.00	0.00	0.00	8.65	0.00	0.13
161	37.00	74.00	722.50	14400.00	36125.00	540981.31	540981.31	0.00	0.00	0.00	0.00	8.60	0.00	0.13
162	37.00	25.00	722.50	14400.00	36125.00	540981.31	540981.31	0.00	0.00	0.00	0.00	2.96	0.00	0.13
163	37.00	26.00	722.50	14400.00	36125.00	540981.31	540981.31	0.00	0.00	0.00	0.00	3.34	0.00	0.13
164	38.00	26.00	722.50	14400.00	36125.00	540981.31	540981.31	0.00	0.00	0.00	0.00	3.29	0.00	0.13
165	38.00	27.00	722.50	14400.00	36125.00	540981.31	540981.31	0.00	0.00	0.00	0.00	3.36	0.00	0.13
166	38.00	28.00	722.50	14400.00	36125.00	540981.31	540981.31	0.00	0.00	0.00	0.00	3.43	0.00	0.13
167	39.00	28.00	722.50	14400.00	36125.00	540981.31	540981.31	0.00	0.00	0.00	0.00	3.38	0.00	0.13
168	40.00	28.00	722.50	14400.00	36125.00	540981.31	540981.31	0.00	0.00	0.00	0.00	3.33	0.00	0.13
169	41.00	28.00	722.50	14400.00	36125.00	540981.31	540981.31	0.00	0.00	0.00	0.00	3.28	0.00	0.13
170	42.00	28.00	722.50	14400.00	36125.00	540981.31	540981.31	0.00	0.00	0.00	0.00	3.24	0.00	0.13
171	42.00	29.00	722.50	14400.00	36125.00	540981.31	540981.31	0.00	0.00	0.00	0.00	3.34	0.00	0.13
172	42.00	30.00	722.50	14400.00	36125.00	540981.31	540981.31	0.00	0.00	0.00	0.00	3.41	0.00	0.13
173	42.00	31.00	722.50	14400.00	36125.00	540981.31	540981.31	0.00	0.00	0.00	0.00	3.41	0.00	0.13
174	42.00	32.00	722.50	14400.00	36125.00	540981.31	540981.31	0.00	0.00	0.00	0.00	3.39	0.00	0.13
175	42.00	33.00	722.50	14400.00	36125.00	540981.31	540981.31	0.00	0.00	0.00	0.00	3.47	0.00	0.13
176	42.00	34.00	722.50	14400.00	36125.00	540981.31	540981.31	0.00	0.00	0.00	0.00	3.52	0.00	0.13
177	42.00	35.00	722.50	14400.00	36125.00	540981.31	540981.31	0.00	0.00	0.00	0.00	3.62	0.00	0.13
178	42.00	36.00	722.50	14400.00	36125.00	540981.31	540981.31	0.00	0.00	0.00	0.00	3.74	0.00	0.13
179	43.00	36.00	722.50	14400.00	36125.00	540981.31	540981.31	0.00	0.00	0.00	0.00	3.70	0.00	0.13
180	44.00	36.00	722.50	14400.00	36125.00	540981.31	540981.31	0.00	0.00	0.00	0.00	3.65	0.00	0.13
181	44.00	37.00	722.50	14400.00	36125.00	540981.31	540981.31	0.00	0.00	0.00	0.00	3.85	0.00	0.13
182	44.00	38.00	722.50	14400.00	36125.00	540981.31	540981.31	0.00	0.00	0.00	0.00	4.10	0.00	0.13
183	44.00	39.00	722.50	14400.00	36125.00	540981.31	540981.31	0.00	0.00	0.00	0.00	5.27	0.00	0.13
184	44.00	40.00	722.50	14400.00	36125.00	540981.31	540981.31	0.00	0.00	0.00	0.00	5.23	0.00	0.13
185	45.00	40.00	722.50	14400.00	36125.00	540981.31	540981.31	0.00	0.00	0.00	0.00	5.17	0.00	0.13
186	45.00	41.00	722.50	14400.00	36125.00	540981.31	540981.31	0.00	0.00	0.00	0.00	5.42	0.00	0.13
187	45.00	42.00	722.50	14400.00	36125.00	540981.31	540981.31	0.00	0.00	0.00	0.00	5.59	0.00	0.13
188	45.00	43.00	722.50	14400.00	36125.00	540981.31	540981.31	0.00	0.00	0.00	0.00	5.56	0.00	0.13
189	45.00	44.00	722.50	14400.00	36125.00	540981.31	540981.31	0.00	0.00	0.00	0.00	5.60	0.00	0.13
190	46.00	44.00	722.50	14400.00	36125.00	540981.31	540981.31	0.00	0.00	0.00	0.00	5.54	0.00	0.13
191	46.00	45.00	722.50	14400.00	36125.00	540981.31	540981.31	0.00	0.00	0.00	0.00	5.60	0.00	0.13
192	46.00	46.00	722.50	14400.00	36125.00	540981.31	540981.31	0.00	0.00	0.00	0.00	5.74	0.00	0.13
193	47.00	46.00	722.50	14400.00	36125.00	540981.31	540981.31	0.00	0.00	0.00	0.00	5.68	0.00	0.13
194	47.00	47.00	722.50	14400.00	36125.00	540981.31	540981.31	0.00	0.00	0.00	0.00	5.65	0.00	0.13
195	47.00	48.00	722.50	14400.00	36125.00	540981.31	540981.31	0.00	0.00	0.00	0.00	5.75	0.00	0.13
196	48.00	48.00	722.50	14400.00	36125.00	540981.31	540981.31	0.00	0.00	0.00	0.00	5.69	0.00	0.13
197	48.00	49.00	722.50	14400.00	36125.00	540981.31	540981.31	0.00	0.00	0.00	0.00	5.70	0.00	0.13
198	48.00	50.00	722.50	14400.00	36125.00	540981.31	540981.31	0.00	0.00	0.00	0.00	5.75	0.00	0.13
199	48.00	51.00	722.50	14400.00	36125.00	540981.31	540981.31	0.00	0.00	0.00	0.00	5.77	0.00	0.13
200	48.00	52.00	722.50	14400.00	36125.00	540981.31	540981.31	0.00	0.00	0.00	0.00	5.79	0.00	0.13
201	48.00	53.00	614.12	17280.00	30706.25	540981.31	540981.31	0.00	0.00	0.00	0.00	5.91	0.00	0.13
202	48.00	54.00	614.12	17280.00	30706.25	540981.31	540981.31	0.00	0.00	0.00	0.00	6.10	0.00	0.13
203	48.00	55.00	614.12	17280.00	30706.25	540981.31	540981.31	0.00	0.00	0.00	0.00	7.11	0.00	0.13
204	48.00	56.00	614.12	17280.00	30706.25	540981.31	540981.31	0.00	0.00	0.00	0.00	7.15	0.00	0.13
205	48.00	57.00	614.12	17280.00	30706.25	540981.31	540981.31	0.00	0.00	0.00	0.00	7.53	0.00	0.13
206	48.00	58.00	614.12	17280.00	30706.25	540981.31	540981.31	0.00	0.00	0.00	0.00	7.49	0.00	0.13
207	49.00	58.00	614.12	17280.00	30706.25	540981.31	540981.31	0.00	0.00	0.00	0.00	7.42	0.00	0.13
208	50.00	58.00	614.12	17280.00	30706.25	540981.31	540981.31	0.00	0.00	0.00	0.00	7.35	0.00	0.13
209	50.00	59.00	614.12	17280.00	30706.25	540981.31	540981.31	0.00	0.00	0.00	0.00	7.32	0.00	0.13
210	50.00	60.00	614.12	17280.00	30706.25	540981.31	540981.31	0.00	0.00	0.00	0.00	7.28	0.00	0.13
211	50.00	61.00	614.12	17280.00	30706.25	540981.31	540981.31	0.00	0.00	0.00	0.00	7.24	0.00	0.13
212	51.00	61.00	614.12	17280.00	30706.25	540981.31	540981.31	0.00	0.00	0.00	0.00	7.17	0.00	0.13
213	52.00	61.00	614.12	17280.00	30706.25	540981.31	540981.31	0.00	0.00	0.00	0.00	7.11	0.00	0.13
214	53.00	61.00	614.12	17280.00	30706.25	540981.31	540981.31	0.00	0.00	0.00	0.00	7.05	0.00	0.13
215	53.00	62.00	614.12	17280.00	30706.25	540981.31	540981.31	0.00	0.00	0.00	0.00	7.01	0.00	0.13
216	53.00	63.00	614.12	17280.00	30706.25	540981.31	540981.31	0.00	0.00	0.00	0.00	7.90	0.00	0.13
217	53.00	64.00	614.12	17280.00	30706.25	540981.31	540981.31	0.00	0.00	0.00	0.00	8.11	0.00	0.13
218	53.00	65.00	614.12	17280.00	30706.25	540981.31	540981.31	0.00	0.00	0.00	0.00	8.37	0.00	0.13
219	53.00	66.00	614.12	17280.00	30706.25	540981.31	540981.31	0.00	0.00	0.00	0.00	8.74	0.00	0.13
220	53.00	67.00	614.12	17280.00	30706.25	540981.31	540981.31	0.00	0.00	0.00	0.00	8.82	0.00	0.13
221	54.00	67.00	614.12	17280.00	30706.25	540981.31	540981.31	0.00	0.00	0.00	0.00	8.75	0.00	0.13
222	54.00	68.00	614.12	17280.00	30706.25	540981.31	540981.31	0.00	0.00	0.00	0.00	8.70	0.00	0.13
223	55.00	68.00	614.12	17280.00	30706.25	540981.31	540981.31	0.00	0.00	0.00	0.00	8.63	0.00	0.13
224	56.00	68.00	614.12	17280.00	30706.25	540981.31	540981.31	0.00	0.00	0.00	0.00	8.56	0.00	0.13
225	56.00	69.00	614.12	17280.00	30706.25	540981.31	540981.31	0.00	0.00	0.00	0.00	8.65	0.00	0.13
226	56.00	70.00	614.12	17280.00	30706.25	540981.31	540981.31	0.00	0.00	0.00	0.00	8.65	0.00	0.13
227	57.00	70.00	614.12	17280.00	30706.25	540981.31	540981.31	0.00	0.00	0.00	0.00	8.58	0.00	0.13
228	57.00	71.00	614.12	17280.00	30706.25	540981.31	540981.31	0.00	0.00	0.00	0.00	9.46	0.00	0.13
229	57.00	72.00	614.12	17280.00	30706.25	540981.31	540981.31	0.00	0.00	0.00	0.00	9.54	0.00	0.13
230	57.00	73.00	614.12	17280.00	30706.25	540981.31	540981.31	0.00	0.00	0.00	0.00	9.66	0.00	0.13
231	58.00	73.00	614.12	17280.00	30706.25	540981.31	540981.31	0.00	0.00	0.00	0.00	9.58	0.00	0.13
232	59.00	73.00	614.12	17280.00	30706.25	540981.31	540981.31	0.00	0.00	0.00	0.00	9.51	0.00	0.13
233	59.00	74.00	614.12	17280.00	30706.25	540981.31	540981.31	0.00	0.00	0.00	0.00	9.57	0.00	0.13
234	59.00	25.00	614.12	17280.00	30706.25	540981.31	540981.31	0.00	0.00	0.00	0.00	1.72	0.00	0.13
235	60.00	25.00	614.12	17280.00	30706.25	540981.31	540981.31	0.00	0.00	0.00	0.00	1.70	0.00	0.13
236	60.00	26.00	614.12	17280.00	30706.25	540981.31	540981.31	0.00	0.00	0.00	0.00	1.95	0.00	0.13
237	60.00	27.00	614.12	17280.00	30706.25	540981.31	540981.31	0.00	0.00	0.00	0.00	2.22	0.00	0.13
238	60.00	28.00	614.12	17280.00	30706.25	540981.31	540981.31	0.00	0.00	0.00	0.00	2.32	0.00	0.13
239	61.00	28.00	614.12	17280.00	30706.25	540981.31	540981.31	0.00	0.00	0.00	0.00	2.30	0.00	0.13
240	62.00	28.00	614.12	17280.00	30706.25	540981.31	540981.31	0.00	0.00	0.00	0.00	2.27	0.00	0.13
241	62.00	29.00	614.12	17280.00	30706.25	540981.31	540981.31	0.00	0.00	0.00	0.00	2.28	0.00	0.13
242	62.00	30.00	614.12	17280.00	30706.25	540981.31	540981.31	0.00	0.00	0.00	0.00	3.23	0.00	0.13
243	62.00	31.00	614.12	17280.00	30706.25	540981.31	540981.31	0.00	0.00	0.00	0.00	3.23	0.00	0.13
244	63.00	31.00	614.12	17280.00	30706.25	540981.31	540981.31	0.00	0.00	0.00	0.00	3.20	0.00	0.13
245	63.00	32.00	614.12	17280.00	30706.25	540981.31	540981.31	0.00	0.00	0.00	0.00	3.45	0.00	0.13
246	63.00	33.00	614.12	17280.00	30706.25	540981.31	540981.31	0.00	0.00	0.00	0.00	3.54	0.00	0.13
247	63.00	34.00	614.12	17280.00	30706.25	540981.31	540981.31	0.00	0.00	0.00	0.00	3.72	0.00	0.13
248	63.00	35.00	614.12	17280.00	30706.25	540981.31	540981.31	0.00	0.00	0.00	0.00	3.79	0.00	0.13
249	63.00	36.00	614.12	17280.00	30706.25	540981.31	540981.31	0.00	0.00	0.00	0.00	3.97	0.00	0.13
250	63.00	37.00	614.12	17280.00	30706.25	540981.31	540981.31	0.00	0.00	0.00	0.00	4.01	0.00	0.13
251	64.00	37.00	614.12	17280.00	30706.25	540981.31	540981.31	0.00	0.00	0.00	0.00	3.97	0.00	0.13
252	64.00	38.00	614.12	17280.00	30706.25	540981.31	540981.31	0.00	0.00	0.00	0.00	4.19	0.00	0.13
253	64.00	39.00	614.12	17280.00	30706.25	540981.31	540981.31	0.00	0.00	0.00	0.00	4.18	0.00	0.13
254	65.00	39.00	614.12	17280.00	30706.25	540981.31	540981.31	0.00	0.00	0.00	0.00	4.14	0.00	0.13
255	65.00	40.00	614.12	17280.00	30706.25	540981.31	540981.31	0.00	0.00	0.00	0.00	4.59	0.00	0.13
256	66.00	40.00	614.12	17280.00	30706.25	540981.31	540981.31	0.00	0.00	0.00	0.00	4.55	0.00	0.13
257	67.00	40.00	614.12	17280.00	30706.25	540981.31	540981.31	0.00	0.00	0.00	0.00	4.51	0.00	0.13
258	67.00	41.00	614.12	17280.00	30706.25	540981.31	540981.31	0.00	0.00	0.00	0.00	4.64	0.00	0.13
259	68.00	41.00	614.12	17280.00	30706.25	540981.31	540981.31	0.00	0.00	0.00	0.00	4.60	0.00	0.13
260	69.00	41.00	614.12	17280.00	30706.25	540981.31	540981.31	0.00	0.00	0.00	0.00	4.56	0.00	0.13
261	70.00	41.00	614.12	17280.00	30706.25	540981.31	540981.31	0.00	0.00	0.00	0.00	4.52	0.00	0.13
262	70.00	42.00	614.12	17280.00	30706.25	540981.31	540981.31	0.00	0.00	0.00	0.00	4.51	0.00	0.13
263	70.00	43.00	614.12	17280.00	30706.25	540981.31	540981.31	0.00	0.00	0.00	0.00	4.88	0.00	0.13
264	70.00	44.00	614.12	17280.00	30706.25	540981.31	540981.31	0.00	0.00	0.00	0.00	4.86	0.00	0.13
265	71.00	44.00	614.12	17280.00	30706.25	540981.31	540981.31	0.00	0.00	0.00	0.00	4.82	0.00	0.13
266	72.00	44.00	614.12	17280.00	30706.25	540981.31	540981.31	0.00	0.00	0.00	0.00	4.78	0.00	0.13
267	72.00	45.00	614.12	17280.00	30706.25	540981.31	540981.31	0.00	0.00	0.00	0.00	5.02	0.00	0.13
268	73.00	45.00	614.12	17280.00	30706.25	540981.31	540981.31	0.00	0.00	0.00	0.00	4.98	0.00	0.13
269	73.00	46.00	614.12	17280.00	30706.25	540981.31	540981.31	0.00	0.00	0.00	0.00	5.05	0.00	0.13
270	73.00	47.00	614.12	17280.00	30706.25	540981.31	540981.31	0.00	0.00	0.00	0.00	5.19	0.00	0.13
271	73.00	48.00	614.12	17280.00	30706.25	540981.31	540981.31	0.00	0.00	0.00	0.00	5.17	0.00	0.13
272	74.00	48.00	614.12	17280.00	30706.25	540981.31	540981.31	0.00	0.00	0.00	0.00	5.13	0.00	0.13
273	74.00	49.00	614.12	17280.00	30706.25	540981.31	540981.31	0.00	0.00	0.00	0.00	5.19	0.00	0.13
274	74.00	50.00	614.12	17280.00	30706.25	540981.31	540981.31	0.00	0.00	0.00	0.00	5.28	0.00	0.13
275	74.00	51.00	614.12	17280.00	30706.25	540981.31	540981.31	0.00	0.00	0.00	0.00	5.33	0.00	0.13
276	74.00	52.00	614.12	17280.00	30706.25	540981.31	540981.31	0.00	0.00	0.00	0.00	5.33	0.00	0.13
277	74.00	53.00	614.12	17280.00	30706.25	540981.31	540981.31	0.00	0.00	0.00	0.00	5.31	0.00	0.13
278	74.00	54.00	614.12	17280.00	30706.25	540981.31	540981.31	0.00	0.00	0.00	0.00	5.33	0.00	0.13
279	25.00	54.00	614.12	17280.00	30706.25	540981.31	540981.31	0.00	0.00	0.00	0.00	8.63	0.00	0.13
280	26.00	54.00	614.12	17280.00	30706.25	540981.31	540981.31	0.00	0.00	0.00	0.00	8.53	0.00	0.13
281	27.00	54.00	614.12	17280.00	30706.25	540981.31	540981.31	0.00	0.00	0.00	0.00	8.42	0.00	0.13
282	27.00	55.00	614.12	17280.00	30706.25	540981.31	540981.31	0.00	0.00	0.00	0.00	8.52	0.00	0.13
283	27.00	56.00	614.12	17280.00	30706.25	540981.31	540981.31	0.00	0.00	0.00	0.00	8.95	0.00	0.13
284	27.00	57.00	614.12	17280.00	30706.25	540981.31	540981.31	0.00	0.00	0.00	0.00	9.05	0.00	0.13
285	27.00	58.00	614.12	17280.00	30706.25	540981.31	540981.31	0.00	0.00	0.00	0.00	9.36	0.00	0.13
286	27.00	59.00	614.12	17280.00	30706.25	540981.31	540981.31	0.00	0.00	0.00	0.00	9.29	0.00	0.13
287	28.00	59.00	614.12	17280.00	30706.25	540981.31	540981.31	0.00	0.00	0.00	0.00	9.18	0.00	0.13
288	28.00	60.00	614.12	17280.00	30706.25	540981.31	540981.31	0.00	0.00	0.00	0.00	9.79	0.00	0.13
289	29.00	60.00	614.12	17280.00	30706.25	540981.31	540981.31	0.00	0.00	0.00	0.00	9.68	0.00	0.13
290	29.00	61.00	614.12	17280.00	30706.25	540981.31	540981.31	0.00	0.00	0.00	0.00	9.73	0.00	0.13
291	29.00	62.00	614.12	17280.00	30706.25	540981.31	540981.31	0.00	0.00	0.00	0.00	9.76	0.00	0.13
292	29.00	63.00	614.12	17280.00	30706.25	540981.31	540981.31	0.00	0.00	0.00	0.00	9.73	0.00	0.13
293	30.00	63.00	614.12	17280.00	30706.25	540981.31	540981.31	0.00	0.00	0.00	0.00	9.63	0.00	0.13
294	30.00	64.00	614.12	17280.00	30706.25	540981.31	540981.31	0.00	0.00	0.00	0.00	9.76	0.00	0.13
295	30.00	65.00	614.12	17280.00	30706.25	540981.31	540981.31	0.00	0.00	0.00	0.00	9.69	0.00	0.13
296	30.00	66.00	614.12	17280.00	30706.25	540981.31	540981.31	0.00	0.00	0.00	0.00	9.69	0.00	0.13
297	30.00	67.00	614.12	17280.00	30706.25	540981.31	540981.31	0.00	0.00	0.00	0.00	9.62	0.00	0.13
298	30.00	68.00	614.12	17280.00	30706.25	540981.31	540981.31	0.00	0.00	0.00	0.00	9.55	0.00	0.13
299	30.00	69.00	614.12	17280.00	30706.25	540981.31	540981.31	0.00	0.00	0.00	0.00	9.77	0.00	0.13
300	31.00	69.00	614.12	17280.00	30706.25	540981.31	540981.31	0.00	0.00	0.00	0.00	9.67	0.00	0.13
301	31.00	70.00	522.01	20736.00	26100.31	540981.31	540981.31	0.00	0.00	0.00	0.00	9.64	0.00	0.13
302	31.00	71.00	522.01	20736.00	26100.31	540981.31	540981.31	0.00	0.00	0.00	0.00	9.63	0.00	0.13
303	31.00	72.00	522.01	20736.00	26100.31	540981.31	540981.31	0.00	0.00	0.00	0.00	9.67	0.00	0.13
304	31.00	73.00	522.01	20736.00	26100.31	540981.31	540981.31	0.00	0.00	0.00	0.00	9.78	0.00	0.13
305	32.00	73.00	522.01	20736.00	26100.31	540981.31	540981.31	0.00	0.00	0.00	0.00	9.69	0.00	0.13
306	32.00	74.00	522.01	20736.00	26100.31	540981.31	540981.31	0.00	0.00	0.00	0.00	9.83	0.00	0.13
307	32.00	25.00	522.01	20736.00	26100.31	540981.31	540981.31	0.00	0.00	0.00	0.00	3.30	0.00	0.13
308	32.00	26.00	522.01	20736.00	26100.31	540981.31	540981.31	0.00	0.00	0.00	0.00	3.30	0.00	0.13
309	32.00	27.00	522.01	20736.00	26100.31	540981.31	540981.31	0.00	0.00	0.00	0.00	3.42	0.00	0.13
310	33.00	27.00	522.01	20736.00	26100.31	540981.31	540981.31	0.00	0.00	0.00	0.00	3.36	0.00	0.13
311	34.00	27.00	522.01	20736.00	26100.31	540981.31	540981.31	0.00	0.00	0.00	0.00	3.30	0.00	0.13
312	34.00	28.00	522.01	20736.00	26100.31	540981.31	540981.31	0.00	0.00	0.00	0.00	4.35	0.00	0.13
313	34.00	29.00	522.01	20736.00	26100.31	540981.31	540981.31	0.00	0.00	0.00	0.00	4.33	0.00	0.13
314	34.00	30.00	522.01	20736.00	26100.31	540981.31	540981.31	0.00	0.00	0.00	0.00	4.44	0.00	0.13
315	34.00	31.00	522.01	20736.00	26100.31	540981.31	540981.31	0.00	0.00	0.00	0.00	4.63	0.00	0.13
316	35.00	31.00	522.01	20736.00	26100.31	540981.31	540981.31	0.00	0.00	0.00	0.00	4.56	0.00	0.13
317	36.00	31.00	522.01	20736.00	26100.31	540981.31	540981.31	0.00	0.00	0.00	0.00	4.49	0.00	0.13
318	37.00	31.00	522.01	20736.00	26100.31	540981.31	540981.31	0.00	0.00	0.00	0.00	4.42	0.00	0.13
319	38.00	31.00	522.01	20736.00	26100.31	540981.31	540981.31	0.00	0.00	0.00	0.00	4.36	0.00	0.13
320	38.00	32.00	522.01	20736.00	26100.31	540981.31	540981.31	0.00	0.00	0.00	0.00	5.04	0.00	0.13
321	38.00	33.00	522.01	20736.00	26100.31	540981.31	540981.31	0.00	0.00	0.00	0.00	5.42	0.00	0.13
322	38.00	34.00	522.01	20736.00	26100.31	540981.31	540981.31	0.00	0.00	0.00	0.00	5.46	0.00	0.13
323	38.00	35.00	522.01	20736.00	26100.31	540981.31	540981.31	0.00	0.00	0.00	0.00	5.42	0.00	0.13
324	39.00	35.00	522.01	20736.00	26100.31	540981.31	540981.31	0.00	0.00	0.00	0.00	5.35	0.00	0.13
325	39.00	36.00	522.01	20736.00	26100.31	540981.31	540981.31	0.00	0.00	0.00	0.00	5.32	0.00	0.13
326	39.00	37.00	522.01	20736.00	26100.31	540981.31	540981.31	0.00	0.00	0.00	0.00	5.29	0.00	0.13
327	40.00	37.00	522.01	20736.00	26100.31	540981.31	540981.31	0.00	0.00	0.00	0.00	5.22	0.00	0.13
328	41.00	37.00	522.01	20736.00	26100.31	540981.31	540981.31	0.00	0.00	0.00	0.00	5.15	0.00	0.13
329	42.00	37.00	522.01	20736.00	26100.31	540981.31	540981.31	0.00	0.00	0.00	0.00	5.08	0.00	0.13
330	43.00	37.00	522.01	20736.00	26100.31	540981.31	540981.31	0.00	0.00	0.00	0.00	5.02	0.00	0.13
331	43.00	38.00	522.01	20736.00	26100.31	540981.31	540981.31	0.00	0.00	0.00	0.00	5.06	0.00	0.13
332	43.00	39.00	522.01	20736.00	26100.31	540981.31	540981.31	0.00	0.00	0.00	0.00	5.03	0.00	0.13
333	43.00	40.00	522.01	20736.00	26100.31	540981.31	540981.31	0.00	0.00	0.00	0.00	5.16	0.00	0.13
334	43.00	41.00	522.01	20736.00	26100.31	540981.31	540981.31	0.00	0.00	0.00	0.00	5.83	0.00	0.13
335	43.00	42.00	522.01	20736.00	26100.31	540981.31	540981.31	0.00	0.00	0.00	0.00	5.99	0.00	0.13
336	44.00	42.00	522.01	20736.00	26100.31	540981.31	540981.31	0.00	0.00	0.00	0.00	5.92	0.00	0.13
337	45.00	42.00	522.01	20736.00	26100.31	540981.31	540981.31	0.00	0.00	0.00	0.00	5.85	0.00	0.13
338	45.00	43.00	522.01	20736.00	26100.31	540981.31	540981.31	0.00	0.00	0.00	0.00	5.81	0.00	0.13
339	46.00	43.00	522.01	20736.00	26100.31	540981.31	540981.31	0.00	0.00	0.00	0.00	5.74	0.00	0.13
340	46.00	44.00	522.01	20736.00	26100.31	540981.31	540981.31	0.00	0.00	0.00	0.00	6.33	0.00	0.13
341	46.00	45.00	522.01	20736.00	26100.31	540981.31	540981.31	0.00	0.00	0.00	0.00	6.38	0.00	0.13
342	46.00	46.00	522.01	20736.00	26100.31	540981.31	540981.31	0.00	0.00	0.00	0.00	6.34	0.00	0.13
343	46.00	47.00	522.01	20736.00	26100.31	540981.31	540981.31	0.00	0.00	0.00	0.00	6.30	0.00	0.13
344	46.00	48.00	522.01	20736.00	26100.31	540981.31	540981.31	0.00	0.00	0.00	0.00	6.50	0.00	0.13
345	47.00	48.00	522.01	20736.00	26100.31	540981.31	540981.31	0.00	0.00	0.00	0.00	6.43	0.00	0.13
346	48.00	48.00	522.01	20736.00	26100.31	540981.31	540981.31	0.00	0.00	0.00	0.00	6.37	0.00	0.13
347	48.00	49.00	522.01	20736.00	26100.31	540981.31	540981.31	0.00	0.00	0.00	0.00	6.47	0.00	0.13
348	49.00	49.00	522.01	20736.00	26100.31	540981.31	540981.31	0.00	0.00	0.00	0.00	6.40	0.00	0.13
349	50.00	49.00	522.01	20736.00	26100.31	540981.31	540981.31	0.00	0.00	0.00	0.00	6.34	0.00	0.13
350	50.00	50.00	522.01	20736.00	26100.31	540981.31	540981.31	0.00	0.00	0.00	0.00	6.42	0.00	0.13
351	51.00	50.00	522.01	20736.00	26100.31	540981.31	540981.31	0.00	0.00	0.00	0.00	6.36	0.00	0.13
352	52.00	50.00	522.01	20736.00	26100.31	540981.31	540981.31	0.00	0.00	0.00	0.00	6.30	0.00	0.13
353	52.00	51.00	522.01	20736.00	26100.31	540981.31	540981.31	0.00	0.00	0.00	0.00	6.26	0.00	0.13
354	52.00	52.00	522.01	20736.00	26100.31	540981.31	540981.31	0.00	0.00	0.00	0.00	6.31	0.00	0.13
355	52.00	53.00	522.01	20736.00	26100.31	540981.31	540981.31	0.00	0.00	0.00	0.00	6.36	0.00	0.13
356	53.00	53.00	522.01	20736.00	26100.31	540981.31	540981.31	0.00	0.00	0.00	0.00	6.30	0.00	0.13
357	53.00	54.00	522.01	20736.00	26100.31	540981.31	540981.31	0.00	0.00	0.00	0.00	6.45	0.00	0.13
358	54.00	54.00	522.01	20736.00	26100.31	540981.31	540981.31	0.00	0.00	0.00	0.00	6.39	0.00	0.13
359	55.00	54.00	522.01	20736.00	26100.31	540981.31	540981.31	0.00	0.00	0.00	0.00	6.33	0.00	0.13
360	55.00	55.00	522.01	20736.00	26100.31	540981.31	540981.31	0.00	0.00	0.00	0.00	6.37	0.00	0.13
361	55.00	56.00	522.01	20736.00	26100.31	540981.31	540981.31	0.00	0.00	0.00	0.00	6.55	0.00	0.13
362	56.00	56.00	522.01	20736.00	26100.31	540981.31	540981.31	0.00	0.00	0.00	0.00	6.49	0.00	0.13
363	57.00	56.00	522.01	20736.00	26100.31	540981.31	540981.31	0.00	0.00	0.00	0.00	6.43	0.00	0.13
364	58.00	56.00	522.01	20736.00	26100.31	540981.31	540981.31	0.00	0.00	0.00	0.00	6.38	0.00	0.13
365	59.00	56.00	522.01	20736.00	26100.31	540981.31	540981.31	0.00	0.00	0.00	0.00	6.32	0.00	0.13
366	59.00	57.00	522.01	20736.00	26100.31	540981.31	540981.31	0.00	0.00	0.00	0.00	6.36	0.00	0.13
367	60.00	57.00	522.01	20736.00	26100.31	540981.31	540981.31	0.00	0.00	0.00	0.00	6.31	0.00	0.13
368	61.00	57.00	522.01	20736.00	26100.31	540981.31	540981.31	0.00	0.00	0.00	0.00	6.26	0.00	0.13
369	61.00	58.00	522.01	20736.00	26100.31	540981.31	540981.31	0.00	0.00	0.00	0.00	6.26	0.00	0.13
370	62.00	58.00	522.01	20736.00	26100.31	540981.31	540981.31	0.00	0.00	0.00	0.00	6.21	0.00	0.13
371	63.00	58.00	522.01	20736.00	26100.31	540981.31	540981.31	0.00	0.00	0.00	0.00	6.15	0.00	0.13
372	63.00	59.00	522.01	20736.00	26100.31	540981.31	540981.31	0.00	0.00	0.00	0.00	6.21	0.00	0.13
373	63.00	60.00	522.01	20736.00	26100.31	540981.31	540981.31	0.00	0.00	0.00	0.00	6.18	0.00	0.13
374	63.00	61.00	522.01	20736.00	26100.31	540981.31	540981.31	0.00	0.00	0.00	0.00	6.16	0.00	0.13
375	63.00	62.00	522.01	20736.00	26100.31	540981.31	540981.31	0.00	0.00	0.00	0.00	6.19	0.00	0.13
376	63.00	63.00	522.01	20736.00	26100.31	540981.31	540981.31	0.00	0.00	0.00	0.00	6.16	0.00	0.13
377	63.00	64.00	522.01	20736.00	26100.31	540981.31	540981.31	0.00	0.00	0.00	0.00	6.14	0.00	0.13
378	64.00	64.00	522.01	20736.00	26100.31	540981.31	540981.31	0.00	0.00	0.00	0.00	6.09	0.00	0.13
379	64.00	65.00	522.01	20736.00	26100.31	540981.31	540981.31	0.00	0.00	0.00	0.00	6.11	0.00	0.13
380	65.00	65.00	522.01	20736.00	26100.31	540981.31	540981.31	0.00	0.00	0.00	0.00	6.06	0.00	0.13
381	65.00	66.00	522.01	20736.00	26100.31	540981.31	540981.31	0.00	0.00	0.00	0.00	6.08	0.00	0.13
382	66.00	66.00	522.01	20736.00	26100.31	540981.31	540981.31	0.00	0.00	0.00	0.00	6.03	0.00	0.13
383	67.00	66.00	522.01	20736.00	26100.31	540981.31	540981.31	0.00	0.00	0.00	0.00	5.98	0.00	0.13
384	68.00	66.00	522.01	20736.00	26100.31	540981.31	540981.31	0.00	0.00	0.00	0.00	5.94	0.00	0.13
385	69.00	66.00	522.01	20736.00	26100.31	540981.31	540981.31	0.00	0.00	0.00	0.00	5.90	0.00	0.13
386	70.00	66.00	522.01	20736.00	26100.31	540981.31	540981.31	0.00	0.00	0.00	0.00	5.85	0.00	0.13
387	71.00	66.00	522.01	20736.00	26100.31	540981.31	540981.31	0.00	0.00	0.00	0.00	5.81	0.00	0.13
388	71.00	67.00	522.01	20736.00	26100.31	540981.31	540981.31	0.00	0.00	0.00	0.00	5.79	0.00	0.13
389	72.00	67.00	522.01	20736.00	26100.31	540981.31	540981.31	0.00	0.00	0.00	0.00	5.75	0.00	0.13
390	73.00	67.00	522.01	20736.00	26100.31	540981.31	540981.31	0.00	0.00	0.00	0.00	5.71	0.00	0.13
391	73.00	68.00	522.01	20736.00	26100.31	540981.31	540981.31	0.00	0.00	0.00	0.00	5.69	0.00	0.13
392	74.00	68.00	522.01	20736.00	26100.31	540981.31	540981.31	0.00	0.00	0.00	0.00	5.65	0.00	0.13
393	25.00	68.00	522.01	20736.00	26100.31	540981.31	540981.31	0.00	0.00	0.00	0.00	8.62	0.00	0.13
394	25.00	69.00	522.01	20736.00	26100.31	540981.31	540981.31	0.00	0.00	0.00	0.00	8.57	0.00	0.13
395	25.00	70.00	522.01	20736.00	26100.31	540981.31	540981.31	0.00	0.00	0.00	0.00	8.57	0.00	0.13
396	25.00	71.00	522.01	20736.00	26100.31	540981.31	540981.31	0.00	0.00	0.00	0.00	8.51	0.00	0.13
397	26.00	71.00	522.01	20736.00	26100.31	540981.31	540981.31	0.00	0.00	0.00	0.00	8.42	0.00	0.13
398	26.00	72.00	522.01	20736.00	26100.31	540981.31	540981.31	0.00	0.00	0.00	0.00	8.66	0.00	0.13
399	26.00	73.00	522.01	20736.00	26100.31	540981.31	540981.31	0.00	0.00	0.00	0.00	8.74	0.00	0.13
400	27.00	73.00	522.01	20736.00	26100.31	540981.31	540981.31	0.00	0.00	0.00	0.00	8.65	0.00	0.13
401	27.00	74.00	443.71	24883.20	22185.27	540981.31	540981.31	0.00	0.00	0.00	0.00	8.68	0.00	0.13
402	28.00	74.00	443.71	24883.20	22185.27	540981.31	540981.31	0.00	0.00	0.00	0.00	8.60	0.00	0.13
403	28.00	25.00	443.71	24883.20	22185.27	540981.31	540981.31	0.00	0.00	0.00	0.00	3.24	0.00	0.13
404	28.00	26.00	443.71	24883.20	22185.27	540981.31	540981.31	0.00	0.00	0.00	0.00	3.25	0.00	0.13
405	29.00	26.00	443.71	24883.20	22185.27	540981.31	540981.31	0.00	0.00	0.00	0.00	3.19	0.00	0.13
406	29.00	27.00	443.71	24883.20	22185.27	540981.31	540981.31	0.00	0.00	0.00	0.00	3.71	0.00	0.13
407	29.00	28.00	443.71	24883.20	22185.27	540981.31	540981.31	0.00	0.00	0.00	0.00	4.49	0.00	0.13
408	30.00	28.00	443.71	24883.20	22185.27	540981.31	540981.31	0.00	0.00	0.00	0.00	4.41	0.00	0.13
409	30.00	29.00	443.71	24883.20	22185.27	540981.31	540981.31	0.00	0.00	0.00	0.00	4.65	0.00	0.13
410	34.00	26.00	443.71	24883.20	22185.27	540981.31	540981.31	0.00	0.00	0.00	0.00	3.41	0.00	0.13
411	35.00	26.00	377.15	29859.84	18857.48	540981.31	540981.31	0.00	0.00	0.00	0.00	3.35	0.00	0.13
412	35.00	27.00	377.15	29859.84	18857.48	540981.31	540981.31	0.00	0.00	0.00	0.00	3.40	0.00	0.13
413	36.00	27.00	377.15	29859.84	18857.48	540981.31	540981.31	0.00	0.00	0.00	0.00	3.35	0.00	0.13
414	36.00	28.00	377.15	29859.84	18857.48	540981.31	540981.31	0.00	0.00	0.00	0.00	3.52	0.00	0.13
415	36.00	29.00	377.15	29859.84	18857.48	540981.31	540981.31	0.00	0.00	0.00	0.00	3.55	0.00	0.13
416	37.00	29.00	377.15	29859.84	18857.48	540981.31	540981.31	0.00	0.00	0.00	0.00	3.50	0.00	0.13
417	38.00	29.00	377.15	29859.84	18857.48	540981.31	540981.31	0.00	0.00	0.00	0.00	3.45	0.00	0.13
418	39.00	29.00	377.15	29859.84	18857.48	540981.31	540981.31	0.00	0.00	0.00	0.00	3.39	0.00	0.13
419	39.00	30.00	377.15	29859.84	18857.48	540981.31	540981.31	0.00	0.00	0.00	0.00	3.54	0.00	0.13
420	40.00	30.00	377.15	29859.84	18857.48	540981.31	540981.31	0.00	0.00	0.00	0.00	3.49	0.00	0.13
421	40.00	31.00	377.15	29859.84	18857.48	540981.31	540981.31	0.00	0.00	0.00	0.00	3.48	0.00	0.13
422	41.00	31.00	377.15	29859.84	18857.48	540981.31	540981.31	0.00	0.00	0.00	0.00	3.43	0.00	0.13
423	41.00	32.00	377.15	29859.84	18857.48	540981.31	540981.31	0.00	0.00	0.00	0.00	4.17	0.00	0.13
424	42.00	32.00	377.15	29859.84	18857.48	540981.31	540981.31	0.00	0.00	0.00	0.00	4.11	0.00	0.13
425	42.00	33.00	377.15	29859.84	18857.48	540981.31	540981.31	0.00	0.00	0.00	0.00	4.11	0.00	0.13
426	43.00	33.00	377.15	29859.84	18857.48	540981.31	540981.31	0.00	0.00	0.00	0.00	4.06	0.00	0.13
427	44.00	33.00	377.15	29859.84	18857.48	540981.31	540981.31	0.00	0.00	0.00	0.00	4.00	0.00	0.13
428	44.00	34.00	377.15	29859.84	18857.48	540981.31	540981.31	0.00	0.00	0.00	0.00	4.49	0.00	0.13
429	44.00	35.00	377.15	29859.84	18857.48	540981.31	540981.31	0.00	0.00	0.00	0.00	4.55	0.00	0.13
430	44.00	36.00	377.15	29859.84	18857.48	540981.31	540981.31	0.00	0.00	0.00	0.00	4.53	0.00	0.13
431	45.00	36.00	377.15	29859.84	18857.48	540981.31	540981.31	0.00	0.00	0.00	0.00	4.47	0.00	0.13
432	46.00	36.00	377.15	29859.84	18857.48	540981.31	540981.31	0.00	0.00	0.00	0.00	4.42	0.00	0.13
433	47.00	36.00	377.15	29859.84	18857.48	540981.31	540981.31	0.00	0.00	0.00	0.00	4.36	0.00	0.13
434	47.00	37.00	377.15	29859.84	18857.48	540981.31	540981.31	0.00	0.00	0.00	0.00	4.51	0.00	0.13
435	47.00	38.00	377.15	29859.84	18857.48	540981.31	540981.31	0.00	0.00	0.00	0.00	4.59	0.00	0.13
436	48.00	38.00	377.15	29859.84	18857.48	540981.31	540981.31	0.00	0.00	0.00	0.00	4.54	0.00	0.13
437	48.00	39.00	377.15	29859.84	18857.48	540981.31	540981.31	0.00	0.00	0.00	0.00	4.62	0.00	0.13
438	48.00	40.00	377.15	29859.84	18857.48	540981.31	540981.31	0.00	0.00	0.00	0.00	5.10	0.00	0.13
439	48.00	41.00	377.15	29859.84	18857.48	540981.31	540981.31	0.00	0.00	0.00	0.00	5.17	0.00	0.13
440	48.00	42.00	377.15	29859.84	18857.48	540981.31	540981.31	0.00	0.00	0.00	0.00	5.31	0.00	0.13
441	49.00	42.00	377.15	29859.84	18857.48	540981.31	540981.31	0.00	0.00	0.00	0.00	5.25	0.00	0.13
442	50.00	42.00	377.15	29859.84	18857.48	540981.31	540981.31	0.00	0.00	0.00	0.00	5.20	0.00	0.13
443	50.00	43.00	377.15	29859.84	18857.48	540981.31	540981.31	0.00	0.00	0.00	0.00	5.17	0.00	0.13
444	51.00	43.00	377.15	29859.84	18857.48	540981.31	540981.31	0.00	0.00	0.00	0.00	5.12	0.00	0.13
445	52.00	43.00	377.15	29859.84	18857.48	540981.31	540981.31	0.00	0.00	0.00	0.00	5.06	0.00	0.13
446	52.00	44.00	377.15	29859.84	18857.48	540981.31	540981.31	0.00	0.00	0.00	0.00	5.13	0.00	0.13
447	52.00	45.00	377.15	29859.84	18857.48	540981.31	540981.31	0.00	0.00	0.00	0.00	5.17	0.00	0.13
448	53.00	45.00	377.15	29859.84	18857.48	540981.31	540981.31	0.00	0.00	0.00	0.00	5.12	0.00	0.13
449	54.00	45.00	377.15	29859.84	18857.48	540981.31	540981.31	0.00	0.00	0.00	0.00	5.06	0.00	0.13
450	54.00	46.00	377.15	29859.84	18857.48	540981.31	540981.31	0.00	0.00	0.00	0.00	5.22	0.00	0.13
451	55.00	46.00	377.15	29859.84	18857.48	538557.45	538557.45	0.00	0.00	0.00	0.00	5.17	0.00	0.12
452	55.00	47.00	377.15	29859.84	18857.48	538557.45	538557.45	0.00	0.00	0.00	0.00	5.20	0.00	0.12
453	55.00	48.00	377.15	29859.84	18857.48	538557.45	538557.45	0.00	0.00	0.00	0.00	5.34	0.00	0.12
454	56.00	48.00	377.15	29859.84	18857.48	538557.45	538557.45	0.00	0.00	0.00	0.00	5.29	0.00	0.12
455	56.00	49.00	377.15	29859.84	18857.48	538557.45	538557.45	0.00	0.00	0.00	0.00	5.75	0.00	0.12
456	56.00	50.00	377.15	29859.84	18857.48	538557.45	538557.45	0.00	0.00	0.00	0.00	5.87	0.00	0.12
457	57.00	50.00	377.15	29859.84	18857.48	538557.45	538557.45	0.00	0.00	0.00	0.00	5.82	0.00	0.12
458	58.00	50.00	377.15	29859.84	18857.48	538557.45	538557.45	0.00	0.00	0.00	0.00	5.76	0.00	0.12
459	59.00	50.00	377.15	29859.84	18857.48	538557.45	538557.45	0.00	0.00	0.00	0.00	5.71	0.00	0.12
460	60.00	50.00	377.15	29859.84	18857.48	538557.45	538557.45	0.00	0.00	0.00	0.00	5.66	0.00	0.12
461	61.00	50.00	377.15	29859.84	18857.48	538557.45	538557.45	0.00	0.00	0.00	0.00	5.61	0.00	0.12
462	61.00	51.00	377.15	29859.84	18857.48	538557.45	538557.45	0.00	0.00	0.00	0.00	5.63	0.00	0.12
463	62.00	51.00	377.15	29859.84	18857.48	538557.45	538557.45	0.00	0.00	0.00	0.00	5.58	0.00	0.12
464	62.00	52.00	377.15	29859.84	18857.48	538557.45	538557.45	0.00	0.00	0.00	0.00	5.63	0.00	0.12
465	63.00	52.00	377.15	29859.84	18857.48	538557.45	538557.45	0.00	0.00	0.00	0.00	5.58	0.00	0.12
466	63.00	53.00	377.15	29859.84	18857.48	538557.45	538557.45	0.00	0.00	0.00	0.00	5.63	0.00	0.12
467	64.00	53.00	377.15	29859.84	18857.48	538557.45	538557.45	0.00	0.00	0.00	0.00	5.58	0.00	0.12
468	65.00	53.00	377.15	29859.84	18857.48	538557.45	538557.45	0.00	0.00	0.00	0.00	5.53	0.00	0.12
469	66.00	53.00	377.15	29859.84	18857.48	538557.45	538557.45	0.00	0.00	0.00	0.00	5.49	0.00	0.12
470	67.00	53.00	377.15	29859.84	18857.48	538557.45	538557.45	0.00	0.00	0.00	0.00	5.44	0.00	0.12
471	68.00	53.00	377.15	29859.84	18857.48	538557.45	538557.45	0.00	0.00	0.00	0.00	5.40	0.00	0.12
472	69.00	53.00	377.15	29859.84	18857.48	538557.45	538557.45	0.00	0.00	0.00	0.00	5.35	0.00	0.12
473	69.00	54.00	377.15	29859.84	18857.48	538557.45	538557.45	0.00	0.00	0.00	0.00	5.53	0.00	0.12
474	70.00	54.00	377.15	29859.84	18857.48	538557.45	538557.45	0.00	0.00	0.00	0.00	5.48	0.00	0.12
475	71.00	54.00	377.15	29859.84	18857.48	538557.45	538557.45	0.00	0.00	0.00	0.00	5.44	0.00	0.12
476	71.00	55.00	377.15	29859.84	18857.48	538557.45	538557.45	0.00	0.00	0.00	0.00	5.41	0.00	0.12
477	72.00	55.00	377.15	29859.84	18857.48	538557.45	538557.45	0.00	0.00	0.00	0.00	5.37	0.00	0.12
478	73.00	55.00	377.15	29859.84	18857.48	538557.45	538557.45	0.00	0.00	0.00	0.00	5.33	0.00	0.12
479	74.00	55.00	377.15	29859.84	18857.48	538557.45	538557.45	0.00	0.00	0.00	0.00	5.29	0.00	0.12
480	74.00	56.00	377.15	29859.84	18857.48	538557.45	538557.45	0.00	0.00	0.00	0.00	5.30	0.00	0.12
481	74.00	57.00	377.15	29859.84	18857.48	538557.45	538557.45	0.00	0.00	0.00	0.00	5.28	0.00	0.12
482	74.00	58.00	377.15	29859.84	18857.48	538557.45	538557.45	0.00	0.00	0.00	0.00	5.47	0.00	0.12
483	25.00	58.00	377.15	29859.84	18857.48	538557.45	538557.45	0.00	0.00	0.00	0.00	8.69	0.00	0.12
484	25.00	59.00	377.15	29859.84	18857.48	538557.45	538557.45	0.00	0.00	0.00	0.00	8.73	0.00	0.12
485	25.00	60.00	377.15	29859.84	18857.48	538557.45	538557.45	0.00	0.00	0.00	0.00	8.66	0.00	0.12
486	25.00	61.00	377.15	29859.84	18857.48	538557.45	538557.45	0.00	0.00	0.00	0.00	8.59	0.00	0.12
487	25.00	62.00	377.15	29859.84	18857.48	538557.45	538557.45	0.00	0.00	0.00	0.00	8.53	0.00	0.12
488	26.00	62.00	377.15	29859.84	18857.48	538557.45	538557.45	0.00	0.00	0.00	0.00	8.44	0.00	0.12
489	26.00	63.00	377.15	29859.84	18857.48	538557.45	538557.45	0.00	0.00	0.00	0.00	8.48	0.00	0.12
490	27.00	63.00	377.15	29859.84	18857.48	538557.45	538557.45	0.00	0.00	0.00	0.00	8.38	0.00	0.12
491	28.00	63.00	377.15	29859.84	18857.48	538557.45	538557.45	0.00	0.00	0.00	0.00	8.29	0.00	0.12
492	28.00	64.00	377.15	29859.84	18857.48	538557.45	538557.45	0.00	0.00	0.00	0.00	8.23	0.00	0.12
493	28.00	65.00	377.15	29859.84	18857.48	538557.45	538557.45	0.00	0.00	0.00	0.00	8.38	0.00	0.12
494	29.00	65.00	377.15	29859.84	18857.48	538557.45	538557.45	0.00	0.00	0.00	0.00	8.29	0.00	0.12
495	29.00	66.00	377.15	29859.84	18857.48	538557.45	538557.45	0.00	0.00	0.00	0.00	8.30	0.00	0.12
496	30.00	66.00	377.15	29859.84	18857.48	538557.45	538557.45	0.00	0.00	0.00	0.00	8.22	0.00	0.12
497	31.00	66.00	377.15	29859.84	18857.48	538557.45	538557.45	0.00	0.00	0.00	0.00	8.13	0.00	0.12
498	31.00	67.00	377.15	29859.84	18857.48	538557.45	538557.45	0.00	0.00	0.00	0.00	8.40	0.00	0.12
499	31.00	68.00	377.15	29859.84	18857.48	538557.45	538557.45	0.00	0.00	0.00	0.00	8.34	0.00	0.12
500	32.00	68.00	377.15	29859.84	18857.48	538557.45	538557.45	0.00	0.00	0.00	0.00	8.26	0.00	0.12
501	33.00	68.00	377.15	29859.84	18857.48	538557.45	538557.45	0.00	0.00	0.00	0.00	8.18	0.00	0.12
502	34.00	68.00	377.15	29859.84	18857.48	538557.45	538557.45	0.00	0.00	0.00	0.00	8.10	0.00	0.12
503	35.00	68.00	377.15	29859.84	18857.48	538557.45	538557.45	0.00	0.00	0.00	0.00	8.02	0.00	0.12
504	35.00	69.00	377.15	29859.84	18857.48	538557.45	538557.45	0.00	0.00	0.00	0.00	8.09	0.00	0.12
505	36.00	69.00	377.15	29859.84	18857.48	538557.45	538557.45	0.00	0.00	0.00	0.00	8.01	0.00	0.12
506	36.00	70.00	377.15	29859.84	18857.48	538557.45	538557.45	0.00	0.00	0.00	0.00	8.00	0.00	0.12
507	37.00	70.00	377.15	29859.84	18857.48	538557.45	538557.45	0.00	0.00	0.00	0.00	7.93	0.00	0.12
508	37.00	71.00	377.15	29859.84	18857.48	538557.45	538557.45	0.00	0.00	0.00	0.00	7.96	0.00	0.12
509	38.00	71.00	377.15	29859.84	18857.48	538557.45	538557.45	0.00	0.00	0.00	0.00	7.89	0.00	0.12
510	39.00	71.00	377.15	29859.84	18857.48	538557.45	538557.45	0.00	0.00	0.00	0.00	7.82	0.00	0.12
511	40.00	71.00	320.58	35831.81	16028.85	538557.45	538557.45	0.00	0.00	0.00	0.00	7.75	0.00	0.12
512	41.00	71.00	320.58	35831.81	16028.85	538557.45	538557.45	0.00	0.00	0.00	0.00	7.68	0.00	0.12
513	41.00	72.00	320.58	35831.81	16028.85	538557.45	538557.45	0.00	0.00	0.00	0.00	7.83	0.00	0.12
514	42.00	72.00	320.58	35831.81	16028.85	538557.45	538557.45	0.00	0.00	0.00	0.00	7.76	0.00	0.12
515	43.00	72.00	320.58	35831.81	16028.85	538557.45	538557.45	0.00	0.00	0.00	0.00	7.69	0.00	0.12
516	44.00	72.00	320.58	35831.81	16028.85	538557.45	538557.45	0.00	0.00	0.00	0.00	7.62	0.00	0.12
517	44.00	73.00	320.58	35831.81	16028.85	538557.45	538557.45	0.00	0.00	0.00	0.00	7.58	0.00	0.12
518	45.00	73.00	320.58	35831.81	16028.85	538557.45	538557.45	0.00	0.00	0.00	0.00	7.52	0.00	0.12
519	46.00	73.00	320.58	35831.81	16028.85	538557.45	538557.45	0.00	0.00	0.00	0.00	7.46	0.00	0.12
520	46.00	74.00	320.58	35831.81	16028.85	538557.45	538557.45	0.00	0.00	0.00	0.00	7.51	0.00	0.12
521	47.00	74.00	320.58	35831.81	16028.85	538557.45	538557.45	0.00	0.00	0.00	0.00	7.44	0.00	0.12
522	48.00	74.00	320.58	35831.81	16028.85	538557.45	538557.45	0.00	0.00	0.00	0.00	7.38	0.00	0.12
523	49.00	74.00	320.58	35831.81	16028.85	538557.45	538557.45	0.00	0.00	0.00	0.00	7.32	0.00	0.12
524	50.00	74.00	320.58	35831.81	16028.85	538557.45	538557.45	0.00	0.00	0.00	0.00	7.26	0.00	0.12
525	51.00	74.00	320.58	35831.81	16028.85	538557.45	538557.45	0.00	0.00	0.00	0.00	7.21	0.00	0.12
526	51.00	25.00	320.58	35831.81	16028.85	538557.45	538557.45	0.00	0.00	0.00	0.00	2.28	0.00	0.12
527	51.00	26.00	320.58	35831.81	16028.85	538557.45	538557.45	0.00	0.00	0.00	0.00	2.44	0.00	0.12
528	52.00	26.00	320.58	35831.81	16028.85	538557.45	538557.45	0.00	0.00	0.00	0.00	2.41	0.00	0.12
529	52.00	27.00	320.58	35831.81	16028.85	538557.45	538557.45	0.00	0.00	0.00	0.00	2.41	0.00	0.12
530	52.00	28.00	320.58	35831.81	16028.85	538557.45	538557.45	0.00	0.00	0.00	0.00	2.50	0.00	0.12
531	53.00	28.00	320.58	35831.81	16028.85	538557.45	538557.45	0.00	0.00	0.00	0.00	2.47	0.00	0.12
532	54.00	28.00	320.58	35831.81	16028.85	538557.45	538557.45	0.00	0.00	0.00	0.00	2.44	0.00	0.12
533	54.00	29.00	320.58	35831.81	16028.85	538557.45	538557.45	0.00	0.00	0.00	0.00	2.65	0.00	0.12
534	55.00	29.00	320.58	35831.81	16028.85	538557.45	538557.45	0.00	0.00	0.00	0.00	2.62	0.00	0.12
535	55.00	30.00	320.58	35831.81	16028.85	538557.45	538557.45	0.00	0.00	0.00	0.00	2.72	0.00	0.12
536	55.00	31.00	320.58	35831.81	16028.85	538557.45	538557.45	0.00	0.00	0.00	0.00	2.95	0.00	0.12
537	56.00	31.00	320.58	35831.81	16028.85	538557.45	538557.45	0.00	0.00	0.00	0.00	2.92	0.00	0.12
538	57.00	31.00	320.58	35831.81	16028.85	538557.45	538557.45	0.00	0.00	0.00	0.00	2.89	0.00	0.12
539	57.00	32.00	320.58	35831.81	16028.85	538557.45	538557.45	0.00	0.00	0.00	0.00	2.89	0.00	0.12
540	58.00	32.00	320.58	35831.81	16028.85	538557.45	538557.45	0.00	0.00	0.00	0.00	2.85	0.00	0.12
541	59.00	32.00	320.58	35831.81	16028.85	538557.45	538557.45	0.00	0.00	0.00	0.00	2.82	0.00	0.12
542	60.00	32.00	320.58	35831.81	16028.85	538557.45	538557.45	0.00	0.00	0.00	0.00	2.79	0.00	0.12
543	60.00	33.00	320.58	35831.81	16028.85	538557.45	538557.45	0.00	0.00	0.00	0.00	4.88	0.00	0.12
544	60.00	34.00	320.58	35831.81	16028.85	538557.45	538557.45	0.00	0.00	0.00	0.00	4.86	0.00	0.12
545	60.00	35.00	320.58	35831.81	16028.85	538557.45	538557.45	0.00	0.00	0.00	0.00	4.84	0.00	0.12
546	60.00	36.00	320.58	35831.81	16028.85	538557.45	538557.45	0.00	0.00	0.00	0.00	4.96	0.00	0.12
547	61.00	36.00	320.58	35831.81	16028.85	538557.45	538557.45	0.00	0.00	0.00	0.00	4.91	0.00	0.12
548	61.00	37.00	320.58	35831.81	16028.85	538557.45	538557.45	0.00	0.00	0.00	0.00	4.99	0.00	0.12
549	62.00	37.00	320.58	35831.81	16028.85	538557.45	538557.45	0.00	0.00	0.00	0.00	4.94	0.00	0.12
550	63.00	37.00	320.58	35831.81	16028.85	538557.45	538557.45	0.00	0.00	0.00	0.00	4.89	0.00	0.12
551	63.00	38.00	320.58	35831.81	16028.85	538557.45	538557.45	0.00	0.00	0.00	0.00	4.87	0.00	0.12
552	64.00	38.00	320.58	35831.81	16028.85	538557.45	538557.45	0.00	0.00	0.00	0.00	4.82	0.00	0.12
553	64.00	39.00	320.58	35831.81	16028.85	538557.45	538557.45	0.00	0.00	0.00	0.00	4.81	0.00	0.12
554	64.00	40.00	320.58	35831.81	16028.85	538557.45	538557.45	0.00	0.00	0.00	0.00	5.21	0.00	0.12
555	65.00	40.00	320.58	35831.81	16028.85	538557.45	538557.45	0.00	0.00	0.00	0.00	5.16	0.00	0.12
556	66.00	40.00	320.58	35831.81	16028.85	538557.45	538557.45	0.00	0.00	0.00	0.00	5.11	0.00	0.12
557	67.00	40.00	320.58	35831.81	16028.85	538557.45	538557.45	0.00	0.00	0.00	0.00	5.06	0.00	0.12
558	68.00	40.00	320.58	35831.81	16028.85	538557.45	538557.45	0.00	0.00	0.00	0.00	5.01	0.00	0.12
559	69.00	40.00	320.58	35831.81	16028.85	538557.45	538557.45	0.00	0.00	0.00	0.00	4.97	0.00	0.12
560	69.00	41.00	320.58	35831.81	16028.85	538557.45	538557.45	0.00	0.00	0.00	0.00	5.58	0.00	0.12
561	69.00	42.00	320.58	35831.81	16028.85	538557.45	538557.45	0.00	0.00	0.00	0.00	5.68	0.00	0.12
562	70.00	42.00	320.58	35831.81	16028.85	538557.45	538557.45	0.00	0.00	0.00	0.00	5.63	0.00	0.12
563	71.00	42.00	320.58	35831.81	16028.85	538557.45	538557.45	0.00	0.00	0.00	0.00	5.58	0.00	0.12
564	72.00	42.00	320.58	35831.81	16028.85	538557.45	538557.45	0.00	0.00	0.00	0.00	5.53	0.00	0.12
565	73.00	42.00	320.58	35831.81	16028.85	538557.45	538557.45	0.00	0.00	0.00	0.00	5.48	0.00	0.12
566	73.00	43.00	320.58	35831.81	16028.85	538557.45	538557.45	0.00	0.00	0.00	0.00	5.50	0.00	0.12
567	73.00	44.00	320.58	35831.81	16028.85	538557.45	538557.45	0.00	0.00	0.00	0.00	5.61	0.00	0.12
568	73.00	45.00	320.58	35831.81	16028.85	538557.45	538557.45	0.00	0.00	0.00	0.00	5.59	0.00	0.12
569	74.00	45.00	320.58	35831.81	16028.85	538557.45	538557.45	0.00	0.00	0.00	0.00	5.54	0.00	0.12
570	74.00	46.00	320.58	35831.81	16028.85	538557.45	538557.45	0.00	0.00	0.00	0.00	5.52	0.00	0.12
571	74.00	47.00	320.58	35831.81	16028.85	538557.45	538557.45	0.00	0.00	0.00	0.00	5.61	0.00	0.12
572	25.00	47.00	320.58	35831.81	16028.85	538557.45	538557.45	0.00	0.00	0.00	0.00	9.42	0.00	0.12
573	26.00	47.00	320.58	35831.81	16028.85	538557.45	538557.45	0.00	0.00	0.00	0.00	9.29	0.00	0.12
574	27.00	47.00	320.58	35831.81	16028.85	538557.45	538557.45	0.00	0.00	0.00	0.00	9.17	0.00	0.12
575	27.00	48.00	320.58	35831.81	16028.85	538557.45	538557.45	0.00	0.00	0.00	0.00	9.38	0.00	0.12
576	27.00	49.00	320.58	35831.81	16028.85	538557.45	538557.45	0.00	0.00	0.00	0.00	9.43	0.00	0.12
577	28.00	49.00	320.58	35831.81	16028.85	538557.45	538557.45	0.00	0.00	0.00	0.00	9.31	0.00	0.12
578	29.00	49.00	320.58	35831.81	16028.85	538557.45	538557.45	0.00	0.00	0.00	0.00	9.19	0.00	0.12
579	29.00	50.00	320.58	35831.81	16028.85	538557.45	538557.45	0.00	0.00	0.00	0.00	9.11	0.00	0.12
580	29.00	51.00	320.58	35831.81	16028.85	538557.45	538557.45	0.00	0.00	0.00	0.00	9.18	0.00	0.12
581	30.00	51.00	320.58	35831.81	16028.85	538557.45	538557.45	0.00	0.00	0.00	0.00	9.06	0.00	0.12
582	31.00	51.00	320.58	35831.81	16028.85	538557.45	538557.45	0.00	0.00	0.00	0.00	8.95	0.00	0.12
583	31.00	52.00	320.58	35831.81	16028.85	538557.45	538557.45	0.00	0.00	0.00	0.00	9.05	0.00	0.12
584	31.00	53.00	320.58	35831.81	16028.85	538557.45	538557.45	0.00	0.00	0.00	0.00	9.10	0.00	0.12
585	31.00	54.00	320.58	35831.81	16028.85	538557.45	538557.45	0.00	0.00	0.00	0.00	9.29	0.00	0.12
586	31.00	55.00	320.58	35831.81	16028.85	538557.45	538557.45	0.00	0.00	0.00	0.00	9.28	0.00	0.12
587	31.00	56.00	320.58	35831.81	16028.85	538557.45	538557.45	0.00	0.00	0.00	0.00	9.19	0.00	0.12
588	31.00	57.00	320.58	35831.81	16028.85	538557.45	538557.45	0.00	0.00	0.00	0.00	9.25	0.00	0.12
589	32.00	57.00	320.58	35831.81	16028.85	538557.45	538557.45	0.00	0.00	0.00	0.00	9.14	0.00	0.12
590	33.00	57.00	320.58	35831.81	16028.85	538557.45	538557.45	0.00	0.00	0.00	0.00	9.04	0.00	0.12
591	33.00	58.00	320.58	35831.81	16028.85	538557.45	538557.45	0.00	0.00	0.00	0.00	8.98	0.00	0.12
592	33.00	59.00	320.58	35831.81	16028.85	538557.45	538557.45	0.00	0.00	0.00	0.00	9.00	0.00	0.12
593	34.00	59.00	320.58	35831.81	16028.85	538557.45	538557.45	0.00	0.00	0.00	0.00	8.91	0.00	0.12
594	34.00	60.00	320.58	35831.81	16028.85	538557.45	538557.45	0.00	0.00	0.00	0.00	8.84	0.00	0.12
595	34.00	61.00	320.58	35831.81	16028.85	538557.45	538557.45	0.00	0.00	0.00	0.00	8.78	0.00	0.12
596	35.00	61.00	320.58	35831.81	16028.85	538557.45	538557.45	0.00	0.00	0.00	0.00	8.69	0.00	0.12
597	36.00	61.00	320.58	35831.81	16028.85	538557.45	538557.45	0.00	0.00	0.00	0.00	8.60	0.00	0.12
598	36.00	62.00	320.58	35831.81	16028.85	538557.45	538557.45	0.00	0.00	0.00	0.00	8.61	0.00	0.12
599	36.00	63.00	320.58	35831.81	16028.85	538557.45	538557.45	0.00	0.00	0.00	0.00	8.62	0.00	0.12
600	37.00	63.00	320.58	35831.81	16028.85	538557.45	538557.45	0.00	0.00	0.00	0.00	8.53	0.00	0.12
601	37.00	64.00	320.58	35831.81	16028.85	538557.45	538557.45	0.00	0.00	0.00	0.00	8.52	0.00	0.12
602	38.00	64.00	320.58	35831.81	16028.85	538557.45	538557.45	0.00	0.00	0.00	0.00	8.43	0.00	0.12
603	38.00	65.00	320.58	35831.81	16028.85	538557.45	538557.45	0.00	0.00	0.00	0.00	8.38	0.00	0.12
604	38.00	66.00	320.58	35831.81	16028.85	538557.45	538557.45	0.00	0.00	0.00	0.00	8.33	0.00	0.12
605	39.00	66.00	320.58	35831.81	16028.85	538557.45	538557.45	0.00	0.00	0.00	0.00	8.25	0.00	0.12
606	40.00	66.00	320.58	35831.81	16028.85	538557.45	538557.45	0.00	0.00	0.00	0.00	8.17	0.00	0.12
607	40.00	67.00	320.58	35831.81	16028.85	538557.45	538557.45	0.00	0.00	0.00	0.00	8.22	0.00	0.12
608	40.00	68.00	320.58	35831.81	16028.85	538557.45	538557.45	0.00	0.00	0.00	0.00	8.17	0.00	0.12
609	40.00	69.00	320.58	35831.81	16028.85	538557.45	538557.45	0.00	0.00	0.00	0.00	8.27	0.00	0.12
610	40.00	70.00	320.58	35831.81	16028.85	538557.45	538557.45	0.00	0.00	0.00	0.00	8.43	0.00	0.12
611	40.00	71.00	272.49	42998.17	13624.53	538557.45	538557.45	0.00	0.00	0.00	0.00	8.38	0.00	0.12
612	40.00	72.00	272.49	42998.17	13624.53	538557.45	538557.45	0.00	0.00	0.00	0.00	8.31	0.00	0.12
613	40.00	73.00	272.49	42998.17	13624.53	538557.45	538557.45	0.00	0.00	0.00	0.00	8.26	0.00	0.12
614	40.00	74.00	272.49	42998.17	13624.53	538557.45	538557.45	0.00	0.00	0.00	0.00	8.35	0.00	0.12
615	40.00	25.00	272.49	42998.17	13624.53	538557.45	538557.45	0.00	0.00	0.00	0.00	4.66	0.00	0.12
616	40.00	26.00	272.49	42998.17	13624.53	538557.45	538557.45	0.00	0.00	0.00	0.00	4.92	0.00	0.12
617	40.00	27.00	272.49	42998.17	13624.53	538557.45	538557.45	0.00	0.00	0.00	0.00	4.89	0.00	0.12
618	40.00	28.00	272.49	42998.17	13624.53	538557.45	538557.45	0.00	0.00	0.00	0.00	4.83	0.00	0.12
619	40.00	29.00	272.49	42998.17	13624.53	538557.45	538557.45	0.00	0.00	0.00	0.00	4.96	0.00	0.12
620	41.00	29.00	272.49	42998.17	13624.53	538557.45	538557.45	0.00	0.00	0.00	0.00	4.89	0.00	0.12
621	42.00	29.00	272.49	42998.17	13624.53	538557.45	538557.45	0.00	0.00	0.00	0.00	4.82	0.00	0.12
622	42.00	30.00	272.49	42998.17	13624.53	538557.45	538557.45	0.00	0.00	0.00	0.00	4.91	0.00	0.12
623	42.00	31.00	272.49	42998.17	13624.53	538557.45	538557.45	0.00	0.00	0.00	0.00	5.01	0.00	0.12
624	43.00	31.00	272.49	42998.17	13624.53	538557.45	538557.45	0.00	0.00	0.00	0.00	4.95	0.00	0.12
625	43.00	32.00	272.49	42998.17	13624.53	538557.45	538557.45	0.00	0.00	0.00	0.00	4.91	0.00	0.12
626	43.00	33.00	272.49	42998.17	13624.53	538557.45	538557.45	0.00	0.00	0.00	0.00	4.88	0.00	0.12
627	43.00	34.00	272.49	42998.17	13624.53	538557.45	538557.45	0.00	0.00	0.00	0.00	4.92	0.00	0.12
628	43.00	35.00	272.49	42998.17	13624.53	538557.45	538557.45	0.00	0.00	0.00	0.00	4.93	0.00	0.12
629	43.00	36.00	272.49	42998.17	13624.53	538557.45	538557.45	0.00	0.00	0.00	0.00	5.66	0.00	0.12
630	44.00	36.00	272.49	42998.17	13624.53	538557.45	538557.45	0.00	0.00	0.00	0.00	5.59	0.00	0.12
631	45.00	36.00	272.49	42998.17	13624.53	538557.45	538557.45	0.00	0.00	0.00	0.00	5.52	0.00	0.12
632	46.00	36.00	272.49	42998.17	13624.53	538557.45	538557.45	0.00	0.00	0.00	0.00	5.45	0.00	0.12
633	47.00	36.00	272.49	42998.17	13624.53	538557.45	538557.45	0.00	0.00	0.00	0.00	5.39	0.00	0.12
634	47.00	37.00	272.49	42998.17	13624.53	538557.45	538557.45	0.00	0.00	0.00	0.00	5.52	0.00	0.12
635	47.00	38.00	272.49	42998.17	13624.53	538557.45	538557.45	0.00	0.00	0.00	0.00	5.59	0.00	0.12
636	48.00	38.00	272.49	42998.17	13624.53	538557.45	538557.45	0.00	0.00	0.00	0.00	5.53	0.00	0.12
637	48.00	39.00	272.49	42998.17	13624.53	538557.45	538557.45	0.00	0.00	0.00	0.00	5.57	0.00	0.12
638	48.00	40.00	272.49	42998.17	13624.53	538557.45	538557.45	0.00	0.00	0.00	0.00	5.64	0.00	0.12
639	49.00	40.00	272.49	42998.17	13624.53	538557.45	538557.45	0.00	0.00	0.00	0.00	5.57	0.00	0.12
640	49.00	41.00	272.49	42998.17	13624.53	538557.45	538557.45	0.00	0.00	0.00	0.00	5.54	0.00	0.12
641	50.00	41.00	272.49	42998.17	13624.53	538557.45	538557.45	0.00	0.00	0.00	0.00	5.48	0.00	0.12
642	51.00	41.00	272.49	42998.17	13624.53	538557.45	538557.45	0.00	0.00	0.00	0.00	5.42	0.00	0.12
643	52.00	41.00	272.49	42998.17	13624.53	538557.45	538557.45	0.00	0.00	0.00	0.00	5.37	0.00	0.12
644	52.00	42.00	272.49	42998.17	13624.53	538557.45	538557.45	0.00	0.00	0.00	0.00	5.43	0.00	0.12
645	53.00	42.00	272.49	42998.17	13624.53	538557.45	538557.45	0.00	0.00	0.00	0.00	5.37	0.00	0.12
646	54.00	42.00	272.49	42998.17	13624.53	538557.45	538557.45	0.00	0.00	0.00	0.00	5.32	0.00	0.12
647	55.00	42.00	272.49	42998.17	13624.53	538557.45	538557.45	0.00	0.00	0.00	0.00	5.26	0.00	0.12
648	56.00	42.00	272.49	42998.17	13624.53	538557.45	538557.45	0.00	0.00	0.00	0.00	5.21	0.00	0.12
649	56.00	43.00	272.49	42998.17	13624.53	538557.45	538557.45	0.00	0.00	0.00	0.00	5.28	0.00	0.12
650	57.00	43.00	272.49	42998.17	13624.53	538557.45	538557.45	0.00	0.00	0.00	0.00	5.23	0.00	0.12
651	58.00	43.00	272.49	42998.17	13624.53	538557.45	538557.45	0.00	0.00	0.00	0.00	5.18	0.00	0.12
652	58.00	44.00	272.49	42998.17	13624.53	538557.45	538557.45	0.00	0.00	0.00	0.00	5.24	0.00	0.12
653	59.00	44.00	272.49	42998.17	13624.53	538557.45	538557.45	0.00	0.00	0.00	0.00	5.19	0.00	0.12
654	59.00	45.00	272.49	42998.17	13624.53	538557.45	538557.45	0.00	0.00	0.00	0.00	5.25	0.00	0.12
655	59.00	46.00	272.49	42998.17	13624.53	538557.45	538557.45	0.00	0.00	0.00	0.00	5.21	0.00	0.12
656	60.00	46.00	272.49	42998.17	13624.53	538557.45	538557.45	0.00	0.00	0.00	0.00	5.17	0.00	0.12
657	61.00	46.00	272.49	42998.17	13624.53	538557.45	538557.45	0.00	0.00	0.00	0.00	5.12	0.00	0.12
658	61.00	47.00	272.49	42998.17	13624.53	538557.45	538557.45	0.00	0.00	0.00	0.00	5.18	0.00	0.12
659	61.00	48.00	272.49	42998.17	13624.53	538557.45	538557.45	0.00	0.00	0.00	0.00	5.15	0.00	0.12
660	61.00	49.00	272.49	42998.17	13624.53	538557.45	538557.45	0.00	0.00	0.00	0.00	5.13	0.00	0.12
661	62.00	49.00	272.49	42998.17	13624.53	538557.45	538557.45	0.00	0.00	0.00	0.00	5.09	0.00	0.12
662	62.00	50.00	272.49	42998.17	13624.53	538557.45	538557.45	0.00	0.00	0.00	0.00	5.17	0.00	0.12
663	63.00	50.00	272.49	42998.17	13624.53	538557.45	538557.45	0.00	0.00	0.00	0.00	5.12	0.00	0.12
664	63.00	51.00	272.49	42998.17	13624.53	538557.45	538557.45	0.00	0.00	0.00	0.00	5.28	0.00	0.12
665	64.00	51.00	272.49	42998.17	13624.53	538557.45	538557.45	0.00	0.00	0.00	0.00	5.23	0.00	0.12
666	64.00	52.00	272.49	42998.17	13624.53	538557.45	538557.45	0.00	0.00	0.00	0.00	5.29	0.00	0.12
667	64.00	53.00	272.49	42998.17	13624.53	538557.45	538557.45	0.00	0.00	0.00	0.00	5.34	0.00	0.12
668	64.00	54.00	272.49	42998.17	13624.53	538557.45	538557.45	0.00	0.00	0.00	0.00	5.39	0.00	0.12
669	64.00	55.00	272.49	42998.17	13624.53	538557.45	538557.45	0.00	0.00	0.00	0.00	6.57	0.00	0.12
670	65.00	55.00	272.49	42998.17	13624.53	538557.45	538557.45	0.00	0.00	0.00	0.00	6.51	0.00	0.12
671	66.00	55.00	272.49	42998.17	13624.53	538557.45	538557.45	0.00	0.00	0.00	0.00	6.46	0.00	0.12
672	66.00	56.00	272.49	42998.17	13624.53	538557.45	538557.45	0.00	0.00	0.00	0.00	6.58	0.00	0.12
673	67.00	56.00	272.49	42998.17	13624.53	538557.45	538557.45	0.00	0.00	0.00	0.00	6.53	0.00	0.12
674	67.00	57.00	272.49	42998.17	13624.53	538557.45	538557.45	0.00	0.00	0.00	0.00	6.57	0.00	0.12
675	68.00	57.00	272.49	42998.17	13624.53	538557.45	538557.45	0.00	0.00	0.00	0.00	6.51	0.00	0.12
676	69.00	57.00	272.49	42998.17	13624.53	538557.45	538557.45	0.00	0.00	0.00	0.00	6.46	0.00	0.12
677	70.00	57.00	272.49	42998.17	13624.53	538557.45	538557.45	0.00	0.00	0.00	0.00	6.41	0.00	0.12
678	71.00	57.00	272.49	42998.17	13624.53	538557.45	538557.45	0.00	0.00	0.00	0.00	6.36	0.00	0.12
679	71.00	58.00	272.49	42998.17	13624.53	538557.45	538557.45	0.00	0.00	0.00	0.00	6.47	0.00	0.12
680	72.00	58.00	272.49	42998.17	13624.53	538557.45	538557.45	0.00	0.00	0.00	0.00	6.42	0.00	0.12
681	72.00	59.00	272.49	42998.17	13624.53	538557.45	538557.45	0.00	0.00	0.00	0.00	6.45	0.00	0.12
682	72.00	60.00	272.49	42998.17	13624.53	538557.45	538557.45	0.00	0.00	0.00	0.00	6.46	0.00	0.12
683	73.00	60.00	272.49	42998.17	13624.53	538557.45	538557.45	0.00	0.00	0.00	0.00	6.41	0.00	0.12
684	74.00	60.00	272.49	42998.17	13624.53	538557.45	538557.45	0.00	0.00	0.00	0.00	6.36	0.00	0.12
685	25.00	60.00	272.49	42998.17	13624.53	538557.45	538557.45	0.00	0.00	0.00	0.00	10.03	0.00	0.12
686	25.00	61.00	272.49	42998.17	13624.53	538557.45	538557.45	0.00	0.00	0.00	0.00	9.95	0.00	0.12
687	26.00	61.00	272.49	42998.17	13624.53	538557.45	538557.45	0.00	0.00	0.00	0.00	9.84	0.00	0.12
688	27.00	61.00	272.49	42998.17	13624.53	538557.45	538557.45	0.00	0.00	0.00	0.00	9.73	0.00	0.12
689	27.00	62.00	272.49	42998.17	13624.53	538557.45	538557.45	0.00	0.00	0.00	0.00	9.65	0.00	0.12
690	28.00	62.00	272.49	42998.17	13624.53	538557.45	538557.45	0.00	0.00	0.00	0.00	9.54	0.00	0.12
691	28.00	63.00	272.49	42998.17	13624.53	538557.45	538557.45	0.00	0.00	0.00	0.00	9.51	0.00	0.12
692	28.00	64.00	272.49	42998.17	13624.53	538557.45	538557.45	0.00	0.00	0.00	0.00	9.53	0.00	0.12
693	29.00	64.00	272.49	42998.17	13624.53	538557.45	538557.45	0.00	0.00	0.00	0.00	9.43	0.00	0.12
694	30.00	64.00	272.49	42998.17	13624.53	538557.45	538557.45	0.00	0.00	0.00	0.00	9.33	0.00	0.12
695	30.00	65.00	272.49	42998.17	13624.53	538557.45	538557.45	0.00	0.00	0.00	0.00	9.50	0.00	0.12
696	31.00	65.00	272.49	42998.17	13624.53	538557.45	538557.45	0.00	0.00	0.00	0.00	9.41	0.00	0.12
697	32.00	65.00	272.49	42998.17	13624.53	538557.45	538557.45	0.00	0.00	0.00	0.00	9.31	0.00	0.12
698	32.00	66.00	272.49	42998.17	13624.53	538557.45	538557.45	0.00	0.00	0.00	0.00	9.33	0.00	0.12
699	32.00	67.00	272.49	42998.17	13624.53	538557.45	538557.45	0.00	0.00	0.00	0.00	9.31	0.00	0.12
700	32.00	68.00	272.49	42998.17	13624.53	538557.45	538557.45	0.00	0.00	0.00	0.00	9.25	0.00	0.12
701	32.00	69.00	272.49	42998.17	13624.53	538557.45	538557.45	0.00	0.00	0.00	0.00	9.22	0.00	0.12
702	33.00	69.00	272.49	42998.17	13624.53	538557.45	538557.45	0.00	0.00	0.00	0.00	9.13	0.00	0.12
703	33.00	70.00	272.49	42998.17	13624.53	538557.45	538557.45	0.00	0.00	0.00	0.00	9.09	0.00	0.12
704	34.00	70.00	272.49	42998.17	13624.53	538557.45	538557.45	0.00	0.00	0.00	0.00	9.01	0.00	0.12
705	34.00	71.00	272.49	42998.17	13624.53	538557.45	538557.45	0.00	0.00	0.00	0.00	9.03	0.00	0.12
706	34.00	72.00	272.49	42998.17	13624.53	538557.45	538557.45	0.00	0.00	0.00	0.00	8.97	0.00	0.12
707	34.00	73.00	272.49	42998.17	13624.53	538557.45	538557.45	0.00	0.00	0.00	0.00	9.00	0.00	0.12
708	34.00	74.00	272.49	42998.17	13624.53	538557.45	538557.45	0.00	0.00	0.00	0.00	9.02	0.00	0.12
709	34.00	25.00	272.49	42998.17	13624.53	538557.45	538557.45	0.00	0.00	0.00	0.00	5.32	0.00	0.12
710	34.00	26.00	272.49	42998.17	13624.53	538557.45	538557.45	0.00	0.00	0.00	0.00	5.32	0.00	0.12
711	34.00	27.00	231.62	51597.80	11580.85	538557.45	538557.45	0.00	0.00	0.00	0.00	5.56	0.00	0.12
712	35.00	27.00	231.62	51597.80	11580.85	538557.45	538557.45	0.00	0.00	0.00	0.00	5.47	0.00	0.12
713	36.00	27.00	231.62	51597.80	11580.85	538557.45	538557.45	0.00	0.00	0.00	0.00	5.38	0.00	0.12
714	36.00	28.00	231.62	51597.80	11580.85	538557.45	538557.45	0.00	0.00	0.00	0.00	5.34	0.00	0.12
715	36.00	29.00	231.62	51597.80	11580.85	538557.45	538557.45	0.00	0.00	0.00	0.00	5.30	0.00	0.12
716	37.00	29.00	231.62	51597.80	11580.85	538557.45	538557.45	0.00	0.00	0.00	0.00	5.22	0.00	0.12
717	38.00	29.00	231.62	51597.80	11580.85	538557.45	538557.45	0.00	0.00	0.00	0.00	5.15	0.00	0.12
718	39.00	29.00	231.62	51597.80	11580.85	538557.45	538557.45	0.00	0.00	0.00	0.00	5.07	0.00	0.12
719	40.00	29.00	231.62	51597.80	11580.85	538557.45	538557.45	0.00	0.00	0.00	0.00	5.00	0.00	0.12
720	40.00	30.00	231.62	51597.80	11580.85	538557.45	538557.45	0.00	0.00	0.00	0.00	5.09	0.00	0.12
721	41.00	30.00	231.62	51597.80	11580.85	538557.45	538557.45	0.00	0.00	0.00	0.00	5.02	0.00	0.12
722	42.00	30.00	231.62	51597.80	11580.85	538557.45	538557.45	0.00	0.00	0.00	0.00	4.95	0.00	0.12
723	43.00	30.00	231.62	51597.80	11580.85	538557.45	538557.45	0.00	0.00	0.00	0.00	4.88	0.00	0.12
724	44.00	30.00	231.62	51597.80	11580.85	538557.45	538557.45	0.00	0.00	0.00	0.00	4.81	0.00	0.12
725	44.00	31.00	231.62	51597.80	11580.85	538557.45	538557.45	0.00	0.00	0.00	0.00	4.90	0.00	0.12
726	44.00	32.00	231.62	51597.80	11580.85	538557.45	538557.45	0.00	0.00	0.00	0.00	4.99	0.00	0.12
727	45.00	32.00	231.62	51597.80	11580.85	538557.45	538557.45	0.00	0.00	0.00	0.00	4.92	0.00	0.12
728	45.00	33.00	231.62	51597.80	11580.85	538557.45	538557.45	0.00	0.00	0.00	0.00	4.91	0.00	0.12
729	46.00	33.00	231.62	51597.80	11580.85	538557.45	538557.45	0.00	0.00	0.00	0.00	4.85	0.00	0.12
730	47.00	33.00	231.62	51597.80	11580.85	538557.45	538557.45	0.00	0.00	0.00	0.00	4.79	0.00	0.12
731	47.00	34.00	231.62	51597.80	11580.85	538557.45	538557.45	0.00	0.00	0.00	0.00	4.95	0.00	0.12
732	47.00	35.00	231.62	51597.80	11580.85	538557.45	538557.45	0.00	0.00	0.00	0.00	4.97	0.00	0.12
733	47.00	36.00	231.62	51597.80	11580.85	538557.45	538557.45	0.00	0.00	0.00	0.00	5.05	0.00	0.12
734	47.00	37.00	231.62	51597.80	11580.85	538557.45	538557.45	0.00	0.00	0.00	0.00	5.02	0.00	0.12
735	47.00	38.00	231.62	51597.80	11580.85	538557.45	538557.45	0.00	0.00	0.00	0.00	5.04	0.00	0.12
736	48.00	38.00	231.62	51597.80	11580.85	538557.45	538557.45	0.00	0.00	0.00	0.00	4.98	0.00	0.12
737	49.00	38.00	231.62	51597.80	11580.85	538557.45	538557.45	0.00	0.00	0.00	0.00	4.93	0.00	0.12
738	50.00	38.00	231.62	51597.80	11580.85	538557.45	538557.45	0.00	0.00	0.00	0.00	4.87	0.00	0.12
739	51.00	38.00	231.62	51597.80	11580.85	538557.45	538557.45	0.00	0.00	0.00	0.00	4.82	0.00	0.12
740	52.00	38.00	231.62	51597.80	11580.85	538557.45	538557.45	0.00	0.00	0.00	0.00	4.76	0.00	0.12
741	52.00	39.00	231.62	51597.80	11580.85	538557.45	538557.45	0.00	0.00	0.00	0.00	4.87	0.00	0.12
742	52.00	40.00	231.62	51597.80	11580.85	538557.45	538557.45	0.00	0.00	0.00	0.00	4.95	0.00	0.12
743	53.00	40.00	231.62	51597.80	11580.85	538557.45	538557.45	0.00	0.00	0.00	0.00	4.90	0.00	0.12
744	53.00	41.00	231.62	51597.80	11580.85	538557.45	538557.45	0.00	0.00	0.00	0.00	4.87	0.00	0.12
745	53.00	42.00	231.62	51597.80	11580.85	538557.45	538557.45	0.00	0.00	0.00	0.00	5.03	0.00	0.12
746	53.00	43.00	231.62	51597.80	11580.85	538557.45	538557.45	0.00	0.00	0.00	0.00	5.01	0.00	0.12
747	53.00	44.00	231.62	51597.80	11580.85	538557.45	538557.45	0.00	0.00	0.00	0.00	5.07	0.00	0.12
748	53.00	45.00	231.62	51597.80	11580.85	538557.45	538557.45	0.00	0.00	0.00	0.00	5.16	0.00	0.12
749	54.00	45.00	231.62	51597.80	11580.85	538557.45	538557.45	0.00	0.00	0.00	0.00	5.11	0.00	0.12
750	55.00	45.00	231.62	51597.80	11580.85	538557.45	538557.45	0.00	0.00	0.00	0.00	5.06	0.00	0.12
751	56.00	45.00	231.62	51597.80	11580.85	538557.45	538557.45	0.00	0.00	0.00	0.00	5.01	0.00	0.12
752	57.00	45.00	231.62	51597.80	11580.85	538557.45	538557.45	0.00	0.00	0.00	0.00	4.96	0.00	0.12
753	58.00	45.00	231.62	51597.80	11580.85	538557.45	538557.45	0.00	0.00	0.00	0.00	4.91	0.00	0.12
754	59.00	45.00	231.62	51597.80	11580.85	538557.45	538557.45	0.00	0.00	0.00	0.00	4.86	0.00	0.12
755	60.00	45.00	231.62	51597.80	11580.85	538557.45	538557.45	0.00	0.00	0.00	0.00	4.82	0.00	0.12
756	61.00	45.00	231.62	51597.80	11580.85	538557.45	538557.45	0.00	0.00	0.00	0.00	4.77	0.00	0.12
757	62.00	45.00	231.62	51597.80	11580.85	538557.45	538557.45	0.00	0.00	0.00	0.00	4.73	0.00	0.12
758	63.00	45.00	231.62	51597.80	11580.85	538557.45	538557.45	0.00	0.00	0.00	0.00	4.68	0.00	0.12
759	64.00	45.00	231.62	51597.80	11580.85	538557.45	538557.45	0.00	0.00	0.00	0.00	4.64	0.00	0.12
760	64.00	46.00	231.62	51597.80	11580.85	538557.45	538557.45	0.00	0.00	0.00	0.00	4.62	0.00	0.12
761	64.00	47.00	231.62	51597.80	11580.85	538557.45	538557.45	0.00	0.00	0.00	0.00	4.61	0.00	0.12
762	64.00	48.00	231.62	51597.80	11580.85	538557.45	538557.45	0.00	0.00	0.00	0.00	4.59	0.00	0.12
763	65.00	48.00	231.62	51597.80	11580.85	538557.45	538557.45	0.00	0.00	0.00	0.00	4.55	0.00	0.12
764	65.00	49.00	231.62	51597.80	11580.85	538557.45	538557.45	0.00	0.00	0.00	0.00	4.57	0.00	0.12
765	65.00	50.00	231.62	51597.80	11580.85	538557.45	538557.45	0.00	0.00	0.00	0.00	5.38	0.00	0.12
766	65.00	51.00	231.62	51597.80	11580.85	538557.45	538557.45	0.00	0.00	0.00	0.00	5.61	0.00	0.12
767	66.00	51.00	231.62	51597.80	11580.85	538557.45	538557.45	0.00	0.00	0.00	0.00	5.56	0.00	0.12
768	66.00	52.00	231.62	51597.80	11580.85	538557.45	538557.45	0.00	0.00	0.00	0.00	5.53	0.00	0.12
769	67.00	52.00	231.62	51597.80	11580.85	538557.45	538557.45	0.00	0.00	0.00	0.00	5.49	0.00	0.12
770	68.00	52.00	231.62	51597.80	11580.85	538557.45	538557.45	0.00	0.00	0.00	0.00	5.44	0.00	0.12
771	68.00	53.00	231.62	51597.80	11580.85	538557.45	538557.45	0.00	0.00	0.00	0.00	5.54	0.00	0.12
772	69.00	53.00	231.62	51597.80	11580.85	538557.45	538557.45	0.00	0.00	0.00	0.00	5.49	0.00	0.12
773	70.00	53.00	231.62	51597.80	11580.85	538557.45	538557.45	0.00	0.00	0.00	0.00	5.45	0.00	0.12
774	70.00	54.00	231.62	51597.80	11580.85	538557.45	538557.45	0.00	0.00	0.00	0.00	5.65	0.00	0.12
775	71.00	54.00	231.62	51597.80	11580.85	538557.45	538557.45	0.00	0.00	0.00	0.00	5.60	0.00	0.12
776	72.00	54.00	231.62	51597.80	11580.85	538557.45	538557.45	0.00	0.00	0.00	0.00	5.56	0.00	0.12
777	73.00	54.00	231.62	51597.80	11580.85	538557.45	538557.45	0.00	0.00	0.00	0.00	5.52	0.00	0.12
778	74.00	54.00	231.62	51597.80	11580.85	538557.45	538557.45	0.00	0.00	0.00	0.00	5.47	0.00	0.12
779	74.00	55.00	231.62	51597.80	11580.85	538557.45	538557.45	0.00	0.00	0.00	0.00	5.45	0.00	0.12
780	74.00	56.00	231.62	51597.80	11580.85	538557.45	538557.45	0.00	0.00	0.00	0.00	5.50	0.00	0.12
781	25.00	56.00	231.62	51597.80	11580.85	538557.45	538557.45	0.00	0.00	0.00	0.00	8.83	0.00	0.12
782	25.00	57.00	231.62	51597.80	11580.85	538557.45	538557.45	0.00	0.00	0.00	0.00	8.89	0.00	0.12
783	26.00	57.00	231.62	51597.80	11580.85	538557.45	538557.45	0.00	0.00	0.00	0.00	8.79	0.00	0.12
784	26.00	58.00	231.62	51597.80	11580.85	538557.45	538557.45	0.00	0.00	0.00	0.00	9.26	0.00	0.12
785	26.00	59.00	231.62	51597.80	11580.85	538557.45	538557.45	0.00	0.00	0.00	0.00	9.19	0.00	0.12
786	26.00	60.00	231.62	51597.80	11580.85	538557.45	538557.45	0.00	0.00	0.00	0.00	9.11	0.00	0.12
787	26.00	61.00	231.62	51597.80	11580.85	538557.45	538557.45	0.00	0.00	0.00	0.00	9.07	0.00	0.12
788	26.00	62.00	231.62	51597.80	11580.85	538557.45	538557.45	0.00	0.00	0.00	0.00	9.10	0.00	0.12
789	26.00	63.00	231.62	51597.80	11580.85	538557.45	538557.45	0.00	0.00	0.00	0.00	9.30	0.00	0.12
790	26.00	64.00	231.62	51597.80	11580.85	538557.45	538557.45	0.00	0.00	0.00	0.00	9.33	0.00	0.12
791	26.00	65.00	231.62	51597.80	11580.85	538557.45	538557.45	0.00	0.00	0.00	0.00	9.25	0.00	0.12
792	26.00	66.00	231.62	51597.80	11580.85	538557.45	538557.45	0.00	0.00	0.00	0.00	9.23	0.00	0.12
793	26.00	67.00	231.62	51597.80	11580.85	538557.45	538557.45	0.00	0.00	0.00	0.00	9.50	0.00	0.12
794	26.00	68.00	231.62	51597.80	11580.85	538557.45	538557.45	0.00	0.00	0.00	0.00	9.55	0.00	0.12
795	27.00	68.00	231.62	51597.80	11580.85	538557.45	538557.45	0.00	0.00	0.00	0.00	9.45	0.00	0.12
796	27.00	69.00	231.62	51597.80	11580.85	538557.45	538557.45	0.00	0.00	0.00	0.00	9.44	0.00	0.12
797	28.00	69.00	231.62	51597.80	11580.85	538557.45	538557.45	0.00	0.00	0.00	0.00	9.34	0.00	0.12
798	29.00	69.00	231.62	51597.80	11580.85	538557.45	538557.45	0.00	0.00	0.00	0.00	9.24	0.00	0.12
799	29.00	70.00	231.62	51597.80	11580.85	538557.45	538557.45	0.00	0.00	0.00	0.00	9.29	0.00	0.12
800	30.00	70.00	231.62	51597.80	11580.85	538557.45	538557.45	0.00	0.00	0.00	0.00	9.19	0.00	0.12
801	31.00	70.00	231.62	51597.80	11580.85	538557.45	538557.45	0.00	0.00	0.00	0.00	9.10	0.00	0.12
802	31.00	71.00	231.62	51597.80	11580.85	538557.45	538557.45	0.00	0.00	0.00	0.00	9.04	0.00	0.12
803	32.00	71.00	231.62	51597.80	11580.85	538557.45	538557.45	0.00	0.00	0.00	0.00	8.95	0.00	0.12
804	32.00	72.00	231.62	51597.80	11580.85	538557.45	538557.45	0.00	0.00	0.00	0.00	8.98	0.00	0.12
805	33.00	72.00	231.62	51597.80	11580.85	538557.45	538557.45	0.00	0.00	0.00	0.00	8.89	0.00	0.12
806	33.00	73.00	231.62	51597.80	11580.85	538557.45	538557.45	0.00	0.00	0.00	0.00	8.88	0.00	0.12
807	34.00	73.00	231.62	51597.80	11580.85	538557.45	538557.45	0.00	0.00	0.00	0.00	8.80	0.00	0.12
808	35.00	73.00	231.62	51597.80	11580.85	538557.45	538557.45	0.00	0.00	0.00	0.00	8.72	0.00	0.12
809	35.00	74.00	231.62	51597.80	11580.85	538557.45	538557.45	0.00	0.00	0.00	0.00	8.99	0.00	0.12
810	35.00	25.00	231.62	51597.80	11580.85	538557.45	538557.45	0.00	0.00	0.00	0.00	4.68	0.00	0.12
811	36.00	25.00	196.87	61917.36	9843.72	538557.45	538557.45	0.00	0.00	0.00	0.00	4.61	0.00	0.12
812	36.00	26.00	196.87	61917.36	9843.72	538557.45	538557.45	0.00	0.00	0.00	0.00	4.59	0.00	0.12
813	37.00	26.00	196.87	61917.36	9843.72	538557.45	538557.45	0.00	0.00	0.00	0.00	4.52	0.00	0.12
814	38.00	26.00	196.87	61917.36	9843.72	538557.45	538557.45	0.00	0.00	0.00	0.00	4.45	0.00	0.12
815	38.00	27.00	196.87	61917.36	9843.72	538557.45	538557.45	0.00	0.00	0.00	0.00	4.56	0.00	0.12
816	38.00	28.00	196.87	61917.36	9843.72	538557.45	538557.45	0.00	0.00	0.00	0.00	4.53	0.00	0.12
817	39.00	28.00	196.87	61917.36	9843.72	538557.45	538557.45	0.00	0.00	0.00	0.00	4.46	0.00	0.12
818	40.00	28.00	196.87	61917.36	9843.72	538557.45	538557.45	0.00	0.00	0.00	0.00	4.40	0.00	0.12
819	41.00	28.00	196.87	61917.36	9843.72	538557.45	538557.45	0.00	0.00	0.00	0.00	4.33	0.00	0.12
820	42.00	28.00	196.87	61917.36	9843.72	538557.45	538557.45	0.00	0.00	0.00	0.00	4.27	0.00	0.12
821	43.00	28.00	196.87	61917.36	9843.72	538557.45	538557.45	0.00	0.00	0.00	0.00	4.21	0.00	0.12
822	43.00	29.00	196.87	61917.36	9843.72	538557.45	538557.45	0.00	0.00	0.00	0.00	4.50	0.00	0.12
823	43.00	30.00	196.87	61917.36	9843.72	538557.45	538557.45	0.00	0.00	0.00	0.00	4.68	0.00	0.12
824	43.00	31.00	196.87	61917.36	9843.72	538557.45	538557.45	0.00	0.00	0.00	0.00	4.77	0.00	0.12
825	44.00	31.00	196.87	61917.36	9843.72	538557.45	538557.45	0.00	0.00	0.00	0.00	4.71	0.00	0.12
826	45.00	31.00	196.87	61917.36	9843.72	538557.45	538557.45	0.00	0.00	0.00	0.00	4.65	0.00	0.12
827	46.00	31.00	196.87	61917.36	9843.72	538557.45	538557.45	0.00	0.00	0.00	0.00	4.59	0.00	0.12
828	46.00	32.00	196.87	61917.36	9843.72	538557.45	538557.45	0.00	0.00	0.00	0.00	4.68	0.00	0.12
829	47.00	32.00	196.87	61917.36	9843.72	538557.45	538557.45	0.00	0.00	0.00	0.00	4.62	0.00	0.12
830	47.00	33.00	196.87	61917.36	9843.72	538557.45	538557.45	0.00	0.00	0.00	0.00	4.58	0.00	0.12
831	47.00	34.00	196.87	61917.36	9843.72	538557.45	538557.45	0.00	0.00	0.00	0.00	4.83	0.00	0.12
832	47.00	35.00	196.87	61917.36	9843.72	538557.45	538557.45	0.00	0.00	0.00	0.00	5.01	0.00	0.12
833	47.00	36.00	196.87	61917.36	9843.72	538557.45	538557.45	0.00	0.00	0.00	0.00	5.05	0.00	0.12
834	48.00	36.00	196.87	61917.36	9843.72	538557.45	538557.45	0.00	0.00	0.00	0.00	4.99	0.00	0.12
835	49.00	36.00	196.87	61917.36	9843.72	538557.45	538557.45	0.00	0.00	0.00	0.00	4.94	0.00	0.12
836	49.00	37.00	196.87	61917.36	9843.72	538557.45	538557.45	0.00	0.00	0.00	0.00	5.07	0.00	0.12
837	50.00	37.00	196.87	61917.36	9843.72	538557.45	538557.45	0.00	0.00	0.00	0.00	5.02	0.00	0.12
838	51.00	37.00	196.87	61917.36	9843.72	538557.45	538557.45	0.00	0.00	0.00	0.00	4.96	0.00	0.12
839	51.00	38.00	196.87	61917.36	9843.72	538557.45	538557.45	0.00	0.00	0.00	0.00	5.03	0.00	0.12
840	52.00	38.00	196.87	61917.36	9843.72	538557.45	538557.45	0.00	0.00	0.00	0.00	4.98	0.00	0.12
841	53.00	38.00	196.87	61917.36	9843.72	538557.45	538557.45	0.00	0.00	0.00	0.00	4.92	0.00	0.12
842	54.00	38.00	196.87	61917.36	9843.72	538557.45	538557.45	0.00	0.00	0.00	0.00	4.87	0.00	0.12
843	54.00	39.00	196.87	61917.36	9843.72	538557.45	538557.45	0.00	0.00	0.00	0.00	4.94	0.00	0.12
844	54.00	40.00	196.87	61917.36	9843.72	538557.45	538557.45	0.00	0.00	0.00	0.00	5.04	0.00	0.12
845	55.00	40.00	196.87	61917.36	9843.72	538557.45	538557.45	0.00	0.00	0.00	0.00	4.99	0.00	0.12
846	56.00	40.00	196.87	61917.36	9843.72	538557.45	538557.45	0.00	0.00	0.00	0.00	4.94	0.00	0.12
847	56.00	41.00	196.87	61917.36	9843.72	538557.45	538557.45	0.00	0.00	0.00	0.00	4.91	0.00	0.12
848	56.00	42.00	196.87	61917.36	9843.72	538557.45	538557.45	0.00	0.00	0.00	0.00	4.99	0.00	0.12
849	57.00	42.00	196.87	61917.36	9843.72	538557.45	538557.45	0.00	0.00	0.00	0.00	4.94	0.00	0.12
850	59.00	41.00	196.87	61917.36	9843.72	538557.45	538557.45	0.00	0.00	0.00	0.00	7.44	0.00	0.12
851	60.00	41.00	167.34	74300.84	8367.16	538557.45	538557.45	0.00	0.00	0.00	0.00	7.37	0.00	0.12
852	60.00	42.00	167.34	74300.84	8367.16	538557.45	538557.45	0.00	0.00	0.00	0.00	7.61	0.00	0.12
853	61.00	42.00	167.34	74300.84	8367.16	538557.45	538557.45	0.00	0.00	0.00	0.00	7.54	0.00	0.12
854	61.00	43.00	167.34	74300.84	8367.16	538557.45	538557.45	0.00	0.00	0.00	0.00	7.60	0.00	0.12
855	61.00	44.00	167.34	74300.84	8367.16	538557.45	538557.45	0.00	0.00	0.00	0.00	7.63	0.00	0.12
856	61.00	45.00	167.34	74300.84	8367.16	538557.45	538557.45	0.00	0.00	0.00	0.00	7.70	0.00	0.12
857	61.00	46.00	167.34	74300.84	8367.16	538557.45	538557.45	0.00	0.00	0.00	0.00	7.65	0.00	0.12
858	61.00	47.00	167.34	74300.84	8367.16	538557.45	538557.45	0.00	0.00	0.00	0.00	7.87	0.00	0.12
859	62.00	47.00	167.34	74300.84	8367.16	538557.45	538557.45	0.00	0.00	0.00	0.00	7.80	0.00	0.12
860	63.00	47.00	167.34	74300.84	8367.16	538557.45	538557.45	0.00	0.00	0.00	0.00	7.73	0.00	0.12
861	64.00	47.00	167.34	74300.84	8367.16	538557.45	538557.45	0.00	0.00	0.00	0.00	7.66	0.00	0.12
862	65.00	47.00	167.34	74300.84	8367.16	538557.45	538557.45	0.00	0.00	0.00	0.00	7.59	0.00	0.12
863	65.00	48.00	167.34	74300.84	8367.16	538557.45	538557.45	0.00	0.00	0.00	0.00	7.59	0.00	0.12
864	66.00	48.00	167.34	74300.84	8367.16	538557.45	538557.45	0.00	0.00	0.00	0.00	7.52	0.00	0.12
865	66.00	49.00	167.34	74300.84	8367.16	538557.45	538557.45	0.00	0.00	0.00	0.00	7.53	0.00	0.12
866	67.00	49.00	167.34	74300.84	8367.16	538557.45	538557.45	0.00	0.00	0.00	0.00	7.46	0.00	0.12
867	67.00	50.00	167.34	74300.84	8367.16	538557.45	538557.45	0.00	0.00	0.00	0.00	7.70	0.00	0.12
868	67.00	51.00	167.34	74300.84	8367.16	538557.45	538557.45	0.00	0.00	0.00	0.00	7.71	0.00	0.12
869	68.00	51.00	167.34	74300.84	8367.16	538557.45	538557.45	0.00	0.00	0.00	0.00	7.64	0.00	0.12
870	69.00	51.00	167.34	74300.84	8367.16	538557.45	538557.45	0.00	0.00	0.00	0.00	7.58	0.00	0.12
871	70.00	51.00	167.34	74300.84	8367.16	538557.45	538557.45	0.00	0.00	0.00	0.00	7.52	0.00	0.12
872	70.00	52.00	167.34	74300.84	8367.16	538557.45	538557.45	0.00	0.00	0.00	0.00	7.67	0.00	0.12
873	71.00	52.00	167.34	74300.84	8367.16	538557.45	538557.45	0.00	0.00	0.00	0.00	7.60	0.00	0.12
874	72.00	52.00	167.34	74300.84	8367.16	538557.45	538557.45	0.00	0.00	0.00	0.00	7.54	0.00	0.12
875	72.00	53.00	167.34	74300.84	8367.16	538557.45	538557.45	0.00	0.00	0.00	0.00	7.51	0.00	0.12
876	73.00	53.00	167.34	74300.84	8367.16	538557.45	538557.45	0.00	0.00	0.00	0.00	7.45	0.00	0.12
877	74.00	53.00	167.34	74300.84	8367.16	538557.45	538557.45	0.00	0.00	0.00	0.00	7.39	0.00	0.12
878	74.00	54.00	167.34	74300.84	8367.16	538557.45	538557.45	0.00	0.00	0.00	0.00	7.36	0.00	0.12
879	25.00	54.00	167.34	74300.84	8367.16	538557.45	538557.45	0.00	0.00	0.00	0.00	11.93	0.00	0.12
880	25.00	55.00	167.34	74300.84	8367.16	538557.45	538557.45	0.00	0.00	0.00	0.00	12.11	0.00	0.12
881	25.00	56.00	167.34	74300.84	8367.16	538557.45	538557.45	0.00	0.00	0.00	0.00	12.40	0.00	0.12
882	26.00	56.00	167.34	74300.84	8367.16	538557.45	538557.45	0.00	0.00	0.00	0.00	12.25	0.00	0.12
883	26.00	57.00	167.34	74300.84	8367.16	538557.45	538557.45	0.00	0.00	0.00	0.00	12.14	0.00	0.12
884	27.00	57.00	167.34	74300.84	8367.16	538557.45	538557.45	0.00	0.00	0.00	0.00	11.99	0.00	0.12
885	28.00	57.00	167.34	74300.84	8367.16	538557.45	538557.45	0.00	0.00	0.00	0.00	11.85	0.00	0.12
886	28.00	58.00	167.34	74300.84	8367.16	538557.45	538557.45	0.00	0.00	0.00	0.00	11.89	0.00	0.12
887	28.00	59.00	167.34	74300.84	8367.16	538557.45	538557.45	0.00	0.00	0.00	0.00	11.85	0.00	0.12
888	28.00	60.00	167.34	74300.84	8367.16	538557.45	538557.45	0.00	0.00	0.00	0.00	11.92	0.00	0.12
889	28.00	61.00	167.34	74300.84	8367.16	538557.45	538557.45	0.00	0.00	0.00	0.00	11.94	0.00	0.12
890	29.00	61.00	167.34	74300.84	8367.16	538557.45	538557.45	0.00	0.00	0.00	0.00	11.81	0.00	0.12
891	29.00	62.00	167.34	74300.84	8367.16	538557.45	538557.45	0.00	0.00	0.00	0.00	11.87	0.00	0.12
892	30.00	62.00	167.34	74300.84	8367.16	538557.45	538557.45	0.00	0.00	0.00	0.00	11.74	0.00	0.12
893	30.00	63.00	167.34	74300.84	8367.16	538557.45	538557.45	0.00	0.00	0.00	0.00	12.13	0.00	0.12
894	30.00	64.00	167.34	74300.84	8367.16	538557.45	538557.45	0.00	0.00	0.00	0.00	12.24	0.00	0.12
895	31.00	64.00	167.34	74300.84	8367.16	538557.45	538557.45	0.00	0.00	0.00	0.00	12.11	0.00	0.12
896	31.00	65.00	167.34	74300.84	8367.16	538557.45	538557.45	0.00	0.00	0.00	0.00	12.44	0.00	0.12
897	32.00	65.00	167.34	74300.84	8367.16	538557.45	538557.45	0.00	0.00	0.00	0.00	12.31	0.00	0.12
898	32.00	66.00	167.34	74300.84	8367.16	538557.45	538557.45	0.00	0.00	0.00	0.00	12.22	0.00	0.12
899	33.00	66.00	167.34	74300.84	8367.16	538557.45	538557.45	0.00	0.00	0.00	0.00	12.09	0.00	0.12
900	34.00	66.00	167.34	74300.84	8367.16	538557.45	538557.45	0.00	0.00	0.00	0.00	11.97	0.00	0.12
901	35.00	66.00	167.34	74300.84	8367.16	538557.45	538557.45	0.00	0.00	0.00	0.00	11.85	0.00	0.12
902	36.00	66.00	167.34	74300.84	8367.16	538557.45	538557.45	0.00	0.00	0.00	0.00	11.74	0.00	0.12
903	36.00	67.00	167.34	74300.84	8367.16	538557.45	538557.45	0.00	0.00	0.00	0.00	11.75	0.00	0.12
904	36.00	68.00	167.34	74300.84	8367.16	538557.45	538557.45	0.00	0.00	0.00	0.00	11.70	0.00	0.12
905	37.00	68.00	167.34	74300.84	8367.16	538557.45	538557.45	0.00	0.00	0.00	0.00	11.59	0.00	0.12
906	37.00	69.00	167.34	74300.84	8367.16	538557.45	538557.45	0.00	0.00	0.00	0.00	12.08	0.00	0.12
907	38.00	69.00	167.34	74300.84	8367.16	538557.45	538557.45	0.00	0.00	0.00	0.00	11.97	0.00	0.12
908	39.00	69.00	167.34	74300.84	8367.16	538557.45	538557.45	0.00	0.00	0.00	0.00	11.85	0.00	0.12
909	39.00	70.00	167.34	74300.84	8367.16	538557.45	538557.45	0.00	0.00	0.00	0.00	11.90	0.00	0.12
910	40.00	70.00	167.34	74300.84	8367.16	538557.45	538557.45	0.00	0.00	0.00	0.00	11.79	0.00	0.12
911	41.00	70.00	167.34	74300.84	8367.16	538557.45	538557.45	0.00	0.00	0.00	0.00	11.69	0.00	0.12
912	42.00	70.00	167.34	74300.84	8367.16	538557.45	538557.45	0.00	0.00	0.00	0.00	11.58	0.00	0.12
913	42.00	71.00	167.34	74300.84	8367.16	538557.45	538557.45	0.00	0.00	0.00	0.00	11.58	0.00	0.12
914	43.00	71.00	167.34	74300.84	8367.16	538557.45	538557.45	0.00	0.00	0.00	0.00	11.48	0.00	0.12
915	43.00	72.00	167.34	74300.84	8367.16	538557.45	538557.45	0.00	0.00	0.00	0.00	11.57	0.00	0.12
916	44.00	72.00	167.34	74300.84	8367.16	538557.45	538557.45	0.00	0.00	0.00	0.00	11.47	0.00	0.12
917	45.00	72.00	167.34	74300.84	8367.16	538557.45	538557.45	0.00	0.00	0.00	0.00	11.37	0.00	0.12
918	45.00	73.00	167.34	74300.84	8367.16	538557.45	538557.45	0.00	0.00	0.00	0.00	11.37	0.00	0.12
919	45.00	74.00	167.34	74300.84	8367.16	538557.45	538557.45	0.00	0.00	0.00	0.00	11.50	0.00	0.12
920	45.00	25.00	167.34	74300.84	8367.16	538557.45	538557.45	0.00	0.00	0.00	0.00	6.99	0.00	0.12
921	46.00	25.00	167.34	74300.84	8367.16	538557.45	538557.45	0.00	0.00	0.00	0.00	6.89	0.00	0.12
922	47.00	25.00	167.34	74300.84	8367.16	538557.45	538557.45	0.00	0.00	0.00	0.00	6.80	0.00	0.12
923	47.00	26.00	167.34	74300.84	8367.16	538557.45	538557.45	0.00	0.00	0.00	0.00	6.88	0.00	0.12
924	47.00	27.00	167.34	74300.84	8367.16	538557.45	538557.45	0.00	0.00	0.00	0.00	6.82	0.00	0.12
925	48.00	27.00	167.34	74300.84	8367.16	538557.45	538557.45	0.00	0.00	0.00	0.00	6.73	0.00	0.12
926	48.00	28.00	167.34	74300.84	8367.16	538557.45	538557.45	0.00	0.00	0.00	0.00	7.01	0.00	0.12
927	49.00	28.00	167.34	74300.84	8367.16	538557.45	538557.45	0.00	0.00	0.00	0.00	6.92	0.00	0.12
928	49.00	29.00	167.34	74300.84	8367.16	538557.45	538557.45	0.00	0.00	0.00	0.00	7.05	0.00	0.12
929	50.00	29.00	167.34	74300.84	8367.16	538557.45	538557.45	0.00	0.00	0.00	0.00	6.96	0.00	0.12
930	50.00	30.00	167.34	74300.84	8367.16	538557.45	538557.45	0.00	0.00	0.00	0.00	7.02	0.00	0.12
931	50.00	31.00	167.34	74300.84	8367.16	538557.45	538557.45	0.00	0.00	0.00	0.00	6.97	0.00	0.12
932	50.00	32.00	167.34	74300.84	8367.16	538557.45	538557.45	0.00	0.00	0.00	0.00	7.18	0.00	0.12
933	50.00	33.00	167.34	74300.84	8367.16	538557.45	538557.45	0.00	0.00	0.00	0.00	7.13	0.00	0.12
934	50.00	34.00	167.34	74300.84	8367.16	538557.45	538557.45	0.00	0.00	0.00	0.00	7.08	0.00	0.12
935	50.00	35.00	167.34	74300.84	8367.16	538557.45	538557.45	0.00	0.00	0.00	0.00	7.03	0.00	0.12
936	50.00	36.00	167.34	74300.84	8367.16	538557.45	538557.45	0.00	0.00	0.00	0.00	7.14	0.00	0.12
937	50.00	37.00	167.34	74300.84	8367.16	538557.45	538557.45	0.00	0.00	0.00	0.00	9.26	0.00	0.12
938	51.00	37.00	167.34	74300.84	8367.16	538557.45	538557.45	0.00	0.00	0.00	0.00	9.16	0.00	0.12
939	52.00	37.00	167.34	74300.84	8367.16	538557.45	538557.45	0.00	0.00	0.00	0.00	9.05	0.00	0.12
940	52.00	38.00	167.34	74300.84	8367.16	538557.45	538557.45	0.00	0.00	0.00	0.00	9.14	0.00	0.12
941	53.00	38.00	167.34	74300.84	8367.16	538557.45	538557.45	0.00	0.00	0.00	0.00	9.04	0.00	0.12
942	54.00	38.00	167.34	74300.84	8367.16	538557.45	538557.45	0.00	0.00	0.00	0.00	8.94	0.00	0.12
943	55.00	38.00	167.34	74300.84	8367.16	538557.45	538557.45	0.00	0.00	0.00	0.00	8.85	0.00	0.12
944	55.00	39.00	167.34	74300.84	8367.16	538557.45	538557.45	0.00	0.00	0.00	0.00	8.87	0.00	0.12
945	56.00	39.00	167.34	74300.84	8367.16	538557.45	538557.45	0.00	0.00	0.00	0.00	8.78	0.00	0.12
946	57.00	39.00	167.34	74300.84	8367.16	538557.45	538557.45	0.00	0.00	0.00	0.00	8.69	0.00	0.12
947	58.00	39.00	167.34	74300.84	8367.16	538557.45	538557.45	0.00	0.00	0.00	0.00	8.60	0.00	0.12
948	59.00	39.00	167.34	74300.84	8367.16	538557.45	538557.45	0.00	0.00	0.00	0.00	8.51	0.00	0.12
949	60.00	39.00	167.34	74300.84	8367.16	538557.45	538557.45	0.00	0.00	0.00	0.00	8.43	0.00	0.12
950	60.00	40.00	167.34	74300.84	8367.16	538557.45	538557.45	0.00	0.00	0.00	0.00	8.51	0.00	0.12
951	61.00	40.00	142.24	89161.00	7112.09	538557.45	538557.45	0.00	0.00	0.00	0.00	8.43	0.00	0.12
952	61.00	41.00	142.24	89161.00	7112.09	538557.45	538557.45	0.00	0.00	0.00	0.00	8.42	0.00	0.12
953	61.00	42.00	142.24	89161.00	7112.09	538557.45	538557.45	0.00	0.00	0.00	0.00	8.45	0.00	0.12
954	62.00	42.00	142.24	89161.00	7112.09	538557.45	538557.45	0.00	0.00	0.00	0.00	8.37	0.00	0.12
955	63.00	42.00	142.24	89161.00	7112.09	538557.45	538557.45	0.00	0.00	0.00	0.00	8.29	0.00	0.12
956	64.00	42.00	142.24	89161.00	7112.09	538557.45	538557.45	0.00	0.00	0.00	0.00	8.21	0.00	0.12
957	65.00	42.00	142.24	89161.00	7112.09	538557.45	538557.45	0.00	0.00	0.00	0.00	8.14	0.00	0.12
958	66.00	42.00	142.24	89161.00	7112.09	538557.45	538557.45	0.00	0.00	0.00	0.00	8.06	0.00	0.12
959	67.00	42.00	142.24	89161.00	7112.09	538557.45	538557.45	0.00	0.00	0.00	0.00	7.99	0.00	0.12
960	68.00	42.00	142.24	89161.00	7112.09	538557.45	538557.45	0.00	0.00	0.00	0.00	7.92	0.00	0.12
961	69.00	42.00	142.24	89161.00	7112.09	538557.45	538557.45	0.00	0.00	0.00	0.00	7.84	0.00	0.12
962	69.00	43.00	142.24	89161.00	7112.09	538557.45	538557.45	0.00	0.00	0.00	0.00	7.84	0.00	0.12
963	70.00	43.00	142.24	89161.00	7112.09	538557.45	538557.45	0.00	0.00	0.00	0.00	7.77	0.00	0.12
964	71.00	43.00	142.24	89161.00	7112.09	538557.45	538557.45	0.00	0.00	0.00	0.00	7.70	0.00	0.12
965	71.00	44.00	142.24	89161.00	7112.09	538557.45	538557.45	0.00	0.00	0.00	0.00	7.70	0.00	0.12
966	72.00	44.00	142.24	89161.00	7112.09	538557.45	538557.45	0.00	0.00	0.00	0.00	7.64	0.00	0.12
967	73.00	44.00	142.24	89161.00	7112.09	538557.45	538557.45	0.00	0.00	0.00	0.00	7.57	0.00	0.12
968	73.00	45.00	142.24	89161.00	7112.09	538557.45	538557.45	0.00	0.00	0.00	0.00	7.67	0.00	0.12
969	74.00	45.00	142.24	89161.00	7112.09	538557.45	538557.45	0.00	0.00	0.00	0.00	7.60	0.00	0.12
970	25.00	45.00	142.24	89161.00	7112.09	538557.45	538557.45	0.00	0.00	0.00	0.00	12.92	0.00	0.12
971	25.00	46.00	142.24	89161.00	7112.09	538557.45	538557.45	0.00	0.00	0.00	0.00	13.03	0.00	0.12
972	26.00	46.00	142.24	89161.00	7112.09	538557.45	538557.45	0.00	0.00	0.00	0.00	12.85	0.00	0.12
973	26.00	47.00	142.24	89161.00	7112.09	538557.45	538557.45	0.00	0.00	0.00	0.00	13.00	0.00	0.12
974	27.00	47.00	142.24	89161.00	7112.09	538557.45	538557.45	0.00	0.00	0.00	0.00	12.83	0.00	0.12
975	28.00	47.00	142.24	89161.00	7112.09	538557.45	538557.45	0.00	0.00	0.00	0.00	12.66	0.00	0.12
976	29.00	47.00	142.24	89161.00	7112.09	538557.45	538557.45	0.00	0.00	0.00	0.00	12.49	0.00	0.12
977	29.00	48.00	142.24	89161.00	7112.09	538557.45	538557.45	0.00	0.00	0.00	0.00	12.57	0.00	0.12
978	30.00	48.00	142.24	89161.00	7112.09	538557.45	538557.45	0.00	0.00	0.00	0.00	12.41	0.00	0.12
979	30.00	49.00	142.24	89161.00	7112.09	538557.45	538557.45	0.00	0.00	0.00	0.00	12.40	0.00	0.12
980	30.00	50.00	142.24	89161.00	7112.09	538557.45	538557.45	0.00	0.00	0.00	0.00	12.39	0.00	0.12
981	30.00	51.00	142.24	89161.00	7112.09	538557.45	538557.45	0.00	0.00	0.00	0.00	12.41	0.00	0.12
982	30.00	52.00	142.24	89161.00	7112.09	538557.45	538557.45	0.00	0.00	0.00	0.00	12.57	0.00	0.12
983	30.00	53.00	142.24	89161.00	7112.09	538557.45	538557.45	0.00	0.00	0.00	0.00	12.79	0.00	0.12
984	30.00	54.00	142.24	89161.00	7112.09	538557.45	538557.45	0.00	0.00	0.00	0.00	12.72	0.00	0.12
985	31.00	54.00	142.24	89161.00	7112.09	538557.45	538557.45	0.00	0.00	0.00	0.00	12.57	0.00	0.12
986	32.00	54.00	142.24	89161.00	7112.09	538557.45	538557.45	0.00	0.00	0.00	0.00	12.42	0.00	0.12
987	33.00	54.00	142.24	89161.00	7112.09	538557.45	538557.45	0.00	0.00	0.00	0.00	12.28	0.00	0.12
988	34.00	54.00	142.24	89161.00	7112.09	538557.45	538557.45	0.00	0.00	0.00	0.00	12.14	0.00	0.12
989	34.00	55.00	142.24	89161.00	7112.09	538557.45	538557.45	0.00	0.00	0.00	0.00	12.08	0.00	0.12
990	34.00	56.00	142.24	89161.00	7112.09	538557.45	538557.45	0.00	0.00	0.00	0.00	11.99	0.00	0.12
991	35.00	56.00	142.24	89161.00	7112.09	538557.45	538557.45	0.00	0.00	0.00	0.00	11.86	0.00	0.12
992	35.00	57.00	142.24	89161.00	7112.09	538557.45	538557.45	0.00	0.00	0.00	0.00	12.13	0.00	0.12
993	36.00	57.00	142.24	89161.00	7112.09	538557.45	538557.45	0.00	0.00	0.00	0.00	12.00	0.00	0.12
994	36.00	58.00	142.24	89161.00	7112.09	538557.45	538557.45	0.00	0.00	0.00	0.00	12.00	0.00	0.12
995	37.00	58.00	142.24	89161.00	7112.09	538557.45	538557.45	0.00	0.00	0.00	0.00	11.88	0.00	0.12
996	37.00	59.00	142.24	89161.00	7112.09	538557.45	538557.45	0.00	0.00	0.00	0.00	11.99	0.00	0.12
997	38.00	59.00	142.24	89161.00	7112.09	538557.45	538557.45	0.00	0.00	0.00	0.00	11.87	0.00	0.12
998	38.00	60.00	142.24	89161.00	7112.09	538557.45	538557.45	0.00	0.00	0.00	0.00	12.08	0.00	0.12
999	39.00	60.00	142.24	89161.00	7112.09	538557.45	538557.45	0.00	0.00	0.00	0.00	11.95	0.00	0.12
1000	39.00	61.00	142.24	89161.00	7112.09	538557.45	538557.45	0.00	0.00	0.00	0.00	11.86	0.00	0.12
