!Summary:
!Execution time: 0,62 seconds
!Total # voyages: 756 (126 unique)
!Number of installations (excluding depot): 7
!Number of time windows: 0
!Number of vessels: 6

!Min. # installations: 1
!Max. number of installations: 8
!Min. duration: 56
!Max. duration: 80

!Name: PSV_6	 # voyages: 126
!Name: PSV_2	 # voyages: 126
!Name: PSV_3	 # voyages: 126
!Name: PSV_1	 # voyages: 126
!Name: PSV_4	 # voyages: 126
!Name: PSV_5	 # voyages: 126
!------------------------------------------------------------------------------------------------------------------------
nV : 6
nR : 126
nN : 7
nT : 7
minL : 2
maxL : 3

! Sets: 
Rv : [
[1, 2, 3, 4, 5, 6, 7, 8, 9, 10, 11, 12, 13, 14, 15, 16, 17, 18, 19, 20, 21, 22, 23, 24, 25, 26, 27, 28, 29, 30, 31, 32, 33, 34, 35, 36, 37, 38, 39, 40, 41, 42, 43, 44, 45, 46, 47, 48, 49, 50, 51, 52, 53, 54, 55, 56, 57, 58, 59, 60, 61, 62, 63, 64, 65, 66, 67, 68, 69, 70, 71, 72, 73, 74, 75, 76, 77, 78, 79, 80, 81, 82, 83, 84, 85, 86, 87, 88, 89, 90, 91, 92, 93, 94, 95, 96, 97, 98, 99, 100, 101, 102, 103, 104, 105, 106, 107, 108, 109, 110, 111, 112, 113, 114, 115, 116, 117, 118, 119, 120, 121, 122, 123, 124, 125, 126]!Vessel: PSV_1
[1, 2, 3, 4, 5, 6, 7, 8, 9, 10, 11, 12, 13, 14, 15, 16, 17, 18, 19, 20, 21, 22, 23, 24, 25, 26, 27, 28, 29, 30, 31, 32, 33, 34, 35, 36, 37, 38, 39, 40, 41, 42, 43, 44, 45, 46, 47, 48, 49, 50, 51, 52, 53, 54, 55, 56, 57, 58, 59, 60, 61, 62, 63, 64, 65, 66, 67, 68, 69, 70, 71, 72, 73, 74, 75, 76, 77, 78, 79, 80, 81, 82, 83, 84, 85, 86, 87, 88, 89, 90, 91, 92, 93, 94, 95, 96, 97, 98, 99, 100, 101, 102, 103, 104, 105, 106, 107, 108, 109, 110, 111, 112, 113, 114, 115, 116, 117, 118, 119, 120, 121, 122, 123, 124, 125, 126]!Vessel: PSV_2
[1, 2, 3, 4, 5, 6, 7, 8, 9, 10, 11, 12, 13, 14, 15, 16, 17, 18, 19, 20, 21, 22, 23, 24, 25, 26, 27, 28, 29, 30, 31, 32, 33, 34, 35, 36, 37, 38, 39, 40, 41, 42, 43, 44, 45, 46, 47, 48, 49, 50, 51, 52, 53, 54, 55, 56, 57, 58, 59, 60, 61, 62, 63, 64, 65, 66, 67, 68, 69, 70, 71, 72, 73, 74, 75, 76, 77, 78, 79, 80, 81, 82, 83, 84, 85, 86, 87, 88, 89, 90, 91, 92, 93, 94, 95, 96, 97, 98, 99, 100, 101, 102, 103, 104, 105, 106, 107, 108, 109, 110, 111, 112, 113, 114, 115, 116, 117, 118, 119, 120, 121, 122, 123, 124, 125, 126]!Vessel: PSV_3
[1, 2, 3, 4, 5, 6, 7, 8, 9, 10, 11, 12, 13, 14, 15, 16, 17, 18, 19, 20, 21, 22, 23, 24, 25, 26, 27, 28, 29, 30, 31, 32, 33, 34, 35, 36, 37, 38, 39, 40, 41, 42, 43, 44, 45, 46, 47, 48, 49, 50, 51, 52, 53, 54, 55, 56, 57, 58, 59, 60, 61, 62, 63, 64, 65, 66, 67, 68, 69, 70, 71, 72, 73, 74, 75, 76, 77, 78, 79, 80, 81, 82, 83, 84, 85, 86, 87, 88, 89, 90, 91, 92, 93, 94, 95, 96, 97, 98, 99, 100, 101, 102, 103, 104, 105, 106, 107, 108, 109, 110, 111, 112, 113, 114, 115, 116, 117, 118, 119, 120, 121, 122, 123, 124, 125, 126]!Vessel: PSV_4
[1, 2, 3, 4, 5, 6, 7, 8, 9, 10, 11, 12, 13, 14, 15, 16, 17, 18, 19, 20, 21, 22, 23, 24, 25, 26, 27, 28, 29, 30, 31, 32, 33, 34, 35, 36, 37, 38, 39, 40, 41, 42, 43, 44, 45, 46, 47, 48, 49, 50, 51, 52, 53, 54, 55, 56, 57, 58, 59, 60, 61, 62, 63, 64, 65, 66, 67, 68, 69, 70, 71, 72, 73, 74, 75, 76, 77, 78, 79, 80, 81, 82, 83, 84, 85, 86, 87, 88, 89, 90, 91, 92, 93, 94, 95, 96, 97, 98, 99, 100, 101, 102, 103, 104, 105, 106, 107, 108, 109, 110, 111, 112, 113, 114, 115, 116, 117, 118, 119, 120, 121, 122, 123, 124, 125, 126]!Vessel: PSV_5
[1, 2, 3, 4, 5, 6, 7, 8, 9, 10, 11, 12, 13, 14, 15, 16, 17, 18, 19, 20, 21, 22, 23, 24, 25, 26, 27, 28, 29, 30, 31, 32, 33, 34, 35, 36, 37, 38, 39, 40, 41, 42, 43, 44, 45, 46, 47, 48, 49, 50, 51, 52, 53, 54, 55, 56, 57, 58, 59, 60, 61, 62, 63, 64, 65, 66, 67, 68, 69, 70, 71, 72, 73, 74, 75, 76, 77, 78, 79, 80, 81, 82, 83, 84, 85, 86, 87, 88, 89, 90, 91, 92, 93, 94, 95, 96, 97, 98, 99, 100, 101, 102, 103, 104, 105, 106, 107, 108, 109, 110, 111, 112, 113, 114, 115, 116, 117, 118, 119, 120, 121, 122, 123, 124, 125, 126]!Vessel: PSV_6
] 

Rvi : [
!i : 1, 2, 3, 4, 5, 6, 7
[7, 8, 9, 10, 11, 21, 28, 29, 30, 31, 32, 33, 34, 35, 36, 37, 38, 39, 40, 41, 42, 63, 64, 65, 66, 67, 68, 69, 70, 71, 72, 73, 74, 75, 76, 79, 81, 83, 87, 89, 93, 98, 99, 100, 101, 102, 103, 104, 105, 106, 107, 108, 109, 111, 113, 114, 119, 120, 121, 122, 123, 124, 126], [1, 7, 12, 13, 14, 15, 16, 28, 31, 33, 34, 39, 43, 44, 45, 46, 47, 48, 49, 50, 51, 52, 63, 64, 65, 74, 76, 77, 78, 79, 80, 81, 82, 83, 84, 85, 86, 87, 88, 89, 90, 91, 98, 99, 105, 106, 107, 108, 109, 110, 111, 112, 113, 114, 115, 116, 117, 119, 121, 122, 123, 124, 125, 126], [2, 8, 12, 17, 18, 19, 20, 28, 29, 30, 35, 40, 43, 44, 45, 48, 53, 54, 55, 57, 58, 62, 63, 66, 67, 68, 72, 73, 77, 78, 79, 80, 81, 83, 84, 85, 86, 92, 93, 94, 95, 97, 98, 99, 100, 101, 102, 104, 105, 106, 108, 110, 112, 113, 115, 116, 118, 119, 120, 121, 122, 123, 125, 126], [3, 13, 17, 21, 22, 23, 24, 29, 31, 32, 36, 41, 43, 46, 47, 49, 53, 54, 55, 56, 59, 60, 63, 64, 66, 69, 70, 72, 74, 75, 77, 78, 82, 84, 87, 88, 90, 92, 93, 94, 95, 96, 98, 99, 100, 101, 103, 104, 106, 107, 110, 111, 112, 114, 115, 117, 118, 119, 120, 121, 123, 124, 125, 126], [4, 9, 14, 18, 22, 25, 26, 30, 32, 33, 37, 42, 44, 46, 50, 52, 53, 57, 58, 59, 60, 61, 64, 65, 67, 69, 71, 73, 75, 76, 77, 79, 80, 82, 85, 88, 91, 93, 94, 95, 96, 97, 99, 100, 102, 103, 104, 108, 109, 110, 111, 112, 113, 114, 116, 117, 118, 119, 120, 122, 123, 124, 125, 126], [5, 10, 15, 19, 23, 25, 27, 34, 35, 36, 37, 38, 48, 49, 50, 51, 54, 56, 57, 59, 61, 62, 65, 66, 67, 68, 69, 70, 71, 83, 84, 85, 86, 87, 88, 89, 90, 91, 92, 94, 96, 97, 98, 100, 101, 102, 103, 105, 107, 109, 112, 113, 114, 115, 116, 117, 118, 119, 120, 121, 122, 124, 125, 126], [6, 11, 16, 20, 24, 26, 27, 38, 39, 40, 41, 42, 45, 47, 51, 52, 55, 56, 58, 60, 61, 62, 68, 70, 71, 72, 73, 74, 75, 76, 78, 80, 81, 82, 86, 89, 90, 91, 92, 95, 96, 97, 101, 102, 103, 104, 105, 106, 107, 108, 109, 110, 111, 115, 116, 117, 118, 120, 121, 122, 123, 124, 125, 126]!Vessel: PSV_1
[7, 8, 9, 10, 11, 21, 28, 29, 30, 31, 32, 33, 34, 35, 36, 37, 38, 39, 40, 41, 42, 63, 64, 65, 66, 67, 68, 69, 70, 71, 72, 73, 74, 75, 76, 79, 81, 83, 87, 89, 93, 98, 99, 100, 101, 102, 103, 104, 105, 106, 107, 108, 109, 111, 113, 114, 119, 120, 121, 122, 123, 124, 126], [1, 7, 12, 13, 14, 15, 16, 28, 31, 33, 34, 39, 43, 44, 45, 46, 47, 48, 49, 50, 51, 52, 63, 64, 65, 74, 76, 77, 78, 79, 80, 81, 82, 83, 84, 85, 86, 87, 88, 89, 90, 91, 98, 99, 105, 106, 107, 108, 109, 110, 111, 112, 113, 114, 115, 116, 117, 119, 121, 122, 123, 124, 125, 126], [2, 8, 12, 17, 18, 19, 20, 28, 29, 30, 35, 40, 43, 44, 45, 48, 53, 54, 55, 57, 58, 62, 63, 66, 67, 68, 72, 73, 77, 78, 79, 80, 81, 83, 84, 85, 86, 92, 93, 94, 95, 97, 98, 99, 100, 101, 102, 104, 105, 106, 108, 110, 112, 113, 115, 116, 118, 119, 120, 121, 122, 123, 125, 126], [3, 13, 17, 21, 22, 23, 24, 29, 31, 32, 36, 41, 43, 46, 47, 49, 53, 54, 55, 56, 59, 60, 63, 64, 66, 69, 70, 72, 74, 75, 77, 78, 82, 84, 87, 88, 90, 92, 93, 94, 95, 96, 98, 99, 100, 101, 103, 104, 106, 107, 110, 111, 112, 114, 115, 117, 118, 119, 120, 121, 123, 124, 125, 126], [4, 9, 14, 18, 22, 25, 26, 30, 32, 33, 37, 42, 44, 46, 50, 52, 53, 57, 58, 59, 60, 61, 64, 65, 67, 69, 71, 73, 75, 76, 77, 79, 80, 82, 85, 88, 91, 93, 94, 95, 96, 97, 99, 100, 102, 103, 104, 108, 109, 110, 111, 112, 113, 114, 116, 117, 118, 119, 120, 122, 123, 124, 125, 126], [5, 10, 15, 19, 23, 25, 27, 34, 35, 36, 37, 38, 48, 49, 50, 51, 54, 56, 57, 59, 61, 62, 65, 66, 67, 68, 69, 70, 71, 83, 84, 85, 86, 87, 88, 89, 90, 91, 92, 94, 96, 97, 98, 100, 101, 102, 103, 105, 107, 109, 112, 113, 114, 115, 116, 117, 118, 119, 120, 121, 122, 124, 125, 126], [6, 11, 16, 20, 24, 26, 27, 38, 39, 40, 41, 42, 45, 47, 51, 52, 55, 56, 58, 60, 61, 62, 68, 70, 71, 72, 73, 74, 75, 76, 78, 80, 81, 82, 86, 89, 90, 91, 92, 95, 96, 97, 101, 102, 103, 104, 105, 106, 107, 108, 109, 110, 111, 115, 116, 117, 118, 120, 121, 122, 123, 124, 125, 126]!Vessel: PSV_2
[7, 8, 9, 10, 11, 21, 28, 29, 30, 31, 32, 33, 34, 35, 36, 37, 38, 39, 40, 41, 42, 63, 64, 65, 66, 67, 68, 69, 70, 71, 72, 73, 74, 75, 76, 79, 81, 83, 87, 89, 93, 98, 99, 100, 101, 102, 103, 104, 105, 106, 107, 108, 109, 111, 113, 114, 119, 120, 121, 122, 123, 124, 126], [1, 7, 12, 13, 14, 15, 16, 28, 31, 33, 34, 39, 43, 44, 45, 46, 47, 48, 49, 50, 51, 52, 63, 64, 65, 74, 76, 77, 78, 79, 80, 81, 82, 83, 84, 85, 86, 87, 88, 89, 90, 91, 98, 99, 105, 106, 107, 108, 109, 110, 111, 112, 113, 114, 115, 116, 117, 119, 121, 122, 123, 124, 125, 126], [2, 8, 12, 17, 18, 19, 20, 28, 29, 30, 35, 40, 43, 44, 45, 48, 53, 54, 55, 57, 58, 62, 63, 66, 67, 68, 72, 73, 77, 78, 79, 80, 81, 83, 84, 85, 86, 92, 93, 94, 95, 97, 98, 99, 100, 101, 102, 104, 105, 106, 108, 110, 112, 113, 115, 116, 118, 119, 120, 121, 122, 123, 125, 126], [3, 13, 17, 21, 22, 23, 24, 29, 31, 32, 36, 41, 43, 46, 47, 49, 53, 54, 55, 56, 59, 60, 63, 64, 66, 69, 70, 72, 74, 75, 77, 78, 82, 84, 87, 88, 90, 92, 93, 94, 95, 96, 98, 99, 100, 101, 103, 104, 106, 107, 110, 111, 112, 114, 115, 117, 118, 119, 120, 121, 123, 124, 125, 126], [4, 9, 14, 18, 22, 25, 26, 30, 32, 33, 37, 42, 44, 46, 50, 52, 53, 57, 58, 59, 60, 61, 64, 65, 67, 69, 71, 73, 75, 76, 77, 79, 80, 82, 85, 88, 91, 93, 94, 95, 96, 97, 99, 100, 102, 103, 104, 108, 109, 110, 111, 112, 113, 114, 116, 117, 118, 119, 120, 122, 123, 124, 125, 126], [5, 10, 15, 19, 23, 25, 27, 34, 35, 36, 37, 38, 48, 49, 50, 51, 54, 56, 57, 59, 61, 62, 65, 66, 67, 68, 69, 70, 71, 83, 84, 85, 86, 87, 88, 89, 90, 91, 92, 94, 96, 97, 98, 100, 101, 102, 103, 105, 107, 109, 112, 113, 114, 115, 116, 117, 118, 119, 120, 121, 122, 124, 125, 126], [6, 11, 16, 20, 24, 26, 27, 38, 39, 40, 41, 42, 45, 47, 51, 52, 55, 56, 58, 60, 61, 62, 68, 70, 71, 72, 73, 74, 75, 76, 78, 80, 81, 82, 86, 89, 90, 91, 92, 95, 96, 97, 101, 102, 103, 104, 105, 106, 107, 108, 109, 110, 111, 115, 116, 117, 118, 120, 121, 122, 123, 124, 125, 126]!Vessel: PSV_3
[7, 8, 9, 10, 11, 21, 28, 29, 30, 31, 32, 33, 34, 35, 36, 37, 38, 39, 40, 41, 42, 63, 64, 65, 66, 67, 68, 69, 70, 71, 72, 73, 74, 75, 76, 79, 81, 83, 87, 89, 93, 98, 99, 100, 101, 102, 103, 104, 105, 106, 107, 108, 109, 111, 113, 114, 119, 120, 121, 122, 123, 124, 126], [1, 7, 12, 13, 14, 15, 16, 28, 31, 33, 34, 39, 43, 44, 45, 46, 47, 48, 49, 50, 51, 52, 63, 64, 65, 74, 76, 77, 78, 79, 80, 81, 82, 83, 84, 85, 86, 87, 88, 89, 90, 91, 98, 99, 105, 106, 107, 108, 109, 110, 111, 112, 113, 114, 115, 116, 117, 119, 121, 122, 123, 124, 125, 126], [2, 8, 12, 17, 18, 19, 20, 28, 29, 30, 35, 40, 43, 44, 45, 48, 53, 54, 55, 57, 58, 62, 63, 66, 67, 68, 72, 73, 77, 78, 79, 80, 81, 83, 84, 85, 86, 92, 93, 94, 95, 97, 98, 99, 100, 101, 102, 104, 105, 106, 108, 110, 112, 113, 115, 116, 118, 119, 120, 121, 122, 123, 125, 126], [3, 13, 17, 21, 22, 23, 24, 29, 31, 32, 36, 41, 43, 46, 47, 49, 53, 54, 55, 56, 59, 60, 63, 64, 66, 69, 70, 72, 74, 75, 77, 78, 82, 84, 87, 88, 90, 92, 93, 94, 95, 96, 98, 99, 100, 101, 103, 104, 106, 107, 110, 111, 112, 114, 115, 117, 118, 119, 120, 121, 123, 124, 125, 126], [4, 9, 14, 18, 22, 25, 26, 30, 32, 33, 37, 42, 44, 46, 50, 52, 53, 57, 58, 59, 60, 61, 64, 65, 67, 69, 71, 73, 75, 76, 77, 79, 80, 82, 85, 88, 91, 93, 94, 95, 96, 97, 99, 100, 102, 103, 104, 108, 109, 110, 111, 112, 113, 114, 116, 117, 118, 119, 120, 122, 123, 124, 125, 126], [5, 10, 15, 19, 23, 25, 27, 34, 35, 36, 37, 38, 48, 49, 50, 51, 54, 56, 57, 59, 61, 62, 65, 66, 67, 68, 69, 70, 71, 83, 84, 85, 86, 87, 88, 89, 90, 91, 92, 94, 96, 97, 98, 100, 101, 102, 103, 105, 107, 109, 112, 113, 114, 115, 116, 117, 118, 119, 120, 121, 122, 124, 125, 126], [6, 11, 16, 20, 24, 26, 27, 38, 39, 40, 41, 42, 45, 47, 51, 52, 55, 56, 58, 60, 61, 62, 68, 70, 71, 72, 73, 74, 75, 76, 78, 80, 81, 82, 86, 89, 90, 91, 92, 95, 96, 97, 101, 102, 103, 104, 105, 106, 107, 108, 109, 110, 111, 115, 116, 117, 118, 120, 121, 122, 123, 124, 125, 126]!Vessel: PSV_4
[7, 8, 9, 10, 11, 21, 28, 29, 30, 31, 32, 33, 34, 35, 36, 37, 38, 39, 40, 41, 42, 63, 64, 65, 66, 67, 68, 69, 70, 71, 72, 73, 74, 75, 76, 79, 81, 83, 87, 89, 93, 98, 99, 100, 101, 102, 103, 104, 105, 106, 107, 108, 109, 111, 113, 114, 119, 120, 121, 122, 123, 124, 126], [1, 7, 12, 13, 14, 15, 16, 28, 31, 33, 34, 39, 43, 44, 45, 46, 47, 48, 49, 50, 51, 52, 63, 64, 65, 74, 76, 77, 78, 79, 80, 81, 82, 83, 84, 85, 86, 87, 88, 89, 90, 91, 98, 99, 105, 106, 107, 108, 109, 110, 111, 112, 113, 114, 115, 116, 117, 119, 121, 122, 123, 124, 125, 126], [2, 8, 12, 17, 18, 19, 20, 28, 29, 30, 35, 40, 43, 44, 45, 48, 53, 54, 55, 57, 58, 62, 63, 66, 67, 68, 72, 73, 77, 78, 79, 80, 81, 83, 84, 85, 86, 92, 93, 94, 95, 97, 98, 99, 100, 101, 102, 104, 105, 106, 108, 110, 112, 113, 115, 116, 118, 119, 120, 121, 122, 123, 125, 126], [3, 13, 17, 21, 22, 23, 24, 29, 31, 32, 36, 41, 43, 46, 47, 49, 53, 54, 55, 56, 59, 60, 63, 64, 66, 69, 70, 72, 74, 75, 77, 78, 82, 84, 87, 88, 90, 92, 93, 94, 95, 96, 98, 99, 100, 101, 103, 104, 106, 107, 110, 111, 112, 114, 115, 117, 118, 119, 120, 121, 123, 124, 125, 126], [4, 9, 14, 18, 22, 25, 26, 30, 32, 33, 37, 42, 44, 46, 50, 52, 53, 57, 58, 59, 60, 61, 64, 65, 67, 69, 71, 73, 75, 76, 77, 79, 80, 82, 85, 88, 91, 93, 94, 95, 96, 97, 99, 100, 102, 103, 104, 108, 109, 110, 111, 112, 113, 114, 116, 117, 118, 119, 120, 122, 123, 124, 125, 126], [5, 10, 15, 19, 23, 25, 27, 34, 35, 36, 37, 38, 48, 49, 50, 51, 54, 56, 57, 59, 61, 62, 65, 66, 67, 68, 69, 70, 71, 83, 84, 85, 86, 87, 88, 89, 90, 91, 92, 94, 96, 97, 98, 100, 101, 102, 103, 105, 107, 109, 112, 113, 114, 115, 116, 117, 118, 119, 120, 121, 122, 124, 125, 126], [6, 11, 16, 20, 24, 26, 27, 38, 39, 40, 41, 42, 45, 47, 51, 52, 55, 56, 58, 60, 61, 62, 68, 70, 71, 72, 73, 74, 75, 76, 78, 80, 81, 82, 86, 89, 90, 91, 92, 95, 96, 97, 101, 102, 103, 104, 105, 106, 107, 108, 109, 110, 111, 115, 116, 117, 118, 120, 121, 122, 123, 124, 125, 126]!Vessel: PSV_5
[7, 8, 9, 10, 11, 21, 28, 29, 30, 31, 32, 33, 34, 35, 36, 37, 38, 39, 40, 41, 42, 63, 64, 65, 66, 67, 68, 69, 70, 71, 72, 73, 74, 75, 76, 79, 81, 83, 87, 89, 93, 98, 99, 100, 101, 102, 103, 104, 105, 106, 107, 108, 109, 111, 113, 114, 119, 120, 121, 122, 123, 124, 126], [1, 7, 12, 13, 14, 15, 16, 28, 31, 33, 34, 39, 43, 44, 45, 46, 47, 48, 49, 50, 51, 52, 63, 64, 65, 74, 76, 77, 78, 79, 80, 81, 82, 83, 84, 85, 86, 87, 88, 89, 90, 91, 98, 99, 105, 106, 107, 108, 109, 110, 111, 112, 113, 114, 115, 116, 117, 119, 121, 122, 123, 124, 125, 126], [2, 8, 12, 17, 18, 19, 20, 28, 29, 30, 35, 40, 43, 44, 45, 48, 53, 54, 55, 57, 58, 62, 63, 66, 67, 68, 72, 73, 77, 78, 79, 80, 81, 83, 84, 85, 86, 92, 93, 94, 95, 97, 98, 99, 100, 101, 102, 104, 105, 106, 108, 110, 112, 113, 115, 116, 118, 119, 120, 121, 122, 123, 125, 126], [3, 13, 17, 21, 22, 23, 24, 29, 31, 32, 36, 41, 43, 46, 47, 49, 53, 54, 55, 56, 59, 60, 63, 64, 66, 69, 70, 72, 74, 75, 77, 78, 82, 84, 87, 88, 90, 92, 93, 94, 95, 96, 98, 99, 100, 101, 103, 104, 106, 107, 110, 111, 112, 114, 115, 117, 118, 119, 120, 121, 123, 124, 125, 126], [4, 9, 14, 18, 22, 25, 26, 30, 32, 33, 37, 42, 44, 46, 50, 52, 53, 57, 58, 59, 60, 61, 64, 65, 67, 69, 71, 73, 75, 76, 77, 79, 80, 82, 85, 88, 91, 93, 94, 95, 96, 97, 99, 100, 102, 103, 104, 108, 109, 110, 111, 112, 113, 114, 116, 117, 118, 119, 120, 122, 123, 124, 125, 126], [5, 10, 15, 19, 23, 25, 27, 34, 35, 36, 37, 38, 48, 49, 50, 51, 54, 56, 57, 59, 61, 62, 65, 66, 67, 68, 69, 70, 71, 83, 84, 85, 86, 87, 88, 89, 90, 91, 92, 94, 96, 97, 98, 100, 101, 102, 103, 105, 107, 109, 112, 113, 114, 115, 116, 117, 118, 119, 120, 121, 122, 124, 125, 126], [6, 11, 16, 20, 24, 26, 27, 38, 39, 40, 41, 42, 45, 47, 51, 52, 55, 56, 58, 60, 61, 62, 68, 70, 71, 72, 73, 74, 75, 76, 78, 80, 81, 82, 86, 89, 90, 91, 92, 95, 96, 97, 101, 102, 103, 104, 105, 106, 107, 108, 109, 110, 111, 115, 116, 117, 118, 120, 121, 122, 123, 124, 125, 126]!Vessel: PSV_6
] 

Rvl : [
!l : 2, 3
[1, 2, 3, 4, 5, 6, 7, 8, 9, 10, 11, 12, 13, 14, 15, 16, 17, 18, 19, 20, 21, 22, 23, 24, 25, 26, 27, 28, 29, 30, 31, 32, 33, 34, 35, 36, 37, 38, 39, 40, 41, 42, 43, 44, 45, 46, 47, 48, 49, 50, 51, 52, 53, 54, 55, 56, 57, 58, 59, 60, 61, 62, 63, 64, 65, 66, 67, 68, 69, 70, 71, 72, 73, 74, 75, 76, 77, 78, 79, 80, 81, 82, 83, 84, 85, 86, 87, 88, 89, 90, 91, 92, 93, 94, 95, 96, 97, 100, 101, 102, 103, 104, 109, 115, 116, 117, 118, 120], [98, 99, 105, 106, 107, 108, 110, 111, 112, 113, 114, 119, 121, 122, 123, 124, 125, 126]!Vessel: PSV_1
[1, 2, 3, 4, 5, 6, 7, 8, 9, 10, 11, 12, 13, 14, 15, 16, 17, 18, 19, 20, 21, 22, 23, 24, 25, 26, 27, 28, 29, 30, 31, 32, 33, 34, 35, 36, 37, 38, 39, 40, 41, 42, 43, 44, 45, 46, 47, 48, 49, 50, 51, 52, 53, 54, 55, 56, 57, 58, 59, 60, 61, 62, 63, 64, 65, 66, 67, 68, 69, 70, 71, 72, 73, 74, 75, 76, 77, 78, 79, 80, 81, 82, 83, 84, 85, 86, 87, 88, 89, 90, 91, 92, 93, 94, 95, 96, 97, 100, 101, 102, 103, 104, 109, 115, 116, 117, 118, 120], [98, 99, 105, 106, 107, 108, 110, 111, 112, 113, 114, 119, 121, 122, 123, 124, 125, 126]!Vessel: PSV_2
[1, 2, 3, 4, 5, 6, 7, 8, 9, 10, 11, 12, 13, 14, 15, 16, 17, 18, 19, 20, 21, 22, 23, 24, 25, 26, 27, 28, 29, 30, 31, 32, 33, 34, 35, 36, 37, 38, 39, 40, 41, 42, 43, 44, 45, 46, 47, 48, 49, 50, 51, 52, 53, 54, 55, 56, 57, 58, 59, 60, 61, 62, 63, 64, 65, 66, 67, 68, 69, 70, 71, 72, 73, 74, 75, 76, 77, 78, 79, 80, 81, 82, 83, 84, 85, 86, 87, 88, 89, 90, 91, 92, 93, 94, 95, 96, 97, 100, 101, 102, 103, 104, 109, 115, 116, 117, 118, 120], [98, 99, 105, 106, 107, 108, 110, 111, 112, 113, 114, 119, 121, 122, 123, 124, 125, 126]!Vessel: PSV_3
[1, 2, 3, 4, 5, 6, 7, 8, 9, 10, 11, 12, 13, 14, 15, 16, 17, 18, 19, 20, 21, 22, 23, 24, 25, 26, 27, 28, 29, 30, 31, 32, 33, 34, 35, 36, 37, 38, 39, 40, 41, 42, 43, 44, 45, 46, 47, 48, 49, 50, 51, 52, 53, 54, 55, 56, 57, 58, 59, 60, 61, 62, 63, 64, 65, 66, 67, 68, 69, 70, 71, 72, 73, 74, 75, 76, 77, 78, 79, 80, 81, 82, 83, 84, 85, 86, 87, 88, 89, 90, 91, 92, 93, 94, 95, 96, 97, 100, 101, 102, 103, 104, 109, 115, 116, 117, 118, 120], [98, 99, 105, 106, 107, 108, 110, 111, 112, 113, 114, 119, 121, 122, 123, 124, 125, 126]!Vessel: PSV_4
[1, 2, 3, 4, 5, 6, 7, 8, 9, 10, 11, 12, 13, 14, 15, 16, 17, 18, 19, 20, 21, 22, 23, 24, 25, 26, 27, 28, 29, 30, 31, 32, 33, 34, 35, 36, 37, 38, 39, 40, 41, 42, 43, 44, 45, 46, 47, 48, 49, 50, 51, 52, 53, 54, 55, 56, 57, 58, 59, 60, 61, 62, 63, 64, 65, 66, 67, 68, 69, 70, 71, 72, 73, 74, 75, 76, 77, 78, 79, 80, 81, 82, 83, 84, 85, 86, 87, 88, 89, 90, 91, 92, 93, 94, 95, 96, 97, 100, 101, 102, 103, 104, 109, 115, 116, 117, 118, 120], [98, 99, 105, 106, 107, 108, 110, 111, 112, 113, 114, 119, 121, 122, 123, 124, 125, 126]!Vessel: PSV_5
[1, 2, 3, 4, 5, 6, 7, 8, 9, 10, 11, 12, 13, 14, 15, 16, 17, 18, 19, 20, 21, 22, 23, 24, 25, 26, 27, 28, 29, 30, 31, 32, 33, 34, 35, 36, 37, 38, 39, 40, 41, 42, 43, 44, 45, 46, 47, 48, 49, 50, 51, 52, 53, 54, 55, 56, 57, 58, 59, 60, 61, 62, 63, 64, 65, 66, 67, 68, 69, 70, 71, 72, 73, 74, 75, 76, 77, 78, 79, 80, 81, 82, 83, 84, 85, 86, 87, 88, 89, 90, 91, 92, 93, 94, 95, 96, 97, 100, 101, 102, 103, 104, 109, 115, 116, 117, 118, 120], [98, 99, 105, 106, 107, 108, 110, 111, 112, 113, 114, 119, 121, 122, 123, 124, 125, 126]!Vessel: PSV_6
] 

minF : 1
maxF : 5
Nf : [
!f : 1, 2, 3, 4, 5
[6], [], [2, 3, 4, 5], [1], [7]
]

! Parameters
VoyageCost: [45501, 46383, 46330, 45384, 36702, 39543, 52290, 52401, 51609, 41770, 45394, 66671, 67046, 66486, 55943, 60594, 51056, 50894, 50591, 48974, 52489, 50588, 50850, 49100, 50130, 48283, 43918, 72689, 57075, 56912, 73205, 56747, 72711, 61011, 55659, 55918, 55199, 48986, 66445, 54825, 54951, 54134, 71344, 71181, 69262, 71305, 69817, 69831, 70091, 69371, 63159, 69335, 55315, 55264, 53647, 53475, 55102, 53485, 55109, 53359, 52658, 53182, 77503, 77530, 75595, 60332, 60170, 58250, 60177, 58543, 57727, 59498, 59336, 75668, 59210, 75237, 75603, 74114, 77406, 74080, 75113, 74204, 75850, 74505, 74342, 72423, 76250, 74349, 69010, 72716, 71899, 58022, 61333, 59523, 57906, 57734, 57860, 80664, 81827, 64591, 63091, 62928, 62802, 63757, 78274, 79966, 78712, 79932, 78121, 78502, 80055, 78763, 80567, 80574, 77263, 77101, 76975, 62281, 84988, 67349, 83126, 83092, 84353, 83100, 81522, 87513]
VoyageDuration: [2, 2, 2, 2, 2, 2, 2, 2, 2, 2, 2, 2, 2, 2, 2, 2, 2, 2, 2, 2, 2, 2, 2, 2, 2, 2, 2, 2, 2, 2, 2, 2, 2, 2, 2, 2, 2, 2, 2, 2, 2, 2, 2, 2, 2, 2, 2, 2, 2, 2, 2, 2, 2, 2, 2, 2, 2, 2, 2, 2, 2, 2, 2, 2, 2, 2, 2, 2, 2, 2, 2, 2, 2, 2, 2, 2, 2, 2, 2, 2, 2, 2, 2, 2, 2, 2, 2, 2, 2, 2, 2, 2, 2, 2, 2, 2, 2, 3, 3, 2, 2, 2, 2, 2, 3, 3, 3, 3, 2, 3, 3, 3, 3, 3, 2, 2, 2, 2, 3, 2, 3, 3, 3, 3, 3, 3]
TimeCharterCost: [1400000, 1400000, 1400000, 1400000, 1400000, 1400000]
RequiredVisits: [4, 3, 3, 3, 3, 1, 5]
NumberOfDaysAvailable: [7, 7, 7, 7, 7, 7]
DepotCapacity: [3, 3, 3, 3, 3, 3, 0]
