!Summary:
!Execution time: 0,39 seconds
!Total # voyages: 75 (15 unique)
!Number of installations (excluding depot): 4
!Number of time windows: 0
!Number of vessels: 5

!Min. # installations: 1
!Max. number of installations: 8
!Min. duration: 56
!Max. duration: 80

!Name: FarSymphony	 # voyages: 15
!Name: HavilaForesight	 # voyages: 15
!Name: FarSeeker	 # voyages: 15
!Name: FarStar	 # voyages: 15
!Name: FarSearcher	 # voyages: 15
!------------------------------------------------------------------------------------------------------------------------
nV : 5
nR : 15
nN : 4
nT : 7
minL : 2
maxL : 3

! Sets: 
Rv : [
[1, 2, 3, 4, 5, 6, 7, 8, 9, 10, 11, 12, 13, 14, 15]!Vessel: FarSeeker
[1, 2, 3, 4, 5, 6, 7, 8, 9, 10, 11, 12, 13, 14, 15]!Vessel: FarSearcher
[1, 2, 3, 4, 5, 6, 7, 8, 9, 10, 11, 12, 13, 14, 15]!Vessel: FarSymphony
[1, 2, 3, 4, 5, 6, 7, 8, 9, 10, 11, 12, 13, 14, 15]!Vessel: HavilaForesight
[1, 2, 3, 4, 5, 6, 7, 8, 9, 10, 11, 12, 13, 14, 15]!Vessel: FarStar
] 

Rvi : [
!i : 1, 2, 3, 4
[1, 5, 6, 7, 11, 12, 13, 15], [2, 5, 8, 9, 11, 13, 14, 15], [3, 6, 8, 10, 11, 12, 14, 15], [4, 7, 9, 10, 12, 13, 14, 15]!Vessel: FarSeeker
[1, 5, 6, 7, 11, 12, 13, 15], [2, 5, 8, 9, 11, 13, 14, 15], [3, 6, 8, 10, 11, 12, 14, 15], [4, 7, 9, 10, 12, 13, 14, 15]!Vessel: FarSearcher
[1, 5, 6, 7, 11, 12, 13, 15], [2, 5, 8, 9, 11, 13, 14, 15], [3, 6, 8, 10, 11, 12, 14, 15], [4, 7, 9, 10, 12, 13, 14, 15]!Vessel: FarSymphony
[1, 5, 6, 7, 11, 12, 13, 15], [2, 5, 8, 9, 11, 13, 14, 15], [3, 6, 8, 10, 11, 12, 14, 15], [4, 7, 9, 10, 12, 13, 14, 15]!Vessel: HavilaForesight
[1, 5, 6, 7, 11, 12, 13, 15], [2, 5, 8, 9, 11, 13, 14, 15], [3, 6, 8, 10, 11, 12, 14, 15], [4, 7, 9, 10, 12, 13, 14, 15]!Vessel: FarStar
] 

Rvl : [
!l : 2, 3
[1, 2, 3, 4, 5, 6, 7, 8, 9, 10, 11, 12, 13, 14, 15], []!Vessel: FarSeeker
[1, 2, 3, 4, 5, 6, 7, 8, 9, 10, 11, 12, 13, 14, 15], []!Vessel: FarSearcher
[1, 2, 3, 4, 5, 6, 7, 8, 9, 10, 11, 12, 13, 14, 15], []!Vessel: FarSymphony
[1, 2, 3, 4, 5, 6, 7, 8, 9, 10, 11, 12, 13, 14, 15], []!Vessel: HavilaForesight
[1, 2, 3, 4, 5, 6, 7, 8, 9, 10, 11, 12, 13, 14, 15], []!Vessel: FarStar
] 

Rvls : [
!l : 2, 3
!s : 0, 1, 2, 3, 4, 5, 6, 7, 8, 9, 10, 11, 12, 13, 14, 15, 16, 17, 18, 19, 20, 21, 22, 23
[], [], [], [15], [], [], [12], [13], [], [11], [14], [7], [6], [], [5, 10], [9], [8], [], [4], [3], [], [], [1, 2], [], [], [], [], [], [], [], [], [], [], [], [], [], [], [], [], [], [], [], [], [], [], [], [], []!Vessel: FarSeeker
[], [], [], [15], [], [], [12], [13], [], [11], [14], [7], [6], [], [5, 10], [9], [8], [], [4], [3], [], [], [1, 2], [], [], [], [], [], [], [], [], [], [], [], [], [], [], [], [], [], [], [], [], [], [], [], [], []!Vessel: FarSearcher
[], [], [], [15], [], [], [12], [13], [], [11], [14], [7], [6], [], [5, 10], [9], [8], [], [4], [3], [], [], [1, 2], [], [], [], [], [], [], [], [], [], [], [], [], [], [], [], [], [], [], [], [], [], [], [], [], []!Vessel: FarSymphony
[], [], [], [15], [], [], [12], [13], [], [11], [14], [7], [6], [], [5, 10], [9], [8], [], [4], [3], [], [], [1, 2], [], [], [], [], [], [], [], [], [], [], [], [], [], [], [], [], [], [], [], [], [], [], [], [], []!Vessel: HavilaForesight
[], [], [], [15], [], [], [12], [13], [], [11], [14], [7], [6], [], [5, 10], [9], [8], [], [4], [3], [], [], [1, 2], [], [], [], [], [], [], [], [], [], [], [], [], [], [], [], [], [], [], [], [], [], [], [], [], []!Vessel: FarStar
] 

minF : 5
maxF : 6
Nf : [
!f : 5, 6
[2, 3, 4], [1]
]

! Parameters
VoyageCost: [37970, 37970, 43932, 45447, 54125, 57664, 59179, 47968, 49483, 50598, 61699, 64329, 63214, 54634, 68365]
VoyageDuration: [2, 2, 2, 2, 2, 2, 2, 2, 2, 2, 2, 2, 2, 2, 2]
TimeCharterCost: [120000, 125000, 130000, 110000, 104000]
RequiredVisits: [6, 5, 5, 5]
NumberOfDaysAvailable: [7, 7, 7, 7, 7]
DepotCapacity: [3, 3, 3, 3, 3, 3, 0]
