!Summary:
!Execution time: 0,52 seconds
!Total # voyages: 192 (32 unique)
!Number of installations (excluding depot): 5
!Number of time windows: 0
!Number of vessels: 6

!Min. # installations: 1
!Max. number of installations: 8
!Min. duration: 32
!Max. duration: 80

!Name: PSV_6	 # voyages: 32
!Name: PSV_2	 # voyages: 32
!Name: PSV_3	 # voyages: 32
!Name: PSV_1	 # voyages: 32
!Name: PSV_4	 # voyages: 32
!Name: PSV_5	 # voyages: 32
!------------------------------------------------------------------------------------------------------------------------
nV : 6
nR : 32
nN : 5
nT : 7
minL : 1
maxL : 3

! Sets: 
Rv : [
[1, 2, 3, 4, 5, 6, 7, 8, 9, 10, 11, 12, 13, 14, 15, 16, 17, 18, 19, 20, 21, 22, 23, 24, 25, 26, 27, 28, 29, 30, 31, 32]!Vessel: PSV_1
[1, 2, 3, 4, 5, 6, 7, 8, 9, 10, 11, 12, 13, 14, 15, 16, 17, 18, 19, 20, 21, 22, 23, 24, 25, 26, 27, 28, 29, 30, 31, 32]!Vessel: PSV_2
[1, 2, 3, 4, 5, 6, 7, 8, 9, 10, 11, 12, 13, 14, 15, 16, 17, 18, 19, 20, 21, 22, 23, 24, 25, 26, 27, 28, 29, 30, 31, 32]!Vessel: PSV_3
[1, 2, 3, 4, 5, 6, 7, 8, 9, 10, 11, 12, 13, 14, 15, 16, 17, 18, 19, 20, 21, 22, 23, 24, 25, 26, 27, 28, 29, 30, 31, 32]!Vessel: PSV_4
[1, 2, 3, 4, 5, 6, 7, 8, 9, 10, 11, 12, 13, 14, 15, 16, 17, 18, 19, 20, 21, 22, 23, 24, 25, 26, 27, 28, 29, 30, 31, 32]!Vessel: PSV_5
[1, 2, 3, 4, 5, 6, 7, 8, 9, 10, 11, 12, 13, 14, 15, 16, 17, 18, 19, 20, 21, 22, 23, 24, 25, 26, 27, 28, 29, 30, 31, 32]!Vessel: PSV_6
] 

Rvi : [
!i : 1, 2, 3, 4, 5
[2, 7, 8, 9, 15, 17, 18, 19, 20, 21, 22, 27, 28, 30, 31, 32], [3, 7, 10, 11, 12, 17, 20, 22, 23, 24, 25, 27, 28, 29, 30, 32], [4, 8, 10, 13, 14, 17, 18, 19, 23, 24, 26, 27, 29, 30, 31, 32], [5, 11, 13, 15, 16, 18, 20, 21, 23, 25, 26, 27, 28, 29, 31, 32], [6, 9, 12, 14, 16, 19, 21, 22, 24, 25, 26, 28, 29, 30, 31, 32]!Vessel: PSV_1
[2, 7, 8, 9, 15, 17, 18, 19, 20, 21, 22, 27, 28, 30, 31, 32], [3, 7, 10, 11, 12, 17, 20, 22, 23, 24, 25, 27, 28, 29, 30, 32], [4, 8, 10, 13, 14, 17, 18, 19, 23, 24, 26, 27, 29, 30, 31, 32], [5, 11, 13, 15, 16, 18, 20, 21, 23, 25, 26, 27, 28, 29, 31, 32], [6, 9, 12, 14, 16, 19, 21, 22, 24, 25, 26, 28, 29, 30, 31, 32]!Vessel: PSV_2
[2, 7, 8, 9, 15, 17, 18, 19, 20, 21, 22, 27, 28, 30, 31, 32], [3, 7, 10, 11, 12, 17, 20, 22, 23, 24, 25, 27, 28, 29, 30, 32], [4, 8, 10, 13, 14, 17, 18, 19, 23, 24, 26, 27, 29, 30, 31, 32], [5, 11, 13, 15, 16, 18, 20, 21, 23, 25, 26, 27, 28, 29, 31, 32], [6, 9, 12, 14, 16, 19, 21, 22, 24, 25, 26, 28, 29, 30, 31, 32]!Vessel: PSV_3
[2, 7, 8, 9, 15, 17, 18, 19, 20, 21, 22, 27, 28, 30, 31, 32], [3, 7, 10, 11, 12, 17, 20, 22, 23, 24, 25, 27, 28, 29, 30, 32], [4, 8, 10, 13, 14, 17, 18, 19, 23, 24, 26, 27, 29, 30, 31, 32], [5, 11, 13, 15, 16, 18, 20, 21, 23, 25, 26, 27, 28, 29, 31, 32], [6, 9, 12, 14, 16, 19, 21, 22, 24, 25, 26, 28, 29, 30, 31, 32]!Vessel: PSV_4
[2, 7, 8, 9, 15, 17, 18, 19, 20, 21, 22, 27, 28, 30, 31, 32], [3, 7, 10, 11, 12, 17, 20, 22, 23, 24, 25, 27, 28, 29, 30, 32], [4, 8, 10, 13, 14, 17, 18, 19, 23, 24, 26, 27, 29, 30, 31, 32], [5, 11, 13, 15, 16, 18, 20, 21, 23, 25, 26, 27, 28, 29, 31, 32], [6, 9, 12, 14, 16, 19, 21, 22, 24, 25, 26, 28, 29, 30, 31, 32]!Vessel: PSV_5
[2, 7, 8, 9, 15, 17, 18, 19, 20, 21, 22, 27, 28, 30, 31, 32], [3, 7, 10, 11, 12, 17, 20, 22, 23, 24, 25, 27, 28, 29, 30, 32], [4, 8, 10, 13, 14, 17, 18, 19, 23, 24, 26, 27, 29, 30, 31, 32], [5, 11, 13, 15, 16, 18, 20, 21, 23, 25, 26, 27, 28, 29, 31, 32], [6, 9, 12, 14, 16, 19, 21, 22, 24, 25, 26, 28, 29, 30, 31, 32]!Vessel: PSV_6
] 

Rvl : [
!l : 1, 2, 3
[1, 2], [3, 4, 5, 6, 7, 8, 9, 10, 11, 12, 13, 14, 15, 16, 17, 18, 19, 20, 21, 22, 23, 24, 25, 26, 27, 28, 29, 30, 31], [32]!Vessel: PSV_1
[1, 2], [3, 4, 5, 6, 7, 8, 9, 10, 11, 12, 13, 14, 15, 16, 17, 18, 19, 20, 21, 22, 23, 24, 25, 26, 27, 28, 29, 30, 31], [32]!Vessel: PSV_2
[1, 2], [3, 4, 5, 6, 7, 8, 9, 10, 11, 12, 13, 14, 15, 16, 17, 18, 19, 20, 21, 22, 23, 24, 25, 26, 27, 28, 29, 30, 31], [32]!Vessel: PSV_3
[1, 2], [3, 4, 5, 6, 7, 8, 9, 10, 11, 12, 13, 14, 15, 16, 17, 18, 19, 20, 21, 22, 23, 24, 25, 26, 27, 28, 29, 30, 31], [32]!Vessel: PSV_4
[1, 2], [3, 4, 5, 6, 7, 8, 9, 10, 11, 12, 13, 14, 15, 16, 17, 18, 19, 20, 21, 22, 23, 24, 25, 26, 27, 28, 29, 30, 31], [32]!Vessel: PSV_5
[1, 2], [3, 4, 5, 6, 7, 8, 9, 10, 11, 12, 13, 14, 15, 16, 17, 18, 19, 20, 21, 22, 23, 24, 25, 26, 27, 28, 29, 30, 31], [32]!Vessel: PSV_6
] 

minF : 3
maxF : 4
Nf : [
!f : 3, 4
[2, 3, 4, 5], [1]
]

! Parameters
VoyageCost: [0, 25562, 45501, 46383, 46330, 45384, 52290, 52401, 51609, 66671, 67046, 66486, 51056, 50894, 52489, 50588, 72689, 57075, 56912, 73205, 56747, 72711, 71344, 71181, 71305, 55315, 77503, 77530, 75603, 77406, 61333, 81827]
VoyageDuration: [1, 1, 2, 2, 2, 2, 2, 2, 2, 2, 2, 2, 2, 2, 2, 2, 2, 2, 2, 2, 2, 2, 2, 2, 2, 2, 2, 2, 2, 2, 2, 3]
TimeCharterCost: [1400000, 1400000, 1400000, 1400000, 1400000, 1400000]
RequiredVisits: [4, 3, 3, 3, 3]
NumberOfDaysAvailable: [7, 7, 7, 7, 7, 7]
DepotCapacity: [3, 3, 3, 3, 3, 3, 0]
OptimalFleet: [1, 1, 0, 0, 0, 0]