11 - Add 3 installations
Optimal front
0.60	8	405146
0.60	6	408848
0.80	6	409987
0.80	4	413574
0.83	20	431077
0.83	18	431343
0.83	17	440457
1.00	22	431579
1.00	20	434942
1.00	19	444056
-
HGSADC run 1
405146	8	0.6
408847	6	0.6
409986	6	0.8
413574	4	0.8
431079	20	0.83
431343	18	0.83
431580	22	1.0
436571	20	1.0
-
HGSADC run 2
405146	8	0.6
408847	6	0.6
409986	6	0.8
413574	4	0.8
431079	20	0.83
431343	18	0.83
431580	22	1.0
436571	20	1.0
-
HGSADC run 3
405146	8	0.6
408847	6	0.6
409986	6	0.8
413574	4	0.8
431079	20	0.83
431343	18	0.83
431580	22	1.0
436571	20	1.0
-