!Summary:
!Execution time: 0,55 seconds
!Total # voyages: 372 (62 unique)
!Number of installations (excluding depot): 6
!Number of time windows: 0
!Number of vessels: 6

!Min. # installations: 1
!Max. number of installations: 8
!Min. duration: 56
!Max. duration: 80

!Name: PSV_6	 # voyages: 62
!Name: PSV_2	 # voyages: 62
!Name: PSV_3	 # voyages: 62
!Name: PSV_1	 # voyages: 62
!Name: PSV_4	 # voyages: 62
!Name: PSV_5	 # voyages: 62
!------------------------------------------------------------------------------------------------------------------------
nV : 6
nR : 62
nN : 6
nT : 7
minL : 2
maxL : 3

! Sets: 
Rv : [
[1, 2, 3, 4, 5, 6, 7, 8, 9, 10, 11, 12, 13, 14, 15, 16, 17, 18, 19, 20, 21, 22, 23, 24, 25, 26, 27, 28, 29, 30, 31, 32, 33, 34, 35, 36, 37, 38, 39, 40, 41, 42, 43, 44, 45, 46, 47, 48, 49, 50, 51, 52, 53, 54, 55, 56, 57, 58, 59, 60, 61, 62]!Vessel: PSV_1
[1, 2, 3, 4, 5, 6, 7, 8, 9, 10, 11, 12, 13, 14, 15, 16, 17, 18, 19, 20, 21, 22, 23, 24, 25, 26, 27, 28, 29, 30, 31, 32, 33, 34, 35, 36, 37, 38, 39, 40, 41, 42, 43, 44, 45, 46, 47, 48, 49, 50, 51, 52, 53, 54, 55, 56, 57, 58, 59, 60, 61, 62]!Vessel: PSV_2
[1, 2, 3, 4, 5, 6, 7, 8, 9, 10, 11, 12, 13, 14, 15, 16, 17, 18, 19, 20, 21, 22, 23, 24, 25, 26, 27, 28, 29, 30, 31, 32, 33, 34, 35, 36, 37, 38, 39, 40, 41, 42, 43, 44, 45, 46, 47, 48, 49, 50, 51, 52, 53, 54, 55, 56, 57, 58, 59, 60, 61, 62]!Vessel: PSV_3
[1, 2, 3, 4, 5, 6, 7, 8, 9, 10, 11, 12, 13, 14, 15, 16, 17, 18, 19, 20, 21, 22, 23, 24, 25, 26, 27, 28, 29, 30, 31, 32, 33, 34, 35, 36, 37, 38, 39, 40, 41, 42, 43, 44, 45, 46, 47, 48, 49, 50, 51, 52, 53, 54, 55, 56, 57, 58, 59, 60, 61, 62]!Vessel: PSV_4
[1, 2, 3, 4, 5, 6, 7, 8, 9, 10, 11, 12, 13, 14, 15, 16, 17, 18, 19, 20, 21, 22, 23, 24, 25, 26, 27, 28, 29, 30, 31, 32, 33, 34, 35, 36, 37, 38, 39, 40, 41, 42, 43, 44, 45, 46, 47, 48, 49, 50, 51, 52, 53, 54, 55, 56, 57, 58, 59, 60, 61, 62]!Vessel: PSV_5
[1, 2, 3, 4, 5, 6, 7, 8, 9, 10, 11, 12, 13, 14, 15, 16, 17, 18, 19, 20, 21, 22, 23, 24, 25, 26, 27, 28, 29, 30, 31, 32, 33, 34, 35, 36, 37, 38, 39, 40, 41, 42, 43, 44, 45, 46, 47, 48, 49, 50, 51, 52, 53, 54, 55, 56, 57, 58, 59, 60, 61, 62]!Vessel: PSV_6
] 

Rvi : [
!i : 1, 2, 3, 4, 5, 6
[6, 7, 8, 9, 17, 21, 22, 23, 24, 25, 26, 27, 28, 29, 30, 41, 42, 43, 44, 45, 46, 48, 49, 52, 54, 56, 57, 58, 60, 61, 62], [1, 6, 10, 11, 12, 13, 21, 24, 26, 27, 31, 32, 33, 34, 35, 36, 41, 42, 43, 47, 48, 49, 50, 51, 52, 53, 56, 57, 59, 60, 61, 62], [2, 7, 10, 14, 15, 16, 21, 22, 23, 28, 31, 32, 34, 37, 38, 39, 41, 44, 45, 47, 48, 49, 50, 51, 54, 55, 56, 57, 58, 59, 60, 62], [3, 11, 14, 17, 18, 19, 22, 24, 25, 29, 31, 33, 35, 37, 38, 40, 41, 42, 44, 46, 47, 50, 52, 53, 54, 55, 56, 57, 58, 59, 61, 62], [4, 8, 12, 15, 18, 20, 23, 25, 26, 30, 32, 33, 36, 37, 39, 40, 42, 43, 45, 46, 47, 48, 51, 53, 54, 55, 57, 58, 59, 60, 61, 62], [5, 9, 13, 16, 19, 20, 27, 28, 29, 30, 34, 35, 36, 38, 39, 40, 43, 44, 45, 46, 49, 50, 51, 52, 53, 55, 56, 58, 59, 60, 61, 62]!Vessel: PSV_1
[6, 7, 8, 9, 17, 21, 22, 23, 24, 25, 26, 27, 28, 29, 30, 41, 42, 43, 44, 45, 46, 48, 49, 52, 54, 56, 57, 58, 60, 61, 62], [1, 6, 10, 11, 12, 13, 21, 24, 26, 27, 31, 32, 33, 34, 35, 36, 41, 42, 43, 47, 48, 49, 50, 51, 52, 53, 56, 57, 59, 60, 61, 62], [2, 7, 10, 14, 15, 16, 21, 22, 23, 28, 31, 32, 34, 37, 38, 39, 41, 44, 45, 47, 48, 49, 50, 51, 54, 55, 56, 57, 58, 59, 60, 62], [3, 11, 14, 17, 18, 19, 22, 24, 25, 29, 31, 33, 35, 37, 38, 40, 41, 42, 44, 46, 47, 50, 52, 53, 54, 55, 56, 57, 58, 59, 61, 62], [4, 8, 12, 15, 18, 20, 23, 25, 26, 30, 32, 33, 36, 37, 39, 40, 42, 43, 45, 46, 47, 48, 51, 53, 54, 55, 57, 58, 59, 60, 61, 62], [5, 9, 13, 16, 19, 20, 27, 28, 29, 30, 34, 35, 36, 38, 39, 40, 43, 44, 45, 46, 49, 50, 51, 52, 53, 55, 56, 58, 59, 60, 61, 62]!Vessel: PSV_2
[6, 7, 8, 9, 17, 21, 22, 23, 24, 25, 26, 27, 28, 29, 30, 41, 42, 43, 44, 45, 46, 48, 49, 52, 54, 56, 57, 58, 60, 61, 62], [1, 6, 10, 11, 12, 13, 21, 24, 26, 27, 31, 32, 33, 34, 35, 36, 41, 42, 43, 47, 48, 49, 50, 51, 52, 53, 56, 57, 59, 60, 61, 62], [2, 7, 10, 14, 15, 16, 21, 22, 23, 28, 31, 32, 34, 37, 38, 39, 41, 44, 45, 47, 48, 49, 50, 51, 54, 55, 56, 57, 58, 59, 60, 62], [3, 11, 14, 17, 18, 19, 22, 24, 25, 29, 31, 33, 35, 37, 38, 40, 41, 42, 44, 46, 47, 50, 52, 53, 54, 55, 56, 57, 58, 59, 61, 62], [4, 8, 12, 15, 18, 20, 23, 25, 26, 30, 32, 33, 36, 37, 39, 40, 42, 43, 45, 46, 47, 48, 51, 53, 54, 55, 57, 58, 59, 60, 61, 62], [5, 9, 13, 16, 19, 20, 27, 28, 29, 30, 34, 35, 36, 38, 39, 40, 43, 44, 45, 46, 49, 50, 51, 52, 53, 55, 56, 58, 59, 60, 61, 62]!Vessel: PSV_3
[6, 7, 8, 9, 17, 21, 22, 23, 24, 25, 26, 27, 28, 29, 30, 41, 42, 43, 44, 45, 46, 48, 49, 52, 54, 56, 57, 58, 60, 61, 62], [1, 6, 10, 11, 12, 13, 21, 24, 26, 27, 31, 32, 33, 34, 35, 36, 41, 42, 43, 47, 48, 49, 50, 51, 52, 53, 56, 57, 59, 60, 61, 62], [2, 7, 10, 14, 15, 16, 21, 22, 23, 28, 31, 32, 34, 37, 38, 39, 41, 44, 45, 47, 48, 49, 50, 51, 54, 55, 56, 57, 58, 59, 60, 62], [3, 11, 14, 17, 18, 19, 22, 24, 25, 29, 31, 33, 35, 37, 38, 40, 41, 42, 44, 46, 47, 50, 52, 53, 54, 55, 56, 57, 58, 59, 61, 62], [4, 8, 12, 15, 18, 20, 23, 25, 26, 30, 32, 33, 36, 37, 39, 40, 42, 43, 45, 46, 47, 48, 51, 53, 54, 55, 57, 58, 59, 60, 61, 62], [5, 9, 13, 16, 19, 20, 27, 28, 29, 30, 34, 35, 36, 38, 39, 40, 43, 44, 45, 46, 49, 50, 51, 52, 53, 55, 56, 58, 59, 60, 61, 62]!Vessel: PSV_4
[6, 7, 8, 9, 17, 21, 22, 23, 24, 25, 26, 27, 28, 29, 30, 41, 42, 43, 44, 45, 46, 48, 49, 52, 54, 56, 57, 58, 60, 61, 62], [1, 6, 10, 11, 12, 13, 21, 24, 26, 27, 31, 32, 33, 34, 35, 36, 41, 42, 43, 47, 48, 49, 50, 51, 52, 53, 56, 57, 59, 60, 61, 62], [2, 7, 10, 14, 15, 16, 21, 22, 23, 28, 31, 32, 34, 37, 38, 39, 41, 44, 45, 47, 48, 49, 50, 51, 54, 55, 56, 57, 58, 59, 60, 62], [3, 11, 14, 17, 18, 19, 22, 24, 25, 29, 31, 33, 35, 37, 38, 40, 41, 42, 44, 46, 47, 50, 52, 53, 54, 55, 56, 57, 58, 59, 61, 62], [4, 8, 12, 15, 18, 20, 23, 25, 26, 30, 32, 33, 36, 37, 39, 40, 42, 43, 45, 46, 47, 48, 51, 53, 54, 55, 57, 58, 59, 60, 61, 62], [5, 9, 13, 16, 19, 20, 27, 28, 29, 30, 34, 35, 36, 38, 39, 40, 43, 44, 45, 46, 49, 50, 51, 52, 53, 55, 56, 58, 59, 60, 61, 62]!Vessel: PSV_5
[6, 7, 8, 9, 17, 21, 22, 23, 24, 25, 26, 27, 28, 29, 30, 41, 42, 43, 44, 45, 46, 48, 49, 52, 54, 56, 57, 58, 60, 61, 62], [1, 6, 10, 11, 12, 13, 21, 24, 26, 27, 31, 32, 33, 34, 35, 36, 41, 42, 43, 47, 48, 49, 50, 51, 52, 53, 56, 57, 59, 60, 61, 62], [2, 7, 10, 14, 15, 16, 21, 22, 23, 28, 31, 32, 34, 37, 38, 39, 41, 44, 45, 47, 48, 49, 50, 51, 54, 55, 56, 57, 58, 59, 60, 62], [3, 11, 14, 17, 18, 19, 22, 24, 25, 29, 31, 33, 35, 37, 38, 40, 41, 42, 44, 46, 47, 50, 52, 53, 54, 55, 56, 57, 58, 59, 61, 62], [4, 8, 12, 15, 18, 20, 23, 25, 26, 30, 32, 33, 36, 37, 39, 40, 42, 43, 45, 46, 47, 48, 51, 53, 54, 55, 57, 58, 59, 60, 61, 62], [5, 9, 13, 16, 19, 20, 27, 28, 29, 30, 34, 35, 36, 38, 39, 40, 43, 44, 45, 46, 49, 50, 51, 52, 53, 55, 56, 58, 59, 60, 61, 62]!Vessel: PSV_6
] 

Rvl : [
!l : 2, 3
[1, 2, 3, 4, 5, 6, 7, 8, 9, 10, 11, 12, 13, 14, 15, 16, 17, 18, 19, 20, 21, 22, 23, 24, 25, 26, 27, 28, 29, 30, 31, 32, 33, 34, 35, 36, 37, 38, 39, 40, 41, 42, 43, 44, 45, 46, 47, 48, 49, 50, 51, 52, 53, 54, 55, 58], [56, 57, 59, 60, 61, 62]!Vessel: PSV_1
[1, 2, 3, 4, 5, 6, 7, 8, 9, 10, 11, 12, 13, 14, 15, 16, 17, 18, 19, 20, 21, 22, 23, 24, 25, 26, 27, 28, 29, 30, 31, 32, 33, 34, 35, 36, 37, 38, 39, 40, 41, 42, 43, 44, 45, 46, 47, 48, 49, 50, 51, 52, 53, 54, 55, 58], [56, 57, 59, 60, 61, 62]!Vessel: PSV_2
[1, 2, 3, 4, 5, 6, 7, 8, 9, 10, 11, 12, 13, 14, 15, 16, 17, 18, 19, 20, 21, 22, 23, 24, 25, 26, 27, 28, 29, 30, 31, 32, 33, 34, 35, 36, 37, 38, 39, 40, 41, 42, 43, 44, 45, 46, 47, 48, 49, 50, 51, 52, 53, 54, 55, 58], [56, 57, 59, 60, 61, 62]!Vessel: PSV_3
[1, 2, 3, 4, 5, 6, 7, 8, 9, 10, 11, 12, 13, 14, 15, 16, 17, 18, 19, 20, 21, 22, 23, 24, 25, 26, 27, 28, 29, 30, 31, 32, 33, 34, 35, 36, 37, 38, 39, 40, 41, 42, 43, 44, 45, 46, 47, 48, 49, 50, 51, 52, 53, 54, 55, 58], [56, 57, 59, 60, 61, 62]!Vessel: PSV_4
[1, 2, 3, 4, 5, 6, 7, 8, 9, 10, 11, 12, 13, 14, 15, 16, 17, 18, 19, 20, 21, 22, 23, 24, 25, 26, 27, 28, 29, 30, 31, 32, 33, 34, 35, 36, 37, 38, 39, 40, 41, 42, 43, 44, 45, 46, 47, 48, 49, 50, 51, 52, 53, 54, 55, 58], [56, 57, 59, 60, 61, 62]!Vessel: PSV_5
[1, 2, 3, 4, 5, 6, 7, 8, 9, 10, 11, 12, 13, 14, 15, 16, 17, 18, 19, 20, 21, 22, 23, 24, 25, 26, 27, 28, 29, 30, 31, 32, 33, 34, 35, 36, 37, 38, 39, 40, 41, 42, 43, 44, 45, 46, 47, 48, 49, 50, 51, 52, 53, 54, 55, 58], [56, 57, 59, 60, 61, 62]!Vessel: PSV_6
] 

minF : 1
maxF : 4
Nf : [
!f : 1, 2, 3, 4
[6], [], [2, 3, 4, 5], [1]
]

! Parameters
VoyageCost: [45501, 46383, 46330, 45384, 36702, 52290, 52401, 51609, 41770, 66671, 67046, 66486, 55943, 51056, 50894, 50591, 52489, 50588, 50850, 50130, 72689, 57075, 56912, 73205, 56747, 72711, 61011, 55659, 55918, 55199, 71344, 71181, 71305, 69831, 70091, 69371, 55315, 55264, 55102, 55109, 77503, 77530, 75595, 60332, 60170, 60177, 75603, 77406, 75850, 74505, 74342, 76250, 74349, 61333, 59523, 80664, 81827, 64591, 78763, 80567, 80574, 84988]
VoyageDuration: [2, 2, 2, 2, 2, 2, 2, 2, 2, 2, 2, 2, 2, 2, 2, 2, 2, 2, 2, 2, 2, 2, 2, 2, 2, 2, 2, 2, 2, 2, 2, 2, 2, 2, 2, 2, 2, 2, 2, 2, 2, 2, 2, 2, 2, 2, 2, 2, 2, 2, 2, 2, 2, 2, 2, 3, 3, 2, 3, 3, 3, 3]
TimeCharterCost: [1400000, 1400000, 1400000, 1400000, 1400000, 1400000]
RequiredVisits: [4, 3, 3, 3, 3, 1]
NumberOfDaysAvailable: [7, 7, 7, 7, 7, 7]
DepotCapacity: [3, 3, 3, 3, 3, 3, 0]
OptimalFleet: [1, 1, 0, 0, 0, 0]