!Summary:
!Execution time: 0,50 seconds
!Total # voyages: 180 (30 unique)
!Number of installations (excluding depot): 5
!Number of time windows: 0
!Number of vessels: 6

!Min. # installations: 1
!Max. number of installations: 8
!Min. duration: 56
!Max. duration: 80

!Name: PSV_6	 # voyages: 30
!Name: PSV_2	 # voyages: 30
!Name: PSV_3	 # voyages: 30
!Name: PSV_1	 # voyages: 30
!Name: PSV_4	 # voyages: 30
!Name: PSV_5	 # voyages: 30
!------------------------------------------------------------------------------------------------------------------------
nV : 6
nR : 30
nN : 5
nT : 7
minL : 2
maxL : 3

! Sets: 
Rv : [
[1, 2, 3, 4, 5, 6, 7, 8, 9, 10, 11, 12, 13, 14, 15, 16, 17, 18, 19, 20, 21, 22, 23, 24, 25, 26, 27, 28, 29, 30]!Vessel: PSV_1
[1, 2, 3, 4, 5, 6, 7, 8, 9, 10, 11, 12, 13, 14, 15, 16, 17, 18, 19, 20, 21, 22, 23, 24, 25, 26, 27, 28, 29, 30]!Vessel: PSV_2
[1, 2, 3, 4, 5, 6, 7, 8, 9, 10, 11, 12, 13, 14, 15, 16, 17, 18, 19, 20, 21, 22, 23, 24, 25, 26, 27, 28, 29, 30]!Vessel: PSV_3
[1, 2, 3, 4, 5, 6, 7, 8, 9, 10, 11, 12, 13, 14, 15, 16, 17, 18, 19, 20, 21, 22, 23, 24, 25, 26, 27, 28, 29, 30]!Vessel: PSV_4
[1, 2, 3, 4, 5, 6, 7, 8, 9, 10, 11, 12, 13, 14, 15, 16, 17, 18, 19, 20, 21, 22, 23, 24, 25, 26, 27, 28, 29, 30]!Vessel: PSV_5
[1, 2, 3, 4, 5, 6, 7, 8, 9, 10, 11, 12, 13, 14, 15, 16, 17, 18, 19, 20, 21, 22, 23, 24, 25, 26, 27, 28, 29, 30]!Vessel: PSV_6
] 

Rvi : [
!i : 1, 2, 3, 4, 5
[5, 6, 7, 13, 15, 16, 17, 18, 19, 20, 25, 26, 28, 29, 30], [1, 5, 8, 9, 10, 15, 18, 20, 21, 22, 23, 25, 26, 27, 28, 30], [2, 6, 8, 11, 12, 15, 16, 17, 21, 22, 24, 25, 27, 28, 29, 30], [3, 9, 11, 13, 14, 16, 18, 19, 21, 23, 24, 25, 26, 27, 29, 30], [4, 7, 10, 12, 14, 17, 19, 20, 22, 23, 24, 26, 27, 28, 29, 30]!Vessel: PSV_1
[5, 6, 7, 13, 15, 16, 17, 18, 19, 20, 25, 26, 28, 29, 30], [1, 5, 8, 9, 10, 15, 18, 20, 21, 22, 23, 25, 26, 27, 28, 30], [2, 6, 8, 11, 12, 15, 16, 17, 21, 22, 24, 25, 27, 28, 29, 30], [3, 9, 11, 13, 14, 16, 18, 19, 21, 23, 24, 25, 26, 27, 29, 30], [4, 7, 10, 12, 14, 17, 19, 20, 22, 23, 24, 26, 27, 28, 29, 30]!Vessel: PSV_2
[5, 6, 7, 13, 15, 16, 17, 18, 19, 20, 25, 26, 28, 29, 30], [1, 5, 8, 9, 10, 15, 18, 20, 21, 22, 23, 25, 26, 27, 28, 30], [2, 6, 8, 11, 12, 15, 16, 17, 21, 22, 24, 25, 27, 28, 29, 30], [3, 9, 11, 13, 14, 16, 18, 19, 21, 23, 24, 25, 26, 27, 29, 30], [4, 7, 10, 12, 14, 17, 19, 20, 22, 23, 24, 26, 27, 28, 29, 30]!Vessel: PSV_3
[5, 6, 7, 13, 15, 16, 17, 18, 19, 20, 25, 26, 28, 29, 30], [1, 5, 8, 9, 10, 15, 18, 20, 21, 22, 23, 25, 26, 27, 28, 30], [2, 6, 8, 11, 12, 15, 16, 17, 21, 22, 24, 25, 27, 28, 29, 30], [3, 9, 11, 13, 14, 16, 18, 19, 21, 23, 24, 25, 26, 27, 29, 30], [4, 7, 10, 12, 14, 17, 19, 20, 22, 23, 24, 26, 27, 28, 29, 30]!Vessel: PSV_4
[5, 6, 7, 13, 15, 16, 17, 18, 19, 20, 25, 26, 28, 29, 30], [1, 5, 8, 9, 10, 15, 18, 20, 21, 22, 23, 25, 26, 27, 28, 30], [2, 6, 8, 11, 12, 15, 16, 17, 21, 22, 24, 25, 27, 28, 29, 30], [3, 9, 11, 13, 14, 16, 18, 19, 21, 23, 24, 25, 26, 27, 29, 30], [4, 7, 10, 12, 14, 17, 19, 20, 22, 23, 24, 26, 27, 28, 29, 30]!Vessel: PSV_5
[5, 6, 7, 13, 15, 16, 17, 18, 19, 20, 25, 26, 28, 29, 30], [1, 5, 8, 9, 10, 15, 18, 20, 21, 22, 23, 25, 26, 27, 28, 30], [2, 6, 8, 11, 12, 15, 16, 17, 21, 22, 24, 25, 27, 28, 29, 30], [3, 9, 11, 13, 14, 16, 18, 19, 21, 23, 24, 25, 26, 27, 29, 30], [4, 7, 10, 12, 14, 17, 19, 20, 22, 23, 24, 26, 27, 28, 29, 30]!Vessel: PSV_6
] 

Rvl : [
!l : 2, 3
[1, 2, 3, 4, 5, 6, 7, 8, 9, 10, 11, 12, 13, 14, 15, 16, 17, 18, 19, 20, 21, 22, 23, 24, 25, 26, 27, 28, 29], [30]!Vessel: PSV_1
[1, 2, 3, 4, 5, 6, 7, 8, 9, 10, 11, 12, 13, 14, 15, 16, 17, 18, 19, 20, 21, 22, 23, 24, 25, 26, 27, 28, 29], [30]!Vessel: PSV_2
[1, 2, 3, 4, 5, 6, 7, 8, 9, 10, 11, 12, 13, 14, 15, 16, 17, 18, 19, 20, 21, 22, 23, 24, 25, 26, 27, 28, 29], [30]!Vessel: PSV_3
[1, 2, 3, 4, 5, 6, 7, 8, 9, 10, 11, 12, 13, 14, 15, 16, 17, 18, 19, 20, 21, 22, 23, 24, 25, 26, 27, 28, 29], [30]!Vessel: PSV_4
[1, 2, 3, 4, 5, 6, 7, 8, 9, 10, 11, 12, 13, 14, 15, 16, 17, 18, 19, 20, 21, 22, 23, 24, 25, 26, 27, 28, 29], [30]!Vessel: PSV_5
[1, 2, 3, 4, 5, 6, 7, 8, 9, 10, 11, 12, 13, 14, 15, 16, 17, 18, 19, 20, 21, 22, 23, 24, 25, 26, 27, 28, 29], [30]!Vessel: PSV_6
] 

minF : 3
maxF : 4
Nf : [
!f : 3, 4
[2, 3, 4, 5], [1]
]

! Parameters
VoyageCost: [45501, 46383, 46330, 45384, 52290, 52401, 51609, 66671, 67046, 66486, 51056, 50894, 52489, 50588, 72689, 57075, 56912, 73205, 56747, 72711, 71344, 71181, 71305, 55315, 77503, 77530, 75603, 77406, 61333, 81827]
VoyageDuration: [2, 2, 2, 2, 2, 2, 2, 2, 2, 2, 2, 2, 2, 2, 2, 2, 2, 2, 2, 2, 2, 2, 2, 2, 2, 2, 2, 2, 2, 3]
TimeCharterCost: [1400000, 1400000, 1400000, 1400000, 1400000, 1400000]
RequiredVisits: [4, 3, 3, 3, 3]
NumberOfDaysAvailable: [7, 7, 7, 7, 7, 7]
DepotCapacity: [3, 3, 3, 3, 3, 3, 0]
OptimalFleet: [1, 1, 0, 0, 0, 0]