!Summary:
!Execution time: 0,39 seconds
!Total # voyages: 335 (249 unique)
!Number of installations (excluding depot): 8
!Number of time windows: 0
!Number of vessels: 5

!Min. # installations: 1
!Max. number of installations: 8
!Min. duration: 56
!Max. duration: 80

!Name: FarStar	 # voyages: 84
!Name: FarSymphony	 # voyages: 81
!Name: FarSearcher	 # voyages: 52
!Name: FarSeeker	 # voyages: 52
!Name: HavilaForesight	 # voyages: 66
!------------------------------------------------------------------------------------------------------------------------
nV : 5
nR : 249
nN : 8
nT : 7
minL : 2
maxL : 3

! Sets: 
Rv : [
[161, 162, 163, 164, 165, 166, 168, 171, 180, 181, 183, 184, 187, 188, 192, 195, 199, 200, 202, 203, 206, 207, 210, 215, 216, 217, 218, 219, 220, 221, 224, 225, 227, 228, 229, 231, 233, 234, 236, 237, 238, 239, 240, 241, 242, 243, 244, 245, 246, 247, 248, 249]!Vessel: FarSeeker
[161, 162, 163, 164, 165, 166, 168, 171, 180, 181, 183, 184, 187, 188, 192, 195, 199, 200, 202, 203, 206, 207, 210, 215, 216, 217, 218, 219, 220, 221, 224, 225, 227, 228, 229, 231, 233, 234, 236, 237, 238, 239, 240, 241, 242, 243, 244, 245, 246, 247, 248, 249]!Vessel: FarSearcher
[100, 102, 103, 104, 106, 107, 114, 121, 124, 125, 129, 131, 134, 136, 141, 152, 154, 160, 161, 162, 163, 164, 165, 166, 167, 168, 170, 171, 176, 177, 178, 180, 181, 183, 184, 185, 187, 188, 191, 192, 195, 196, 199, 200, 202, 203, 204, 205, 206, 207, 208, 210, 211, 213, 214, 215, 217, 220, 221, 222, 223, 224, 225, 226, 227, 228, 229, 230, 231, 232, 233, 234, 235, 236, 237, 238, 239, 240, 241, 242, 246]!Vessel: FarSymphony
[102, 121, 134, 161, 162, 163, 164, 165, 166, 167, 168, 171, 176, 180, 181, 183, 184, 185, 187, 188, 192, 195, 196, 199, 200, 202, 203, 204, 205, 206, 207, 208, 210, 211, 213, 215, 216, 217, 218, 219, 220, 221, 223, 224, 225, 226, 227, 228, 229, 231, 232, 233, 234, 236, 237, 238, 239, 240, 241, 242, 243, 244, 245, 246, 248, 249]!Vessel: HavilaForesight
[94, 100, 102, 103, 104, 106, 107, 114, 115, 121, 124, 125, 129, 131, 134, 136, 137, 139, 141, 149, 152, 154, 155, 158, 160, 161, 162, 163, 164, 165, 166, 167, 168, 169, 170, 171, 176, 177, 178, 180, 181, 183, 184, 185, 187, 188, 189, 191, 192, 193, 195, 196, 199, 200, 202, 203, 204, 205, 206, 207, 208, 210, 211, 213, 214, 217, 221, 222, 223, 224, 225, 226, 228, 229, 230, 231, 232, 235, 237, 238, 240, 241, 242, 246]!Vessel: FarStar
] 

Rvi : [
!i : 1, 2, 3, 4, 5, 6, 7, 8
[161, 162, 163, 168, 171, 180, 181, 183, 184, 192, 195, 206, 210, 215, 216, 217, 218, 224, 227, 228, 229, 231, 233, 234, 236, 237, 238, 241, 242, 243, 244, 246, 247, 248, 249], [161, 162, 163, 164, 165, 166, 168, 171, 183, 184, 187, 202, 203, 207, 210, 215, 216, 217, 218, 219, 220, 221, 224, 225, 227, 229, 231, 236, 237, 239, 241, 243, 244, 245, 246, 247, 249], [161, 162, 163, 164, 165, 166, 180, 181, 187, 188, 192, 199, 200, 206, 207, 210, 215, 216, 217, 218, 219, 220, 221, 227, 228, 231, 233, 234, 239, 240, 241, 242, 243, 244, 245, 246, 247, 248], [162, 164, 165, 168, 180, 181, 183, 184, 187, 188, 192, 195, 199, 200, 202, 203, 216, 218, 219, 220, 225, 227, 228, 229, 231, 233, 234, 236, 237, 238, 239, 240, 244, 245, 246, 247, 248, 249], [161, 164, 166, 168, 171, 192, 195, 199, 200, 202, 203, 206, 207, 215, 216, 219, 221, 224, 225, 231, 233, 234, 236, 237, 238, 239, 240, 241, 242, 243, 245, 246, 247, 248, 249], [161, 162, 163, 164, 165, 166, 168, 171, 180, 181, 183, 184, 187, 188, 192, 195, 199, 200, 202, 203, 206, 207, 210, 215, 216, 217, 218, 219, 220, 221, 224, 225, 227, 228, 229, 233, 234, 236, 237, 238, 239, 240, 241, 242, 243, 244, 245, 247, 248, 249], [163, 165, 166, 171, 180, 183, 188, 195, 199, 202, 206, 215, 217, 218, 219, 220, 221, 224, 225, 228, 229, 231, 233, 236, 238, 240, 242, 243, 244, 245, 246, 248, 249], [181, 184, 187, 188, 200, 203, 207, 210, 217, 220, 221, 224, 225, 227, 228, 229, 234, 237, 238, 239, 240, 241, 242, 243, 244, 245, 246, 247, 248, 249]!Vessel: FarSeeker
[161, 162, 163, 168, 171, 180, 181, 183, 184, 192, 195, 206, 210, 215, 216, 217, 218, 224, 227, 228, 229, 231, 233, 234, 236, 237, 238, 241, 242, 243, 244, 246, 247, 248, 249], [161, 162, 163, 164, 165, 166, 168, 171, 183, 184, 187, 202, 203, 207, 210, 215, 216, 217, 218, 219, 220, 221, 224, 225, 227, 229, 231, 236, 237, 239, 241, 243, 244, 245, 246, 247, 249], [161, 162, 163, 164, 165, 166, 180, 181, 187, 188, 192, 199, 200, 206, 207, 210, 215, 216, 217, 218, 219, 220, 221, 227, 228, 231, 233, 234, 239, 240, 241, 242, 243, 244, 245, 246, 247, 248], [162, 164, 165, 168, 180, 181, 183, 184, 187, 188, 192, 195, 199, 200, 202, 203, 216, 218, 219, 220, 225, 227, 228, 229, 231, 233, 234, 236, 237, 238, 239, 240, 244, 245, 246, 247, 248, 249], [161, 164, 166, 168, 171, 192, 195, 199, 200, 202, 203, 206, 207, 215, 216, 219, 221, 224, 225, 231, 233, 234, 236, 237, 238, 239, 240, 241, 242, 243, 245, 246, 247, 248, 249], [161, 162, 163, 164, 165, 166, 168, 171, 180, 181, 183, 184, 187, 188, 192, 195, 199, 200, 202, 203, 206, 207, 210, 215, 216, 217, 218, 219, 220, 221, 224, 225, 227, 228, 229, 233, 234, 236, 237, 238, 239, 240, 241, 242, 243, 244, 245, 247, 248, 249], [163, 165, 166, 171, 180, 183, 188, 195, 199, 202, 206, 215, 217, 218, 219, 220, 221, 224, 225, 228, 229, 231, 233, 236, 238, 240, 242, 243, 244, 245, 246, 248, 249], [181, 184, 187, 188, 200, 203, 207, 210, 217, 220, 221, 224, 225, 227, 228, 229, 234, 237, 238, 239, 240, 241, 242, 243, 244, 245, 246, 247, 248, 249]!Vessel: FarSearcher
[100, 106, 121, 124, 125, 131, 141, 154, 160, 161, 162, 163, 168, 171, 178, 180, 181, 183, 184, 185, 191, 192, 195, 196, 205, 206, 210, 211, 213, 214, 215, 217, 222, 224, 226, 227, 228, 229, 230, 231, 232, 233, 234, 235, 236, 237, 238, 241, 242, 246], [100, 102, 103, 104, 106, 107, 114, 124, 160, 161, 162, 163, 164, 165, 166, 167, 168, 170, 171, 176, 177, 178, 183, 184, 187, 191, 202, 203, 207, 210, 211, 215, 217, 220, 221, 222, 223, 224, 225, 226, 227, 229, 230, 231, 232, 236, 237, 239, 241, 246], [100, 102, 103, 104, 121, 129, 134, 141, 152, 154, 161, 162, 163, 164, 165, 166, 167, 170, 178, 180, 181, 187, 188, 191, 192, 199, 200, 205, 206, 207, 208, 210, 213, 215, 217, 220, 221, 222, 223, 226, 227, 228, 231, 232, 233, 234, 235, 239, 240, 241, 242, 246], [102, 107, 114, 121, 124, 125, 129, 131, 134, 136, 162, 164, 165, 168, 170, 176, 178, 180, 181, 183, 184, 185, 187, 188, 191, 192, 195, 196, 199, 200, 202, 203, 204, 220, 223, 225, 226, 227, 228, 229, 230, 231, 232, 233, 234, 235, 236, 237, 238, 239, 240, 246], [103, 106, 107, 131, 134, 136, 141, 152, 161, 164, 166, 168, 170, 171, 177, 191, 192, 195, 196, 199, 200, 202, 203, 204, 205, 206, 207, 208, 211, 214, 215, 221, 222, 223, 224, 225, 230, 231, 232, 233, 234, 235, 236, 237, 238, 239, 240, 241, 242, 246], [100, 102, 103, 104, 106, 107, 114, 121, 124, 125, 129, 131, 134, 136, 141, 152, 154, 160, 161, 162, 163, 164, 165, 166, 167, 168, 171, 176, 177, 180, 181, 183, 184, 185, 187, 188, 192, 195, 196, 199, 200, 202, 203, 204, 205, 206, 207, 208, 210, 211, 213, 214, 215, 217, 220, 221, 224, 225, 227, 228, 229, 233, 234, 236, 237, 238, 239, 240, 241, 242], [104, 114, 125, 129, 136, 152, 154, 160, 163, 165, 166, 167, 170, 171, 176, 177, 178, 180, 183, 185, 188, 195, 199, 202, 204, 206, 208, 213, 214, 215, 217, 220, 221, 222, 223, 224, 225, 226, 228, 229, 230, 231, 233, 235, 236, 238, 240, 242, 246], [160, 167, 176, 177, 181, 184, 185, 187, 188, 196, 200, 203, 204, 205, 207, 208, 210, 211, 213, 214, 217, 220, 221, 222, 223, 224, 225, 226, 227, 228, 229, 230, 232, 234, 235, 237, 238, 239, 240, 241, 242, 246]!Vessel: FarSymphony
[121, 161, 162, 163, 168, 171, 180, 181, 183, 184, 185, 192, 195, 196, 205, 206, 210, 211, 213, 215, 216, 217, 218, 224, 226, 227, 228, 229, 231, 232, 233, 234, 236, 237, 238, 241, 242, 243, 244, 246, 248, 249], [102, 161, 162, 163, 164, 165, 166, 167, 168, 171, 176, 183, 184, 187, 202, 203, 207, 210, 211, 215, 216, 217, 218, 219, 220, 221, 223, 224, 225, 226, 227, 229, 231, 232, 236, 237, 239, 241, 243, 244, 245, 246, 249], [102, 121, 134, 161, 162, 163, 164, 165, 166, 167, 180, 181, 187, 188, 192, 199, 200, 205, 206, 207, 208, 210, 213, 215, 216, 217, 218, 219, 220, 221, 223, 226, 227, 228, 231, 232, 233, 234, 239, 240, 241, 242, 243, 244, 245, 246, 248], [102, 121, 134, 162, 164, 165, 168, 176, 180, 181, 183, 184, 185, 187, 188, 192, 195, 196, 199, 200, 202, 203, 204, 216, 218, 219, 220, 223, 225, 226, 227, 228, 229, 231, 232, 233, 234, 236, 237, 238, 239, 240, 244, 245, 246, 248, 249], [134, 161, 164, 166, 168, 171, 192, 195, 196, 199, 200, 202, 203, 204, 205, 206, 207, 208, 211, 215, 216, 219, 221, 223, 224, 225, 231, 232, 233, 234, 236, 237, 238, 239, 240, 241, 242, 243, 245, 246, 248, 249], [102, 121, 134, 161, 162, 163, 164, 165, 166, 167, 168, 171, 176, 180, 181, 183, 184, 185, 187, 188, 192, 195, 196, 199, 200, 202, 203, 204, 205, 206, 207, 208, 210, 211, 213, 215, 216, 217, 218, 219, 220, 221, 224, 225, 227, 228, 229, 233, 234, 236, 237, 238, 239, 240, 241, 242, 243, 244, 245, 248, 249], [163, 165, 166, 167, 171, 176, 180, 183, 185, 188, 195, 199, 202, 204, 206, 208, 213, 215, 217, 218, 219, 220, 221, 223, 224, 225, 226, 228, 229, 231, 233, 236, 238, 240, 242, 243, 244, 245, 246, 248, 249], [167, 176, 181, 184, 185, 187, 188, 196, 200, 203, 204, 205, 207, 208, 210, 211, 213, 217, 220, 221, 223, 224, 225, 226, 227, 228, 229, 232, 234, 237, 238, 239, 240, 241, 242, 243, 244, 245, 246, 248, 249]!Vessel: HavilaForesight
[94, 100, 106, 121, 124, 125, 131, 141, 154, 155, 160, 161, 162, 163, 168, 169, 171, 178, 180, 181, 183, 184, 185, 189, 191, 192, 193, 195, 196, 205, 206, 210, 211, 213, 214, 217, 222, 224, 226, 228, 229, 230, 231, 232, 235, 237, 238, 241, 242, 246], [94, 100, 102, 103, 104, 106, 107, 114, 115, 124, 139, 149, 160, 161, 162, 163, 164, 165, 166, 167, 168, 169, 170, 171, 176, 177, 178, 183, 184, 187, 189, 191, 202, 203, 207, 210, 211, 217, 221, 222, 223, 224, 225, 226, 229, 230, 231, 232, 237, 241, 246], [100, 102, 103, 104, 121, 129, 134, 141, 149, 152, 154, 158, 161, 162, 163, 164, 165, 166, 167, 169, 170, 178, 180, 181, 187, 188, 191, 192, 193, 199, 200, 205, 206, 207, 208, 210, 213, 217, 221, 222, 223, 226, 228, 231, 232, 235, 240, 241, 242, 246], [102, 107, 114, 121, 124, 125, 129, 131, 134, 136, 137, 139, 158, 162, 164, 165, 168, 170, 176, 178, 180, 181, 183, 184, 185, 187, 188, 189, 191, 192, 193, 195, 196, 199, 200, 202, 203, 204, 223, 225, 226, 228, 229, 230, 231, 232, 235, 237, 238, 240, 246], [103, 106, 107, 115, 131, 134, 136, 137, 141, 152, 155, 161, 164, 166, 168, 169, 170, 171, 177, 189, 191, 192, 193, 195, 196, 199, 200, 202, 203, 204, 205, 206, 207, 208, 211, 214, 221, 222, 223, 224, 225, 230, 231, 232, 235, 237, 238, 240, 241, 242, 246], [94, 100, 102, 103, 104, 106, 107, 114, 115, 121, 124, 125, 129, 131, 134, 136, 137, 139, 141, 149, 152, 154, 155, 158, 160, 161, 162, 163, 164, 165, 166, 167, 168, 171, 176, 177, 180, 181, 183, 184, 185, 187, 188, 192, 195, 196, 199, 200, 202, 203, 204, 205, 206, 207, 208, 210, 211, 213, 214, 217, 221, 224, 225, 228, 229, 237, 238, 240, 241, 242], [94, 104, 114, 115, 125, 129, 136, 152, 154, 155, 160, 163, 165, 166, 167, 169, 170, 171, 176, 177, 178, 180, 183, 185, 188, 189, 193, 195, 199, 202, 204, 206, 208, 213, 214, 217, 221, 222, 223, 224, 225, 226, 228, 229, 230, 231, 235, 238, 240, 242, 246], [137, 139, 149, 158, 160, 167, 176, 177, 181, 184, 185, 187, 188, 196, 200, 203, 204, 205, 207, 208, 210, 211, 213, 214, 217, 221, 222, 223, 224, 225, 226, 228, 229, 230, 232, 235, 237, 238, 240, 241, 242, 246]!Vessel: FarStar
] 

Rvl : [
!l : 2, 3
[163, 210, 217], [161, 162, 164, 165, 166, 168, 171, 180, 181, 183, 184, 187, 188, 192, 195, 199, 200, 202, 203, 206, 207, 215, 216, 218, 219, 220, 221, 224, 225, 227, 228, 229, 231, 233, 234, 236, 237, 238, 239, 240, 241, 242, 243, 244, 245, 246, 247, 248, 249]!Vessel: FarSeeker
[163, 210, 217], [161, 162, 164, 165, 166, 168, 171, 180, 181, 183, 184, 187, 188, 192, 195, 199, 200, 202, 203, 206, 207, 215, 216, 218, 219, 220, 221, 224, 225, 227, 228, 229, 231, 233, 234, 236, 237, 238, 239, 240, 241, 242, 243, 244, 245, 246, 247, 248, 249]!Vessel: FarSearcher
[100, 103, 104, 106, 141, 152, 154, 160, 163, 167, 210, 213, 217], [102, 107, 114, 121, 124, 125, 129, 131, 134, 136, 161, 162, 164, 165, 166, 168, 170, 171, 176, 177, 178, 180, 181, 183, 184, 185, 187, 188, 191, 192, 195, 196, 199, 200, 202, 203, 204, 205, 206, 207, 208, 211, 214, 215, 220, 221, 222, 223, 224, 225, 226, 227, 228, 229, 230, 231, 232, 233, 234, 235, 236, 237, 238, 239, 240, 241, 242, 246]!Vessel: FarSymphony
[163, 167, 210, 213, 217], [102, 121, 134, 161, 162, 164, 165, 166, 168, 171, 176, 180, 181, 183, 184, 185, 187, 188, 192, 195, 196, 199, 200, 202, 203, 204, 205, 206, 207, 208, 211, 215, 216, 218, 219, 220, 221, 223, 224, 225, 226, 227, 228, 229, 231, 232, 233, 234, 236, 237, 238, 239, 240, 241, 242, 243, 244, 245, 246, 248, 249]!Vessel: HavilaForesight
[94, 100, 103, 104, 106, 115, 141, 149, 152, 154, 155, 160, 163, 167, 210, 213, 217], [102, 107, 114, 121, 124, 125, 129, 131, 134, 136, 137, 139, 158, 161, 162, 164, 165, 166, 168, 169, 170, 171, 176, 177, 178, 180, 181, 183, 184, 185, 187, 188, 189, 191, 192, 193, 195, 196, 199, 200, 202, 203, 204, 205, 206, 207, 208, 211, 214, 221, 222, 223, 224, 225, 226, 228, 229, 230, 231, 232, 235, 237, 238, 240, 241, 242, 246]!Vessel: FarStar
] 

minF : 2
maxF : 6
Nf : [
!f : 2, 3, 4, 5, 6
[5, 6], [], [], [2, 3, 4, 7], [1, 8]
]

! Parameters
VoyageCost: [37970, 39085, 64838, 53931, 44429, 45544, 73722, 62814, 42817, 43726, 43120, 43120, 73722, 62814, 40394, 38879, 38273, 74837, 63929, 43932, 42418, 44235, 72716, 73019, 72413, 62111, 72110, 61202, 39691, 41509, 37570, 61505, 50186, 49580, 81296, 70389, 50392, 48877, 50695, 81599, 49277, 48574, 48877, 49580, 80181, 69274, 78872, 67965, 47968, 46453, 48271, 81599, 78569, 67662, 46150, 79478, 68571, 44029, 78872, 67965, 82714, 47568, 78569, 78872, 78169, 79987, 79987, 80896, 77867, 78169, 67662, 67965, 67262, 66959, 67262, 47968, 45544, 79684, 68777, 47265, 68777, 44841, 79478, 68571, 69080, 49083, 80290, 79684, 55337, 55337, 54731, 89174, 54028, 55034, 54428, 53725, 88059, 85332, 74425, 54428, 86750, 86144, 75237, 53725, 51604, 74122, 86447, 51301, 85938, 75031, 84629, 73722, 87356, 84326, 73419, 84629, 73722, 85332, 74425, 86750, 86144, 84629, 86447, 85029, 84326, 86144, 84629, 84023, 85441, 83320, 86447, 87356, 86750, 87562, 86047, 85744, 87562, 86047, 83720, 83017, 75237, 75540, 73116, 72413, 72813, 72110, 75237, 55543, 53119, 76352, 52416, 74534, 73722, 53725, 73419, 73722, 87865, 87259, 60487, 60184, 81696, 92604, 60184, 94022, 91901, 80993, 58876, 92907, 80181, 92507, 79878, 80181, 92507, 89780, 78872, 89477, 78569, 91089, 90483, 91901, 93719, 89780, 90786, 90180, 89477, 91089, 91295, 90592, 93816, 93210, 93210, 94022, 92507, 94325, 92204, 94022, 92507, 91901, 93319, 95137, 91198, 92204, 91598, 90895, 82811, 80993, 80387, 79684, 79575, 59578, 79272, 78872, 58876, 78569, 87453, 100481, 65335, 98360, 99778, 97051, 86144, 85332, 97657, 85029, 97354, 96239, 97754, 97051, 95936, 98966, 98966, 98360, 99778, 101596, 97657, 98663, 98057, 97354, 99172, 98469, 86847, 86144, 92604, 103511, 104929, 104117, 105632, 104929, 103814]
VoyageDuration: [2, 2, 2, 2, 2, 2, 2, 2, 2, 2, 2, 2, 2, 2, 2, 2, 2, 2, 2, 2, 2, 2, 2, 2, 2, 2, 2, 2, 2, 2, 2, 2, 2, 2, 3, 2, 2, 2, 2, 3, 2, 2, 2, 2, 2, 2, 2, 2, 2, 2, 2, 3, 2, 2, 2, 2, 2, 2, 2, 2, 3, 2, 2, 2, 2, 2, 2, 2, 2, 2, 2, 2, 2, 2, 2, 2, 2, 2, 2, 2, 2, 2, 2, 2, 2, 2, 2, 2, 2, 2, 2, 3, 2, 2, 2, 2, 3, 3, 2, 2, 3, 3, 2, 2, 2, 2, 3, 2, 3, 2, 3, 2, 3, 3, 2, 3, 2, 3, 2, 3, 3, 3, 3, 3, 3, 3, 3, 3, 3, 3, 3, 3, 3, 3, 3, 3, 3, 3, 3, 3, 2, 2, 2, 2, 2, 2, 2, 2, 2, 2, 2, 2, 2, 2, 2, 2, 3, 3, 2, 2, 3, 3, 2, 3, 3, 3, 2, 3, 3, 3, 3, 3, 3, 3, 3, 3, 3, 3, 3, 3, 3, 3, 3, 3, 3, 3, 3, 3, 3, 3, 3, 3, 3, 3, 3, 3, 3, 3, 3, 3, 3, 3, 3, 3, 3, 3, 3, 3, 3, 2, 3, 3, 2, 3, 3, 3, 2, 3, 3, 3, 3, 3, 3, 3, 3, 3, 3, 3, 3, 3, 3, 3, 3, 3, 3, 3, 3, 3, 3, 3, 3, 3, 3, 3, 3, 3, 3, 3, 3]
TimeCharterCost: [120000, 125000, 130000, 110000, 104000]
RequiredVisits: [6, 5, 5, 5, 2, 2, 5, 6]
NumberOfDaysAvailable: [7, 7, 7, 7, 7]
DepotCapacity: [3, 3, 3, 3, 3, 3, 0]
